0 0.161502 0.156944 0.005295 0.028704
0 0.162717 0.156944 0.005295 0.028704
0 0.164149 0.157407 0.005382 0.028704
0 0.165408 0.157407 0.005295 0.028704
0 0.166840 0.157870 0.005382 0.028704
0 0.168186 0.157870 0.005642 0.028704
0 0.169531 0.158256 0.005382 0.028549
0 0.170877 0.158256 0.005642 0.028549
0 0.172222 0.158719 0.005382 0.028549
0 0.173568 0.158719 0.005642 0.028549
0 0.175043 0.159105 0.005642 0.028704
0 0.175521 0.159105 0.005556 0.028704
0 0.175998 0.159336 0.005642 0.028241
0 0.176519 0.159336 0.005642 0.028241
0 0.177127 0.159799 0.005816 0.028241
0 0.177604 0.159799 0.005903 0.028241
0 0.178082 0.160031 0.005816 0.027778
0 0.178733 0.160262 0.006076 0.028241
0 0.179167 0.160494 0.006076 0.027778
0 0.179688 0.160494 0.006076 0.027778
0 0.180382 0.160802 0.006076 0.027778
0 0.180382 0.160802 0.006076 0.027778
0 0.180382 0.160802 0.006076 0.027778
0 0.180382 0.161265 0.006076 0.027778
0 0.180642 0.161265 0.006076 0.027778
0 0.180642 0.161728 0.006076 0.027778
0 0.180642 0.161728 0.006076 0.027778
0 0.180903 0.161728 0.006076 0.027778
0 0.180903 0.162191 0.006076 0.027778
0 0.180903 0.162191 0.006076 0.027778
0 0.181163 0.162654 0.006076 0.027778
0 0.181163 0.162654 0.006076 0.027778
0 0.181163 0.162654 0.006076 0.027778
0 0.181163 0.162654 0.006076 0.027778
0 0.181380 0.162654 0.006163 0.027778
0 0.181380 0.162654 0.006163 0.027778
0 0.181380 0.162654 0.006163 0.027778
0 0.181641 0.162654 0.006163 0.027778
0 0.181641 0.162654 0.006163 0.027778
0 0.181641 0.162654 0.006163 0.027778
0 0.181858 0.162654 0.006076 0.027778
0 0.181858 0.162654 0.006076 0.027778
0 0.181858 0.162654 0.006076 0.027778
0 0.181858 0.162654 0.006076 0.027778
0 0.181858 0.162654 0.006076 0.027778
0 0.181858 0.162654 0.006076 0.027778
0 0.181858 0.162654 0.006076 0.027778
0 0.181858 0.162654 0.006076 0.027778
0 0.181858 0.162654 0.006076 0.027778
0 0.181858 0.162654 0.006076 0.027778
0 0.181858 0.162654 0.006076 0.027778
0 0.181858 0.162654 0.006076 0.027778
0 0.181858 0.162654 0.006076 0.027778
0 0.181858 0.162654 0.006076 0.027778
0 0.181858 0.162654 0.006076 0.027778
0 0.181858 0.162654 0.006076 0.027778
0 0.181858 0.162654 0.006076 0.027778
0 0.181858 0.162654 0.006076 0.027778
0 0.181858 0.162654 0.006076 0.027778
0 0.181858 0.162654 0.006076 0.027778
0 0.181858 0.162654 0.006076 0.027778
0 0.181641 0.162654 0.006163 0.027778
0 0.181641 0.162654 0.006163 0.027778
0 0.181380 0.162654 0.006163 0.027778
0 0.181380 0.162654 0.006163 0.027778
0 0.181163 0.162654 0.006076 0.027778
0 0.181163 0.162654 0.006076 0.027778
0 0.180903 0.162654 0.006076 0.027778
0 0.180903 0.162654 0.006076 0.027778
0 0.180642 0.162654 0.006076 0.027778
0 0.180642 0.162654 0.006076 0.027778
0 0.180382 0.162654 0.006076 0.027778
0 0.180382 0.163040 0.006076 0.027623
0 0.180382 0.163426 0.006076 0.027778
0 0.180382 0.163889 0.006076 0.027778
0 0.180382 0.164352 0.006076 0.027778
0 0.180165 0.164815 0.006163 0.027778
0 0.180165 0.165201 0.006163 0.027623
0 0.180165 0.165586 0.006163 0.027778
0 0.180165 0.166049 0.006163 0.027778
0 0.180165 0.166512 0.006163 0.027778
0 0.179948 0.166512 0.006076 0.027778
0 0.179688 0.166512 0.006076 0.027778
0 0.179427 0.166512 0.006076 0.027778
0 0.179427 0.166512 0.006076 0.027778
0 0.179167 0.166512 0.006076 0.027778
0 0.178950 0.166512 0.006163 0.027778
0 0.178950 0.166512 0.006163 0.027778
0 0.178733 0.166512 0.006076 0.027778
0 0.178472 0.166512 0.006076 0.027778
0 0.178472 0.166512 0.006076 0.027778
0 0.178082 0.166512 0.006337 0.027778
0 0.177691 0.166975 0.006597 0.027778
0 0.177387 0.167438 0.006858 0.027778
0 0.177257 0.167747 0.007118 0.027778
0 0.176866 0.168210 0.007378 0.027778
0 0.176519 0.168441 0.007552 0.027315
0 0.176389 0.168904 0.007812 0.027315
0 0.175998 0.169367 0.008073 0.027315
0 0.175651 0.169830 0.008247 0.027315
0 0.175521 0.170139 0.008507 0.027315
0 0.175043 0.170139 0.008594 0.027315
0 0.174783 0.170602 0.008594 0.027315
0 0.174566 0.171065 0.008507 0.027315
0 0.174306 0.171296 0.008507 0.027778
0 0.174045 0.171759 0.008507 0.027778
0 0.173828 0.171991 0.008594 0.027315
0 0.173568 0.172145 0.008594 0.027623
0 0.173351 0.172531 0.008507 0.027778
0 0.173090 0.172994 0.008507 0.027778
0 0.172830 0.173457 0.008507 0.027778
0 0.172135 0.173457 0.008507 0.027778
0 0.171615 0.173920 0.008507 0.027778
0 0.171137 0.174383 0.008594 0.027778
0 0.170660 0.174691 0.008507 0.027778
0 0.170139 0.175154 0.008507 0.027778
0 0.169661 0.175154 0.008594 0.027778
0 0.169184 0.175617 0.008507 0.027778
0 0.168707 0.176080 0.008594 0.027778
0 0.168229 0.176543 0.008507 0.027778
0 0.167708 0.176852 0.008507 0.027778
0 0.167231 0.176852 0.008594 0.027778
0 0.166753 0.177315 0.008507 0.027778
0 0.166363 0.177315 0.008247 0.027778
0 0.166016 0.177778 0.008594 0.027778
0 0.165625 0.177778 0.008333 0.027778
0 0.165148 0.178241 0.008247 0.027778
0 0.164800 0.178241 0.008594 0.027778
0 0.164410 0.178704 0.008333 0.027778
0 0.163932 0.178704 0.008247 0.027778
0 0.163715 0.179090 0.008333 0.027623
0 0.163108 0.179475 0.008507 0.027778
0 0.162717 0.179938 0.008767 0.027778
0 0.162109 0.180864 0.009115 0.027778
0 0.161762 0.181327 0.009288 0.027778
0 0.161241 0.182099 0.009809 0.027778
0 0.160764 0.182562 0.009722 0.027778
0 0.160243 0.183025 0.010243 0.027778
0 0.159809 0.183796 0.010243 0.027778
0 0.159288 0.184259 0.010764 0.027778
0 0.158941 0.185185 0.010937 0.027778
0 0.158333 0.185648 0.010764 0.027778
0 0.157682 0.186034 0.010503 0.027623
0 0.157118 0.186420 0.010243 0.027778
0 0.156467 0.186883 0.009983 0.027778
0 0.155903 0.187346 0.009722 0.027778
0 0.155295 0.187809 0.009549 0.027778
0 0.154644 0.188194 0.009288 0.027623
0 0.154080 0.188580 0.009028 0.027778
0 0.153429 0.189043 0.008767 0.027778
0 0.152951 0.189506 0.008333 0.027778
0 0.152344 0.189969 0.008507 0.027778
0 0.151736 0.190432 0.008854 0.027778
0 0.151259 0.190741 0.008767 0.027778
0 0.150738 0.191204 0.009288 0.027778
0 0.150304 0.192130 0.009288 0.027778
0 0.149653 0.192593 0.009549 0.027778
0 0.149175 0.192901 0.009983 0.027778
0 0.148698 0.193364 0.010069 0.027778
0 0.148090 0.193827 0.010243 0.027778
0 0.147700 0.194753 0.010503 0.027778
0 0.146745 0.195139 0.010503 0.027623
0 0.146007 0.195525 0.010417 0.027778
0 0.145139 0.195988 0.010764 0.027778
0 0.144444 0.196451 0.010764 0.027778
0 0.143663 0.197145 0.010764 0.027315
0 0.142708 0.197531 0.010764 0.027469
0 0.141970 0.197917 0.010677 0.027315
0 0.141102 0.198380 0.011024 0.027315
0 0.140408 0.198843 0.011024 0.027315
0 0.139670 0.199691 0.010937 0.027469
0 0.139149 0.201466 0.010937 0.027315
0 0.138672 0.203627 0.011024 0.027315
0 0.138194 0.205556 0.010937 0.027778
0 0.137717 0.207485 0.011024 0.027315
0 0.137240 0.209645 0.010937 0.027315
0 0.136719 0.211574 0.010937 0.027778
0 0.136241 0.213580 0.011024 0.027469
0 0.135764 0.215586 0.010937 0.027778
0 0.135286 0.217747 0.011024 0.027778
0 0.134766 0.219907 0.011024 0.027778
