0 0.172352 0.188194 0.005642 0.018981
0 0.172092 0.188426 0.005642 0.019444
0 0.172092 0.188657 0.005642 0.019907
0 0.172092 0.188889 0.005642 0.020370
0 0.172092 0.189120 0.005642 0.020833
0 0.172092 0.189275 0.005642 0.021142
0 0.171962 0.189506 0.005382 0.021605
0 0.171962 0.189738 0.005382 0.022068
0 0.171962 0.189969 0.005382 0.022531
0 0.171962 0.190201 0.005382 0.022994
0 0.171962 0.190586 0.005382 0.023765
0 0.171745 0.190972 0.005295 0.023920
0 0.171745 0.191435 0.005295 0.023920
0 0.171528 0.191898 0.005382 0.023920
0 0.171528 0.192747 0.005382 0.023765
0 0.171528 0.193210 0.005382 0.023765
0 0.171267 0.193596 0.005382 0.023920
0 0.171267 0.194522 0.005382 0.023920
0 0.171007 0.194907 0.005382 0.023765
0 0.171007 0.195370 0.005382 0.023765
0 0.171007 0.196219 0.005382 0.023920
0 0.170747 0.196219 0.005382 0.023920
0 0.170530 0.196682 0.005295 0.023920
0 0.170313 0.196682 0.005382 0.023920
0 0.170052 0.197068 0.005382 0.023765
0 0.169792 0.197299 0.005382 0.023302
0 0.169531 0.197531 0.005382 0.023765
0 0.169314 0.197685 0.005295 0.023457
0 0.169097 0.197917 0.005382 0.023920
0 0.168837 0.198148 0.005382 0.023457
0 0.168576 0.198611 0.005382 0.023457
0 0.168316 0.198611 0.005382 0.023457
0 0.168316 0.199074 0.005382 0.023457
0 0.168316 0.199537 0.005382 0.023457
0 0.168316 0.199923 0.005382 0.023302
0 0.168316 0.200309 0.005382 0.023457
0 0.168056 0.200540 0.005382 0.022994
0 0.168056 0.201003 0.005382 0.022994
0 0.168056 0.201466 0.005382 0.022994
0 0.168056 0.201929 0.005382 0.022994
0 0.168056 0.202238 0.005382 0.022994
0 0.167839 0.202701 0.005295 0.022994
0 0.167839 0.203164 0.005295 0.022994
0 0.167839 0.203858 0.005295 0.023457
0 0.167708 0.204398 0.005556 0.022994
0 0.167708 0.205093 0.005556 0.023457
0 0.167622 0.205556 0.005382 0.023457
0 0.167491 0.206250 0.005642 0.022994
0 0.167491 0.206867 0.005642 0.023302
0 0.167491 0.207253 0.005642 0.023457
0 0.167491 0.208179 0.005642 0.023457
0 0.167231 0.208642 0.005642 0.023457
0 0.167231 0.209028 0.005642 0.023302
0 0.166970 0.209414 0.005642 0.023457
0 0.166970 0.210108 0.005642 0.022994
0 0.166970 0.210802 0.005642 0.023457
0 0.166753 0.211188 0.005556 0.023302
0 0.166753 0.211806 0.005556 0.022994
0 0.166493 0.212269 0.005556 0.022994
0 0.166493 0.212731 0.005556 0.022994
0 0.166493 0.213503 0.005556 0.022994
0 0.166276 0.213966 0.005642 0.022994
0 0.166276 0.214429 0.005642 0.022994
0 0.166276 0.214892 0.005642 0.022994
0 0.166276 0.215586 0.005642 0.023457
0 0.166276 0.216127 0.005642 0.022994
0 0.166276 0.216590 0.005642 0.022994
0 0.166276 0.217284 0.005642 0.023457
0 0.166276 0.217747 0.005642 0.023457
0 0.166276 0.218133 0.005642 0.023302
0 0.166276 0.218981 0.005642 0.023457
0 0.166016 0.219444 0.005642 0.023457
0 0.166016 0.220293 0.005642 0.023302
0 0.165755 0.221142 0.005642 0.023457
0 0.165755 0.222068 0.005642 0.023457
0 0.165538 0.222917 0.005556 0.023302
0 0.165538 0.223765 0.005556 0.023457
0 0.165278 0.224691 0.005556 0.023457
0 0.165278 0.225463 0.005556 0.023457
0 0.165061 0.226389 0.005642 0.023457
0 0.165061 0.227238 0.005642 0.023302
0 0.164800 0.227623 0.005642 0.023457
0 0.164800 0.228549 0.005642 0.023457
0 0.164800 0.229012 0.005642 0.023457
0 0.164800 0.229784 0.005642 0.023457
0 0.164800 0.230710 0.005642 0.023457
0 0.164800 0.231173 0.005642 0.023457
0 0.164800 0.232022 0.005642 0.023302
0 0.164800 0.232407 0.005642 0.023457
0 0.164800 0.233333 0.005642 0.023457
0 0.164800 0.234182 0.005642 0.023302
0 0.164540 0.235031 0.005642 0.023457
0 0.164540 0.236343 0.005642 0.023302
0 0.164540 0.237191 0.005642 0.023457
0 0.164540 0.238580 0.005642 0.023457
0 0.164540 0.239352 0.005642 0.023457
0 0.164540 0.240741 0.005642 0.023457
0 0.164540 0.241512 0.005642 0.023457
0 0.164540 0.242901 0.005642 0.023457
0 0.164540 0.243673 0.005642 0.023457
0 0.164540 0.245062 0.005642 0.023457
0 0.164800 0.246296 0.005642 0.023457
0 0.165061 0.247685 0.005642 0.023457
0 0.165278 0.248920 0.005556 0.023457
0 0.165538 0.250231 0.005556 0.023302
0 0.165755 0.251543 0.005642 0.023457
0 0.166016 0.252778 0.005642 0.023457
0 0.166276 0.254167 0.005642 0.023457
0 0.166493 0.255401 0.005556 0.023457
0 0.166753 0.256790 0.005556 0.023457
0 0.167231 0.258488 0.005642 0.023457
0 0.167231 0.259336 0.005642 0.023302
0 0.167231 0.260648 0.005642 0.023457
0 0.167231 0.261960 0.005642 0.023302
0 0.167231 0.263272 0.005642 0.023457
0 0.167231 0.264506 0.005642 0.023457
0 0.167231 0.265895 0.005642 0.023457
0 0.167231 0.267130 0.005642 0.023457
0 0.167231 0.268441 0.005642 0.023302
0 0.167231 0.269753 0.005642 0.023457
0 0.167491 0.271065 0.005642 0.023302
0 0.167578 0.271914 0.005816 0.023457
0 0.167839 0.273225 0.006337 0.023302
0 0.168099 0.274306 0.006858 0.022994
0 0.168316 0.275540 0.007292 0.022994
0 0.168576 0.276929 0.007812 0.022994
0 0.168837 0.277855 0.008333 0.022994
0 0.169054 0.279090 0.008767 0.022994
0 0.169314 0.280170 0.009288 0.022685
0 0.169531 0.281481 0.009722 0.022531
0 0.169922 0.282716 0.009983 0.022531
0 0.170182 0.284568 0.009983 0.022531
0 0.170530 0.286265 0.010330 0.022531
0 0.170747 0.287963 0.010243 0.022531
0 0.171267 0.289660 0.010243 0.022531
0 0.171528 0.291590 0.010243 0.022994
0 0.171875 0.293441 0.010417 0.022994
0 0.172222 0.295139 0.010243 0.022994
0 0.172613 0.296836 0.010503 0.022994
0 0.172873 0.298534 0.010503 0.022994
0 0.173307 0.300617 0.010503 0.023457
0 0.173307 0.301620 0.010503 0.022994
0 0.173568 0.303009 0.010503 0.022994
0 0.173828 0.304244 0.010503 0.022994
0 0.174089 0.305478 0.010503 0.022994
0 0.174306 0.306867 0.010417 0.022994
0 0.174306 0.308102 0.010417 0.022994
0 0.174523 0.309491 0.010503 0.022994
0 0.174783 0.310725 0.010503 0.022994
0 0.175043 0.312114 0.010503 0.022994
0 0.175304 0.313349 0.010503 0.022994
0 0.175564 0.314198 0.010503 0.022222
0 0.175738 0.315123 0.010503 0.021296
0 0.175998 0.315895 0.010503 0.020370
0 0.176259 0.316821 0.010503 0.019444
0 0.176519 0.317901 0.010503 0.019136
0 0.176780 0.318827 0.010503 0.018210
0 0.176997 0.319676 0.010417 0.017438
0 0.177214 0.320525 0.010503 0.016358
0 0.177474 0.321373 0.010503 0.015586
0 0.177734 0.322685 0.010503 0.014815
0 0.177734 0.322685 0.010503 0.014815
0 0.177734 0.322685 0.010503 0.014815
0 0.177734 0.322685 0.010503 0.014815
0 0.177734 0.322685 0.010503 0.014815
0 0.177734 0.322685 0.010503 0.014815
0 0.177734 0.322685 0.010503 0.014815
0 0.177734 0.322685 0.010503 0.014815
0 0.177734 0.322685 0.010503 0.014815
0 0.177734 0.322685 0.010503 0.014815
0 0.177734 0.322685 0.010503 0.014815
0 0.177734 0.322685 0.010503 0.014815
0 0.177734 0.322685 0.010503 0.014815
0 0.177734 0.322685 0.010503 0.014815
0 0.177734 0.322685 0.010503 0.014815
0 0.177734 0.322685 0.010503 0.014815
0 0.177734 0.322685 0.010503 0.014815
0 0.177734 0.322685 0.010503 0.014815
0 0.177734 0.322685 0.010503 0.014815
0 0.177734 0.322685 0.010503 0.014815
0 0.177734 0.322685 0.010503 0.014815
