0 0.270486 0.096682 0.009028 0.021759
0 0.270226 0.096682 0.009028 0.021759
0 0.270226 0.096682 0.009028 0.021759
0 0.270226 0.096682 0.009028 0.021759
0 0.270226 0.096682 0.009028 0.021759
0 0.270226 0.096682 0.009028 0.021759
0 0.270226 0.096682 0.009028 0.021759
0 0.270226 0.096682 0.009028 0.021759
0 0.270226 0.096682 0.009028 0.021759
0 0.270226 0.096682 0.009028 0.021759
0 0.270226 0.096682 0.009028 0.021759
0 0.270226 0.096219 0.009028 0.021759
0 0.270226 0.095756 0.009028 0.021759
0 0.270226 0.095370 0.009028 0.021605
0 0.270226 0.094907 0.009028 0.021605
0 0.270226 0.094522 0.009028 0.021759
0 0.270226 0.094059 0.009028 0.021759
0 0.270226 0.093596 0.009028 0.021759
0 0.270226 0.093210 0.009028 0.021605
0 0.270226 0.092747 0.009028 0.021605
0 0.270486 0.092361 0.009028 0.021759
0 0.270486 0.091435 0.009028 0.021759
0 0.270486 0.090586 0.009028 0.021605
0 0.270486 0.089738 0.009028 0.021759
0 0.270486 0.088889 0.009028 0.021605
0 0.270486 0.088194 0.009028 0.021142
0 0.270486 0.087346 0.009028 0.021296
0 0.270486 0.086420 0.009028 0.021296
0 0.270486 0.085648 0.009028 0.021296
0 0.270486 0.084722 0.009028 0.021296
0 0.270486 0.084259 0.009028 0.021296
0 0.270486 0.082562 0.009028 0.021296
0 0.270660 0.080864 0.009028 0.021296
0 0.270660 0.079475 0.009028 0.021296
0 0.270920 0.077778 0.009028 0.021296
0 0.270920 0.076543 0.009028 0.021296
0 0.271181 0.074769 0.009028 0.021142
0 0.271181 0.072994 0.009028 0.021296
0 0.271441 0.071759 0.009028 0.021296
0 0.271441 0.069985 0.009028 0.021142
0 0.271701 0.068673 0.009028 0.021296
0 0.271441 0.066975 0.009028 0.021296
0 0.271181 0.065664 0.009028 0.021142
0 0.271181 0.063889 0.009028 0.021296
0 0.270920 0.062654 0.009028 0.021296
0 0.270920 0.061265 0.009028 0.021296
0 0.270660 0.059568 0.009028 0.021296
0 0.270486 0.058256 0.009028 0.021142
0 0.270486 0.056481 0.009028 0.021296
0 0.270226 0.055247 0.009028 0.021296
0 0.270226 0.053935 0.009028 0.021142
0 0.270226 0.051775 0.009028 0.021142
0 0.270226 0.050000 0.009028 0.021296
0 0.270226 0.047840 0.009028 0.021296
0 0.270226 0.046142 0.009028 0.021296
0 0.270226 0.043981 0.009028 0.021296
0 0.270226 0.042207 0.009028 0.021142
0 0.270226 0.040046 0.009028 0.021142
0 0.270226 0.038272 0.009028 0.021296
0 0.270226 0.036111 0.009028 0.021296
0 0.270226 0.034414 0.009028 0.021296
0 0.270486 0.032253 0.009028 0.021296
0 0.270660 0.030093 0.009028 0.021296
0 0.271181 0.027932 0.009028 0.021296
