0 0.163715 0.135262 0.008333 0.027006
0 0.163455 0.134877 0.008333 0.026852
0 0.163194 0.134877 0.008333 0.026852
0 0.162977 0.134414 0.008247 0.026852
0 0.162977 0.134414 0.008247 0.026852
0 0.162717 0.133951 0.008247 0.026852
0 0.162500 0.133951 0.008333 0.026852
0 0.162500 0.133488 0.008333 0.026852
0 0.162240 0.133488 0.008333 0.026852
0 0.161979 0.133102 0.008333 0.027006
0 0.161979 0.133102 0.008333 0.027006
0 0.161719 0.132253 0.008333 0.026852
0 0.161502 0.131790 0.008247 0.026852
0 0.161241 0.131327 0.008247 0.026852
0 0.161241 0.130556 0.008247 0.026852
0 0.161024 0.130093 0.008333 0.026852
0 0.160764 0.129630 0.008333 0.026852
0 0.160764 0.128781 0.008333 0.027006
0 0.160503 0.128318 0.008333 0.027006
0 0.160286 0.127932 0.008247 0.026852
0 0.160286 0.127469 0.008247 0.026852
0 0.158594 0.127006 0.008333 0.026852
0 0.157118 0.126775 0.008333 0.026389
0 0.155642 0.126775 0.008333 0.026389
0 0.154036 0.126620 0.008073 0.026080
0 0.152561 0.126620 0.008073 0.026080
0 0.151128 0.126389 0.007986 0.025617
0 0.149566 0.126157 0.007812 0.025154
0 0.148090 0.126157 0.007812 0.025154
0 0.146615 0.125926 0.007812 0.024691
0 0.145139 0.125926 0.007812 0.024691
0 0.145139 0.125463 0.007812 0.024691
0 0.145139 0.125077 0.007812 0.024846
0 0.145139 0.124923 0.007812 0.025154
0 0.145399 0.124691 0.007812 0.024691
0 0.145399 0.124460 0.007812 0.025154
0 0.145399 0.123997 0.007812 0.025154
0 0.145660 0.123765 0.007812 0.024691
0 0.145660 0.123534 0.007812 0.025154
0 0.145660 0.123071 0.007812 0.025154
0 0.145920 0.123071 0.007812 0.025154
0 0.146484 0.122762 0.007552 0.025154
0 0.147222 0.122531 0.007639 0.024691
0 0.147960 0.122068 0.007552 0.024691
0 0.148655 0.121836 0.007552 0.024228
0 0.149436 0.121836 0.007552 0.024228
0 0.150130 0.121373 0.007552 0.024228
0 0.150911 0.121219 0.007552 0.023920
0 0.151606 0.120756 0.007552 0.023920
0 0.152344 0.120525 0.007639 0.023457
0 0.153082 0.120525 0.007552 0.023457
0 0.152821 0.120062 0.007552 0.023457
0 0.152821 0.119830 0.007552 0.023920
0 0.152821 0.119830 0.007552 0.023920
0 0.152691 0.119444 0.007292 0.023765
0 0.152691 0.119444 0.007292 0.023765
0 0.152561 0.119213 0.007552 0.024228
0 0.152474 0.118750 0.007378 0.024228
0 0.152474 0.118750 0.007378 0.024228
0 0.152474 0.118519 0.007378 0.024691
0 0.152474 0.118519 0.007378 0.024691
0 0.152691 0.118133 0.007292 0.024846
0 0.153212 0.117747 0.007292 0.024691
0 0.153472 0.117747 0.007292 0.024691
0 0.153906 0.117284 0.007292 0.024691
0 0.154167 0.117284 0.007292 0.024691
0 0.154687 0.116821 0.007292 0.024691
0 0.154905 0.116358 0.007378 0.024691
0 0.155382 0.116358 0.007292 0.024691
0 0.155642 0.115972 0.007292 0.024846
0 0.156120 0.115972 0.007378 0.024846
0 0.155165 0.115586 0.007378 0.024691
0 0.154427 0.115123 0.007292 0.024691
0 0.153689 0.115123 0.007378 0.024691
0 0.152691 0.114660 0.007292 0.024691
0 0.151997 0.114660 0.007292 0.024691
0 0.151259 0.114198 0.007378 0.024691
0 0.150260 0.113812 0.007292 0.024846
0 0.149566 0.113812 0.007292 0.024846
0 0.148785 0.113349 0.007292 0.024846
0 0.148090 0.113349 0.007292 0.024846
0 0.146875 0.112963 0.007292 0.024691
0 0.145877 0.112963 0.007378 0.024691
0 0.144661 0.112963 0.007378 0.024691
0 0.143663 0.112963 0.007292 0.024691
0 0.142708 0.112963 0.007292 0.024691
0 0.141493 0.112963 0.007292 0.024691
0 0.140538 0.112963 0.007292 0.024691
0 0.139280 0.112963 0.007378 0.024691
0 0.138325 0.112963 0.007378 0.024691
0 0.137326 0.112963 0.007292 0.024691
0 0.132726 0.113349 0.007292 0.024846
0 0.128082 0.114198 0.007378 0.024691
0 0.123698 0.115123 0.007292 0.024691
0 0.119010 0.115972 0.007292 0.024846
0 0.114670 0.116821 0.007292 0.024691
0 0.109983 0.117284 0.007292 0.024691
0 0.105382 0.118133 0.007292 0.024846
0 0.100955 0.118981 0.007292 0.024691
0 0.096354 0.119907 0.007292 0.024691
0 0.091927 0.120756 0.007292 0.024846
0 0.086111 0.122917 0.007292 0.024846
0 0.080469 0.125077 0.007292 0.024846
0 0.074783 0.127469 0.007552 0.024383
0 0.069010 0.129861 0.007292 0.024846
0 0.063281 0.132253 0.007639 0.024383
0 0.057682 0.134414 0.007552 0.024383
0 0.051780 0.136806 0.007552 0.024846
0 0.046224 0.139198 0.007552 0.024383
0 0.040451 0.141358 0.007812 0.024383
0 0.034852 0.143981 0.007726 0.024383
0 0.033290 0.144367 0.008073 0.024228
0 0.031814 0.145062 0.008073 0.024691
0 0.030469 0.145679 0.008333 0.024383
0 0.028993 0.146296 0.008333 0.024691
0 0.027648 0.146991 0.008594 0.024228
0 0.026085 0.147685 0.008767 0.024691
0 0.024609 0.148071 0.008767 0.024846
0 0.023264 0.148920 0.009028 0.024691
0 0.021788 0.149383 0.009028 0.024691
0 0.020443 0.150231 0.009288 0.024846
0 0.020312 0.150231 0.009549 0.024846
0 0.020312 0.150386 0.009549 0.025154
0 0.020226 0.150386 0.009722 0.025154
0 0.020226 0.150849 0.009722 0.025154
0 0.020095 0.151080 0.009983 0.025617
0 0.020095 0.151080 0.009983 0.025617
0 0.019965 0.151543 0.010243 0.025617
0 0.019965 0.151543 0.010243 0.025617
0 0.019835 0.151775 0.010503 0.026080
0 0.019965 0.152238 0.010764 0.026080
0 0.019965 0.152238 0.010764 0.026080
0 0.020226 0.152238 0.010764 0.026080
0 0.020443 0.152238 0.010677 0.026080
0 0.020703 0.152238 0.010677 0.026080
0 0.020920 0.152238 0.010764 0.026080
0 0.020920 0.152238 0.010764 0.026080
0 0.021181 0.152238 0.010764 0.026080
0 0.021441 0.152238 0.010764 0.026080
0 0.021701 0.152238 0.010764 0.026080
0 0.021918 0.152623 0.010677 0.025926
0 0.022135 0.152623 0.010764 0.025926
0 0.022396 0.152623 0.010764 0.025926
0 0.022917 0.152623 0.010764 0.025926
0 0.023134 0.152623 0.010677 0.025926
0 0.023611 0.152623 0.010764 0.025926
0 0.023872 0.152623 0.010764 0.025926
0 0.024132 0.152623 0.010764 0.025926
0 0.024609 0.152623 0.010677 0.025926
0 0.024826 0.152623 0.010764 0.025926
0 0.025347 0.153009 0.010764 0.026080
0 0.026693 0.152238 0.010503 0.026080
0 0.028168 0.151775 0.010503 0.026080
0 0.029514 0.151080 0.010243 0.025617
0 0.030946 0.150463 0.010330 0.025926
0 0.032378 0.150000 0.010243 0.025926
0 0.033724 0.149383 0.009983 0.025617
0 0.035200 0.148688 0.009983 0.026080
0 0.036545 0.148071 0.009722 0.025463
0 0.038021 0.147685 0.009722 0.025617
0 0.039497 0.147222 0.009722 0.025617
0 0.041059 0.146759 0.009549 0.025617
0 0.042665 0.146296 0.009288 0.025617
0 0.044401 0.145910 0.009288 0.025463
0 0.046050 0.145525 0.008767 0.025617
0 0.047786 0.145293 0.008767 0.025154
0 0.049392 0.144830 0.008507 0.025154
0 0.051085 0.144367 0.008073 0.025154
0 0.052778 0.143904 0.007986 0.025154
0 0.054340 0.143519 0.007812 0.025309
0 0.056207 0.143287 0.007552 0.024846
0 0.059852 0.141975 0.007552 0.024691
0 0.063759 0.141127 0.007552 0.024846
0 0.067535 0.139815 0.007292 0.024691
0 0.071311 0.138966 0.007552 0.024846
0 0.075217 0.138117 0.007552 0.024691
0 0.078993 0.136806 0.007292 0.024846
0 0.082899 0.135957 0.007292 0.024691
0 0.086675 0.135031 0.007552 0.024691
0 0.090495 0.133796 0.007378 0.024691
0 0.094401 0.132870 0.007378 0.024691
