0 0.016927 0.051157 0.011979 0.011265
0 0.016927 0.050694 0.011979 0.011265
0 0.017187 0.050231 0.011979 0.011265
0 0.017187 0.049769 0.011979 0.011265
0 0.017405 0.049769 0.011892 0.011265
0 0.017622 0.049383 0.011979 0.011420
0 0.017622 0.048997 0.011979 0.011265
0 0.017882 0.048997 0.011979 0.011265
0 0.017882 0.048534 0.011979 0.011265
0 0.018142 0.048071 0.011979 0.011265
0 0.018403 0.048071 0.011979 0.011265
0 0.018403 0.047145 0.011979 0.011265
0 0.018620 0.046836 0.011892 0.011265
0 0.018837 0.046373 0.011979 0.011265
0 0.018967 0.045910 0.012240 0.011265
0 0.019227 0.045448 0.012240 0.011265
0 0.019358 0.044985 0.011979 0.011265
0 0.019488 0.044676 0.012240 0.011265
0 0.019705 0.044213 0.012153 0.011265
0 0.019965 0.043750 0.012153 0.011265
0 0.020226 0.043287 0.012153 0.011265
0 0.020312 0.042824 0.011979 0.011265
0 0.020573 0.042670 0.011979 0.010957
0 0.020833 0.042207 0.011979 0.010957
0 0.020964 0.042207 0.011719 0.010957
0 0.021224 0.041821 0.011719 0.010802
0 0.021398 0.041590 0.011719 0.010340
0 0.021528 0.041358 0.011458 0.010802
0 0.021788 0.041127 0.011458 0.010340
0 0.022049 0.040664 0.011458 0.010340
0 0.022396 0.040664 0.011285 0.010340
0 0.022656 0.040278 0.011285 0.010494
0 0.022873 0.039815 0.011198 0.010494
0 0.023134 0.039815 0.011198 0.010494
0 0.023394 0.039429 0.011198 0.010340
0 0.023872 0.039429 0.011285 0.010340
0 0.024089 0.038966 0.011198 0.010340
0 0.024349 0.038503 0.011198 0.010340
0 0.024609 0.038503 0.011198 0.010340
0 0.024870 0.038117 0.011198 0.010494
0 0.025347 0.038117 0.011285 0.010494
0 0.025564 0.037654 0.011198 0.010494
0 0.025825 0.037654 0.011198 0.010494
0 0.026085 0.037269 0.011198 0.010340
0 0.026302 0.037269 0.011285 0.010340
0 0.026562 0.036806 0.011285 0.010340
0 0.026780 0.036806 0.011198 0.010340
0 0.027040 0.036343 0.011198 0.010340
0 0.027300 0.036343 0.011198 0.010340
0 0.027561 0.035957 0.011198 0.010494
0 0.027995 0.035957 0.011198 0.010494
0 0.028516 0.035494 0.011198 0.010494
0 0.028993 0.035494 0.011285 0.010494
0 0.029470 0.035031 0.011198 0.010494
0 0.029991 0.035031 0.011198 0.010494
0 0.030686 0.034645 0.011198 0.010340
0 0.031207 0.034645 0.011198 0.010340
0 0.031684 0.034182 0.011285 0.010340
0 0.032161 0.034182 0.011198 0.010340
0 0.032682 0.033796 0.011198 0.010494
0 0.033377 0.033796 0.011198 0.010494
0 0.033898 0.033796 0.011198 0.010494
0 0.034375 0.033796 0.011285 0.010494
0 0.034852 0.033951 0.011198 0.010802
0 0.035330 0.033951 0.011285 0.010802
0 0.036068 0.034414 0.011198 0.010802
0 0.036589 0.034414 0.011198 0.010802
0 0.037023 0.034414 0.011198 0.010802
0 0.037543 0.034645 0.011198 0.011265
0 0.038021 0.034645 0.011285 0.011265
0 0.038759 0.035108 0.011198 0.011265
0 0.039236 0.035108 0.011285 0.011265
0 0.039844 0.035108 0.011458 0.011265
0 0.040582 0.035108 0.011545 0.011265
0 0.041189 0.035108 0.011719 0.011265
0 0.041927 0.035108 0.011632 0.011265
0 0.042405 0.035108 0.011719 0.011265
0 0.043056 0.035108 0.011979 0.011265
0 0.043750 0.035108 0.011979 0.011265
0 0.044358 0.035108 0.012153 0.011265
0 0.045095 0.035108 0.012240 0.011265
0 0.045573 0.035108 0.012153 0.011265
0 0.046311 0.035108 0.012240 0.011265
0 0.047049 0.035108 0.012153 0.011265
0 0.047786 0.035108 0.012240 0.011265
0 0.048524 0.035108 0.012153 0.011265
0 0.049002 0.035108 0.012240 0.011265
0 0.049740 0.035108 0.012153 0.011265
0 0.050477 0.035108 0.012240 0.011265
0 0.051215 0.035108 0.012153 0.011265
0 0.051953 0.035494 0.012240 0.011420
0 0.052648 0.035880 0.012240 0.011265
0 0.053646 0.036806 0.012153 0.011265
0 0.054384 0.037269 0.012240 0.011265
0 0.055339 0.038040 0.012240 0.011265
0 0.056076 0.038503 0.012153 0.011265
0 0.057075 0.039429 0.012240 0.011265
0 0.057769 0.039892 0.012240 0.011265
0 0.058767 0.040664 0.012153 0.011265
0 0.059505 0.041127 0.012240 0.011265
0 0.060460 0.042052 0.012240 0.011265
0 0.061198 0.042438 0.012153 0.011420
0 0.061936 0.043287 0.012240 0.011265
0 0.062891 0.044213 0.012240 0.011265
0 0.063628 0.044985 0.012153 0.011265
0 0.064627 0.045910 0.012240 0.011265
0 0.065365 0.046373 0.012153 0.011265
0 0.066102 0.047145 0.012240 0.011265
0 0.067057 0.048071 0.012240 0.011265
0 0.067795 0.048997 0.012153 0.011265
0 0.068793 0.049769 0.012240 0.011265
0 0.069271 0.050694 0.012153 0.011265
0 0.069748 0.051543 0.012240 0.011420
0 0.070226 0.052855 0.012153 0.011265
0 0.070703 0.053781 0.012240 0.011265
0 0.071224 0.055015 0.012240 0.011265
0 0.071701 0.055941 0.012153 0.011265
0 0.072179 0.056713 0.012240 0.011265
0 0.072656 0.058102 0.012153 0.011265
0 0.073177 0.058873 0.012153 0.011265
0 0.073915 0.060262 0.012240 0.011265
0 0.074392 0.061034 0.012153 0.011265
0 0.074870 0.061960 0.012240 0.011265
0 0.075347 0.063194 0.012153 0.011265
0 0.075825 0.064120 0.012240 0.011265
0 0.076345 0.065432 0.012240 0.011420
0 0.076823 0.066281 0.012153 0.011265
0 0.077300 0.067207 0.012240 0.011265
0 0.077821 0.068441 0.012240 0.011265
0 0.078299 0.069367 0.012153 0.011265
0 0.079036 0.070602 0.012240 0.011265
0 0.079036 0.071528 0.012240 0.011265
0 0.079253 0.072762 0.012153 0.011265
0 0.079514 0.073688 0.012153 0.011265
0 0.079731 0.074923 0.012240 0.011265
0 0.079991 0.075849 0.012240 0.011265
0 0.080252 0.077083 0.012240 0.011265
0 0.080469 0.078009 0.012153 0.011265
0 0.080729 0.079244 0.012153 0.011265
0 0.080990 0.080170 0.012153 0.011265
0 0.081207 0.081481 0.012240 0.011420
0 0.081207 0.082330 0.012240 0.011265
0 0.081467 0.083719 0.012240 0.011265
0 0.081467 0.084491 0.012240 0.011265
0 0.081727 0.085880 0.012240 0.011265
0 0.081727 0.086651 0.012240 0.011265
0 0.081944 0.088040 0.012153 0.011265
0 0.081944 0.088812 0.012153 0.011265
0 0.082205 0.090201 0.012153 0.011265
0 0.082205 0.090972 0.012153 0.011265
0 0.082422 0.092361 0.012240 0.011265
0 0.082422 0.092824 0.012240 0.011265
0 0.082682 0.093596 0.012240 0.011265
0 0.082943 0.094522 0.012240 0.011265
0 0.083030 0.094985 0.012413 0.011265
0 0.083290 0.095756 0.012413 0.011265
0 0.083420 0.096682 0.012153 0.011265
0 0.083550 0.097145 0.012413 0.011265
0 0.083767 0.097917 0.012500 0.011265
0 0.084028 0.098843 0.012500 0.011265
0 0.084245 0.099769 0.012413 0.011265
0 0.084375 0.100077 0.012153 0.011265
0 0.084635 0.100540 0.012153 0.011265
0 0.084722 0.101003 0.011979 0.011265
0 0.084983 0.101466 0.011979 0.011265
0 0.085243 0.101929 0.011458 0.011265
0 0.085503 0.102238 0.011458 0.011265
0 0.085634 0.102701 0.011198 0.011265
0 0.085851 0.103164 0.011285 0.011265
0 0.085981 0.103627 0.011024 0.011265
0 0.086328 0.104475 0.010677 0.011420
0 0.086111 0.104475 0.010764 0.011420
0 0.085981 0.104861 0.010503 0.011265
0 0.085851 0.105324 0.010764 0.011265
0 0.085720 0.105787 0.010503 0.011265
0 0.085590 0.106250 0.010764 0.011265
0 0.085460 0.106636 0.010503 0.011420
0 0.085243 0.107022 0.010417 0.011265
0 0.085243 0.107485 0.010417 0.011265
0 0.085026 0.107948 0.010503 0.011265
0 0.085026 0.108410 0.010503 0.011265
