0 0.139410 0.027238 0.003125 0.011265
0 0.139410 0.027238 0.003125 0.011265
0 0.139410 0.027238 0.003125 0.011265
0 0.139410 0.027238 0.003125 0.011265
0 0.139410 0.027238 0.003125 0.011265
0 0.139410 0.027238 0.003125 0.011265
0 0.139410 0.027238 0.003125 0.011265
0 0.139410 0.027238 0.003125 0.011265
0 0.139410 0.027238 0.003125 0.011265
0 0.139410 0.027238 0.003125 0.011265
0 0.139410 0.027238 0.003125 0.011265
0 0.139410 0.027238 0.003125 0.011265
0 0.139410 0.027238 0.003125 0.011265
0 0.139410 0.027238 0.003125 0.011265
0 0.139410 0.027238 0.003125 0.011265
0 0.139410 0.027238 0.003125 0.011265
0 0.139410 0.027238 0.003125 0.011265
0 0.139410 0.027238 0.003125 0.011265
0 0.139410 0.027238 0.003125 0.011265
0 0.139410 0.027238 0.003125 0.011265
0 0.139410 0.027238 0.003125 0.011265
0 0.139410 0.027238 0.003125 0.011265
0 0.139410 0.027238 0.003125 0.011265
0 0.139410 0.027238 0.003125 0.011265
0 0.139410 0.027238 0.003125 0.011265
0 0.139410 0.027238 0.003125 0.011265
0 0.139410 0.027238 0.003125 0.011265
0 0.139410 0.027238 0.003125 0.011265
0 0.139410 0.027238 0.003125 0.011265
0 0.139410 0.027238 0.003125 0.011265
0 0.139410 0.027238 0.003125 0.011265
0 0.139410 0.027238 0.003125 0.011265
0 0.139410 0.027238 0.003125 0.011265
0 0.139410 0.027238 0.003125 0.011265
0 0.139410 0.027238 0.003125 0.011265
0 0.139410 0.027238 0.003125 0.011265
0 0.139410 0.027238 0.003125 0.011265
0 0.139410 0.027238 0.003125 0.011265
0 0.139410 0.027238 0.003125 0.011265
0 0.139410 0.027238 0.003125 0.011265
0 0.139670 0.027238 0.003125 0.011265
0 0.139670 0.027238 0.003125 0.011265
0 0.139670 0.027238 0.003125 0.011265
0 0.139670 0.027238 0.003125 0.011265
0 0.139670 0.027238 0.003125 0.011265
0 0.139887 0.027238 0.003212 0.011265
0 0.139887 0.027238 0.003212 0.011265
0 0.139887 0.027238 0.003212 0.011265
0 0.139887 0.027238 0.003212 0.011265
0 0.139887 0.027238 0.003212 0.011265
0 0.140148 0.027701 0.003212 0.011265
0 0.140148 0.027701 0.003212 0.011265
0 0.140148 0.027701 0.003212 0.011265
0 0.140148 0.027701 0.003212 0.011265
0 0.140148 0.027701 0.003212 0.011265
0 0.140148 0.027701 0.003212 0.011265
0 0.140148 0.027701 0.003212 0.011265
0 0.140148 0.027701 0.003212 0.011265
0 0.140148 0.027701 0.003212 0.011265
0 0.140148 0.027701 0.003212 0.011265
0 0.140148 0.027701 0.003212 0.011265
0 0.140148 0.027701 0.003212 0.011265
0 0.140148 0.027701 0.003212 0.011265
0 0.140148 0.027701 0.003212 0.011265
0 0.140148 0.027701 0.003212 0.011265
0 0.140148 0.027701 0.003212 0.011265
0 0.140148 0.027701 0.003212 0.011265
0 0.140148 0.027701 0.003212 0.011265
0 0.140148 0.027701 0.003212 0.011265
0 0.140148 0.027701 0.003212 0.011265
0 0.140148 0.027701 0.003212 0.011265
0 0.139887 0.027701 0.003212 0.011265
0 0.139887 0.027701 0.003212 0.011265
0 0.139887 0.027701 0.003212 0.011265
0 0.139887 0.028164 0.003212 0.011265
0 0.139887 0.028164 0.003212 0.011265
0 0.139670 0.028164 0.003125 0.011265
0 0.139670 0.028549 0.003125 0.011420
0 0.139670 0.028549 0.003125 0.011420
0 0.139670 0.028549 0.003125 0.011420
0 0.139670 0.028935 0.003125 0.011265
0 0.139410 0.028935 0.003125 0.011265
0 0.139410 0.028935 0.003125 0.011265
0 0.139410 0.028935 0.003125 0.011265
0 0.139193 0.028935 0.003212 0.011265
0 0.139193 0.029398 0.003212 0.011265
0 0.139193 0.029398 0.003212 0.011265
0 0.138932 0.029398 0.003212 0.011265
0 0.138932 0.029398 0.003212 0.011265
0 0.138932 0.029398 0.003212 0.011265
0 0.138932 0.029861 0.003212 0.011265
0 0.138672 0.029398 0.003212 0.011265
0 0.138672 0.029398 0.003212 0.011265
0 0.138672 0.029398 0.003212 0.011265
0 0.138455 0.029398 0.003125 0.011265
0 0.138455 0.029398 0.003125 0.011265
0 0.138455 0.029398 0.003125 0.011265
0 0.138194 0.029398 0.003125 0.011265
0 0.138194 0.029398 0.003125 0.011265
0 0.138194 0.029398 0.003125 0.011265
0 0.138194 0.029398 0.003125 0.011265
0 0.137934 0.028935 0.003125 0.011265
0 0.137934 0.028935 0.003125 0.011265
0 0.137934 0.028935 0.003125 0.011265
0 0.137934 0.028549 0.003125 0.011420
0 0.137934 0.028549 0.003125 0.011420
0 0.137934 0.028549 0.003125 0.011420
0 0.137934 0.028164 0.003125 0.011265
0 0.137934 0.028164 0.003125 0.011265
0 0.137934 0.028164 0.003125 0.011265
0 0.137934 0.028164 0.003125 0.011265
0 0.137934 0.028164 0.003125 0.011265
0 0.137934 0.028164 0.003125 0.011265
0 0.137934 0.028164 0.003125 0.011265
0 0.137934 0.028164 0.003125 0.011265
0 0.137934 0.028549 0.003125 0.011420
0 0.137934 0.028549 0.003125 0.011420
0 0.137934 0.028549 0.003125 0.011420
0 0.137934 0.028549 0.003125 0.011420
0 0.137934 0.028549 0.003125 0.011420
0 0.138064 0.028935 0.002865 0.011265
0 0.138064 0.028549 0.002865 0.011420
0 0.138064 0.028549 0.002865 0.011420
0 0.138064 0.028549 0.002865 0.011420
0 0.138064 0.028549 0.002865 0.011420
0 0.138064 0.028549 0.002865 0.011420
0 0.138064 0.028549 0.002865 0.011420
0 0.138064 0.028549 0.002865 0.011420
0 0.138064 0.028549 0.002865 0.011420
0 0.138064 0.028549 0.002865 0.011420
0 0.138194 0.028549 0.003125 0.011420
0 0.138194 0.028549 0.003125 0.011420
0 0.138194 0.028549 0.003125 0.011420
0 0.138194 0.028549 0.003125 0.011420
0 0.138194 0.028549 0.003125 0.011420
0 0.138325 0.028549 0.003385 0.011420
0 0.138325 0.028549 0.003385 0.011420
0 0.138325 0.028549 0.003385 0.011420
0 0.138325 0.028549 0.003385 0.011420
0 0.138325 0.028549 0.003385 0.011420
0 0.138455 0.028781 0.003646 0.010957
0 0.138455 0.028549 0.003646 0.010494
0 0.138585 0.028549 0.003906 0.010494
0 0.138585 0.028549 0.003906 0.010494
0 0.138715 0.028549 0.004167 0.010494
0 0.138715 0.028549 0.004167 0.010494
0 0.138802 0.028549 0.004340 0.010494
0 0.138802 0.028549 0.004340 0.010494
0 0.138932 0.028549 0.004601 0.010494
0 0.138932 0.028549 0.004601 0.010494
0 0.139193 0.028549 0.004601 0.010494
0 0.139062 0.028318 0.004861 0.010957
0 0.139062 0.028318 0.004861 0.010957
0 0.139062 0.028318 0.004861 0.010957
0 0.138932 0.028318 0.005122 0.010957
0 0.138932 0.028318 0.005122 0.010957
0 0.138932 0.028318 0.005122 0.010957
0 0.138802 0.028318 0.005382 0.010957
0 0.138802 0.028318 0.005382 0.010957
0 0.138802 0.028318 0.005382 0.010957
0 0.138932 0.028318 0.005642 0.010957
0 0.138932 0.028086 0.005642 0.010494
0 0.138932 0.028086 0.005642 0.010494
0 0.139062 0.028086 0.005903 0.010494
0 0.139193 0.028086 0.005642 0.010494
0 0.139280 0.028086 0.005816 0.010494
0 0.139280 0.028086 0.005816 0.010494
0 0.139410 0.028086 0.005556 0.010494
0 0.139540 0.028086 0.005816 0.010494
0 0.139540 0.028086 0.005816 0.010494
0 0.139800 0.028086 0.005816 0.010494
0 0.139280 0.027855 0.005816 0.010031
0 0.138932 0.027855 0.005642 0.010031
0 0.138672 0.027855 0.005642 0.010031
0 0.138281 0.027855 0.005382 0.010031
0 0.138108 0.027855 0.005382 0.010031
0 0.137587 0.027855 0.005382 0.010031
0 0.137326 0.027855 0.005382 0.010031
0 0.136936 0.027855 0.005122 0.010031
0 0.136762 0.027855 0.005122 0.010031
0 0.136372 0.027855 0.004861 0.010031
