0 0.161155 0.143133 0.009983 0.033796
0 0.160894 0.143519 0.009983 0.033951
0 0.160634 0.144367 0.009983 0.033796
0 0.160373 0.144830 0.009983 0.033796
0 0.160156 0.145679 0.010069 0.033951
0 0.160156 0.146065 0.010069 0.033796
0 0.159939 0.146991 0.009983 0.033796
0 0.159679 0.147454 0.009983 0.033796
0 0.159418 0.148302 0.009983 0.033951
0 0.159158 0.148688 0.009983 0.033796
0 0.159158 0.149614 0.009983 0.033796
0 0.158203 0.150849 0.010503 0.033796
0 0.157465 0.152238 0.010937 0.033796
0 0.156641 0.153472 0.011719 0.033796
0 0.155773 0.154784 0.011892 0.033951
0 0.154905 0.156559 0.012760 0.033796
0 0.154167 0.157793 0.013194 0.033796
0 0.153212 0.159182 0.013715 0.033796
0 0.152474 0.160417 0.014149 0.033796
0 0.151606 0.161728 0.014844 0.033951
0 0.150911 0.163503 0.015365 0.033796
0 0.149870 0.164352 0.015365 0.033951
0 0.148915 0.165201 0.015365 0.033796
0 0.147960 0.166512 0.015365 0.033951
0 0.147005 0.167361 0.015365 0.033796
0 0.146007 0.168673 0.015451 0.033951
0 0.145009 0.169522 0.015365 0.033796
0 0.144054 0.170448 0.015365 0.033796
0 0.143099 0.171682 0.015365 0.033796
0 0.142101 0.172608 0.015451 0.033796
0 0.141102 0.173843 0.015365 0.033796
0 0.140017 0.175617 0.015625 0.033951
0 0.139062 0.177392 0.016146 0.033796
0 0.138194 0.179090 0.016319 0.033796
0 0.137240 0.181019 0.016840 0.033333
0 0.136372 0.182793 0.017014 0.033488
0 0.135373 0.184491 0.017622 0.033488
0 0.134375 0.186420 0.018056 0.033025
0 0.133550 0.188194 0.018316 0.032870
0 0.132595 0.189969 0.018837 0.033025
0 0.131727 0.192130 0.019010 0.033025
0 0.129991 0.194290 0.019010 0.033025
0 0.128559 0.196451 0.019097 0.033025
0 0.127083 0.198611 0.019097 0.033025
0 0.125391 0.201003 0.019010 0.032562
0 0.123915 0.203395 0.019010 0.033025
0 0.122439 0.205556 0.019010 0.033025
0 0.120747 0.207948 0.019097 0.032562
0 0.119314 0.210108 0.019010 0.032562
0 0.117839 0.212269 0.019010 0.032562
0 0.116363 0.214892 0.019010 0.032562
0 0.114149 0.217515 0.019097 0.032562
0 0.112196 0.220525 0.019010 0.032407
0 0.110026 0.223071 0.019010 0.032562
0 0.108030 0.226157 0.019010 0.032562
0 0.106120 0.229244 0.019010 0.032562
0 0.103906 0.231790 0.019097 0.032407
0 0.101953 0.234799 0.019010 0.032562
0 0.099783 0.237423 0.019010 0.032562
0 0.097786 0.240509 0.019010 0.032562
0 0.095877 0.243519 0.019010 0.032407
0 0.093316 0.246142 0.019271 0.033333
0 0.090972 0.248765 0.019444 0.034259
0 0.088542 0.251543 0.019965 0.034568
0 0.086111 0.254398 0.019965 0.035957
0 0.083767 0.257176 0.020312 0.036574
0 0.081337 0.259722 0.020660 0.037346
0 0.078863 0.262654 0.020747 0.038580
0 0.076476 0.265355 0.021181 0.039043
0 0.074132 0.267978 0.021528 0.039969
0 0.071788 0.271065 0.021701 0.040895
0 0.069054 0.274306 0.021962 0.040278
0 0.066450 0.277778 0.022135 0.040432
0 0.063889 0.281250 0.022396 0.040278
0 0.061198 0.284722 0.022917 0.040432
0 0.058637 0.288194 0.023177 0.040278
0 0.056076 0.291667 0.023438 0.040432
0 0.053385 0.295139 0.023958 0.040278
0 0.050825 0.298611 0.024219 0.040432
0 0.048307 0.302083 0.024392 0.040278
0 0.045747 0.305556 0.024653 0.040432
0 0.042057 0.307253 0.024219 0.037654
0 0.038498 0.309259 0.023872 0.035494
0 0.034983 0.310957 0.023611 0.033025
0 0.031554 0.312963 0.023177 0.030864
0 0.028038 0.314660 0.022917 0.028086
0 0.024349 0.316590 0.022483 0.026080
0 0.020964 0.318364 0.021962 0.023457
0 0.017405 0.320293 0.021788 0.021142
0 0.013845 0.321991 0.021441 0.018673
0 0.010460 0.323997 0.020920 0.016512
0 0.010460 0.323997 0.020920 0.016512
0 0.010460 0.323997 0.020920 0.016512
0 0.010460 0.323997 0.020920 0.016512
0 0.010460 0.323997 0.020920 0.016512
0 0.010460 0.323997 0.020920 0.016512
0 0.010460 0.323997 0.020920 0.016512
0 0.010460 0.323997 0.020920 0.016512
0 0.010460 0.323997 0.020920 0.016512
0 0.010460 0.323997 0.020920 0.016512
0 0.010460 0.323997 0.020920 0.016512
0 0.010460 0.323997 0.020920 0.016512
0 0.010460 0.323997 0.020920 0.016512
0 0.010460 0.323997 0.020920 0.016512
0 0.010460 0.323997 0.020920 0.016512
0 0.010460 0.323997 0.020920 0.016512
0 0.010460 0.323997 0.020920 0.016512
0 0.010460 0.323997 0.020920 0.016512
0 0.010460 0.323997 0.020920 0.016512
0 0.010460 0.323997 0.020920 0.016512
0 0.010460 0.323997 0.020920 0.016512
0 0.010460 0.323997 0.020920 0.016512
0 0.010460 0.323997 0.020920 0.016512
0 0.010460 0.323997 0.020920 0.016512
0 0.010460 0.323997 0.020920 0.016512
0 0.010460 0.323997 0.020920 0.016512
0 0.010460 0.323997 0.020920 0.016512
0 0.010460 0.323997 0.020920 0.016512
0 0.010460 0.323997 0.020920 0.016512
0 0.010460 0.323997 0.020920 0.016512
0 0.010460 0.323997 0.020920 0.016512
0 0.010460 0.323997 0.020920 0.016512
0 0.010460 0.323997 0.020920 0.016512
0 0.010460 0.323997 0.020920 0.016512
0 0.010460 0.323997 0.020920 0.016512
0 0.010460 0.323997 0.020920 0.016512
0 0.010460 0.323997 0.020920 0.016512
0 0.010460 0.323997 0.020920 0.016512
0 0.010460 0.323997 0.020920 0.016512
0 0.010460 0.323997 0.020920 0.016512
0 0.010460 0.323997 0.020920 0.016512
0 0.010460 0.323997 0.020920 0.016512
0 0.010460 0.323997 0.020920 0.016512
0 0.010460 0.323997 0.020920 0.016512
0 0.010460 0.323997 0.020920 0.016512
0 0.010460 0.323997 0.020920 0.016512
0 0.010460 0.323997 0.020920 0.016512
0 0.010460 0.323997 0.020920 0.016512
0 0.010460 0.323997 0.020920 0.016512
0 0.010460 0.323997 0.020920 0.016512
0 0.010460 0.323997 0.020920 0.016512
0 0.010460 0.323997 0.020920 0.016512
0 0.010460 0.323997 0.020920 0.016512
0 0.010460 0.323997 0.020920 0.016512
0 0.010460 0.323997 0.020920 0.016512
0 0.010460 0.323997 0.020920 0.016512
0 0.010460 0.323997 0.020920 0.016512
0 0.010460 0.323997 0.020920 0.016512
0 0.010460 0.323997 0.020920 0.016512
0 0.010460 0.323997 0.020920 0.016512
0 0.010460 0.323997 0.020920 0.016512
0 0.010460 0.323997 0.020920 0.016512
0 0.010460 0.323997 0.020920 0.016512
0 0.010460 0.323997 0.020920 0.016512
0 0.010460 0.323997 0.020920 0.016512
0 0.010460 0.323997 0.020920 0.016512
0 0.010460 0.323997 0.020920 0.016512
0 0.010460 0.323997 0.020920 0.016512
0 0.010460 0.323997 0.020920 0.016512
0 0.010460 0.323997 0.020920 0.016512
0 0.010460 0.323997 0.020920 0.016512
0 0.010460 0.323997 0.020920 0.016512
0 0.010460 0.323997 0.020920 0.016512
0 0.010460 0.323997 0.020920 0.016512
0 0.010460 0.323997 0.020920 0.016512
0 0.010460 0.323997 0.020920 0.016512
0 0.010460 0.323997 0.020920 0.016512
0 0.010460 0.323997 0.020920 0.016512
0 0.010460 0.323997 0.020920 0.016512
0 0.010460 0.323997 0.020920 0.016512
0 0.010460 0.323997 0.020920 0.016512
0 0.010460 0.323997 0.020920 0.016512
0 0.010460 0.323997 0.020920 0.016512
0 0.010460 0.323997 0.020920 0.016512
0 0.010460 0.323997 0.020920 0.016512
0 0.010460 0.323997 0.020920 0.016512
0 0.010460 0.323997 0.020920 0.016512
0 0.010460 0.323997 0.020920 0.016512
0 0.010460 0.323997 0.020920 0.016512
0 0.010460 0.323997 0.020920 0.016512
0 0.010460 0.323997 0.020920 0.016512
