0 0.208724 0.087346 0.004080 0.016975
0 0.208724 0.084259 0.004080 0.016975
0 0.208724 0.081250 0.004080 0.016821
0 0.208854 0.078241 0.004340 0.016975
0 0.208854 0.075154 0.004340 0.016975
0 0.209071 0.072145 0.004427 0.016821
0 0.209071 0.069136 0.004427 0.016975
0 0.209071 0.066049 0.004427 0.016975
0 0.209201 0.063040 0.004687 0.016821
0 0.209201 0.060031 0.004687 0.016975
0 0.209462 0.057176 0.004687 0.016512
0 0.209462 0.057176 0.004687 0.016512
0 0.209462 0.057176 0.004687 0.016512
0 0.209462 0.057176 0.004687 0.016512
0 0.209462 0.057176 0.004687 0.016512
0 0.209462 0.057176 0.004687 0.016512
0 0.209462 0.057176 0.004687 0.016512
0 0.209462 0.057176 0.004687 0.016512
0 0.209462 0.057176 0.004687 0.016512
0 0.209462 0.057176 0.004687 0.016512
0 0.209462 0.057176 0.004687 0.016512
0 0.209462 0.055941 0.004687 0.016512
0 0.209679 0.054784 0.004601 0.016975
0 0.209809 0.053472 0.004340 0.016821
0 0.209939 0.052623 0.004601 0.016975
0 0.210069 0.051543 0.004340 0.017284
0 0.210286 0.050231 0.004427 0.017438
0 0.210286 0.049383 0.004427 0.017284
0 0.210547 0.048071 0.004427 0.017438
0 0.210677 0.046991 0.004167 0.017747
0 0.210938 0.046142 0.004167 0.017901
0 0.210677 0.045679 0.004167 0.017901
0 0.210677 0.045448 0.004167 0.017438
0 0.210677 0.045216 0.004167 0.016975
0 0.210547 0.045216 0.003906 0.016975
0 0.210547 0.044985 0.003906 0.016512
0 0.210547 0.044753 0.003906 0.016049
0 0.210417 0.044753 0.003646 0.016049
0 0.210417 0.044599 0.003646 0.015741
0 0.210417 0.044367 0.003646 0.015278
0 0.210417 0.044367 0.003646 0.015278
0 0.210417 0.043981 0.003646 0.015123
0 0.210547 0.043750 0.003906 0.015586
0 0.210807 0.043287 0.003906 0.015586
0 0.210807 0.043056 0.003906 0.016049
0 0.211068 0.043056 0.003906 0.016049
0 0.211155 0.042593 0.004080 0.016049
0 0.211155 0.042438 0.004080 0.016358
0 0.211372 0.042052 0.004167 0.016512
0 0.211502 0.041821 0.004427 0.016975
0 0.211762 0.041821 0.004427 0.016975
0 0.211762 0.041358 0.004427 0.016975
0 0.211892 0.041127 0.004167 0.017438
0 0.211892 0.040741 0.004167 0.017284
0 0.212023 0.040741 0.003906 0.017284
0 0.212023 0.040278 0.003906 0.017284
0 0.212153 0.040046 0.003646 0.017747
0 0.212153 0.039815 0.003646 0.017284
0 0.212283 0.039583 0.003385 0.017747
0 0.212283 0.039198 0.003385 0.017901
0 0.212500 0.039198 0.003472 0.017901
0 0.212500 0.038735 0.003472 0.017901
0 0.212500 0.038349 0.003472 0.017747
0 0.212500 0.038349 0.003472 0.017747
0 0.212717 0.037886 0.003385 0.017747
0 0.212717 0.037886 0.003385 0.017747
0 0.212717 0.037423 0.003385 0.017747
0 0.212977 0.036960 0.003385 0.017747
0 0.212977 0.036960 0.003385 0.017747
0 0.212977 0.036574 0.003385 0.017901
0 0.213238 0.036574 0.003385 0.017901
0 0.212717 0.035957 0.003385 0.017284
0 0.212283 0.035494 0.003385 0.017284
0 0.211892 0.035031 0.003125 0.017284
0 0.211502 0.034645 0.003385 0.017438
0 0.211155 0.034182 0.003212 0.017438
0 0.210677 0.033565 0.003125 0.016821
0 0.210286 0.033102 0.003385 0.016821
0 0.209939 0.032716 0.003212 0.016975
0 0.209462 0.032253 0.003125 0.016975
0 0.209201 0.032022 0.003125 0.016512
0 0.209201 0.032022 0.003125 0.016512
0 0.209201 0.032022 0.003125 0.016512
0 0.209201 0.032022 0.003125 0.016512
0 0.209201 0.032022 0.003125 0.016512
0 0.209201 0.032022 0.003125 0.016512
0 0.209201 0.032022 0.003125 0.016512
0 0.209201 0.032022 0.003125 0.016512
0 0.209201 0.032022 0.003125 0.016512
0 0.209201 0.032022 0.003125 0.016512
0 0.209201 0.032022 0.003125 0.016512
0 0.208724 0.031559 0.003212 0.016512
0 0.208247 0.031559 0.003125 0.016512
0 0.207856 0.031096 0.003385 0.016512
0 0.207509 0.031096 0.003212 0.016512
0 0.207118 0.030787 0.003472 0.016512
0 0.206641 0.030787 0.003385 0.016512
0 0.206293 0.030324 0.003212 0.016512
0 0.205903 0.030324 0.003472 0.016512
0 0.205425 0.029861 0.003385 0.016512
0 0.205165 0.029861 0.003385 0.016512
0 0.205165 0.029398 0.003385 0.016512
0 0.205165 0.029398 0.003385 0.016512
0 0.205165 0.029167 0.003385 0.016975
0 0.205165 0.029167 0.003385 0.016975
0 0.205165 0.029167 0.003385 0.016975
0 0.205165 0.029012 0.003385 0.017284
0 0.205165 0.029012 0.003385 0.017284
0 0.205165 0.028781 0.003385 0.017747
0 0.205165 0.028781 0.003385 0.017747
0 0.205295 0.028781 0.003125 0.017747
0 0.204818 0.028086 0.003212 0.017284
0 0.204470 0.027701 0.003385 0.017438
0 0.204080 0.027238 0.003125 0.017438
0 0.203689 0.026852 0.003385 0.017284
0 0.203472 0.026620 0.003472 0.016821
0 0.202995 0.026003 0.003385 0.016512
0 0.202604 0.025540 0.003646 0.016512
0 0.202257 0.025077 0.003472 0.016512
0 0.201910 0.024614 0.003646 0.016512
0 0.201649 0.024383 0.003646 0.016049
0 0.200174 0.023843 0.003646 0.015586
0 0.198958 0.023380 0.003646 0.015586
0 0.197743 0.022917 0.003646 0.015586
0 0.196398 0.022454 0.003385 0.015586
0 0.195182 0.021991 0.003385 0.015586
0 0.193837 0.021605 0.003646 0.015741
0 0.192491 0.021219 0.003385 0.015586
0 0.191276 0.020756 0.003385 0.015586
0 0.190061 0.020293 0.003385 0.015586
0 0.188845 0.020062 0.003385 0.015123
0 0.188108 0.019676 0.003472 0.015278
0 0.187630 0.019213 0.003385 0.015278
0 0.187109 0.018827 0.003385 0.015123
0 0.186545 0.018364 0.003646 0.015123
0 0.186024 0.018364 0.003646 0.015123
0 0.185417 0.017901 0.003472 0.015123
0 0.184809 0.017515 0.003646 0.015278
0 0.184288 0.017052 0.003646 0.015278
0 0.183854 0.016667 0.003646 0.015123
0 0.183333 0.016667 0.003646 0.015123
0 0.182856 0.016204 0.003733 0.015123
0 0.182639 0.016204 0.003646 0.015123
0 0.182378 0.015741 0.003646 0.015123
0 0.181858 0.015741 0.003646 0.015123
0 0.181597 0.015278 0.003646 0.015123
0 0.181380 0.015278 0.003733 0.015123
0 0.180903 0.014892 0.003646 0.015278
0 0.180642 0.014892 0.003646 0.015278
0 0.180382 0.014429 0.003646 0.015278
0 0.180165 0.014429 0.003733 0.015278
0 0.179427 0.014043 0.003646 0.015123
0 0.178733 0.013580 0.003646 0.015123
0 0.178212 0.013117 0.003646 0.015123
0 0.177517 0.012731 0.003646 0.015278
0 0.176997 0.012731 0.003646 0.015278
0 0.176259 0.012269 0.003733 0.015278
0 0.175521 0.011883 0.003646 0.015123
0 0.175043 0.011420 0.003733 0.015123
0 0.174306 0.010957 0.003646 0.015123
0 0.173828 0.010957 0.003733 0.015123
0 0.173090 0.010571 0.003646 0.015278
0 0.172569 0.010108 0.003646 0.015278
0 0.171875 0.010108 0.003646 0.015278
0 0.171354 0.009722 0.003646 0.015123
0 0.170790 0.009722 0.003385 0.015123
0 0.170139 0.009259 0.003646 0.015123
0 0.169575 0.008796 0.003385 0.015123
0 0.168924 0.008796 0.003646 0.015123
0 0.168359 0.008410 0.003385 0.015278
0 0.167839 0.008410 0.003385 0.015278
0 0.166884 0.008410 0.003385 0.015278
0 0.166146 0.008410 0.003472 0.015278
0 0.165278 0.008410 0.003646 0.015278
0 0.164453 0.008410 0.003385 0.015278
0 0.163542 0.008410 0.003646 0.015278
0 0.162847 0.008410 0.003646 0.015278
0 0.161892 0.008410 0.003646 0.015278
0 0.161111 0.008410 0.003646 0.015278
0 0.160286 0.008410 0.003906 0.015278
0 0.159505 0.008410 0.003906 0.015278
