0 0.290104 0.043133 0.008854 0.023920
0 0.290104 0.043133 0.008854 0.023920
0 0.290104 0.043133 0.008854 0.023920
0 0.290104 0.043133 0.008854 0.023920
0 0.290104 0.043133 0.008854 0.023920
0 0.290104 0.043133 0.008854 0.023920
0 0.290104 0.043133 0.008854 0.023920
0 0.290104 0.043133 0.008854 0.023920
0 0.290104 0.043133 0.008854 0.023920
0 0.290104 0.043133 0.008854 0.023920
0 0.290104 0.043133 0.008854 0.023920
0 0.290104 0.043133 0.008854 0.023920
0 0.290104 0.043133 0.008854 0.023920
0 0.290104 0.043133 0.008854 0.023920
0 0.290104 0.043133 0.008854 0.023920
0 0.290104 0.043133 0.008854 0.023920
0 0.290104 0.043133 0.008854 0.023920
0 0.290104 0.043133 0.008854 0.023920
0 0.290104 0.043133 0.008854 0.023920
0 0.290104 0.043133 0.008854 0.023920
0 0.290104 0.043133 0.008854 0.023920
0 0.290104 0.043133 0.008854 0.023920
0 0.290104 0.043133 0.008854 0.023920
0 0.290104 0.043133 0.008854 0.023920
0 0.290104 0.043133 0.008854 0.023920
0 0.290104 0.043133 0.008854 0.023920
0 0.290104 0.043133 0.008854 0.023920
0 0.290104 0.043133 0.008854 0.023920
0 0.290104 0.043133 0.008854 0.023920
0 0.290104 0.043133 0.008854 0.023920
0 0.290104 0.043133 0.008854 0.023920
0 0.290104 0.043133 0.008854 0.023920
0 0.290104 0.043133 0.008854 0.023920
0 0.290104 0.043133 0.008854 0.023920
0 0.290104 0.043133 0.008854 0.023920
0 0.290104 0.043133 0.008854 0.023920
0 0.290104 0.043133 0.008854 0.023920
0 0.290104 0.043133 0.008854 0.023920
0 0.290104 0.043133 0.008854 0.023920
0 0.290104 0.043133 0.008854 0.023920
0 0.290104 0.043133 0.008854 0.023920
0 0.290104 0.043133 0.008854 0.023920
0 0.290104 0.043133 0.008854 0.023920
0 0.290104 0.043133 0.008854 0.023920
0 0.290104 0.043133 0.008854 0.023920
0 0.290104 0.043133 0.008854 0.023920
0 0.290104 0.043133 0.008854 0.023920
0 0.290104 0.043133 0.008854 0.023920
0 0.290104 0.043133 0.008854 0.023920
0 0.290104 0.043133 0.008854 0.023920
0 0.290104 0.043133 0.008854 0.023920
0 0.290104 0.043133 0.008854 0.023920
0 0.290104 0.043133 0.008854 0.023920
0 0.290104 0.043133 0.008854 0.023920
0 0.290104 0.043133 0.008854 0.023920
0 0.290104 0.043133 0.008854 0.023920
0 0.290104 0.043133 0.008854 0.023920
0 0.290104 0.043133 0.008854 0.023920
0 0.290104 0.043133 0.008854 0.023920
0 0.290104 0.043133 0.008854 0.023920
0 0.290104 0.043133 0.008854 0.023920
0 0.290104 0.043133 0.008854 0.023920
0 0.290104 0.043133 0.008854 0.023920
0 0.290104 0.043133 0.008854 0.023920
0 0.290104 0.043133 0.008854 0.023920
0 0.290104 0.043133 0.008854 0.023920
0 0.290104 0.043133 0.008854 0.023920
0 0.290104 0.043133 0.008854 0.023920
0 0.290104 0.043133 0.008854 0.023920
0 0.290104 0.043133 0.008854 0.023920
0 0.290104 0.043133 0.008854 0.023920
0 0.290104 0.043133 0.008854 0.023920
0 0.290104 0.043133 0.008854 0.023920
0 0.290104 0.043133 0.008854 0.023920
0 0.290104 0.043133 0.008854 0.023920
0 0.290104 0.043133 0.008854 0.023920
0 0.290104 0.043133 0.008854 0.023920
0 0.290104 0.043133 0.008854 0.023920
0 0.290104 0.043133 0.008854 0.023920
0 0.290104 0.043133 0.008854 0.023920
0 0.290104 0.043133 0.008854 0.023920
0 0.293750 0.044367 0.008854 0.023920
0 0.297656 0.045679 0.008854 0.023765
0 0.301562 0.047454 0.008854 0.023920
0 0.305339 0.048688 0.008594 0.023920
0 0.309245 0.050463 0.008594 0.023765
0 0.313064 0.051775 0.008767 0.023920
0 0.316840 0.053086 0.008507 0.023765
0 0.320747 0.054784 0.008507 0.023765
0 0.324653 0.056096 0.008507 0.023920
0 0.328516 0.057793 0.008594 0.023920
0 0.328516 0.057793 0.008594 0.023920
0 0.328646 0.057793 0.008333 0.023920
0 0.328646 0.057793 0.008333 0.023920
0 0.328776 0.057793 0.008073 0.023920
0 0.328776 0.057793 0.008073 0.023920
0 0.328906 0.057793 0.007812 0.023920
0 0.328906 0.057793 0.007812 0.023920
0 0.329036 0.057793 0.007552 0.023920
0 0.329036 0.057793 0.007552 0.023920
0 0.329167 0.058256 0.007292 0.023920
0 0.328385 0.057793 0.007292 0.023920
0 0.327821 0.057407 0.007552 0.023765
0 0.327040 0.056944 0.007552 0.023765
0 0.326476 0.056944 0.007812 0.023765
0 0.325825 0.056559 0.008073 0.023920
0 0.325130 0.056096 0.008073 0.023920
0 0.324523 0.056096 0.008247 0.023920
0 0.323785 0.055633 0.008333 0.023920
0 0.323177 0.055247 0.008507 0.023765
0 0.322656 0.055247 0.008507 0.023765
0 0.321962 0.054784 0.008507 0.023765
0 0.321224 0.054784 0.008594 0.023765
0 0.320486 0.054784 0.008507 0.023765
0 0.319748 0.054784 0.008594 0.023765
0 0.319271 0.054784 0.008507 0.023765
0 0.318533 0.054398 0.008594 0.023920
0 0.317795 0.054398 0.008507 0.023920
0 0.317057 0.054398 0.008594 0.023920
0 0.316319 0.054398 0.008507 0.023920
0 0.315842 0.054398 0.008594 0.023920
0 0.314844 0.053935 0.008507 0.023920
0 0.314149 0.053935 0.008507 0.023920
0 0.313151 0.053935 0.008594 0.023920
0 0.312413 0.053935 0.008507 0.023920
0 0.311458 0.053935 0.008507 0.023920
0 0.310720 0.053472 0.008594 0.023920
0 0.309722 0.053472 0.008507 0.023920
0 0.309028 0.053472 0.008507 0.023920
0 0.308030 0.053472 0.008594 0.023920
0 0.307292 0.053472 0.008507 0.023920
0 0.306554 0.053086 0.008594 0.023765
0 0.306076 0.052623 0.008507 0.023765
0 0.305469 0.052623 0.008854 0.023765
0 0.304861 0.052238 0.008507 0.023920
0 0.304384 0.052238 0.008594 0.023920
0 0.303776 0.051775 0.008767 0.023920
0 0.303168 0.051312 0.008594 0.023920
0 0.302561 0.051312 0.008767 0.023920
0 0.302040 0.050926 0.008767 0.023765
0 0.301562 0.050926 0.008854 0.023765
0 0.301085 0.050463 0.008767 0.023765
0 0.300825 0.050000 0.008767 0.023765
0 0.300347 0.050000 0.008854 0.023765
0 0.300130 0.049614 0.008767 0.023920
0 0.299609 0.049614 0.008767 0.023920
0 0.299349 0.049151 0.008767 0.023920
0 0.298915 0.048688 0.008767 0.023920
0 0.298655 0.048688 0.008767 0.023920
0 0.298134 0.048302 0.008767 0.023765
0 0.297873 0.048302 0.008767 0.023765
0 0.297656 0.047840 0.008854 0.023765
0 0.297439 0.047840 0.008767 0.023765
0 0.297179 0.047454 0.008767 0.023920
0 0.296918 0.047454 0.008767 0.023920
0 0.296918 0.047454 0.008767 0.023920
0 0.296658 0.046991 0.008767 0.023920
0 0.296441 0.046991 0.008854 0.023920
0 0.296224 0.046528 0.008767 0.023920
0 0.295964 0.046528 0.008767 0.023920
0 0.295964 0.046528 0.008767 0.023920
0 0.295443 0.046142 0.008767 0.023765
0 0.295226 0.045679 0.008854 0.023765
0 0.295009 0.045293 0.008767 0.023920
0 0.294618 0.045293 0.008507 0.023920
0 0.294358 0.044830 0.008507 0.023920
0 0.294010 0.044367 0.008854 0.023920
0 0.293620 0.044367 0.008594 0.023920
0 0.293403 0.043981 0.008507 0.023765
0 0.293142 0.043519 0.008507 0.023765
0 0.292882 0.043519 0.008507 0.023765
0 0.292405 0.043133 0.008594 0.023920
0 0.292187 0.043133 0.008507 0.023920
0 0.291927 0.043133 0.008507 0.023920
0 0.291536 0.043133 0.008767 0.023920
0 0.291319 0.043133 0.008854 0.023920
0 0.290972 0.043133 0.008507 0.023920
0 0.290582 0.043133 0.008767 0.023920
0 0.290321 0.043133 0.008767 0.023920
0 0.290104 0.043133 0.008854 0.023920
0 0.289887 0.043133 0.008767 0.023920
