0 0.096094 0.251543 0.008854 0.015741
0 0.096094 0.252392 0.008854 0.015586
0 0.096094 0.253318 0.008854 0.015586
0 0.096094 0.254090 0.008854 0.015586
0 0.096094 0.255015 0.008854 0.015586
0 0.096224 0.256096 0.008594 0.015278
0 0.096224 0.256944 0.008594 0.015123
0 0.096224 0.257870 0.008594 0.015123
0 0.096224 0.258719 0.008594 0.015278
0 0.096224 0.259568 0.008594 0.015123
0 0.096441 0.260880 0.008507 0.015278
0 0.096224 0.261265 0.008594 0.015123
0 0.096224 0.262191 0.008594 0.015123
0 0.096224 0.262577 0.008594 0.015278
0 0.096224 0.263426 0.008594 0.015123
0 0.096224 0.263889 0.008594 0.015123
0 0.096094 0.264738 0.008854 0.015278
0 0.096094 0.265201 0.008854 0.015278
0 0.096094 0.266049 0.008854 0.015123
0 0.096094 0.266512 0.008854 0.015123
0 0.096094 0.267361 0.008854 0.015278
0 0.095877 0.268210 0.008767 0.015123
0 0.095877 0.269136 0.008767 0.015123
0 0.095877 0.269985 0.008767 0.015278
0 0.095877 0.271065 0.008767 0.015586
0 0.095877 0.272145 0.008767 0.015278
0 0.095616 0.272994 0.008767 0.015123
0 0.095616 0.274151 0.008767 0.015586
0 0.095616 0.274923 0.008767 0.015586
0 0.095616 0.275849 0.008767 0.015586
0 0.095616 0.277083 0.008767 0.015586
0 0.095616 0.277546 0.008767 0.015586
0 0.095877 0.278472 0.008767 0.015586
0 0.095877 0.278858 0.008767 0.015741
0 0.096094 0.279707 0.008854 0.015586
0 0.096094 0.280633 0.008854 0.015586
0 0.096311 0.281096 0.008767 0.015586
0 0.096311 0.281867 0.008767 0.015586
0 0.096571 0.282330 0.008767 0.015586
0 0.096571 0.283256 0.008767 0.015586
0 0.096832 0.284028 0.008767 0.015586
0 0.096832 0.284954 0.008767 0.015586
0 0.096832 0.286188 0.008767 0.015586
0 0.096832 0.287114 0.008767 0.015586
0 0.096832 0.288426 0.008767 0.015741
0 0.096832 0.289275 0.008767 0.015586
0 0.096832 0.290586 0.008767 0.015741
0 0.096832 0.291435 0.008767 0.015586
0 0.096832 0.292747 0.008767 0.015741
0 0.096832 0.293596 0.008767 0.015586
0 0.097092 0.294907 0.008767 0.015741
0 0.097092 0.295756 0.008767 0.015586
0 0.097092 0.296682 0.008767 0.015586
0 0.097092 0.297531 0.008767 0.015741
0 0.097092 0.298380 0.008767 0.015586
0 0.097352 0.299306 0.008767 0.015586
0 0.097352 0.300077 0.008767 0.015586
0 0.097352 0.301003 0.008767 0.015586
0 0.097352 0.301852 0.008767 0.015741
0 0.097352 0.302701 0.008767 0.015586
0 0.097569 0.303627 0.008854 0.015586
0 0.097569 0.304090 0.008854 0.015586
0 0.097569 0.304861 0.008854 0.015586
0 0.097569 0.305787 0.008854 0.015586
0 0.097569 0.306250 0.008854 0.015586
0 0.097569 0.307022 0.008854 0.015586
0 0.097569 0.307948 0.008854 0.015586
0 0.097569 0.308410 0.008854 0.015586
0 0.097569 0.309182 0.008854 0.015586
0 0.097569 0.310108 0.008854 0.015586
0 0.097786 0.310957 0.008767 0.015741
0 0.097656 0.311574 0.009028 0.016049
0 0.097656 0.312731 0.009028 0.016512
0 0.097786 0.313812 0.009288 0.016821
0 0.097700 0.314660 0.009462 0.016975
0 0.097830 0.315741 0.009722 0.017284
0 0.097830 0.316821 0.009722 0.017901
0 0.097700 0.317670 0.009983 0.017747
0 0.097830 0.318827 0.010243 0.018210
0 0.097830 0.319830 0.010243 0.018673
0 0.097960 0.320988 0.010503 0.019136
0 0.097960 0.320988 0.010503 0.019136
0 0.097960 0.321373 0.010503 0.018981
0 0.097960 0.321605 0.010503 0.018519
0 0.097960 0.321991 0.010503 0.018673
0 0.097960 0.322222 0.010503 0.018210
0 0.097960 0.322454 0.010503 0.018673
0 0.097960 0.322685 0.010503 0.018210
0 0.097960 0.323148 0.010503 0.018210
0 0.097960 0.323380 0.010503 0.017747
0 0.098177 0.323765 0.010417 0.017901
0 0.098177 0.323765 0.010417 0.017901
0 0.098177 0.323765 0.010417 0.017901
0 0.098177 0.323765 0.010417 0.017901
0 0.098177 0.323765 0.010417 0.017901
0 0.098177 0.323765 0.010417 0.017901
0 0.098177 0.323765 0.010417 0.017901
0 0.098177 0.323765 0.010417 0.017901
0 0.098177 0.323765 0.010417 0.017901
0 0.098177 0.323765 0.010417 0.017901
0 0.098177 0.323765 0.010417 0.017901
0 0.098177 0.323765 0.010417 0.017901
0 0.098177 0.323765 0.010417 0.017901
0 0.098177 0.323765 0.010417 0.017901
0 0.098177 0.323765 0.010417 0.017901
0 0.098177 0.323765 0.010417 0.017901
0 0.098177 0.323765 0.010417 0.017901
0 0.098177 0.323765 0.010417 0.017901
0 0.098177 0.323765 0.010417 0.017901
0 0.098177 0.323765 0.010417 0.017901
0 0.098177 0.323765 0.010417 0.017901
0 0.098177 0.323765 0.010417 0.017901
0 0.098177 0.323765 0.010417 0.017901
0 0.098177 0.323765 0.010417 0.017901
0 0.098177 0.323765 0.010417 0.017901
0 0.098177 0.323765 0.010417 0.017901
0 0.098177 0.323765 0.010417 0.017901
0 0.098177 0.323765 0.010417 0.017901
0 0.098177 0.323765 0.010417 0.017901
0 0.098177 0.323765 0.010417 0.017901
0 0.098177 0.323765 0.010417 0.017901
0 0.098177 0.323765 0.010417 0.017901
0 0.098177 0.323765 0.010417 0.017901
0 0.098177 0.323765 0.010417 0.017901
0 0.098177 0.323765 0.010417 0.017901
0 0.098177 0.323765 0.010417 0.017901
0 0.098177 0.323765 0.010417 0.017901
0 0.098177 0.323765 0.010417 0.017901
0 0.098177 0.323765 0.010417 0.017901
0 0.098177 0.323765 0.010417 0.017901
0 0.098177 0.323765 0.010417 0.017901
0 0.098177 0.323765 0.010417 0.017901
0 0.098177 0.323765 0.010417 0.017901
0 0.098177 0.323765 0.010417 0.017901
0 0.098177 0.323765 0.010417 0.017901
0 0.098177 0.323765 0.010417 0.017901
0 0.098177 0.323765 0.010417 0.017901
0 0.098177 0.323765 0.010417 0.017901
0 0.098177 0.323765 0.010417 0.017901
0 0.098177 0.323765 0.010417 0.017901
0 0.098177 0.323765 0.010417 0.017901
0 0.098177 0.323765 0.010417 0.017901
0 0.098177 0.323765 0.010417 0.017901
0 0.098177 0.323765 0.010417 0.017901
0 0.098177 0.323765 0.010417 0.017901
0 0.098177 0.323765 0.010417 0.017901
0 0.098177 0.323765 0.010417 0.017901
0 0.098177 0.323765 0.010417 0.017901
0 0.098177 0.323765 0.010417 0.017901
0 0.098177 0.323765 0.010417 0.017901
0 0.098177 0.323765 0.010417 0.017901
0 0.098177 0.323765 0.010417 0.017901
0 0.098177 0.323765 0.010417 0.017901
0 0.098177 0.323765 0.010417 0.017901
0 0.098177 0.323765 0.010417 0.017901
0 0.098177 0.323765 0.010417 0.017901
0 0.098177 0.323765 0.010417 0.017901
0 0.098177 0.323765 0.010417 0.017901
0 0.098177 0.323765 0.010417 0.017901
0 0.098177 0.323765 0.010417 0.017901
0 0.098177 0.323765 0.010417 0.017901
0 0.098177 0.323765 0.010417 0.017901
0 0.098177 0.323765 0.010417 0.017901
0 0.098177 0.323765 0.010417 0.017901
0 0.098177 0.323765 0.010417 0.017901
0 0.098177 0.323765 0.010417 0.017901
0 0.098177 0.323765 0.010417 0.017901
0 0.098177 0.323765 0.010417 0.017901
0 0.098177 0.323765 0.010417 0.017901
0 0.098177 0.323765 0.010417 0.017901
0 0.098177 0.323765 0.010417 0.017901
0 0.098177 0.323765 0.010417 0.017901
0 0.098177 0.323765 0.010417 0.017901
0 0.098177 0.323765 0.010417 0.017901
0 0.098177 0.323765 0.010417 0.017901
0 0.098177 0.323765 0.010417 0.017901
0 0.098177 0.323765 0.010417 0.017901
0 0.098177 0.323765 0.010417 0.017901
0 0.098177 0.323765 0.010417 0.017901
0 0.098177 0.323765 0.010417 0.017901
0 0.098177 0.323765 0.010417 0.017901
