0 0.196267 0.011883 0.013368 0.023765
0 0.176606 0.010571 0.012240 0.021142
0 0.156988 0.009491 0.011024 0.018981
0 0.137326 0.008410 0.009722 0.016821
0 0.117795 0.007330 0.008333 0.014660
0 0.098307 0.006250 0.007378 0.012500
0 0.078646 0.005170 0.006076 0.010340
0 0.059115 0.004090 0.004687 0.008179
0 0.039497 0.003009 0.003472 0.006019
0 0.019835 0.001929 0.002170 0.003858
0 0.000477 0.000849 0.000955 0.001698
0 0.020095 0.030478 0.002170 0.003858
0 0.039974 0.060648 0.003385 0.006173
0 0.059635 0.090355 0.004687 0.008179
0 0.079514 0.120525 0.005903 0.010494
0 0.099262 0.150231 0.007378 0.012500
0 0.119054 0.180401 0.008247 0.014815
0 0.138802 0.210108 0.009722 0.016821
0 0.158594 0.240278 0.010764 0.019136
0 0.178342 0.269985 0.012240 0.021142
0 0.198220 0.300154 0.013455 0.023457
0 0.198220 0.300154 0.013455 0.023457
0 0.198220 0.300154 0.013455 0.023457
0 0.198220 0.300154 0.013455 0.023457
0 0.198220 0.300154 0.013455 0.023457
0 0.198220 0.300154 0.013455 0.023457
0 0.198220 0.300154 0.013455 0.023457
0 0.198220 0.300154 0.013455 0.023457
0 0.198220 0.300154 0.013455 0.023457
0 0.198220 0.300154 0.013455 0.023457
0 0.198220 0.300154 0.013455 0.023457
0 0.198220 0.300154 0.013455 0.023457
0 0.198220 0.300154 0.013455 0.023457
0 0.198220 0.300154 0.013455 0.023457
0 0.198220 0.300154 0.013455 0.023457
0 0.198220 0.300154 0.013455 0.023457
0 0.198220 0.300154 0.013455 0.023457
0 0.198220 0.300154 0.013455 0.023457
0 0.198220 0.300154 0.013455 0.023457
0 0.198220 0.300154 0.013455 0.023457
0 0.198220 0.300154 0.013455 0.023457
0 0.198220 0.300154 0.013455 0.023457
0 0.198220 0.300154 0.013455 0.023457
0 0.198220 0.300154 0.013455 0.023457
0 0.198220 0.300154 0.013455 0.023457
0 0.198220 0.300154 0.013455 0.023457
0 0.198220 0.300154 0.013455 0.023457
0 0.198220 0.300154 0.013455 0.023457
0 0.198220 0.300154 0.013455 0.023457
0 0.198220 0.300154 0.013455 0.023457
0 0.198220 0.300154 0.013455 0.023457
0 0.197960 0.271065 0.013455 0.023302
0 0.197743 0.242438 0.013368 0.023457
0 0.197483 0.213349 0.013368 0.023302
0 0.197266 0.184722 0.013455 0.023457
0 0.197266 0.155864 0.013455 0.023765
0 0.197005 0.127006 0.013455 0.023457
0 0.196745 0.098225 0.013455 0.023920
0 0.196528 0.069290 0.013368 0.023457
0 0.196267 0.040509 0.013368 0.023920
0 0.196267 0.011883 0.013368 0.023765
0 0.197005 0.015741 0.013455 0.023765
0 0.197960 0.020139 0.013455 0.023920
0 0.198958 0.024460 0.013368 0.023920
0 0.199696 0.028549 0.013455 0.023457
0 0.200651 0.032870 0.013455 0.023457
0 0.201649 0.037037 0.013368 0.023765
0 0.202387 0.041127 0.013455 0.023302
0 0.203342 0.045525 0.013455 0.023457
0 0.204340 0.049846 0.013368 0.023457
0 0.205295 0.054167 0.013368 0.023457
0 0.205773 0.058951 0.013455 0.023457
0 0.206510 0.064120 0.013368 0.023302
0 0.207248 0.068904 0.013455 0.023302
0 0.207726 0.074074 0.013368 0.023457
0 0.208464 0.079321 0.013455 0.023457
0 0.209201 0.084105 0.013368 0.023457
0 0.209679 0.089275 0.013455 0.023302
0 0.210417 0.094059 0.013368 0.023302
0 0.211155 0.099228 0.013455 0.023457
0 0.211892 0.104475 0.013368 0.023457
0 0.211415 0.108333 0.013455 0.023457
0 0.210894 0.112269 0.013455 0.023302
0 0.210417 0.116204 0.013368 0.023457
0 0.210200 0.120062 0.013455 0.023457
0 0.209679 0.123997 0.013455 0.023302
0 0.209201 0.127932 0.013368 0.023457
0 0.208984 0.131790 0.013455 0.023457
0 0.208464 0.135648 0.013455 0.023457
0 0.207986 0.139660 0.013368 0.023457
0 0.207726 0.143981 0.013368 0.023457
0 0.207248 0.147377 0.013455 0.023457
0 0.206988 0.151312 0.013455 0.023302
0 0.206510 0.155247 0.013368 0.023457
0 0.206293 0.158642 0.013455 0.023457
0 0.205773 0.162654 0.013455 0.023457
0 0.205556 0.166512 0.013368 0.023457
0 0.205078 0.169985 0.013455 0.023302
0 0.204818 0.173920 0.013455 0.023457
0 0.204340 0.177778 0.013368 0.023457
0 0.204080 0.181636 0.013368 0.023457
0 0.203863 0.185185 0.013455 0.023457
0 0.203602 0.188580 0.013455 0.023457
0 0.203602 0.192130 0.013455 0.023457
0 0.203342 0.195525 0.013455 0.023457
0 0.203342 0.199537 0.013455 0.023457
0 0.203082 0.202932 0.013455 0.023457
0 0.202865 0.206404 0.013368 0.023302
0 0.202865 0.209877 0.013368 0.023457
0 0.202604 0.213349 0.013368 0.023302
0 0.202604 0.217284 0.013368 0.023457
0 0.202387 0.221142 0.013455 0.023457
0 0.202127 0.225463 0.013455 0.023457
0 0.201866 0.229784 0.013455 0.023457
0 0.201866 0.233796 0.013455 0.023457
0 0.201649 0.238117 0.013368 0.023457
0 0.201389 0.242438 0.013368 0.023457
0 0.201389 0.246296 0.013368 0.023457
0 0.201172 0.250617 0.013455 0.023457
0 0.200911 0.255015 0.013455 0.023302
0 0.200911 0.259336 0.013455 0.023302
0 0.200434 0.263272 0.013368 0.023457
0 0.200174 0.267130 0.013368 0.023457
0 0.199957 0.271451 0.013455 0.023457
0 0.199696 0.275386 0.013455 0.023302
0 0.199436 0.279784 0.013455 0.023457
0 0.199175 0.283642 0.013455 0.023457
0 0.198958 0.287500 0.013368 0.023457
0 0.198698 0.291821 0.013368 0.023457
0 0.198481 0.295833 0.013455 0.023457
0 0.198220 0.300154 0.013455 0.023457
0 0.197526 0.302546 0.012934 0.022068
0 0.196875 0.305093 0.012674 0.021296
0 0.196137 0.307716 0.012240 0.019444
0 0.195530 0.310262 0.011892 0.018673
0 0.194922 0.313117 0.011719 0.017284
0 0.194227 0.315586 0.011198 0.016049
0 0.193576 0.318133 0.010937 0.015278
0 0.192839 0.320756 0.010503 0.013426
0 0.192274 0.323302 0.010243 0.012654
0 0.191623 0.326157 0.009983 0.011265
0 0.191623 0.326157 0.009983 0.011265
0 0.191623 0.326157 0.009983 0.011265
0 0.191623 0.326157 0.009983 0.011265
0 0.191623 0.326157 0.009983 0.011265
0 0.191623 0.326157 0.009983 0.011265
0 0.191623 0.326157 0.009983 0.011265
0 0.191623 0.326157 0.009983 0.011265
0 0.191623 0.326157 0.009983 0.011265
0 0.191623 0.326157 0.009983 0.011265
0 0.191623 0.326157 0.009983 0.011265
0 0.191623 0.326157 0.009983 0.011265
0 0.191623 0.326157 0.009983 0.011265
0 0.191623 0.326157 0.009983 0.011265
0 0.191623 0.326157 0.009983 0.011265
0 0.191623 0.326157 0.009983 0.011265
0 0.191623 0.326157 0.009983 0.011265
0 0.191623 0.326157 0.009983 0.011265
0 0.191623 0.326157 0.009983 0.011265
0 0.191623 0.326157 0.009983 0.011265
0 0.191623 0.326157 0.009983 0.011265
0 0.191623 0.326157 0.009983 0.011265
0 0.191623 0.326157 0.009983 0.011265
0 0.191623 0.326157 0.009983 0.011265
0 0.191623 0.326157 0.009983 0.011265
0 0.191623 0.326157 0.009983 0.011265
0 0.191623 0.326157 0.009983 0.011265
0 0.191623 0.326157 0.009983 0.011265
0 0.191623 0.326157 0.009983 0.011265
0 0.191623 0.326157 0.009983 0.011265
0 0.191623 0.326157 0.009983 0.011265
0 0.191623 0.326157 0.009983 0.011265
0 0.191623 0.326157 0.009983 0.011265
0 0.191623 0.326157 0.009983 0.011265
0 0.191623 0.326157 0.009983 0.011265
0 0.191623 0.326157 0.009983 0.011265
0 0.191623 0.326157 0.009983 0.011265
0 0.191623 0.326157 0.009983 0.011265
0 0.191623 0.326157 0.009983 0.011265
0 0.191623 0.326157 0.009983 0.011265
0 0.191623 0.326157 0.009983 0.011265
