0 0.255816 0.001929 0.004167 0.003858
0 0.230208 0.001698 0.003646 0.003395
0 0.204687 0.001698 0.003472 0.003395
0 0.179210 0.001466 0.003212 0.002932
0 0.153602 0.001466 0.002691 0.002932
0 0.128038 0.001235 0.002431 0.002469
0 0.102561 0.001235 0.002170 0.002469
0 0.076953 0.001080 0.001649 0.002160
0 0.051432 0.001080 0.001476 0.002160
0 0.025955 0.000849 0.001215 0.001698
0 0.000477 0.000849 0.000955 0.001698
0 0.000477 0.000849 0.000955 0.001698
0 0.000477 0.000849 0.000955 0.001698
0 0.000477 0.000849 0.000955 0.001698
0 0.000477 0.000849 0.000955 0.001698
0 0.000477 0.000849 0.000955 0.001698
0 0.000477 0.000849 0.000955 0.001698
0 0.000477 0.000849 0.000955 0.001698
0 0.000477 0.000849 0.000955 0.001698
0 0.000477 0.000849 0.000955 0.001698
0 0.000477 0.000849 0.000955 0.001698
0 0.000477 0.000849 0.000955 0.001698
0 0.000477 0.000849 0.000955 0.001698
0 0.000477 0.000849 0.000955 0.001698
0 0.000477 0.000849 0.000955 0.001698
0 0.000477 0.000849 0.000955 0.001698
0 0.000477 0.000849 0.000955 0.001698
0 0.000477 0.000849 0.000955 0.001698
0 0.000477 0.000849 0.000955 0.001698
0 0.000477 0.000849 0.000955 0.001698
0 0.000477 0.000849 0.000955 0.001698
0 0.000477 0.000849 0.000955 0.001698
0 0.000477 0.000849 0.000955 0.001698
0 0.000477 0.000849 0.000955 0.001698
0 0.000477 0.000849 0.000955 0.001698
0 0.000477 0.000849 0.000955 0.001698
0 0.000477 0.000849 0.000955 0.001698
0 0.000477 0.000849 0.000955 0.001698
0 0.000477 0.000849 0.000955 0.001698
0 0.000477 0.000849 0.000955 0.001698
0 0.000477 0.000849 0.000955 0.001698
0 0.000477 0.000849 0.000955 0.001698
0 0.000477 0.000849 0.000955 0.001698
0 0.000477 0.000849 0.000955 0.001698
0 0.000477 0.000849 0.000955 0.001698
0 0.000477 0.000849 0.000955 0.001698
0 0.000477 0.000849 0.000955 0.001698
0 0.000477 0.000849 0.000955 0.001698
0 0.000477 0.000849 0.000955 0.001698
0 0.000477 0.000849 0.000955 0.001698
0 0.000477 0.000849 0.000955 0.001698
0 0.000477 0.000849 0.000955 0.001698
0 0.000477 0.000849 0.000955 0.001698
0 0.000477 0.000849 0.000955 0.001698
0 0.000477 0.000849 0.000955 0.001698
0 0.000477 0.000849 0.000955 0.001698
0 0.000477 0.000849 0.000955 0.001698
0 0.000477 0.000849 0.000955 0.001698
0 0.000477 0.000849 0.000955 0.001698
0 0.000477 0.000849 0.000955 0.001698
0 0.000477 0.000849 0.000955 0.001698
0 0.000477 0.000849 0.000955 0.001698
0 0.000477 0.000849 0.000955 0.001698
0 0.000477 0.000849 0.000955 0.001698
0 0.000477 0.000849 0.000955 0.001698
0 0.000477 0.000849 0.000955 0.001698
0 0.000477 0.000849 0.000955 0.001698
0 0.000477 0.000849 0.000955 0.001698
0 0.000477 0.000849 0.000955 0.001698
0 0.000477 0.000849 0.000955 0.001698
0 0.000477 0.000849 0.000955 0.001698
0 0.000477 0.000849 0.000955 0.001698
0 0.000477 0.000849 0.000955 0.001698
0 0.000477 0.000849 0.000955 0.001698
0 0.000477 0.000849 0.000955 0.001698
0 0.000477 0.000849 0.000955 0.001698
0 0.000477 0.000849 0.000955 0.001698
0 0.000477 0.000849 0.000955 0.001698
0 0.000477 0.000849 0.000955 0.001698
0 0.000477 0.000849 0.000955 0.001698
0 0.000477 0.000849 0.000955 0.001698
0 0.000477 0.000849 0.000955 0.001698
0 0.000477 0.000849 0.000955 0.001698
0 0.000477 0.000849 0.000955 0.001698
0 0.000477 0.000849 0.000955 0.001698
0 0.000477 0.000849 0.000955 0.001698
0 0.000477 0.000849 0.000955 0.001698
0 0.000477 0.000849 0.000955 0.001698
0 0.000477 0.000849 0.000955 0.001698
0 0.000477 0.000849 0.000955 0.001698
0 0.000477 0.000849 0.000955 0.001698
0 0.028516 0.001080 0.001997 0.002160
0 0.056814 0.001235 0.002865 0.002469
0 0.085113 0.001466 0.003906 0.002932
0 0.113194 0.001698 0.004861 0.003395
0 0.141493 0.001929 0.005903 0.003858
0 0.169792 0.002160 0.006771 0.004321
0 0.197830 0.002315 0.007812 0.004630
0 0.226172 0.002546 0.008767 0.005093
0 0.254470 0.002778 0.009809 0.005556
0 0.282769 0.003009 0.010677 0.006019
0 0.282769 0.003009 0.010677 0.006019
0 0.282769 0.003009 0.010677 0.006019
0 0.282769 0.003009 0.010677 0.006019
0 0.282769 0.003009 0.010677 0.006019
0 0.282769 0.003009 0.010677 0.006019
0 0.282769 0.003009 0.010677 0.006019
0 0.282769 0.003009 0.010677 0.006019
0 0.282769 0.003009 0.010677 0.006019
0 0.282769 0.003009 0.010677 0.006019
0 0.282769 0.003009 0.010677 0.006019
0 0.282769 0.003009 0.010677 0.006019
0 0.282769 0.003009 0.010677 0.006019
0 0.282769 0.003009 0.010677 0.006019
0 0.282769 0.003009 0.010677 0.006019
0 0.282769 0.003009 0.010677 0.006019
0 0.282769 0.003009 0.010677 0.006019
0 0.282769 0.003009 0.010677 0.006019
0 0.282769 0.003009 0.010677 0.006019
0 0.282769 0.003009 0.010677 0.006019
0 0.282769 0.003009 0.010677 0.006019
0 0.282769 0.003009 0.010677 0.006019
0 0.282769 0.003009 0.010677 0.006019
0 0.282769 0.003009 0.010677 0.006019
0 0.282769 0.003009 0.010677 0.006019
0 0.282769 0.003009 0.010677 0.006019
0 0.282769 0.003009 0.010677 0.006019
0 0.282769 0.003009 0.010677 0.006019
0 0.282769 0.003009 0.010677 0.006019
0 0.282769 0.003009 0.010677 0.006019
0 0.282769 0.003009 0.010677 0.006019
0 0.279991 0.002778 0.009983 0.005556
0 0.277300 0.002778 0.009462 0.005556
0 0.274479 0.002546 0.008854 0.005093
0 0.271918 0.002546 0.008073 0.005093
0 0.269227 0.002315 0.007552 0.004630
0 0.266450 0.002315 0.006858 0.004630
0 0.263889 0.002160 0.006076 0.004321
0 0.261024 0.002160 0.005382 0.004321
0 0.258377 0.001929 0.004948 0.003858
0 0.255816 0.001929 0.004167 0.003858
0 0.255686 0.001929 0.004427 0.003858
0 0.255816 0.001929 0.004687 0.003858
0 0.255816 0.002160 0.004687 0.004321
0 0.255903 0.002160 0.004861 0.004321
0 0.255903 0.002315 0.004861 0.004630
0 0.255903 0.002315 0.005382 0.004630
0 0.255903 0.002315 0.005382 0.004630
0 0.256033 0.002546 0.005642 0.005093
0 0.256033 0.002546 0.005642 0.005093
0 0.256163 0.002778 0.005903 0.005556
0 0.256901 0.002778 0.006337 0.005556
0 0.257899 0.002778 0.006771 0.005556
0 0.258594 0.002778 0.007292 0.005556
0 0.259635 0.003009 0.007812 0.006019
0 0.260460 0.003164 0.008594 0.005710
0 0.261328 0.003164 0.008767 0.005710
0 0.262153 0.003395 0.009549 0.006173
0 0.263021 0.003395 0.009722 0.006173
0 0.263845 0.003395 0.010503 0.006173
0 0.264844 0.003781 0.010937 0.006019
0 0.265582 0.004012 0.011024 0.006481
0 0.266536 0.004244 0.011024 0.006944
0 0.267274 0.004475 0.010937 0.007407
0 0.268273 0.004707 0.011024 0.007870
0 0.269097 0.004938 0.010764 0.008333
0 0.269965 0.005093 0.010937 0.008642
0 0.270833 0.005324 0.010764 0.009105
0 0.271658 0.005556 0.011024 0.009568
0 0.272526 0.005787 0.010677 0.010031
0 0.273524 0.006019 0.010764 0.010494
0 0.274219 0.005556 0.010764 0.010494
0 0.274957 0.005324 0.010677 0.010031
0 0.275694 0.005093 0.010764 0.009568
0 0.276432 0.004861 0.010677 0.009105
0 0.277170 0.004707 0.010764 0.008796
0 0.278125 0.004321 0.010764 0.008642
0 0.278863 0.004090 0.010677 0.008179
0 0.279601 0.003858 0.010764 0.007716
0 0.280339 0.003627 0.010677 0.007253
0 0.281076 0.003395 0.010764 0.006790
