0 0.129036 0.042670 0.003385 0.014352
0 0.129036 0.042670 0.003385 0.014352
0 0.129036 0.042670 0.003385 0.014352
0 0.129036 0.042670 0.003385 0.014352
0 0.129036 0.042670 0.003385 0.014352
0 0.129036 0.042670 0.003385 0.014352
0 0.129036 0.042670 0.003385 0.014352
0 0.129036 0.042670 0.003385 0.014352
0 0.129036 0.042670 0.003385 0.014352
0 0.129036 0.042670 0.003385 0.014352
0 0.129036 0.042670 0.003385 0.014352
0 0.129036 0.042670 0.003385 0.014352
0 0.129036 0.042670 0.003385 0.014352
0 0.129036 0.042670 0.003385 0.014352
0 0.129036 0.042670 0.003385 0.014352
0 0.129036 0.042670 0.003385 0.014352
0 0.129036 0.042670 0.003385 0.014352
0 0.129036 0.042670 0.003385 0.014352
0 0.129036 0.042670 0.003385 0.014352
0 0.129036 0.042670 0.003385 0.014352
0 0.129036 0.042670 0.003385 0.014352
0 0.129036 0.042670 0.003385 0.014352
0 0.129036 0.042670 0.003385 0.014352
0 0.129036 0.042670 0.003385 0.014352
0 0.129036 0.042670 0.003385 0.014352
0 0.129036 0.042670 0.003385 0.014352
0 0.129036 0.042670 0.003385 0.014352
0 0.129036 0.042670 0.003385 0.014352
0 0.129036 0.042670 0.003385 0.014352
0 0.129036 0.042670 0.003385 0.014352
0 0.129036 0.042670 0.003385 0.014352
0 0.129036 0.042670 0.003385 0.014352
0 0.129036 0.042670 0.003385 0.014352
0 0.129036 0.042670 0.003385 0.014352
0 0.129036 0.042670 0.003385 0.014352
0 0.129036 0.042670 0.003385 0.014352
0 0.129036 0.042670 0.003385 0.014352
0 0.129036 0.042670 0.003385 0.014352
0 0.129036 0.042670 0.003385 0.014352
0 0.129036 0.042670 0.003385 0.014352
0 0.129036 0.042670 0.003385 0.014352
0 0.129036 0.042670 0.003385 0.014352
0 0.129036 0.042670 0.003385 0.014352
0 0.129036 0.042670 0.003385 0.014352
0 0.129036 0.042670 0.003385 0.014352
0 0.129036 0.042670 0.003385 0.014352
0 0.129036 0.042670 0.003385 0.014352
0 0.129036 0.042670 0.003385 0.014352
0 0.129036 0.042670 0.003385 0.014352
0 0.129036 0.042670 0.003385 0.014352
0 0.129036 0.042670 0.003385 0.014352
0 0.129036 0.042670 0.003385 0.014352
0 0.129036 0.042670 0.003385 0.014352
0 0.129036 0.042670 0.003385 0.014352
0 0.129036 0.042670 0.003385 0.014352
0 0.129036 0.042670 0.003385 0.014352
0 0.129036 0.042670 0.003385 0.014352
0 0.129036 0.042670 0.003385 0.014352
0 0.129036 0.042670 0.003385 0.014352
0 0.129036 0.042670 0.003385 0.014352
0 0.129036 0.042670 0.003385 0.014352
0 0.130642 0.044830 0.003646 0.014352
0 0.132335 0.046991 0.003733 0.014352
0 0.134028 0.049383 0.003646 0.013889
0 0.135764 0.051543 0.003646 0.013889
0 0.137457 0.053935 0.003733 0.013426
0 0.139149 0.056096 0.003646 0.013426
0 0.140885 0.058256 0.003646 0.013426
0 0.142622 0.060648 0.003646 0.012963
0 0.144271 0.062809 0.003646 0.012963
0 0.146137 0.065201 0.003906 0.012500
0 0.145356 0.064815 0.003906 0.012654
0 0.144661 0.064815 0.003906 0.012654
0 0.144141 0.064815 0.003906 0.012654
0 0.143446 0.064352 0.003906 0.012654
0 0.142925 0.064352 0.003906 0.012654
0 0.142231 0.064352 0.003906 0.012654
0 0.141450 0.063889 0.003906 0.012654
0 0.141016 0.063889 0.003906 0.012654
0 0.140234 0.063889 0.003906 0.012654
0 0.139800 0.063889 0.003906 0.012654
0 0.139280 0.063503 0.003906 0.012500
0 0.138845 0.063503 0.003906 0.012500
0 0.138325 0.063040 0.003906 0.012500
0 0.137804 0.063040 0.003906 0.012500
0 0.137370 0.062577 0.003906 0.012500
0 0.136849 0.062577 0.003906 0.012500
0 0.136328 0.062191 0.003906 0.012654
0 0.135894 0.062191 0.003906 0.012654
0 0.135373 0.061728 0.003906 0.012654
0 0.135113 0.061728 0.003906 0.012654
0 0.134939 0.060880 0.003906 0.012500
0 0.134679 0.060417 0.003906 0.012500
0 0.134418 0.060031 0.003906 0.012654
0 0.134158 0.059568 0.003906 0.012654
0 0.133898 0.059105 0.003906 0.012654
0 0.133681 0.058719 0.003819 0.012500
0 0.133464 0.058256 0.003906 0.012500
0 0.133203 0.057870 0.003906 0.012654
0 0.132943 0.057407 0.003906 0.012654
0 0.132943 0.056944 0.003906 0.012654
0 0.132682 0.056559 0.003906 0.012500
0 0.132422 0.056096 0.003906 0.012500
0 0.132248 0.056096 0.003906 0.012500
0 0.131988 0.055633 0.003906 0.012500
0 0.131988 0.055633 0.003906 0.012500
0 0.131727 0.055247 0.003906 0.012654
0 0.131467 0.054784 0.003906 0.012654
0 0.131207 0.054784 0.003906 0.012654
0 0.131033 0.054398 0.003906 0.012500
0 0.131033 0.054398 0.003906 0.012500
0 0.130773 0.053935 0.003906 0.012500
0 0.130512 0.053472 0.003906 0.012500
0 0.130252 0.053086 0.003906 0.012654
0 0.130252 0.052623 0.003906 0.012654
0 0.129991 0.052160 0.003906 0.012654
0 0.129818 0.051775 0.003906 0.012500
0 0.129818 0.051312 0.003906 0.012500
0 0.129557 0.050926 0.003906 0.012654
0 0.129297 0.050463 0.003906 0.012654
0 0.129297 0.050000 0.003906 0.012654
0 0.129297 0.049614 0.003906 0.012500
0 0.129297 0.049614 0.003906 0.012500
0 0.129557 0.049151 0.003906 0.012500
0 0.129557 0.049151 0.003906 0.012500
0 0.129818 0.048765 0.003906 0.012654
0 0.129818 0.048765 0.003906 0.012654
0 0.129818 0.048302 0.003906 0.012654
0 0.129991 0.048302 0.003906 0.012654
0 0.129991 0.047840 0.003906 0.012654
0 0.130252 0.047840 0.003906 0.012654
0 0.130252 0.047454 0.003906 0.012500
0 0.130252 0.047222 0.003906 0.012037
0 0.130252 0.046759 0.003906 0.012037
0 0.130252 0.046759 0.003906 0.012037
0 0.130252 0.046373 0.003906 0.012191
0 0.130252 0.046142 0.003906 0.011728
0 0.130252 0.045910 0.003906 0.012191
0 0.130252 0.045679 0.003906 0.011728
0 0.130252 0.045216 0.003906 0.011728
0 0.130382 0.045216 0.003646 0.011728
0 0.130382 0.045216 0.003646 0.011728
0 0.130382 0.045216 0.003646 0.011728
0 0.130382 0.045216 0.003646 0.011728
0 0.130382 0.045216 0.003646 0.011728
0 0.130382 0.045216 0.003646 0.011728
0 0.130382 0.045216 0.003646 0.011728
0 0.130382 0.045216 0.003646 0.011728
0 0.130382 0.045216 0.003646 0.011728
0 0.130382 0.045216 0.003646 0.011728
0 0.130382 0.045216 0.003646 0.011728
0 0.130382 0.045216 0.003646 0.011728
0 0.130382 0.045216 0.003646 0.011728
0 0.130382 0.045216 0.003646 0.011728
0 0.130382 0.045216 0.003646 0.011728
0 0.130382 0.045216 0.003646 0.011728
0 0.130382 0.045216 0.003646 0.011728
0 0.130382 0.045216 0.003646 0.011728
0 0.130382 0.045216 0.003646 0.011728
0 0.130382 0.045216 0.003646 0.011728
0 0.130382 0.045216 0.003646 0.011728
0 0.130122 0.044830 0.003646 0.011574
0 0.130122 0.044830 0.003646 0.011574
0 0.129905 0.044444 0.003733 0.011728
0 0.129905 0.044444 0.003733 0.011728
0 0.129905 0.044444 0.003733 0.011728
0 0.129687 0.043981 0.003646 0.011728
0 0.129687 0.043981 0.003646 0.011728
0 0.129427 0.043519 0.003646 0.011728
0 0.129427 0.043519 0.003646 0.011728
0 0.129427 0.043519 0.003646 0.011728
0 0.129167 0.043287 0.003646 0.012191
0 0.129167 0.043287 0.003646 0.012191
0 0.129167 0.043056 0.003646 0.012654
0 0.129167 0.043056 0.003646 0.012654
0 0.129167 0.042901 0.003646 0.012963
0 0.129036 0.042901 0.003385 0.012963
0 0.129036 0.042670 0.003385 0.013426
0 0.129036 0.042670 0.003385 0.013426
0 0.129036 0.042438 0.003385 0.013889
0 0.129036 0.042438 0.003385 0.013889
