0 0.225174 0.082562 0.010243 0.013580
0 0.225174 0.082948 0.010243 0.013426
0 0.225434 0.083410 0.010243 0.013426
0 0.225694 0.083873 0.010243 0.013426
0 0.225694 0.084336 0.010243 0.013426
0 0.225955 0.085108 0.010243 0.013426
0 0.226128 0.085571 0.010243 0.013426
0 0.226128 0.086034 0.010243 0.013426
0 0.226389 0.086497 0.010243 0.013426
0 0.226649 0.086960 0.010243 0.013426
0 0.226910 0.087731 0.010243 0.013426
0 0.227387 0.088194 0.010330 0.013426
0 0.227865 0.088657 0.010243 0.013426
0 0.228472 0.089275 0.010069 0.013117
0 0.228950 0.089738 0.009983 0.013117
0 0.229601 0.090355 0.009722 0.012500
0 0.230078 0.090818 0.009809 0.012500
0 0.230556 0.091204 0.009722 0.012654
0 0.231163 0.091898 0.009549 0.012191
0 0.231641 0.092361 0.009462 0.012191
0 0.232378 0.093210 0.009549 0.012037
0 0.232248 0.093210 0.009809 0.012037
0 0.232248 0.093596 0.009809 0.012191
0 0.232248 0.093596 0.009809 0.012191
0 0.232248 0.094059 0.009809 0.012191
0 0.232248 0.094059 0.009809 0.012191
0 0.232248 0.094522 0.009809 0.012191
0 0.232248 0.094522 0.009809 0.012191
0 0.232248 0.094907 0.009809 0.012037
0 0.232248 0.094907 0.009809 0.012037
0 0.232248 0.095370 0.009809 0.012037
0 0.232509 0.095756 0.009809 0.012191
0 0.232769 0.096682 0.009809 0.012191
0 0.232986 0.097145 0.009722 0.012191
0 0.233247 0.097917 0.009722 0.012191
0 0.233724 0.098380 0.009809 0.012191
0 0.233984 0.099306 0.009809 0.012191
0 0.234201 0.099691 0.009722 0.012037
0 0.234462 0.100540 0.009722 0.012191
0 0.234722 0.101003 0.009722 0.012191
0 0.235200 0.101852 0.009809 0.012037
0 0.235417 0.101852 0.009722 0.012037
0 0.235937 0.102315 0.009722 0.012037
0 0.236285 0.102315 0.009549 0.012037
0 0.236675 0.102701 0.009809 0.012191
0 0.237153 0.102701 0.009722 0.012191
0 0.237500 0.103164 0.009549 0.012191
0 0.237891 0.103164 0.009809 0.012191
0 0.238238 0.103627 0.009462 0.012191
0 0.238715 0.103627 0.009549 0.012191
0 0.239236 0.104090 0.009549 0.012191
0 0.239453 0.104090 0.009462 0.012191
0 0.239844 0.104475 0.009722 0.012037
0 0.240191 0.104861 0.009549 0.012191
0 0.240538 0.104861 0.009722 0.012191
0 0.240929 0.105324 0.009462 0.012191
0 0.241276 0.105787 0.009809 0.012191
0 0.241536 0.105787 0.009809 0.012191
0 0.242014 0.106250 0.009722 0.012191
0 0.242274 0.106636 0.009722 0.012037
0 0.242752 0.107022 0.009809 0.012191
0 0.242752 0.106636 0.009809 0.012037
0 0.242752 0.106250 0.009809 0.012191
0 0.242752 0.106250 0.009809 0.012191
0 0.242752 0.105787 0.009809 0.012191
0 0.242752 0.105787 0.009809 0.012191
0 0.242752 0.105324 0.009809 0.012191
0 0.242752 0.104861 0.009809 0.012191
0 0.242752 0.104861 0.009809 0.012191
0 0.242752 0.104475 0.009809 0.012037
0 0.243012 0.104475 0.009809 0.012037
0 0.243012 0.104475 0.009809 0.012037
0 0.243012 0.104630 0.009809 0.011728
0 0.243142 0.104861 0.009549 0.012191
0 0.243229 0.105093 0.009722 0.011728
0 0.243359 0.105324 0.009462 0.012191
0 0.243359 0.105556 0.009462 0.011728
0 0.243490 0.105556 0.009722 0.011728
0 0.243620 0.106019 0.009462 0.011728
0 0.243620 0.106019 0.009462 0.011728
0 0.243837 0.106481 0.009549 0.011728
0 0.244097 0.106790 0.009549 0.011728
0 0.244358 0.107716 0.009549 0.011728
0 0.244575 0.108642 0.009462 0.011728
0 0.244965 0.109259 0.009722 0.012037
0 0.245312 0.110108 0.009549 0.012191
0 0.245573 0.110802 0.009549 0.011728
0 0.245920 0.111420 0.009722 0.012037
0 0.246181 0.112269 0.009722 0.012191
0 0.246441 0.113194 0.009722 0.012191
0 0.246918 0.113966 0.009809 0.012191
0 0.246658 0.114429 0.009809 0.012191
0 0.246658 0.115355 0.009809 0.012191
0 0.246441 0.115972 0.009722 0.011574
0 0.246441 0.116821 0.009722 0.011728
0 0.246311 0.117515 0.009462 0.011265
0 0.246181 0.118133 0.009722 0.011574
0 0.246050 0.118750 0.009462 0.011265
0 0.245920 0.119676 0.009722 0.011265
0 0.245833 0.120293 0.009549 0.010957
0 0.245833 0.121142 0.009549 0.010802
0 0.245833 0.121605 0.009549 0.010802
0 0.245833 0.122068 0.009549 0.010802
0 0.245833 0.122917 0.009549 0.010957
0 0.245833 0.123302 0.009549 0.010802
0 0.245833 0.124228 0.009549 0.010802
0 0.245833 0.124691 0.009549 0.010802
0 0.245833 0.125077 0.009549 0.010957
0 0.245833 0.125926 0.009549 0.010802
0 0.245833 0.126389 0.009549 0.010802
0 0.246050 0.127238 0.009462 0.010957
0 0.246050 0.128086 0.009462 0.010802
0 0.246050 0.129012 0.009462 0.010802
0 0.246050 0.129861 0.009462 0.010957
0 0.246050 0.130710 0.009462 0.010802
0 0.246181 0.131790 0.009201 0.010494
0 0.246181 0.132639 0.009201 0.010340
0 0.246181 0.133565 0.009201 0.010340
0 0.246181 0.134414 0.009201 0.010494
0 0.246181 0.135262 0.009201 0.010340
0 0.246398 0.136343 0.009288 0.010031
0 0.246398 0.137269 0.009288 0.010031
0 0.246658 0.138503 0.009288 0.010031
0 0.246658 0.139815 0.009288 0.009877
0 0.246918 0.141127 0.009288 0.010031
0 0.246918 0.142438 0.009288 0.009877
0 0.247179 0.143287 0.009288 0.010031
0 0.247179 0.144599 0.009288 0.009877
0 0.247396 0.145910 0.009201 0.010031
0 0.247396 0.147222 0.009201 0.009877
0 0.247613 0.148534 0.009288 0.010031
0 0.247396 0.148920 0.009201 0.009877
0 0.247396 0.149769 0.009201 0.010031
0 0.247179 0.150694 0.009288 0.010031
0 0.247179 0.151543 0.009288 0.009877
0 0.247179 0.152392 0.009288 0.010031
0 0.246918 0.153318 0.009288 0.010031
0 0.246918 0.154167 0.009288 0.009877
0 0.246658 0.155015 0.009288 0.010031
0 0.246658 0.155864 0.009288 0.009877
0 0.246658 0.156713 0.009288 0.010031
0 0.246658 0.157639 0.009288 0.010031
0 0.246658 0.158488 0.009288 0.009877
0 0.246658 0.159799 0.009288 0.010031
0 0.246918 0.160648 0.009288 0.009877
0 0.246918 0.161960 0.009288 0.010031
0 0.246918 0.162809 0.009288 0.009877
0 0.247179 0.163657 0.009288 0.010031
0 0.247179 0.164969 0.009288 0.009877
0 0.247179 0.165818 0.009288 0.010031
0 0.247396 0.167207 0.009201 0.010031
0 0.247396 0.167978 0.009201 0.010031
0 0.247613 0.168904 0.009288 0.010031
0 0.247613 0.169753 0.009288 0.009877
0 0.247873 0.170602 0.009288 0.010031
0 0.247873 0.171914 0.009288 0.009877
0 0.248134 0.172762 0.009288 0.010031
0 0.248134 0.173688 0.009288 0.010031
0 0.248394 0.174537 0.009288 0.009877
0 0.248394 0.175386 0.009288 0.010031
0 0.248611 0.176698 0.009201 0.009877
0 0.248611 0.176698 0.009201 0.009877
0 0.248828 0.177160 0.009288 0.009877
0 0.248828 0.177160 0.009288 0.009877
0 0.249089 0.177546 0.009288 0.010031
0 0.249219 0.177778 0.009028 0.009568
0 0.249349 0.178009 0.009288 0.010031
0 0.249479 0.178241 0.009028 0.009568
0 0.249609 0.178472 0.009288 0.010031
0 0.249740 0.178704 0.009028 0.009568
0 0.249957 0.179090 0.009115 0.009414
0 0.249740 0.179090 0.009028 0.009414
0 0.249740 0.179475 0.009028 0.009568
0 0.249740 0.179475 0.009028 0.009568
0 0.249740 0.179938 0.009028 0.009568
0 0.249740 0.180170 0.009028 0.010031
0 0.249740 0.180401 0.009028 0.009568
0 0.249740 0.180633 0.009028 0.010031
0 0.249740 0.180864 0.009028 0.009568
0 0.249740 0.181019 0.009028 0.009877
0 0.249740 0.181481 0.009028 0.009877
