0 0.117665 0.161806 0.008073 0.025154
0 0.118663 0.161343 0.007986 0.025154
0 0.119792 0.161343 0.008333 0.025154
0 0.120877 0.161111 0.008073 0.024691
0 0.121962 0.161111 0.008333 0.024691
0 0.123047 0.161111 0.008073 0.024691
0 0.124175 0.160648 0.008247 0.024691
0 0.125130 0.160648 0.008247 0.024691
0 0.126345 0.160417 0.008247 0.024228
0 0.127344 0.160417 0.008333 0.024228
0 0.128559 0.160417 0.008333 0.024228
0 0.128819 0.160417 0.008333 0.024228
0 0.129036 0.160417 0.008247 0.024228
0 0.129297 0.160417 0.008247 0.024228
0 0.129514 0.160417 0.008333 0.024228
0 0.130035 0.160417 0.008333 0.024228
0 0.130252 0.160417 0.008247 0.024228
0 0.130512 0.160417 0.008247 0.024228
0 0.130729 0.160417 0.008333 0.024228
0 0.130990 0.160417 0.008333 0.024228
0 0.131467 0.160880 0.008247 0.024228
0 0.131250 0.160880 0.008333 0.024228
0 0.130990 0.161343 0.008333 0.024228
0 0.130990 0.161343 0.008333 0.024228
0 0.130729 0.161728 0.008333 0.024383
0 0.130729 0.161728 0.008333 0.024383
0 0.130512 0.162191 0.008247 0.024383
0 0.130252 0.162191 0.008247 0.024383
0 0.130252 0.162577 0.008247 0.024228
0 0.130035 0.162577 0.008333 0.024228
0 0.130035 0.163040 0.008333 0.024228
0 0.129774 0.162577 0.008333 0.024228
0 0.129514 0.162577 0.008333 0.024228
0 0.129297 0.162577 0.008247 0.024228
0 0.129036 0.162577 0.008247 0.024228
0 0.128819 0.162577 0.008333 0.024228
0 0.128559 0.162191 0.008333 0.024383
0 0.128299 0.162191 0.008333 0.024383
0 0.128082 0.162191 0.008247 0.024383
0 0.127821 0.162191 0.008247 0.024383
0 0.127821 0.162191 0.008247 0.024383
0 0.127604 0.162191 0.008333 0.024383
0 0.127344 0.162191 0.008333 0.024383
0 0.127083 0.162191 0.008333 0.024383
0 0.126823 0.162191 0.008333 0.024383
0 0.126606 0.162191 0.008247 0.024383
0 0.126345 0.162191 0.008247 0.024383
0 0.126128 0.162191 0.008333 0.024383
0 0.125868 0.162191 0.008333 0.024383
0 0.125608 0.162191 0.008333 0.024383
0 0.125391 0.162191 0.008247 0.024383
0 0.124913 0.161728 0.008333 0.024383
0 0.124653 0.161728 0.008333 0.024383
0 0.124392 0.161728 0.008333 0.024383
0 0.123915 0.161728 0.008247 0.024383
0 0.123698 0.161728 0.008333 0.024383
0 0.123437 0.161343 0.008333 0.024228
0 0.122960 0.161343 0.008247 0.024228
0 0.122700 0.161343 0.008247 0.024228
0 0.122439 0.161343 0.008247 0.024228
0 0.122222 0.161343 0.008333 0.024228
0 0.121701 0.161343 0.008333 0.024228
0 0.121484 0.161343 0.008247 0.024228
0 0.121224 0.161343 0.008247 0.024228
0 0.121007 0.161728 0.008333 0.024383
0 0.120747 0.161728 0.008333 0.024383
0 0.120486 0.161728 0.008333 0.024383
0 0.120269 0.162191 0.008247 0.024383
0 0.120009 0.162191 0.008247 0.024383
0 0.119792 0.162191 0.008333 0.024383
0 0.119531 0.162577 0.008333 0.024228
0 0.119054 0.162577 0.008247 0.024228
0 0.118793 0.163040 0.008247 0.024228
0 0.118533 0.163503 0.008247 0.024228
0 0.118056 0.163503 0.008333 0.024228
0 0.117795 0.163889 0.008333 0.024383
0 0.117578 0.164352 0.008247 0.024383
0 0.117101 0.164352 0.008333 0.024383
0 0.116840 0.164738 0.008333 0.024228
0 0.116580 0.165201 0.008333 0.024228
0 0.116363 0.165664 0.008247 0.024228
0 0.115885 0.165664 0.008333 0.024228
0 0.115625 0.165895 0.008333 0.024691
0 0.115365 0.165895 0.008333 0.024691
0 0.115148 0.166127 0.008247 0.025154
0 0.114887 0.166435 0.008247 0.025154
0 0.114670 0.166435 0.008333 0.025154
0 0.114410 0.166667 0.008333 0.025617
0 0.114149 0.166667 0.008333 0.025617
0 0.113932 0.166898 0.008247 0.026080
0 0.113672 0.167361 0.008247 0.026080
0 0.113411 0.167361 0.008247 0.026080
0 0.113194 0.167824 0.008333 0.026080
0 0.112934 0.168287 0.008333 0.026080
0 0.112934 0.168673 0.008333 0.025926
0 0.112674 0.169136 0.008333 0.025926
0 0.112457 0.169136 0.008247 0.025926
0 0.112457 0.169522 0.008247 0.026080
0 0.112196 0.169985 0.008247 0.026080
0 0.111979 0.170448 0.008333 0.026080
0 0.111979 0.170833 0.008333 0.025926
0 0.111719 0.170833 0.008333 0.025926
0 0.111458 0.171296 0.008333 0.025926
0 0.111241 0.171682 0.008247 0.026080
0 0.111241 0.171682 0.008247 0.026080
0 0.110981 0.172145 0.008247 0.026080
0 0.110764 0.172608 0.008333 0.026080
0 0.110764 0.172608 0.008333 0.026080
0 0.110503 0.172994 0.008333 0.025926
0 0.110243 0.173457 0.008333 0.025926
0 0.110243 0.173843 0.008333 0.026080
0 0.110026 0.174074 0.008247 0.026543
0 0.109766 0.174537 0.008247 0.026543
0 0.109505 0.174769 0.008247 0.027006
0 0.109418 0.175154 0.008073 0.026852
0 0.109288 0.175386 0.008333 0.027315
0 0.109028 0.175849 0.008333 0.027315
0 0.108898 0.176080 0.008073 0.027778
0 0.108637 0.176543 0.008073 0.027778
0 0.108420 0.176698 0.007986 0.028086
0 0.108420 0.177315 0.007986 0.028704
0 0.108203 0.177315 0.008073 0.028704
0 0.108203 0.177315 0.008073 0.028704
0 0.108203 0.177315 0.008073 0.028704
0 0.107943 0.177546 0.008073 0.028241
0 0.107943 0.177546 0.008073 0.028241
0 0.107943 0.177546 0.008073 0.028241
0 0.107682 0.177778 0.008073 0.027778
0 0.107682 0.177778 0.008073 0.027778
0 0.107682 0.177778 0.008073 0.027778
0 0.107682 0.178241 0.008073 0.027778
0 0.107422 0.178241 0.008073 0.027778
0 0.107205 0.178704 0.007986 0.027778
0 0.106988 0.179090 0.008073 0.027623
0 0.106988 0.179475 0.008073 0.027778
0 0.106727 0.179938 0.008073 0.027778
0 0.106467 0.180401 0.008073 0.027778
0 0.106467 0.180864 0.008073 0.027778
0 0.106207 0.181327 0.008073 0.027778
0 0.105990 0.181636 0.007986 0.027778
0 0.105990 0.182099 0.007986 0.027778
0 0.105773 0.182562 0.008073 0.027778
0 0.105642 0.183025 0.008333 0.027778
0 0.105512 0.183488 0.008073 0.027778
0 0.105382 0.183796 0.008333 0.027778
0 0.105252 0.184259 0.008073 0.027778
0 0.105122 0.184722 0.008333 0.027778
0 0.104861 0.185185 0.008333 0.027778
0 0.104861 0.185648 0.008333 0.027778
0 0.104644 0.186034 0.008247 0.027623
0 0.104644 0.186420 0.008247 0.027778
0 0.104384 0.186420 0.008247 0.027778
0 0.104167 0.186420 0.008333 0.027778
0 0.103906 0.186420 0.008333 0.027778
0 0.103906 0.186883 0.008333 0.027778
0 0.103646 0.186883 0.008333 0.027778
0 0.103429 0.186883 0.008247 0.027778
0 0.103429 0.187346 0.008247 0.027778
0 0.103168 0.187346 0.008247 0.027778
0 0.102951 0.187346 0.008333 0.027778
0 0.102951 0.187809 0.008333 0.027778
0 0.102691 0.187809 0.008333 0.027778
0 0.102431 0.188194 0.008333 0.027623
0 0.102431 0.188194 0.008333 0.027623
0 0.102214 0.188580 0.008247 0.027778
0 0.102214 0.189043 0.008247 0.027778
0 0.101953 0.189043 0.008247 0.027778
0 0.101736 0.189506 0.008333 0.027778
0 0.101736 0.189506 0.008333 0.027778
0 0.101476 0.189969 0.008333 0.027778
0 0.101476 0.190432 0.008333 0.027778
0 0.101215 0.192130 0.008333 0.027778
0 0.101128 0.193827 0.008507 0.027778
0 0.100998 0.195525 0.008247 0.027778
0 0.100868 0.197377 0.008507 0.027778
0 0.100738 0.199074 0.008247 0.027778
0 0.100608 0.200772 0.008507 0.027778
0 0.100347 0.202469 0.008507 0.027778
0 0.100347 0.204244 0.008507 0.027623
0 0.100130 0.206019 0.008594 0.027778
0 0.100130 0.207948 0.008594 0.027315
