0 0.083637 0.007099 0.014670 0.014198
0 0.075217 0.006481 0.013455 0.012963
0 0.066927 0.005787 0.011979 0.011574
0 0.058637 0.005170 0.010503 0.010340
0 0.050217 0.004552 0.009288 0.009105
0 0.041927 0.003858 0.007812 0.007716
0 0.033637 0.003241 0.006337 0.006481
0 0.025217 0.002546 0.005122 0.005093
0 0.016927 0.001929 0.003646 0.003858
0 0.008637 0.001235 0.002170 0.002469
0 0.000477 0.000849 0.000955 0.001698
0 0.000477 0.000849 0.000955 0.001698
0 0.000477 0.000849 0.000955 0.001698
0 0.000477 0.000849 0.000955 0.001698
0 0.000477 0.000849 0.000955 0.001698
0 0.000477 0.000849 0.000955 0.001698
0 0.000477 0.000849 0.000955 0.001698
0 0.000477 0.000849 0.000955 0.001698
0 0.000477 0.000849 0.000955 0.001698
0 0.000477 0.000849 0.000955 0.001698
0 0.000477 0.000849 0.000955 0.001698
0 0.000477 0.000849 0.000955 0.001698
0 0.000477 0.000849 0.000955 0.001698
0 0.000477 0.000849 0.000955 0.001698
0 0.000477 0.000849 0.000955 0.001698
0 0.000477 0.000849 0.000955 0.001698
0 0.000477 0.000849 0.000955 0.001698
0 0.000477 0.000849 0.000955 0.001698
0 0.000477 0.000849 0.000955 0.001698
0 0.000477 0.000849 0.000955 0.001698
0 0.000477 0.000849 0.000955 0.001698
0 0.000477 0.000849 0.000955 0.001698
0 0.000477 0.000849 0.000955 0.001698
0 0.000477 0.000849 0.000955 0.001698
0 0.000477 0.000849 0.000955 0.001698
0 0.000477 0.000849 0.000955 0.001698
0 0.000477 0.000849 0.000955 0.001698
0 0.000477 0.000849 0.000955 0.001698
0 0.000477 0.000849 0.000955 0.001698
0 0.000477 0.000849 0.000955 0.001698
0 0.000477 0.000849 0.000955 0.001698
0 0.000477 0.000849 0.000955 0.001698
0 0.000477 0.000849 0.000955 0.001698
0 0.000477 0.000849 0.000955 0.001698
0 0.000477 0.000849 0.000955 0.001698
0 0.000477 0.000849 0.000955 0.001698
0 0.000477 0.000849 0.000955 0.001698
0 0.000477 0.000849 0.000955 0.001698
0 0.000477 0.000849 0.000955 0.001698
0 0.000477 0.000849 0.000955 0.001698
0 0.000477 0.000849 0.000955 0.001698
0 0.000477 0.000849 0.000955 0.001698
0 0.000477 0.000849 0.000955 0.001698
0 0.000477 0.000849 0.000955 0.001698
0 0.000477 0.000849 0.000955 0.001698
0 0.000477 0.000849 0.000955 0.001698
0 0.000477 0.000849 0.000955 0.001698
0 0.000477 0.000849 0.000955 0.001698
0 0.000477 0.000849 0.000955 0.001698
0 0.000477 0.000849 0.000955 0.001698
0 0.000477 0.000849 0.000955 0.001698
0 0.000477 0.000849 0.000955 0.001698
0 0.000477 0.000849 0.000955 0.001698
0 0.000477 0.000849 0.000955 0.001698
0 0.000477 0.000849 0.000955 0.001698
0 0.000477 0.000849 0.000955 0.001698
0 0.000477 0.000849 0.000955 0.001698
0 0.000477 0.000849 0.000955 0.001698
0 0.000477 0.000849 0.000955 0.001698
0 0.000477 0.000849 0.000955 0.001698
0 0.000477 0.000849 0.000955 0.001698
0 0.008637 0.001235 0.002170 0.002469
0 0.016927 0.001929 0.003646 0.003858
0 0.025217 0.002546 0.005122 0.005093
0 0.033637 0.003241 0.006337 0.006481
0 0.041927 0.003858 0.007812 0.007716
0 0.050087 0.004552 0.009028 0.009105
0 0.058507 0.005170 0.010243 0.010340
0 0.066797 0.005787 0.011719 0.011574
0 0.075087 0.006481 0.013194 0.012963
0 0.083507 0.007099 0.014410 0.014198
0 0.083030 0.008025 0.014844 0.016049
0 0.082682 0.008873 0.015191 0.017747
0 0.082335 0.009722 0.015365 0.019444
0 0.081814 0.010571 0.015885 0.021142
0 0.081597 0.011420 0.016319 0.022840
0 0.081207 0.012346 0.016580 0.024691
0 0.080729 0.013194 0.017014 0.026389
0 0.080382 0.014043 0.017361 0.028086
0 0.079991 0.014892 0.017622 0.029784
0 0.079774 0.015818 0.018056 0.031636
0 0.080208 0.016204 0.018056 0.031790
0 0.080729 0.017052 0.018056 0.031636
0 0.081250 0.017515 0.018056 0.031636
0 0.081684 0.018364 0.018056 0.031790
0 0.082205 0.019213 0.018056 0.031636
0 0.082639 0.019676 0.018056 0.031636
0 0.083160 0.020525 0.018056 0.031790
0 0.083681 0.020910 0.018056 0.031636
0 0.084115 0.021836 0.018056 0.031636
0 0.084766 0.022685 0.018316 0.031790
0 0.085720 0.022299 0.018316 0.031636
0 0.086675 0.022299 0.018316 0.031636
0 0.087717 0.022068 0.018316 0.032099
0 0.088672 0.022068 0.018316 0.032099
0 0.089627 0.022068 0.018316 0.032099
0 0.090582 0.021605 0.018316 0.032099
0 0.091580 0.021605 0.018229 0.032099
0 0.092578 0.021373 0.018316 0.032562
0 0.093533 0.021373 0.018316 0.032562
0 0.094618 0.021373 0.018056 0.032562
0 0.096094 0.020525 0.018056 0.032407
0 0.097700 0.019907 0.017795 0.032099
0 0.099392 0.019213 0.017882 0.031636
0 0.100998 0.018596 0.017622 0.031327
0 0.102691 0.018133 0.017535 0.031327
0 0.104253 0.017284 0.017361 0.031173
0 0.105859 0.016667 0.017101 0.030864
0 0.107595 0.015972 0.017101 0.030401
0 0.109115 0.015278 0.016840 0.029938
0 0.110851 0.014892 0.016840 0.029784
0 0.113151 0.014506 0.016580 0.029012
0 0.115755 0.014275 0.016406 0.028549
0 0.118316 0.014043 0.016146 0.028086
0 0.120877 0.013812 0.015885 0.027623
0 0.123437 0.013657 0.015625 0.027315
0 0.125998 0.013194 0.015365 0.026389
0 0.128559 0.012963 0.015104 0.025926
0 0.131120 0.012731 0.014844 0.025463
0 0.133681 0.012577 0.014583 0.025154
0 0.136241 0.012346 0.014323 0.024691
0 0.137109 0.012577 0.014149 0.025154
0 0.138194 0.012963 0.013889 0.025926
0 0.139280 0.013194 0.013628 0.026389
0 0.140408 0.013657 0.013455 0.027315
0 0.141493 0.014043 0.013194 0.028086
0 0.142578 0.014275 0.012934 0.028549
0 0.143663 0.014738 0.012674 0.029475
0 0.144792 0.014892 0.012500 0.029784
0 0.145877 0.015355 0.012240 0.030710
0 0.146962 0.015818 0.011979 0.031636
0 0.146745 0.017052 0.011892 0.031636
0 0.146484 0.018750 0.011892 0.031636
0 0.146484 0.020370 0.011892 0.032099
0 0.146267 0.021836 0.011979 0.031636
0 0.146267 0.023534 0.011979 0.031636
0 0.146007 0.025154 0.011979 0.032099
0 0.145747 0.026620 0.011979 0.031636
0 0.145747 0.028086 0.011979 0.032099
0 0.145486 0.029784 0.011979 0.032099
0 0.145486 0.031636 0.011979 0.032099
0 0.145052 0.033333 0.011979 0.032099
0 0.144531 0.035494 0.011979 0.032099
0 0.144054 0.037191 0.011892 0.032099
0 0.143576 0.039352 0.011979 0.032099
0 0.143056 0.041204 0.011979 0.032099
0 0.142578 0.043364 0.011892 0.032099
0 0.142101 0.045062 0.011979 0.032099
0 0.141580 0.047222 0.011979 0.032099
0 0.141146 0.048920 0.011979 0.032099
0 0.140755 0.051080 0.012240 0.032099
0 0.140278 0.053009 0.012153 0.031636
0 0.139800 0.055247 0.012240 0.030864
0 0.139280 0.057407 0.012240 0.029938
0 0.138802 0.059336 0.012153 0.029475
0 0.138455 0.061728 0.011979 0.029012
0 0.137934 0.063966 0.011979 0.028241
0 0.137457 0.065895 0.011892 0.027778
0 0.136979 0.068056 0.011979 0.026852
0 0.136458 0.070216 0.011979 0.025926
0 0.136241 0.072531 0.011892 0.025617
0 0.135764 0.074691 0.011979 0.025617
0 0.135373 0.076929 0.012240 0.025463
0 0.135156 0.079090 0.012153 0.025463
0 0.134766 0.081481 0.012413 0.025926
0 0.134549 0.083873 0.012500 0.025463
0 0.134201 0.086034 0.012674 0.025463
0 0.133811 0.088426 0.012934 0.025926
0 0.133550 0.090586 0.012934 0.025926
0 0.133160 0.092747 0.013194 0.025926
0 0.132943 0.095370 0.013108 0.025926
