0 0.133420 0.040509 0.002951 0.010031
0 0.133290 0.040509 0.002691 0.010031
0 0.133290 0.040509 0.002691 0.010031
0 0.133290 0.040509 0.002691 0.010031
0 0.133290 0.040509 0.002691 0.010031
0 0.133290 0.040509 0.002691 0.010031
0 0.133290 0.040509 0.002691 0.010031
0 0.133290 0.040509 0.002691 0.010031
0 0.133290 0.040509 0.002691 0.010031
0 0.133290 0.040509 0.002691 0.010031
0 0.133290 0.040741 0.002691 0.009568
0 0.133160 0.040278 0.002431 0.009568
0 0.133160 0.040046 0.002431 0.009105
0 0.133160 0.039815 0.002431 0.008642
0 0.133160 0.039583 0.002431 0.008179
0 0.133160 0.039583 0.002431 0.008179
0 0.133160 0.039429 0.002431 0.007870
0 0.133160 0.039198 0.002431 0.007407
0 0.133160 0.038966 0.002431 0.006944
0 0.133160 0.038735 0.002431 0.006481
0 0.133160 0.038735 0.002431 0.006481
0 0.133073 0.038503 0.002257 0.006944
0 0.133073 0.038503 0.002257 0.006944
0 0.133073 0.038503 0.002257 0.006944
0 0.133073 0.038503 0.002257 0.006944
0 0.133073 0.038503 0.002257 0.006944
0 0.133073 0.038503 0.002257 0.006944
0 0.133073 0.038503 0.002257 0.006944
0 0.133073 0.038503 0.002257 0.006944
0 0.133073 0.038503 0.002257 0.006944
0 0.133073 0.038503 0.002257 0.006944
0 0.133073 0.038040 0.002257 0.006944
0 0.133073 0.038040 0.002257 0.006944
0 0.133073 0.038040 0.002257 0.006944
0 0.133073 0.038040 0.002257 0.006944
0 0.133073 0.038040 0.002257 0.006944
0 0.133073 0.037886 0.002257 0.007253
0 0.133073 0.037886 0.002257 0.007253
0 0.133073 0.037886 0.002257 0.007253
0 0.133073 0.037886 0.002257 0.007253
0 0.133160 0.037886 0.002431 0.007253
0 0.133160 0.037886 0.002431 0.007253
0 0.133160 0.037886 0.002431 0.007253
0 0.133160 0.037886 0.002431 0.007253
0 0.133160 0.037886 0.002431 0.007253
0 0.133160 0.037886 0.002431 0.007253
0 0.133160 0.037886 0.002431 0.007253
0 0.133160 0.037886 0.002431 0.007253
0 0.133160 0.037886 0.002431 0.007253
0 0.133160 0.037886 0.002431 0.007253
0 0.133160 0.037886 0.002431 0.007253
0 0.133160 0.037886 0.002431 0.007253
0 0.133160 0.037886 0.002431 0.007253
0 0.133160 0.037886 0.002431 0.007253
0 0.133160 0.037886 0.002431 0.007253
0 0.133160 0.037886 0.002431 0.007253
0 0.133160 0.037886 0.002431 0.007253
0 0.133160 0.037886 0.002431 0.007253
0 0.133160 0.037886 0.002431 0.007253
0 0.133160 0.037886 0.002431 0.007253
0 0.133160 0.038272 0.002431 0.007407
0 0.132986 0.037886 0.002431 0.007253
0 0.132986 0.037886 0.002431 0.007253
0 0.132986 0.037886 0.002431 0.007253
0 0.132986 0.037886 0.002431 0.007253
0 0.132986 0.037886 0.002431 0.007253
0 0.132986 0.037886 0.002431 0.007253
0 0.132986 0.037886 0.002431 0.007253
0 0.132986 0.037886 0.002431 0.007253
0 0.132986 0.037886 0.002431 0.007253
0 0.132986 0.037886 0.002431 0.007253
0 0.132726 0.037500 0.002431 0.007407
0 0.132726 0.037500 0.002431 0.007407
0 0.132726 0.037037 0.002431 0.007407
0 0.132726 0.037037 0.002431 0.007407
0 0.132726 0.037037 0.002431 0.007407
0 0.132465 0.036574 0.002431 0.007407
0 0.132465 0.036574 0.002431 0.007407
0 0.132465 0.036111 0.002431 0.007407
0 0.132465 0.036111 0.002431 0.007407
0 0.132465 0.036111 0.002431 0.007407
0 0.132335 0.035880 0.002691 0.006944
0 0.132335 0.035880 0.002691 0.006944
0 0.132335 0.035880 0.002691 0.006944
0 0.132335 0.035880 0.002691 0.006944
0 0.132335 0.035880 0.002691 0.006944
0 0.132205 0.035880 0.002951 0.006944
0 0.132205 0.035880 0.002951 0.006944
0 0.132205 0.035880 0.002951 0.006944
0 0.132205 0.035880 0.002951 0.006944
0 0.132205 0.035880 0.002951 0.006944
0 0.131944 0.034877 0.002951 0.007407
0 0.131944 0.033951 0.002951 0.007407
0 0.131814 0.033102 0.002691 0.007253
0 0.131727 0.032253 0.002865 0.007407
0 0.131727 0.031327 0.002865 0.007407
0 0.131641 0.030556 0.002691 0.007407
0 0.131510 0.029630 0.002951 0.007407
0 0.131380 0.028781 0.002691 0.007253
0 0.131380 0.027932 0.002691 0.007407
0 0.131380 0.027006 0.002691 0.007407
0 0.131380 0.027006 0.002691 0.007407
0 0.131380 0.027006 0.002691 0.007407
0 0.131380 0.027006 0.002691 0.007407
0 0.131380 0.027006 0.002691 0.007407
0 0.131380 0.027006 0.002691 0.007407
0 0.131380 0.027006 0.002691 0.007407
0 0.131380 0.027006 0.002691 0.007407
0 0.131380 0.027006 0.002691 0.007407
0 0.131380 0.027006 0.002691 0.007407
0 0.131380 0.027006 0.002691 0.007407
0 0.131380 0.027006 0.002691 0.007407
0 0.131380 0.027006 0.002691 0.007407
0 0.131380 0.027006 0.002691 0.007407
0 0.131380 0.027006 0.002691 0.007407
0 0.131380 0.027006 0.002691 0.007407
0 0.131380 0.027006 0.002691 0.007407
0 0.131380 0.027006 0.002691 0.007407
0 0.131380 0.027006 0.002691 0.007407
0 0.131380 0.027006 0.002691 0.007407
0 0.131380 0.027006 0.002691 0.007407
0 0.131380 0.027006 0.002691 0.007407
0 0.131380 0.027006 0.002691 0.007407
0 0.131380 0.027006 0.002691 0.007407
0 0.131380 0.027006 0.002691 0.007407
0 0.131380 0.027006 0.002691 0.007407
0 0.131380 0.027006 0.002691 0.007407
0 0.131380 0.027006 0.002691 0.007407
0 0.131380 0.027006 0.002691 0.007407
0 0.131380 0.027006 0.002691 0.007407
0 0.131380 0.027006 0.002691 0.007407
0 0.131380 0.027006 0.002691 0.007407
0 0.131380 0.027006 0.002691 0.007407
0 0.131380 0.027006 0.002691 0.007407
0 0.131380 0.027006 0.002691 0.007407
0 0.131380 0.027006 0.002691 0.007407
0 0.131380 0.027006 0.002691 0.007407
0 0.131380 0.027006 0.002691 0.007407
0 0.131380 0.027006 0.002691 0.007407
0 0.131380 0.027006 0.002691 0.007407
0 0.131380 0.027006 0.002691 0.007407
0 0.131380 0.027006 0.002691 0.007407
0 0.131380 0.027006 0.002691 0.007407
0 0.131380 0.027006 0.002691 0.007407
0 0.131380 0.027006 0.002691 0.007407
0 0.131380 0.027006 0.002691 0.007407
0 0.131380 0.027006 0.002691 0.007407
0 0.131380 0.027006 0.002691 0.007407
0 0.131380 0.027006 0.002691 0.007407
0 0.131380 0.027006 0.002691 0.007407
0 0.131380 0.027006 0.002691 0.007407
0 0.131380 0.027006 0.002691 0.007407
0 0.131380 0.027006 0.002691 0.007407
0 0.131380 0.027006 0.002691 0.007407
0 0.131380 0.027006 0.002691 0.007407
0 0.131380 0.027006 0.002691 0.007407
0 0.131380 0.027006 0.002691 0.007407
0 0.131380 0.027006 0.002691 0.007407
0 0.131380 0.027006 0.002691 0.007407
0 0.131380 0.027006 0.002691 0.007407
0 0.131380 0.027006 0.002691 0.007407
0 0.131380 0.027006 0.002691 0.007407
0 0.131380 0.027006 0.002691 0.007407
0 0.131380 0.027006 0.002691 0.007407
0 0.131380 0.027006 0.002691 0.007407
0 0.131380 0.027006 0.002691 0.007407
0 0.131380 0.027006 0.002691 0.007407
0 0.131380 0.027006 0.002691 0.007407
0 0.131380 0.027006 0.002691 0.007407
0 0.131380 0.027006 0.002691 0.007407
0 0.131380 0.027006 0.002691 0.007407
0 0.131380 0.027006 0.002691 0.007407
0 0.131380 0.027006 0.002691 0.007407
0 0.131380 0.027006 0.002691 0.007407
0 0.131380 0.027006 0.002691 0.007407
0 0.131380 0.027006 0.002691 0.007407
0 0.131380 0.027006 0.002691 0.007407
0 0.131380 0.027006 0.002691 0.007407
0 0.131380 0.027006 0.002691 0.007407
0 0.131380 0.027006 0.002691 0.007407
0 0.131380 0.027006 0.002691 0.007407
