0 0.162977 0.095756 0.005816 0.020833
0 0.162717 0.096219 0.005816 0.020833
0 0.162717 0.096682 0.005816 0.020833
0 0.162717 0.097299 0.005816 0.021142
0 0.162587 0.097762 0.005556 0.021142
0 0.162587 0.098380 0.005556 0.021759
0 0.162587 0.098843 0.005556 0.021759
0 0.162500 0.099306 0.005382 0.021759
0 0.162500 0.099923 0.005382 0.022068
0 0.162500 0.100386 0.005382 0.022068
0 0.162500 0.101235 0.005382 0.022222
0 0.162370 0.101620 0.005642 0.022068
0 0.162370 0.102083 0.005642 0.022068
0 0.162370 0.102546 0.005642 0.022068
0 0.162370 0.103395 0.005642 0.022222
0 0.162370 0.103781 0.005642 0.022068
0 0.162370 0.104244 0.005642 0.022068
0 0.162370 0.105170 0.005642 0.022068
0 0.162370 0.105556 0.005642 0.022222
0 0.162370 0.106019 0.005642 0.022222
0 0.162457 0.106867 0.005816 0.022068
0 0.162457 0.106867 0.005816 0.022068
0 0.162457 0.107330 0.005816 0.022068
0 0.162457 0.107716 0.005816 0.022222
0 0.162717 0.108179 0.005816 0.022222
0 0.162717 0.108565 0.005816 0.022068
0 0.162717 0.108796 0.005816 0.022531
0 0.162977 0.109259 0.005816 0.022531
0 0.162977 0.109722 0.005816 0.022531
0 0.162977 0.110108 0.005816 0.022685
0 0.163194 0.110494 0.005903 0.022531
0 0.163194 0.110725 0.005903 0.022994
0 0.163325 0.111188 0.006163 0.022994
0 0.163455 0.111651 0.005903 0.022994
0 0.163585 0.112114 0.006163 0.022994
0 0.163802 0.112423 0.006076 0.022994
0 0.163802 0.112654 0.006076 0.023457
0 0.163932 0.113117 0.006337 0.023457
0 0.164062 0.113580 0.006076 0.023457
0 0.164193 0.114043 0.006337 0.023457
0 0.164453 0.114506 0.006337 0.023457
0 0.164453 0.114506 0.006337 0.023457
0 0.164540 0.114506 0.006163 0.023457
0 0.164670 0.114660 0.006424 0.023765
0 0.164800 0.114660 0.006163 0.023765
0 0.165017 0.114892 0.006076 0.024228
0 0.165017 0.114892 0.006076 0.024228
0 0.165148 0.114892 0.005816 0.024228
0 0.165278 0.115123 0.006076 0.024691
0 0.165408 0.115123 0.005816 0.024691
0 0.165668 0.115355 0.005816 0.025154
0 0.165408 0.115355 0.005816 0.025154
0 0.165278 0.115586 0.006076 0.024691
0 0.165017 0.115586 0.006076 0.024691
0 0.164887 0.115741 0.006337 0.024383
0 0.164670 0.115741 0.006424 0.024383
0 0.164583 0.115972 0.006597 0.023920
0 0.164323 0.115972 0.006597 0.023920
0 0.164193 0.116204 0.006858 0.023457
0 0.163932 0.116204 0.006858 0.023457
0 0.163932 0.116667 0.006858 0.023457
0 0.163932 0.116435 0.006858 0.023920
0 0.164193 0.116435 0.006858 0.023920
0 0.164323 0.116435 0.006597 0.023920
0 0.164453 0.116435 0.006858 0.023920
0 0.164670 0.116435 0.006771 0.023920
0 0.164757 0.116204 0.006597 0.024383
0 0.164887 0.116204 0.006858 0.024383
0 0.165017 0.116204 0.006597 0.024383
0 0.165278 0.116204 0.006597 0.024383
0 0.165538 0.116204 0.006597 0.024383
0 0.165408 0.115741 0.006858 0.024383
0 0.165408 0.115741 0.006858 0.024383
0 0.165408 0.115741 0.006858 0.024383
0 0.165278 0.115741 0.007118 0.024383
0 0.165278 0.115741 0.007118 0.024383
0 0.165278 0.115741 0.007118 0.024383
0 0.165148 0.115741 0.007378 0.024383
0 0.165148 0.115741 0.007378 0.024383
0 0.165148 0.115741 0.007378 0.024383
0 0.165148 0.115741 0.007378 0.024383
0 0.165148 0.115741 0.007378 0.024383
0 0.165408 0.115972 0.007378 0.023920
0 0.165538 0.115972 0.007118 0.023920
0 0.165755 0.116204 0.007031 0.023457
0 0.165885 0.116204 0.006771 0.023457
0 0.166146 0.116435 0.006771 0.022994
0 0.166233 0.116435 0.006597 0.022994
0 0.166493 0.116667 0.006597 0.022531
0 0.166623 0.116667 0.006337 0.022531
0 0.166884 0.116821 0.006337 0.022222
0 0.166623 0.116435 0.006337 0.022068
0 0.166493 0.116435 0.006597 0.022068
0 0.166363 0.116204 0.006337 0.022531
0 0.166233 0.116204 0.006597 0.022531
0 0.166233 0.116204 0.006597 0.022531
0 0.166016 0.115972 0.006510 0.022994
0 0.165885 0.115972 0.006771 0.022994
0 0.165799 0.115741 0.006597 0.023457
0 0.165668 0.115741 0.006858 0.023457
0 0.165668 0.115741 0.006858 0.023457
0 0.165885 0.115741 0.006771 0.023457
0 0.166233 0.115741 0.006597 0.023457
0 0.166493 0.115972 0.006597 0.022994
0 0.166884 0.115972 0.006337 0.022994
0 0.167144 0.116204 0.006337 0.022531
0 0.167448 0.116204 0.006076 0.022531
0 0.167708 0.116204 0.006076 0.022531
0 0.168099 0.116435 0.005816 0.022068
0 0.168316 0.116435 0.005903 0.022068
0 0.168837 0.116590 0.005903 0.021759
0 0.169184 0.116590 0.005556 0.021759
0 0.169792 0.116590 0.005382 0.021759
0 0.170313 0.116590 0.005382 0.021759
0 0.170877 0.116590 0.005122 0.021759
0 0.171398 0.117052 0.005122 0.021759
0 0.171962 0.117052 0.004861 0.021759
0 0.172483 0.117052 0.004861 0.021759
0 0.173090 0.117052 0.004687 0.021759
0 0.173568 0.117052 0.004601 0.021759
0 0.174175 0.117515 0.004427 0.021759
0 0.173698 0.117284 0.004340 0.022222
0 0.173351 0.117284 0.004687 0.022222
0 0.172830 0.117052 0.004687 0.022685
0 0.172483 0.117052 0.004861 0.022685
0 0.171962 0.117052 0.004861 0.022685
0 0.171658 0.116898 0.005122 0.022994
0 0.171137 0.116898 0.005122 0.022994
0 0.170747 0.116667 0.005382 0.023457
0 0.170313 0.116667 0.005382 0.023457
0 0.170052 0.116667 0.005382 0.023457
0 0.170052 0.116435 0.005382 0.022994
0 0.170313 0.116435 0.005382 0.022994
0 0.170530 0.116204 0.005295 0.022531
0 0.170747 0.116204 0.005382 0.022531
0 0.171007 0.116204 0.005382 0.021605
0 0.171007 0.116204 0.005382 0.021605
0 0.171267 0.115972 0.005382 0.021142
0 0.171528 0.115972 0.005382 0.021142
0 0.171745 0.115818 0.005295 0.020833
0 0.171962 0.115972 0.005382 0.020525
0 0.172222 0.115972 0.005382 0.020525
0 0.172613 0.115972 0.005122 0.020525
0 0.173003 0.115972 0.005382 0.020525
0 0.173307 0.116127 0.005122 0.020833
0 0.173828 0.116358 0.005122 0.020370
0 0.174089 0.116358 0.005122 0.020370
0 0.174436 0.116590 0.004948 0.020833
0 0.174783 0.116590 0.005122 0.020833
0 0.175174 0.116590 0.004861 0.020833
0 0.175651 0.117052 0.004948 0.020833
0 0.175868 0.116821 0.004861 0.021296
0 0.176128 0.116590 0.004861 0.021759
0 0.176519 0.116435 0.005122 0.022068
0 0.176780 0.116204 0.005122 0.022531
0 0.177214 0.115972 0.005122 0.022994
0 0.177474 0.115741 0.005122 0.023457
0 0.177734 0.115509 0.005122 0.023920
0 0.178125 0.115355 0.005382 0.024228
0 0.178342 0.115123 0.005295 0.024691
0 0.178819 0.115355 0.005382 0.025154
0 0.178125 0.115123 0.005382 0.024691
0 0.177344 0.115123 0.005382 0.024691
0 0.176736 0.115123 0.005556 0.024691
0 0.175998 0.115123 0.005642 0.024691
0 0.175391 0.115123 0.005816 0.024691
0 0.174696 0.114892 0.005816 0.024228
0 0.173958 0.114892 0.005903 0.024228
0 0.173351 0.114892 0.006076 0.024228
0 0.172613 0.114892 0.006163 0.024228
0 0.172005 0.114892 0.006337 0.024228
0 0.170009 0.114660 0.006337 0.023765
0 0.168359 0.114892 0.006337 0.023302
0 0.166493 0.115046 0.006076 0.022994
0 0.164800 0.115278 0.006163 0.022531
0 0.162977 0.115509 0.005816 0.022068
0 0.161241 0.115741 0.005816 0.021605
0 0.159418 0.115972 0.005642 0.021142
0 0.157726 0.116127 0.005556 0.020833
0 0.155903 0.116358 0.005382 0.020370
0 0.154167 0.116590 0.005382 0.019907
