0 0.154905 0.085802 0.005816 0.014815
0 0.154427 0.085802 0.005903 0.014815
0 0.153950 0.085802 0.005816 0.014815
0 0.153429 0.086265 0.005816 0.014815
0 0.153212 0.086265 0.005903 0.014815
0 0.152734 0.086728 0.005816 0.014815
0 0.152214 0.086728 0.005816 0.014815
0 0.151997 0.086728 0.005903 0.014815
0 0.151476 0.087114 0.005903 0.014660
0 0.150998 0.087114 0.005816 0.014660
0 0.150781 0.087577 0.005903 0.014660
0 0.149913 0.087577 0.005556 0.014660
0 0.149175 0.087577 0.005642 0.014660
0 0.148438 0.087577 0.005556 0.014660
0 0.147700 0.087963 0.005642 0.014815
0 0.147005 0.087963 0.005642 0.014815
0 0.146224 0.087963 0.005642 0.014815
0 0.145530 0.088426 0.005642 0.014815
0 0.144792 0.088426 0.005556 0.014815
0 0.144054 0.088426 0.005642 0.014815
0 0.143316 0.088889 0.005556 0.014815
0 0.142187 0.088657 0.005382 0.014352
0 0.141233 0.088657 0.005382 0.014352
0 0.140278 0.088657 0.005382 0.014352
0 0.139323 0.088889 0.005382 0.013889
0 0.138281 0.088889 0.005382 0.013889
0 0.137326 0.088889 0.005382 0.013889
0 0.136372 0.089120 0.005382 0.013426
0 0.135417 0.089120 0.005382 0.013426
0 0.134418 0.089120 0.005295 0.013426
0 0.133420 0.089275 0.005382 0.013117
0 0.132465 0.089120 0.005382 0.013426
0 0.131510 0.089120 0.005382 0.013426
0 0.130512 0.089352 0.005295 0.013889
0 0.129774 0.089352 0.005382 0.013889
0 0.128819 0.089506 0.005382 0.014198
0 0.127821 0.089506 0.005295 0.014198
0 0.127083 0.089506 0.005382 0.014198
0 0.126128 0.089738 0.005382 0.014660
0 0.125174 0.089738 0.005382 0.014660
0 0.124392 0.089969 0.005382 0.015123
0 0.123177 0.089969 0.005382 0.015123
0 0.121962 0.089969 0.005382 0.015123
0 0.120877 0.089969 0.005122 0.015123
0 0.119792 0.089969 0.005382 0.015123
0 0.118707 0.089969 0.005122 0.015123
0 0.117491 0.089969 0.005122 0.015123
0 0.116319 0.089969 0.005382 0.015123
0 0.115234 0.089969 0.005122 0.015123
0 0.114019 0.089969 0.005122 0.015123
0 0.113064 0.089969 0.005122 0.015123
0 0.111849 0.089738 0.005122 0.014660
0 0.110634 0.089738 0.005122 0.014660
0 0.109418 0.089738 0.005122 0.014660
0 0.108203 0.089738 0.005122 0.014660
0 0.107118 0.089738 0.005382 0.014660
0 0.105859 0.089738 0.005295 0.014660
0 0.104644 0.089738 0.005295 0.014660
0 0.103385 0.089738 0.005382 0.014660
0 0.102170 0.089738 0.005382 0.014660
0 0.101085 0.089738 0.005642 0.014660
0 0.099870 0.089738 0.005642 0.014660
0 0.098915 0.089738 0.005642 0.014660
0 0.097700 0.089738 0.005642 0.014660
0 0.096701 0.089738 0.005556 0.014660
0 0.095616 0.089738 0.005816 0.014660
0 0.094488 0.089738 0.005642 0.014660
0 0.093403 0.089738 0.005903 0.014660
0 0.092318 0.089738 0.005642 0.014660
0 0.091233 0.089738 0.005903 0.014660
0 0.090234 0.089738 0.005816 0.014660
0 0.089627 0.089275 0.005642 0.014660
0 0.089149 0.089275 0.005556 0.014660
0 0.088672 0.088889 0.005642 0.014815
0 0.088151 0.088889 0.005642 0.014815
0 0.087674 0.088657 0.005556 0.014352
0 0.087196 0.088426 0.005642 0.014815
0 0.086719 0.088194 0.005556 0.014352
0 0.086241 0.087963 0.005642 0.014815
0 0.085720 0.087731 0.005642 0.014352
0 0.085330 0.087731 0.005382 0.014352
0 0.086372 0.086960 0.005382 0.014352
0 0.087587 0.086034 0.005382 0.014352
0 0.088802 0.085185 0.005382 0.014198
0 0.090017 0.084336 0.005382 0.014352
0 0.091233 0.083642 0.005382 0.014815
0 0.092448 0.082793 0.005382 0.014660
0 0.093663 0.081944 0.005382 0.014815
0 0.094878 0.081019 0.005382 0.014815
0 0.096094 0.080170 0.005382 0.014660
0 0.097309 0.079552 0.005382 0.015278
0 0.099740 0.078241 0.005382 0.015123
0 0.102300 0.077315 0.005642 0.015123
0 0.104861 0.076235 0.005382 0.014815
0 0.107422 0.075154 0.005642 0.015123
0 0.110113 0.074306 0.005642 0.015278
0 0.112587 0.073225 0.005556 0.014660
0 0.115148 0.072145 0.005816 0.015278
0 0.117708 0.071065 0.005556 0.014660
0 0.120269 0.070216 0.005816 0.014815
0 0.122960 0.069290 0.005816 0.014815
0 0.125868 0.068673 0.005903 0.015123
0 0.128819 0.068210 0.005903 0.015123
0 0.131727 0.067824 0.005816 0.015278
0 0.134679 0.067361 0.005816 0.015278
0 0.137587 0.066975 0.005903 0.015123
0 0.140495 0.066512 0.005816 0.015123
0 0.143446 0.066049 0.005816 0.015123
0 0.146354 0.065664 0.005903 0.015278
0 0.149306 0.065201 0.005903 0.015278
0 0.152474 0.064815 0.005816 0.015123
0 0.153950 0.064352 0.005816 0.015123
0 0.155642 0.064352 0.005903 0.015123
0 0.157248 0.064352 0.005642 0.015123
0 0.158811 0.064120 0.005816 0.014660
0 0.160503 0.064120 0.005903 0.014660
0 0.162109 0.063889 0.005642 0.015123
0 0.163715 0.063735 0.005903 0.014815
0 0.165278 0.063735 0.005556 0.014815
0 0.166970 0.063735 0.005642 0.014815
0 0.168707 0.063735 0.005642 0.014815
0 0.168967 0.063503 0.005642 0.015278
0 0.169444 0.063503 0.005556 0.015278
0 0.169792 0.063503 0.005382 0.015278
0 0.170313 0.063503 0.005382 0.015278
0 0.170747 0.063503 0.005382 0.015278
0 0.171007 0.063503 0.005382 0.015278
0 0.171528 0.063503 0.005382 0.015278
0 0.171832 0.063503 0.005122 0.015278
0 0.172352 0.063503 0.005122 0.015278
0 0.172873 0.063503 0.005122 0.015278
0 0.172873 0.063503 0.005122 0.015278
0 0.173090 0.063503 0.005208 0.015278
0 0.173307 0.063503 0.005122 0.015278
0 0.173437 0.063503 0.005382 0.015278
0 0.173698 0.063503 0.005382 0.015278
0 0.173828 0.063503 0.005122 0.015278
0 0.173958 0.063503 0.005382 0.015278
0 0.174219 0.063503 0.005382 0.015278
0 0.174436 0.063503 0.005295 0.015278
0 0.174653 0.063503 0.005382 0.015278
0 0.175434 0.063040 0.005382 0.015278
0 0.176128 0.063040 0.005382 0.015278
0 0.176866 0.062809 0.005295 0.014815
0 0.177604 0.062809 0.005382 0.014815
0 0.178342 0.062809 0.005295 0.014815
0 0.179080 0.062423 0.005382 0.014660
0 0.179774 0.062423 0.005382 0.014660
0 0.180556 0.062191 0.005382 0.014198
0 0.181250 0.062191 0.005382 0.014198
0 0.182205 0.062191 0.005382 0.014198
0 0.182205 0.062191 0.005382 0.014198
0 0.182205 0.062423 0.005382 0.014660
0 0.182205 0.062577 0.005382 0.014352
0 0.182205 0.062809 0.005382 0.014815
0 0.182335 0.063272 0.005122 0.014815
0 0.182335 0.063272 0.005122 0.014815
0 0.182335 0.063503 0.005122 0.015278
0 0.182335 0.063735 0.005122 0.014815
0 0.182335 0.063889 0.005122 0.015123
0 0.182465 0.064352 0.004861 0.015123
0 0.181988 0.063889 0.004948 0.015123
0 0.181641 0.063735 0.005122 0.014815
0 0.181250 0.063503 0.005382 0.015278
0 0.180859 0.063272 0.005122 0.014815
0 0.180556 0.063272 0.005382 0.014815
0 0.180165 0.062809 0.005642 0.014815
0 0.179774 0.062577 0.005382 0.014352
0 0.179427 0.062423 0.005556 0.014660
0 0.179080 0.062191 0.005903 0.014198
0 0.178819 0.062191 0.005903 0.014198
0 0.178819 0.062191 0.005903 0.014198
0 0.178819 0.062191 0.005903 0.014198
0 0.178819 0.062191 0.005903 0.014198
0 0.178819 0.062191 0.005903 0.014198
0 0.178819 0.062191 0.005903 0.014198
0 0.178950 0.062191 0.005642 0.014198
0 0.178950 0.062191 0.005642 0.014198
0 0.178950 0.062191 0.005642 0.014198
0 0.178950 0.062191 0.005642 0.014198
0 0.178950 0.062191 0.005642 0.014198
