0 0.094488 0.004938 0.009983 0.009877
0 0.094488 0.004938 0.009983 0.009877
0 0.094488 0.004938 0.009983 0.009877
0 0.094488 0.004938 0.009983 0.009877
0 0.094488 0.004938 0.009983 0.009877
0 0.094488 0.004938 0.009983 0.009877
0 0.094488 0.004938 0.009983 0.009877
0 0.094488 0.004938 0.009983 0.009877
0 0.094488 0.004938 0.009983 0.009877
0 0.094488 0.004938 0.009983 0.009877
0 0.094488 0.004938 0.009983 0.009877
0 0.094054 0.006867 0.009983 0.010340
0 0.093793 0.009028 0.009983 0.011265
0 0.093533 0.010957 0.009983 0.011728
0 0.093273 0.013117 0.009983 0.012654
0 0.093056 0.015355 0.010069 0.013426
0 0.092708 0.017284 0.009722 0.013889
0 0.092448 0.019444 0.009722 0.014815
0 0.092187 0.021373 0.009722 0.015278
0 0.091970 0.023611 0.009809 0.016049
0 0.091710 0.025772 0.009809 0.016975
0 0.091450 0.028318 0.009809 0.016821
0 0.091450 0.030941 0.009809 0.016821
0 0.091450 0.033719 0.009809 0.016512
0 0.091319 0.036343 0.009549 0.016512
0 0.091319 0.039429 0.009549 0.016512
0 0.091233 0.042052 0.009722 0.016512
0 0.091102 0.044599 0.009462 0.016358
0 0.091102 0.047377 0.009462 0.016049
0 0.091102 0.050000 0.009462 0.016049
0 0.091102 0.053086 0.009462 0.016049
0 0.090842 0.055247 0.009462 0.016049
0 0.090625 0.057407 0.009549 0.016049
0 0.090365 0.059568 0.009549 0.016049
0 0.090104 0.062191 0.009549 0.016049
0 0.089887 0.064352 0.009462 0.016049
0 0.089627 0.066512 0.009462 0.016049
0 0.089410 0.069136 0.009549 0.016049
0 0.089149 0.071296 0.009549 0.016049
0 0.088889 0.073457 0.009549 0.016049
0 0.088889 0.076080 0.009549 0.016049
0 0.088672 0.078704 0.009462 0.016049
0 0.088411 0.081636 0.009462 0.016049
0 0.088194 0.084259 0.009549 0.016049
0 0.087934 0.087346 0.009549 0.016049
0 0.087934 0.089969 0.009549 0.016049
0 0.087674 0.092901 0.009549 0.016049
0 0.087413 0.095525 0.009549 0.016049
0 0.087196 0.098611 0.009462 0.016049
0 0.086936 0.101235 0.009462 0.016049
0 0.086936 0.104321 0.009462 0.016049
0 0.086719 0.106250 0.009549 0.015586
0 0.086719 0.108565 0.009549 0.015278
0 0.086589 0.110802 0.009288 0.015123
0 0.086458 0.112886 0.009549 0.014352
0 0.086458 0.115046 0.009549 0.014352
0 0.086328 0.117438 0.009288 0.013889
0 0.086198 0.119444 0.009549 0.013580
0 0.086068 0.121836 0.009288 0.013117
0 0.086068 0.123997 0.009288 0.013117
0 0.086068 0.126389 0.009288 0.012654
0 0.085851 0.128549 0.009201 0.012654
0 0.085634 0.131173 0.009288 0.012654
0 0.085373 0.133488 0.009288 0.012963
0 0.085113 0.136111 0.009288 0.012963
0 0.084852 0.138503 0.009288 0.013426
0 0.084635 0.140895 0.009201 0.012963
0 0.084418 0.143287 0.009288 0.013426
0 0.084158 0.145910 0.009288 0.013426
0 0.083898 0.148302 0.009288 0.013889
0 0.083898 0.150926 0.009288 0.013889
0 0.083637 0.153318 0.009288 0.014352
0 0.083507 0.155864 0.009549 0.014198
0 0.083290 0.158256 0.009462 0.014660
0 0.083160 0.161111 0.009722 0.015123
0 0.083073 0.163503 0.009549 0.015586
0 0.082943 0.166127 0.009809 0.015586
0 0.082682 0.168673 0.009809 0.016358
0 0.082552 0.171219 0.010069 0.016512
0 0.082335 0.173688 0.009983 0.016821
0 0.082335 0.176466 0.009983 0.017438
0 0.081944 0.178395 0.010243 0.016975
0 0.081554 0.180633 0.010503 0.016821
0 0.081207 0.182948 0.010677 0.016512
0 0.080859 0.185108 0.011024 0.016512
0 0.080642 0.187500 0.011458 0.016049
0 0.080252 0.189660 0.011719 0.016049
0 0.079861 0.191821 0.011979 0.016049
0 0.079514 0.194213 0.012153 0.015586
0 0.079123 0.196451 0.012413 0.015741
0 0.078993 0.198843 0.012674 0.015278
0 0.078776 0.200540 0.012760 0.015278
0 0.078646 0.202778 0.012500 0.015123
0 0.078429 0.204938 0.012413 0.015123
0 0.078429 0.207099 0.012413 0.015123
0 0.078168 0.209259 0.012413 0.015123
0 0.078038 0.211420 0.012153 0.015123
0 0.077908 0.213580 0.012413 0.015123
0 0.077821 0.215741 0.012240 0.015123
0 0.077561 0.217901 0.012240 0.015123
0 0.077561 0.220062 0.012240 0.015123
0 0.077214 0.222222 0.012413 0.016049
0 0.076953 0.224614 0.012413 0.016512
0 0.076693 0.226775 0.012413 0.017438
0 0.076432 0.229244 0.012413 0.017747
0 0.076302 0.231404 0.012674 0.018673
0 0.075998 0.233796 0.012934 0.019136
0 0.075738 0.235880 0.012934 0.019907
0 0.075477 0.238272 0.012934 0.020370
0 0.075217 0.240432 0.012934 0.021296
0 0.075087 0.243056 0.013194 0.022222
0 0.074957 0.244599 0.012934 0.021605
0 0.074870 0.246528 0.012760 0.021142
0 0.074870 0.248302 0.012760 0.020370
0 0.074740 0.250000 0.012500 0.020370
0 0.074870 0.251775 0.012240 0.019599
0 0.074740 0.253704 0.011979 0.019136
0 0.074740 0.255170 0.011979 0.018673
0 0.074609 0.257176 0.011719 0.018364
0 0.074740 0.259182 0.011458 0.017747
