0 0.249479 0.076929 0.011458 0.016821
0 0.249740 0.074769 0.011458 0.016821
0 0.250174 0.072994 0.011458 0.016975
0 0.250564 0.071065 0.011719 0.017438
0 0.251085 0.069367 0.011719 0.017438
0 0.251519 0.067593 0.011719 0.017284
0 0.251780 0.065432 0.011719 0.017284
0 0.252300 0.063735 0.011719 0.017284
0 0.252648 0.061728 0.011892 0.017901
0 0.253125 0.059954 0.011979 0.017747
0 0.253646 0.058256 0.011979 0.017747
0 0.253863 0.056559 0.011892 0.017747
0 0.254340 0.054784 0.011979 0.017901
0 0.254731 0.053009 0.011719 0.017747
0 0.255078 0.051775 0.011892 0.017747
0 0.255556 0.050077 0.011979 0.017747
0 0.255946 0.048302 0.011719 0.017901
0 0.256293 0.046991 0.011892 0.017747
0 0.256641 0.045293 0.011719 0.017747
0 0.257161 0.043519 0.011719 0.017901
0 0.257682 0.042207 0.011719 0.017747
0 0.257856 0.040509 0.011719 0.017747
0 0.258377 0.039198 0.011719 0.017901
0 0.258898 0.037423 0.011719 0.017747
0 0.259332 0.036188 0.011719 0.017747
0 0.259852 0.034799 0.011719 0.017747
0 0.260200 0.033102 0.011892 0.017747
0 0.260677 0.031790 0.011979 0.017901
0 0.261198 0.030093 0.011979 0.017901
0 0.261675 0.028781 0.011892 0.017747
0 0.262153 0.027469 0.011979 0.017901
0 0.262543 0.025694 0.012240 0.017747
0 0.263021 0.023997 0.012153 0.017747
0 0.263498 0.022299 0.012240 0.017747
0 0.263976 0.020525 0.012153 0.017901
0 0.264453 0.019213 0.012240 0.017747
0 0.264844 0.017515 0.012500 0.017747
0 0.265321 0.015741 0.012413 0.017901
0 0.265842 0.013966 0.012413 0.017747
0 0.266319 0.012269 0.012500 0.017747
0 0.266797 0.011034 0.012413 0.017747
0 0.266797 0.011034 0.012413 0.017747
0 0.266797 0.011034 0.012413 0.017747
0 0.266797 0.011034 0.012413 0.017747
0 0.266797 0.011034 0.012413 0.017747
0 0.266797 0.011034 0.012413 0.017747
0 0.266797 0.011034 0.012413 0.017747
0 0.266797 0.011034 0.012413 0.017747
0 0.266797 0.011034 0.012413 0.017747
0 0.266797 0.011034 0.012413 0.017747
0 0.266797 0.011034 0.012413 0.017747
0 0.266797 0.011034 0.012413 0.017747
0 0.266797 0.011034 0.012413 0.017747
0 0.266797 0.011034 0.012413 0.017747
0 0.266797 0.011034 0.012413 0.017747
0 0.266797 0.011034 0.012413 0.017747
0 0.266797 0.011034 0.012413 0.017747
0 0.266797 0.011034 0.012413 0.017747
0 0.266797 0.011034 0.012413 0.017747
0 0.266797 0.011034 0.012413 0.017747
0 0.266797 0.011034 0.012413 0.017747
0 0.266797 0.011034 0.012413 0.017747
0 0.266797 0.011034 0.012413 0.017747
0 0.266797 0.011034 0.012413 0.017747
0 0.266797 0.011034 0.012413 0.017747
0 0.266797 0.011034 0.012413 0.017747
0 0.266797 0.011034 0.012413 0.017747
0 0.266797 0.011034 0.012413 0.017747
0 0.266797 0.011034 0.012413 0.017747
0 0.266797 0.011034 0.012413 0.017747
0 0.266797 0.011034 0.012413 0.017747
0 0.266797 0.011034 0.012413 0.017747
0 0.266797 0.011034 0.012413 0.017747
0 0.266797 0.011034 0.012413 0.017747
0 0.266797 0.011034 0.012413 0.017747
0 0.266797 0.011034 0.012413 0.017747
0 0.266797 0.011034 0.012413 0.017747
0 0.266797 0.011034 0.012413 0.017747
0 0.266797 0.011034 0.012413 0.017747
0 0.266797 0.011034 0.012413 0.017747
0 0.266797 0.011034 0.012413 0.017747
0 0.266797 0.011034 0.012413 0.017747
0 0.266797 0.011034 0.012413 0.017747
0 0.266797 0.011034 0.012413 0.017747
0 0.266797 0.011034 0.012413 0.017747
0 0.266797 0.011034 0.012413 0.017747
0 0.266797 0.011034 0.012413 0.017747
0 0.266797 0.011034 0.012413 0.017747
0 0.266797 0.011034 0.012413 0.017747
0 0.266797 0.011034 0.012413 0.017747
0 0.266797 0.011034 0.012413 0.017747
0 0.266797 0.011034 0.012413 0.017747
0 0.266797 0.011034 0.012413 0.017747
0 0.266797 0.011034 0.012413 0.017747
0 0.266797 0.011034 0.012413 0.017747
0 0.266797 0.011034 0.012413 0.017747
0 0.266797 0.011034 0.012413 0.017747
0 0.266797 0.011034 0.012413 0.017747
0 0.266797 0.011034 0.012413 0.017747
0 0.266797 0.011034 0.012413 0.017747
0 0.266797 0.011034 0.012413 0.017747
0 0.266797 0.011034 0.012413 0.017747
0 0.266797 0.011034 0.012413 0.017747
0 0.266797 0.011034 0.012413 0.017747
0 0.266797 0.011034 0.012413 0.017747
0 0.266797 0.011034 0.012413 0.017747
0 0.266797 0.011034 0.012413 0.017747
0 0.266797 0.011034 0.012413 0.017747
0 0.266797 0.011034 0.012413 0.017747
0 0.266797 0.011034 0.012413 0.017747
0 0.266797 0.011034 0.012413 0.017747
0 0.266797 0.011034 0.012413 0.017747
0 0.266797 0.011034 0.012413 0.017747
0 0.266797 0.011034 0.012413 0.017747
0 0.266797 0.011034 0.012413 0.017747
0 0.266797 0.011034 0.012413 0.017747
0 0.266797 0.011034 0.012413 0.017747
0 0.266797 0.011034 0.012413 0.017747
0 0.266797 0.011034 0.012413 0.017747
0 0.266797 0.011034 0.012413 0.017747
0 0.266797 0.011034 0.012413 0.017747
0 0.266797 0.011034 0.012413 0.017747
0 0.266797 0.011034 0.012413 0.017747
0 0.266797 0.011034 0.012413 0.017747
0 0.266797 0.011034 0.012413 0.017747
0 0.266797 0.011034 0.012413 0.017747
0 0.266797 0.011034 0.012413 0.017747
0 0.266797 0.011034 0.012413 0.017747
0 0.266797 0.011034 0.012413 0.017747
0 0.266797 0.011034 0.012413 0.017747
0 0.266797 0.011034 0.012413 0.017747
0 0.266797 0.011034 0.012413 0.017747
0 0.266797 0.011034 0.012413 0.017747
0 0.266797 0.011034 0.012413 0.017747
0 0.266797 0.011034 0.012413 0.017747
0 0.266797 0.011034 0.012413 0.017747
0 0.266797 0.011034 0.012413 0.017747
0 0.266797 0.011034 0.012413 0.017747
0 0.266797 0.011034 0.012413 0.017747
0 0.266797 0.011034 0.012413 0.017747
0 0.266797 0.011034 0.012413 0.017747
0 0.266797 0.011034 0.012413 0.017747
0 0.266797 0.011034 0.012413 0.017747
0 0.266797 0.011034 0.012413 0.017747
0 0.266797 0.011034 0.012413 0.017747
0 0.266797 0.011034 0.012413 0.017747
0 0.266797 0.011034 0.012413 0.017747
0 0.266797 0.011034 0.012413 0.017747
0 0.266797 0.011034 0.012413 0.017747
0 0.266797 0.011034 0.012413 0.017747
0 0.266797 0.011034 0.012413 0.017747
0 0.266797 0.011034 0.012413 0.017747
0 0.266797 0.011034 0.012413 0.017747
0 0.266797 0.011034 0.012413 0.017747
0 0.266797 0.011034 0.012413 0.017747
0 0.266797 0.011034 0.012413 0.017747
0 0.266797 0.011034 0.012413 0.017747
0 0.266797 0.011034 0.012413 0.017747
0 0.266797 0.011034 0.012413 0.017747
0 0.266797 0.011034 0.012413 0.017747
0 0.266797 0.011034 0.012413 0.017747
0 0.266797 0.011034 0.012413 0.017747
0 0.266797 0.011034 0.012413 0.017747
0 0.266797 0.011034 0.012413 0.017747
0 0.266797 0.011034 0.012413 0.017747
0 0.266797 0.011034 0.012413 0.017747
0 0.266797 0.011034 0.012413 0.017747
0 0.266797 0.011034 0.012413 0.017747
0 0.266797 0.011034 0.012413 0.017747
0 0.266797 0.011034 0.012413 0.017747
0 0.266797 0.011034 0.012413 0.017747
0 0.266797 0.011034 0.012413 0.017747
0 0.266797 0.011034 0.012413 0.017747
0 0.266797 0.011034 0.012413 0.017747
0 0.266797 0.011034 0.012413 0.017747
0 0.266797 0.011034 0.012413 0.017747
0 0.266797 0.011034 0.012413 0.017747
0 0.266797 0.011034 0.012413 0.017747
0 0.266797 0.011034 0.012413 0.017747
0 0.266797 0.011034 0.012413 0.017747
0 0.266797 0.011034 0.012413 0.017747
