0 0.131120 0.002778 0.005642 0.005556
0 0.130859 0.003241 0.005642 0.006481
0 0.130729 0.003627 0.005382 0.007253
0 0.130729 0.004090 0.005382 0.008179
0 0.130599 0.004552 0.005122 0.009105
0 0.130599 0.004938 0.005122 0.009877
0 0.130425 0.005401 0.005122 0.010802
0 0.130295 0.005787 0.004861 0.011574
0 0.130295 0.006250 0.004861 0.012500
0 0.130165 0.006713 0.004601 0.013426
0 0.130165 0.007099 0.004601 0.014198
0 0.130035 0.007330 0.004861 0.014660
0 0.130165 0.007716 0.005122 0.014815
0 0.130295 0.008410 0.005382 0.015278
0 0.130382 0.008796 0.005556 0.015123
0 0.130512 0.009491 0.005816 0.015586
0 0.130382 0.009954 0.006076 0.015586
0 0.130512 0.010340 0.006337 0.015741
0 0.130642 0.010957 0.006597 0.016049
0 0.130773 0.011420 0.006858 0.016049
0 0.130859 0.012114 0.007031 0.016512
0 0.130642 0.012500 0.007118 0.016358
0 0.130642 0.013349 0.007118 0.016512
0 0.130642 0.014043 0.007118 0.016975
0 0.130642 0.014892 0.007118 0.016821
0 0.130642 0.015509 0.007118 0.017438
0 0.130382 0.016204 0.007118 0.016975
0 0.130382 0.016821 0.007118 0.017284
0 0.130382 0.017747 0.007118 0.017284
0 0.130382 0.018364 0.007118 0.017901
0 0.130382 0.019213 0.007118 0.017747
0 0.130122 0.019676 0.007118 0.017747
0 0.130122 0.020525 0.007118 0.017901
0 0.130035 0.020910 0.007292 0.017747
0 0.130035 0.021836 0.007292 0.017747
0 0.130035 0.022299 0.007292 0.017747
0 0.129905 0.023148 0.007552 0.017901
0 0.129905 0.023534 0.007552 0.017747
0 0.129774 0.024460 0.007812 0.017747
0 0.129774 0.024923 0.007812 0.017747
0 0.129774 0.025694 0.007812 0.017747
0 0.129514 0.026157 0.007812 0.017747
0 0.129514 0.026620 0.007812 0.017747
0 0.129384 0.027083 0.008073 0.017747
0 0.129384 0.027469 0.008073 0.017901
0 0.129384 0.027855 0.008073 0.017747
0 0.129167 0.028318 0.007986 0.017747
0 0.129167 0.028781 0.007986 0.017747
0 0.129036 0.029244 0.008247 0.017747
0 0.129036 0.029630 0.008247 0.017901
0 0.129036 0.030093 0.008247 0.017901
0 0.128689 0.030710 0.008073 0.017284
0 0.128429 0.031559 0.008073 0.017438
0 0.128168 0.032253 0.008073 0.016975
0 0.127951 0.033102 0.007986 0.016821
0 0.127734 0.033951 0.008073 0.016975
0 0.127344 0.034645 0.007812 0.016512
0 0.127083 0.035494 0.007812 0.016358
0 0.126823 0.036111 0.007812 0.016049
0 0.126562 0.037037 0.007812 0.016049
0 0.126476 0.037809 0.007639 0.016049
0 0.126389 0.038503 0.007812 0.015586
0 0.126259 0.039429 0.008073 0.015586
0 0.126128 0.040278 0.008333 0.015741
0 0.126128 0.041127 0.008333 0.015586
0 0.125998 0.042052 0.008594 0.015586
0 0.125868 0.042670 0.008854 0.015278
0 0.125868 0.043519 0.008854 0.015123
0 0.125781 0.044367 0.009028 0.015278
0 0.125651 0.045216 0.009288 0.015123
0 0.125651 0.046142 0.009288 0.015123
0 0.125391 0.046991 0.009288 0.015278
0 0.125391 0.048071 0.009288 0.015586
0 0.125130 0.048997 0.009288 0.015586
0 0.125130 0.050231 0.009288 0.015586
0 0.124870 0.051389 0.009288 0.016049
0 0.124870 0.052160 0.009288 0.016049
0 0.124653 0.053549 0.009201 0.016049
0 0.124653 0.054321 0.009201 0.016049
0 0.124436 0.055478 0.009288 0.016512
0 0.124436 0.056713 0.009288 0.016512
0 0.124045 0.057870 0.009028 0.016975
0 0.123785 0.059105 0.009028 0.016975
0 0.123655 0.060648 0.008767 0.017284
0 0.123437 0.061960 0.008854 0.017438
0 0.123307 0.063503 0.008594 0.017747
0 0.123090 0.064506 0.008507 0.018210
0 0.122830 0.065895 0.008507 0.018210
0 0.122700 0.067361 0.008247 0.018673
0 0.122439 0.068750 0.008247 0.018673
0 0.122352 0.070216 0.008073 0.019136
0 0.121962 0.070910 0.008333 0.018673
0 0.121701 0.071682 0.008333 0.017747
0 0.121354 0.072377 0.008507 0.017284
0 0.121094 0.073225 0.008507 0.016512
0 0.120833 0.073920 0.009028 0.016049
0 0.120660 0.074769 0.009028 0.015278
0 0.120269 0.075386 0.009288 0.014660
0 0.120009 0.076235 0.009288 0.013889
0 0.119661 0.076929 0.009462 0.013426
0 0.119531 0.078009 0.009722 0.013117
0 0.119531 0.078395 0.009722 0.012963
0 0.119792 0.079090 0.009722 0.013426
0 0.119792 0.080015 0.009722 0.013426
0 0.120009 0.080401 0.009809 0.013580
0 0.120139 0.081250 0.010069 0.013426
0 0.120269 0.081944 0.009809 0.013889
0 0.120356 0.082407 0.009983 0.013889
0 0.120486 0.083179 0.009722 0.013889
0 0.120616 0.083873 0.009983 0.014352
0 0.120877 0.084722 0.009983 0.014198
0 0.120616 0.084722 0.009983 0.014198
0 0.120616 0.085185 0.009983 0.014198
0 0.120616 0.085571 0.009983 0.014352
0 0.120616 0.086034 0.009983 0.014352
0 0.120616 0.086497 0.009983 0.014352
0 0.120616 0.086497 0.009983 0.014352
0 0.120616 0.086960 0.009983 0.014352
0 0.120616 0.087346 0.009983 0.014198
0 0.120616 0.087731 0.009983 0.014352
0 0.120616 0.088194 0.009983 0.014352
0 0.120356 0.088657 0.009983 0.014352
0 0.120356 0.089120 0.009983 0.014352
0 0.120356 0.089506 0.009983 0.014198
0 0.120356 0.089892 0.009983 0.014352
0 0.120356 0.090818 0.009983 0.014352
0 0.120139 0.091281 0.010069 0.014352
0 0.120139 0.091667 0.010069 0.014198
0 0.120139 0.092052 0.010069 0.014352
0 0.120139 0.092515 0.010069 0.014352
0 0.120139 0.093441 0.010069 0.014352
0 0.119792 0.093673 0.009722 0.013889
0 0.119531 0.094059 0.009722 0.013735
0 0.119271 0.094444 0.009722 0.013889
0 0.119054 0.094907 0.009809 0.013889
0 0.118924 0.095370 0.009549 0.013889
0 0.118663 0.095602 0.009549 0.013426
0 0.118403 0.096065 0.009549 0.013426
0 0.118186 0.096451 0.009462 0.013580
0 0.117925 0.096836 0.009462 0.013426
0 0.117839 0.097531 0.009288 0.012963
0 0.117578 0.097531 0.009288 0.012963
0 0.117578 0.097994 0.009288 0.012963
0 0.117578 0.098380 0.009288 0.013117
0 0.117578 0.098843 0.009288 0.013117
0 0.117578 0.099228 0.009288 0.012963
0 0.117448 0.099691 0.009549 0.012963
0 0.117448 0.100154 0.009549 0.012963
0 0.117448 0.100617 0.009549 0.012963
0 0.117448 0.101003 0.009549 0.013117
0 0.117448 0.101389 0.009549 0.012963
0 0.117188 0.101389 0.009549 0.012963
0 0.117188 0.101852 0.009549 0.012963
0 0.117188 0.102315 0.009549 0.012963
0 0.117101 0.102778 0.009722 0.012963
0 0.117101 0.103164 0.009722 0.013117
0 0.116970 0.103164 0.009462 0.013117
0 0.116840 0.103627 0.009722 0.013117
0 0.116840 0.104012 0.009722 0.012963
0 0.116840 0.104475 0.009722 0.012963
0 0.116840 0.104938 0.009722 0.012963
0 0.116580 0.104938 0.009722 0.012963
0 0.116580 0.105324 0.009722 0.013117
0 0.116580 0.105787 0.009722 0.013117
0 0.116580 0.106173 0.009722 0.012963
0 0.116580 0.106636 0.009722 0.012963
0 0.116450 0.107099 0.009983 0.012963
0 0.116450 0.107485 0.009983 0.013117
0 0.116450 0.107948 0.009983 0.013117
0 0.116450 0.108333 0.009983 0.012963
0 0.116450 0.108796 0.009983 0.012963
0 0.116233 0.108796 0.010069 0.012963
0 0.116233 0.108796 0.010069 0.012963
0 0.116233 0.108796 0.010069 0.012963
0 0.116233 0.108796 0.010069 0.012963
0 0.116233 0.108796 0.010069 0.012963
0 0.116233 0.109259 0.010069 0.012963
0 0.116233 0.109259 0.010069 0.012963
0 0.116233 0.109259 0.010069 0.012963
0 0.116233 0.109259 0.010069 0.012963
0 0.116233 0.109259 0.010069 0.012963
