0 0.190755 0.059336 0.003906 0.011265
0 0.190538 0.059568 0.003819 0.011728
0 0.190538 0.060262 0.003819 0.012191
0 0.190538 0.060648 0.003819 0.012037
0 0.190538 0.061343 0.003819 0.012500
0 0.190538 0.061960 0.003819 0.013117
0 0.190538 0.062346 0.003819 0.012963
0 0.190538 0.063040 0.003819 0.013426
0 0.190538 0.063503 0.003819 0.013426
0 0.190538 0.064198 0.003819 0.013889
0 0.190538 0.064738 0.003819 0.014352
0 0.190321 0.065201 0.003906 0.014352
0 0.190321 0.065664 0.003906 0.014352
0 0.190321 0.066127 0.003906 0.014352
0 0.190191 0.066667 0.003646 0.013889
0 0.190191 0.067130 0.003646 0.013889
0 0.190191 0.067593 0.003646 0.013889
0 0.190061 0.068287 0.003385 0.013426
0 0.190061 0.068673 0.003385 0.013580
0 0.190061 0.069059 0.003385 0.013426
0 0.190061 0.069753 0.003385 0.012963
0 0.190061 0.069753 0.003385 0.012963
0 0.190321 0.069985 0.003385 0.013426
0 0.190408 0.070216 0.003212 0.012963
0 0.190668 0.070448 0.003212 0.013426
0 0.190885 0.070910 0.003125 0.013426
0 0.190885 0.070910 0.003125 0.013426
0 0.191146 0.071142 0.003125 0.013889
0 0.191276 0.071296 0.002865 0.013580
0 0.191493 0.071451 0.002951 0.013889
0 0.191753 0.071914 0.002951 0.013889
0 0.191623 0.072145 0.003212 0.014352
0 0.191536 0.072608 0.003385 0.014352
0 0.191406 0.073071 0.003646 0.014352
0 0.191276 0.073225 0.003906 0.014660
0 0.191146 0.073688 0.004167 0.014660
0 0.191016 0.074074 0.004427 0.014815
0 0.190929 0.074306 0.004601 0.015278
0 0.190799 0.074769 0.004861 0.015278
0 0.190668 0.075154 0.005122 0.015123
0 0.190799 0.075849 0.005382 0.015586
0 0.190799 0.075849 0.005382 0.015586
0 0.190929 0.075849 0.005122 0.015586
0 0.190929 0.076080 0.005122 0.015123
0 0.191189 0.076080 0.005122 0.015123
0 0.191189 0.076235 0.005122 0.014815
0 0.191276 0.076235 0.004948 0.014815
0 0.191363 0.076235 0.005122 0.014815
0 0.191493 0.076466 0.004861 0.014352
0 0.191493 0.076466 0.004861 0.014352
0 0.191753 0.076698 0.004861 0.013889
0 0.191493 0.076698 0.004861 0.013889
0 0.191276 0.076698 0.004948 0.013889
0 0.191059 0.076698 0.004861 0.013889
0 0.190799 0.076698 0.004861 0.013889
0 0.190799 0.077160 0.004861 0.013889
0 0.190538 0.077160 0.004861 0.013889
0 0.190278 0.077160 0.004861 0.013889
0 0.190017 0.077160 0.004861 0.013889
0 0.189800 0.077160 0.004948 0.013889
0 0.189800 0.077623 0.004948 0.013889
0 0.189800 0.077160 0.004948 0.013889
0 0.190017 0.076698 0.004861 0.013889
0 0.190017 0.076466 0.004861 0.013426
0 0.190278 0.076235 0.004861 0.013889
0 0.190278 0.076003 0.004861 0.013426
0 0.190538 0.075617 0.004861 0.013580
0 0.190538 0.075463 0.004861 0.013889
0 0.190799 0.075231 0.004861 0.013426
0 0.190799 0.074769 0.004861 0.013426
0 0.191059 0.074769 0.004861 0.013426
0 0.190668 0.074769 0.004601 0.013426
0 0.190408 0.075000 0.004601 0.013889
0 0.190148 0.075000 0.004601 0.013889
0 0.189931 0.075463 0.004687 0.013889
0 0.189670 0.075617 0.004687 0.014198
0 0.189323 0.075617 0.004340 0.014198
0 0.189062 0.076003 0.004340 0.014352
0 0.188845 0.076003 0.004427 0.014352
0 0.188585 0.076235 0.004427 0.014815
0 0.188325 0.076698 0.004427 0.014815
0 0.188325 0.076698 0.004427 0.014815
0 0.188585 0.076698 0.004427 0.014815
0 0.188845 0.076698 0.004427 0.014815
0 0.188976 0.076698 0.004167 0.014815
0 0.189193 0.076698 0.004080 0.014815
0 0.189323 0.076698 0.004340 0.014815
0 0.189410 0.076698 0.004167 0.014815
0 0.189670 0.076698 0.004167 0.014815
0 0.189931 0.076698 0.004167 0.014815
0 0.190191 0.076929 0.004167 0.014352
0 0.189931 0.076466 0.004167 0.014352
0 0.189931 0.076466 0.004167 0.014352
0 0.189800 0.076466 0.004427 0.014352
0 0.189670 0.076466 0.004167 0.014352
0 0.189670 0.076466 0.004167 0.014352
0 0.189540 0.076003 0.004427 0.014352
0 0.189410 0.076003 0.004167 0.014352
0 0.189323 0.076003 0.004340 0.014352
0 0.189323 0.076003 0.004340 0.014352
0 0.189323 0.076003 0.004340 0.014352
0 0.189323 0.075617 0.004340 0.014198
0 0.189323 0.075617 0.004340 0.014198
0 0.189323 0.075617 0.004340 0.014198
0 0.189410 0.075617 0.004167 0.014198
0 0.189540 0.075617 0.004427 0.014198
0 0.189540 0.075617 0.004427 0.014198
0 0.189670 0.075617 0.004167 0.014198
0 0.189670 0.075617 0.004167 0.014198
0 0.189670 0.075617 0.004167 0.014198
0 0.189931 0.075617 0.004167 0.014198
0 0.190321 0.075386 0.003906 0.014660
0 0.190755 0.075386 0.003906 0.014660
0 0.191276 0.075386 0.003906 0.014660
0 0.191797 0.075386 0.003906 0.015586
0 0.192361 0.075386 0.003646 0.015586
0 0.192752 0.075386 0.003385 0.015586
0 0.193229 0.075386 0.003472 0.016512
0 0.193707 0.075386 0.003385 0.016512
0 0.194184 0.075386 0.003472 0.016512
0 0.194792 0.075617 0.003125 0.016975
0 0.193967 0.075154 0.003385 0.016975
0 0.193099 0.075154 0.003733 0.016975
0 0.192361 0.075154 0.003646 0.016975
0 0.191667 0.074923 0.004167 0.016512
0 0.190885 0.074923 0.004167 0.016512
0 0.190061 0.074923 0.004427 0.016512
0 0.189323 0.074691 0.004861 0.016049
0 0.188585 0.074691 0.004948 0.016049
0 0.187717 0.074691 0.005122 0.016049
0 0.187153 0.074691 0.005382 0.016049
0 0.187153 0.074537 0.005382 0.016358
0 0.187370 0.074537 0.005295 0.016358
0 0.187500 0.074306 0.005556 0.016821
0 0.187587 0.074306 0.005382 0.016821
0 0.187717 0.074306 0.005642 0.017747
0 0.187977 0.074306 0.005642 0.017747
0 0.187977 0.074074 0.005642 0.018210
0 0.188238 0.074074 0.005642 0.018210
0 0.188325 0.073843 0.005816 0.018673
0 0.188585 0.074074 0.005816 0.019136
0 0.188715 0.073688 0.005556 0.018981
0 0.189062 0.073688 0.005382 0.018981
0 0.189323 0.073457 0.005382 0.018519
0 0.189714 0.073457 0.005122 0.018519
0 0.189887 0.073302 0.005122 0.018210
0 0.190278 0.073071 0.004861 0.018673
0 0.190538 0.072840 0.004861 0.018210
0 0.190929 0.072840 0.004601 0.018210
0 0.191146 0.072608 0.004687 0.017747
0 0.191536 0.072608 0.004427 0.017747
0 0.191536 0.072145 0.004427 0.017747
0 0.191536 0.072145 0.004427 0.017747
0 0.191623 0.072145 0.004601 0.017747
0 0.191623 0.072145 0.004601 0.017747
0 0.191753 0.072145 0.004861 0.017747
0 0.191753 0.072145 0.004861 0.017747
0 0.191753 0.072145 0.004861 0.017747
0 0.191884 0.072145 0.005122 0.017747
0 0.191884 0.072145 0.005122 0.017747
0 0.192014 0.072145 0.005382 0.017747
0 0.191189 0.071682 0.005122 0.017747
0 0.190408 0.071682 0.005122 0.017747
0 0.189714 0.071528 0.005122 0.017438
0 0.188932 0.071296 0.004601 0.017901
0 0.188238 0.071065 0.004601 0.017438
0 0.187500 0.071065 0.004687 0.017438
0 0.186762 0.070602 0.004080 0.017438
0 0.186024 0.070602 0.004167 0.017438
0 0.185286 0.070370 0.004080 0.016975
0 0.184679 0.070370 0.003906 0.016975
0 0.182248 0.070370 0.003906 0.016975
0 0.179818 0.070370 0.003906 0.016975
0 0.177474 0.070602 0.004080 0.016512
0 0.175043 0.070602 0.004080 0.016512
0 0.172700 0.071065 0.004427 0.016512
0 0.170269 0.071065 0.004427 0.016512
0 0.167839 0.071065 0.004427 0.016512
0 0.165538 0.071296 0.004687 0.016049
0 0.163064 0.071296 0.004601 0.016049
0 0.160764 0.071759 0.004861 0.016049
