0 0.150521 0.095139 0.004861 0.018673
0 0.150521 0.095602 0.004861 0.018673
0 0.150521 0.096451 0.004861 0.018519
0 0.150521 0.097299 0.004861 0.018673
0 0.150521 0.098225 0.004861 0.018673
0 0.150521 0.098997 0.004861 0.018673
0 0.150521 0.099923 0.004861 0.018673
0 0.150521 0.100849 0.004861 0.018673
0 0.150521 0.101620 0.004861 0.018673
0 0.150521 0.102546 0.004861 0.018673
0 0.150781 0.103395 0.004861 0.018519
0 0.150781 0.103395 0.004861 0.018519
0 0.150781 0.103395 0.004861 0.018519
0 0.150781 0.103395 0.004861 0.018519
0 0.150781 0.103395 0.004861 0.018519
0 0.150781 0.103395 0.004861 0.018519
0 0.150781 0.103395 0.004861 0.018519
0 0.150781 0.103395 0.004861 0.018519
0 0.150781 0.103395 0.004861 0.018519
0 0.150781 0.103395 0.004861 0.018519
0 0.150781 0.103395 0.004861 0.018519
0 0.150521 0.103395 0.004861 0.018519
0 0.150521 0.103395 0.004861 0.018519
0 0.150521 0.103395 0.004861 0.018519
0 0.150521 0.103395 0.004861 0.018519
0 0.150521 0.103395 0.004861 0.018519
0 0.150521 0.103395 0.004861 0.018519
0 0.150521 0.103395 0.004861 0.018519
0 0.150521 0.103395 0.004861 0.018519
0 0.150521 0.103395 0.004861 0.018519
0 0.150521 0.103395 0.004861 0.018519
0 0.150260 0.103009 0.004861 0.018673
0 0.150260 0.103009 0.004861 0.018673
0 0.150260 0.102546 0.004861 0.018673
0 0.150260 0.102546 0.004861 0.018673
0 0.150260 0.102546 0.004861 0.018673
0 0.150000 0.102083 0.004861 0.018673
0 0.150000 0.102083 0.004861 0.018673
0 0.150000 0.101620 0.004861 0.018673
0 0.150000 0.101620 0.004861 0.018673
0 0.150000 0.101620 0.004861 0.018673
0 0.149913 0.101157 0.004687 0.018673
0 0.149913 0.101157 0.004687 0.018673
0 0.149913 0.101157 0.004687 0.018673
0 0.149913 0.101157 0.004687 0.018673
0 0.149913 0.101157 0.004687 0.018673
0 0.149913 0.100849 0.004687 0.018673
0 0.149913 0.100849 0.004687 0.018673
0 0.149913 0.100849 0.004687 0.018673
0 0.149913 0.100849 0.004687 0.018673
0 0.150043 0.100849 0.004427 0.018673
0 0.150043 0.100849 0.004427 0.018673
0 0.150043 0.100849 0.004427 0.018673
0 0.150043 0.100849 0.004427 0.018673
0 0.150043 0.100849 0.004427 0.018673
0 0.150043 0.100849 0.004427 0.018673
0 0.150043 0.100849 0.004427 0.018673
0 0.150043 0.100849 0.004427 0.018673
0 0.150043 0.100849 0.004427 0.018673
0 0.150043 0.100849 0.004427 0.018673
0 0.150043 0.100849 0.004427 0.018673
0 0.150043 0.100386 0.004427 0.018673
0 0.150043 0.100386 0.004427 0.018673
0 0.150043 0.100154 0.004427 0.018210
0 0.150043 0.100154 0.004427 0.018210
0 0.150130 0.099923 0.004601 0.017747
0 0.150130 0.099691 0.004601 0.018210
0 0.150130 0.099460 0.004601 0.017747
0 0.150130 0.099460 0.004601 0.017747
0 0.150130 0.099228 0.004601 0.017284
0 0.150391 0.099228 0.004601 0.017284
0 0.150391 0.098843 0.004601 0.017438
0 0.150391 0.098380 0.004601 0.017438
0 0.150391 0.098380 0.004601 0.017438
0 0.150391 0.097994 0.004601 0.017284
0 0.150651 0.097994 0.004601 0.017284
0 0.150651 0.097531 0.004601 0.017284
0 0.150651 0.097068 0.004601 0.017284
0 0.150651 0.097068 0.004601 0.017284
0 0.150651 0.096682 0.004601 0.017438
0 0.150868 0.096682 0.004687 0.017438
0 0.150868 0.096219 0.004687 0.017438
0 0.150868 0.095833 0.004687 0.017284
0 0.150868 0.095833 0.004687 0.017284
0 0.151128 0.095370 0.004687 0.017284
0 0.151128 0.095370 0.004687 0.017284
0 0.151128 0.094907 0.004687 0.017284
0 0.151389 0.094522 0.004687 0.017438
0 0.151389 0.094522 0.004687 0.017438
0 0.151389 0.094059 0.004687 0.017438
0 0.151606 0.094059 0.004601 0.017438
0 0.151606 0.093596 0.004601 0.017438
0 0.151606 0.093210 0.004601 0.017284
0 0.151606 0.092747 0.004601 0.017284
0 0.151606 0.092747 0.004601 0.017284
0 0.151606 0.092284 0.004601 0.017284
0 0.151606 0.091898 0.004601 0.017438
0 0.151606 0.091898 0.004601 0.017438
0 0.151606 0.091435 0.004601 0.017438
0 0.151606 0.091049 0.004601 0.017284
0 0.151866 0.091049 0.004601 0.017284
0 0.151866 0.090586 0.004601 0.017284
0 0.151866 0.090586 0.004601 0.017284
0 0.151866 0.090123 0.004601 0.017284
0 0.151866 0.090123 0.004601 0.017284
0 0.151866 0.090123 0.004601 0.017284
0 0.151866 0.089738 0.004601 0.017438
0 0.151866 0.089738 0.004601 0.017438
0 0.151866 0.089275 0.004601 0.017438
0 0.151866 0.089275 0.004601 0.017438
0 0.152127 0.089275 0.004601 0.017438
0 0.151866 0.088889 0.004601 0.017284
0 0.151866 0.088889 0.004601 0.017284
0 0.151866 0.088889 0.004601 0.017284
0 0.151866 0.088426 0.004601 0.017284
0 0.151866 0.088426 0.004601 0.017284
0 0.151866 0.088426 0.004601 0.017284
0 0.151866 0.087963 0.004601 0.017284
0 0.151866 0.087963 0.004601 0.017284
0 0.151866 0.087963 0.004601 0.017284
0 0.151866 0.087963 0.004601 0.017284
0 0.151389 0.087577 0.004687 0.017438
0 0.151128 0.087577 0.004687 0.017438
0 0.150651 0.087577 0.004601 0.017438
0 0.150391 0.087577 0.004601 0.017438
0 0.150130 0.087577 0.004601 0.017438
0 0.149653 0.087114 0.004687 0.017438
0 0.149436 0.087114 0.004601 0.017438
0 0.148915 0.087114 0.004601 0.017438
0 0.148698 0.087114 0.004687 0.017438
0 0.148438 0.087114 0.004687 0.017438
0 0.147960 0.086728 0.004601 0.017284
0 0.147700 0.086728 0.004601 0.017284
0 0.147222 0.086728 0.004687 0.017284
0 0.146962 0.086728 0.004687 0.017284
0 0.146745 0.086728 0.004601 0.017284
0 0.146224 0.086728 0.004601 0.017284
0 0.146007 0.086728 0.004687 0.017284
0 0.145530 0.086728 0.004601 0.017284
0 0.145269 0.086728 0.004601 0.017284
0 0.145009 0.086728 0.004601 0.017284
0 0.144531 0.086728 0.004687 0.017284
0 0.144314 0.086728 0.004601 0.017284
0 0.144054 0.086728 0.004601 0.017284
0 0.143576 0.086728 0.004687 0.017284
0 0.143316 0.086728 0.004687 0.017284
0 0.143099 0.086728 0.004601 0.017284
0 0.142578 0.086728 0.004601 0.017284
0 0.142318 0.086728 0.004601 0.017284
0 0.142101 0.086728 0.004687 0.017284
0 0.141840 0.086728 0.004687 0.017284
0 0.141623 0.086728 0.004601 0.017284
0 0.141623 0.087114 0.004601 0.017438
0 0.141363 0.087114 0.004601 0.017438
0 0.141363 0.087577 0.004601 0.017438
0 0.141102 0.087577 0.004601 0.017438
0 0.141102 0.087963 0.004601 0.017284
0 0.140885 0.087963 0.004687 0.017284
0 0.140885 0.088426 0.004687 0.017284
0 0.140625 0.088426 0.004687 0.017284
0 0.140625 0.088889 0.004687 0.017284
0 0.140408 0.089275 0.004601 0.017438
0 0.140408 0.089738 0.004601 0.017438
0 0.140278 0.090123 0.004340 0.017284
0 0.140148 0.090586 0.004601 0.017284
0 0.140148 0.091204 0.004601 0.016975
0 0.140017 0.091667 0.004340 0.016975
0 0.139887 0.092130 0.004601 0.016975
0 0.139800 0.092515 0.004427 0.016821
0 0.139800 0.092978 0.004427 0.016821
0 0.139800 0.093827 0.004427 0.016975
0 0.139540 0.093596 0.004427 0.016512
0 0.139410 0.093596 0.004167 0.016512
0 0.139280 0.093364 0.004427 0.016049
0 0.139149 0.093364 0.004167 0.016049
0 0.139062 0.093133 0.004340 0.015586
0 0.138932 0.093133 0.004080 0.015586
0 0.138802 0.092978 0.004340 0.015278
0 0.138715 0.092978 0.004167 0.015278
0 0.138585 0.092747 0.004427 0.014815
0 0.138455 0.092747 0.004167 0.014815
