0 0.149523 0.085802 0.005816 0.014815
0 0.149045 0.085802 0.005903 0.014815
0 0.148568 0.085802 0.005816 0.014815
0 0.148220 0.085802 0.005642 0.014815
0 0.147700 0.086265 0.005642 0.014815
0 0.147439 0.086265 0.005642 0.014815
0 0.147005 0.086265 0.005642 0.014815
0 0.146484 0.086728 0.005642 0.014815
0 0.146094 0.086728 0.005382 0.014815
0 0.145660 0.086728 0.005382 0.014815
0 0.145399 0.087114 0.005382 0.014660
0 0.144531 0.087114 0.005556 0.014660
0 0.143793 0.087114 0.005642 0.014660
0 0.143099 0.087577 0.005642 0.014660
0 0.142318 0.087577 0.005642 0.014660
0 0.141623 0.087963 0.005642 0.014815
0 0.140885 0.087963 0.005556 0.014815
0 0.140148 0.087963 0.005642 0.014815
0 0.139410 0.088426 0.005556 0.014815
0 0.138672 0.088426 0.005642 0.014815
0 0.138064 0.088889 0.005816 0.014815
0 0.136849 0.088889 0.005816 0.014815
0 0.135894 0.088889 0.005816 0.014815
0 0.134896 0.089275 0.005903 0.014660
0 0.133941 0.089275 0.005903 0.014660
0 0.132943 0.089738 0.005816 0.014660
0 0.131858 0.089738 0.005556 0.014660
0 0.130859 0.089738 0.005642 0.014660
0 0.129905 0.090123 0.005642 0.014815
0 0.128950 0.090123 0.005642 0.014815
0 0.127951 0.090586 0.005556 0.014815
0 0.126823 0.090586 0.005382 0.014815
0 0.125868 0.090586 0.005382 0.014815
0 0.124913 0.090586 0.005382 0.014815
0 0.123915 0.090586 0.005295 0.014815
0 0.122917 0.090586 0.005382 0.014815
0 0.121962 0.090586 0.005382 0.014815
0 0.121007 0.090586 0.005382 0.014815
0 0.120009 0.090586 0.005295 0.014815
0 0.119010 0.090586 0.005382 0.014815
0 0.118056 0.091049 0.005382 0.014815
0 0.116840 0.091049 0.005382 0.014815
0 0.115755 0.091049 0.005642 0.014815
0 0.114540 0.091049 0.005642 0.014815
0 0.113542 0.091049 0.005556 0.014815
0 0.112326 0.091049 0.005556 0.014815
0 0.111241 0.091049 0.005816 0.014815
0 0.110113 0.091049 0.005642 0.014815
0 0.109028 0.091049 0.005903 0.014815
0 0.107812 0.091049 0.005903 0.014815
0 0.106858 0.091435 0.005903 0.014660
0 0.105599 0.091049 0.005816 0.014815
0 0.104514 0.091049 0.005556 0.014815
0 0.103429 0.091049 0.005816 0.014815
0 0.102300 0.091049 0.005642 0.014815
0 0.101215 0.091049 0.005903 0.014815
0 0.100130 0.091049 0.005642 0.014815
0 0.098915 0.091049 0.005642 0.014815
0 0.097917 0.091049 0.005556 0.014815
0 0.096701 0.091049 0.005556 0.014815
0 0.095747 0.091049 0.005556 0.014815
0 0.094488 0.090586 0.005642 0.014815
0 0.093273 0.090586 0.005642 0.014815
0 0.092057 0.090355 0.005642 0.014352
0 0.091102 0.090123 0.005642 0.014815
0 0.089887 0.090123 0.005642 0.014815
0 0.088672 0.089892 0.005642 0.014352
0 0.087674 0.089738 0.005556 0.014660
0 0.086458 0.089506 0.005556 0.014198
0 0.085243 0.089506 0.005556 0.014198
0 0.084245 0.089506 0.005642 0.014198
0 0.083767 0.089120 0.005556 0.014352
0 0.083290 0.089120 0.005642 0.014352
0 0.082812 0.089120 0.005556 0.014352
0 0.082465 0.088889 0.005382 0.014815
0 0.082075 0.088889 0.005642 0.014815
0 0.081554 0.088657 0.005642 0.014352
0 0.081250 0.088426 0.005382 0.014815
0 0.080729 0.088426 0.005382 0.014815
0 0.080208 0.088426 0.005382 0.014815
0 0.079991 0.088426 0.005295 0.014815
0 0.080990 0.087114 0.005382 0.014660
0 0.082205 0.086265 0.005382 0.014815
0 0.083420 0.085417 0.005382 0.014660
0 0.084635 0.084491 0.005382 0.014660
0 0.085851 0.083642 0.005382 0.014815
0 0.086806 0.082793 0.005382 0.014660
0 0.088021 0.081944 0.005382 0.014815
0 0.089236 0.081019 0.005382 0.014815
0 0.090495 0.080170 0.005295 0.014660
0 0.091710 0.079321 0.005295 0.014815
0 0.094184 0.078009 0.005382 0.014660
0 0.096832 0.077160 0.005295 0.014815
0 0.099523 0.075849 0.005295 0.014660
0 0.102083 0.075000 0.005556 0.014815
0 0.104774 0.073688 0.005556 0.014660
0 0.107422 0.072840 0.005642 0.014815
0 0.110026 0.071528 0.005816 0.014660
0 0.112717 0.070679 0.005816 0.014815
0 0.115365 0.069290 0.005903 0.014815
0 0.118056 0.068441 0.005903 0.014660
0 0.121007 0.067593 0.005903 0.014815
0 0.123915 0.067130 0.005816 0.014815
0 0.126866 0.066281 0.005816 0.014660
0 0.129905 0.065895 0.005642 0.014815
0 0.132812 0.064969 0.005556 0.014815
0 0.135764 0.064583 0.005556 0.014660
0 0.138802 0.063735 0.005382 0.014815
0 0.141753 0.063272 0.005382 0.014815
0 0.144661 0.062423 0.005295 0.014660
0 0.147830 0.061960 0.005382 0.014660
0 0.149436 0.061960 0.005642 0.014660
0 0.151128 0.061960 0.005556 0.014660
0 0.152821 0.061960 0.005642 0.014660
0 0.154557 0.061960 0.005642 0.014660
0 0.156250 0.061960 0.005556 0.014660
0 0.157943 0.061960 0.005642 0.014660
0 0.159679 0.061960 0.005642 0.014660
0 0.161372 0.061960 0.005556 0.014660
0 0.163064 0.061960 0.005642 0.014660
0 0.164800 0.061960 0.005642 0.014660
0 0.165061 0.061497 0.005642 0.014660
0 0.165538 0.061497 0.005556 0.014660
0 0.166016 0.061497 0.005642 0.014660
0 0.166363 0.061497 0.005816 0.014660
0 0.166884 0.061497 0.005816 0.014660
0 0.167361 0.061111 0.005903 0.014815
0 0.167708 0.061111 0.006076 0.014815
0 0.168229 0.061111 0.006076 0.014815
0 0.168707 0.061111 0.006163 0.014815
0 0.169184 0.061111 0.006076 0.014815
0 0.169184 0.060648 0.006076 0.014815
0 0.169444 0.060648 0.006076 0.014815
0 0.169705 0.060648 0.006076 0.014815
0 0.169922 0.060648 0.006163 0.014815
0 0.170139 0.060648 0.006076 0.014815
0 0.170399 0.060648 0.006076 0.014815
0 0.170660 0.060648 0.006076 0.014815
0 0.170920 0.060648 0.006076 0.014815
0 0.171137 0.060648 0.006163 0.014815
0 0.171354 0.060648 0.006076 0.014815
0 0.172135 0.060648 0.006076 0.014815
0 0.172830 0.060648 0.006076 0.014815
0 0.173568 0.060648 0.006163 0.014815
0 0.174306 0.060648 0.006076 0.014815
0 0.175043 0.060648 0.006163 0.014815
0 0.175781 0.060648 0.006076 0.014815
0 0.176476 0.060648 0.006076 0.014815
0 0.177257 0.060648 0.006076 0.014815
0 0.177951 0.060648 0.006076 0.014815
0 0.178950 0.061111 0.006163 0.014815
0 0.178733 0.061111 0.006076 0.014815
0 0.178733 0.061111 0.006076 0.014815
0 0.178733 0.061111 0.006076 0.014815
0 0.178733 0.061111 0.006076 0.014815
0 0.178733 0.061111 0.006076 0.014815
0 0.178602 0.061111 0.005816 0.014815
0 0.178602 0.061111 0.005816 0.014815
0 0.178602 0.061111 0.005816 0.014815
0 0.178602 0.061111 0.005816 0.014815
0 0.178602 0.061111 0.005816 0.014815
0 0.178082 0.060648 0.005816 0.014815
0 0.177604 0.060648 0.005903 0.014815
0 0.177344 0.060648 0.005903 0.014815
0 0.176866 0.060648 0.005816 0.014815
0 0.176606 0.060648 0.005816 0.014815
0 0.176128 0.060185 0.005903 0.014815
0 0.175651 0.060185 0.005816 0.014815
0 0.175391 0.060185 0.005816 0.014815
0 0.174913 0.060185 0.005903 0.014815
0 0.174696 0.060185 0.005816 0.014815
0 0.174696 0.060185 0.005816 0.014815
0 0.174696 0.060185 0.005816 0.014815
0 0.174696 0.060185 0.005816 0.014815
0 0.174696 0.060185 0.005816 0.014815
0 0.174696 0.060185 0.005816 0.014815
0 0.174913 0.060185 0.005903 0.014815
0 0.174913 0.060185 0.005903 0.014815
0 0.174913 0.060185 0.005903 0.014815
0 0.174913 0.060185 0.005903 0.014815
0 0.174913 0.060185 0.005903 0.014815
