0 0.101693 0.013194 0.011198 0.017747
0 0.101693 0.013194 0.011198 0.017747
0 0.101693 0.013194 0.011198 0.017747
0 0.101693 0.013194 0.011198 0.017747
0 0.101693 0.013194 0.011198 0.017747
0 0.101693 0.013194 0.011198 0.017747
0 0.101693 0.013194 0.011198 0.017747
0 0.101693 0.013194 0.011198 0.017747
0 0.101693 0.013194 0.011198 0.017747
0 0.101693 0.013194 0.011198 0.017747
0 0.101693 0.013194 0.011198 0.017747
0 0.101476 0.015355 0.011285 0.017747
0 0.101215 0.017978 0.011285 0.017747
0 0.100998 0.020139 0.011198 0.017747
0 0.100868 0.022685 0.011458 0.017901
0 0.100738 0.025309 0.011198 0.017901
0 0.100477 0.027469 0.011198 0.017901
0 0.100347 0.030093 0.011458 0.017901
0 0.100130 0.032253 0.011545 0.017901
0 0.099913 0.034799 0.011458 0.017747
0 0.099913 0.037423 0.011458 0.017747
0 0.099783 0.039583 0.011198 0.017747
0 0.099653 0.042207 0.010937 0.017747
0 0.099523 0.044830 0.010677 0.017747
0 0.099523 0.047454 0.010677 0.017747
0 0.099392 0.050077 0.010417 0.017747
0 0.099306 0.052623 0.010243 0.017901
0 0.099306 0.055247 0.010243 0.017901
0 0.099175 0.057793 0.009983 0.017747
0 0.099045 0.060417 0.009722 0.017747
0 0.099132 0.063040 0.009549 0.017747
0 0.098915 0.065201 0.009462 0.017747
0 0.098915 0.067824 0.009462 0.017747
0 0.098655 0.070448 0.009462 0.017747
0 0.098655 0.072608 0.009462 0.017747
0 0.098437 0.075231 0.009549 0.017747
0 0.098437 0.077778 0.009549 0.017901
0 0.098177 0.080015 0.009549 0.017747
0 0.098177 0.082562 0.009549 0.017901
0 0.097917 0.085185 0.009549 0.017901
0 0.097917 0.087731 0.009549 0.017747
0 0.097700 0.089506 0.009462 0.017901
0 0.097700 0.091667 0.009462 0.017901
0 0.097700 0.093441 0.009462 0.017747
0 0.097700 0.095602 0.009462 0.017747
0 0.097700 0.097762 0.009462 0.017747
0 0.097439 0.099460 0.009462 0.017747
0 0.097439 0.101620 0.009462 0.017747
0 0.097439 0.103395 0.009462 0.017901
0 0.097439 0.105556 0.009462 0.017901
0 0.097439 0.107716 0.009462 0.017901
0 0.097439 0.110340 0.009462 0.017901
0 0.097439 0.113349 0.009462 0.017747
0 0.097439 0.115972 0.009462 0.017747
0 0.097439 0.119059 0.009462 0.017747
0 0.097439 0.121605 0.009462 0.017901
0 0.097439 0.124614 0.009462 0.017747
0 0.097439 0.127238 0.009462 0.017747
0 0.097439 0.130324 0.009462 0.017747
0 0.097439 0.132870 0.009462 0.017901
0 0.097439 0.135880 0.009462 0.017747
0 0.096701 0.138503 0.009549 0.016821
0 0.096224 0.141204 0.009462 0.016049
0 0.095747 0.143750 0.009549 0.015278
0 0.095226 0.146605 0.009549 0.013889
0 0.094748 0.149151 0.009462 0.013117
0 0.094271 0.151775 0.009549 0.012191
0 0.093793 0.154630 0.009462 0.010802
0 0.093316 0.157176 0.009549 0.010031
0 0.092795 0.159799 0.009549 0.009105
0 0.092318 0.162809 0.009462 0.008333
0 0.092187 0.165201 0.009722 0.008796
0 0.092187 0.167824 0.009722 0.008796
0 0.092057 0.170370 0.009983 0.009568
0 0.092057 0.172994 0.009983 0.009568
0 0.092057 0.175617 0.009983 0.010494
0 0.091927 0.178241 0.010243 0.010494
0 0.091927 0.180556 0.010243 0.010802
0 0.091797 0.183410 0.010503 0.011265
0 0.091797 0.185802 0.010503 0.011728
0 0.091797 0.188657 0.010503 0.012191
0 0.091623 0.190818 0.010503 0.012191
0 0.091493 0.193441 0.010243 0.012191
0 0.091363 0.195756 0.009983 0.012500
0 0.091363 0.198225 0.009983 0.012191
0 0.091233 0.200540 0.009722 0.012500
0 0.090972 0.203164 0.009722 0.012500
0 0.090972 0.205324 0.009722 0.012500
0 0.090842 0.207948 0.009462 0.012500
0 0.090755 0.210340 0.009288 0.012963
0 0.090755 0.212963 0.009288 0.012963
0 0.090495 0.215123 0.009809 0.012963
0 0.090365 0.217284 0.010069 0.012963
0 0.090278 0.219444 0.010243 0.012963
0 0.090148 0.221605 0.010503 0.012963
0 0.090104 0.223765 0.010937 0.012963
0 0.089974 0.225926 0.011198 0.012963
0 0.089844 0.228086 0.011458 0.012963
0 0.089757 0.230247 0.011632 0.012963
0 0.089627 0.232407 0.011892 0.012963
0 0.089627 0.234568 0.012413 0.012963
0 0.089366 0.236343 0.012413 0.013117
0 0.089236 0.238503 0.012674 0.013117
0 0.089019 0.240741 0.012760 0.012963
0 0.088932 0.242901 0.012934 0.012963
0 0.088932 0.245062 0.012934 0.012963
0 0.088672 0.246991 0.012934 0.012500
0 0.088542 0.249151 0.013194 0.012500
0 0.088281 0.251312 0.013194 0.012500
0 0.088151 0.253472 0.013455 0.012500
0 0.088151 0.255633 0.013455 0.012500
0 0.087674 0.257562 0.013368 0.012963
0 0.087196 0.259568 0.013455 0.013580
0 0.086806 0.261728 0.013194 0.013580
0 0.086372 0.263735 0.013194 0.013889
0 0.085981 0.265664 0.012934 0.014352
0 0.085460 0.267824 0.012934 0.014352
0 0.085113 0.269753 0.012760 0.014815
0 0.084635 0.271682 0.012674 0.015278
0 0.084375 0.274151 0.012674 0.015586
