0 0.184201 0.325309 0.008333 0.013889
0 0.184071 0.325694 0.008073 0.013117
0 0.184071 0.326157 0.008073 0.012191
0 0.184071 0.326620 0.008073 0.011265
0 0.184071 0.327006 0.008073 0.010494
0 0.184071 0.327469 0.008073 0.009568
0 0.184071 0.327932 0.008073 0.008642
0 0.184071 0.328318 0.008073 0.007870
0 0.184071 0.328781 0.008073 0.006944
0 0.184071 0.329167 0.008073 0.006173
0 0.184071 0.329630 0.008073 0.005247
0 0.184071 0.329630 0.008073 0.005247
0 0.184071 0.329630 0.008073 0.005247
0 0.184071 0.329630 0.008073 0.005247
0 0.184071 0.329630 0.008073 0.005247
0 0.184071 0.329630 0.008073 0.005247
0 0.184071 0.329630 0.008073 0.005247
0 0.184071 0.329630 0.008073 0.005247
0 0.184071 0.329630 0.008073 0.005247
0 0.184071 0.329630 0.008073 0.005247
0 0.184071 0.329630 0.008073 0.005247
0 0.184071 0.329630 0.008073 0.005247
0 0.184071 0.329630 0.008073 0.005247
0 0.184071 0.329630 0.008073 0.005247
0 0.184071 0.329630 0.008073 0.005247
0 0.184071 0.329630 0.008073 0.005247
0 0.184071 0.329630 0.008073 0.005247
0 0.184071 0.329630 0.008073 0.005247
0 0.184071 0.329630 0.008073 0.005247
0 0.184071 0.329630 0.008073 0.005247
0 0.184071 0.329630 0.008073 0.005247
0 0.184071 0.329630 0.008073 0.005247
0 0.184071 0.329630 0.008073 0.005247
0 0.184071 0.329630 0.008073 0.005247
0 0.184071 0.329630 0.008073 0.005247
0 0.184071 0.329630 0.008073 0.005247
0 0.184071 0.329630 0.008073 0.005247
0 0.184071 0.329630 0.008073 0.005247
0 0.184071 0.329630 0.008073 0.005247
0 0.184071 0.329630 0.008073 0.005247
0 0.184071 0.329630 0.008073 0.005247
0 0.184071 0.329630 0.008073 0.005247
0 0.184071 0.329630 0.008073 0.005247
0 0.184071 0.329630 0.008073 0.005247
0 0.184071 0.329630 0.008073 0.005247
0 0.184071 0.329630 0.008073 0.005247
0 0.184071 0.329630 0.008073 0.005247
0 0.184071 0.329630 0.008073 0.005247
0 0.184071 0.329630 0.008073 0.005247
0 0.184071 0.329630 0.008073 0.005247
0 0.184071 0.329630 0.008073 0.005247
0 0.184071 0.329630 0.008073 0.005247
0 0.184071 0.329630 0.008073 0.005247
0 0.184071 0.329630 0.008073 0.005247
0 0.184071 0.329630 0.008073 0.005247
0 0.184071 0.329630 0.008073 0.005247
0 0.184071 0.329630 0.008073 0.005247
0 0.184071 0.329630 0.008073 0.005247
0 0.184071 0.329630 0.008073 0.005247
0 0.184071 0.329630 0.008073 0.005247
0 0.184071 0.329630 0.008073 0.005247
0 0.184071 0.329630 0.008073 0.005247
0 0.184071 0.329630 0.008073 0.005247
0 0.184071 0.329630 0.008073 0.005247
0 0.184071 0.329630 0.008073 0.005247
0 0.184071 0.329630 0.008073 0.005247
0 0.184071 0.329630 0.008073 0.005247
0 0.184071 0.329630 0.008073 0.005247
0 0.184071 0.329630 0.008073 0.005247
0 0.184071 0.329630 0.008073 0.005247
0 0.184071 0.329630 0.008073 0.005247
0 0.184071 0.329630 0.008073 0.005247
0 0.184071 0.329630 0.008073 0.005247
0 0.184071 0.329630 0.008073 0.005247
0 0.184071 0.329630 0.008073 0.005247
0 0.184071 0.329630 0.008073 0.005247
0 0.184071 0.329630 0.008073 0.005247
0 0.184071 0.329630 0.008073 0.005247
0 0.184071 0.329630 0.008073 0.005247
0 0.184071 0.329630 0.008073 0.005247
0 0.184071 0.329630 0.008073 0.005247
0 0.184071 0.329630 0.008073 0.005247
0 0.184071 0.329630 0.008073 0.005247
0 0.184071 0.329630 0.008073 0.005247
0 0.184071 0.329630 0.008073 0.005247
0 0.184071 0.329630 0.008073 0.005247
0 0.184071 0.329630 0.008073 0.005247
0 0.184071 0.329630 0.008073 0.005247
0 0.184071 0.329630 0.008073 0.005247
0 0.184071 0.329630 0.008073 0.005247
0 0.184071 0.329630 0.008073 0.005247
0 0.184071 0.329630 0.008073 0.005247
0 0.184071 0.329630 0.008073 0.005247
0 0.184071 0.329630 0.008073 0.005247
0 0.184071 0.329630 0.008073 0.005247
0 0.184071 0.329630 0.008073 0.005247
0 0.184071 0.329630 0.008073 0.005247
0 0.184071 0.329630 0.008073 0.005247
0 0.184071 0.329630 0.008073 0.005247
0 0.184071 0.329630 0.008073 0.005247
0 0.184071 0.329630 0.008073 0.005247
0 0.184071 0.329630 0.008073 0.005247
0 0.184071 0.329630 0.008073 0.005247
0 0.184071 0.329630 0.008073 0.005247
0 0.184071 0.329630 0.008073 0.005247
0 0.184071 0.329630 0.008073 0.005247
0 0.184071 0.329630 0.008073 0.005247
0 0.184071 0.329630 0.008073 0.005247
0 0.184071 0.329630 0.008073 0.005247
0 0.184071 0.329630 0.008073 0.005247
0 0.184071 0.329630 0.008073 0.005247
0 0.184071 0.329630 0.008073 0.005247
0 0.184071 0.329630 0.008073 0.005247
0 0.184071 0.329630 0.008073 0.005247
0 0.184071 0.329630 0.008073 0.005247
0 0.184071 0.329630 0.008073 0.005247
0 0.184071 0.329630 0.008073 0.005247
0 0.184071 0.329630 0.008073 0.005247
0 0.184071 0.329630 0.008073 0.005247
0 0.184071 0.329630 0.008073 0.005247
0 0.184071 0.329630 0.008073 0.005247
0 0.184071 0.329630 0.008073 0.005247
0 0.184071 0.329630 0.008073 0.005247
0 0.184071 0.329630 0.008073 0.005247
0 0.184071 0.329630 0.008073 0.005247
0 0.184071 0.329630 0.008073 0.005247
0 0.184071 0.329630 0.008073 0.005247
0 0.184071 0.329630 0.008073 0.005247
0 0.184071 0.329630 0.008073 0.005247
0 0.184071 0.329630 0.008073 0.005247
0 0.184071 0.329630 0.008073 0.005247
0 0.184071 0.329630 0.008073 0.005247
0 0.184071 0.329630 0.008073 0.005247
0 0.184071 0.329630 0.008073 0.005247
0 0.184071 0.329630 0.008073 0.005247
0 0.184071 0.329630 0.008073 0.005247
0 0.184071 0.329630 0.008073 0.005247
0 0.184071 0.329630 0.008073 0.005247
0 0.184071 0.329630 0.008073 0.005247
0 0.184071 0.329630 0.008073 0.005247
0 0.184071 0.329630 0.008073 0.005247
0 0.184071 0.329630 0.008073 0.005247
0 0.184071 0.329630 0.008073 0.005247
0 0.184071 0.329630 0.008073 0.005247
0 0.184071 0.329630 0.008073 0.005247
0 0.184071 0.329630 0.008073 0.005247
0 0.184071 0.329630 0.008073 0.005247
0 0.184071 0.329630 0.008073 0.005247
0 0.184071 0.329630 0.008073 0.005247
0 0.184071 0.329630 0.008073 0.005247
0 0.184071 0.329630 0.008073 0.005247
0 0.184071 0.329630 0.008073 0.005247
0 0.184071 0.329630 0.008073 0.005247
0 0.184071 0.329630 0.008073 0.005247
0 0.184071 0.329630 0.008073 0.005247
0 0.184071 0.329630 0.008073 0.005247
0 0.184071 0.329630 0.008073 0.005247
0 0.184071 0.329630 0.008073 0.005247
0 0.184071 0.329630 0.008073 0.005247
0 0.184071 0.329630 0.008073 0.005247
0 0.184071 0.329630 0.008073 0.005247
0 0.182595 0.328935 0.008073 0.005710
0 0.181250 0.328549 0.007812 0.006481
0 0.179905 0.328086 0.008073 0.007407
0 0.178559 0.327855 0.007812 0.007870
0 0.177214 0.327469 0.008073 0.008642
0 0.175868 0.327006 0.007812 0.009568
0 0.174392 0.326775 0.007812 0.010031
0 0.173177 0.326389 0.007812 0.010802
0 0.171788 0.325926 0.007812 0.011728
0 0.170530 0.325694 0.007726 0.012191
0 0.170530 0.324228 0.007726 0.012654
0 0.170530 0.322917 0.007726 0.013426
0 0.170530 0.321605 0.007726 0.013580
0 0.170660 0.320293 0.007986 0.014352
0 0.170660 0.318750 0.007986 0.014660
0 0.170747 0.317670 0.007812 0.015278
0 0.170747 0.316127 0.007812 0.015586
0 0.170877 0.314892 0.008073 0.016512
0 0.170877 0.313580 0.008073 0.016358
0 0.170877 0.312269 0.008073 0.017438
