0 0.244575 0.065818 0.003212 0.011265
0 0.246050 0.066281 0.003212 0.011265
0 0.247526 0.067207 0.003212 0.011265
0 0.249002 0.067978 0.003212 0.011265
0 0.250434 0.068904 0.003125 0.011265
0 0.251910 0.069830 0.003125 0.011265
0 0.253385 0.070602 0.003125 0.011265
0 0.254818 0.071528 0.003212 0.011265
0 0.256293 0.072377 0.003212 0.011420
0 0.257769 0.073225 0.003212 0.011265
0 0.259245 0.074151 0.003212 0.011265
0 0.261936 0.075386 0.003212 0.011265
0 0.264583 0.077083 0.003125 0.011265
0 0.267274 0.078935 0.003125 0.011265
0 0.269965 0.080170 0.003125 0.011265
0 0.272656 0.081867 0.003125 0.011265
0 0.275347 0.083719 0.003125 0.011265
0 0.278038 0.084954 0.003125 0.011265
0 0.280686 0.086651 0.003212 0.011265
0 0.283377 0.088426 0.003212 0.011420
0 0.286328 0.090201 0.003212 0.011265
0 0.287630 0.090586 0.003385 0.011420
0 0.288976 0.091435 0.003646 0.011265
0 0.290321 0.092130 0.003906 0.011728
0 0.291667 0.092978 0.004167 0.011574
0 0.293012 0.093827 0.004427 0.011728
0 0.294358 0.094290 0.004687 0.011728
0 0.295703 0.095139 0.004948 0.011574
0 0.297092 0.095756 0.005122 0.012191
0 0.298394 0.096682 0.005295 0.012191
0 0.299826 0.097531 0.005382 0.012037
0 0.300608 0.097917 0.005382 0.012191
0 0.301562 0.098843 0.005382 0.012191
0 0.302517 0.099691 0.005382 0.012037
0 0.303516 0.100154 0.005295 0.012037
0 0.304514 0.101003 0.005382 0.012191
0 0.305208 0.101852 0.005382 0.012037
0 0.306207 0.102315 0.005295 0.012037
0 0.307205 0.103164 0.005382 0.012191
0 0.308160 0.104090 0.005382 0.012191
0 0.309115 0.104861 0.005382 0.012191
0 0.309115 0.104861 0.005382 0.012191
0 0.309115 0.104861 0.005382 0.012191
0 0.309115 0.104861 0.005382 0.012191
0 0.309115 0.104861 0.005382 0.012191
0 0.309115 0.104861 0.005382 0.012191
0 0.309115 0.104861 0.005382 0.012191
0 0.309115 0.104861 0.005382 0.012191
0 0.309115 0.104861 0.005382 0.012191
0 0.309115 0.104861 0.005382 0.012191
0 0.309115 0.104861 0.005382 0.012191
0 0.308854 0.104861 0.005382 0.012191
0 0.308637 0.104861 0.005295 0.012191
0 0.308420 0.104861 0.005382 0.012191
0 0.308160 0.104861 0.005382 0.012191
0 0.307899 0.104861 0.005382 0.012191
0 0.307639 0.104861 0.005382 0.012191
0 0.307422 0.104861 0.005295 0.012191
0 0.307205 0.104861 0.005382 0.012191
0 0.306944 0.104861 0.005382 0.012191
0 0.306684 0.105324 0.005382 0.012191
0 0.306424 0.104861 0.005382 0.012191
0 0.306207 0.104861 0.005295 0.012191
0 0.306207 0.104861 0.005295 0.012191
0 0.305990 0.104861 0.005382 0.012191
0 0.305990 0.104861 0.005382 0.012191
0 0.305729 0.104475 0.005382 0.012037
0 0.305469 0.104475 0.005382 0.012037
0 0.305469 0.104475 0.005382 0.012037
0 0.305208 0.104475 0.005382 0.012037
0 0.305208 0.104475 0.005382 0.012037
0 0.305990 0.104861 0.005382 0.012191
0 0.306944 0.105787 0.005382 0.012191
0 0.307639 0.106636 0.005382 0.012037
0 0.308637 0.107485 0.005295 0.012191
0 0.309635 0.108410 0.005382 0.012191
0 0.310330 0.109259 0.005382 0.012037
0 0.311328 0.110108 0.005295 0.012191
0 0.312066 0.111034 0.005382 0.012191
0 0.313021 0.111806 0.005382 0.012191
0 0.313976 0.112731 0.005382 0.012191
0 0.314497 0.113194 0.005382 0.012191
0 0.315234 0.113966 0.005295 0.012191
0 0.315972 0.114892 0.005382 0.012191
0 0.316667 0.115355 0.005382 0.012191
0 0.317448 0.116204 0.005382 0.012037
0 0.317882 0.117052 0.005382 0.012191
0 0.318663 0.117515 0.005382 0.012191
0 0.319358 0.118364 0.005382 0.012037
0 0.320139 0.119213 0.005382 0.012191
0 0.320833 0.120139 0.005382 0.012191
0 0.320573 0.120139 0.005382 0.012191
0 0.320573 0.120139 0.005382 0.012191
0 0.320573 0.120139 0.005382 0.012191
0 0.320356 0.120525 0.005295 0.012037
0 0.320356 0.120525 0.005295 0.012037
0 0.320356 0.120525 0.005295 0.012037
0 0.320139 0.120910 0.005382 0.012191
0 0.320139 0.120910 0.005382 0.012191
0 0.320139 0.120910 0.005382 0.012191
0 0.320139 0.121373 0.005382 0.012191
0 0.319618 0.121373 0.005382 0.012191
0 0.319358 0.121373 0.005382 0.012191
0 0.319141 0.121373 0.005295 0.012191
0 0.318924 0.121373 0.005382 0.012191
0 0.318663 0.121836 0.005382 0.012191
0 0.318403 0.121836 0.005382 0.012191
0 0.318142 0.121836 0.005382 0.012191
0 0.317882 0.121836 0.005382 0.012191
0 0.317708 0.121836 0.005382 0.012191
0 0.317448 0.122299 0.005382 0.012191
0 0.316927 0.121836 0.005382 0.012191
0 0.316450 0.121836 0.005295 0.012191
0 0.315972 0.121836 0.005382 0.012191
0 0.315712 0.121836 0.005382 0.012191
0 0.315234 0.121836 0.005295 0.012191
0 0.314757 0.121836 0.005382 0.012191
0 0.314497 0.121836 0.005382 0.012191
0 0.313976 0.121836 0.005382 0.012191
0 0.313542 0.121836 0.005382 0.012191
0 0.313281 0.121836 0.005382 0.012191
0 0.312760 0.121836 0.005382 0.012191
0 0.312543 0.121836 0.005295 0.012191
0 0.312066 0.121836 0.005382 0.012191
0 0.311806 0.121836 0.005382 0.012191
0 0.311328 0.121836 0.005295 0.012191
0 0.311111 0.121836 0.005382 0.012191
0 0.310590 0.121836 0.005382 0.012191
0 0.310330 0.121836 0.005382 0.012191
0 0.309896 0.121836 0.005382 0.012191
0 0.309635 0.122299 0.005382 0.012191
0 0.309635 0.122685 0.005382 0.012037
0 0.309896 0.123148 0.005382 0.012037
0 0.310113 0.123534 0.005295 0.012191
0 0.310330 0.123997 0.005382 0.012191
0 0.310590 0.124460 0.005382 0.012191
0 0.310590 0.124846 0.005382 0.012037
0 0.310851 0.125309 0.005382 0.012037
0 0.311111 0.125694 0.005382 0.012191
0 0.311328 0.126157 0.005295 0.012191
0 0.311545 0.126620 0.005382 0.012191
0 0.311806 0.127083 0.005382 0.012191
0 0.312326 0.127855 0.005382 0.012191
0 0.312543 0.128318 0.005295 0.012191
0 0.313021 0.129244 0.005382 0.012191
0 0.313281 0.130015 0.005382 0.012191
0 0.313802 0.130478 0.005382 0.012191
0 0.313976 0.131404 0.005382 0.012191
0 0.314497 0.131790 0.005382 0.012037
0 0.314757 0.132639 0.005382 0.012191
0 0.315234 0.133565 0.005295 0.012191
0 0.315234 0.133565 0.005295 0.012191
0 0.315234 0.133565 0.005295 0.012191
0 0.315234 0.133565 0.005295 0.012191
0 0.315234 0.133565 0.005295 0.012191
0 0.315234 0.133565 0.005295 0.012191
0 0.315234 0.133565 0.005295 0.012191
0 0.315234 0.133565 0.005295 0.012191
0 0.315234 0.133565 0.005295 0.012191
0 0.315234 0.133565 0.005295 0.012191
0 0.315234 0.133565 0.005295 0.012191
0 0.315234 0.133565 0.005295 0.012191
0 0.315234 0.133565 0.005295 0.012191
0 0.315234 0.133565 0.005295 0.012191
0 0.315234 0.133565 0.005295 0.012191
0 0.315234 0.133565 0.005295 0.012191
0 0.315234 0.133565 0.005295 0.012191
0 0.315234 0.133565 0.005295 0.012191
0 0.315234 0.133565 0.005295 0.012191
0 0.315234 0.133565 0.005295 0.012191
0 0.315234 0.133565 0.005295 0.012191
0 0.315234 0.133565 0.005295 0.012191
0 0.315234 0.133565 0.005295 0.012191
0 0.315234 0.133565 0.005295 0.012191
0 0.315234 0.133565 0.005295 0.012191
0 0.315234 0.133565 0.005295 0.012191
0 0.315234 0.133565 0.005295 0.012191
0 0.315234 0.133565 0.005295 0.012191
0 0.315234 0.133565 0.005295 0.012191
0 0.315234 0.133565 0.005295 0.012191
0 0.315234 0.133565 0.005295 0.012191
