0 0.056076 0.071451 0.006771 0.022531
0 0.050477 0.064352 0.006337 0.020370
0 0.044835 0.057253 0.005816 0.018210
0 0.039366 0.050000 0.005122 0.016049
0 0.033767 0.043133 0.004687 0.014352
0 0.028255 0.035880 0.003906 0.012191
0 0.022656 0.028781 0.003472 0.010031
0 0.017014 0.021836 0.002951 0.008179
0 0.011545 0.014660 0.002257 0.006173
0 0.005946 0.007485 0.001649 0.003858
0 0.000477 0.000849 0.000955 0.001698
0 0.000477 0.000849 0.000955 0.001698
0 0.000477 0.000849 0.000955 0.001698
0 0.000477 0.000849 0.000955 0.001698
0 0.000477 0.000849 0.000955 0.001698
0 0.000477 0.000849 0.000955 0.001698
0 0.000477 0.000849 0.000955 0.001698
0 0.000477 0.000849 0.000955 0.001698
0 0.000477 0.000849 0.000955 0.001698
0 0.000477 0.000849 0.000955 0.001698
0 0.000477 0.000849 0.000955 0.001698
0 0.000477 0.000849 0.000955 0.001698
0 0.000477 0.000849 0.000955 0.001698
0 0.000477 0.000849 0.000955 0.001698
0 0.000477 0.000849 0.000955 0.001698
0 0.000477 0.000849 0.000955 0.001698
0 0.000477 0.000849 0.000955 0.001698
0 0.000477 0.000849 0.000955 0.001698
0 0.000477 0.000849 0.000955 0.001698
0 0.000477 0.000849 0.000955 0.001698
0 0.000477 0.000849 0.000955 0.001698
0 0.000477 0.000849 0.000955 0.001698
0 0.000477 0.000849 0.000955 0.001698
0 0.000477 0.000849 0.000955 0.001698
0 0.000477 0.000849 0.000955 0.001698
0 0.000477 0.000849 0.000955 0.001698
0 0.000477 0.000849 0.000955 0.001698
0 0.000477 0.000849 0.000955 0.001698
0 0.000477 0.000849 0.000955 0.001698
0 0.000477 0.000849 0.000955 0.001698
0 0.000477 0.000849 0.000955 0.001698
0 0.000477 0.000849 0.000955 0.001698
0 0.000477 0.000849 0.000955 0.001698
0 0.000477 0.000849 0.000955 0.001698
0 0.000477 0.000849 0.000955 0.001698
0 0.000477 0.000849 0.000955 0.001698
0 0.000477 0.000849 0.000955 0.001698
0 0.000477 0.000849 0.000955 0.001698
0 0.000477 0.000849 0.000955 0.001698
0 0.000477 0.000849 0.000955 0.001698
0 0.000477 0.000849 0.000955 0.001698
0 0.014497 0.003858 0.001215 0.003395
0 0.028646 0.006867 0.001736 0.005093
0 0.042795 0.009954 0.002257 0.006944
0 0.056814 0.012963 0.002517 0.008642
0 0.071050 0.016204 0.002691 0.009877
0 0.085243 0.019290 0.003125 0.011728
0 0.099262 0.022299 0.003385 0.013426
0 0.113411 0.025309 0.003906 0.015123
0 0.127561 0.028318 0.004427 0.016821
0 0.141840 0.031636 0.004687 0.018210
0 0.141840 0.031636 0.004687 0.018210
0 0.141840 0.031636 0.004687 0.018210
0 0.141840 0.031636 0.004687 0.018210
0 0.141840 0.031636 0.004687 0.018210
0 0.141840 0.031636 0.004687 0.018210
0 0.141840 0.031636 0.004687 0.018210
0 0.141840 0.031636 0.004687 0.018210
0 0.141840 0.031636 0.004687 0.018210
0 0.141840 0.031636 0.004687 0.018210
0 0.141840 0.031636 0.004687 0.018210
0 0.141623 0.031636 0.004601 0.018210
0 0.141363 0.031636 0.004601 0.018210
0 0.141102 0.031636 0.004601 0.018210
0 0.141102 0.032022 0.004601 0.018364
0 0.140885 0.032022 0.004687 0.018364
0 0.140625 0.032022 0.004687 0.018364
0 0.140625 0.032407 0.004687 0.018210
0 0.140408 0.032407 0.004601 0.018210
0 0.140148 0.032407 0.004601 0.018210
0 0.140148 0.032870 0.004601 0.018210
0 0.139670 0.032870 0.004687 0.018210
0 0.139410 0.032870 0.004687 0.018210
0 0.139193 0.033333 0.004601 0.018210
0 0.138932 0.033333 0.004601 0.018210
0 0.138672 0.033796 0.004601 0.018210
0 0.138194 0.033796 0.004687 0.018210
0 0.137934 0.033796 0.004687 0.018210
0 0.137717 0.034259 0.004601 0.018210
0 0.137457 0.034259 0.004601 0.018210
0 0.137196 0.034568 0.004601 0.018210
0 0.134549 0.034568 0.004687 0.018210
0 0.131858 0.035031 0.004687 0.018210
0 0.129167 0.035031 0.004687 0.018210
0 0.126476 0.035494 0.004687 0.018210
0 0.124045 0.035957 0.004687 0.018210
0 0.121354 0.035957 0.004687 0.018210
0 0.118663 0.036420 0.004687 0.018210
0 0.115972 0.036420 0.004687 0.018210
0 0.113325 0.036728 0.004601 0.018210
0 0.110851 0.037191 0.004687 0.018210
0 0.108898 0.037654 0.004601 0.018210
0 0.107205 0.038117 0.004687 0.018210
0 0.105512 0.038580 0.004601 0.018210
0 0.103776 0.039352 0.004601 0.018210
0 0.102083 0.039815 0.004687 0.018210
0 0.100130 0.040278 0.004601 0.018210
0 0.098394 0.041204 0.004601 0.018210
0 0.096701 0.041512 0.004687 0.018210
0 0.095009 0.041975 0.004601 0.018210
0 0.093273 0.042901 0.004601 0.018210
0 0.093056 0.042901 0.004687 0.018210
0 0.092795 0.042901 0.004687 0.018210
0 0.092578 0.042901 0.004601 0.018210
0 0.092318 0.043364 0.004601 0.018210
0 0.092057 0.043364 0.004601 0.018210
0 0.091840 0.043364 0.004687 0.018210
0 0.091580 0.043673 0.004687 0.018210
0 0.091363 0.043673 0.004601 0.018210
0 0.091102 0.043673 0.004601 0.018210
0 0.091102 0.044136 0.004601 0.018210
0 0.090842 0.043904 0.004601 0.018673
0 0.090842 0.043904 0.004601 0.018673
0 0.090755 0.043904 0.004427 0.018673
0 0.090625 0.043904 0.004687 0.018673
0 0.090625 0.044136 0.004687 0.019136
0 0.090495 0.043981 0.004427 0.019444
0 0.090365 0.043981 0.004687 0.019444
0 0.090234 0.043981 0.004427 0.019444
0 0.090234 0.043981 0.004427 0.019444
0 0.090234 0.044213 0.004427 0.019907
0 0.089757 0.044213 0.004340 0.019907
0 0.089366 0.044599 0.004601 0.020062
0 0.088889 0.044599 0.004687 0.020062
0 0.088542 0.045062 0.004861 0.020062
0 0.088281 0.045062 0.004861 0.020062
0 0.087804 0.045448 0.004948 0.019907
0 0.087457 0.045448 0.005122 0.019907
0 0.086936 0.045910 0.005122 0.019907
0 0.086589 0.045910 0.005295 0.019907
0 0.086372 0.046373 0.005382 0.019907
0 0.085330 0.046759 0.005382 0.020062
0 0.084375 0.047222 0.005382 0.020062
0 0.083550 0.047608 0.005642 0.019907
0 0.082552 0.048071 0.005556 0.019907
0 0.081684 0.048534 0.005903 0.019907
0 0.080729 0.048997 0.005903 0.019907
0 0.079731 0.049383 0.005816 0.020062
0 0.078906 0.049769 0.006076 0.019907
0 0.077951 0.050231 0.006076 0.019907
0 0.077040 0.051157 0.006337 0.019907
0 0.076606 0.051543 0.006337 0.020062
0 0.076215 0.051929 0.006597 0.019907
0 0.075825 0.052392 0.006337 0.019907
0 0.075477 0.052855 0.006510 0.019907
0 0.075130 0.053704 0.006337 0.020062
0 0.074740 0.054167 0.006597 0.020062
0 0.074262 0.054552 0.006510 0.019907
0 0.074045 0.055015 0.006597 0.019907
0 0.073524 0.055478 0.006597 0.019907
0 0.073264 0.056327 0.006597 0.020062
0 0.072179 0.056713 0.006337 0.019907
0 0.071224 0.057176 0.006337 0.019907
0 0.070269 0.057870 0.006337 0.019444
0 0.069271 0.058256 0.005903 0.019599
0 0.068273 0.058951 0.005816 0.019136
0 0.067318 0.059336 0.005816 0.018981
0 0.066319 0.059799 0.005382 0.018981
0 0.065365 0.060417 0.005382 0.018673
0 0.064410 0.060880 0.005382 0.018673
0 0.063498 0.061806 0.005122 0.018673
0 0.062543 0.062346 0.005122 0.019136
0 0.061719 0.063503 0.005382 0.019599
0 0.060851 0.064352 0.005556 0.019444
0 0.059983 0.065432 0.005382 0.020062
0 0.059158 0.066512 0.005642 0.020370
0 0.058290 0.067438 0.005816 0.020370
0 0.057422 0.068441 0.006163 0.020833
0 0.056554 0.069599 0.005816 0.021296
0 0.055729 0.070370 0.006076 0.021296
0 0.054861 0.071528 0.006424 0.021759
