0 0.136502 0.026775 0.005122 0.011265
0 0.136241 0.026775 0.005122 0.011265
0 0.136241 0.026775 0.005122 0.011265
0 0.136241 0.026775 0.005122 0.011265
0 0.136241 0.026775 0.005122 0.011265
0 0.136241 0.026775 0.005122 0.011265
0 0.136241 0.026775 0.005122 0.011265
0 0.136241 0.026775 0.005122 0.011265
0 0.136241 0.026775 0.005122 0.011265
0 0.136241 0.026775 0.005122 0.011265
0 0.136241 0.026775 0.005122 0.011265
0 0.135981 0.026389 0.005122 0.011420
0 0.135981 0.026389 0.005122 0.011420
0 0.135981 0.026389 0.005122 0.011420
0 0.135981 0.026389 0.005122 0.011420
0 0.135981 0.026389 0.005122 0.011420
0 0.135981 0.026389 0.005122 0.011420
0 0.135981 0.026389 0.005122 0.011420
0 0.135981 0.026389 0.005122 0.011420
0 0.135981 0.026389 0.005122 0.011420
0 0.135981 0.026389 0.005122 0.011420
0 0.135851 0.026157 0.004861 0.010957
0 0.135764 0.026389 0.004687 0.010494
0 0.135764 0.026389 0.004687 0.010494
0 0.135634 0.026620 0.004427 0.010031
0 0.135634 0.026852 0.004427 0.009568
0 0.135503 0.026852 0.004167 0.009568
0 0.135373 0.027083 0.003906 0.009105
0 0.135373 0.027083 0.003906 0.009105
0 0.135243 0.027238 0.003646 0.008796
0 0.135243 0.027469 0.003646 0.008333
0 0.135026 0.026620 0.003733 0.008179
0 0.134809 0.025926 0.003646 0.008642
0 0.134679 0.025309 0.003906 0.008333
0 0.134418 0.024691 0.003906 0.008642
0 0.134418 0.024228 0.003906 0.008642
0 0.134158 0.023302 0.003906 0.008642
0 0.133898 0.022762 0.003906 0.009105
0 0.133811 0.022068 0.004080 0.008642
0 0.133550 0.021373 0.004080 0.009105
0 0.133550 0.020910 0.004080 0.009105
0 0.133333 0.020602 0.004167 0.009105
0 0.133333 0.020602 0.004167 0.009105
0 0.133333 0.020602 0.004167 0.009105
0 0.133333 0.020602 0.004167 0.009105
0 0.133333 0.020602 0.004167 0.009105
0 0.133073 0.020139 0.004167 0.009105
0 0.133073 0.020139 0.004167 0.009105
0 0.133073 0.020139 0.004167 0.009105
0 0.133073 0.020139 0.004167 0.009105
0 0.133073 0.020139 0.004167 0.009105
0 0.133333 0.020756 0.004167 0.009414
0 0.133550 0.021605 0.004080 0.009568
0 0.133898 0.022531 0.003906 0.009568
0 0.134158 0.023148 0.003906 0.009877
0 0.134549 0.024228 0.003646 0.010494
0 0.134809 0.025077 0.003646 0.010340
0 0.135026 0.025772 0.003733 0.010802
0 0.135373 0.026620 0.003385 0.010957
0 0.135634 0.027469 0.003385 0.010802
0 0.135981 0.028549 0.003212 0.011420
0 0.135981 0.028549 0.003212 0.011420
0 0.135981 0.028549 0.003212 0.011420
0 0.135981 0.028549 0.003212 0.011420
0 0.135981 0.028549 0.003212 0.011420
0 0.136241 0.028549 0.003212 0.011420
0 0.136241 0.028549 0.003212 0.011420
0 0.136241 0.028549 0.003212 0.011420
0 0.136241 0.028549 0.003212 0.011420
0 0.136241 0.028549 0.003212 0.011420
0 0.136502 0.028549 0.003212 0.011420
0 0.136241 0.027701 0.003212 0.011265
0 0.135981 0.027238 0.003212 0.011265
0 0.135764 0.026775 0.003125 0.011265
0 0.135503 0.026235 0.003125 0.011728
0 0.135286 0.025772 0.003212 0.011728
0 0.135026 0.025077 0.003212 0.011265
0 0.134766 0.024383 0.003212 0.011728
0 0.134549 0.023997 0.003125 0.011574
0 0.134288 0.023611 0.003125 0.011728
0 0.134288 0.023148 0.003125 0.011728
0 0.134549 0.023611 0.003125 0.011728
0 0.134766 0.024228 0.003212 0.012037
0 0.135026 0.024614 0.003212 0.012191
0 0.135286 0.025540 0.003212 0.012191
0 0.135764 0.026003 0.003125 0.012191
0 0.135981 0.026620 0.003212 0.012500
0 0.136241 0.027238 0.003212 0.012191
0 0.136502 0.027932 0.003212 0.012654
0 0.136719 0.028318 0.003125 0.012500
0 0.137196 0.029167 0.003212 0.012654
0 0.136979 0.028318 0.003125 0.012500
0 0.136719 0.027932 0.003125 0.012654
0 0.136502 0.027238 0.003212 0.012191
0 0.136241 0.026775 0.003212 0.012191
0 0.135981 0.026389 0.003212 0.012037
0 0.135764 0.025540 0.003125 0.012191
0 0.135503 0.025077 0.003125 0.012191
0 0.135286 0.024383 0.003212 0.011728
0 0.135026 0.023997 0.003212 0.011574
0 0.135026 0.023611 0.003212 0.011728
0 0.135156 0.023997 0.002951 0.011574
0 0.135417 0.024614 0.002951 0.012191
0 0.135634 0.025309 0.002865 0.011728
0 0.135851 0.026003 0.002951 0.012191
0 0.136111 0.026775 0.002951 0.012191
0 0.136241 0.027238 0.002691 0.012191
0 0.136502 0.027932 0.002691 0.012654
0 0.136762 0.028549 0.002691 0.012037
0 0.136936 0.029167 0.002691 0.012654
0 0.137196 0.030093 0.002691 0.012654
0 0.137196 0.030093 0.002691 0.012654
0 0.137196 0.030093 0.002691 0.012654
0 0.137196 0.030093 0.002691 0.012654
0 0.137196 0.030093 0.002691 0.012654
0 0.137196 0.030093 0.002691 0.012654
0 0.137196 0.030093 0.002691 0.012654
0 0.137196 0.030093 0.002691 0.012654
0 0.137196 0.030093 0.002691 0.012654
0 0.137196 0.030093 0.002691 0.012654
0 0.137457 0.030478 0.002691 0.012500
0 0.137457 0.030478 0.002691 0.012500
0 0.137457 0.030478 0.002691 0.012500
0 0.137457 0.030478 0.002691 0.012500
0 0.137457 0.030710 0.002691 0.012037
0 0.137717 0.030710 0.002691 0.012037
0 0.137717 0.030710 0.002691 0.012037
0 0.137717 0.030941 0.002691 0.011574
0 0.137717 0.030941 0.002691 0.011574
0 0.137717 0.030941 0.002691 0.011574
0 0.137977 0.031096 0.002691 0.011265
0 0.137977 0.031096 0.002691 0.011265
0 0.137977 0.031096 0.002691 0.011265
0 0.137977 0.031559 0.002691 0.011265
0 0.137977 0.031559 0.002691 0.011265
0 0.137977 0.032022 0.002691 0.011265
0 0.137977 0.032022 0.002691 0.011265
0 0.137977 0.032022 0.002691 0.011265
0 0.137977 0.032485 0.002691 0.011265
0 0.137977 0.032485 0.002691 0.011265
0 0.138194 0.032948 0.002604 0.011265
0 0.138194 0.032485 0.002604 0.011265
0 0.138194 0.032485 0.002604 0.011265
0 0.138194 0.032485 0.002604 0.011265
0 0.138194 0.032253 0.002604 0.010802
0 0.138325 0.032253 0.002865 0.010802
0 0.138325 0.032022 0.002865 0.011265
0 0.138325 0.031790 0.002865 0.010802
0 0.138325 0.031790 0.002865 0.010802
0 0.138325 0.031790 0.002865 0.010802
0 0.138455 0.031790 0.003125 0.010802
0 0.138455 0.031790 0.003125 0.010802
0 0.138455 0.031790 0.003125 0.010802
0 0.138455 0.032022 0.003125 0.011265
0 0.138455 0.032253 0.003125 0.010802
0 0.138672 0.032485 0.003212 0.011265
0 0.138672 0.032485 0.003212 0.011265
0 0.138672 0.032716 0.003212 0.010802
0 0.138672 0.032948 0.003212 0.011265
0 0.138672 0.032948 0.003212 0.011265
0 0.138932 0.033333 0.003212 0.011420
0 0.138932 0.033333 0.003212 0.011420
0 0.138932 0.033333 0.003212 0.011420
0 0.138932 0.033488 0.003212 0.011728
0 0.138932 0.033488 0.003212 0.011728
0 0.138932 0.033719 0.003212 0.012191
0 0.138932 0.033719 0.003212 0.012191
0 0.138932 0.033719 0.003212 0.012191
0 0.138932 0.033951 0.003212 0.012654
0 0.138932 0.033951 0.003212 0.012654
0 0.139193 0.034414 0.003212 0.012654
0 0.139193 0.033951 0.003212 0.012654
0 0.139193 0.033951 0.003212 0.012654
0 0.139193 0.033951 0.003212 0.012654
0 0.139193 0.033719 0.003212 0.012191
0 0.139193 0.033719 0.003212 0.012191
0 0.139193 0.033719 0.003212 0.012191
0 0.139193 0.033488 0.003212 0.011728
0 0.139193 0.033488 0.003212 0.011728
0 0.139193 0.033488 0.003212 0.011728
0 0.139280 0.033488 0.003385 0.011728
