0 0.202734 0.208796 0.009288 0.016975
0 0.182378 0.187731 0.008507 0.015586
0 0.162109 0.166975 0.007552 0.013889
0 0.141970 0.146065 0.006858 0.012191
0 0.121745 0.125463 0.005816 0.010802
0 0.101606 0.104707 0.005122 0.009105
0 0.081207 0.083642 0.004427 0.007716
0 0.060981 0.063040 0.003385 0.006636
0 0.040842 0.042207 0.002691 0.004784
0 0.020573 0.021373 0.001736 0.002932
0 0.000477 0.000849 0.000955 0.001698
0 0.000477 0.000849 0.000955 0.001698
0 0.000477 0.000849 0.000955 0.001698
0 0.000477 0.000849 0.000955 0.001698
0 0.000477 0.000849 0.000955 0.001698
0 0.000477 0.000849 0.000955 0.001698
0 0.000477 0.000849 0.000955 0.001698
0 0.000477 0.000849 0.000955 0.001698
0 0.000477 0.000849 0.000955 0.001698
0 0.000477 0.000849 0.000955 0.001698
0 0.000477 0.000849 0.000955 0.001698
0 0.000477 0.000849 0.000955 0.001698
0 0.000477 0.000849 0.000955 0.001698
0 0.000477 0.000849 0.000955 0.001698
0 0.000477 0.000849 0.000955 0.001698
0 0.000477 0.000849 0.000955 0.001698
0 0.000477 0.000849 0.000955 0.001698
0 0.000477 0.000849 0.000955 0.001698
0 0.000477 0.000849 0.000955 0.001698
0 0.000477 0.000849 0.000955 0.001698
0 0.000477 0.000849 0.000955 0.001698
0 0.000477 0.000849 0.000955 0.001698
0 0.000477 0.000849 0.000955 0.001698
0 0.000477 0.000849 0.000955 0.001698
0 0.000477 0.000849 0.000955 0.001698
0 0.000477 0.000849 0.000955 0.001698
0 0.000477 0.000849 0.000955 0.001698
0 0.000477 0.000849 0.000955 0.001698
0 0.000477 0.000849 0.000955 0.001698
0 0.000477 0.000849 0.000955 0.001698
0 0.000477 0.000849 0.000955 0.001698
0 0.000477 0.000849 0.000955 0.001698
0 0.000477 0.000849 0.000955 0.001698
0 0.000477 0.000849 0.000955 0.001698
0 0.000477 0.000849 0.000955 0.001698
0 0.000477 0.000849 0.000955 0.001698
0 0.000477 0.000849 0.000955 0.001698
0 0.000477 0.000849 0.000955 0.001698
0 0.000477 0.000849 0.000955 0.001698
0 0.000477 0.000849 0.000955 0.001698
0 0.000477 0.000849 0.000955 0.001698
0 0.000477 0.000849 0.000955 0.001698
0 0.000477 0.000849 0.000955 0.001698
0 0.000477 0.000849 0.000955 0.001698
0 0.000477 0.000849 0.000955 0.001698
0 0.000477 0.000849 0.000955 0.001698
0 0.000477 0.000849 0.000955 0.001698
0 0.000477 0.000849 0.000955 0.001698
0 0.000477 0.000849 0.000955 0.001698
0 0.000477 0.000849 0.000955 0.001698
0 0.000477 0.000849 0.000955 0.001698
0 0.000477 0.000849 0.000955 0.001698
0 0.000477 0.000849 0.000955 0.001698
0 0.000477 0.000849 0.000955 0.001698
0 0.000477 0.000849 0.000955 0.001698
0 0.000477 0.000849 0.000955 0.001698
0 0.000477 0.000849 0.000955 0.001698
0 0.000477 0.000849 0.000955 0.001698
0 0.000477 0.000849 0.000955 0.001698
0 0.000477 0.000849 0.000955 0.001698
0 0.000477 0.000849 0.000955 0.001698
0 0.000477 0.000849 0.000955 0.001698
0 0.000477 0.000849 0.000955 0.001698
0 0.000477 0.000849 0.000955 0.001698
0 0.000477 0.000849 0.000955 0.001698
0 0.000477 0.000849 0.000955 0.001698
0 0.000477 0.000849 0.000955 0.001698
0 0.000477 0.000849 0.000955 0.001698
0 0.000477 0.000849 0.000955 0.001698
0 0.000477 0.000849 0.000955 0.001698
0 0.000477 0.000849 0.000955 0.001698
0 0.000477 0.000849 0.000955 0.001698
0 0.000477 0.000849 0.000955 0.001698
0 0.000477 0.000849 0.000955 0.001698
0 0.000477 0.000849 0.000955 0.001698
0 0.000477 0.000849 0.000955 0.001698
0 0.000477 0.000849 0.000955 0.001698
0 0.000477 0.000849 0.000955 0.001698
0 0.000477 0.000849 0.000955 0.001698
0 0.000477 0.000849 0.000955 0.001698
0 0.000477 0.000849 0.000955 0.001698
0 0.023611 0.032948 0.001910 0.002623
0 0.046918 0.065432 0.002691 0.003395
0 0.070226 0.097762 0.003472 0.004784
0 0.093533 0.130324 0.004080 0.005710
0 0.116970 0.162809 0.005122 0.006481
0 0.140148 0.195139 0.006163 0.007870
0 0.163455 0.227623 0.006771 0.008642
0 0.186762 0.259954 0.007552 0.010031
0 0.210069 0.292515 0.008333 0.010957
0 0.233464 0.325000 0.009288 0.011728
0 0.233030 0.323997 0.009288 0.012191
0 0.232509 0.323302 0.009288 0.012654
0 0.231988 0.322454 0.009288 0.013426
0 0.231684 0.321605 0.009028 0.013580
0 0.231293 0.320988 0.009288 0.013889
0 0.230773 0.320062 0.009288 0.014815
0 0.230469 0.319213 0.009028 0.014660
0 0.229948 0.318287 0.009028 0.015586
0 0.229427 0.317747 0.009028 0.016049
0 0.229253 0.317052 0.009028 0.016512
0 0.228733 0.315741 0.009028 0.016358
0 0.228212 0.314429 0.009028 0.016512
0 0.227778 0.313194 0.009028 0.016512
0 0.227257 0.311806 0.009028 0.016512
0 0.226736 0.310571 0.009028 0.016512
0 0.226302 0.309182 0.009028 0.016512
0 0.225781 0.307948 0.009028 0.016512
0 0.225347 0.306636 0.009028 0.016358
0 0.224826 0.305324 0.009028 0.016512
0 0.224306 0.304475 0.009028 0.016358
0 0.223872 0.303164 0.009028 0.016512
0 0.223611 0.301852 0.009028 0.016358
0 0.223351 0.300540 0.009028 0.016512
0 0.222830 0.299691 0.009028 0.016358
0 0.222656 0.298380 0.009028 0.016512
0 0.222396 0.297145 0.009028 0.016512
0 0.221875 0.296219 0.009028 0.016512
0 0.221615 0.294907 0.009028 0.016358
0 0.221441 0.293596 0.009028 0.016512
0 0.221181 0.292747 0.009028 0.016358
0 0.220660 0.290972 0.009028 0.016512
0 0.220226 0.289738 0.009028 0.016512
0 0.219965 0.288349 0.009028 0.016512
0 0.219444 0.287114 0.009028 0.016512
0 0.219184 0.285802 0.009028 0.016358
0 0.218750 0.284491 0.009028 0.016512
0 0.218229 0.283256 0.009028 0.016512
0 0.217969 0.281867 0.009028 0.016512
0 0.217535 0.280633 0.009028 0.016512
0 0.217274 0.279244 0.009028 0.016512
0 0.216753 0.277546 0.009028 0.016512
0 0.216319 0.275849 0.009028 0.016512
0 0.215799 0.274151 0.009028 0.016512
0 0.215278 0.272299 0.009028 0.016512
0 0.215104 0.271065 0.009028 0.016512
0 0.214583 0.269367 0.009028 0.016512
0 0.214062 0.267593 0.009028 0.016358
0 0.213628 0.265818 0.009028 0.016512
0 0.213108 0.264120 0.009028 0.016512
0 0.212847 0.262809 0.009028 0.016358
0 0.212413 0.261034 0.009028 0.016512
0 0.211892 0.259336 0.009028 0.016512
0 0.211372 0.257639 0.009028 0.016512
0 0.211198 0.255864 0.009028 0.016358
0 0.210677 0.254090 0.009028 0.016512
0 0.210156 0.252392 0.009028 0.016512
0 0.209896 0.250694 0.009028 0.016512
0 0.209462 0.248920 0.009028 0.016358
0 0.208941 0.247145 0.009028 0.016512
0 0.208681 0.245448 0.009028 0.016512
0 0.208507 0.243287 0.009028 0.016512
0 0.208247 0.241590 0.009028 0.016512
0 0.207986 0.239815 0.009028 0.016358
0 0.207726 0.238040 0.009028 0.016512
0 0.207465 0.236343 0.009028 0.016512
0 0.207292 0.234645 0.009028 0.016512
0 0.207031 0.232870 0.009028 0.016358
0 0.206771 0.231096 0.009028 0.016512
0 0.206510 0.229398 0.009028 0.016512
0 0.206510 0.227701 0.009028 0.016512
0 0.206033 0.226003 0.009115 0.016512
0 0.205816 0.224614 0.009028 0.016512
0 0.205556 0.223380 0.009028 0.016512
0 0.205295 0.221991 0.009028 0.016512
0 0.205035 0.220756 0.009028 0.016512
0 0.204601 0.219444 0.009028 0.016358
0 0.204340 0.218133 0.009028 0.016512
0 0.204080 0.216821 0.009028 0.016358
0 0.203819 0.215509 0.009028 0.016512
0 0.203559 0.214275 0.009028 0.016512
