0 0.257422 0.280170 0.005816 0.026080
0 0.257161 0.279938 0.005816 0.025617
0 0.256901 0.279938 0.005816 0.025617
0 0.256814 0.279938 0.005642 0.025617
0 0.256684 0.279938 0.005903 0.025617
0 0.256554 0.279938 0.005642 0.025617
0 0.256293 0.279707 0.005642 0.025154
0 0.256163 0.279707 0.005903 0.025154
0 0.256033 0.279707 0.005642 0.025154
0 0.255816 0.279707 0.005556 0.025154
0 0.255816 0.279938 0.005556 0.024691
0 0.255556 0.279938 0.005556 0.024691
0 0.255556 0.279938 0.005556 0.024691
0 0.255339 0.280170 0.005642 0.024228
0 0.255339 0.280170 0.005642 0.024228
0 0.255078 0.280401 0.005642 0.023765
0 0.255078 0.280401 0.005642 0.023765
0 0.254818 0.280401 0.005642 0.023765
0 0.254818 0.280556 0.005642 0.023457
0 0.254601 0.280556 0.005556 0.023457
0 0.254601 0.280787 0.005556 0.022994
0 0.253993 0.276235 0.005903 0.022531
0 0.253646 0.271914 0.006076 0.022531
0 0.252995 0.267593 0.006337 0.022531
0 0.252604 0.263503 0.006597 0.022068
0 0.252040 0.259105 0.006858 0.022222
0 0.251649 0.254784 0.007118 0.022222
0 0.251042 0.250694 0.007292 0.021759
0 0.250694 0.246296 0.007639 0.021605
0 0.250087 0.241975 0.007812 0.021605
0 0.249696 0.237886 0.008073 0.021142
0 0.249306 0.237423 0.007812 0.021142
0 0.249132 0.237037 0.007812 0.021296
0 0.248872 0.236574 0.007812 0.021296
0 0.248611 0.236111 0.007812 0.021296
0 0.248351 0.236111 0.007812 0.021296
0 0.248003 0.235648 0.007639 0.021296
0 0.247786 0.235262 0.007552 0.021142
0 0.247526 0.234877 0.007552 0.021296
0 0.247266 0.234414 0.007552 0.021296
0 0.247135 0.234414 0.007292 0.021296
0 0.246658 0.233488 0.007378 0.021296
0 0.246181 0.232716 0.007292 0.021296
0 0.245790 0.231790 0.007552 0.021296
0 0.245356 0.230941 0.007552 0.021142
0 0.244965 0.230093 0.007812 0.021296
0 0.244444 0.229167 0.007812 0.021296
0 0.244010 0.228318 0.007812 0.021142
0 0.243620 0.227469 0.008073 0.021296
0 0.243099 0.226543 0.008073 0.021296
0 0.242882 0.226157 0.007986 0.021142
0 0.242665 0.226157 0.008073 0.021142
0 0.242535 0.226543 0.007812 0.021296
0 0.242535 0.226543 0.007812 0.021296
0 0.242405 0.227006 0.007552 0.021296
0 0.242405 0.227006 0.007552 0.021296
0 0.242144 0.227469 0.007552 0.021296
0 0.242014 0.227469 0.007292 0.021296
0 0.242014 0.227932 0.007292 0.021296
0 0.241884 0.227932 0.007031 0.021296
0 0.241884 0.228318 0.007031 0.021142
0 0.241406 0.227469 0.007118 0.021296
0 0.241189 0.226543 0.007031 0.021296
0 0.240929 0.225772 0.007031 0.021296
0 0.240668 0.225309 0.007031 0.021296
0 0.240451 0.224383 0.007118 0.021296
0 0.240061 0.223611 0.007378 0.021296
0 0.239844 0.223148 0.007292 0.021296
0 0.239583 0.222222 0.007292 0.021296
0 0.239323 0.221373 0.007292 0.021142
0 0.239106 0.220988 0.007378 0.021296
0 0.238845 0.220062 0.007378 0.021296
0 0.238628 0.219444 0.007292 0.021605
0 0.238368 0.218981 0.007292 0.021605
0 0.238238 0.218364 0.007031 0.022222
0 0.238108 0.217901 0.007292 0.022222
0 0.237891 0.217052 0.007378 0.022068
0 0.237760 0.216358 0.007118 0.022531
0 0.237500 0.215972 0.007118 0.022685
0 0.237283 0.215355 0.007031 0.022994
0 0.237283 0.214892 0.007031 0.022994
0 0.236892 0.209182 0.007292 0.022994
0 0.236632 0.204090 0.007292 0.022994
0 0.236415 0.198843 0.007378 0.022994
0 0.236198 0.193364 0.007292 0.022531
0 0.236068 0.188194 0.007552 0.022685
0 0.235677 0.182793 0.007812 0.022994
0 0.235417 0.177315 0.007812 0.022531
0 0.235156 0.172145 0.007812 0.022685
0 0.234983 0.166975 0.007812 0.022531
0 0.234852 0.161728 0.008073 0.022531
0 0.234592 0.161265 0.008073 0.022531
0 0.234462 0.161034 0.008333 0.022994
0 0.234462 0.160880 0.008333 0.022685
0 0.234332 0.160725 0.008594 0.022994
0 0.234332 0.160725 0.008594 0.022994
0 0.234245 0.160262 0.008767 0.022994
0 0.234115 0.160031 0.009028 0.023457
0 0.234115 0.159799 0.009028 0.022994
0 0.233984 0.159568 0.009288 0.023457
0 0.233984 0.159568 0.009288 0.023457
0 0.233464 0.160031 0.009288 0.023457
0 0.233247 0.160494 0.009201 0.023457
0 0.233030 0.160880 0.009288 0.023302
0 0.232769 0.161265 0.009288 0.023457
0 0.232509 0.162191 0.009288 0.023457
0 0.232118 0.162654 0.009028 0.023457
0 0.231858 0.163040 0.009028 0.023302
0 0.231684 0.163426 0.009028 0.023457
0 0.231424 0.163889 0.009028 0.023457
0 0.231163 0.164815 0.009028 0.023457
0 0.230903 0.165201 0.009028 0.023302
0 0.230903 0.165818 0.009028 0.023920
0 0.230642 0.166281 0.009028 0.023920
0 0.230642 0.166898 0.009028 0.024228
0 0.230642 0.167593 0.009028 0.024691
0 0.230469 0.168056 0.009028 0.024691
0 0.230469 0.168750 0.009028 0.025154
0 0.230208 0.169059 0.009028 0.025154
0 0.230208 0.169753 0.009028 0.025617
0 0.230208 0.170448 0.009028 0.026080
0 0.230078 0.170833 0.008767 0.025926
0 0.230078 0.171682 0.008767 0.026080
0 0.229948 0.172377 0.008507 0.026543
0 0.229948 0.172994 0.008507 0.025926
0 0.229948 0.173688 0.008507 0.026389
0 0.229818 0.174537 0.008247 0.026543
0 0.229818 0.175000 0.008247 0.026543
0 0.229731 0.175849 0.008073 0.026389
0 0.229731 0.176466 0.008073 0.027006
0 0.229731 0.177315 0.008073 0.026852
0 0.229470 0.177778 0.008073 0.026852
0 0.229470 0.178704 0.008073 0.026852
0 0.229470 0.179475 0.008073 0.026852
0 0.229210 0.180170 0.008073 0.026389
0 0.229210 0.181019 0.008073 0.026543
0 0.229210 0.181944 0.008073 0.026543
0 0.228950 0.182562 0.008073 0.025926
0 0.228950 0.183410 0.008073 0.026080
0 0.228950 0.184336 0.008073 0.026080
0 0.228950 0.185185 0.008073 0.025926
0 0.228733 0.185571 0.007986 0.026080
0 0.228733 0.186265 0.007986 0.026543
0 0.228516 0.187114 0.008073 0.026389
0 0.228516 0.187809 0.008073 0.026852
0 0.228516 0.188580 0.008073 0.026852
0 0.228255 0.189043 0.008073 0.026852
0 0.228255 0.189738 0.008073 0.027315
0 0.227995 0.190586 0.008073 0.027469
0 0.227995 0.191204 0.008073 0.027778
0 0.227995 0.192130 0.008073 0.027778
0 0.227734 0.192901 0.008073 0.027778
0 0.227604 0.194290 0.008333 0.027778
0 0.227517 0.195370 0.008507 0.028086
0 0.227257 0.196682 0.008507 0.028241
0 0.227257 0.197917 0.008507 0.028241
0 0.227127 0.198843 0.008767 0.028241
0 0.226866 0.200077 0.008767 0.028241
0 0.226736 0.201235 0.009028 0.028704
0 0.226649 0.202546 0.009201 0.028549
0 0.226649 0.203781 0.009201 0.028549
0 0.226432 0.204475 0.009288 0.028086
0 0.226302 0.205324 0.009028 0.028241
0 0.226172 0.206250 0.009288 0.028241
0 0.226042 0.206790 0.009028 0.027778
0 0.225911 0.207716 0.009288 0.027778
0 0.225781 0.208642 0.009028 0.027778
0 0.225521 0.209182 0.009028 0.027315
0 0.225521 0.210108 0.009028 0.027315
0 0.225347 0.211034 0.009028 0.027315
0 0.225347 0.211806 0.009028 0.027315
0 0.225087 0.212269 0.009028 0.027315
0 0.225087 0.213194 0.009028 0.027315
0 0.224957 0.213966 0.008767 0.027315
0 0.224957 0.214660 0.008767 0.027778
0 0.224826 0.215586 0.008507 0.027778
0 0.224826 0.216127 0.008507 0.027315
0 0.224696 0.217052 0.008247 0.027315
0 0.224696 0.217747 0.008247 0.027778
0 0.224609 0.218519 0.008073 0.027778
0 0.224609 0.219444 0.008073 0.027778
