0 0.171398 0.069136 0.003212 0.019444
0 0.171137 0.068904 0.003212 0.019907
0 0.171137 0.068904 0.003212 0.019907
0 0.171007 0.068904 0.002951 0.019907
0 0.171007 0.069136 0.002951 0.020370
0 0.171007 0.069136 0.002951 0.020370
0 0.170747 0.068904 0.002951 0.020833
0 0.170747 0.069136 0.002951 0.021296
0 0.170616 0.069136 0.002691 0.021296
0 0.170616 0.069136 0.002691 0.021296
0 0.170616 0.069367 0.002691 0.021759
0 0.170616 0.069367 0.002691 0.021759
0 0.170616 0.069367 0.002691 0.021759
0 0.170616 0.069367 0.002691 0.021759
0 0.170616 0.069367 0.002691 0.021759
0 0.170747 0.069599 0.002951 0.021296
0 0.170747 0.069599 0.002951 0.021296
0 0.170747 0.069599 0.002951 0.021296
0 0.170747 0.069599 0.002951 0.021296
0 0.170747 0.069599 0.002951 0.021296
0 0.170877 0.069985 0.003212 0.021142
0 0.170660 0.069599 0.003125 0.021296
0 0.170660 0.069599 0.003125 0.021296
0 0.170660 0.069599 0.003125 0.021296
0 0.170660 0.069599 0.003125 0.021296
0 0.170660 0.069599 0.003125 0.021296
0 0.170660 0.069599 0.003125 0.021296
0 0.170660 0.069599 0.003125 0.021296
0 0.170660 0.069599 0.003125 0.021296
0 0.170660 0.069599 0.003125 0.021296
0 0.170660 0.069599 0.003125 0.021296
0 0.170660 0.069599 0.003125 0.021296
0 0.170660 0.069599 0.003125 0.021296
0 0.170660 0.069599 0.003125 0.021296
0 0.170660 0.069599 0.003125 0.021296
0 0.170660 0.069599 0.003125 0.021296
0 0.170660 0.069599 0.003125 0.021296
0 0.170660 0.069599 0.003125 0.021296
0 0.170660 0.069599 0.003125 0.021296
0 0.170660 0.069599 0.003125 0.021296
0 0.170660 0.069599 0.003125 0.021296
0 0.170660 0.069136 0.003125 0.021296
0 0.170660 0.069136 0.003125 0.021296
0 0.170660 0.069136 0.003125 0.021296
0 0.170660 0.068673 0.003125 0.021296
0 0.170877 0.068673 0.003212 0.021296
0 0.170877 0.068673 0.003212 0.021296
0 0.170877 0.068210 0.003212 0.021296
0 0.170877 0.068210 0.003212 0.021296
0 0.170877 0.068210 0.003212 0.021296
0 0.171137 0.068210 0.003212 0.021296
0 0.170877 0.068210 0.003212 0.021296
0 0.170877 0.068210 0.003212 0.021296
0 0.170877 0.068210 0.003212 0.021296
0 0.170747 0.068210 0.002951 0.021296
0 0.170747 0.068210 0.002951 0.021296
0 0.170747 0.068210 0.002951 0.021296
0 0.170616 0.068210 0.002691 0.021296
0 0.170616 0.068210 0.002691 0.021296
0 0.170616 0.068210 0.002691 0.021296
0 0.170616 0.068673 0.002691 0.021296
0 0.170616 0.068210 0.002691 0.021296
0 0.170616 0.068210 0.002691 0.021296
0 0.170616 0.067978 0.002691 0.020833
0 0.170616 0.067978 0.002691 0.020833
0 0.170747 0.067824 0.002951 0.020525
0 0.170747 0.067824 0.002951 0.020525
0 0.170747 0.067593 0.002951 0.020062
0 0.170747 0.067593 0.002951 0.020062
0 0.170747 0.067361 0.002951 0.019599
0 0.170877 0.067361 0.003212 0.019599
0 0.170660 0.067361 0.003125 0.019599
0 0.170660 0.067593 0.003125 0.020062
0 0.170660 0.067593 0.003125 0.020062
0 0.170660 0.067824 0.003125 0.020525
0 0.170660 0.068210 0.003125 0.020370
0 0.170399 0.068210 0.003125 0.020370
0 0.170399 0.068441 0.003125 0.020833
0 0.170399 0.068441 0.003125 0.020833
0 0.170399 0.068673 0.003125 0.021296
0 0.170399 0.069136 0.003125 0.021296
0 0.170182 0.068673 0.003212 0.021296
0 0.170182 0.068673 0.003212 0.021296
0 0.170182 0.068673 0.003212 0.021296
0 0.170182 0.068673 0.003212 0.021296
0 0.170182 0.068673 0.003212 0.021296
0 0.170182 0.068673 0.003212 0.021296
0 0.170182 0.068673 0.003212 0.021296
0 0.170182 0.068673 0.003212 0.021296
0 0.170182 0.068673 0.003212 0.021296
0 0.170182 0.068673 0.003212 0.021296
0 0.170182 0.068673 0.003212 0.021296
0 0.170182 0.068904 0.003212 0.021759
0 0.170182 0.069367 0.003212 0.021759
0 0.170399 0.069522 0.003125 0.022068
0 0.170399 0.069985 0.003125 0.022068
0 0.170399 0.069985 0.003125 0.022068
0 0.170660 0.070216 0.003125 0.022531
0 0.170660 0.070679 0.003125 0.022531
0 0.170660 0.070910 0.003125 0.022994
0 0.170877 0.071219 0.003212 0.022994
0 0.170747 0.071065 0.002951 0.022685
0 0.170747 0.071065 0.002951 0.022685
0 0.170747 0.071065 0.002951 0.022685
0 0.170747 0.070833 0.002951 0.022222
0 0.170747 0.070833 0.002951 0.022222
0 0.170616 0.070833 0.002691 0.022222
0 0.170616 0.070602 0.002691 0.021759
0 0.170616 0.070602 0.002691 0.021759
0 0.170616 0.070602 0.002691 0.021759
0 0.170616 0.070833 0.002691 0.021296
0 0.170530 0.070602 0.002865 0.020833
0 0.170530 0.070602 0.002865 0.020833
0 0.170530 0.070602 0.002865 0.020833
0 0.170530 0.070370 0.002865 0.020370
0 0.170530 0.070370 0.002865 0.020370
0 0.170530 0.070370 0.002865 0.020370
0 0.170530 0.070216 0.002865 0.020062
0 0.170530 0.070216 0.002865 0.020062
0 0.170530 0.070216 0.002865 0.020062
0 0.170660 0.070448 0.003125 0.019599
0 0.170530 0.070448 0.002865 0.019599
0 0.170530 0.070602 0.002865 0.019907
0 0.170530 0.071065 0.002865 0.019907
0 0.170530 0.071296 0.002865 0.020370
0 0.170616 0.071759 0.002691 0.020370
0 0.170530 0.071991 0.002517 0.020833
0 0.170530 0.072145 0.002517 0.021142
0 0.170530 0.072531 0.002517 0.021296
0 0.170530 0.072762 0.002517 0.021759
0 0.170660 0.073225 0.002257 0.021759
0 0.170530 0.073225 0.002517 0.021759
0 0.170530 0.073688 0.002517 0.021759
0 0.170443 0.073688 0.002691 0.021759
0 0.170443 0.074074 0.002691 0.021605
0 0.170443 0.074306 0.002691 0.021142
0 0.170313 0.074537 0.002951 0.021605
0 0.170313 0.074769 0.002951 0.021142
0 0.170182 0.075000 0.003212 0.021605
0 0.170182 0.075154 0.003212 0.021296
0 0.170269 0.075617 0.003385 0.021296
0 0.170052 0.075849 0.003472 0.020833
0 0.170052 0.076080 0.003472 0.020370
0 0.170052 0.076543 0.003472 0.020370
0 0.169922 0.076698 0.003212 0.020062
0 0.169922 0.077160 0.003212 0.020062
0 0.169792 0.077392 0.003472 0.019599
0 0.169661 0.077623 0.003212 0.019136
0 0.169661 0.078009 0.003212 0.018981
0 0.169661 0.078164 0.003212 0.018673
0 0.169661 0.078627 0.003212 0.018673
0 0.169661 0.079090 0.003212 0.018673
0 0.169661 0.079784 0.003212 0.019136
0 0.169661 0.080170 0.003212 0.018981
0 0.169661 0.080864 0.003212 0.019444
0 0.169922 0.081481 0.003212 0.019136
0 0.169922 0.082099 0.003212 0.019444
0 0.169922 0.082562 0.003212 0.019444
0 0.169922 0.083256 0.003212 0.019907
0 0.169922 0.083642 0.003212 0.020062
0 0.170182 0.084491 0.003212 0.019907
0 0.169922 0.084954 0.003212 0.019907
0 0.169922 0.085417 0.003212 0.019907
0 0.169922 0.085802 0.003212 0.020062
0 0.169922 0.086497 0.003212 0.019599
0 0.169922 0.086883 0.003212 0.019444
0 0.169922 0.087346 0.003212 0.019444
0 0.169922 0.087963 0.003212 0.019136
0 0.169922 0.088426 0.003212 0.019136
0 0.169922 0.088889 0.003212 0.019136
0 0.169922 0.089738 0.003212 0.018981
0 0.169922 0.090123 0.003212 0.019136
0 0.169922 0.091049 0.003212 0.019136
0 0.169922 0.091435 0.003212 0.018981
0 0.169922 0.092284 0.003212 0.019136
0 0.169922 0.092978 0.003212 0.019599
0 0.169922 0.093673 0.003212 0.019136
0 0.169922 0.094290 0.003212 0.019444
0 0.169922 0.094907 0.003212 0.019136
0 0.169922 0.095602 0.003212 0.019599
0 0.170182 0.096451 0.003212 0.019444
