0 0.162717 0.010108 0.004948 0.014352
0 0.162630 0.009877 0.005122 0.014815
0 0.162630 0.010108 0.005122 0.015278
0 0.162630 0.010340 0.005122 0.015741
0 0.162630 0.010494 0.005122 0.016049
0 0.162630 0.010725 0.005122 0.016512
0 0.162630 0.010802 0.005122 0.017284
0 0.162630 0.011034 0.005122 0.017747
0 0.162630 0.011265 0.005122 0.018210
0 0.162630 0.011420 0.005122 0.018519
0 0.162630 0.011651 0.005122 0.018981
0 0.162630 0.011651 0.005122 0.018981
0 0.162630 0.012037 0.005122 0.019136
0 0.162630 0.012269 0.005122 0.019599
0 0.162630 0.012500 0.005122 0.019136
0 0.162630 0.012963 0.005122 0.019136
0 0.162630 0.013117 0.005122 0.019444
0 0.162630 0.013349 0.005122 0.018981
0 0.162630 0.013580 0.005122 0.019444
0 0.162630 0.014043 0.005122 0.019444
0 0.162630 0.014429 0.005122 0.019599
0 0.162370 0.014429 0.005122 0.019599
0 0.162240 0.014429 0.004861 0.019599
0 0.162109 0.014429 0.005122 0.019599
0 0.161979 0.014429 0.004861 0.019599
0 0.161979 0.014892 0.004861 0.019599
0 0.161719 0.014892 0.004861 0.019599
0 0.161632 0.014892 0.004687 0.019599
0 0.161502 0.014892 0.004948 0.019599
0 0.161372 0.014892 0.004687 0.019599
0 0.161372 0.015355 0.004687 0.019599
0 0.161155 0.015355 0.004601 0.019599
0 0.161155 0.015509 0.004601 0.019907
0 0.161024 0.015509 0.004340 0.019907
0 0.161024 0.015741 0.004340 0.020370
0 0.161024 0.015972 0.004340 0.020833
0 0.160764 0.015972 0.004340 0.020833
0 0.160764 0.016204 0.004340 0.021296
0 0.160677 0.016204 0.004167 0.021296
0 0.160677 0.016435 0.004167 0.021759
0 0.160677 0.016821 0.004167 0.021605
0 0.160547 0.016667 0.004427 0.021296
0 0.160547 0.016667 0.004427 0.021296
0 0.160417 0.016667 0.004687 0.021296
0 0.160417 0.016667 0.004687 0.021296
0 0.160417 0.016667 0.004687 0.021296
0 0.160286 0.016435 0.004948 0.020833
0 0.160286 0.016435 0.004948 0.020833
0 0.160156 0.016435 0.005208 0.020833
0 0.160156 0.016435 0.005208 0.020833
0 0.160156 0.016667 0.005208 0.020370
0 0.159939 0.016667 0.005122 0.020370
0 0.159679 0.016667 0.005122 0.020370
0 0.159679 0.017052 0.005122 0.020525
0 0.159418 0.017052 0.005122 0.020525
0 0.159418 0.017052 0.005122 0.020525
0 0.159158 0.017438 0.005122 0.020370
0 0.159158 0.017438 0.005122 0.020370
0 0.158898 0.017438 0.005122 0.020370
0 0.158898 0.017901 0.005122 0.020370
