0 0.077821 0.144444 0.009288 0.013889
0 0.070009 0.129861 0.008247 0.012500
0 0.062283 0.115586 0.007552 0.011728
0 0.054514 0.101003 0.006597 0.010340
0 0.046832 0.086960 0.005816 0.009105
0 0.039106 0.072377 0.005122 0.007716
0 0.031337 0.058102 0.004167 0.006944
0 0.023655 0.043750 0.003385 0.005093
0 0.015799 0.029475 0.002431 0.004321
0 0.008160 0.014892 0.001736 0.002932
0 0.000477 0.000849 0.000955 0.001698
0 0.008160 0.014892 0.001736 0.002932
0 0.015799 0.029475 0.002431 0.004321
0 0.023655 0.043750 0.003385 0.005093
0 0.031337 0.058102 0.004167 0.006944
0 0.039106 0.072377 0.005122 0.007716
0 0.046832 0.086960 0.005816 0.009105
0 0.054514 0.101003 0.006597 0.010340
0 0.062283 0.115586 0.007552 0.011728
0 0.070009 0.129861 0.008247 0.012500
0 0.077821 0.144444 0.009288 0.013889
0 0.077821 0.144444 0.009288 0.013889
0 0.077821 0.144444 0.009288 0.013889
0 0.077821 0.144444 0.009288 0.013889
0 0.077821 0.144444 0.009288 0.013889
0 0.077821 0.144444 0.009288 0.013889
0 0.077821 0.144444 0.009288 0.013889
0 0.077821 0.144444 0.009288 0.013889
0 0.077821 0.144444 0.009288 0.013889
0 0.077821 0.144444 0.009288 0.013889
0 0.077821 0.144444 0.009288 0.013889
0 0.077821 0.144444 0.009288 0.013889
0 0.077821 0.144444 0.009288 0.013889
0 0.077821 0.144444 0.009288 0.013889
0 0.077821 0.144444 0.009288 0.013889
0 0.077821 0.144444 0.009288 0.013889
0 0.077821 0.144444 0.009288 0.013889
0 0.077821 0.144444 0.009288 0.013889
0 0.077821 0.144444 0.009288 0.013889
0 0.077821 0.144444 0.009288 0.013889
0 0.077821 0.144444 0.009288 0.013889
0 0.077821 0.144444 0.009288 0.013889
0 0.077821 0.144444 0.009288 0.013889
0 0.077821 0.144444 0.009288 0.013889
0 0.077821 0.144444 0.009288 0.013889
0 0.077821 0.144444 0.009288 0.013889
0 0.077821 0.144444 0.009288 0.013889
0 0.077821 0.144444 0.009288 0.013889
0 0.077821 0.144444 0.009288 0.013889
0 0.077821 0.144444 0.009288 0.013889
0 0.077821 0.144444 0.009288 0.013889
0 0.077300 0.145679 0.009288 0.013889
0 0.076823 0.147377 0.009201 0.013889
0 0.076476 0.149228 0.009549 0.013889
0 0.075955 0.150694 0.009549 0.013426
0 0.075608 0.152392 0.009722 0.013426
0 0.075130 0.153858 0.009809 0.013889
0 0.074609 0.155478 0.009809 0.013426
0 0.074262 0.157176 0.009983 0.013426
0 0.073741 0.158873 0.009983 0.013426
0 0.073437 0.160648 0.010243 0.013580
0 0.073437 0.160648 0.010243 0.013580
0 0.073437 0.160648 0.010243 0.013580
0 0.073437 0.160648 0.010243 0.013580
0 0.073437 0.160648 0.010243 0.013580
0 0.073437 0.160648 0.010243 0.013580
0 0.073437 0.160648 0.010243 0.013580
0 0.073437 0.160648 0.010243 0.013580
0 0.073437 0.160648 0.010243 0.013580
0 0.073437 0.160648 0.010243 0.013580
0 0.073437 0.160648 0.010243 0.013580
0 0.073437 0.160648 0.010243 0.013580
0 0.073437 0.160648 0.010243 0.013580
0 0.073437 0.160648 0.010243 0.013580
0 0.073437 0.160648 0.010243 0.013580
0 0.073437 0.160648 0.010243 0.013580
0 0.073437 0.160648 0.010243 0.013580
0 0.073437 0.160648 0.010243 0.013580
0 0.073437 0.160648 0.010243 0.013580
0 0.073437 0.160648 0.010243 0.013580
0 0.073437 0.160648 0.010243 0.013580
0 0.074870 0.144985 0.010677 0.013426
0 0.076345 0.129861 0.011198 0.013426
0 0.077821 0.114506 0.011719 0.013889
0 0.079384 0.099228 0.012413 0.013889
0 0.080859 0.083873 0.012934 0.014352
0 0.082335 0.068673 0.013455 0.014198
0 0.083898 0.053241 0.014149 0.014815
0 0.085373 0.038117 0.014670 0.014815
0 0.086806 0.022685 0.015104 0.015123
0 0.088542 0.007562 0.015625 0.015123
0 0.088021 0.009028 0.015625 0.015586
0 0.087804 0.010957 0.015538 0.016049
0 0.087587 0.012654 0.015625 0.016049
0 0.087196 0.014660 0.015365 0.016358
0 0.086936 0.016435 0.015365 0.016512
0 0.086675 0.018133 0.015365 0.017438
0 0.086328 0.019907 0.015191 0.017284
0 0.086111 0.021836 0.015104 0.017747
0 0.085851 0.023534 0.015104 0.017747
0 0.085590 0.025463 0.015104 0.018210
0 0.085113 0.027315 0.015191 0.018210
0 0.084896 0.029244 0.015104 0.018673
0 0.084635 0.031173 0.015104 0.019136
0 0.084375 0.033102 0.015104 0.019599
0 0.084115 0.035108 0.015104 0.019907
0 0.083767 0.036806 0.014931 0.019907
0 0.083550 0.038735 0.014844 0.020370
0 0.083290 0.040664 0.014844 0.020833
0 0.083030 0.042670 0.014844 0.021142
0 0.082812 0.044599 0.014931 0.021605
0 0.082682 0.046142 0.014670 0.021296
0 0.082552 0.047840 0.014410 0.021296
0 0.082552 0.049614 0.014410 0.021142
0 0.082552 0.051312 0.013889 0.021142
0 0.082552 0.053086 0.013889 0.021296
0 0.082422 0.054784 0.013628 0.021296
0 0.082465 0.056481 0.013194 0.021296
0 0.082465 0.058256 0.013194 0.021142
0 0.082335 0.060031 0.012934 0.021296
0 0.082465 0.061728 0.012674 0.021296
0 0.082335 0.063194 0.012413 0.020833
0 0.082205 0.064815 0.012153 0.020370
0 0.082075 0.066512 0.011892 0.020370
0 0.082161 0.068056 0.011719 0.020062
0 0.082075 0.069985 0.011545 0.019599
0 0.081944 0.071451 0.011285 0.019136
0 0.082075 0.073071 0.011024 0.018673
0 0.081944 0.074769 0.010764 0.018673
0 0.081814 0.076235 0.010503 0.018210
0 0.081944 0.078241 0.010243 0.017901
0 0.081944 0.080015 0.010243 0.017747
0 0.081944 0.081713 0.010243 0.017747
0 0.081944 0.083410 0.010243 0.017747
0 0.082205 0.085185 0.010243 0.017901
0 0.082205 0.086960 0.010243 0.017747
0 0.082205 0.088657 0.010243 0.017747
0 0.082465 0.090355 0.010243 0.017747
0 0.082465 0.092052 0.010243 0.017747
0 0.082465 0.093827 0.010243 0.017901
0 0.082682 0.096065 0.010330 0.017747
0 0.082465 0.097299 0.010243 0.017747
0 0.082465 0.098997 0.010243 0.017747
0 0.082205 0.100772 0.010243 0.017901
0 0.082205 0.102546 0.010243 0.017747
0 0.081944 0.104244 0.010243 0.017747
0 0.081944 0.105941 0.010243 0.017747
0 0.081684 0.107716 0.010243 0.017901
0 0.081684 0.109491 0.010243 0.017747
0 0.081424 0.111188 0.010243 0.017747
0 0.081424 0.112886 0.010243 0.017747
0 0.081424 0.114275 0.010243 0.017747
0 0.081424 0.115972 0.010243 0.017747
0 0.081424 0.117284 0.010243 0.017901
0 0.081424 0.119059 0.010243 0.017747
0 0.081424 0.120293 0.010243 0.017747
0 0.081424 0.121991 0.010243 0.017747
0 0.081424 0.123380 0.010243 0.017747
0 0.081424 0.125077 0.010243 0.017747
0 0.081424 0.126389 0.010243 0.017901
0 0.081684 0.128164 0.010243 0.017747
0 0.081250 0.129630 0.010243 0.017284
0 0.080859 0.131173 0.009983 0.016975
0 0.080339 0.132639 0.009983 0.016512
0 0.079991 0.134414 0.009809 0.016358
0 0.079774 0.136188 0.009722 0.015586
0 0.079253 0.137654 0.009722 0.015123
0 0.078906 0.139352 0.009549 0.015123
0 0.078385 0.140895 0.009549 0.014815
0 0.078038 0.142438 0.009201 0.014198
0 0.077821 0.144444 0.009288 0.013889
0 0.077300 0.145679 0.009288 0.013889
0 0.076953 0.146914 0.009462 0.013889
0 0.076693 0.148302 0.009462 0.013889
0 0.076215 0.149537 0.009549 0.013889
0 0.075868 0.150926 0.009722 0.013889
0 0.075608 0.152392 0.009722 0.013426
0 0.075217 0.153704 0.009983 0.013580
0 0.074740 0.155015 0.010069 0.013426
0 0.074523 0.156250 0.009983 0.013426
0 0.074132 0.157639 0.010243 0.013426
