0 0.279948 0.043287 0.013889 0.016512
0 0.279948 0.045910 0.013889 0.016512
0 0.280208 0.048534 0.013889 0.016512
0 0.280469 0.051157 0.013889 0.016512
0 0.280469 0.054090 0.013889 0.016512
0 0.280729 0.056713 0.013889 0.016512
0 0.280946 0.059336 0.013976 0.016512
0 0.280946 0.062423 0.013976 0.016512
0 0.281163 0.065046 0.013889 0.016512
0 0.281424 0.067593 0.013889 0.016358
0 0.281684 0.070602 0.013889 0.016512
0 0.281944 0.073225 0.013889 0.016512
0 0.282161 0.076312 0.013976 0.016512
0 0.282378 0.078935 0.013889 0.016512
0 0.282639 0.081867 0.013889 0.016512
0 0.283030 0.084491 0.014149 0.016512
0 0.283290 0.087577 0.014149 0.016512
0 0.283550 0.090201 0.014149 0.016512
0 0.283724 0.093133 0.014149 0.016512
0 0.283984 0.095756 0.014149 0.016512
0 0.284505 0.098843 0.014149 0.016512
0 0.284766 0.101003 0.014149 0.016512
0 0.284939 0.103627 0.014149 0.016512
0 0.285200 0.106250 0.014149 0.016512
0 0.285590 0.108873 0.014410 0.016512
0 0.285851 0.111420 0.014410 0.016358
0 0.286068 0.113735 0.014323 0.016049
0 0.286415 0.116358 0.014670 0.016049
0 0.286675 0.118981 0.014670 0.016049
0 0.286936 0.121605 0.014670 0.016049
0 0.287413 0.124228 0.014583 0.016049
0 0.287413 0.126852 0.014583 0.016049
0 0.287630 0.129784 0.014670 0.016049
0 0.287630 0.132870 0.014670 0.016049
0 0.287891 0.135494 0.014670 0.016049
0 0.288151 0.138580 0.014670 0.016049
0 0.288151 0.141512 0.014670 0.016049
0 0.288411 0.144136 0.014670 0.016049
0 0.288411 0.147222 0.014670 0.016049
0 0.288628 0.150309 0.014583 0.016049
0 0.288889 0.153241 0.014583 0.016049
0 0.289106 0.155864 0.014670 0.016049
0 0.289366 0.158488 0.014670 0.016049
0 0.289627 0.161111 0.014670 0.016049
0 0.289844 0.163735 0.014583 0.016049
0 0.290104 0.166358 0.014583 0.016049
0 0.290321 0.168827 0.014670 0.016049
0 0.290582 0.171451 0.014670 0.016049
0 0.290842 0.174074 0.014670 0.016049
0 0.291102 0.176698 0.014670 0.016049
0 0.291319 0.179321 0.014583 0.016049
0 0.291319 0.181944 0.014583 0.016049
0 0.291319 0.184568 0.014583 0.016049
0 0.291319 0.187114 0.014583 0.016204
0 0.291319 0.189660 0.014583 0.016049
0 0.291319 0.192284 0.014583 0.016049
0 0.291319 0.194907 0.014583 0.016049
0 0.291319 0.197531 0.014583 0.016049
0 0.291319 0.200154 0.014583 0.016049
0 0.291319 0.202778 0.014583 0.016049
0 0.291319 0.205401 0.014583 0.016049
0 0.291233 0.207562 0.014410 0.016049
0 0.291102 0.209877 0.014149 0.015741
0 0.290972 0.212114 0.013889 0.015586
0 0.290842 0.214660 0.013628 0.015741
0 0.290712 0.216821 0.013368 0.015741
0 0.290582 0.219213 0.013108 0.015278
0 0.290495 0.221605 0.012934 0.015741
0 0.290365 0.223997 0.012674 0.015278
0 0.290234 0.226157 0.012413 0.015278
0 0.290321 0.228781 0.012240 0.015278
0 0.290321 0.230710 0.011719 0.014815
0 0.290451 0.233102 0.011458 0.014352
0 0.290451 0.235262 0.010937 0.014352
0 0.290582 0.237654 0.010677 0.013889
0 0.290712 0.239815 0.010417 0.013889
0 0.290712 0.241975 0.010069 0.012963
0 0.290842 0.244136 0.009809 0.012963
0 0.290842 0.246528 0.009288 0.012500
0 0.290972 0.248688 0.009028 0.012500
0 0.291102 0.251080 0.008767 0.012037
0 0.291102 0.251080 0.008767 0.012037
0 0.291102 0.251080 0.008767 0.012037
0 0.291102 0.251080 0.008767 0.012037
0 0.291102 0.251080 0.008767 0.012037
0 0.291102 0.251080 0.008767 0.012037
0 0.291102 0.251080 0.008767 0.012037
0 0.291102 0.251080 0.008767 0.012037
0 0.291102 0.251080 0.008767 0.012037
0 0.291102 0.251080 0.008767 0.012037
0 0.291102 0.251080 0.008767 0.012037
0 0.291102 0.251080 0.008767 0.012037
0 0.291102 0.251080 0.008767 0.012037
0 0.291102 0.251080 0.008767 0.012037
0 0.291102 0.251080 0.008767 0.012037
0 0.291102 0.251080 0.008767 0.012037
0 0.291102 0.251080 0.008767 0.012037
0 0.291102 0.251080 0.008767 0.012037
0 0.291102 0.251080 0.008767 0.012037
0 0.291102 0.251080 0.008767 0.012037
0 0.291102 0.251080 0.008767 0.012037
0 0.291102 0.251080 0.008767 0.012037
0 0.291102 0.251080 0.008767 0.012037
0 0.291102 0.251080 0.008767 0.012037
0 0.291102 0.251080 0.008767 0.012037
0 0.291102 0.251080 0.008767 0.012037
0 0.291102 0.251080 0.008767 0.012037
0 0.291102 0.251080 0.008767 0.012037
0 0.291102 0.251080 0.008767 0.012037
0 0.291102 0.251080 0.008767 0.012037
0 0.291102 0.251080 0.008767 0.012037
0 0.291102 0.251080 0.008767 0.012037
0 0.291102 0.251080 0.008767 0.012037
0 0.291102 0.251080 0.008767 0.012037
0 0.291102 0.251080 0.008767 0.012037
0 0.291102 0.251080 0.008767 0.012037
0 0.291102 0.251080 0.008767 0.012037
0 0.291102 0.251080 0.008767 0.012037
0 0.291102 0.251080 0.008767 0.012037
0 0.291102 0.251080 0.008767 0.012037
