0 0.273134 0.059336 0.003733 0.011265
0 0.272786 0.059799 0.003906 0.011265
0 0.272656 0.060494 0.004167 0.011728
0 0.272526 0.060880 0.004427 0.011574
0 0.272309 0.061497 0.004861 0.012191
0 0.272179 0.062191 0.005122 0.011728
0 0.271918 0.062809 0.005122 0.012037
0 0.271658 0.063272 0.005642 0.012037
0 0.271571 0.063889 0.005816 0.012654
0 0.271441 0.064352 0.006076 0.012654
0 0.271311 0.065201 0.006337 0.012500
0 0.271050 0.065201 0.006337 0.012500
0 0.271050 0.065664 0.006337 0.012500
0 0.270920 0.066049 0.006076 0.012654
0 0.270920 0.066512 0.006076 0.012654
0 0.270920 0.066975 0.006076 0.012654
0 0.270833 0.067361 0.005903 0.012500
0 0.270833 0.067824 0.005903 0.012500
0 0.270703 0.068210 0.005642 0.012654
0 0.270703 0.068673 0.005642 0.012654
0 0.270703 0.069136 0.005642 0.012654
0 0.270182 0.069059 0.005642 0.013426
0 0.269748 0.069290 0.005642 0.013889
0 0.269358 0.069522 0.005382 0.014352
0 0.268967 0.069985 0.005642 0.015278
0 0.268620 0.070216 0.005295 0.015741
0 0.268142 0.070139 0.005382 0.016512
0 0.267752 0.070602 0.005642 0.017438
0 0.267405 0.070833 0.005295 0.017901
0 0.266927 0.071065 0.005382 0.018364
0 0.266667 0.071451 0.005382 0.019136
0 0.266667 0.071759 0.005382 0.020370
0 0.266667 0.072145 0.005382 0.021142
0 0.266667 0.072608 0.005382 0.022068
0 0.266667 0.073071 0.005382 0.022994
0 0.266667 0.073457 0.005382 0.023765
0 0.266667 0.073920 0.005382 0.024691
0 0.266667 0.074383 0.005382 0.025617
0 0.266667 0.074769 0.005382 0.026389
0 0.266667 0.075231 0.005382 0.027315
0 0.266667 0.075849 0.005382 0.028549
0 0.266319 0.076235 0.005556 0.027778
0 0.266059 0.076929 0.006076 0.027315
0 0.265799 0.077778 0.006076 0.026543
0 0.265538 0.078472 0.006597 0.026080
0 0.265451 0.079244 0.006771 0.025154
0 0.265104 0.079707 0.007118 0.024228
0 0.264844 0.080401 0.007639 0.023765
0 0.264627 0.081250 0.007552 0.022994
0 0.264366 0.081944 0.008073 0.022531
0 0.264236 0.082793 0.008333 0.021759
0 0.263628 0.082330 0.007986 0.021759
0 0.263281 0.082330 0.007812 0.021759
0 0.262760 0.082099 0.007292 0.021296
0 0.262283 0.082099 0.007378 0.021296
0 0.261892 0.082099 0.007118 0.021296
0 0.261458 0.081867 0.006597 0.020833
0 0.260937 0.081867 0.006597 0.020833
0 0.260460 0.081636 0.006163 0.020370
0 0.260069 0.081636 0.005903 0.020370
0 0.259722 0.081636 0.005556 0.020370
0 0.259592 0.081481 0.005816 0.020062
0 0.259462 0.081481 0.006076 0.020062
0 0.259332 0.081481 0.006337 0.020062
0 0.259201 0.081481 0.006597 0.020062
0 0.259115 0.081481 0.006771 0.020062
0 0.258984 0.081250 0.007031 0.019599
0 0.258854 0.081250 0.007292 0.019599
0 0.258724 0.081250 0.007552 0.019599
0 0.258594 0.081250 0.007812 0.019599
0 0.258637 0.081250 0.008247 0.019599
0 0.258247 0.080864 0.007986 0.019444
0 0.257899 0.080864 0.007812 0.019444
0 0.257509 0.080864 0.007552 0.019444
0 0.257292 0.080633 0.007118 0.018981
0 0.257031 0.080633 0.007118 0.018981
0 0.256641 0.080633 0.006858 0.018981
0 0.256424 0.080401 0.006424 0.018519
0 0.256076 0.080401 0.006076 0.018519
0 0.255686 0.080401 0.005816 0.018519
0 0.255556 0.080401 0.005556 0.018519
0 0.255556 0.080401 0.005556 0.018519
0 0.255556 0.080401 0.005556 0.018519
0 0.255556 0.080401 0.005556 0.018519
0 0.255556 0.080401 0.005556 0.018519
0 0.255556 0.080401 0.005556 0.018519
0 0.255556 0.080401 0.005556 0.018519
0 0.255556 0.080401 0.005556 0.018519
0 0.255556 0.080401 0.005556 0.018519
0 0.255556 0.080401 0.005556 0.018519
0 0.255556 0.080401 0.005556 0.018519
0 0.255078 0.079784 0.005642 0.019136
0 0.254818 0.079552 0.005642 0.019599
0 0.254470 0.079090 0.005295 0.019599
0 0.254253 0.078858 0.005382 0.020062
0 0.253863 0.078472 0.005122 0.019907
0 0.253472 0.078241 0.005382 0.020370
0 0.253168 0.077778 0.005122 0.020370
0 0.252908 0.077546 0.005122 0.020833
0 0.252517 0.077083 0.004861 0.020833
0 0.252257 0.076929 0.004861 0.021142
0 0.252257 0.076929 0.004861 0.021142
0 0.252257 0.076929 0.004861 0.021142
0 0.252257 0.076929 0.004861 0.021142
0 0.252257 0.076929 0.004861 0.021142
0 0.252257 0.076929 0.004861 0.021142
0 0.252257 0.076929 0.004861 0.021142
0 0.252257 0.076929 0.004861 0.021142
0 0.252257 0.076929 0.004861 0.021142
0 0.252257 0.076929 0.004861 0.021142
0 0.252257 0.076929 0.004861 0.021142
0 0.252387 0.076543 0.005122 0.021296
0 0.252778 0.076543 0.005382 0.021296
0 0.252908 0.076543 0.005642 0.021296
0 0.253255 0.076312 0.005816 0.020833
0 0.253646 0.076312 0.006076 0.020833
0 0.253776 0.076312 0.006337 0.020833
0 0.254080 0.076080 0.006597 0.020370
0 0.254210 0.076080 0.006858 0.020370
0 0.254601 0.076080 0.007118 0.020370
0 0.254948 0.076080 0.007292 0.020370
0 0.253993 0.075386 0.007292 0.019907
0 0.253125 0.074923 0.007118 0.019907
0 0.252300 0.074769 0.006858 0.019599
0 0.251432 0.074306 0.007031 0.019599
0 0.250564 0.074074 0.006858 0.019136
0 0.249740 0.073688 0.006597 0.018981
0 0.248828 0.073225 0.006858 0.018981
0 0.248003 0.073071 0.006597 0.018673
0 0.247179 0.072608 0.006337 0.018673
0 0.246398 0.072377 0.006337 0.018210
0 0.246398 0.072377 0.006337 0.018210
0 0.246398 0.072377 0.006337 0.018210
0 0.246398 0.072377 0.006337 0.018210
0 0.246398 0.072377 0.006337 0.018210
0 0.246398 0.072377 0.006337 0.018210
0 0.246398 0.072377 0.006337 0.018210
0 0.246398 0.072377 0.006337 0.018210
0 0.246398 0.072377 0.006337 0.018210
0 0.246398 0.072377 0.006337 0.018210
0 0.246398 0.072377 0.006337 0.018210
0 0.246398 0.072377 0.006337 0.018210
0 0.246398 0.072377 0.006337 0.018210
0 0.246398 0.072377 0.006337 0.018210
0 0.246398 0.072377 0.006337 0.018210
0 0.246398 0.072377 0.006337 0.018210
0 0.246398 0.072377 0.006337 0.018210
0 0.246398 0.072377 0.006337 0.018210
0 0.246398 0.072377 0.006337 0.018210
0 0.246398 0.072377 0.006337 0.018210
0 0.246658 0.072377 0.006337 0.018210
0 0.246658 0.072377 0.006337 0.018210
0 0.246658 0.072377 0.006337 0.018210
0 0.246658 0.072377 0.006337 0.018210
0 0.246658 0.072377 0.006337 0.018210
0 0.246658 0.072377 0.006337 0.018210
0 0.246658 0.072377 0.006337 0.018210
0 0.246658 0.072377 0.006337 0.018210
0 0.246658 0.072377 0.006337 0.018210
0 0.246658 0.072377 0.006337 0.018210
0 0.246658 0.072377 0.006337 0.018210
0 0.245573 0.071451 0.006076 0.018210
0 0.244618 0.070910 0.006076 0.018673
0 0.243620 0.070216 0.006163 0.018210
0 0.242491 0.069522 0.005816 0.018673
0 0.241536 0.069059 0.005816 0.018673
0 0.240582 0.068287 0.005816 0.018673
0 0.239453 0.067593 0.005642 0.019136
0 0.238498 0.066898 0.005642 0.018673
0 0.237500 0.066281 0.005556 0.018981
0 0.236545 0.065895 0.005556 0.019136
0 0.233594 0.064738 0.005556 0.018673
0 0.230946 0.064198 0.005642 0.018210
0 0.228255 0.063272 0.005642 0.018210
0 0.225564 0.062423 0.005642 0.017438
0 0.222873 0.061728 0.005642 0.016975
0 0.220052 0.060880 0.005382 0.016821
0 0.217361 0.060031 0.005382 0.016049
0 0.214670 0.059105 0.005382 0.016049
0 0.211979 0.058488 0.005382 0.015741
0 0.209332 0.057870 0.005295 0.015123
