0 0.215929 0.030093 0.014670 0.030864
0 0.219314 0.035262 0.014670 0.030710
0 0.222743 0.040509 0.014583 0.030710
0 0.226172 0.045679 0.014670 0.030864
0 0.229557 0.050926 0.014670 0.030864
0 0.233247 0.056096 0.014583 0.030710
0 0.236675 0.061265 0.014670 0.030864
0 0.240061 0.066512 0.014670 0.030864
0 0.243490 0.071759 0.014583 0.030864
0 0.246918 0.076929 0.014670 0.030710
0 0.250564 0.082562 0.014670 0.030864
0 0.252040 0.088194 0.014670 0.030710
0 0.253516 0.093827 0.014670 0.030864
0 0.254948 0.099460 0.014583 0.030710
0 0.256641 0.105093 0.014670 0.030864
0 0.258116 0.111188 0.014670 0.030710
0 0.259592 0.116821 0.014670 0.030864
0 0.261328 0.122454 0.014670 0.030710
0 0.262760 0.128086 0.014583 0.030864
0 0.264236 0.133796 0.014583 0.030864
0 0.265929 0.139815 0.014670 0.030864
0 0.266319 0.141744 0.014931 0.030401
0 0.266797 0.143673 0.015365 0.029938
0 0.267187 0.145679 0.015625 0.029630
0 0.267752 0.147840 0.015885 0.028704
0 0.268273 0.149769 0.016406 0.028241
0 0.268620 0.151698 0.016580 0.027778
0 0.269271 0.153935 0.016840 0.027006
0 0.269575 0.155864 0.017101 0.026543
0 0.270095 0.157793 0.017622 0.026080
0 0.270703 0.160185 0.017795 0.025617
0 0.271181 0.160648 0.017882 0.025617
0 0.271918 0.161574 0.017795 0.025617
0 0.272439 0.161960 0.017795 0.025463
0 0.273134 0.162809 0.017795 0.025617
0 0.273785 0.163735 0.018056 0.025617
0 0.274349 0.164120 0.017795 0.025463
0 0.275000 0.164969 0.018056 0.025617
0 0.275564 0.165432 0.017795 0.025617
0 0.276215 0.166281 0.018056 0.025463
0 0.276910 0.167130 0.018056 0.025617
0 0.277431 0.167593 0.018056 0.025617
0 0.277995 0.168056 0.018316 0.025617
0 0.278646 0.168519 0.018056 0.025617
0 0.279210 0.168904 0.018316 0.025463
0 0.279861 0.169290 0.018056 0.025617
0 0.280425 0.169753 0.018316 0.025617
0 0.280946 0.170216 0.018316 0.025617
0 0.281684 0.170679 0.018229 0.025617
0 0.282161 0.171065 0.018316 0.025463
0 0.282899 0.171451 0.018229 0.025617
0 0.283377 0.171065 0.018316 0.025463
0 0.283898 0.171065 0.018316 0.025463
0 0.284332 0.170679 0.018316 0.025617
0 0.284983 0.170679 0.018056 0.025617
0 0.285590 0.170679 0.018229 0.025617
0 0.286068 0.170216 0.018316 0.025617
0 0.286719 0.170216 0.018056 0.025617
0 0.287153 0.169753 0.018056 0.025617
0 0.287674 0.169753 0.018056 0.025617
0 0.288368 0.169753 0.018056 0.025617
0 0.288628 0.169290 0.018056 0.025617
0 0.288889 0.169290 0.018056 0.025617
0 0.289149 0.169290 0.018056 0.025617
0 0.289366 0.169290 0.018142 0.025617
0 0.289583 0.169290 0.018056 0.025617
0 0.289844 0.168904 0.018056 0.025463
0 0.290104 0.168904 0.018056 0.025463
0 0.290365 0.168904 0.018056 0.025463
0 0.290625 0.168904 0.018056 0.025463
0 0.291059 0.168904 0.018056 0.025463
0 0.291319 0.168519 0.018056 0.025617
0 0.291840 0.168056 0.018056 0.025617
0 0.292274 0.167593 0.018056 0.025617
0 0.292535 0.167130 0.018056 0.025617
0 0.293056 0.166667 0.018056 0.025617
0 0.293490 0.166281 0.018056 0.025463
0 0.293750 0.165895 0.018056 0.025617
0 0.294271 0.165432 0.018056 0.025617
0 0.294705 0.164969 0.018056 0.025617
0 0.295226 0.164506 0.018056 0.025617
0 0.295486 0.163735 0.018056 0.025617
0 0.295920 0.162809 0.018056 0.025617
0 0.296181 0.161960 0.018056 0.025463
0 0.296701 0.161574 0.018056 0.025617
0 0.297135 0.160648 0.018056 0.025617
0 0.297396 0.159722 0.018056 0.025617
0 0.297917 0.159414 0.018056 0.025617
0 0.298177 0.158488 0.018056 0.025617
0 0.298611 0.157562 0.018056 0.025617
0 0.299132 0.157176 0.018056 0.025463
0 0.299132 0.156327 0.018056 0.025617
0 0.299392 0.155401 0.018056 0.025617
0 0.299392 0.154630 0.018056 0.025617
0 0.299653 0.153704 0.018056 0.025617
0 0.299653 0.153241 0.018056 0.025617
0 0.299826 0.152469 0.018056 0.025617
0 0.299826 0.151543 0.018056 0.025617
0 0.300087 0.150617 0.018056 0.025617
0 0.300087 0.149846 0.018056 0.025617
0 0.300347 0.149383 0.018056 0.025617
0 0.300477 0.148920 0.018316 0.025617
0 0.300825 0.148920 0.018490 0.025617
0 0.301085 0.148457 0.018490 0.025617
0 0.301345 0.148457 0.019010 0.025617
0 0.301649 0.148225 0.019271 0.025154
0 0.301910 0.148071 0.019271 0.025463
0 0.302170 0.147917 0.019792 0.025154
0 0.302431 0.147685 0.019792 0.025617
0 0.302778 0.147454 0.019965 0.025154
0 0.303168 0.147454 0.020226 0.025154
0 0.303385 0.146528 0.020312 0.025154
0 0.303863 0.145756 0.020226 0.025154
0 0.304384 0.144830 0.020226 0.025154
0 0.304774 0.143904 0.020486 0.025154
0 0.305208 0.143133 0.020486 0.025154
0 0.305599 0.142207 0.020226 0.025154
0 0.305990 0.141281 0.020486 0.025154
0 0.306424 0.140509 0.020486 0.025154
0 0.306944 0.139583 0.020486 0.025154
0 0.307422 0.138812 0.020573 0.025154
0 0.307639 0.137886 0.020486 0.025154
0 0.307899 0.136960 0.020486 0.025154
0 0.308160 0.136188 0.020486 0.025154
0 0.308681 0.135725 0.020486 0.025154
0 0.308854 0.134799 0.020486 0.025154
0 0.309115 0.134028 0.020486 0.025154
0 0.309635 0.133565 0.020486 0.025154
0 0.309896 0.132639 0.020486 0.025154
0 0.310113 0.131867 0.020573 0.025154
0 0.310590 0.131404 0.020486 0.025154
0 0.310851 0.130015 0.020486 0.025154
0 0.311111 0.129012 0.020486 0.024691
0 0.311328 0.127623 0.020573 0.024691
0 0.311806 0.126620 0.020486 0.024228
0 0.312066 0.125694 0.020486 0.024228
0 0.312326 0.124460 0.020486 0.024228
0 0.312760 0.123380 0.020486 0.023920
0 0.313021 0.122068 0.020486 0.023765
0 0.313281 0.120988 0.020486 0.023457
0 0.313802 0.120062 0.020486 0.023457
0 0.314236 0.119213 0.020486 0.023302
0 0.314757 0.118364 0.020486 0.023457
0 0.315234 0.117438 0.020573 0.023457
0 0.315712 0.116667 0.020486 0.023457
0 0.316233 0.115741 0.020486 0.023457
0 0.316667 0.114892 0.020486 0.023302
0 0.317187 0.114043 0.020486 0.023457
0 0.317708 0.113117 0.020486 0.023457
0 0.318142 0.112269 0.020486 0.023302
0 0.318924 0.111420 0.020486 0.023457
0 0.319141 0.110494 0.020573 0.023457
0 0.319358 0.109722 0.020486 0.023457
0 0.319618 0.108796 0.020486 0.023457
0 0.319878 0.107948 0.020486 0.023302
0 0.320139 0.107099 0.020486 0.023457
0 0.320356 0.106173 0.020573 0.023457
0 0.320573 0.105401 0.020486 0.023457
0 0.320833 0.104475 0.020486 0.023457
0 0.321094 0.103549 0.020486 0.023457
0 0.321484 0.103164 0.020747 0.023302
0 0.321484 0.101852 0.020747 0.024383
0 0.321571 0.100772 0.020573 0.024691
0 0.321571 0.099769 0.020573 0.025154
0 0.321701 0.098380 0.020312 0.026080
0 0.321832 0.097299 0.020052 0.026389
0 0.321832 0.096219 0.020052 0.027006
0 0.321962 0.094907 0.019792 0.027778
0 0.321962 0.093827 0.019792 0.028086
0 0.322092 0.092747 0.019531 0.028704
0 0.322222 0.091898 0.019271 0.029475
0 0.322222 0.090818 0.019271 0.029167
0 0.322309 0.089738 0.019097 0.028549
0 0.322439 0.088889 0.018837 0.028704
0 0.322656 0.087963 0.018750 0.027778
0 0.322786 0.086960 0.018490 0.027315
0 0.322917 0.086034 0.018229 0.027315
0 0.323003 0.084954 0.018056 0.027006
0 0.323264 0.084105 0.018056 0.025926
0 0.323394 0.083256 0.017795 0.026080
0 0.323524 0.082099 0.017535 0.025617
