0 0.166276 0.167593 0.008073 0.023765
0 0.167752 0.167361 0.008073 0.024228
0 0.169184 0.167593 0.007986 0.024691
0 0.170660 0.167593 0.007986 0.024691
0 0.172092 0.167593 0.008073 0.025617
0 0.173568 0.167824 0.008073 0.026080
0 0.175043 0.167824 0.008073 0.026080
0 0.176519 0.167824 0.008073 0.027006
0 0.177995 0.167824 0.008073 0.027006
0 0.179427 0.167978 0.007986 0.027315
0 0.180903 0.168210 0.007986 0.027778
0 0.181641 0.168210 0.008073 0.027778
0 0.182335 0.168210 0.008073 0.027778
0 0.183116 0.168210 0.008073 0.027778
0 0.183811 0.168210 0.008073 0.027778
0 0.184592 0.168210 0.008073 0.027778
0 0.185286 0.168210 0.008073 0.027778
0 0.186024 0.168210 0.007986 0.027778
0 0.186762 0.168210 0.008073 0.027778
0 0.187457 0.168210 0.008073 0.027778
0 0.188238 0.168210 0.008073 0.027778
0 0.188455 0.167747 0.007986 0.027778
0 0.188715 0.167747 0.007986 0.027778
0 0.188932 0.167438 0.008073 0.027778
0 0.189193 0.167438 0.008073 0.027778
0 0.189453 0.166975 0.008073 0.027778
0 0.189714 0.166975 0.008073 0.027778
0 0.189931 0.166512 0.007986 0.027778
0 0.190148 0.166512 0.008073 0.027778
0 0.190408 0.166049 0.008073 0.027778
0 0.190668 0.166049 0.008073 0.027778
0 0.190929 0.165586 0.008073 0.027778
0 0.191146 0.165586 0.007986 0.027778
0 0.191363 0.165201 0.008073 0.027623
0 0.191623 0.165201 0.008073 0.027623
0 0.191884 0.165201 0.008073 0.027623
0 0.192144 0.164815 0.008073 0.027778
0 0.192361 0.164815 0.007986 0.027778
0 0.192622 0.164352 0.007986 0.027778
0 0.192839 0.164352 0.008073 0.027778
0 0.193099 0.164352 0.008073 0.027778
0 0.193099 0.163889 0.008073 0.027778
0 0.193359 0.163426 0.008073 0.027778
0 0.193620 0.163426 0.008073 0.027778
0 0.193837 0.163040 0.007986 0.027623
0 0.194054 0.163040 0.008073 0.027623
0 0.194184 0.162654 0.008333 0.027778
0 0.194444 0.162191 0.008333 0.027778
0 0.194705 0.162191 0.008333 0.027778
0 0.194922 0.161728 0.008247 0.027778
0 0.195182 0.161728 0.008247 0.027778
0 0.195182 0.161265 0.008247 0.027778
0 0.195182 0.161265 0.008247 0.027778
0 0.195182 0.160802 0.008247 0.027778
0 0.195182 0.160802 0.008247 0.027778
0 0.195182 0.160494 0.008247 0.027778
0 0.195182 0.160494 0.008247 0.027778
0 0.195182 0.160031 0.008247 0.027778
0 0.195182 0.160031 0.008247 0.027778
0 0.195182 0.159568 0.008247 0.027778
0 0.195182 0.159568 0.008247 0.027778
0 0.195182 0.159105 0.008247 0.027778
0 0.195182 0.159105 0.008247 0.027778
0 0.195182 0.158642 0.008247 0.027778
0 0.195399 0.158642 0.008333 0.027778
0 0.195399 0.158333 0.008333 0.027778
0 0.195399 0.158333 0.008333 0.027778
0 0.195660 0.157870 0.008333 0.027778
0 0.195660 0.157870 0.008333 0.027778
0 0.195660 0.157407 0.008333 0.027778
0 0.195920 0.157407 0.008333 0.027778
0 0.195920 0.157407 0.008333 0.027778
0 0.195920 0.157407 0.008333 0.027778
0 0.195920 0.157407 0.008333 0.027778
0 0.195920 0.157407 0.008333 0.027778
0 0.195920 0.157407 0.008333 0.027778
0 0.195920 0.157407 0.008333 0.027778
0 0.195920 0.157407 0.008333 0.027778
0 0.195920 0.157407 0.008333 0.027778
0 0.195920 0.157407 0.008333 0.027778
0 0.195920 0.157407 0.008333 0.027778
0 0.195920 0.157407 0.008333 0.027778
0 0.195920 0.157407 0.008333 0.027778
0 0.195920 0.157407 0.008333 0.027778
0 0.195920 0.157407 0.008333 0.027778
0 0.195920 0.157407 0.008333 0.027778
0 0.195920 0.157407 0.008333 0.027778
0 0.195920 0.157407 0.008333 0.027778
0 0.195920 0.157407 0.008333 0.027778
0 0.195920 0.157407 0.008333 0.027778
0 0.195920 0.157407 0.008333 0.027778
0 0.195920 0.157407 0.008333 0.027778
0 0.195920 0.157407 0.008333 0.027778
0 0.195920 0.157407 0.008333 0.027778
0 0.195920 0.157407 0.008333 0.027778
0 0.195920 0.157407 0.008333 0.027778
0 0.195920 0.157407 0.008333 0.027778
0 0.195920 0.157407 0.008333 0.027778
0 0.195920 0.157407 0.008333 0.027778
0 0.195920 0.157407 0.008333 0.027778
0 0.195920 0.157407 0.008333 0.027778
0 0.195660 0.157407 0.008333 0.027778
0 0.195399 0.157407 0.008333 0.027778
0 0.195182 0.157407 0.008247 0.027778
0 0.194922 0.157407 0.008247 0.027778
0 0.194922 0.157870 0.008247 0.027778
0 0.194705 0.157870 0.008333 0.027778
0 0.194444 0.157870 0.008333 0.027778
0 0.194184 0.157870 0.008333 0.027778
0 0.193967 0.157870 0.008247 0.027778
0 0.193967 0.158333 0.008247 0.027778
0 0.193707 0.158333 0.008247 0.027778
0 0.193490 0.158642 0.008333 0.027778
0 0.193229 0.158642 0.008333 0.027778
0 0.192969 0.159105 0.008333 0.027778
0 0.192752 0.159568 0.008247 0.027778
0 0.192491 0.159568 0.008247 0.027778
0 0.192231 0.160031 0.008247 0.027778
0 0.192014 0.160031 0.008333 0.027778
0 0.191753 0.160494 0.008333 0.027778
0 0.191753 0.160802 0.008333 0.027778
0 0.191493 0.160802 0.008333 0.027778
0 0.191493 0.160802 0.008333 0.027778
0 0.191493 0.160802 0.008333 0.027778
0 0.191276 0.160802 0.008247 0.027778
0 0.191276 0.160802 0.008247 0.027778
0 0.191276 0.160802 0.008247 0.027778
0 0.191016 0.160802 0.008247 0.027778
0 0.191016 0.160802 0.008247 0.027778
0 0.191016 0.160802 0.008247 0.027778
0 0.191016 0.160802 0.008247 0.027778
0 0.190538 0.160802 0.008333 0.027778
0 0.190278 0.160802 0.008333 0.027778
0 0.190061 0.160802 0.008247 0.027778
0 0.189583 0.160802 0.008333 0.027778
0 0.189323 0.160802 0.008333 0.027778
0 0.189062 0.160802 0.008333 0.027778
0 0.188585 0.160802 0.008247 0.027778
0 0.188325 0.160802 0.008247 0.027778
0 0.188108 0.160802 0.008333 0.027778
0 0.187847 0.160802 0.008333 0.027778
0 0.187370 0.160802 0.008247 0.027778
0 0.186892 0.161265 0.008333 0.027778
0 0.186632 0.161728 0.008333 0.027778
0 0.186155 0.162191 0.008247 0.027778
0 0.185894 0.162654 0.008247 0.027778
0 0.185417 0.162654 0.008333 0.027778
0 0.184939 0.163040 0.008247 0.027623
0 0.184679 0.163426 0.008247 0.027778
0 0.184201 0.163889 0.008333 0.027778
0 0.183941 0.164352 0.008333 0.027778
0 0.183464 0.164352 0.008247 0.027778
0 0.183203 0.164352 0.008247 0.027778
0 0.182986 0.164352 0.008333 0.027778
0 0.182465 0.164815 0.008333 0.027778
0 0.182248 0.164815 0.008247 0.027778
0 0.181988 0.164815 0.008247 0.027778
0 0.181510 0.165201 0.008333 0.027623
0 0.181250 0.165201 0.008333 0.027623
0 0.181033 0.165201 0.008247 0.027623
0 0.180773 0.165586 0.008247 0.027778
0 0.180295 0.165586 0.008333 0.027778
0 0.180035 0.165586 0.008333 0.027778
0 0.179818 0.166049 0.008247 0.027778
0 0.179297 0.166049 0.008247 0.027778
0 0.179080 0.166512 0.008333 0.027778
0 0.178819 0.166512 0.008333 0.027778
0 0.178342 0.166512 0.008247 0.027778
0 0.178082 0.166975 0.008247 0.027778
0 0.177865 0.166975 0.008333 0.027778
0 0.177604 0.167438 0.008333 0.027778
0 0.177127 0.168673 0.008247 0.027778
0 0.176736 0.170370 0.008507 0.027778
0 0.176389 0.172145 0.008333 0.027623
0 0.176042 0.173920 0.008507 0.027778
0 0.175651 0.175617 0.008247 0.027778
0 0.175260 0.177083 0.008507 0.027315
0 0.174783 0.178935 0.008594 0.027315
0 0.174566 0.180633 0.008507 0.027315
0 0.174045 0.182330 0.008507 0.027315
0 0.173828 0.184028 0.008594 0.027315
