0 0.205295 0.120910 0.007639 0.012191
0 0.205165 0.122917 0.007378 0.012500
0 0.205165 0.125077 0.007378 0.012500
0 0.205165 0.127238 0.007378 0.012500
0 0.205165 0.129398 0.007378 0.012500
0 0.205165 0.131559 0.007378 0.012500
0 0.205165 0.133488 0.007378 0.012963
0 0.205165 0.135725 0.007378 0.013117
0 0.205165 0.137886 0.007378 0.013117
0 0.205165 0.140046 0.007378 0.013117
0 0.205165 0.142207 0.007378 0.013117
0 0.205165 0.143981 0.007378 0.012963
0 0.205165 0.145910 0.007378 0.012500
0 0.205295 0.147840 0.007118 0.012037
0 0.205425 0.150077 0.007378 0.012191
0 0.205556 0.152006 0.007118 0.011728
0 0.205556 0.153704 0.007118 0.011728
0 0.205642 0.155864 0.007292 0.011728
0 0.205773 0.157793 0.007031 0.011265
0 0.205773 0.159799 0.007031 0.010957
0 0.206033 0.161960 0.007031 0.010957
0 0.205903 0.163272 0.007292 0.010802
0 0.205903 0.164969 0.007292 0.010802
0 0.205903 0.166512 0.007292 0.011420
0 0.205773 0.168287 0.007552 0.011265
0 0.205773 0.169753 0.007552 0.011728
0 0.205773 0.171451 0.007552 0.011728
0 0.205642 0.172994 0.007812 0.012037
0 0.205642 0.174769 0.007812 0.012191
0 0.205642 0.176235 0.007812 0.012654
0 0.205642 0.178009 0.007812 0.012500
0 0.205642 0.179938 0.007812 0.012037
0 0.205773 0.182407 0.007552 0.011728
0 0.205773 0.184336 0.007552 0.011265
0 0.205903 0.186728 0.007292 0.010802
0 0.206033 0.188889 0.007031 0.010802
0 0.206033 0.190972 0.007031 0.010031
0 0.206163 0.193210 0.006771 0.009877
0 0.206163 0.195293 0.006771 0.009105
0 0.206250 0.197454 0.006597 0.009105
0 0.206380 0.199923 0.006337 0.008796
0 0.206380 0.201235 0.006337 0.009568
0 0.206380 0.202932 0.006337 0.010494
0 0.206380 0.204707 0.006337 0.011265
0 0.206380 0.206404 0.006337 0.012191
0 0.206380 0.208179 0.006337 0.012963
0 0.206380 0.209877 0.006337 0.013889
0 0.206380 0.211651 0.006337 0.014660
0 0.206380 0.213349 0.006337 0.015586
0 0.206380 0.215046 0.006337 0.016512
0 0.206510 0.216821 0.006076 0.017284
0 0.206510 0.218596 0.006076 0.017438
0 0.206510 0.220525 0.006076 0.016975
0 0.206510 0.222222 0.006076 0.016975
0 0.206510 0.224151 0.006076 0.016512
0 0.206641 0.226312 0.006337 0.016512
0 0.206641 0.228164 0.006337 0.016512
0 0.206641 0.230093 0.006337 0.016049
0 0.206641 0.231790 0.006337 0.016049
0 0.206641 0.233719 0.006337 0.015586
0 0.206771 0.235880 0.006597 0.015586
0 0.206641 0.237423 0.006337 0.015278
0 0.206641 0.239198 0.006337 0.015123
0 0.206641 0.241127 0.006337 0.014660
0 0.206641 0.242901 0.006337 0.014815
0 0.206641 0.244830 0.006337 0.014352
0 0.206641 0.246296 0.006337 0.013889
0 0.206641 0.247994 0.006337 0.013889
0 0.206641 0.250077 0.006337 0.013426
0 0.206641 0.251775 0.006337 0.013426
0 0.206641 0.253704 0.006337 0.012963
0 0.206510 0.255170 0.006597 0.013426
0 0.206510 0.257022 0.006597 0.013426
0 0.206510 0.258488 0.006597 0.013889
0 0.206380 0.260185 0.006858 0.013889
0 0.206380 0.261883 0.006858 0.013889
0 0.206380 0.263503 0.006858 0.014352
0 0.206293 0.265201 0.007031 0.014352
0 0.206293 0.266744 0.007031 0.014660
0 0.206293 0.268441 0.007031 0.014660
0 0.206424 0.270370 0.007292 0.015123
0 0.206163 0.271682 0.007292 0.015278
0 0.205903 0.272994 0.007292 0.015123
0 0.205773 0.274537 0.007031 0.015741
0 0.205642 0.275849 0.007292 0.015586
0 0.205556 0.277315 0.007118 0.016049
0 0.205295 0.278704 0.007118 0.016049
0 0.205165 0.279938 0.007378 0.016049
0 0.205035 0.281481 0.007118 0.016358
0 0.204818 0.282793 0.007031 0.016512
0 0.204818 0.284491 0.007031 0.016512
0 0.204557 0.285802 0.007031 0.016358
0 0.204557 0.287346 0.007031 0.016975
0 0.204470 0.288580 0.006858 0.016975
0 0.204340 0.290123 0.007118 0.017284
0 0.204340 0.291667 0.007118 0.016975
0 0.204210 0.293210 0.006858 0.017284
0 0.204080 0.294444 0.007118 0.017284
0 0.203950 0.295988 0.006858 0.017901
0 0.203950 0.297299 0.006858 0.017747
0 0.203950 0.298997 0.006858 0.017747
0 0.203689 0.300386 0.006858 0.017747
0 0.203472 0.301620 0.006771 0.017747
0 0.203255 0.302932 0.006858 0.017901
0 0.202995 0.304244 0.006858 0.017747
0 0.202865 0.305556 0.006597 0.017901
0 0.202604 0.306867 0.006597 0.017747
0 0.202344 0.308102 0.006597 0.017747
0 0.202127 0.309491 0.006510 0.017747
0 0.201910 0.310725 0.006597 0.017747
0 0.201910 0.312269 0.006597 0.017438
0 0.201649 0.313349 0.006597 0.016821
0 0.201649 0.314660 0.006597 0.016975
0 0.201649 0.315972 0.006597 0.016821
0 0.201389 0.317052 0.006597 0.016512
0 0.201389 0.318519 0.006597 0.016049
0 0.201389 0.319907 0.006597 0.016049
0 0.201128 0.320910 0.006597 0.015586
0 0.201128 0.322299 0.006597 0.015586
0 0.201128 0.323534 0.006597 0.015586
0 0.201128 0.325077 0.006597 0.015278
0 0.201128 0.325077 0.006597 0.015278
0 0.201128 0.325077 0.006597 0.015278
0 0.201128 0.325077 0.006597 0.015278
0 0.201128 0.325077 0.006597 0.015278
0 0.201128 0.325077 0.006597 0.015278
0 0.201128 0.325077 0.006597 0.015278
0 0.201128 0.325077 0.006597 0.015278
0 0.201128 0.325077 0.006597 0.015278
0 0.201128 0.325077 0.006597 0.015278
0 0.201128 0.325077 0.006597 0.015278
0 0.201128 0.325077 0.006597 0.015278
0 0.201128 0.325077 0.006597 0.015278
0 0.201128 0.325077 0.006597 0.015278
0 0.201128 0.325077 0.006597 0.015278
0 0.201128 0.325077 0.006597 0.015278
0 0.201128 0.325077 0.006597 0.015278
0 0.201128 0.325077 0.006597 0.015278
0 0.201128 0.325077 0.006597 0.015278
0 0.201128 0.325077 0.006597 0.015278
0 0.201128 0.325077 0.006597 0.015278
0 0.201128 0.325077 0.006597 0.015278
0 0.201128 0.325077 0.006597 0.015278
0 0.201128 0.325077 0.006597 0.015278
0 0.201128 0.325077 0.006597 0.015278
0 0.201128 0.325077 0.006597 0.015278
0 0.201128 0.325077 0.006597 0.015278
0 0.201128 0.325077 0.006597 0.015278
0 0.201128 0.325077 0.006597 0.015278
0 0.201128 0.325077 0.006597 0.015278
0 0.201128 0.325077 0.006597 0.015278
0 0.201128 0.325077 0.006597 0.015278
0 0.201128 0.325077 0.006597 0.015278
0 0.201128 0.325077 0.006597 0.015278
0 0.201128 0.325077 0.006597 0.015278
0 0.201128 0.325077 0.006597 0.015278
0 0.201128 0.325077 0.006597 0.015278
0 0.201128 0.325077 0.006597 0.015278
0 0.201128 0.325077 0.006597 0.015278
0 0.201128 0.325077 0.006597 0.015278
0 0.201128 0.325077 0.006597 0.015278
0 0.201128 0.325077 0.006597 0.015278
0 0.201128 0.325077 0.006597 0.015278
0 0.201128 0.325077 0.006597 0.015278
0 0.201128 0.325077 0.006597 0.015278
0 0.201128 0.325077 0.006597 0.015278
0 0.201128 0.325077 0.006597 0.015278
0 0.201128 0.325077 0.006597 0.015278
0 0.201128 0.325077 0.006597 0.015278
0 0.201128 0.325077 0.006597 0.015278
0 0.201128 0.325077 0.006597 0.015278
0 0.201128 0.325077 0.006597 0.015278
0 0.201128 0.325077 0.006597 0.015278
0 0.201128 0.325077 0.006597 0.015278
0 0.201128 0.325077 0.006597 0.015278
0 0.201128 0.325077 0.006597 0.015278
0 0.201128 0.325077 0.006597 0.015278
0 0.201128 0.325077 0.006597 0.015278
0 0.201128 0.325077 0.006597 0.015278
