0 0.076085 0.194676 0.008767 0.015586
0 0.068403 0.174923 0.007986 0.014352
0 0.060851 0.155710 0.007118 0.012963
0 0.053299 0.136420 0.006597 0.011728
0 0.045703 0.116821 0.005642 0.009877
0 0.038281 0.097531 0.004861 0.008642
0 0.030556 0.078241 0.004167 0.007407
0 0.023003 0.058719 0.003125 0.005710
0 0.015451 0.039352 0.002604 0.004321
0 0.007899 0.020062 0.001736 0.003086
0 0.000477 0.000849 0.000955 0.001698
0 0.000477 0.000849 0.000955 0.001698
0 0.000477 0.000849 0.000955 0.001698
0 0.000477 0.000849 0.000955 0.001698
0 0.000477 0.000849 0.000955 0.001698
0 0.000477 0.000849 0.000955 0.001698
0 0.000477 0.000849 0.000955 0.001698
0 0.000477 0.000849 0.000955 0.001698
0 0.000477 0.000849 0.000955 0.001698
0 0.000477 0.000849 0.000955 0.001698
0 0.000477 0.000849 0.000955 0.001698
0 0.000477 0.000849 0.000955 0.001698
0 0.000477 0.000849 0.000955 0.001698
0 0.000477 0.000849 0.000955 0.001698
0 0.000477 0.000849 0.000955 0.001698
0 0.000477 0.000849 0.000955 0.001698
0 0.000477 0.000849 0.000955 0.001698
0 0.000477 0.000849 0.000955 0.001698
0 0.000477 0.000849 0.000955 0.001698
0 0.000477 0.000849 0.000955 0.001698
0 0.000477 0.000849 0.000955 0.001698
0 0.000477 0.000849 0.000955 0.001698
0 0.000477 0.000849 0.000955 0.001698
0 0.000477 0.000849 0.000955 0.001698
0 0.000477 0.000849 0.000955 0.001698
0 0.000477 0.000849 0.000955 0.001698
0 0.000477 0.000849 0.000955 0.001698
0 0.000477 0.000849 0.000955 0.001698
0 0.000477 0.000849 0.000955 0.001698
0 0.000477 0.000849 0.000955 0.001698
0 0.000477 0.000849 0.000955 0.001698
0 0.000477 0.000849 0.000955 0.001698
0 0.000477 0.000849 0.000955 0.001698
0 0.000477 0.000849 0.000955 0.001698
0 0.000477 0.000849 0.000955 0.001698
0 0.000477 0.000849 0.000955 0.001698
0 0.000477 0.000849 0.000955 0.001698
0 0.000477 0.000849 0.000955 0.001698
0 0.000477 0.000849 0.000955 0.001698
0 0.000477 0.000849 0.000955 0.001698
0 0.000477 0.000849 0.000955 0.001698
0 0.000477 0.000849 0.000955 0.001698
0 0.000477 0.000849 0.000955 0.001698
0 0.000477 0.000849 0.000955 0.001698
0 0.000477 0.000849 0.000955 0.001698
0 0.000477 0.000849 0.000955 0.001698
0 0.000477 0.000849 0.000955 0.001698
0 0.000477 0.000849 0.000955 0.001698
0 0.000477 0.000849 0.000955 0.001698
0 0.000477 0.000849 0.000955 0.001698
0 0.000477 0.000849 0.000955 0.001698
0 0.000477 0.000849 0.000955 0.001698
0 0.000477 0.000849 0.000955 0.001698
0 0.000477 0.000849 0.000955 0.001698
0 0.000477 0.000849 0.000955 0.001698
0 0.000477 0.000849 0.000955 0.001698
0 0.000477 0.000849 0.000955 0.001698
0 0.000477 0.000849 0.000955 0.001698
0 0.000477 0.000849 0.000955 0.001698
0 0.000477 0.000849 0.000955 0.001698
0 0.000477 0.000849 0.000955 0.001698
0 0.007639 0.033333 0.001736 0.002469
0 0.014974 0.065895 0.002691 0.003395
0 0.022309 0.098457 0.003646 0.004321
0 0.029601 0.131096 0.004687 0.004784
0 0.036936 0.163657 0.005642 0.005710
0 0.044141 0.196219 0.006337 0.006636
0 0.051432 0.228935 0.007378 0.006944
0 0.058767 0.261497 0.008333 0.007870
0 0.066102 0.294059 0.009288 0.008796
0 0.073524 0.326775 0.010069 0.009105
0 0.073524 0.325772 0.010069 0.009568
0 0.073524 0.324846 0.010069 0.010494
0 0.073655 0.323765 0.009809 0.010802
0 0.073655 0.322840 0.009809 0.011728
0 0.073872 0.322068 0.009722 0.012654
0 0.073872 0.320988 0.009722 0.012963
0 0.073872 0.320062 0.009722 0.013889
0 0.074002 0.318981 0.009462 0.014198
0 0.074002 0.318133 0.009462 0.015278
0 0.074262 0.317284 0.009462 0.016049
0 0.074262 0.316358 0.009462 0.016049
0 0.074479 0.315586 0.009549 0.016049
0 0.074479 0.314660 0.009549 0.016049
0 0.074740 0.313735 0.009549 0.016049
0 0.074740 0.312963 0.009549 0.016049
0 0.075000 0.312037 0.009549 0.016049
0 0.075000 0.311111 0.009549 0.016049
0 0.075260 0.310340 0.009549 0.016049
0 0.075260 0.309414 0.009549 0.016049
0 0.075477 0.308642 0.009462 0.016049
0 0.075260 0.306790 0.009549 0.016049
0 0.075260 0.305556 0.009549 0.016049
0 0.075260 0.304321 0.009549 0.016049
0 0.075000 0.302469 0.009549 0.016049
0 0.075000 0.301235 0.009549 0.016049
0 0.075000 0.299846 0.009549 0.016049
0 0.074740 0.298148 0.009549 0.016049
0 0.074740 0.296914 0.009549 0.016049
0 0.074740 0.295525 0.009549 0.016049
0 0.074740 0.294290 0.009549 0.016049
0 0.074740 0.292901 0.009549 0.016049
0 0.075000 0.292130 0.009549 0.016049
0 0.075000 0.291204 0.009549 0.016049
0 0.075260 0.290432 0.009549 0.016049
0 0.075260 0.289506 0.009549 0.016049
0 0.075477 0.288580 0.009462 0.016049
0 0.075477 0.287809 0.009462 0.016049
0 0.075738 0.286883 0.009462 0.016049
0 0.075738 0.285957 0.009462 0.016049
0 0.075955 0.285185 0.009549 0.016049
0 0.075955 0.283488 0.009549 0.016049
0 0.076085 0.282099 0.009288 0.016049
0 0.076085 0.280633 0.009288 0.015586
0 0.076215 0.279244 0.009028 0.015586
0 0.076215 0.278009 0.009028 0.015586
0 0.076345 0.276312 0.008767 0.015586
0 0.076345 0.274923 0.008767 0.015586
0 0.076476 0.273457 0.008507 0.015123
0 0.076476 0.272145 0.008507 0.015278
0 0.076693 0.270833 0.008594 0.015123
0 0.076693 0.269522 0.008594 0.015278
0 0.076953 0.268210 0.008594 0.015123
0 0.076953 0.266975 0.008594 0.015123
0 0.077170 0.266049 0.008507 0.015123
0 0.077170 0.264738 0.008507 0.015278
0 0.077431 0.263426 0.008507 0.015123
0 0.077431 0.262577 0.008507 0.015278
0 0.077691 0.261265 0.008507 0.015123
0 0.077691 0.260031 0.008507 0.015123
0 0.077908 0.259105 0.008594 0.015123
0 0.077691 0.257407 0.008507 0.015123
0 0.077691 0.255633 0.008507 0.015278
0 0.077691 0.254321 0.008507 0.015123
0 0.077431 0.252623 0.008507 0.015123
0 0.077431 0.251312 0.008507 0.015278
0 0.077431 0.249537 0.008507 0.015123
0 0.077170 0.247840 0.008507 0.015123
0 0.077170 0.246528 0.008507 0.015278
0 0.077170 0.244830 0.008507 0.015278
0 0.077170 0.243519 0.008507 0.015123
0 0.076953 0.241821 0.008594 0.015123
0 0.076953 0.240432 0.008594 0.015123
0 0.076953 0.239198 0.008594 0.015123
0 0.076693 0.237423 0.008594 0.015278
0 0.076693 0.236111 0.008594 0.015123
0 0.076693 0.234877 0.008594 0.015123
0 0.076476 0.233102 0.008507 0.015278
0 0.076476 0.231790 0.008507 0.015123
0 0.076476 0.230478 0.008507 0.015278
0 0.076476 0.229167 0.008507 0.015123
0 0.076215 0.227469 0.008507 0.015123
0 0.076215 0.225694 0.008507 0.015278
0 0.076215 0.223997 0.008507 0.015278
0 0.076215 0.222685 0.008507 0.015123
0 0.076215 0.220988 0.008507 0.015123
0 0.075955 0.219213 0.008507 0.015278
0 0.075955 0.217901 0.008507 0.015123
0 0.075955 0.216204 0.008507 0.015123
0 0.075955 0.214429 0.008507 0.015278
0 0.075955 0.213117 0.008507 0.015123
0 0.075955 0.211420 0.008507 0.015123
0 0.075955 0.210108 0.008507 0.015278
0 0.075955 0.208796 0.008507 0.015123
0 0.075955 0.207485 0.008507 0.015278
0 0.075955 0.206173 0.008507 0.015123
0 0.075955 0.204938 0.008507 0.015123
0 0.075955 0.203627 0.008507 0.015278
0 0.075955 0.202315 0.008507 0.015123
0 0.075955 0.201003 0.008507 0.015278
0 0.075955 0.199691 0.008507 0.015123
