0 0.245312 0.184954 0.006597 0.012500
0 0.245312 0.184491 0.006597 0.012500
0 0.245312 0.184491 0.006597 0.012500
0 0.245312 0.184491 0.006597 0.012500
0 0.245312 0.184491 0.006597 0.012500
0 0.245312 0.184491 0.006597 0.012500
0 0.245312 0.184491 0.006597 0.012500
0 0.245312 0.184491 0.006597 0.012500
0 0.245312 0.184491 0.006597 0.012500
0 0.245312 0.184491 0.006597 0.012500
0 0.245573 0.184491 0.006597 0.012500
0 0.245573 0.184491 0.006597 0.012500
0 0.245573 0.184491 0.006597 0.012500
0 0.245573 0.184491 0.006597 0.012500
0 0.245573 0.184491 0.006597 0.012500
0 0.245573 0.184491 0.006597 0.012500
0 0.245573 0.184491 0.006597 0.012500
0 0.245573 0.184491 0.006597 0.012500
0 0.245573 0.184491 0.006597 0.012500
0 0.245573 0.184491 0.006597 0.012500
0 0.245573 0.184954 0.006597 0.012500
0 0.245312 0.184954 0.006597 0.012500
0 0.245312 0.184954 0.006597 0.012500
0 0.245312 0.184954 0.006597 0.012500
0 0.245312 0.184954 0.006597 0.012500
0 0.245312 0.184954 0.006597 0.012500
0 0.245052 0.184954 0.006597 0.012500
0 0.245052 0.184954 0.006597 0.012500
0 0.245052 0.184954 0.006597 0.012500
0 0.245052 0.184954 0.006597 0.012500
0 0.245052 0.184954 0.006597 0.012500
0 0.245052 0.184954 0.006597 0.012500
0 0.245052 0.184954 0.006597 0.012500
0 0.245312 0.184954 0.006597 0.012500
0 0.245312 0.184954 0.006597 0.012500
0 0.245573 0.184954 0.006597 0.012500
0 0.245573 0.184954 0.006597 0.012500
0 0.245573 0.184954 0.006597 0.012500
0 0.245833 0.184954 0.006597 0.012500
0 0.245833 0.184954 0.006597 0.012500
0 0.246050 0.184954 0.006510 0.012500
0 0.245833 0.184954 0.006597 0.012500
0 0.245833 0.184954 0.006597 0.012500
0 0.245573 0.184954 0.006597 0.012500
0 0.245573 0.184954 0.006597 0.012500
0 0.245573 0.184954 0.006597 0.012500
0 0.245312 0.184954 0.006597 0.012500
0 0.245312 0.184954 0.006597 0.012500
0 0.245052 0.184954 0.006597 0.012500
0 0.245052 0.184954 0.006597 0.012500
0 0.245052 0.184954 0.006597 0.012500
0 0.245052 0.184954 0.006597 0.012500
0 0.245052 0.184954 0.006597 0.012500
0 0.245312 0.184954 0.006597 0.012500
0 0.245312 0.184954 0.006597 0.012500
0 0.245573 0.184954 0.006597 0.012500
0 0.245573 0.184954 0.006597 0.012500
0 0.245573 0.184954 0.006597 0.012500
0 0.245833 0.184954 0.006597 0.012500
0 0.245833 0.184954 0.006597 0.012500
0 0.246050 0.184954 0.006510 0.012500
0 0.246050 0.184954 0.006510 0.012500
0 0.246050 0.184954 0.006510 0.012500
0 0.246050 0.184954 0.006510 0.012500
0 0.246050 0.184954 0.006510 0.012500
0 0.246050 0.184954 0.006510 0.012500
0 0.246050 0.184954 0.006510 0.012500
0 0.246050 0.184954 0.006510 0.012500
0 0.246050 0.184954 0.006510 0.012500
0 0.246050 0.184954 0.006510 0.012500
0 0.246050 0.184954 0.006510 0.012500
0 0.245833 0.184954 0.006597 0.012500
0 0.245573 0.184954 0.006597 0.012500
0 0.245312 0.184954 0.006597 0.012500
0 0.245052 0.184954 0.006597 0.012500
0 0.244835 0.185340 0.006510 0.012654
0 0.244618 0.185340 0.006597 0.012654
0 0.244358 0.185340 0.006597 0.012654
0 0.244097 0.185340 0.006597 0.012654
0 0.243837 0.185340 0.006597 0.012654
0 0.243576 0.185802 0.006597 0.012654
0 0.243403 0.185802 0.006597 0.012654
0 0.243142 0.185802 0.006597 0.012654
0 0.242882 0.185802 0.006597 0.012654
0 0.242622 0.185802 0.006597 0.012654
0 0.242361 0.185802 0.006597 0.012654
0 0.242144 0.185802 0.006510 0.012654
0 0.241927 0.185802 0.006597 0.012654
0 0.241667 0.185802 0.006597 0.012654
0 0.241406 0.185802 0.006597 0.012654
0 0.241146 0.185802 0.006597 0.012654
0 0.240929 0.185802 0.006510 0.012654
0 0.240712 0.185802 0.006597 0.012654
0 0.240451 0.185802 0.006597 0.012654
0 0.240191 0.185802 0.006597 0.012654
0 0.240191 0.185802 0.006597 0.012654
0 0.239931 0.185802 0.006597 0.012654
0 0.239670 0.185802 0.006597 0.012654
0 0.239497 0.185802 0.006597 0.012654
0 0.239236 0.185802 0.006597 0.012654
0 0.239236 0.185802 0.006597 0.012654
0 0.238976 0.185340 0.006597 0.012654
0 0.238976 0.185340 0.006597 0.012654
0 0.238976 0.185340 0.006597 0.012654
0 0.238715 0.185340 0.006597 0.012654
0 0.238715 0.185340 0.006597 0.012654
0 0.238715 0.184954 0.006597 0.012500
0 0.238455 0.184954 0.006597 0.012500
0 0.238455 0.184954 0.006597 0.012500
0 0.238455 0.184954 0.006597 0.012500
0 0.238455 0.184954 0.006597 0.012500
0 0.238281 0.184491 0.006597 0.012500
0 0.238281 0.184491 0.006597 0.012500
0 0.238281 0.184491 0.006597 0.012500
0 0.238021 0.184491 0.006597 0.012500
0 0.238021 0.184491 0.006597 0.012500
0 0.238021 0.184105 0.006597 0.012654
0 0.237760 0.184105 0.006597 0.012654
0 0.237760 0.184105 0.006597 0.012654
0 0.237760 0.184105 0.006597 0.012654
0 0.237760 0.184105 0.006597 0.012654
0 0.237500 0.183642 0.006597 0.012654
0 0.237500 0.183642 0.006597 0.012654
0 0.237240 0.183642 0.006597 0.012654
0 0.237240 0.183642 0.006597 0.012654
0 0.237023 0.183642 0.006510 0.012654
0 0.237023 0.183179 0.006510 0.012654
0 0.236806 0.183179 0.006597 0.012654
0 0.236806 0.183179 0.006597 0.012654
0 0.236545 0.183179 0.006597 0.012654
0 0.236545 0.183179 0.006597 0.012654
0 0.236545 0.182793 0.006597 0.012500
0 0.236545 0.182793 0.006597 0.012500
0 0.236545 0.182793 0.006597 0.012500
0 0.236545 0.182793 0.006597 0.012500
0 0.236806 0.182793 0.006597 0.012500
0 0.236806 0.182793 0.006597 0.012500
0 0.236806 0.182793 0.006597 0.012500
0 0.236806 0.182793 0.006597 0.012500
0 0.236806 0.182793 0.006597 0.012500
0 0.237023 0.182793 0.006510 0.012500
0 0.237023 0.182793 0.006510 0.012500
0 0.237023 0.182793 0.006510 0.012500
0 0.237023 0.182793 0.006510 0.012500
0 0.237023 0.182793 0.006510 0.012500
0 0.237023 0.182793 0.006510 0.012500
0 0.237023 0.182793 0.006510 0.012500
0 0.237023 0.182793 0.006510 0.012500
0 0.237023 0.182793 0.006510 0.012500
0 0.237023 0.182793 0.006510 0.012500
0 0.237240 0.182793 0.006597 0.012500
0 0.237240 0.182330 0.006597 0.012500
0 0.237240 0.182330 0.006597 0.012500
0 0.237240 0.182330 0.006597 0.012500
0 0.237240 0.182330 0.006597 0.012500
0 0.237500 0.182330 0.006597 0.012500
0 0.237500 0.181944 0.006597 0.012654
0 0.237500 0.181944 0.006597 0.012654
0 0.237500 0.181944 0.006597 0.012654
0 0.237500 0.181944 0.006597 0.012654
0 0.237760 0.181944 0.006597 0.012654
0 0.237760 0.181481 0.006597 0.012654
0 0.237760 0.181481 0.006597 0.012654
0 0.237760 0.181481 0.006597 0.012654
0 0.237760 0.181481 0.006597 0.012654
0 0.237760 0.181481 0.006597 0.012654
0 0.237760 0.181019 0.006597 0.012654
0 0.237760 0.181019 0.006597 0.012654
0 0.237760 0.181019 0.006597 0.012654
0 0.237760 0.181019 0.006597 0.012654
0 0.237760 0.181019 0.006597 0.012654
0 0.237240 0.180633 0.006597 0.012500
0 0.237023 0.180633 0.006510 0.012500
0 0.236806 0.180170 0.006597 0.012500
0 0.236285 0.180170 0.006597 0.012500
0 0.236024 0.179707 0.006597 0.012500
0 0.235807 0.179707 0.006510 0.012500
0 0.235590 0.179321 0.006597 0.012654
0 0.235069 0.179321 0.006597 0.012654
0 0.234809 0.178858 0.006597 0.012654
0 0.234549 0.178858 0.006597 0.012654
