0 0.275825 0.104244 0.005642 0.010031
0 0.275825 0.103781 0.005642 0.010031
0 0.275825 0.103781 0.005642 0.010031
0 0.275825 0.103395 0.005642 0.009877
0 0.275825 0.103395 0.005642 0.009877
0 0.275825 0.103395 0.005642 0.009877
0 0.275825 0.102932 0.005642 0.009877
0 0.275825 0.102932 0.005642 0.009877
0 0.275825 0.102546 0.005642 0.010031
0 0.275825 0.102546 0.005642 0.010031
0 0.276085 0.102546 0.005642 0.010031
0 0.276085 0.102083 0.005642 0.010031
0 0.276302 0.102083 0.005556 0.010031
0 0.276302 0.101620 0.005556 0.010031
0 0.276562 0.101620 0.005556 0.010031
0 0.276562 0.101620 0.005556 0.010031
0 0.276780 0.101235 0.005642 0.009877
0 0.276780 0.101235 0.005642 0.009877
0 0.277040 0.100772 0.005642 0.009877
0 0.277040 0.100772 0.005642 0.009877
0 0.277300 0.100772 0.005642 0.009877
0 0.277300 0.100386 0.005642 0.010031
0 0.277517 0.099923 0.005556 0.010031
0 0.277517 0.099691 0.005556 0.009568
0 0.277778 0.099460 0.005556 0.010031
0 0.277778 0.099228 0.005556 0.009568
0 0.277995 0.098843 0.005642 0.009414
0 0.277995 0.098611 0.005642 0.009877
0 0.278255 0.098457 0.005642 0.009568
0 0.278255 0.097994 0.005642 0.009568
0 0.278516 0.097994 0.005642 0.009568
0 0.278516 0.097531 0.005642 0.009568
0 0.278516 0.097068 0.005642 0.009568
0 0.278516 0.097068 0.005642 0.009568
0 0.278516 0.096605 0.005642 0.009568
0 0.278776 0.096605 0.005642 0.009568
0 0.278776 0.096219 0.005642 0.009414
0 0.278776 0.095833 0.005642 0.009568
0 0.278776 0.095833 0.005642 0.009568
0 0.278776 0.095370 0.005642 0.009568
0 0.278993 0.095370 0.005556 0.009568
0 0.278993 0.094907 0.005556 0.009568
0 0.278993 0.094444 0.005556 0.009568
0 0.278993 0.094059 0.005556 0.009414
0 0.279253 0.094059 0.005556 0.009414
0 0.279253 0.093673 0.005556 0.009568
0 0.279253 0.093210 0.005556 0.009568
0 0.279470 0.093210 0.005642 0.009568
0 0.279470 0.092747 0.005642 0.009568
0 0.279470 0.092284 0.005642 0.009568
0 0.279731 0.092284 0.005642 0.009568
0 0.279731 0.091898 0.005642 0.009414
0 0.279991 0.091898 0.005642 0.009414
0 0.279991 0.091512 0.005642 0.009568
0 0.280208 0.091512 0.005556 0.009568
0 0.280208 0.091049 0.005556 0.009568
0 0.280469 0.091049 0.005556 0.009568
0 0.280469 0.090586 0.005556 0.009568
0 0.280686 0.090586 0.005642 0.009568
0 0.280686 0.090123 0.005642 0.009568
0 0.280946 0.090123 0.005642 0.009568
0 0.281207 0.089892 0.005642 0.010031
0 0.281424 0.089738 0.005556 0.010340
0 0.281684 0.089738 0.005556 0.010340
0 0.281901 0.089506 0.005642 0.010802
0 0.282292 0.089506 0.005382 0.010802
0 0.282552 0.089275 0.005382 0.011265
0 0.282812 0.089043 0.005382 0.011728
0 0.282986 0.089043 0.005382 0.011728
0 0.283247 0.088812 0.005382 0.012191
0 0.283767 0.088812 0.005382 0.012191
0 0.283767 0.088426 0.005382 0.012037
0 0.284028 0.088426 0.005382 0.012037
0 0.284245 0.088426 0.005295 0.012037
0 0.284245 0.088040 0.005295 0.012191
0 0.284462 0.088040 0.005382 0.012191
0 0.284722 0.088040 0.005382 0.012191
0 0.284722 0.087577 0.005382 0.012191
0 0.284983 0.087577 0.005382 0.012191
0 0.285243 0.087577 0.005382 0.012191
0 0.285460 0.087577 0.005295 0.012191
0 0.285460 0.087114 0.005295 0.012191
0 0.285677 0.087114 0.005382 0.012191
0 0.285677 0.086651 0.005382 0.012191
0 0.285937 0.086651 0.005382 0.012191
0 0.286068 0.086265 0.005122 0.012037
0 0.286198 0.086265 0.005382 0.012037
0 0.286328 0.085802 0.005122 0.012037
0 0.286458 0.085802 0.005382 0.012037
0 0.286589 0.085417 0.005122 0.012191
0 0.286762 0.085417 0.005122 0.012191
0 0.286762 0.084954 0.005122 0.012191
0 0.287023 0.084491 0.005122 0.012191
0 0.287023 0.084105 0.005122 0.012037
0 0.287283 0.084105 0.005122 0.012037
0 0.287283 0.083642 0.005122 0.012037
0 0.287543 0.083256 0.005122 0.012191
0 0.287543 0.083256 0.005122 0.012191
0 0.287804 0.082793 0.005122 0.012191
0 0.287804 0.082330 0.005122 0.012191
0 0.288064 0.082330 0.005122 0.012191
0 0.288064 0.081867 0.005122 0.012191
0 0.288064 0.081481 0.005122 0.012037
0 0.288238 0.081481 0.005122 0.012037
0 0.288238 0.081096 0.005122 0.012191
0 0.288498 0.081096 0.005122 0.012191
0 0.288498 0.080633 0.005122 0.012191
0 0.288498 0.080170 0.005122 0.012191
0 0.288759 0.080170 0.005122 0.012191
0 0.288759 0.079707 0.005122 0.012191
0 0.289019 0.079707 0.005122 0.012191
0 0.289019 0.079321 0.005122 0.012037
0 0.289019 0.079321 0.005122 0.012037
0 0.289019 0.078858 0.005122 0.012037
0 0.289019 0.078858 0.005122 0.012037
0 0.289280 0.078858 0.005122 0.012037
0 0.289280 0.078472 0.005122 0.012191
0 0.289280 0.078472 0.005122 0.012191
0 0.289280 0.078009 0.005122 0.012191
0 0.289280 0.078009 0.005122 0.012191
0 0.289453 0.078009 0.005122 0.012191
0 0.289453 0.077546 0.005122 0.012191
0 0.289453 0.077546 0.005122 0.012191
0 0.289453 0.077160 0.005122 0.012037
0 0.289714 0.077160 0.005122 0.012037
0 0.289714 0.076698 0.005122 0.012037
0 0.289714 0.076698 0.005122 0.012037
0 0.289974 0.076312 0.005122 0.012191
0 0.289974 0.076312 0.005122 0.012191
0 0.289974 0.075849 0.005122 0.012191
0 0.290234 0.075849 0.005122 0.012191
0 0.290234 0.075386 0.005122 0.012191
0 0.290495 0.074923 0.005122 0.012191
0 0.290495 0.074537 0.005122 0.012037
0 0.290668 0.074151 0.005122 0.012191
0 0.290929 0.074151 0.005122 0.012191
0 0.290929 0.073688 0.005122 0.012191
0 0.291189 0.073225 0.005122 0.012191
0 0.291189 0.072762 0.005122 0.012191
0 0.291450 0.072377 0.005122 0.012037
0 0.291710 0.072377 0.005122 0.012037
0 0.291710 0.071528 0.005122 0.012191
0 0.291927 0.071065 0.005208 0.012191
0 0.292144 0.070602 0.005122 0.012191
0 0.292144 0.070216 0.005122 0.012037
0 0.292405 0.069753 0.005122 0.012037
0 0.292665 0.069367 0.005122 0.012191
0 0.292665 0.068904 0.005122 0.012191
0 0.292925 0.068441 0.005122 0.012191
0 0.293186 0.067978 0.005122 0.012191
0 0.293359 0.067593 0.005122 0.012037
0 0.293359 0.067207 0.005122 0.012191
0 0.293620 0.066744 0.005122 0.012191
0 0.293620 0.066281 0.005122 0.012191
0 0.293880 0.065818 0.005122 0.012191
0 0.293880 0.065818 0.005122 0.012191
0 0.294141 0.065432 0.005122 0.012037
0 0.294141 0.065046 0.005122 0.012191
0 0.294401 0.064583 0.005122 0.012191
0 0.294401 0.064120 0.005122 0.012191
0 0.294575 0.064120 0.005122 0.012191
0 0.294575 0.063272 0.005122 0.012037
0 0.294575 0.062809 0.005122 0.012037
0 0.294835 0.062423 0.005122 0.012191
0 0.294835 0.061960 0.005122 0.012191
0 0.295095 0.061497 0.005122 0.012191
0 0.295095 0.060648 0.005122 0.012037
0 0.295095 0.060262 0.005122 0.012191
0 0.295356 0.059799 0.005122 0.012191
0 0.295356 0.059336 0.005122 0.012191
0 0.295616 0.058873 0.005122 0.012191
0 0.295833 0.058102 0.005208 0.012191
0 0.296050 0.057639 0.005122 0.012191
0 0.296311 0.057176 0.005122 0.012191
0 0.296701 0.056713 0.005382 0.012191
0 0.297092 0.056327 0.005122 0.012037
0 0.297266 0.055864 0.005122 0.012037
0 0.297656 0.055478 0.005382 0.012191
0 0.297917 0.055015 0.005382 0.012191
0 0.298177 0.054552 0.005382 0.012191
0 0.298611 0.054167 0.005382 0.012037
