0 0.220052 0.124614 0.004861 0.019599
0 0.219792 0.124228 0.004861 0.019444
0 0.219575 0.124228 0.004948 0.019444
0 0.219444 0.124228 0.004687 0.019444
0 0.219227 0.124228 0.004601 0.019444
0 0.219097 0.124228 0.004340 0.019444
0 0.218837 0.123997 0.004340 0.018981
0 0.218620 0.123997 0.004427 0.018981
0 0.218490 0.123997 0.004167 0.018981
0 0.218229 0.123997 0.004167 0.018981
0 0.218229 0.123997 0.004167 0.018981
0 0.217882 0.123611 0.004340 0.019136
0 0.217622 0.123611 0.004340 0.019136
0 0.217274 0.123148 0.004687 0.019136
0 0.217144 0.123148 0.004948 0.019136
0 0.216797 0.122917 0.005122 0.019599
0 0.216536 0.122685 0.005122 0.019136
0 0.216276 0.122454 0.005642 0.019599
0 0.216016 0.122222 0.005642 0.019136
0 0.215668 0.122068 0.005816 0.019444
0 0.215538 0.122068 0.006076 0.019444
0 0.215278 0.122068 0.006076 0.019444
0 0.215191 0.122068 0.005903 0.019444
0 0.215061 0.122068 0.005642 0.019444
0 0.214931 0.122068 0.005382 0.019444
0 0.214931 0.122222 0.005382 0.019136
0 0.214800 0.122222 0.005122 0.019136
0 0.214670 0.122222 0.004861 0.019136
0 0.214583 0.122222 0.004687 0.019136
0 0.214453 0.122222 0.004427 0.019136
0 0.214453 0.122454 0.004427 0.018673
0 0.214193 0.121991 0.004427 0.018673
0 0.213976 0.121991 0.004340 0.018673
0 0.213845 0.121991 0.004080 0.018673
0 0.213715 0.121759 0.004340 0.018210
0 0.213628 0.121759 0.004167 0.018210
0 0.213368 0.121605 0.004167 0.018519
0 0.213238 0.121451 0.004427 0.018210
0 0.213108 0.121451 0.004167 0.018210
0 0.212847 0.121451 0.004167 0.018210
0 0.212847 0.121451 0.004167 0.018210
0 0.212500 0.117901 0.004340 0.018210
0 0.212370 0.114815 0.004601 0.018210
0 0.212109 0.111883 0.004601 0.018210
0 0.211979 0.108565 0.004861 0.017747
0 0.211849 0.105556 0.005122 0.017901
0 0.211675 0.102546 0.005122 0.017747
0 0.211545 0.099228 0.005382 0.017284
0 0.211285 0.096219 0.005382 0.017438
0 0.211155 0.093210 0.005642 0.017284
0 0.211024 0.090123 0.005903 0.017284
0 0.210807 0.089738 0.005816 0.017438
0 0.210677 0.089738 0.005556 0.017438
0 0.210677 0.089506 0.005556 0.017901
0 0.210547 0.089275 0.005295 0.017438
0 0.210547 0.089275 0.005295 0.017438
0 0.210330 0.089120 0.005382 0.017747
0 0.210200 0.088889 0.005122 0.017284
0 0.210200 0.088657 0.005122 0.017747
0 0.210069 0.088657 0.004861 0.017747
0 0.210069 0.088657 0.004861 0.017747
0 0.209809 0.088194 0.004861 0.017747
0 0.209549 0.087731 0.004861 0.017747
0 0.209332 0.087346 0.004948 0.017901
0 0.209201 0.087346 0.004687 0.017901
0 0.208984 0.086960 0.004601 0.017747
0 0.208724 0.086497 0.004601 0.017747
0 0.208594 0.086497 0.004340 0.017747
0 0.208377 0.086034 0.004427 0.017747
0 0.208116 0.085571 0.004427 0.017747
0 0.208116 0.085571 0.004427 0.017747
0 0.207986 0.079552 0.004687 0.017747
0 0.207856 0.073611 0.004948 0.018210
0 0.207856 0.067824 0.004948 0.018673
0 0.207769 0.062114 0.005122 0.018673
0 0.207769 0.056327 0.005122 0.019136
0 0.207639 0.050463 0.005382 0.019444
0 0.207509 0.044830 0.005642 0.019599
0 0.207509 0.038966 0.005642 0.019907
0 0.207378 0.033102 0.005903 0.020525
0 0.207378 0.027469 0.005903 0.020370
0 0.207118 0.027006 0.005903 0.020370
0 0.206988 0.027006 0.005642 0.020370
0 0.206771 0.027006 0.005556 0.020370
0 0.206771 0.027006 0.005556 0.020370
0 0.206510 0.027006 0.005556 0.020370
0 0.206424 0.026775 0.005382 0.019907
0 0.206293 0.026775 0.005642 0.019907
0 0.206163 0.026775 0.005382 0.019907
0 0.205903 0.026775 0.005382 0.019907
0 0.205903 0.026775 0.005382 0.019907
0 0.205512 0.026389 0.005122 0.020062
0 0.205339 0.026389 0.005122 0.020062
0 0.205078 0.026003 0.005122 0.019907
0 0.204948 0.026003 0.004861 0.019907
0 0.204687 0.026003 0.004861 0.019907
0 0.204427 0.025540 0.004861 0.019907
0 0.204340 0.025540 0.004687 0.019907
0 0.204080 0.025077 0.004687 0.019907
0 0.203819 0.025077 0.004687 0.019907
0 0.203689 0.025077 0.004427 0.019907
0 0.203342 0.024846 0.004601 0.020370
0 0.203082 0.024846 0.004601 0.020370
0 0.202734 0.024846 0.004948 0.020370
0 0.202648 0.024846 0.005122 0.020370
0 0.202257 0.024846 0.005382 0.020370
0 0.201997 0.024614 0.005382 0.020833
0 0.201780 0.024614 0.005816 0.020833
0 0.201519 0.024614 0.005816 0.020833
0 0.201128 0.024614 0.006076 0.020833
0 0.200998 0.024614 0.006337 0.020833
0 0.201128 0.024383 0.006076 0.020370
0 0.201389 0.024383 0.006076 0.020370
0 0.201649 0.024383 0.006076 0.020370
0 0.201780 0.024383 0.005816 0.020370
0 0.201997 0.024383 0.005903 0.020370
0 0.202257 0.024383 0.005903 0.020370
0 0.202387 0.024383 0.005642 0.020370
0 0.202604 0.024383 0.005556 0.020370
0 0.202865 0.024383 0.005556 0.020370
0 0.203082 0.024383 0.005642 0.020370
0 0.203472 0.024228 0.005382 0.020062
0 0.204080 0.024228 0.005208 0.020062
0 0.204557 0.024228 0.005122 0.020062
0 0.205078 0.023997 0.004601 0.019599
0 0.205556 0.023997 0.004687 0.019599
0 0.206163 0.023997 0.004340 0.019599
0 0.206510 0.023765 0.004167 0.019136
0 0.207161 0.023765 0.003906 0.019136
0 0.207595 0.023765 0.003906 0.019136
0 0.208247 0.023765 0.003646 0.019136
0 0.208724 0.023765 0.003733 0.019136
0 0.209332 0.024228 0.003906 0.019136
0 0.209939 0.024228 0.004080 0.019136
0 0.210547 0.024691 0.004427 0.019136
0 0.211155 0.024846 0.004601 0.019444
0 0.211762 0.025077 0.004948 0.018981
0 0.212370 0.025309 0.005122 0.019444
0 0.213021 0.025540 0.005382 0.018981
0 0.213585 0.025772 0.005642 0.019444
0 0.214193 0.026157 0.005816 0.019599
0 0.215668 0.026157 0.005816 0.019599
0 0.217144 0.026389 0.005816 0.020062
0 0.218707 0.026389 0.005642 0.020062
0 0.220182 0.026543 0.005642 0.020370
0 0.221918 0.027006 0.005642 0.020370
0 0.223351 0.027006 0.005556 0.020370
0 0.224826 0.027238 0.005556 0.020833
0 0.226389 0.027238 0.005382 0.020833
0 0.227865 0.027469 0.005382 0.021296
0 0.229601 0.027932 0.005382 0.021296
0 0.230686 0.028164 0.005122 0.020833
0 0.231901 0.028627 0.005122 0.020833
0 0.233116 0.028781 0.005122 0.020525
0 0.234332 0.029167 0.005122 0.020370
0 0.235547 0.029630 0.005122 0.019444
0 0.236632 0.030093 0.004861 0.019444
0 0.237847 0.030247 0.004861 0.019136
0 0.239106 0.030710 0.004948 0.019136
0 0.240321 0.030941 0.004948 0.018673
0 0.241667 0.031636 0.004687 0.018210
0 0.242535 0.031636 0.004861 0.018210
0 0.243359 0.032022 0.005122 0.018364
0 0.244227 0.032176 0.005295 0.018673
0 0.245182 0.032639 0.005816 0.018673
0 0.246050 0.033102 0.006163 0.018673
0 0.246918 0.033102 0.006337 0.018673
0 0.247873 0.033565 0.006858 0.018673
0 0.248741 0.033796 0.007031 0.019136
0 0.249566 0.034182 0.007292 0.018981
0 0.250694 0.034645 0.007639 0.018981
0 0.250911 0.034645 0.007552 0.018981
0 0.251302 0.034645 0.007292 0.018981
0 0.251649 0.034877 0.007118 0.019444
0 0.251910 0.034877 0.007118 0.019444
0 0.252300 0.035108 0.006858 0.019907
0 0.252734 0.035262 0.006858 0.019599
0 0.253125 0.035494 0.006597 0.020062
0 0.253385 0.035494 0.006597 0.020062
0 0.253776 0.035648 0.006337 0.020370
0 0.254080 0.035648 0.006076 0.020370
