0 0.202517 0.211420 0.013194 0.015123
0 0.202127 0.209414 0.012934 0.014815
0 0.201736 0.207716 0.012674 0.014815
0 0.201389 0.206019 0.012500 0.014815
0 0.201128 0.204244 0.011979 0.014660
0 0.200825 0.202546 0.011719 0.014660
0 0.200434 0.200772 0.011458 0.014815
0 0.200174 0.199074 0.010937 0.014815
0 0.199826 0.197299 0.010764 0.014660
0 0.199436 0.195602 0.010503 0.014660
0 0.199306 0.193827 0.010243 0.014815
0 0.199045 0.191667 0.010243 0.014815
0 0.198872 0.189969 0.010243 0.014815
0 0.198611 0.188194 0.010243 0.014660
0 0.198481 0.186420 0.009983 0.014815
0 0.198220 0.184722 0.009983 0.014815
0 0.197960 0.183025 0.009983 0.014815
0 0.197873 0.181250 0.009809 0.014660
0 0.197613 0.179552 0.009809 0.014660
0 0.197352 0.177778 0.009809 0.014815
0 0.197352 0.176080 0.009809 0.014815
0 0.197135 0.174306 0.009722 0.014660
0 0.197135 0.172608 0.009722 0.014660
0 0.196875 0.171296 0.009722 0.014815
0 0.196875 0.169522 0.009722 0.014660
0 0.196875 0.168210 0.009722 0.014815
0 0.196615 0.166512 0.009722 0.014815
0 0.196615 0.164815 0.009722 0.014815
0 0.196398 0.163503 0.009809 0.014660
0 0.196398 0.161728 0.009809 0.014815
0 0.196398 0.160417 0.009809 0.014660
0 0.196137 0.158719 0.009809 0.014660
0 0.196137 0.156944 0.009809 0.014815
0 0.196137 0.155247 0.009809 0.014815
0 0.196137 0.153472 0.009809 0.014660
0 0.196137 0.151775 0.009809 0.014660
0 0.195920 0.150000 0.009722 0.014815
0 0.195920 0.148302 0.009722 0.014815
0 0.195920 0.146528 0.009722 0.014660
0 0.195920 0.144830 0.009722 0.014660
0 0.195920 0.143519 0.009722 0.014815
0 0.195920 0.141821 0.009722 0.014815
0 0.195920 0.140509 0.009722 0.014660
0 0.196137 0.138735 0.009809 0.014815
0 0.196137 0.137423 0.009809 0.014660
0 0.196398 0.135725 0.009809 0.014660
0 0.196398 0.134414 0.009809 0.014815
0 0.196398 0.132639 0.009809 0.014660
0 0.196615 0.131327 0.009722 0.014815
0 0.196615 0.129630 0.009722 0.014815
0 0.196875 0.128318 0.009722 0.014660
0 0.196615 0.126620 0.009722 0.014660
0 0.196615 0.125309 0.009722 0.014815
0 0.196615 0.123534 0.009722 0.014660
0 0.196615 0.122222 0.009722 0.014815
0 0.196615 0.120525 0.009722 0.014815
0 0.196398 0.119213 0.009809 0.014660
0 0.196398 0.117515 0.009809 0.014660
0 0.196398 0.116204 0.009809 0.014815
0 0.196398 0.114429 0.009809 0.014660
0 0.196398 0.113117 0.009809 0.014815
0 0.196398 0.111420 0.009809 0.014815
0 0.196398 0.109877 0.009809 0.015123
0 0.196398 0.108179 0.009809 0.015123
0 0.196528 0.106867 0.009549 0.015278
0 0.196528 0.105093 0.009549 0.015123
0 0.196528 0.103627 0.009549 0.015586
0 0.196658 0.102083 0.009288 0.015278
0 0.196658 0.100540 0.009288 0.015586
0 0.196658 0.098843 0.009288 0.015586
0 0.196875 0.097531 0.009201 0.015741
0 0.196658 0.095756 0.009288 0.015586
0 0.196398 0.094290 0.009288 0.016049
0 0.196267 0.092901 0.009028 0.016049
0 0.196137 0.091435 0.009288 0.016512
0 0.196007 0.090201 0.009028 0.016512
0 0.195747 0.088657 0.009028 0.016821
0 0.195660 0.087114 0.009201 0.017438
0 0.195573 0.085802 0.009028 0.017284
0 0.195312 0.084336 0.009028 0.017747
0 0.195312 0.082948 0.009028 0.017747
0 0.195312 0.081250 0.009028 0.017747
0 0.195312 0.079784 0.009028 0.018210
0 0.195312 0.078009 0.009028 0.018364
0 0.195443 0.076466 0.008767 0.018673
0 0.195573 0.074769 0.009028 0.018673
0 0.195573 0.073225 0.009028 0.018981
0 0.195660 0.071451 0.008854 0.019136
0 0.195660 0.069985 0.008854 0.019599
0 0.195660 0.068287 0.008854 0.019599
0 0.195877 0.066744 0.008767 0.019907
0 0.195660 0.064583 0.008854 0.019907
0 0.195660 0.062809 0.008854 0.020062
0 0.195660 0.061111 0.008854 0.020062
0 0.195660 0.059336 0.008854 0.019907
0 0.195660 0.057639 0.008854 0.019907
0 0.195660 0.055478 0.008854 0.019907
0 0.195660 0.053704 0.008854 0.020062
0 0.195660 0.051929 0.008854 0.019907
0 0.195660 0.050231 0.008854 0.019907
0 0.195660 0.048534 0.008854 0.019907
0 0.195443 0.046373 0.008767 0.019907
0 0.195443 0.044599 0.008767 0.020062
0 0.195443 0.042824 0.008767 0.019907
0 0.195182 0.041127 0.008767 0.019907
0 0.195182 0.039429 0.008767 0.019907
0 0.195182 0.037269 0.008767 0.019907
0 0.194922 0.035494 0.008767 0.020062
0 0.194922 0.033719 0.008767 0.019907
0 0.194922 0.032022 0.008767 0.019907
0 0.194922 0.030324 0.008767 0.019907
0 0.194922 0.028164 0.008767 0.019907
0 0.194922 0.026235 0.008767 0.020370
0 0.194922 0.023997 0.008767 0.020525
0 0.195052 0.022222 0.008507 0.020370
0 0.195182 0.020293 0.008767 0.020833
0 0.195182 0.018133 0.008767 0.020833
0 0.195312 0.016435 0.008507 0.020833
0 0.195312 0.014275 0.008507 0.020833
0 0.195312 0.012269 0.008507 0.021142
0 0.195530 0.010571 0.008594 0.021142
0 0.195530 0.010571 0.008594 0.021142
0 0.195530 0.010571 0.008594 0.021142
0 0.195530 0.010571 0.008594 0.021142
0 0.195530 0.010571 0.008594 0.021142
0 0.195530 0.010571 0.008594 0.021142
0 0.195530 0.010571 0.008594 0.021142
0 0.195530 0.010571 0.008594 0.021142
0 0.195530 0.010571 0.008594 0.021142
0 0.195530 0.010571 0.008594 0.021142
0 0.195530 0.010571 0.008594 0.021142
0 0.195530 0.010571 0.008594 0.021142
0 0.195530 0.010571 0.008594 0.021142
0 0.195530 0.010571 0.008594 0.021142
0 0.195530 0.010571 0.008594 0.021142
0 0.195530 0.010571 0.008594 0.021142
0 0.195530 0.010571 0.008594 0.021142
0 0.195530 0.010571 0.008594 0.021142
0 0.195530 0.010571 0.008594 0.021142
0 0.195530 0.010571 0.008594 0.021142
0 0.195530 0.010571 0.008594 0.021142
0 0.195530 0.010571 0.008594 0.021142
0 0.195530 0.010571 0.008594 0.021142
0 0.195530 0.010571 0.008594 0.021142
0 0.195530 0.010571 0.008594 0.021142
0 0.195530 0.010571 0.008594 0.021142
0 0.195530 0.010571 0.008594 0.021142
0 0.195530 0.010571 0.008594 0.021142
0 0.195530 0.010571 0.008594 0.021142
0 0.195530 0.010571 0.008594 0.021142
0 0.195530 0.010571 0.008594 0.021142
0 0.195530 0.010571 0.008594 0.021142
0 0.195530 0.010571 0.008594 0.021142
0 0.195530 0.010571 0.008594 0.021142
0 0.195530 0.010571 0.008594 0.021142
0 0.195530 0.010571 0.008594 0.021142
0 0.195530 0.010571 0.008594 0.021142
0 0.195530 0.010571 0.008594 0.021142
0 0.195530 0.010571 0.008594 0.021142
0 0.195530 0.010571 0.008594 0.021142
0 0.195530 0.010571 0.008594 0.021142
0 0.195530 0.010571 0.008594 0.021142
0 0.195530 0.010571 0.008594 0.021142
0 0.195530 0.010571 0.008594 0.021142
0 0.195530 0.010571 0.008594 0.021142
0 0.195530 0.010571 0.008594 0.021142
0 0.195530 0.010571 0.008594 0.021142
0 0.195530 0.010571 0.008594 0.021142
0 0.195530 0.010571 0.008594 0.021142
0 0.195530 0.010571 0.008594 0.021142
0 0.195530 0.010571 0.008594 0.021142
0 0.195530 0.010571 0.008594 0.021142
0 0.195530 0.010571 0.008594 0.021142
0 0.195530 0.010571 0.008594 0.021142
0 0.195530 0.010571 0.008594 0.021142
0 0.195530 0.010571 0.008594 0.021142
0 0.195530 0.010571 0.008594 0.021142
0 0.195530 0.010571 0.008594 0.021142
0 0.195530 0.010571 0.008594 0.021142
0 0.195530 0.010571 0.008594 0.021142
0 0.195530 0.010571 0.008594 0.021142
