0 0.000477 0.000849 0.000955 0.001698
0 0.000477 0.000849 0.000955 0.001698
0 0.000477 0.000849 0.000955 0.001698
0 0.000477 0.000849 0.000955 0.001698
0 0.000477 0.000849 0.000955 0.001698
0 0.000477 0.000849 0.000955 0.001698
0 0.000477 0.000849 0.000955 0.001698
0 0.000477 0.000849 0.000955 0.001698
0 0.000477 0.000849 0.000955 0.001698
0 0.000477 0.000849 0.000955 0.001698
0 0.000477 0.000849 0.000955 0.001698
0 0.000477 0.000849 0.000955 0.001698
0 0.000477 0.000849 0.000955 0.001698
0 0.000477 0.000849 0.000955 0.001698
0 0.000477 0.000849 0.000955 0.001698
0 0.000477 0.000849 0.000955 0.001698
0 0.000477 0.000849 0.000955 0.001698
0 0.000477 0.000849 0.000955 0.001698
0 0.000477 0.000849 0.000955 0.001698
0 0.000477 0.000849 0.000955 0.001698
0 0.000477 0.000849 0.000955 0.001698
0 0.000477 0.000849 0.000955 0.001698
0 0.000477 0.000849 0.000955 0.001698
0 0.000477 0.000849 0.000955 0.001698
0 0.000477 0.000849 0.000955 0.001698
0 0.000477 0.000849 0.000955 0.001698
0 0.000477 0.000849 0.000955 0.001698
0 0.000477 0.000849 0.000955 0.001698
0 0.000477 0.000849 0.000955 0.001698
0 0.000477 0.000849 0.000955 0.001698
0 0.000477 0.000849 0.000955 0.001698
0 0.000477 0.000849 0.000955 0.001698
0 0.000477 0.000849 0.000955 0.001698
0 0.000477 0.000849 0.000955 0.001698
0 0.000477 0.000849 0.000955 0.001698
0 0.000477 0.000849 0.000955 0.001698
0 0.000477 0.000849 0.000955 0.001698
0 0.000477 0.000849 0.000955 0.001698
0 0.000477 0.000849 0.000955 0.001698
0 0.000477 0.000849 0.000955 0.001698
0 0.000477 0.000849 0.000955 0.001698
0 0.000477 0.000849 0.000955 0.001698
0 0.000477 0.000849 0.000955 0.001698
0 0.000477 0.000849 0.000955 0.001698
0 0.000477 0.000849 0.000955 0.001698
0 0.000477 0.000849 0.000955 0.001698
0 0.000477 0.000849 0.000955 0.001698
0 0.000477 0.000849 0.000955 0.001698
0 0.000477 0.000849 0.000955 0.001698
0 0.000477 0.000849 0.000955 0.001698
0 0.000477 0.000849 0.000955 0.001698
0 0.000477 0.000849 0.000955 0.001698
0 0.000477 0.000849 0.000955 0.001698
0 0.000477 0.000849 0.000955 0.001698
0 0.000477 0.000849 0.000955 0.001698
0 0.000477 0.000849 0.000955 0.001698
0 0.000477 0.000849 0.000955 0.001698
0 0.000477 0.000849 0.000955 0.001698
0 0.000477 0.000849 0.000955 0.001698
0 0.000477 0.000849 0.000955 0.001698
0 0.000477 0.000849 0.000955 0.001698
0 0.000477 0.000849 0.000955 0.001698
0 0.000477 0.000849 0.000955 0.001698
0 0.000477 0.000849 0.000955 0.001698
0 0.000477 0.000849 0.000955 0.001698
0 0.000477 0.000849 0.000955 0.001698
0 0.000477 0.000849 0.000955 0.001698
0 0.000477 0.000849 0.000955 0.001698
0 0.000477 0.000849 0.000955 0.001698
0 0.000477 0.000849 0.000955 0.001698
0 0.000477 0.000849 0.000955 0.001698
0 0.000477 0.000849 0.000955 0.001698
0 0.000477 0.000849 0.000955 0.001698
0 0.000477 0.000849 0.000955 0.001698
0 0.000477 0.000849 0.000955 0.001698
0 0.000477 0.000849 0.000955 0.001698
0 0.000477 0.000849 0.000955 0.001698
0 0.000477 0.000849 0.000955 0.001698
0 0.000477 0.000849 0.000955 0.001698
0 0.000477 0.000849 0.000955 0.001698
0 0.000477 0.000849 0.000955 0.001698
0 0.000477 0.000849 0.000955 0.001698
0 0.000477 0.000849 0.000955 0.001698
0 0.000477 0.000849 0.000955 0.001698
0 0.000477 0.000849 0.000955 0.001698
0 0.000477 0.000849 0.000955 0.001698
0 0.000477 0.000849 0.000955 0.001698
0 0.000477 0.000849 0.000955 0.001698
0 0.000477 0.000849 0.000955 0.001698
0 0.000477 0.000849 0.000955 0.001698
0 0.000477 0.000849 0.000955 0.001698
0 0.010200 0.033333 0.001476 0.002469
0 0.020095 0.066049 0.002170 0.003086
0 0.029948 0.098611 0.002951 0.004012
0 0.039974 0.131327 0.003385 0.004321
0 0.049826 0.164352 0.004167 0.005247
0 0.059722 0.196836 0.004861 0.006019
0 0.069748 0.229630 0.005295 0.006481
0 0.079601 0.262191 0.006076 0.007407
0 0.089540 0.294907 0.006858 0.007716
0 0.099523 0.327932 0.007378 0.008642
0 0.099175 0.327238 0.007552 0.009105
0 0.099045 0.327006 0.007812 0.009568
0 0.098915 0.326775 0.008073 0.010031
0 0.098655 0.326620 0.008594 0.010340
0 0.098568 0.326389 0.008767 0.010802
0 0.098437 0.325926 0.009028 0.011728
0 0.098177 0.325694 0.009549 0.012191
0 0.098047 0.325463 0.009809 0.012654
0 0.097960 0.325309 0.009983 0.012963
0 0.097830 0.325077 0.010243 0.013426
0 0.097700 0.324383 0.010503 0.013889
0 0.097700 0.323765 0.010503 0.014198
0 0.097569 0.323148 0.010764 0.014815
0 0.097569 0.322685 0.010764 0.015741
0 0.097569 0.322068 0.010764 0.016049
0 0.097439 0.321373 0.011024 0.016512
0 0.097439 0.320988 0.011024 0.017284
0 0.097309 0.320293 0.011285 0.017747
0 0.097309 0.319599 0.011285 0.018210
0 0.097309 0.319367 0.011285 0.018673
0 0.097309 0.318364 0.011285 0.019136
0 0.097439 0.317438 0.011545 0.019136
0 0.097439 0.316590 0.011545 0.018981
0 0.097526 0.315741 0.011719 0.019136
0 0.097656 0.315123 0.011979 0.019444
0 0.097656 0.314198 0.011979 0.019444
0 0.097786 0.313349 0.012240 0.019599
0 0.097786 0.312500 0.012240 0.019444
0 0.097917 0.311651 0.012500 0.019599
0 0.098047 0.310957 0.012760 0.020062
0 0.098047 0.309645 0.012760 0.019907
0 0.098047 0.308796 0.012760 0.020062
0 0.098047 0.307948 0.012760 0.019907
0 0.098047 0.307022 0.012760 0.019907
0 0.098264 0.306250 0.012674 0.019907
0 0.098264 0.304861 0.012674 0.019907
0 0.098264 0.304012 0.012674 0.020062
0 0.098264 0.303164 0.012674 0.019907
0 0.098264 0.302315 0.012674 0.020062
0 0.098524 0.301466 0.012674 0.019907
0 0.098524 0.300077 0.012674 0.019907
0 0.098524 0.299306 0.012674 0.019907
0 0.098524 0.297917 0.012674 0.019907
0 0.098524 0.297068 0.012674 0.020062
0 0.098524 0.295756 0.012674 0.019907
0 0.098524 0.294907 0.012674 0.020062
0 0.098524 0.293596 0.012674 0.019907
0 0.098524 0.292747 0.012674 0.020062
0 0.098524 0.291435 0.012674 0.019907
0 0.098785 0.290586 0.012674 0.020062
0 0.098524 0.289275 0.012674 0.019907
0 0.098524 0.287963 0.012674 0.020062
0 0.098524 0.287114 0.012674 0.019907
0 0.098524 0.285802 0.012674 0.020062
0 0.098524 0.284954 0.012674 0.019907
0 0.098524 0.283642 0.012674 0.020062
0 0.098524 0.282330 0.012674 0.019907
0 0.098524 0.281481 0.012674 0.020062
0 0.098524 0.280170 0.012674 0.019907
0 0.098524 0.279321 0.012674 0.020062
0 0.098524 0.277546 0.012674 0.019907
0 0.098785 0.276312 0.012674 0.019907
0 0.098785 0.274923 0.012674 0.019907
0 0.099045 0.273225 0.012674 0.019907
0 0.099045 0.271914 0.012674 0.020062
0 0.099306 0.270602 0.012674 0.019907
0 0.099306 0.268904 0.012674 0.019907
0 0.099523 0.267593 0.012760 0.020062
0 0.099523 0.266281 0.012760 0.019907
0 0.099740 0.264969 0.012674 0.020062
0 0.099740 0.263657 0.012674 0.019907
0 0.099740 0.262423 0.012674 0.019907
0 0.100000 0.261497 0.012674 0.019907
0 0.100000 0.260262 0.012674 0.019907
0 0.100000 0.258873 0.012674 0.019907
0 0.100260 0.258025 0.012674 0.020062
0 0.100260 0.256713 0.012674 0.019907
0 0.100260 0.255478 0.012674 0.019907
0 0.100521 0.254552 0.012674 0.019907
0 0.100521 0.253318 0.012674 0.019907
