0 0.171137 0.312731 0.005122 0.015586
0 0.171137 0.310108 0.005122 0.015586
0 0.171137 0.307948 0.005122 0.015586
0 0.171137 0.305324 0.005122 0.015586
0 0.171137 0.303164 0.005122 0.015586
0 0.171267 0.301003 0.005382 0.015586
0 0.171267 0.298380 0.005382 0.015586
0 0.171267 0.296219 0.005382 0.015586
0 0.171267 0.293596 0.005382 0.015586
0 0.171267 0.291435 0.005382 0.015586
0 0.171528 0.289275 0.005382 0.015586
0 0.171267 0.286651 0.005382 0.015586
0 0.171267 0.284491 0.005382 0.015586
0 0.171007 0.282330 0.005382 0.015586
0 0.171007 0.280170 0.005382 0.015586
0 0.171007 0.278009 0.005382 0.015586
0 0.170747 0.275386 0.005382 0.015586
0 0.170747 0.273225 0.005382 0.015586
0 0.170530 0.271065 0.005295 0.015586
0 0.170530 0.268904 0.005295 0.015586
0 0.170530 0.266744 0.005295 0.015586
0 0.170530 0.264583 0.005295 0.015586
0 0.170530 0.262423 0.005295 0.015586
0 0.170530 0.260648 0.005295 0.015741
0 0.170530 0.258488 0.005295 0.015741
0 0.170747 0.256713 0.005382 0.015586
0 0.170747 0.254552 0.005382 0.015586
0 0.170747 0.252392 0.005382 0.015586
0 0.170747 0.250694 0.005382 0.015586
0 0.170747 0.248534 0.005382 0.015586
0 0.171007 0.246759 0.005382 0.015741
0 0.171007 0.244599 0.005382 0.015741
0 0.171007 0.242438 0.005382 0.015741
0 0.171007 0.240664 0.005382 0.015586
0 0.171007 0.238503 0.005382 0.015586
0 0.171007 0.236806 0.005382 0.015586
0 0.171007 0.234645 0.005382 0.015586
0 0.171007 0.232485 0.005382 0.015586
0 0.171007 0.230710 0.005382 0.015741
0 0.171007 0.228549 0.005382 0.015741
0 0.171267 0.226775 0.005382 0.015586
0 0.171267 0.224614 0.005382 0.015586
0 0.171528 0.222454 0.005382 0.015586
0 0.171745 0.220293 0.005295 0.015586
0 0.171745 0.218133 0.005295 0.015586
0 0.171962 0.215972 0.005382 0.015586
0 0.172222 0.213812 0.005382 0.015586
0 0.172222 0.211651 0.005382 0.015586
0 0.172483 0.209491 0.005382 0.015586
0 0.172743 0.207330 0.005382 0.015586
0 0.173003 0.205170 0.005382 0.015586
0 0.173003 0.203009 0.005382 0.015586
0 0.173177 0.200772 0.005382 0.015741
0 0.173437 0.198611 0.005382 0.015741
0 0.173698 0.196451 0.005382 0.015741
0 0.173958 0.194213 0.005382 0.015586
0 0.173958 0.192052 0.005382 0.015586
0 0.174219 0.189892 0.005382 0.015586
0 0.174436 0.187731 0.005295 0.015586
0 0.174653 0.185571 0.005382 0.015586
0 0.174913 0.183410 0.005382 0.015586
0 0.174913 0.181250 0.005382 0.015586
0 0.175174 0.179552 0.005382 0.015586
0 0.175174 0.177392 0.005382 0.015586
0 0.175434 0.175617 0.005382 0.015741
0 0.175434 0.173843 0.005382 0.015586
0 0.175651 0.171682 0.005295 0.015586
0 0.175651 0.169985 0.005295 0.015586
0 0.175868 0.167824 0.005382 0.015586
0 0.175868 0.166127 0.005382 0.015586
0 0.176128 0.164352 0.005382 0.015741
0 0.176128 0.162114 0.005382 0.015586
0 0.176128 0.159954 0.005382 0.015586
0 0.176389 0.157793 0.005382 0.015586
0 0.176389 0.156096 0.005382 0.015586
0 0.176649 0.153935 0.005382 0.015586
0 0.176649 0.151775 0.005382 0.015586
0 0.176649 0.150077 0.005382 0.015586
0 0.176866 0.147840 0.005295 0.015741
0 0.176866 0.145679 0.005295 0.015741
0 0.177083 0.143904 0.005382 0.015586
0 0.177083 0.141744 0.005382 0.015586
0 0.177083 0.139583 0.005382 0.015586
0 0.177083 0.137423 0.005382 0.015586
0 0.177083 0.135262 0.005382 0.015586
0 0.177083 0.133102 0.005382 0.015586
0 0.177083 0.130941 0.005382 0.015586
0 0.177083 0.128781 0.005382 0.015586
0 0.177083 0.126620 0.005382 0.015586
0 0.177083 0.124460 0.005382 0.015586
0 0.177083 0.122685 0.005382 0.015741
0 0.177083 0.120293 0.005382 0.015278
0 0.177344 0.118133 0.005382 0.015278
0 0.177344 0.115972 0.005382 0.014352
0 0.177604 0.113812 0.005382 0.014352
0 0.177865 0.111651 0.005382 0.013426
0 0.177865 0.109491 0.005382 0.013426
0 0.178125 0.107099 0.005382 0.012963
0 0.178125 0.105093 0.005382 0.012654
0 0.178342 0.102701 0.005295 0.012191
0 0.178559 0.100772 0.005382 0.011728
0 0.178559 0.098611 0.005382 0.011728
0 0.178819 0.096914 0.005382 0.011728
0 0.178950 0.094753 0.005122 0.011728
0 0.179080 0.092978 0.005382 0.011574
0 0.179340 0.091204 0.005382 0.011728
0 0.179470 0.089043 0.005122 0.011728
0 0.179557 0.087346 0.005295 0.011728
0 0.179644 0.085185 0.005122 0.011728
0 0.179905 0.083488 0.005122 0.011728
0 0.180165 0.081636 0.005122 0.011728
0 0.180165 0.079552 0.005122 0.012500
0 0.180295 0.077623 0.004861 0.012963
0 0.180425 0.075463 0.005122 0.013889
0 0.180556 0.073457 0.004861 0.014198
0 0.180686 0.071528 0.005122 0.014660
0 0.180773 0.069367 0.004948 0.015586
0 0.180773 0.067438 0.004948 0.016049
0 0.180990 0.065201 0.004861 0.016821
0 0.180990 0.063272 0.004861 0.017284
0 0.181250 0.061574 0.004861 0.018210
0 0.181250 0.059722 0.004861 0.018210
0 0.181250 0.058488 0.004861 0.018210
0 0.181510 0.057022 0.004861 0.018673
0 0.181510 0.055401 0.004861 0.018210
0 0.181771 0.054167 0.004861 0.018210
0 0.181771 0.052623 0.004861 0.018519
0 0.181771 0.051080 0.004861 0.018210
0 0.181988 0.049614 0.004948 0.018673
0 0.181988 0.048302 0.004948 0.018519
0 0.182248 0.046991 0.004948 0.018673
0 0.182248 0.045062 0.004948 0.018210
0 0.182465 0.043364 0.004861 0.018210
0 0.182465 0.041744 0.004861 0.017747
0 0.182726 0.040046 0.004861 0.017747
0 0.182726 0.038503 0.004861 0.017438
0 0.182986 0.036806 0.004861 0.017438
0 0.182986 0.035031 0.004861 0.017284
0 0.183247 0.033565 0.004861 0.016821
0 0.183247 0.031790 0.004861 0.016975
0 0.183464 0.030324 0.004948 0.016512
0 0.183464 0.028781 0.004948 0.016821
0 0.183464 0.027238 0.004948 0.017438
0 0.183550 0.025694 0.005122 0.017747
0 0.183550 0.024228 0.005122 0.018210
0 0.183811 0.022762 0.005122 0.018673
0 0.183811 0.021142 0.005122 0.019136
0 0.183811 0.019676 0.005122 0.019599
0 0.183941 0.018133 0.005382 0.019907
0 0.183941 0.016667 0.005382 0.020370
0 0.184201 0.015278 0.005382 0.021296
0 0.184201 0.014043 0.005382 0.020370
0 0.184332 0.013117 0.005642 0.019444
0 0.184462 0.012269 0.005382 0.018673
0 0.184549 0.011188 0.005556 0.017438
0 0.184679 0.010340 0.005295 0.016358
0 0.184809 0.009491 0.005556 0.015586
0 0.184809 0.008410 0.005556 0.014352
0 0.185026 0.007485 0.005642 0.013426
0 0.185026 0.006636 0.005642 0.012654
0 0.185286 0.005787 0.005642 0.011574
0 0.185286 0.005787 0.005642 0.011574
0 0.185286 0.005787 0.005642 0.011574
0 0.185286 0.005787 0.005642 0.011574
0 0.185286 0.005787 0.005642 0.011574
0 0.185286 0.005787 0.005642 0.011574
0 0.185286 0.005787 0.005642 0.011574
0 0.185286 0.005787 0.005642 0.011574
0 0.185286 0.005787 0.005642 0.011574
0 0.185286 0.005787 0.005642 0.011574
0 0.185286 0.005787 0.005642 0.011574
0 0.185286 0.005787 0.005642 0.011574
0 0.185286 0.005787 0.005642 0.011574
0 0.185286 0.005787 0.005642 0.011574
0 0.185286 0.005787 0.005642 0.011574
0 0.185286 0.005787 0.005642 0.011574
0 0.185286 0.005787 0.005642 0.011574
0 0.185286 0.005787 0.005642 0.011574
0 0.185286 0.005787 0.005642 0.011574
0 0.185286 0.005787 0.005642 0.011574
0 0.185286 0.005787 0.005642 0.011574
