0 0.185026 0.166744 0.004601 0.018673
0 0.186155 0.166744 0.004427 0.018673
0 0.187370 0.167207 0.004427 0.018673
0 0.188585 0.167593 0.004427 0.018519
0 0.189800 0.167593 0.004427 0.018519
0 0.191016 0.167978 0.004427 0.018673
0 0.192231 0.168441 0.004427 0.018673
0 0.193446 0.168441 0.004427 0.018673
0 0.194661 0.168904 0.004427 0.018673
0 0.195920 0.169367 0.004340 0.018673
0 0.197135 0.169753 0.004340 0.018519
0 0.198351 0.169753 0.004340 0.018519
0 0.199566 0.170139 0.004340 0.018673
0 0.200781 0.170602 0.004340 0.018673
0 0.202257 0.170602 0.004340 0.018673
0 0.203472 0.171065 0.004340 0.018673
0 0.204687 0.171528 0.004340 0.018673
0 0.206163 0.171528 0.004340 0.018673
0 0.207378 0.171991 0.004340 0.018673
0 0.208594 0.172299 0.004340 0.018673
0 0.210069 0.172762 0.004340 0.018673
0 0.211285 0.173225 0.004340 0.018673
0 0.212500 0.173688 0.004340 0.018673
0 0.213715 0.174151 0.004340 0.018673
0 0.214931 0.174769 0.004340 0.018981
0 0.216276 0.175154 0.004080 0.019136
0 0.217535 0.175617 0.004167 0.019136
0 0.218750 0.176235 0.004167 0.019444
0 0.219965 0.176698 0.004167 0.019444
0 0.221181 0.177160 0.004167 0.019444
0 0.222656 0.177778 0.004167 0.020062
0 0.222396 0.177778 0.004167 0.020062
0 0.222266 0.177778 0.004427 0.020062
0 0.222266 0.177778 0.004427 0.020062
0 0.222135 0.177778 0.004687 0.020062
0 0.222135 0.178009 0.004687 0.020525
0 0.222049 0.178009 0.004861 0.020525
0 0.221918 0.178009 0.005122 0.020525
0 0.221918 0.178009 0.005122 0.020525
0 0.221788 0.178009 0.005382 0.020525
0 0.221788 0.178164 0.005382 0.020833
0 0.221267 0.178164 0.005382 0.020833
0 0.220790 0.178164 0.005295 0.020833
0 0.220573 0.178164 0.005382 0.020833
0 0.220052 0.178627 0.005382 0.020833
0 0.219792 0.178627 0.005382 0.020833
0 0.219358 0.178627 0.005382 0.020833
0 0.218837 0.179090 0.005382 0.020833
0 0.218576 0.179090 0.005382 0.020833
0 0.218142 0.179090 0.005382 0.020833
0 0.217882 0.179552 0.005382 0.020833
0 0.217622 0.180015 0.005382 0.020833
0 0.217622 0.180324 0.005382 0.020833
0 0.217622 0.180787 0.005382 0.020833
0 0.217622 0.181250 0.005382 0.020833
0 0.217622 0.181713 0.005382 0.020833
0 0.217622 0.182176 0.005382 0.020833
0 0.217622 0.182562 0.005382 0.020679
0 0.217622 0.182948 0.005382 0.020833
0 0.217622 0.183410 0.005382 0.020833
0 0.217622 0.184336 0.005382 0.020833
0 0.217361 0.184954 0.005382 0.021142
0 0.217361 0.185802 0.005382 0.021296
0 0.217361 0.186728 0.005382 0.021296
0 0.217231 0.187577 0.005122 0.022068
0 0.217231 0.188426 0.005122 0.022222
0 0.217101 0.189275 0.005382 0.022068
0 0.217014 0.190201 0.005208 0.022994
0 0.217014 0.190972 0.005208 0.022994
0 0.217014 0.191898 0.005208 0.022994
0 0.217014 0.192978 0.005208 0.023302
0 0.217014 0.193827 0.005208 0.023457
0 0.217014 0.194753 0.005208 0.023457
0 0.217231 0.195525 0.005122 0.023457
0 0.217231 0.196451 0.005122 0.023457
0 0.217491 0.197685 0.005122 0.023457
0 0.217491 0.198611 0.005122 0.023457
0 0.217491 0.199537 0.005122 0.023457
0 0.217752 0.200309 0.005122 0.023457
0 0.217752 0.201235 0.005122 0.023457
0 0.218012 0.202469 0.005122 0.023457
0 0.218359 0.203858 0.005295 0.023457
0 0.218707 0.205093 0.005642 0.023457
0 0.219097 0.206404 0.005903 0.023302
0 0.219575 0.208179 0.006337 0.023457
0 0.219965 0.209414 0.006597 0.023457
0 0.220312 0.210802 0.006771 0.023457
0 0.220790 0.212500 0.007378 0.023457
0 0.221137 0.213735 0.007552 0.023457
0 0.221528 0.215123 0.007812 0.023457
0 0.222005 0.216821 0.008247 0.023457
0 0.224089 0.218981 0.008594 0.024383
0 0.226172 0.221605 0.008767 0.025309
0 0.228212 0.223997 0.009028 0.025463
0 0.230469 0.226620 0.009028 0.026389
0 0.232509 0.229012 0.009288 0.026852
0 0.234592 0.231636 0.009462 0.027778
0 0.236806 0.233951 0.009549 0.028086
0 0.238845 0.236574 0.009809 0.029012
0 0.240929 0.238966 0.009983 0.029475
0 0.243099 0.241590 0.009983 0.030401
0 0.244575 0.244213 0.009983 0.030401
0 0.246181 0.246914 0.010243 0.029938
0 0.247656 0.249537 0.010243 0.029938
0 0.249262 0.252392 0.010503 0.029475
0 0.250911 0.255478 0.010503 0.029475
0 0.252387 0.258102 0.010503 0.029475
0 0.253993 0.260880 0.010764 0.029167
0 0.255469 0.263426 0.010764 0.029012
0 0.257031 0.266281 0.010937 0.028549
0 0.258724 0.269290 0.011024 0.028704
0 0.259722 0.272531 0.011458 0.029012
0 0.260807 0.275849 0.011719 0.029475
0 0.261892 0.279012 0.011979 0.029938
0 0.263021 0.282330 0.012153 0.030401
0 0.264106 0.285571 0.012413 0.030710
0 0.265061 0.288889 0.012934 0.031173
0 0.266189 0.292052 0.013108 0.031636
0 0.267274 0.295370 0.013368 0.032099
0 0.268359 0.298611 0.013628 0.032407
0 0.269488 0.302083 0.013976 0.032562
0 0.269227 0.302083 0.013976 0.032562
0 0.269097 0.302083 0.013715 0.032562
0 0.268967 0.302315 0.013455 0.032099
0 0.268967 0.302315 0.013455 0.032099
0 0.268837 0.302546 0.013194 0.031636
0 0.268707 0.302546 0.012934 0.031636
0 0.268707 0.302546 0.012934 0.031636
0 0.268620 0.302701 0.012760 0.031327
0 0.268490 0.302701 0.012500 0.031327
0 0.268490 0.302932 0.012500 0.030864
0 0.268273 0.302932 0.012413 0.030864
0 0.268273 0.302932 0.012413 0.030864
0 0.268273 0.302932 0.012413 0.030864
0 0.268273 0.302932 0.012413 0.030864
0 0.268273 0.302932 0.012413 0.030864
0 0.268012 0.302932 0.012413 0.030864
0 0.268012 0.302932 0.012413 0.030864
0 0.268012 0.302932 0.012413 0.030864
0 0.268012 0.302932 0.012413 0.030864
0 0.268012 0.303395 0.012413 0.030864
0 0.268012 0.303395 0.012413 0.030864
0 0.268012 0.303395 0.012413 0.030864
0 0.268012 0.303395 0.012413 0.030864
0 0.268012 0.303395 0.012413 0.030864
0 0.268012 0.303395 0.012413 0.030864
0 0.268012 0.303395 0.012413 0.030864
0 0.268012 0.303395 0.012413 0.030864
0 0.268012 0.303395 0.012413 0.030864
0 0.268012 0.303395 0.012413 0.030864
0 0.268012 0.303627 0.012413 0.030401
0 0.268012 0.303627 0.012413 0.030401
0 0.268012 0.303627 0.012413 0.030401
0 0.268012 0.303627 0.012413 0.030401
0 0.268012 0.303627 0.012413 0.030401
0 0.268012 0.303627 0.012413 0.030401
0 0.268012 0.303627 0.012413 0.030401
0 0.268012 0.303627 0.012413 0.030401
0 0.268012 0.303627 0.012413 0.030401
0 0.268012 0.303627 0.012413 0.030401
0 0.268012 0.303627 0.012413 0.030401
0 0.268012 0.303627 0.012413 0.030401
0 0.268012 0.303627 0.012413 0.030401
0 0.268012 0.303627 0.012413 0.030401
0 0.268012 0.303627 0.012413 0.030401
0 0.268012 0.303627 0.012413 0.030401
0 0.268012 0.303627 0.012413 0.030401
0 0.268012 0.303627 0.012413 0.030401
0 0.268012 0.303627 0.012413 0.030401
0 0.268012 0.303627 0.012413 0.030401
0 0.268012 0.303627 0.012413 0.030401
0 0.268012 0.303627 0.012413 0.030401
0 0.268012 0.303627 0.012413 0.030401
0 0.268012 0.303627 0.012413 0.030401
0 0.268012 0.303627 0.012413 0.030401
0 0.268012 0.303627 0.012413 0.030401
0 0.268012 0.303627 0.012413 0.030401
0 0.268012 0.303627 0.012413 0.030401
0 0.268012 0.303627 0.012413 0.030401
0 0.268012 0.303627 0.012413 0.030401
0 0.268012 0.303627 0.012413 0.030401
