0 0.253602 0.058488 0.013455 0.024383
0 0.253472 0.058951 0.013194 0.024383
0 0.253342 0.059568 0.012934 0.023765
0 0.253385 0.060185 0.012500 0.023457
0 0.253255 0.060880 0.012240 0.023920
0 0.253385 0.061574 0.011979 0.023457
0 0.253255 0.062114 0.011719 0.022994
0 0.253125 0.062809 0.011458 0.023457
0 0.253125 0.063503 0.010937 0.022994
0 0.252995 0.064120 0.010677 0.022685
0 0.253125 0.064969 0.010417 0.022531
0 0.253038 0.065432 0.010243 0.022531
0 0.253038 0.066358 0.010243 0.022531
0 0.253038 0.066744 0.010243 0.022685
0 0.253038 0.067593 0.010243 0.022531
0 0.253038 0.068287 0.010243 0.022994
0 0.252908 0.068904 0.009983 0.022685
0 0.252908 0.069522 0.009983 0.022994
0 0.252908 0.070216 0.009983 0.022531
0 0.252908 0.070910 0.009983 0.022994
0 0.252908 0.071682 0.009983 0.022994
0 0.252778 0.072608 0.010243 0.022994
0 0.252778 0.073380 0.010243 0.022994
0 0.252778 0.074306 0.010243 0.022994
0 0.252778 0.075463 0.010243 0.023457
0 0.252778 0.076466 0.010243 0.022994
0 0.252778 0.077392 0.010243 0.022994
0 0.252778 0.078395 0.010243 0.023457
0 0.252778 0.079321 0.010243 0.023457
0 0.252778 0.080170 0.010243 0.023302
0 0.252778 0.081481 0.010243 0.023457
0 0.252648 0.082176 0.010503 0.022994
0 0.252648 0.082948 0.010503 0.022994
0 0.252517 0.083642 0.010764 0.022531
0 0.252517 0.084722 0.010764 0.022222
0 0.252517 0.085571 0.010764 0.022068
0 0.252387 0.086265 0.011024 0.021605
0 0.252387 0.087346 0.011024 0.021296
0 0.252300 0.088040 0.011198 0.020833
0 0.252300 0.088812 0.011198 0.020833
0 0.252300 0.089969 0.011198 0.020370
0 0.252300 0.090432 0.011198 0.020370
0 0.252431 0.091204 0.011458 0.020370
0 0.252431 0.092130 0.011458 0.020370
0 0.252517 0.092824 0.011632 0.020833
0 0.252604 0.093596 0.011458 0.020833
0 0.252734 0.094290 0.011719 0.020370
0 0.252734 0.094985 0.011719 0.020833
0 0.252865 0.095756 0.011979 0.020833
0 0.252865 0.096682 0.011979 0.020833
0 0.253125 0.097531 0.011979 0.020679
0 0.252995 0.097917 0.011719 0.020833
0 0.252995 0.098843 0.011719 0.020833
0 0.252995 0.099769 0.011719 0.020833
0 0.252995 0.100540 0.011719 0.020833
0 0.252995 0.101466 0.011719 0.020833
0 0.252995 0.102083 0.011719 0.021142
0 0.252995 0.102932 0.011719 0.021296
0 0.252995 0.103858 0.011719 0.021296
0 0.252995 0.104707 0.011719 0.021142
0 0.252995 0.105556 0.011719 0.021296
0 0.252995 0.106250 0.011719 0.020833
0 0.252995 0.107022 0.011719 0.020833
0 0.252995 0.107948 0.011719 0.020833
0 0.253125 0.108642 0.011458 0.020370
0 0.253125 0.109645 0.011458 0.019907
0 0.253125 0.110571 0.011458 0.019907
0 0.253255 0.111188 0.011198 0.019599
0 0.253255 0.112037 0.011198 0.019444
0 0.253255 0.112963 0.011198 0.019444
0 0.253385 0.114043 0.010937 0.019136
0 0.253125 0.114892 0.010937 0.018981
0 0.253125 0.115741 0.010937 0.019136
0 0.253125 0.116667 0.010937 0.019136
0 0.252995 0.117438 0.010677 0.019136
0 0.252995 0.118827 0.010677 0.019136
0 0.252865 0.119676 0.010937 0.018981
0 0.252778 0.120525 0.010764 0.019136
0 0.252778 0.121373 0.010764 0.018981
0 0.252778 0.122222 0.010764 0.019136
0 0.252778 0.123611 0.010764 0.019136
0 0.252778 0.124383 0.010764 0.019136
0 0.252778 0.125309 0.010764 0.019136
0 0.252778 0.126157 0.010764 0.018981
0 0.252865 0.127469 0.010937 0.019136
0 0.252865 0.128318 0.010937 0.018981
0 0.252865 0.129167 0.010937 0.019136
0 0.252995 0.130478 0.011198 0.018981
0 0.252995 0.131327 0.011198 0.019136
0 0.252995 0.132253 0.011198 0.019136
0 0.253255 0.133488 0.011198 0.019136
0 0.253255 0.134182 0.011198 0.019599
0 0.253255 0.135031 0.011198 0.019444
0 0.253255 0.135957 0.011198 0.019444
0 0.253255 0.136806 0.011198 0.019599
0 0.253516 0.137654 0.011198 0.019444
0 0.253516 0.138503 0.011198 0.019599
0 0.253516 0.139429 0.011198 0.019599
0 0.253516 0.140278 0.011198 0.019444
0 0.253516 0.141127 0.011198 0.019599
0 0.253733 0.142207 0.011285 0.019907
0 0.253516 0.143133 0.011198 0.019907
0 0.253516 0.144367 0.011198 0.019907
0 0.253516 0.145448 0.011198 0.019599
0 0.253385 0.146759 0.010937 0.019444
0 0.253385 0.148071 0.010937 0.019599
0 0.253255 0.148920 0.011198 0.019444
0 0.253125 0.150231 0.010937 0.019599
0 0.253125 0.151312 0.010937 0.018981
0 0.253125 0.152623 0.010937 0.019136
0 0.253125 0.153935 0.010937 0.018981
0 0.253125 0.154784 0.010937 0.019136
0 0.253125 0.155710 0.010937 0.019136
0 0.253125 0.156481 0.010937 0.019136
0 0.253125 0.157407 0.010937 0.019136
0 0.253255 0.158488 0.011198 0.018519
0 0.253255 0.159336 0.011198 0.018673
0 0.253255 0.160262 0.011198 0.018673
0 0.253255 0.161034 0.011198 0.018673
0 0.253255 0.161960 0.011198 0.018673
0 0.253385 0.163040 0.011458 0.018364
0 0.253125 0.163889 0.011458 0.018210
0 0.253125 0.165046 0.011458 0.017747
0 0.253125 0.166049 0.011458 0.018210
0 0.253125 0.167207 0.011458 0.017747
0 0.253125 0.168210 0.011458 0.018210
0 0.253125 0.169367 0.011458 0.017747
0 0.253125 0.170139 0.011458 0.017747
0 0.253125 0.171528 0.011458 0.017747
0 0.253125 0.172377 0.011458 0.017901
0 0.253125 0.173688 0.011458 0.017747
0 0.253125 0.174537 0.011458 0.017901
0 0.253125 0.175617 0.011458 0.018210
0 0.253125 0.176698 0.011458 0.017901
0 0.253255 0.177778 0.011719 0.018210
0 0.253255 0.179090 0.011719 0.018364
0 0.253255 0.179938 0.011719 0.018210
0 0.253385 0.181096 0.011979 0.018673
0 0.253385 0.182099 0.011979 0.018210
0 0.253385 0.183256 0.011979 0.018673
0 0.253646 0.184491 0.011979 0.018673
0 0.253385 0.185417 0.011979 0.018673
0 0.253385 0.186188 0.011979 0.018673
0 0.253385 0.187114 0.011979 0.018673
0 0.253385 0.188040 0.011979 0.018673
0 0.253385 0.189043 0.011979 0.019136
0 0.253125 0.189969 0.011979 0.019136
0 0.253125 0.190818 0.011979 0.018981
0 0.253125 0.191667 0.011979 0.019136
0 0.253125 0.192515 0.011979 0.018981
0 0.253125 0.193596 0.011979 0.019599
0 0.253125 0.194522 0.011979 0.019599
0 0.253125 0.195370 0.011979 0.019444
0 0.253255 0.196451 0.012240 0.020062
0 0.253255 0.197531 0.012240 0.019444
0 0.253385 0.198611 0.012500 0.020062
0 0.253385 0.199460 0.012500 0.019907
0 0.253385 0.200540 0.012500 0.019599
0 0.253472 0.201620 0.012674 0.019907
0 0.253472 0.202546 0.012674 0.019907
0 0.253602 0.203781 0.012934 0.019907
0 0.253472 0.204707 0.012674 0.019907
0 0.253472 0.205556 0.012674 0.020062
0 0.253472 0.206404 0.012674 0.019907
0 0.253472 0.207485 0.012674 0.019599
0 0.253602 0.208333 0.012413 0.019444
0 0.253602 0.209259 0.012413 0.019444
0 0.253602 0.210340 0.012413 0.019136
0 0.253602 0.211188 0.012413 0.018981
0 0.253602 0.212037 0.012413 0.019136
0 0.253733 0.213194 0.012153 0.018673
0 0.253733 0.213966 0.012153 0.018673
0 0.253733 0.214892 0.012153 0.018673
0 0.253863 0.215741 0.012413 0.018519
0 0.253993 0.216590 0.012153 0.018673
0 0.254123 0.217515 0.012413 0.018673
0 0.254123 0.218287 0.012413 0.018673
0 0.254253 0.219213 0.012674 0.018673
0 0.254340 0.220139 0.012500 0.018673
0 0.254470 0.220910 0.012760 0.018673
0 0.254470 0.221836 0.012760 0.018673
