0 0.210417 0.046142 0.009549 0.020370
0 0.189323 0.041358 0.008854 0.018519
0 0.168316 0.036806 0.007812 0.016512
0 0.147352 0.032485 0.006858 0.014660
0 0.126215 0.027701 0.006076 0.013117
0 0.105382 0.023380 0.005382 0.011265
0 0.084375 0.018750 0.004340 0.009105
0 0.063281 0.014043 0.003646 0.007407
0 0.042318 0.009645 0.002691 0.005710
0 0.021311 0.005093 0.001649 0.003395
0 0.000477 0.000849 0.000955 0.001698
0 0.021311 0.005093 0.001649 0.003395
0 0.042318 0.009645 0.002691 0.005710
0 0.063281 0.014043 0.003646 0.007407
0 0.084375 0.018750 0.004340 0.009105
0 0.105382 0.023380 0.005382 0.011265
0 0.126215 0.027701 0.006076 0.013117
0 0.147352 0.032485 0.006858 0.014660
0 0.168316 0.036806 0.007812 0.016512
0 0.189323 0.041358 0.008854 0.018519
0 0.210417 0.046142 0.009549 0.020370
0 0.210417 0.046142 0.009549 0.020370
0 0.210417 0.046142 0.009549 0.020370
0 0.210417 0.046142 0.009549 0.020370
0 0.210417 0.046142 0.009549 0.020370
0 0.210417 0.046142 0.009549 0.020370
0 0.210417 0.046142 0.009549 0.020370
0 0.210417 0.046142 0.009549 0.020370
0 0.210417 0.046142 0.009549 0.020370
0 0.210417 0.046142 0.009549 0.020370
0 0.210417 0.046142 0.009549 0.020370
0 0.210417 0.046142 0.009549 0.020370
0 0.210417 0.046142 0.009549 0.020370
0 0.210417 0.046142 0.009549 0.020370
0 0.210417 0.046142 0.009549 0.020370
0 0.210417 0.046142 0.009549 0.020370
0 0.210417 0.046142 0.009549 0.020370
0 0.210417 0.046142 0.009549 0.020370
0 0.210417 0.046142 0.009549 0.020370
0 0.210417 0.046142 0.009549 0.020370
0 0.210417 0.046142 0.009549 0.020370
0 0.210417 0.046142 0.009549 0.020370
0 0.210417 0.046142 0.009549 0.020370
0 0.210417 0.046142 0.009549 0.020370
0 0.210417 0.046142 0.009549 0.020370
0 0.210417 0.046142 0.009549 0.020370
0 0.210417 0.046142 0.009549 0.020370
0 0.210417 0.046142 0.009549 0.020370
0 0.210417 0.046142 0.009549 0.020370
0 0.210417 0.046142 0.009549 0.020370
0 0.210417 0.046142 0.009549 0.020370
0 0.210156 0.047377 0.009549 0.020370
0 0.209939 0.049228 0.009462 0.020370
0 0.209939 0.050926 0.009462 0.020370
0 0.209679 0.052160 0.009462 0.020370
0 0.209679 0.053935 0.009462 0.020525
0 0.209462 0.055710 0.009549 0.020370
0 0.209201 0.056944 0.009549 0.020370
0 0.209201 0.058642 0.009549 0.020370
0 0.208941 0.060494 0.009549 0.020370
0 0.208941 0.062191 0.009549 0.020370
0 0.208941 0.062191 0.009549 0.020370
0 0.208941 0.062191 0.009549 0.020370
0 0.208941 0.062191 0.009549 0.020370
0 0.208941 0.062191 0.009549 0.020370
0 0.208941 0.062191 0.009549 0.020370
0 0.208941 0.062191 0.009549 0.020370
0 0.208941 0.062191 0.009549 0.020370
0 0.208941 0.062191 0.009549 0.020370
0 0.208941 0.062191 0.009549 0.020370
0 0.208941 0.062191 0.009549 0.020370
0 0.208941 0.062191 0.009549 0.020370
0 0.208941 0.062191 0.009549 0.020370
0 0.208941 0.062191 0.009549 0.020370
0 0.208941 0.062191 0.009549 0.020370
0 0.208941 0.062191 0.009549 0.020370
0 0.208941 0.062191 0.009549 0.020370
0 0.208941 0.062191 0.009549 0.020370
0 0.208941 0.062191 0.009549 0.020370
0 0.208941 0.062191 0.009549 0.020370
0 0.208941 0.062191 0.009549 0.020370
0 0.208941 0.062191 0.009549 0.020370
0 0.208941 0.062191 0.009549 0.020370
0 0.208941 0.062191 0.009549 0.020370
0 0.208941 0.062191 0.009549 0.020370
0 0.208941 0.062191 0.009549 0.020370
0 0.208941 0.062191 0.009549 0.020370
0 0.208941 0.062191 0.009549 0.020370
0 0.208941 0.062191 0.009549 0.020370
0 0.208941 0.062191 0.009549 0.020370
0 0.208941 0.062191 0.009549 0.020370
0 0.208941 0.062191 0.009549 0.020370
0 0.208941 0.062191 0.009549 0.020370
0 0.208941 0.062191 0.009549 0.020370
0 0.208941 0.062191 0.009549 0.020370
0 0.208941 0.062191 0.009549 0.020370
0 0.208941 0.062191 0.009549 0.020370
0 0.208941 0.062191 0.009549 0.020370
0 0.208941 0.062191 0.009549 0.020370
0 0.208941 0.062191 0.009549 0.020370
0 0.208941 0.062191 0.009549 0.020370
0 0.208941 0.062191 0.009549 0.020370
0 0.208941 0.062191 0.009549 0.020370
0 0.208941 0.062191 0.009549 0.020370
0 0.208941 0.062191 0.009549 0.020370
0 0.208941 0.062191 0.009549 0.020370
0 0.208941 0.062191 0.009549 0.020370
0 0.208941 0.062191 0.009549 0.020370
0 0.208941 0.062191 0.009549 0.020370
0 0.208941 0.062191 0.009549 0.020370
0 0.208941 0.062191 0.009549 0.020370
0 0.208941 0.062191 0.009549 0.020370
0 0.208941 0.062191 0.009549 0.020370
0 0.208941 0.062191 0.009549 0.020370
0 0.208941 0.062191 0.009549 0.020370
0 0.208941 0.062191 0.009549 0.020370
0 0.208941 0.062191 0.009549 0.020370
0 0.208941 0.062191 0.009549 0.020370
0 0.208941 0.062191 0.009549 0.020370
0 0.208941 0.062191 0.009549 0.020370
0 0.208941 0.062191 0.009549 0.020370
0 0.208941 0.062191 0.009549 0.020370
0 0.208941 0.062191 0.009549 0.020370
0 0.208941 0.062191 0.009549 0.020370
0 0.208941 0.062191 0.009549 0.020370
0 0.208941 0.062191 0.009549 0.020370
0 0.208941 0.062191 0.009549 0.020370
0 0.208941 0.062191 0.009549 0.020370
0 0.208941 0.062191 0.009549 0.020370
0 0.208941 0.062191 0.009549 0.020370
0 0.208941 0.062191 0.009549 0.020370
0 0.208941 0.056327 0.009549 0.019136
0 0.208941 0.050463 0.009549 0.017901
0 0.209071 0.044599 0.009809 0.016358
0 0.209071 0.038966 0.009809 0.015586
0 0.209332 0.033102 0.009809 0.014352
0 0.209332 0.027238 0.009809 0.013117
0 0.209332 0.021605 0.009809 0.012037
0 0.209418 0.015741 0.009983 0.010802
0 0.209418 0.009877 0.009983 0.009568
0 0.209679 0.004321 0.009983 0.008642
0 0.209679 0.005093 0.009983 0.009568
0 0.209679 0.006404 0.009983 0.010340
0 0.209679 0.007793 0.009983 0.011265
0 0.209809 0.008796 0.009722 0.012654
0 0.209939 0.010108 0.009983 0.013426
0 0.209939 0.011265 0.009983 0.013889
0 0.210069 0.012269 0.009722 0.015278
0 0.210069 0.013580 0.009722 0.016049
0 0.210069 0.014892 0.009722 0.016821
0 0.210286 0.016204 0.009809 0.017901
0 0.210286 0.017052 0.009809 0.017747
0 0.210286 0.018364 0.009809 0.017901
0 0.210547 0.019676 0.009809 0.017747
0 0.210547 0.020910 0.009809 0.017747
0 0.210807 0.022299 0.009809 0.017747
0 0.210807 0.023534 0.009809 0.017747
0 0.210807 0.024923 0.009809 0.017747
0 0.211024 0.026157 0.009722 0.017747
0 0.211024 0.027469 0.009722 0.017901
0 0.211285 0.028781 0.009722 0.017747
0 0.211024 0.030247 0.009722 0.018210
0 0.211024 0.032022 0.009722 0.018364
0 0.210938 0.033796 0.009549 0.018210
0 0.210807 0.035494 0.009809 0.019136
0 0.210807 0.037191 0.009809 0.019136
0 0.210677 0.038966 0.009549 0.018981
0 0.210547 0.040664 0.009809 0.019907
0 0.210417 0.042438 0.009549 0.020062
0 0.210417 0.044213 0.009549 0.019907
0 0.210417 0.046142 0.009549 0.020370
0 0.210156 0.047377 0.009549 0.020370
0 0.210156 0.048765 0.009549 0.020370
0 0.209939 0.050000 0.009462 0.020370
0 0.209939 0.051389 0.009462 0.020370
0 0.209679 0.052623 0.009462 0.020370
0 0.209679 0.053935 0.009462 0.020525
0 0.209462 0.055247 0.009549 0.020370
0 0.209462 0.056481 0.009549 0.020370
0 0.209201 0.057870 0.009549 0.020370
0 0.209201 0.059105 0.009549 0.020370
