0 0.069748 0.122685 0.011198 0.012037
0 0.069488 0.123765 0.011198 0.011728
0 0.069401 0.125077 0.011024 0.011574
0 0.069141 0.126389 0.011024 0.011728
0 0.069010 0.127623 0.010764 0.011728
0 0.068880 0.129244 0.010503 0.011265
0 0.068620 0.130478 0.010503 0.011265
0 0.068490 0.131867 0.010243 0.011265
0 0.068316 0.133102 0.010243 0.011265
0 0.068186 0.134336 0.009983 0.011265
0 0.068186 0.135957 0.009983 0.010802
0 0.067925 0.137191 0.009983 0.010802
0 0.067925 0.138580 0.009983 0.010802
0 0.067665 0.140046 0.009983 0.010340
0 0.067665 0.141358 0.009983 0.010494
0 0.067535 0.142824 0.009722 0.010031
0 0.067405 0.144213 0.009983 0.010031
0 0.067318 0.145448 0.009809 0.010031
0 0.067187 0.146991 0.010069 0.009414
0 0.067057 0.148302 0.009809 0.009568
0 0.067057 0.150000 0.009809 0.009568
0 0.066840 0.151389 0.009722 0.009568
0 0.066840 0.152623 0.009722 0.009568
0 0.066840 0.153935 0.009722 0.009414
0 0.066580 0.155710 0.009722 0.009568
0 0.066580 0.156944 0.009722 0.009568
0 0.066580 0.158256 0.009722 0.009414
0 0.066319 0.160031 0.009722 0.009568
0 0.066319 0.161265 0.009722 0.009568
0 0.066319 0.162654 0.009722 0.009568
0 0.066319 0.164352 0.009722 0.009568
0 0.066102 0.165586 0.009809 0.009568
0 0.066102 0.166975 0.009809 0.009568
0 0.066102 0.168210 0.009809 0.009568
0 0.066102 0.169985 0.009809 0.009414
0 0.066102 0.171296 0.009809 0.009568
0 0.065842 0.172531 0.009809 0.009568
0 0.065842 0.174306 0.009809 0.009414
0 0.065842 0.175617 0.009809 0.009568
0 0.065842 0.176929 0.009809 0.009414
0 0.065842 0.178704 0.009809 0.009568
0 0.065582 0.179475 0.009809 0.009568
0 0.065582 0.180864 0.009809 0.009568
0 0.065365 0.182099 0.009722 0.009568
0 0.065365 0.183256 0.009722 0.009105
0 0.065234 0.184491 0.009462 0.009105
0 0.065104 0.185880 0.009722 0.009105
0 0.064974 0.186883 0.009462 0.008642
0 0.064844 0.188194 0.009722 0.008796
0 0.064757 0.189506 0.009549 0.008642
0 0.064757 0.190818 0.009549 0.008796
0 0.064497 0.192130 0.009549 0.008642
0 0.064497 0.193364 0.009549 0.008642
0 0.064497 0.194753 0.009549 0.008642
0 0.064236 0.196451 0.009549 0.008642
0 0.064236 0.197685 0.009549 0.008642
0 0.064236 0.199074 0.009549 0.008642
0 0.064019 0.200772 0.009462 0.008642
0 0.064019 0.202083 0.009462 0.008796
0 0.064019 0.203395 0.009462 0.008642
0 0.064019 0.205093 0.009462 0.008642
0 0.063759 0.206404 0.009462 0.008796
0 0.063759 0.207716 0.009462 0.008642
0 0.063628 0.209259 0.009722 0.008333
0 0.063628 0.210802 0.009722 0.008642
0 0.063498 0.212269 0.009983 0.008179
0 0.063498 0.213580 0.009983 0.008333
0 0.063368 0.215123 0.010243 0.008642
0 0.063368 0.216590 0.010243 0.008179
0 0.063281 0.217901 0.010417 0.008333
0 0.063281 0.219676 0.010417 0.008179
0 0.063064 0.220910 0.010503 0.008179
0 0.063064 0.222222 0.010503 0.008333
0 0.063064 0.223765 0.010503 0.008642
0 0.062934 0.225077 0.010243 0.008796
0 0.062934 0.226852 0.010243 0.008642
0 0.062804 0.228086 0.010503 0.008642
0 0.062674 0.229398 0.010243 0.008796
0 0.062674 0.230941 0.010243 0.009105
0 0.062674 0.232176 0.010243 0.009105
0 0.062674 0.234028 0.010243 0.009105
0 0.062413 0.235262 0.010243 0.009105
0 0.062413 0.236497 0.010243 0.009105
0 0.062153 0.238117 0.010243 0.009568
0 0.062153 0.239352 0.010243 0.009568
0 0.062066 0.240895 0.010069 0.009877
0 0.061936 0.242207 0.010330 0.010031
0 0.061806 0.243519 0.010069 0.009877
0 0.061719 0.245062 0.010243 0.010494
0 0.061589 0.246296 0.009983 0.010494
0 0.061589 0.247840 0.009983 0.010802
0 0.061328 0.249151 0.009983 0.010957
0 0.061328 0.250463 0.009983 0.010802
0 0.061328 0.251698 0.009983 0.010802
0 0.061328 0.253086 0.009983 0.010802
0 0.061328 0.254321 0.009983 0.010802
0 0.061068 0.255710 0.009983 0.010802
0 0.061068 0.256944 0.009983 0.010802
0 0.061068 0.258256 0.009983 0.010957
0 0.061068 0.259568 0.009983 0.010802
0 0.061068 0.261265 0.009983 0.010802
0 0.060851 0.262577 0.010069 0.010957
0 0.060590 0.264120 0.010069 0.011265
0 0.060373 0.265586 0.009983 0.011728
0 0.060373 0.267207 0.009983 0.012191
0 0.060113 0.268673 0.009983 0.012654
0 0.059852 0.270216 0.009983 0.012963
0 0.059852 0.271682 0.009983 0.013426
0 0.059592 0.273225 0.009983 0.013735
0 0.059375 0.274769 0.010069 0.014352
0 0.059375 0.276235 0.010069 0.014815
0 0.059158 0.277315 0.009983 0.015123
0 0.059028 0.278627 0.010243 0.015278
0 0.058898 0.279938 0.009983 0.015123
0 0.058767 0.281250 0.010243 0.015278
0 0.058767 0.282562 0.010243 0.015123
0 0.058507 0.283873 0.010243 0.015278
0 0.058377 0.285185 0.010503 0.015123
0 0.058247 0.286420 0.010243 0.015123
0 0.058160 0.287731 0.010417 0.015278
0 0.058160 0.289043 0.010417 0.015123
0 0.057943 0.290355 0.010503 0.015278
0 0.057943 0.292130 0.010503 0.015123
0 0.057943 0.293364 0.010503 0.015123
0 0.057943 0.295139 0.010503 0.015278
0 0.057943 0.296451 0.010503 0.015123
0 0.057682 0.298148 0.010503 0.015123
0 0.057682 0.299460 0.010503 0.015278
0 0.057682 0.301235 0.010503 0.015123
0 0.057682 0.302469 0.010503 0.015123
0 0.057682 0.304244 0.010503 0.015278
0 0.057422 0.305556 0.010503 0.015123
0 0.057422 0.307022 0.010503 0.015586
0 0.057422 0.308410 0.010503 0.015586
0 0.057292 0.310108 0.010764 0.015586
0 0.057292 0.311343 0.010764 0.015586
0 0.057161 0.312963 0.010503 0.016049
0 0.057031 0.314429 0.010764 0.015586
0 0.057031 0.315895 0.010764 0.016049
0 0.057031 0.317284 0.010764 0.016049
0 0.057031 0.318981 0.010764 0.016049
0 0.056901 0.319907 0.010503 0.015123
0 0.057031 0.320756 0.010243 0.014352
0 0.057161 0.321836 0.009983 0.013117
0 0.057205 0.322685 0.009549 0.012037
0 0.057335 0.323997 0.009288 0.011265
0 0.057465 0.324846 0.009028 0.010494
0 0.057422 0.325772 0.008594 0.009568
0 0.057552 0.326775 0.008333 0.008179
0 0.057682 0.327623 0.008073 0.007407
0 0.057812 0.329012 0.007812 0.006481
0 0.057812 0.329012 0.007812 0.006481
0 0.057812 0.329012 0.007812 0.006481
0 0.057812 0.329012 0.007812 0.006481
0 0.057812 0.329012 0.007812 0.006481
0 0.057812 0.329012 0.007812 0.006481
0 0.057812 0.329012 0.007812 0.006481
0 0.057812 0.329012 0.007812 0.006481
0 0.057812 0.329012 0.007812 0.006481
0 0.057812 0.329012 0.007812 0.006481
0 0.057812 0.329012 0.007812 0.006481
0 0.057812 0.329012 0.007812 0.006481
0 0.057812 0.329012 0.007812 0.006481
0 0.057812 0.329012 0.007812 0.006481
0 0.057812 0.329012 0.007812 0.006481
0 0.057812 0.329012 0.007812 0.006481
0 0.057812 0.329012 0.007812 0.006481
0 0.057812 0.329012 0.007812 0.006481
0 0.057812 0.329012 0.007812 0.006481
0 0.057812 0.329012 0.007812 0.006481
0 0.057812 0.329012 0.007812 0.006481
0 0.057812 0.329012 0.007812 0.006481
0 0.057812 0.329012 0.007812 0.006481
0 0.057812 0.329012 0.007812 0.006481
0 0.057812 0.329012 0.007812 0.006481
0 0.057812 0.329012 0.007812 0.006481
0 0.057812 0.329012 0.007812 0.006481
0 0.057812 0.329012 0.007812 0.006481
0 0.057812 0.329012 0.007812 0.006481
