0 0.231033 0.038735 0.003906 0.012654
0 0.232509 0.039198 0.003906 0.012654
0 0.234245 0.039583 0.003906 0.012500
0 0.235720 0.040509 0.003906 0.012500
0 0.237370 0.040895 0.003906 0.012654
0 0.239106 0.041821 0.003906 0.012654
0 0.240582 0.042207 0.003906 0.012500
0 0.242231 0.042670 0.003906 0.012500
0 0.243707 0.043519 0.003906 0.012654
0 0.245443 0.043981 0.003906 0.012654
0 0.247179 0.044830 0.003906 0.012500
0 0.249870 0.045679 0.003906 0.012654
0 0.252734 0.046991 0.003906 0.012500
0 0.255686 0.048302 0.003906 0.012654
0 0.258637 0.049614 0.003906 0.012500
0 0.261589 0.050926 0.003906 0.012654
0 0.264193 0.051775 0.003906 0.012500
0 0.267144 0.053086 0.003906 0.012654
0 0.270095 0.054398 0.003906 0.012500
0 0.273047 0.055633 0.003906 0.012500
0 0.275911 0.056944 0.003906 0.012654
0 0.277127 0.057407 0.003906 0.012654
0 0.278385 0.058102 0.003819 0.012191
0 0.279644 0.058873 0.003906 0.012191
0 0.280946 0.059568 0.003733 0.011728
0 0.282248 0.060494 0.003906 0.011728
0 0.283550 0.061034 0.003906 0.011265
0 0.284852 0.061728 0.003733 0.010802
0 0.286068 0.062654 0.003733 0.010802
0 0.287326 0.063272 0.003646 0.010494
0 0.288759 0.064120 0.003733 0.010340
0 0.289497 0.064583 0.003646 0.010340
0 0.290451 0.064969 0.003646 0.010494
0 0.291406 0.065432 0.003646 0.010494
0 0.292448 0.065895 0.003646 0.010494
0 0.293403 0.066281 0.003646 0.010340
0 0.294097 0.066744 0.003646 0.010340
0 0.295095 0.067130 0.003733 0.010494
0 0.296094 0.067593 0.003646 0.010494
0 0.297049 0.068056 0.003646 0.010494
0 0.298003 0.068441 0.003646 0.010340
0 0.298003 0.068441 0.003646 0.010340
0 0.298003 0.068441 0.003646 0.010340
0 0.298264 0.068441 0.003646 0.010340
0 0.298264 0.068441 0.003646 0.010340
0 0.298524 0.068441 0.003646 0.010340
0 0.298524 0.068441 0.003646 0.010340
0 0.298524 0.068441 0.003646 0.010340
0 0.298785 0.068441 0.003646 0.010340
0 0.298785 0.068441 0.003646 0.010340
0 0.299002 0.068904 0.003733 0.010340
0 0.298785 0.068441 0.003646 0.010340
0 0.298524 0.068441 0.003646 0.010340
0 0.298264 0.068441 0.003646 0.010340
0 0.298264 0.068441 0.003646 0.010340
0 0.298003 0.068441 0.003646 0.010340
0 0.297786 0.068441 0.003733 0.010340
0 0.297786 0.068441 0.003733 0.010340
0 0.297569 0.068441 0.003646 0.010340
0 0.297309 0.068441 0.003646 0.010340
0 0.297309 0.068441 0.003646 0.010340
0 0.297049 0.068056 0.003646 0.010494
0 0.296788 0.068056 0.003646 0.010494
0 0.296571 0.068056 0.003733 0.010494
0 0.296354 0.068056 0.003646 0.010494
0 0.296354 0.068056 0.003646 0.010494
0 0.296094 0.067593 0.003646 0.010494
0 0.295833 0.067593 0.003646 0.010494
0 0.295573 0.067593 0.003646 0.010494
0 0.295312 0.067593 0.003646 0.010494
0 0.295312 0.067593 0.003646 0.010494
0 0.296354 0.068056 0.003646 0.010494
0 0.297309 0.068904 0.003646 0.010340
0 0.298264 0.069753 0.003646 0.010494
0 0.299219 0.070602 0.003646 0.010340
0 0.300434 0.071528 0.003646 0.010340
0 0.301476 0.071914 0.003646 0.010494
0 0.302431 0.072840 0.003646 0.010494
0 0.303385 0.073688 0.003646 0.010340
0 0.304340 0.074537 0.003646 0.010494
0 0.305599 0.075386 0.003733 0.010340
0 0.306337 0.075849 0.003646 0.010340
0 0.307031 0.076312 0.003646 0.010340
0 0.307812 0.076698 0.003646 0.010494
0 0.308507 0.077546 0.003646 0.010340
0 0.309288 0.078009 0.003646 0.010340
0 0.309983 0.078472 0.003646 0.010340
0 0.310720 0.079321 0.003733 0.010494
0 0.311458 0.079707 0.003646 0.010340
0 0.312153 0.080170 0.003646 0.010340
0 0.312934 0.081019 0.003646 0.010494
0 0.312934 0.081019 0.003646 0.010494
0 0.312934 0.081019 0.003646 0.010494
0 0.312934 0.081019 0.003646 0.010494
0 0.312934 0.081481 0.003646 0.010494
0 0.312934 0.081481 0.003646 0.010494
0 0.312934 0.081481 0.003646 0.010494
0 0.312934 0.081944 0.003646 0.010494
0 0.312934 0.081944 0.003646 0.010494
0 0.312934 0.081944 0.003646 0.010494
0 0.312934 0.082330 0.003646 0.010340
0 0.312674 0.082330 0.003646 0.010340
0 0.312413 0.082330 0.003646 0.010340
0 0.312413 0.082330 0.003646 0.010340
0 0.312153 0.082330 0.003646 0.010340
0 0.312153 0.082330 0.003646 0.010340
0 0.311936 0.082330 0.003733 0.010340
0 0.311719 0.082330 0.003646 0.010340
0 0.311719 0.082330 0.003646 0.010340
0 0.311458 0.082330 0.003646 0.010340
0 0.311458 0.082793 0.003646 0.010340
0 0.310937 0.082793 0.003646 0.010340
0 0.310503 0.082793 0.003646 0.010340
0 0.310243 0.082793 0.003646 0.010340
0 0.309722 0.082793 0.003646 0.010340
0 0.309462 0.083256 0.003646 0.010340
0 0.309028 0.083256 0.003646 0.010340
0 0.308507 0.083256 0.003646 0.010340
0 0.308247 0.083256 0.003646 0.010340
0 0.307812 0.083256 0.003646 0.010340
0 0.307552 0.083642 0.003646 0.010494
0 0.307031 0.083256 0.003646 0.010340
0 0.306814 0.083256 0.003733 0.010340
0 0.306597 0.083256 0.003646 0.010340
0 0.306337 0.083256 0.003646 0.010340
0 0.306076 0.083256 0.003646 0.010340
0 0.305816 0.082793 0.003646 0.010340
0 0.305599 0.082793 0.003733 0.010340
0 0.305382 0.082793 0.003646 0.010340
0 0.305122 0.082793 0.003646 0.010340
0 0.304861 0.082793 0.003646 0.010340
0 0.304991 0.083025 0.003906 0.010802
0 0.305252 0.083488 0.003906 0.010802
0 0.305512 0.084028 0.003906 0.011265
0 0.305599 0.084491 0.004080 0.011265
0 0.305816 0.085185 0.004167 0.011728
0 0.306076 0.085648 0.004167 0.011728
0 0.306207 0.086034 0.004427 0.011574
0 0.306467 0.086651 0.004427 0.012191
0 0.306684 0.087114 0.004340 0.012191
0 0.306944 0.087809 0.004340 0.012654
0 0.307161 0.088194 0.004427 0.012500
0 0.307682 0.088657 0.004427 0.012500
0 0.308160 0.089043 0.004340 0.012654
0 0.308637 0.089506 0.004427 0.012654
0 0.309115 0.090355 0.004340 0.012500
0 0.309635 0.090818 0.004340 0.012500
0 0.310113 0.091204 0.004427 0.012654
0 0.310590 0.091667 0.004340 0.012654
0 0.311068 0.092130 0.004427 0.012654
0 0.311589 0.092978 0.004427 0.012500
0 0.311589 0.092978 0.004427 0.012500
0 0.311589 0.092978 0.004427 0.012500
0 0.311589 0.092978 0.004427 0.012500
0 0.311589 0.092978 0.004427 0.012500
0 0.311589 0.092978 0.004427 0.012500
0 0.311589 0.092978 0.004427 0.012500
0 0.311589 0.092978 0.004427 0.012500
0 0.311589 0.092978 0.004427 0.012500
0 0.311589 0.092978 0.004427 0.012500
0 0.311589 0.092978 0.004427 0.012500
0 0.311589 0.092978 0.004427 0.012500
0 0.311589 0.092978 0.004427 0.012500
0 0.311589 0.092978 0.004427 0.012500
0 0.311589 0.092978 0.004427 0.012500
0 0.311589 0.092978 0.004427 0.012500
0 0.311589 0.092978 0.004427 0.012500
0 0.311589 0.092978 0.004427 0.012500
0 0.311589 0.092978 0.004427 0.012500
0 0.311589 0.092978 0.004427 0.012500
0 0.311589 0.092978 0.004427 0.012500
0 0.311589 0.092978 0.004427 0.012500
0 0.311589 0.092978 0.004427 0.012500
0 0.311589 0.092978 0.004427 0.012500
0 0.311589 0.092978 0.004427 0.012500
0 0.311589 0.092978 0.004427 0.012500
0 0.311589 0.092978 0.004427 0.012500
0 0.311589 0.092978 0.004427 0.012500
0 0.311589 0.092978 0.004427 0.012500
0 0.311589 0.092978 0.004427 0.012500
0 0.311589 0.092978 0.004427 0.012500
