0 0.232031 0.281250 0.004861 0.020525
0 0.232031 0.281250 0.004861 0.020525
0 0.232292 0.281636 0.004861 0.020370
0 0.232292 0.281636 0.004861 0.020370
0 0.232509 0.282099 0.004948 0.020370
0 0.232509 0.282099 0.004948 0.020370
0 0.232726 0.282562 0.004861 0.020370
0 0.232726 0.282562 0.004861 0.020370
0 0.232986 0.283025 0.004861 0.020370
0 0.232986 0.283025 0.004861 0.020370
0 0.233247 0.283488 0.004861 0.020370
0 0.233247 0.283488 0.004861 0.020370
0 0.233247 0.283488 0.004861 0.020370
0 0.233247 0.283488 0.004861 0.020370
0 0.233247 0.283488 0.004861 0.020370
0 0.233247 0.283488 0.004861 0.020370
0 0.233247 0.283488 0.004861 0.020370
0 0.233247 0.283488 0.004861 0.020370
0 0.233247 0.283488 0.004861 0.020370
0 0.233247 0.283488 0.004861 0.020370
0 0.233247 0.283488 0.004861 0.020370
0 0.233247 0.283488 0.004861 0.020370
0 0.233247 0.283488 0.004861 0.020370
0 0.233247 0.283488 0.004861 0.020370
0 0.233247 0.283488 0.004861 0.020370
0 0.233247 0.283488 0.004861 0.020370
0 0.233247 0.283488 0.004861 0.020370
0 0.233247 0.283488 0.004861 0.020370
0 0.233247 0.283488 0.004861 0.020370
0 0.233247 0.283488 0.004861 0.020370
0 0.233247 0.283488 0.004861 0.020370
0 0.233247 0.283488 0.004861 0.020370
0 0.233247 0.283488 0.004861 0.020370
0 0.233247 0.283488 0.004861 0.020370
0 0.233247 0.283488 0.004861 0.020370
0 0.233247 0.283488 0.004861 0.020370
0 0.233247 0.283488 0.004861 0.020370
0 0.233247 0.283488 0.004861 0.020370
0 0.233247 0.283488 0.004861 0.020370
0 0.233247 0.283488 0.004861 0.020370
0 0.233247 0.283488 0.004861 0.020370
0 0.233247 0.283488 0.004861 0.020370
0 0.233247 0.283488 0.004861 0.020370
0 0.233247 0.283488 0.004861 0.020370
0 0.233247 0.283488 0.004861 0.020370
0 0.233247 0.283488 0.004861 0.020370
0 0.233247 0.283488 0.004861 0.020370
0 0.233247 0.283488 0.004861 0.020370
0 0.233247 0.283488 0.004861 0.020370
0 0.233247 0.283488 0.004861 0.020370
0 0.233247 0.283488 0.004861 0.020370
0 0.233247 0.283488 0.004861 0.020370
0 0.233247 0.283488 0.004861 0.020370
0 0.233247 0.283488 0.004861 0.020370
0 0.233247 0.283488 0.004861 0.020370
0 0.233247 0.283488 0.004861 0.020370
0 0.233247 0.283488 0.004861 0.020370
0 0.233247 0.283488 0.004861 0.020370
0 0.233247 0.283488 0.004861 0.020370
0 0.233247 0.283488 0.004861 0.020370
0 0.233247 0.283488 0.004861 0.020370
0 0.233247 0.283488 0.004861 0.020370
0 0.233247 0.283488 0.004861 0.020370
0 0.233247 0.283488 0.004861 0.020370
0 0.233247 0.283488 0.004861 0.020370
0 0.233247 0.283488 0.004861 0.020370
0 0.233247 0.283488 0.004861 0.020370
0 0.233247 0.283488 0.004861 0.020370
0 0.233247 0.283488 0.004861 0.020370
0 0.233247 0.283488 0.004861 0.020370
0 0.233247 0.283488 0.004861 0.020370
0 0.233247 0.283488 0.004861 0.020370
0 0.233247 0.283488 0.004861 0.020370
0 0.233247 0.283488 0.004861 0.020370
0 0.233247 0.283488 0.004861 0.020370
0 0.233247 0.283488 0.004861 0.020370
0 0.233247 0.283488 0.004861 0.020370
0 0.233247 0.283488 0.004861 0.020370
0 0.233247 0.283488 0.004861 0.020370
0 0.233247 0.283488 0.004861 0.020370
0 0.233247 0.283488 0.004861 0.020370
0 0.233247 0.283488 0.004861 0.020370
0 0.233247 0.283488 0.004861 0.020370
0 0.233247 0.283488 0.004861 0.020370
0 0.233247 0.283488 0.004861 0.020370
0 0.233247 0.283488 0.004861 0.020370
0 0.233247 0.283488 0.004861 0.020370
0 0.233247 0.283488 0.004861 0.020370
0 0.233247 0.283488 0.004861 0.020370
0 0.233247 0.283488 0.004861 0.020370
0 0.233247 0.283488 0.004861 0.020370
0 0.233247 0.283488 0.004861 0.020370
0 0.233247 0.283488 0.004861 0.020370
0 0.233247 0.283488 0.004861 0.020370
0 0.233247 0.283488 0.004861 0.020370
0 0.233247 0.283488 0.004861 0.020370
0 0.233247 0.283488 0.004861 0.020370
0 0.233247 0.283488 0.004861 0.020370
0 0.233247 0.283488 0.004861 0.020370
0 0.233247 0.283488 0.004861 0.020370
0 0.233247 0.283488 0.004861 0.020370
0 0.233247 0.283488 0.004861 0.020370
0 0.233247 0.283488 0.004861 0.020370
0 0.233247 0.283488 0.004861 0.020370
0 0.233247 0.283488 0.004861 0.020370
0 0.233247 0.283488 0.004861 0.020370
0 0.233247 0.283488 0.004861 0.020370
0 0.233247 0.283488 0.004861 0.020370
0 0.233247 0.283488 0.004861 0.020370
0 0.233247 0.283488 0.004861 0.020370
0 0.233247 0.283488 0.004861 0.020370
0 0.233247 0.283488 0.004861 0.020370
0 0.233247 0.283488 0.004861 0.020370
0 0.233247 0.283488 0.004861 0.020370
0 0.233247 0.283488 0.004861 0.020370
0 0.233247 0.283488 0.004861 0.020370
0 0.233247 0.283488 0.004861 0.020370
0 0.233247 0.283488 0.004861 0.020370
0 0.233247 0.283488 0.004861 0.020370
0 0.233247 0.283488 0.004861 0.020370
0 0.233247 0.283488 0.004861 0.020370
0 0.233247 0.283488 0.004861 0.020370
0 0.233247 0.283488 0.004861 0.020370
0 0.233247 0.283488 0.004861 0.020370
0 0.233247 0.283488 0.004861 0.020370
0 0.233247 0.283488 0.004861 0.020370
0 0.233247 0.283488 0.004861 0.020370
0 0.233247 0.283488 0.004861 0.020370
0 0.233247 0.283488 0.004861 0.020370
0 0.233247 0.283488 0.004861 0.020370
0 0.233507 0.283488 0.004861 0.020370
0 0.233507 0.283488 0.004861 0.020370
0 0.233507 0.283488 0.004861 0.020370
0 0.233507 0.283488 0.004861 0.020370
0 0.233507 0.283488 0.004861 0.020370
0 0.233507 0.283488 0.004861 0.020370
0 0.233507 0.283488 0.004861 0.020370
0 0.233507 0.283488 0.004861 0.020370
0 0.233507 0.283488 0.004861 0.020370
0 0.233507 0.283488 0.004861 0.020370
0 0.233507 0.283488 0.004861 0.020370
0 0.233507 0.283488 0.004861 0.020370
0 0.233507 0.283488 0.004861 0.020370
0 0.233507 0.283488 0.004861 0.020370
0 0.233507 0.283488 0.004861 0.020370
0 0.233507 0.283488 0.004861 0.020370
0 0.233507 0.283488 0.004861 0.020370
0 0.233507 0.283488 0.004861 0.020370
0 0.233507 0.283488 0.004861 0.020370
0 0.233507 0.283488 0.004861 0.020370
0 0.233507 0.283488 0.004861 0.020370
0 0.233507 0.283488 0.004861 0.020370
0 0.233507 0.283488 0.004861 0.020370
0 0.233507 0.283488 0.004861 0.020370
0 0.233507 0.283488 0.004861 0.020370
0 0.233507 0.283488 0.004861 0.020370
0 0.233507 0.283488 0.004861 0.020370
0 0.233507 0.283488 0.004861 0.020370
0 0.233507 0.283488 0.004861 0.020370
0 0.233507 0.283488 0.004861 0.020370
0 0.233507 0.283488 0.004861 0.020370
0 0.233507 0.283488 0.004861 0.020370
0 0.233507 0.283488 0.004861 0.020370
0 0.233507 0.283488 0.004861 0.020370
0 0.233507 0.283488 0.004861 0.020370
0 0.233507 0.283488 0.004861 0.020370
0 0.233507 0.283488 0.004861 0.020370
0 0.233507 0.283488 0.004861 0.020370
0 0.233507 0.283488 0.004861 0.020370
0 0.233507 0.283488 0.004861 0.020370
0 0.233507 0.283488 0.004861 0.020370
0 0.233507 0.283488 0.004861 0.020370
0 0.233507 0.283488 0.004861 0.020370
0 0.233507 0.283488 0.004861 0.020370
0 0.233507 0.283488 0.004861 0.020370
0 0.233507 0.283488 0.004861 0.020370
0 0.233507 0.283488 0.004861 0.020370
0 0.233507 0.283488 0.004861 0.020370
0 0.233507 0.283488 0.004861 0.020370
0 0.233507 0.283488 0.004861 0.020370
0 0.233507 0.283488 0.004861 0.020370
