0 0.133333 0.327469 0.008507 0.010494
0 0.120052 0.294444 0.007812 0.009568
0 0.106727 0.261960 0.007031 0.008796
0 0.093446 0.229398 0.006337 0.007870
0 0.080122 0.196373 0.005556 0.006944
0 0.066840 0.163889 0.004861 0.006173
0 0.053516 0.131327 0.004080 0.005247
0 0.040234 0.098457 0.003385 0.004321
0 0.026953 0.065895 0.002691 0.003395
0 0.013628 0.033333 0.001910 0.002469
0 0.000477 0.000849 0.000955 0.001698
0 0.000477 0.000849 0.000955 0.001698
0 0.000477 0.000849 0.000955 0.001698
0 0.000477 0.000849 0.000955 0.001698
0 0.000477 0.000849 0.000955 0.001698
0 0.000477 0.000849 0.000955 0.001698
0 0.000477 0.000849 0.000955 0.001698
0 0.000477 0.000849 0.000955 0.001698
0 0.000477 0.000849 0.000955 0.001698
0 0.000477 0.000849 0.000955 0.001698
0 0.000477 0.000849 0.000955 0.001698
0 0.000477 0.000849 0.000955 0.001698
0 0.000477 0.000849 0.000955 0.001698
0 0.000477 0.000849 0.000955 0.001698
0 0.000477 0.000849 0.000955 0.001698
0 0.000477 0.000849 0.000955 0.001698
0 0.000477 0.000849 0.000955 0.001698
0 0.000477 0.000849 0.000955 0.001698
0 0.000477 0.000849 0.000955 0.001698
0 0.000477 0.000849 0.000955 0.001698
0 0.000477 0.000849 0.000955 0.001698
0 0.017622 0.004861 0.001736 0.003858
0 0.034852 0.009259 0.002517 0.006481
0 0.052040 0.013657 0.003212 0.009105
0 0.069358 0.017901 0.003646 0.011728
0 0.086589 0.022531 0.004427 0.013889
0 0.103776 0.026775 0.005122 0.016512
0 0.121137 0.031173 0.005642 0.019136
0 0.138325 0.035494 0.006337 0.021605
0 0.155512 0.039815 0.007031 0.024383
0 0.172873 0.044367 0.007552 0.026389
0 0.172873 0.057407 0.007552 0.026543
0 0.172873 0.070679 0.007552 0.026852
0 0.173003 0.083873 0.007812 0.026389
0 0.173090 0.097068 0.007639 0.026852
0 0.173177 0.110340 0.007812 0.026543
0 0.173177 0.123611 0.007812 0.026852
0 0.173307 0.136574 0.007552 0.026852
0 0.173437 0.150000 0.007812 0.026852
0 0.173437 0.163040 0.007812 0.027006
0 0.173698 0.176466 0.007812 0.027006
0 0.173698 0.185648 0.007812 0.026852
0 0.173958 0.194907 0.007812 0.026543
0 0.173958 0.204475 0.007812 0.026543
0 0.174219 0.213812 0.007812 0.026080
0 0.174306 0.223380 0.007639 0.026080
0 0.174392 0.232485 0.007812 0.026080
0 0.174523 0.241821 0.007552 0.025617
0 0.174653 0.251312 0.007812 0.025463
0 0.174783 0.260648 0.007552 0.025309
0 0.175043 0.270139 0.007552 0.025154
0 0.175043 0.270139 0.007552 0.025154
0 0.175043 0.270139 0.007552 0.025154
0 0.175043 0.270139 0.007552 0.025154
0 0.175043 0.270139 0.007552 0.025154
0 0.175043 0.270139 0.007552 0.025154
0 0.175043 0.270139 0.007552 0.025154
0 0.175043 0.270139 0.007552 0.025154
0 0.175043 0.270139 0.007552 0.025154
0 0.175043 0.270139 0.007552 0.025154
0 0.175043 0.270139 0.007552 0.025154
0 0.175043 0.270602 0.007552 0.025154
0 0.175043 0.271528 0.007552 0.025154
0 0.175043 0.272145 0.007552 0.025463
0 0.175174 0.272762 0.007292 0.025154
0 0.175304 0.273457 0.007552 0.025617
0 0.175304 0.274306 0.007552 0.025463
0 0.175434 0.274691 0.007292 0.025617
0 0.175434 0.275617 0.007292 0.025617
0 0.175434 0.276312 0.007292 0.026080
0 0.175651 0.277083 0.007378 0.026080
0 0.175434 0.277083 0.007292 0.026080
0 0.175174 0.277083 0.007292 0.026080
0 0.174913 0.277083 0.007292 0.026080
0 0.174653 0.277083 0.007292 0.026080
0 0.174653 0.277546 0.007292 0.026080
0 0.174436 0.277546 0.007378 0.026080
0 0.174175 0.277546 0.007378 0.026080
0 0.173958 0.277546 0.007292 0.026080
0 0.173698 0.277546 0.007292 0.026080
0 0.173698 0.278009 0.007292 0.026080
0 0.172005 0.278009 0.007378 0.026080
0 0.170530 0.278472 0.007378 0.026080
0 0.169054 0.278472 0.007378 0.026080
0 0.167622 0.278858 0.007292 0.025926
0 0.166146 0.279321 0.007292 0.025926
0 0.164410 0.279321 0.007292 0.025926
0 0.162977 0.279707 0.007378 0.026080
0 0.161502 0.279707 0.007378 0.026080
0 0.160026 0.280170 0.007378 0.026080
0 0.158594 0.280633 0.007292 0.026080
0 0.157812 0.280633 0.007292 0.026080
0 0.157118 0.280633 0.007292 0.026080
0 0.156380 0.281019 0.007378 0.025926
0 0.155642 0.281019 0.007292 0.025926
0 0.154905 0.281481 0.007378 0.025926
0 0.154167 0.281481 0.007292 0.025926
0 0.153472 0.281481 0.007292 0.025926
0 0.152691 0.281867 0.007292 0.026080
0 0.151997 0.281867 0.007292 0.026080
0 0.151259 0.282330 0.007378 0.026080
0 0.150998 0.282099 0.007378 0.026543
0 0.150998 0.282099 0.007378 0.026543
0 0.150868 0.282099 0.007118 0.026543
0 0.150781 0.282176 0.007292 0.027315
0 0.150781 0.282176 0.007292 0.027315
0 0.150651 0.282176 0.007031 0.027315
0 0.150521 0.282176 0.007292 0.028241
0 0.150391 0.282176 0.007031 0.028241
0 0.150391 0.282176 0.007031 0.028241
0 0.150391 0.282330 0.007031 0.028549
0 0.150174 0.281944 0.007118 0.028704
0 0.150174 0.281481 0.007118 0.028704
0 0.150174 0.281481 0.007118 0.028704
0 0.150174 0.281019 0.007118 0.028704
0 0.150174 0.281019 0.007118 0.028704
0 0.149913 0.280633 0.007118 0.028549
0 0.149913 0.280170 0.007118 0.028549
0 0.149913 0.280170 0.007118 0.028549
0 0.149913 0.279707 0.007118 0.028549
0 0.149913 0.279707 0.007118 0.028549
0 0.149653 0.279707 0.007118 0.028549
0 0.149436 0.280170 0.007031 0.028549
0 0.149175 0.280633 0.007031 0.028549
0 0.148915 0.280633 0.007031 0.028549
0 0.148698 0.281019 0.007118 0.028704
0 0.148438 0.281481 0.007118 0.028704
0 0.148177 0.281481 0.007118 0.028704
0 0.147960 0.281944 0.007031 0.028704
0 0.147700 0.282330 0.007031 0.028549
0 0.147700 0.282793 0.007031 0.028549
0 0.147092 0.283873 0.007378 0.028241
0 0.146615 0.285108 0.007292 0.028241
0 0.146137 0.286497 0.007378 0.028241
0 0.145660 0.287731 0.007292 0.028241
0 0.145139 0.289043 0.007292 0.028086
0 0.144661 0.290355 0.007378 0.028241
0 0.144184 0.291667 0.007292 0.028086
0 0.143663 0.292978 0.007292 0.028241
0 0.143186 0.294213 0.007378 0.028241
0 0.142839 0.295602 0.007552 0.028241
0 0.142448 0.297299 0.007812 0.028241
0 0.142187 0.298997 0.007812 0.028241
0 0.142014 0.300772 0.007812 0.028086
0 0.141623 0.302546 0.008073 0.028241
0 0.141363 0.304475 0.008073 0.027778
0 0.141102 0.306173 0.008073 0.027778
0 0.140755 0.307870 0.008247 0.027778
0 0.140495 0.309722 0.008247 0.027778
0 0.140278 0.311420 0.008333 0.027778
0 0.140148 0.313580 0.008594 0.027778
0 0.139410 0.314892 0.008507 0.026080
0 0.138672 0.316204 0.008594 0.024383
0 0.137934 0.317438 0.008507 0.022531
0 0.137240 0.318750 0.008507 0.020833
0 0.136719 0.320525 0.008507 0.019136
0 0.136024 0.321836 0.008507 0.017438
0 0.135243 0.323071 0.008507 0.015586
0 0.134549 0.324383 0.008507 0.013889
0 0.133811 0.325694 0.008594 0.012191
0 0.133333 0.327469 0.008507 0.010494
0 0.133333 0.327469 0.008507 0.010494
0 0.133333 0.327469 0.008507 0.010494
0 0.133333 0.327469 0.008507 0.010494
0 0.133333 0.327469 0.008507 0.010494
0 0.133333 0.327469 0.008507 0.010494
0 0.133333 0.327469 0.008507 0.010494
0 0.133333 0.327469 0.008507 0.010494
0 0.133333 0.327469 0.008507 0.010494
0 0.133333 0.327469 0.008507 0.010494
0 0.133333 0.327469 0.008507 0.010494
