0 0.131120 0.128395 0.006510 0.013889
0 0.117969 0.115509 0.006076 0.012500
0 0.104861 0.102701 0.005382 0.011265
0 0.091710 0.089892 0.004948 0.010031
0 0.078776 0.077160 0.004427 0.008642
0 0.065712 0.064583 0.003646 0.007870
0 0.052561 0.051775 0.003212 0.006636
0 0.039627 0.038966 0.002691 0.005093
0 0.026432 0.026157 0.002170 0.003858
0 0.013411 0.013349 0.001476 0.002623
0 0.000477 0.000849 0.000955 0.001698
0 0.013411 0.013349 0.001476 0.002623
0 0.026432 0.026157 0.002170 0.003858
0 0.039627 0.038966 0.002691 0.005093
0 0.052561 0.051775 0.003212 0.006636
0 0.065712 0.064583 0.003646 0.007870
0 0.078776 0.077160 0.004427 0.008642
0 0.091710 0.089892 0.004948 0.010031
0 0.104861 0.102701 0.005382 0.011265
0 0.117969 0.115509 0.006076 0.012500
0 0.131120 0.128395 0.006510 0.013889
0 0.131120 0.128395 0.006510 0.013889
0 0.131120 0.128395 0.006510 0.013889
0 0.131120 0.128395 0.006510 0.013889
0 0.131120 0.128395 0.006510 0.013889
0 0.131120 0.128395 0.006510 0.013889
0 0.131120 0.128395 0.006510 0.013889
0 0.131120 0.128395 0.006510 0.013889
0 0.131120 0.128395 0.006510 0.013889
0 0.131120 0.128395 0.006510 0.013889
0 0.131120 0.128395 0.006510 0.013889
0 0.131120 0.128395 0.006510 0.013889
0 0.131120 0.128395 0.006510 0.013889
0 0.131120 0.128395 0.006510 0.013889
0 0.131120 0.128395 0.006510 0.013889
0 0.131120 0.128395 0.006510 0.013889
0 0.131120 0.128395 0.006510 0.013889
0 0.131120 0.128395 0.006510 0.013889
0 0.131120 0.128395 0.006510 0.013889
0 0.131120 0.128395 0.006510 0.013889
0 0.131120 0.128395 0.006510 0.013889
0 0.131120 0.128395 0.006510 0.013889
0 0.131120 0.128395 0.006510 0.013889
0 0.131120 0.128395 0.006510 0.013889
0 0.131120 0.128395 0.006510 0.013889
0 0.131120 0.128395 0.006510 0.013889
0 0.131120 0.128395 0.006510 0.013889
0 0.131120 0.128395 0.006510 0.013889
0 0.131120 0.128395 0.006510 0.013889
0 0.131120 0.128395 0.006510 0.013889
0 0.131120 0.128395 0.006510 0.013889
0 0.130903 0.130093 0.006597 0.013889
0 0.130903 0.131790 0.006597 0.013889
0 0.130903 0.133488 0.006597 0.013889
0 0.130642 0.135340 0.006597 0.013889
0 0.130642 0.137037 0.006597 0.013889
0 0.130642 0.138735 0.006597 0.013889
0 0.130382 0.140432 0.006597 0.013889
0 0.130382 0.142284 0.006597 0.013889
0 0.130382 0.143981 0.006597 0.013889
0 0.130382 0.145679 0.006597 0.013889
0 0.130382 0.145679 0.006597 0.013889
0 0.130382 0.145679 0.006597 0.013889
0 0.130382 0.145679 0.006597 0.013889
0 0.130382 0.145679 0.006597 0.013889
0 0.130382 0.145679 0.006597 0.013889
0 0.130382 0.145679 0.006597 0.013889
0 0.130382 0.145679 0.006597 0.013889
0 0.130382 0.145679 0.006597 0.013889
0 0.130382 0.145679 0.006597 0.013889
0 0.130382 0.145679 0.006597 0.013889
0 0.128212 0.131327 0.006597 0.012963
0 0.125955 0.117052 0.006597 0.012191
0 0.123785 0.102701 0.006597 0.011265
0 0.121745 0.088426 0.006858 0.010494
0 0.119531 0.074306 0.006771 0.009105
0 0.117318 0.060031 0.006858 0.008333
0 0.115278 0.045679 0.007118 0.007407
0 0.113064 0.031327 0.007031 0.006481
0 0.110851 0.017052 0.007118 0.005710
0 0.108898 0.003164 0.007031 0.004784
0 0.109158 0.003395 0.007031 0.006173
0 0.109549 0.004012 0.007292 0.007407
0 0.109766 0.004475 0.007378 0.008333
0 0.110113 0.005093 0.007552 0.009568
0 0.110373 0.005556 0.007552 0.010494
0 0.110764 0.006019 0.007812 0.012037
0 0.111024 0.006481 0.007812 0.012963
0 0.111328 0.007099 0.008073 0.014198
0 0.111589 0.007562 0.008073 0.015123
0 0.111979 0.008179 0.008333 0.016358
0 0.112457 0.009491 0.008247 0.016512
0 0.112934 0.010725 0.008333 0.016512
0 0.113411 0.012500 0.008247 0.016358
0 0.113932 0.013812 0.008247 0.016512
0 0.114410 0.015509 0.008333 0.016512
0 0.114887 0.016898 0.008247 0.016512
0 0.115365 0.018133 0.008333 0.016512
0 0.115885 0.019830 0.008333 0.016512
0 0.116363 0.021219 0.008247 0.016512
0 0.117101 0.022917 0.008333 0.016512
0 0.117448 0.024074 0.008507 0.016049
0 0.117839 0.025309 0.008767 0.016049
0 0.118142 0.026543 0.009028 0.016049
0 0.118663 0.027932 0.009028 0.016049
0 0.119054 0.029398 0.009288 0.015586
0 0.119401 0.030710 0.009462 0.015741
0 0.119878 0.032022 0.009549 0.015586
0 0.120269 0.033333 0.009809 0.015741
0 0.120616 0.034645 0.009983 0.015586
0 0.121137 0.036111 0.009983 0.015123
0 0.121571 0.037423 0.009983 0.015278
0 0.122352 0.038966 0.009983 0.014660
0 0.122960 0.040509 0.009809 0.015278
0 0.123568 0.041975 0.009983 0.014815
0 0.124175 0.043519 0.009809 0.015123
0 0.124913 0.045062 0.009722 0.014815
0 0.125391 0.046373 0.009809 0.014660
0 0.126128 0.048071 0.009722 0.014660
0 0.126736 0.049383 0.009549 0.014815
0 0.127431 0.051080 0.009549 0.014815
0 0.127561 0.052392 0.009288 0.014660
0 0.127951 0.053704 0.009028 0.014815
0 0.128212 0.055015 0.009028 0.014660
0 0.128429 0.056327 0.008594 0.014815
0 0.128689 0.057793 0.008594 0.014352
0 0.129036 0.059182 0.008247 0.014352
0 0.129167 0.060417 0.007986 0.014352
0 0.129514 0.061728 0.007812 0.014198
0 0.129774 0.063040 0.007812 0.014352
0 0.130165 0.064738 0.007552 0.014352
0 0.130252 0.066127 0.007378 0.014352
0 0.130512 0.067593 0.007378 0.013889
0 0.130729 0.069059 0.007292 0.014352
0 0.131120 0.070679 0.007031 0.013889
0 0.131380 0.072145 0.007031 0.014352
0 0.131597 0.073611 0.007118 0.013889
0 0.131988 0.075000 0.006858 0.013889
0 0.132205 0.076698 0.006771 0.013889
0 0.132465 0.078009 0.006771 0.013735
0 0.132812 0.079784 0.006597 0.013889
0 0.132812 0.081019 0.006597 0.013889
0 0.132812 0.082716 0.006597 0.013889
0 0.132812 0.084568 0.006597 0.013889
0 0.132812 0.085802 0.006597 0.013889
0 0.132812 0.087500 0.006597 0.013889
0 0.132812 0.089352 0.006597 0.013889
0 0.132812 0.090586 0.006597 0.013889
0 0.132812 0.092284 0.006597 0.013889
0 0.132812 0.094059 0.006597 0.013735
0 0.133073 0.095833 0.006597 0.013889
0 0.132812 0.097068 0.006597 0.013889
0 0.132812 0.098765 0.006597 0.013889
0 0.132812 0.100617 0.006597 0.013889
0 0.132552 0.102315 0.006597 0.013889
0 0.132552 0.104012 0.006597 0.013889
0 0.132552 0.105401 0.006597 0.013889
0 0.132335 0.107099 0.006510 0.013889
0 0.132335 0.108796 0.006510 0.013889
0 0.132335 0.110494 0.006510 0.013889
0 0.132335 0.112346 0.006510 0.013889
0 0.132118 0.113580 0.006597 0.013889
0 0.132118 0.115278 0.006597 0.013889
0 0.131858 0.117052 0.006597 0.013735
0 0.131858 0.118364 0.006597 0.013889
0 0.131597 0.120062 0.006597 0.013889
0 0.131597 0.121759 0.006597 0.013889
0 0.131337 0.123148 0.006597 0.013889
0 0.131337 0.124846 0.006597 0.013889
0 0.131120 0.126543 0.006510 0.013889
0 0.131120 0.128395 0.006510 0.013889
0 0.130903 0.129630 0.006597 0.013889
0 0.130903 0.130864 0.006597 0.013889
0 0.130903 0.132253 0.006597 0.013889
0 0.130642 0.133951 0.006597 0.013889
0 0.130642 0.135340 0.006597 0.013889
0 0.130642 0.136574 0.006597 0.013889
0 0.130642 0.137809 0.006597 0.013889
0 0.130382 0.139660 0.006597 0.013889
0 0.130382 0.140895 0.006597 0.013889
0 0.130382 0.142284 0.006597 0.013889
