0 0.129687 0.145679 0.009028 0.012963
0 0.129167 0.146991 0.009028 0.013117
0 0.128646 0.148302 0.009028 0.012963
0 0.128212 0.149614 0.009028 0.013117
0 0.127691 0.150926 0.009028 0.012963
0 0.127214 0.152160 0.009115 0.012963
0 0.126736 0.153472 0.009028 0.013117
0 0.126215 0.154784 0.009028 0.012963
0 0.125781 0.156096 0.009028 0.013117
0 0.125260 0.157407 0.009028 0.012963
0 0.124740 0.158719 0.009028 0.013117
0 0.124306 0.160031 0.009028 0.012963
0 0.124045 0.161265 0.009028 0.012963
0 0.123655 0.162654 0.008767 0.012963
0 0.123351 0.163889 0.009028 0.012963
0 0.122960 0.165201 0.008767 0.013117
0 0.122700 0.166512 0.008767 0.012963
0 0.122179 0.167824 0.008767 0.013117
0 0.121962 0.169136 0.008854 0.012963
0 0.121615 0.170370 0.008507 0.012963
0 0.121354 0.171759 0.008507 0.012963
0 0.120877 0.172531 0.008594 0.012963
0 0.120616 0.173920 0.008594 0.012963
0 0.120399 0.174769 0.008507 0.013117
0 0.120139 0.176080 0.008507 0.012963
0 0.119878 0.177315 0.008507 0.012963
0 0.119661 0.178241 0.008594 0.012963
0 0.119401 0.179475 0.008594 0.012963
0 0.119184 0.180401 0.008507 0.012963
0 0.118924 0.181713 0.008507 0.013117
0 0.118663 0.183025 0.008507 0.012963
0 0.118186 0.184259 0.008594 0.013889
0 0.117708 0.185802 0.008507 0.014198
0 0.117448 0.187114 0.008507 0.015278
0 0.116970 0.188657 0.008594 0.015586
0 0.116710 0.190123 0.008594 0.016049
0 0.116233 0.191435 0.008507 0.016821
0 0.115755 0.192978 0.008594 0.017438
0 0.115495 0.194290 0.008594 0.018210
0 0.115017 0.195756 0.008507 0.018673
0 0.114757 0.197531 0.008507 0.019444
0 0.114410 0.198997 0.008333 0.019907
0 0.114149 0.201003 0.008333 0.020525
0 0.113932 0.203009 0.008247 0.020833
0 0.113672 0.204475 0.008247 0.021296
0 0.113542 0.206404 0.007986 0.021759
0 0.113194 0.208410 0.007812 0.022068
0 0.112934 0.209877 0.007812 0.022531
0 0.112674 0.211806 0.007812 0.022994
0 0.112413 0.213735 0.007812 0.023457
0 0.112326 0.215741 0.007639 0.023765
0 0.112109 0.217515 0.007552 0.023920
0 0.111979 0.219676 0.007812 0.023920
0 0.111719 0.221836 0.007812 0.023920
0 0.111719 0.223534 0.007812 0.023920
0 0.111458 0.225694 0.007812 0.023920
0 0.111328 0.227855 0.008073 0.023920
0 0.111198 0.229630 0.007812 0.023765
0 0.111111 0.231790 0.007986 0.023765
0 0.110894 0.233951 0.008073 0.023765
0 0.110894 0.236111 0.008073 0.023765
0 0.110634 0.237191 0.008073 0.023457
0 0.110503 0.238349 0.007812 0.022994
0 0.110243 0.239583 0.007812 0.022068
0 0.110113 0.240664 0.007552 0.021759
0 0.109983 0.242207 0.007812 0.021142
0 0.109852 0.243287 0.007552 0.020833
0 0.109679 0.244444 0.007552 0.020370
0 0.109549 0.245679 0.007292 0.019444
0 0.109288 0.246759 0.007292 0.019136
0 0.109288 0.248225 0.007292 0.018673
0 0.109028 0.249151 0.007292 0.018673
0 0.109028 0.250386 0.007292 0.018673
0 0.109028 0.251312 0.007292 0.018673
0 0.109028 0.252623 0.007292 0.018519
0 0.109028 0.253935 0.007292 0.018673
0 0.109028 0.254784 0.007292 0.018519
0 0.109028 0.256096 0.007292 0.018673
0 0.109028 0.257022 0.007292 0.018673
0 0.109028 0.258256 0.007292 0.018673
0 0.109028 0.259568 0.007292 0.018519
0 0.109288 0.260185 0.007292 0.018210
0 0.109679 0.260880 0.007552 0.017747
0 0.110113 0.261497 0.007552 0.017438
0 0.110373 0.262191 0.007552 0.016975
0 0.110894 0.263040 0.007552 0.016821
0 0.111198 0.263657 0.007812 0.016512
0 0.111458 0.264352 0.007812 0.016049
0 0.111979 0.264969 0.007812 0.015741
0 0.112326 0.265664 0.007986 0.015278
0 0.112804 0.266512 0.008073 0.015123
0 0.113325 0.266975 0.008073 0.015123
0 0.113802 0.267361 0.007986 0.015278
0 0.114280 0.267824 0.008073 0.015278
0 0.114800 0.268210 0.008073 0.015123
0 0.115495 0.269136 0.008073 0.015123
0 0.116016 0.269522 0.008073 0.015278
0 0.116450 0.269985 0.008073 0.015278
0 0.116970 0.270370 0.008073 0.015123
0 0.117448 0.270833 0.007986 0.015123
0 0.118186 0.271682 0.008073 0.015278
0 0.118663 0.272145 0.007986 0.015278
0 0.119401 0.272531 0.008073 0.015123
0 0.119922 0.272994 0.008073 0.015123
0 0.120616 0.273920 0.008073 0.015123
0 0.121354 0.274306 0.007986 0.015278
0 0.121832 0.274769 0.008073 0.015278
0 0.122569 0.275617 0.007986 0.015123
0 0.123047 0.276080 0.008073 0.015123
0 0.123828 0.276466 0.008073 0.015278
0 0.124523 0.277315 0.008073 0.015123
0 0.125043 0.277315 0.008073 0.015123
0 0.125738 0.277778 0.008073 0.015123
0 0.126259 0.278241 0.008073 0.015123
0 0.126953 0.278241 0.008073 0.015123
0 0.127474 0.278627 0.008073 0.015278
0 0.128168 0.279090 0.008073 0.015278
0 0.128689 0.279090 0.008073 0.015278
0 0.129384 0.279475 0.008073 0.015123
0 0.129905 0.279938 0.008073 0.015123
0 0.130599 0.280401 0.008073 0.015123
0 0.131120 0.280401 0.008073 0.015123
0 0.131858 0.280864 0.007986 0.015123
0 0.132335 0.281250 0.008073 0.015278
0 0.133073 0.281713 0.007986 0.015278
0 0.133550 0.282099 0.008073 0.015123
0 0.134288 0.282562 0.007986 0.015123
0 0.134766 0.283025 0.008073 0.015123
0 0.135503 0.283410 0.007986 0.015278
0 0.135981 0.283873 0.008073 0.015278
0 0.136762 0.284259 0.008073 0.015123
0 0.136979 0.284954 0.007986 0.015586
0 0.137457 0.285802 0.008073 0.015741
0 0.137717 0.286420 0.008073 0.016049
0 0.138194 0.287346 0.007986 0.016049
0 0.138672 0.288040 0.008073 0.016512
0 0.138932 0.288812 0.008073 0.016512
0 0.139410 0.289506 0.007986 0.016975
0 0.139627 0.290355 0.008073 0.016821
0 0.140148 0.291049 0.008073 0.017284
0 0.140625 0.292052 0.007986 0.017747
0 0.141102 0.292978 0.008073 0.017747
0 0.141753 0.294213 0.008333 0.017747
0 0.142231 0.295139 0.008247 0.017747
0 0.142839 0.296451 0.008594 0.017901
0 0.143576 0.297299 0.008507 0.017747
0 0.144054 0.298611 0.008594 0.017901
0 0.144661 0.299460 0.008767 0.017747
0 0.145182 0.300772 0.008767 0.017901
0 0.145747 0.301620 0.009028 0.017747
0 0.146528 0.302932 0.009028 0.017901
0 0.146528 0.303781 0.009028 0.017747
0 0.146701 0.305170 0.009028 0.017747
0 0.146962 0.306404 0.009028 0.017747
0 0.147222 0.307716 0.009028 0.017901
0 0.147483 0.309028 0.009028 0.017747
0 0.147483 0.310262 0.009028 0.017747
0 0.147743 0.311651 0.009028 0.017747
0 0.147917 0.312886 0.009028 0.017747
0 0.148177 0.314275 0.009028 0.017747
0 0.148438 0.315509 0.009028 0.017747
0 0.148177 0.316590 0.009028 0.016512
0 0.148177 0.317901 0.009028 0.015741
0 0.148177 0.319213 0.009028 0.014660
0 0.148177 0.320293 0.009028 0.013426
0 0.148177 0.321605 0.009028 0.012654
0 0.148177 0.322840 0.009028 0.011728
0 0.148177 0.323997 0.009028 0.010340
0 0.148177 0.325309 0.009028 0.009568
0 0.148177 0.326543 0.009028 0.008642
0 0.148177 0.328086 0.009028 0.007407
0 0.148177 0.328086 0.009028 0.007407
0 0.148177 0.328086 0.009028 0.007407
0 0.148177 0.328086 0.009028 0.007407
0 0.148177 0.328086 0.009028 0.007407
0 0.148177 0.328086 0.009028 0.007407
0 0.148177 0.328086 0.009028 0.007407
0 0.148177 0.328086 0.009028 0.007407
0 0.148177 0.328086 0.009028 0.007407
0 0.148177 0.328086 0.009028 0.007407
0 0.148177 0.328086 0.009028 0.007407
