0 0.000477 0.000849 0.000955 0.001698
0 0.000477 0.000849 0.000955 0.001698
0 0.000477 0.000849 0.000955 0.001698
0 0.000477 0.000849 0.000955 0.001698
0 0.000477 0.000849 0.000955 0.001698
0 0.000477 0.000849 0.000955 0.001698
0 0.000477 0.000849 0.000955 0.001698
0 0.000477 0.000849 0.000955 0.001698
0 0.000477 0.000849 0.000955 0.001698
0 0.000477 0.000849 0.000955 0.001698
0 0.000477 0.000849 0.000955 0.001698
0 0.019705 0.032716 0.001910 0.003086
0 0.039106 0.064738 0.002691 0.003858
0 0.058420 0.096914 0.003646 0.005556
0 0.077908 0.129012 0.004601 0.006481
0 0.097179 0.161111 0.005642 0.008333
0 0.116623 0.193133 0.006337 0.009105
0 0.135981 0.225077 0.007552 0.010340
0 0.155382 0.257407 0.008333 0.011728
0 0.174696 0.289275 0.009288 0.013117
0 0.194184 0.321605 0.010243 0.014198
0 0.193924 0.319213 0.010243 0.014660
0 0.193750 0.316821 0.010243 0.015123
0 0.193490 0.314660 0.010243 0.016049
0 0.193229 0.312500 0.010243 0.016049
0 0.193099 0.310340 0.009983 0.016975
0 0.192839 0.307948 0.009983 0.017438
0 0.192622 0.305787 0.010069 0.017438
0 0.192361 0.303549 0.010069 0.018210
0 0.192144 0.301157 0.009983 0.018673
0 0.192144 0.299228 0.009983 0.019136
0 0.192361 0.297299 0.010069 0.018673
0 0.192622 0.295370 0.010069 0.018210
0 0.192839 0.293596 0.009983 0.017438
0 0.193099 0.291898 0.009983 0.017438
0 0.193490 0.290201 0.010243 0.016512
0 0.193750 0.288194 0.010243 0.016204
0 0.193924 0.286420 0.010243 0.016049
0 0.194184 0.284722 0.010243 0.015123
0 0.194444 0.282793 0.010243 0.014660
0 0.194965 0.281250 0.010243 0.014352
0 0.194965 0.278627 0.010243 0.014352
0 0.195139 0.276466 0.010243 0.014352
0 0.195399 0.274306 0.010243 0.014352
0 0.195660 0.272145 0.010243 0.014352
0 0.195920 0.269985 0.010243 0.014352
0 0.196181 0.267824 0.010243 0.014352
0 0.196354 0.265664 0.010243 0.014352
0 0.196615 0.263503 0.010243 0.014352
0 0.196875 0.261343 0.010243 0.014352
0 0.197135 0.259182 0.010243 0.014352
0 0.197135 0.257793 0.010243 0.014352
0 0.197396 0.256559 0.010243 0.014352
0 0.197613 0.255170 0.010330 0.014352
0 0.197830 0.253935 0.010243 0.014352
0 0.198090 0.252623 0.010243 0.014198
0 0.198351 0.251312 0.010243 0.014352
0 0.198611 0.250000 0.010243 0.014198
0 0.198872 0.248688 0.010243 0.014352
0 0.199045 0.247454 0.010243 0.014352
0 0.199306 0.246065 0.010243 0.014352
0 0.199696 0.244830 0.009983 0.014352
0 0.200043 0.243904 0.009809 0.014352
0 0.200521 0.242901 0.009722 0.013889
0 0.200911 0.241744 0.009462 0.014352
0 0.201389 0.240895 0.009549 0.014198
0 0.201780 0.239815 0.009288 0.013889
0 0.202170 0.238735 0.009028 0.014198
0 0.202604 0.237654 0.009028 0.013889
0 0.202995 0.236728 0.008767 0.013889
0 0.203472 0.235957 0.008854 0.013889
0 0.203950 0.235031 0.008767 0.013889
0 0.204470 0.234182 0.008767 0.013735
0 0.204905 0.233333 0.008767 0.013889
0 0.205425 0.232407 0.008767 0.013889
0 0.205903 0.231636 0.008854 0.013889
0 0.206380 0.230710 0.008767 0.013889
0 0.206901 0.229784 0.008767 0.013889
0 0.207378 0.229012 0.008854 0.013889
0 0.207856 0.228086 0.008767 0.013889
0 0.208377 0.227623 0.008767 0.013889
0 0.208594 0.226389 0.008854 0.013889
0 0.209071 0.225231 0.008767 0.013426
0 0.209592 0.224460 0.008767 0.013426
0 0.209939 0.223071 0.008594 0.013426
0 0.210417 0.222299 0.008507 0.013426
0 0.210807 0.221142 0.008767 0.012963
0 0.211155 0.219907 0.008594 0.012963
0 0.211632 0.218981 0.008507 0.012963
0 0.212153 0.217901 0.008507 0.012654
0 0.212630 0.217052 0.008594 0.012500
0 0.213108 0.215741 0.008507 0.012654
0 0.213585 0.214892 0.008594 0.012500
0 0.214062 0.213580 0.008507 0.012654
0 0.214583 0.212731 0.008507 0.012500
0 0.215061 0.211420 0.008594 0.012654
0 0.215538 0.210571 0.008507 0.012500
0 0.216059 0.209259 0.008507 0.012654
0 0.216536 0.208333 0.008594 0.012654
0 0.217014 0.207099 0.008507 0.012654
0 0.217491 0.206173 0.008594 0.012654
0 0.217752 0.204938 0.008594 0.012654
0 0.218229 0.203627 0.008507 0.012500
0 0.218707 0.202315 0.008594 0.012654
0 0.219184 0.201003 0.008507 0.012500
0 0.219705 0.200154 0.008507 0.012654
0 0.219965 0.198843 0.008507 0.012500
0 0.220443 0.197531 0.008594 0.012654
0 0.220920 0.196219 0.008507 0.012500
0 0.221398 0.194907 0.008594 0.012654
0 0.221875 0.194059 0.008507 0.012500
0 0.222135 0.192284 0.008507 0.012654
0 0.222613 0.191049 0.008594 0.012654
0 0.223090 0.189738 0.008507 0.012500
0 0.223611 0.188426 0.008507 0.012654
0 0.224089 0.187114 0.008594 0.012500
0 0.224349 0.185340 0.008594 0.012654
0 0.224826 0.184105 0.008507 0.012654
0 0.225304 0.182793 0.008594 0.012500
0 0.225781 0.181481 0.008507 0.012654
0 0.226302 0.180170 0.008507 0.012500
0 0.226519 0.178472 0.008594 0.012500
0 0.226780 0.176698 0.008594 0.012654
0 0.227257 0.175386 0.008507 0.012500
0 0.227517 0.173688 0.008507 0.012500
0 0.227995 0.172377 0.008594 0.012654
0 0.228255 0.170602 0.008594 0.012500
0 0.228472 0.168904 0.008507 0.012500
0 0.228993 0.167593 0.008507 0.012654
0 0.229210 0.165895 0.008594 0.012654
0 0.229687 0.164583 0.008507 0.012500
0 0.229948 0.162809 0.008507 0.012654
0 0.230425 0.161111 0.008594 0.012654
0 0.230903 0.159799 0.008507 0.012500
0 0.231424 0.158025 0.008507 0.012654
0 0.231901 0.156713 0.008594 0.012500
0 0.232378 0.155015 0.008507 0.012500
0 0.232899 0.153241 0.008507 0.012654
0 0.233377 0.152006 0.008594 0.012654
0 0.233854 0.150231 0.008507 0.012500
0 0.234332 0.148920 0.008594 0.012654
0 0.234592 0.147222 0.008594 0.012654
0 0.235069 0.145448 0.008507 0.012500
0 0.235330 0.143750 0.008507 0.012500
0 0.235807 0.142438 0.008594 0.012654
0 0.236285 0.140664 0.008507 0.012500
0 0.236545 0.138966 0.008507 0.012500
0 0.237023 0.137654 0.008594 0.012654
0 0.237283 0.135957 0.008594 0.012654
0 0.237760 0.134182 0.008507 0.012500
0 0.238238 0.132870 0.008594 0.012654
0 0.238498 0.130710 0.008594 0.012654
0 0.238715 0.128549 0.008507 0.012654
0 0.239236 0.126852 0.008507 0.012654
0 0.239453 0.124614 0.008594 0.012500
0 0.239931 0.122917 0.008507 0.012500
0 0.240191 0.120756 0.008507 0.012500
0 0.240451 0.118596 0.008507 0.012500
0 0.240929 0.116821 0.008594 0.012654
0 0.241146 0.114660 0.008507 0.012654
0 0.241667 0.112963 0.008507 0.012654
0 0.242144 0.110802 0.008594 0.012654
0 0.242622 0.109028 0.008507 0.012500
0 0.243359 0.106867 0.008594 0.012500
0 0.243837 0.105093 0.008507 0.012654
0 0.244575 0.103395 0.008594 0.012654
0 0.245052 0.101235 0.008507 0.012654
0 0.245573 0.099460 0.008507 0.012500
0 0.246311 0.097299 0.008594 0.012500
0 0.246788 0.095602 0.008507 0.012500
0 0.247526 0.093827 0.008594 0.012654
0 0.247526 0.092130 0.008594 0.012654
0 0.247743 0.090355 0.008507 0.012500
0 0.248003 0.089043 0.008507 0.012654
0 0.248264 0.087346 0.008507 0.012654
0 0.248481 0.085571 0.008594 0.012500
0 0.248741 0.084336 0.008594 0.012500
0 0.248958 0.082562 0.008507 0.012654
0 0.249219 0.080864 0.008507 0.012654
0 0.249479 0.079552 0.008507 0.012500
0 0.249696 0.077778 0.008594 0.012654
