0 0.199653 0.059799 0.006597 0.010340
0 0.199653 0.060262 0.006597 0.010340
0 0.199653 0.061111 0.006597 0.010494
0 0.199653 0.061728 0.006597 0.010802
0 0.199653 0.062423 0.006597 0.010340
0 0.199783 0.063040 0.006337 0.010957
0 0.199783 0.063889 0.006337 0.010802
0 0.199783 0.064352 0.006337 0.010802
0 0.199783 0.065201 0.006337 0.010957
0 0.199783 0.065818 0.006337 0.011265
0 0.200043 0.066744 0.006337 0.011265
0 0.200043 0.067207 0.006337 0.011265
0 0.200043 0.067593 0.006337 0.011420
0 0.200043 0.067978 0.006337 0.011265
0 0.200304 0.068441 0.006337 0.011265
0 0.200304 0.069367 0.006337 0.011265
0 0.200304 0.069830 0.006337 0.011265
0 0.200564 0.070139 0.006337 0.011265
0 0.200564 0.070602 0.006337 0.011265
0 0.200564 0.071065 0.006337 0.011265
0 0.200825 0.071991 0.006337 0.011265
0 0.200825 0.072377 0.006337 0.011420
0 0.200998 0.073225 0.006337 0.011265
0 0.201259 0.074151 0.006337 0.011265
0 0.201519 0.074923 0.006337 0.011265
0 0.201780 0.075849 0.006337 0.011265
0 0.202040 0.076775 0.006337 0.011265
0 0.202214 0.077546 0.006337 0.011265
0 0.202474 0.078472 0.006337 0.011265
0 0.202734 0.079244 0.006337 0.011265
0 0.202995 0.080170 0.006337 0.011265
0 0.202995 0.080633 0.006337 0.011265
0 0.202995 0.081096 0.006337 0.011265
0 0.202995 0.081481 0.006337 0.011420
0 0.202995 0.081867 0.006337 0.011265
0 0.202995 0.082793 0.006337 0.011265
0 0.202995 0.083256 0.006337 0.011265
0 0.202995 0.083719 0.006337 0.011265
0 0.202995 0.084028 0.006337 0.011265
0 0.202995 0.084491 0.006337 0.011265
0 0.202995 0.085417 0.006337 0.011265
0 0.202995 0.085880 0.006337 0.011265
0 0.203255 0.086188 0.006337 0.011265
0 0.203342 0.086651 0.006163 0.011265
0 0.203472 0.087114 0.006424 0.011265
0 0.203689 0.087577 0.006337 0.011265
0 0.203819 0.088040 0.006076 0.011265
0 0.203950 0.088426 0.006337 0.011420
0 0.204080 0.088812 0.006076 0.011265
0 0.204340 0.089275 0.006076 0.011265
0 0.204557 0.089738 0.006163 0.011265
0 0.204557 0.089738 0.006163 0.011265
0 0.204818 0.089738 0.006163 0.011265
0 0.205035 0.090201 0.006076 0.011265
0 0.205165 0.090201 0.006337 0.011265
0 0.205425 0.090586 0.006337 0.011420
0 0.205556 0.090586 0.006076 0.011420
0 0.205686 0.090586 0.006337 0.011420
0 0.205946 0.090972 0.006337 0.011265
0 0.206120 0.090972 0.006337 0.011265
0 0.206380 0.091435 0.006337 0.011265
0 0.206380 0.091435 0.006337 0.011265
0 0.206380 0.091898 0.006337 0.011265
0 0.206380 0.092361 0.006337 0.011265
0 0.206380 0.092824 0.006337 0.011265
0 0.206380 0.093133 0.006337 0.011265
0 0.206380 0.093133 0.006337 0.011265
0 0.206380 0.093596 0.006337 0.011265
0 0.206380 0.094059 0.006337 0.011265
0 0.206380 0.094522 0.006337 0.011265
0 0.206641 0.094985 0.006337 0.011265
0 0.206641 0.094985 0.006337 0.011265
0 0.206771 0.095293 0.006076 0.011265
0 0.206901 0.095756 0.006337 0.011265
0 0.207031 0.096219 0.006076 0.011265
0 0.207161 0.096682 0.006337 0.011265
0 0.207248 0.096682 0.006163 0.011265
0 0.207248 0.097145 0.006163 0.011265
0 0.207509 0.097531 0.006163 0.011420
0 0.207509 0.097917 0.006163 0.011265
0 0.207726 0.098380 0.006076 0.011265
0 0.207595 0.098843 0.006337 0.011265
0 0.207595 0.099306 0.006337 0.011265
0 0.207595 0.100077 0.006337 0.011265
0 0.207595 0.100540 0.006337 0.011265
0 0.207595 0.101466 0.006337 0.011265
0 0.207595 0.101929 0.006337 0.011265
0 0.207595 0.102238 0.006337 0.011265
0 0.207595 0.103164 0.006337 0.011265
0 0.207595 0.103627 0.006337 0.011265
0 0.207595 0.104475 0.006337 0.011420
0 0.207595 0.104861 0.006337 0.011265
0 0.207595 0.105787 0.006337 0.011265
0 0.207856 0.106636 0.006337 0.011420
0 0.207856 0.107022 0.006337 0.011265
0 0.208116 0.107948 0.006337 0.011265
0 0.208116 0.108873 0.006337 0.011265
0 0.208116 0.109182 0.006337 0.011265
0 0.208377 0.110108 0.006337 0.011265
0 0.208377 0.111034 0.006337 0.011265
0 0.208594 0.111806 0.006424 0.011265
0 0.208594 0.112269 0.006424 0.011265
0 0.208811 0.113194 0.006337 0.011265
0 0.209071 0.113966 0.006337 0.011265
0 0.209071 0.114892 0.006337 0.011265
0 0.209332 0.115818 0.006337 0.011265
0 0.209592 0.116590 0.006337 0.011265
0 0.209592 0.117515 0.006337 0.011265
0 0.209852 0.118287 0.006337 0.011265
0 0.210026 0.119213 0.006337 0.011265
0 0.210286 0.120139 0.006337 0.011265
0 0.210286 0.120910 0.006337 0.011265
0 0.210286 0.121836 0.006337 0.011265
0 0.210286 0.122762 0.006337 0.011265
0 0.210547 0.123534 0.006337 0.011265
0 0.210547 0.124460 0.006337 0.011265
0 0.210547 0.125231 0.006337 0.011265
0 0.210807 0.126157 0.006337 0.011265
0 0.210807 0.127083 0.006337 0.011265
0 0.210807 0.127855 0.006337 0.011265
0 0.211068 0.128781 0.006337 0.011265
0 0.210807 0.129244 0.006337 0.011265
0 0.210807 0.130015 0.006337 0.011265
0 0.210807 0.130941 0.006337 0.011265
0 0.210807 0.131867 0.006337 0.011265
0 0.210807 0.132639 0.006337 0.011265
0 0.210547 0.133102 0.006337 0.011265
0 0.210547 0.134028 0.006337 0.011265
0 0.210547 0.134799 0.006337 0.011265
0 0.210547 0.135725 0.006337 0.011265
0 0.210547 0.136574 0.006337 0.011420
0 0.210547 0.137423 0.006337 0.011265
0 0.210547 0.138812 0.006337 0.011265
0 0.210547 0.140046 0.006337 0.011265
0 0.210547 0.141127 0.006337 0.010957
0 0.210807 0.142438 0.006337 0.010802
0 0.210807 0.143519 0.006337 0.011420
0 0.210807 0.144599 0.006337 0.010802
0 0.210807 0.145910 0.006337 0.010957
0 0.210807 0.147222 0.006337 0.010802
0 0.211068 0.148457 0.006337 0.010802
0 0.211068 0.149383 0.006337 0.010802
0 0.211068 0.150231 0.006337 0.010957
0 0.211068 0.151080 0.006337 0.010802
0 0.211068 0.152160 0.006337 0.010494
0 0.211241 0.153241 0.006337 0.010802
0 0.211241 0.154167 0.006337 0.010802
0 0.211241 0.155247 0.006337 0.010494
0 0.211241 0.156096 0.006337 0.010340
0 0.211241 0.156944 0.006337 0.010494
0 0.211502 0.158256 0.006337 0.010340
0 0.211241 0.158719 0.006337 0.010340
0 0.211241 0.159105 0.006337 0.010494
0 0.211241 0.160031 0.006337 0.010494
0 0.211241 0.160417 0.006337 0.010340
0 0.211241 0.161343 0.006337 0.010340
0 0.211068 0.161728 0.006337 0.010494
0 0.211068 0.162191 0.006337 0.010494
0 0.211068 0.163040 0.006337 0.010340
0 0.211068 0.163503 0.006337 0.010340
0 0.211068 0.164352 0.006337 0.010494
0 0.211068 0.164352 0.006337 0.010494
0 0.211068 0.164738 0.006337 0.010340
0 0.211155 0.165201 0.006163 0.010340
0 0.211241 0.165432 0.006337 0.009877
0 0.211372 0.165818 0.006076 0.010031
0 0.211372 0.166049 0.006076 0.010494
0 0.211502 0.166281 0.006337 0.010031
0 0.211632 0.166744 0.006076 0.010031
0 0.211632 0.167207 0.006076 0.010031
0 0.211892 0.167593 0.006076 0.009877
0 0.211632 0.167593 0.006076 0.009877
0 0.211632 0.167593 0.006076 0.009877
0 0.211632 0.167824 0.006076 0.010340
0 0.211372 0.167978 0.006076 0.010031
0 0.211372 0.168210 0.006076 0.010494
0 0.211372 0.168210 0.006076 0.010494
0 0.211155 0.168441 0.006163 0.010031
0 0.211155 0.168673 0.006163 0.010494
0 0.211155 0.168673 0.006163 0.010494
0 0.211155 0.169136 0.006163 0.010494
