0 0.171137 0.193904 0.005122 0.020833
0 0.170616 0.193441 0.005122 0.020833
0 0.170443 0.192978 0.005122 0.020833
0 0.169922 0.192515 0.005122 0.020833
0 0.169661 0.192052 0.005122 0.020833
0 0.169401 0.191667 0.005122 0.020679
0 0.168967 0.191281 0.005122 0.020833
0 0.168707 0.190818 0.005122 0.020833
0 0.168186 0.190355 0.005122 0.020833
0 0.167925 0.189892 0.005122 0.020833
0 0.167752 0.189892 0.005122 0.020833
0 0.167752 0.189429 0.005122 0.020833
0 0.167752 0.189429 0.005122 0.020833
0 0.167925 0.189429 0.005122 0.020833
0 0.167925 0.189429 0.005122 0.020833
0 0.168186 0.189429 0.005122 0.020833
0 0.168186 0.189429 0.005122 0.020833
0 0.168186 0.189429 0.005122 0.020833
0 0.168446 0.189429 0.005122 0.020833
0 0.168446 0.189429 0.005122 0.020833
0 0.168707 0.189429 0.005122 0.020833
0 0.168967 0.189429 0.005122 0.020833
0 0.169227 0.189429 0.005122 0.020833
0 0.169401 0.189892 0.005122 0.020833
0 0.169922 0.189892 0.005122 0.020833
0 0.170182 0.190355 0.005122 0.020833
0 0.170443 0.190355 0.005122 0.020833
0 0.170877 0.190355 0.005122 0.020833
0 0.171137 0.190818 0.005122 0.020833
0 0.171398 0.190818 0.005122 0.020833
0 0.171832 0.191281 0.005122 0.020833
0 0.171832 0.190818 0.005122 0.020833
0 0.172092 0.190355 0.005122 0.020833
0 0.172352 0.190355 0.005122 0.020833
0 0.172352 0.189892 0.005122 0.020833
0 0.172613 0.189892 0.005122 0.020833
0 0.172873 0.189429 0.005122 0.020833
0 0.172873 0.189120 0.005122 0.020833
0 0.173090 0.189120 0.005208 0.020833
0 0.173307 0.188657 0.005122 0.020833
0 0.173568 0.188657 0.005122 0.020833
0 0.173568 0.187731 0.005122 0.020833
0 0.173568 0.187114 0.005122 0.021142
0 0.173568 0.186265 0.005122 0.021296
0 0.173568 0.185802 0.005122 0.021296
0 0.173568 0.184954 0.005122 0.021142
0 0.173568 0.184336 0.005122 0.021759
0 0.173568 0.183642 0.005122 0.021296
0 0.173568 0.183025 0.005122 0.021605
0 0.173568 0.182099 0.005122 0.021605
0 0.173828 0.181713 0.005122 0.021759
0 0.173958 0.181250 0.004861 0.021759
0 0.174219 0.181250 0.004861 0.021759
0 0.174436 0.181250 0.004948 0.021759
0 0.174653 0.180787 0.004861 0.021759
0 0.174913 0.180787 0.004861 0.021759
0 0.175043 0.180787 0.004601 0.021759
0 0.175304 0.180401 0.004601 0.021605
0 0.175521 0.180401 0.004687 0.021605
0 0.175781 0.180401 0.004687 0.021605
0 0.176128 0.180401 0.004340 0.021605
0 0.176128 0.179938 0.004340 0.021605
0 0.176259 0.179938 0.004601 0.021605
0 0.176519 0.179784 0.004601 0.021296
0 0.176519 0.179784 0.004601 0.021296
0 0.176736 0.179552 0.004687 0.020833
0 0.176866 0.179321 0.004948 0.021296
0 0.176866 0.179090 0.004948 0.020833
0 0.177083 0.179090 0.004861 0.020833
0 0.177214 0.178858 0.005122 0.020370
0 0.177474 0.178858 0.005122 0.020370
0 0.177474 0.178164 0.005122 0.020833
0 0.177474 0.177855 0.005122 0.020833
0 0.177474 0.177392 0.005122 0.020833
0 0.177474 0.176929 0.005122 0.020833
0 0.177604 0.176466 0.004861 0.020833
0 0.177604 0.176003 0.004861 0.020833
0 0.177604 0.175617 0.004861 0.020679
0 0.177604 0.175231 0.004861 0.020833
0 0.177604 0.174769 0.004861 0.020833
0 0.177734 0.174306 0.004601 0.020833
0 0.177734 0.173843 0.004601 0.020833
0 0.177995 0.173380 0.004601 0.020833
0 0.178212 0.173071 0.004687 0.020833
0 0.178212 0.172608 0.004687 0.020833
0 0.178472 0.172608 0.004687 0.020833
0 0.178689 0.172145 0.004601 0.020833
0 0.178689 0.171682 0.004601 0.020833
0 0.178950 0.171219 0.004601 0.020833
0 0.179210 0.170910 0.004601 0.020833
0 0.179427 0.170910 0.004687 0.020833
0 0.179080 0.170448 0.004861 0.020833
0 0.178819 0.170448 0.004861 0.020833
0 0.178559 0.169985 0.004861 0.020833
0 0.178342 0.169985 0.004948 0.020833
0 0.178125 0.169522 0.004861 0.020833
0 0.177865 0.169522 0.004861 0.020833
0 0.177604 0.169059 0.004861 0.020833
0 0.177344 0.169059 0.004861 0.020833
0 0.177083 0.168673 0.004861 0.020679
0 0.176953 0.168673 0.005122 0.020679
0 0.176953 0.168673 0.005122 0.020679
0 0.177214 0.169059 0.005122 0.020833
0 0.177474 0.169059 0.005122 0.020833
0 0.177474 0.169522 0.005122 0.020833
0 0.177734 0.169522 0.005122 0.020833
0 0.177995 0.169985 0.005122 0.020833
0 0.177995 0.169985 0.005122 0.020833
0 0.178255 0.170448 0.005122 0.020833
0 0.178429 0.170448 0.005122 0.020833
0 0.178689 0.170910 0.005122 0.020833
0 0.178689 0.170910 0.005122 0.020833
0 0.178689 0.170910 0.005122 0.020833
0 0.178689 0.171065 0.005122 0.021142
0 0.178689 0.171065 0.005122 0.021142
0 0.178950 0.171451 0.005122 0.021296
0 0.178950 0.171451 0.005122 0.021296
0 0.178950 0.171451 0.005122 0.021296
0 0.178950 0.171682 0.005122 0.021759
0 0.178950 0.171682 0.005122 0.021759
0 0.179210 0.172145 0.005122 0.021759
0 0.178950 0.172145 0.005122 0.021759
0 0.178950 0.172145 0.005122 0.021759
0 0.178950 0.172145 0.005122 0.021759
0 0.178950 0.172377 0.005122 0.022222
0 0.178950 0.172608 0.005122 0.021759
0 0.178689 0.172608 0.005122 0.021759
0 0.178689 0.172762 0.005122 0.022068
0 0.178689 0.172762 0.005122 0.022068
0 0.178689 0.172762 0.005122 0.022068
0 0.178689 0.173225 0.005122 0.022068
0 0.178429 0.173225 0.005122 0.022068
0 0.178255 0.173688 0.005122 0.022068
0 0.177995 0.174074 0.005122 0.022222
0 0.177734 0.174306 0.005122 0.021759
0 0.177474 0.174769 0.005122 0.021759
0 0.177214 0.174923 0.005122 0.022068
0 0.176953 0.175154 0.005122 0.021605
0 0.176780 0.175617 0.005122 0.021605
0 0.176519 0.176080 0.005122 0.021605
0 0.176519 0.176466 0.005122 0.021759
0 0.176519 0.176466 0.005122 0.021759
0 0.176519 0.176929 0.005122 0.021759
0 0.176519 0.177160 0.005122 0.021296
0 0.176519 0.177392 0.005122 0.021759
0 0.176519 0.177623 0.005122 0.021296
0 0.176519 0.178009 0.005122 0.021142
0 0.176519 0.178009 0.005122 0.021142
0 0.176519 0.178395 0.005122 0.021296
0 0.176519 0.178627 0.005122 0.020833
0 0.176519 0.179090 0.005122 0.020833
0 0.176389 0.179090 0.005382 0.020833
0 0.176259 0.179321 0.005642 0.021296
0 0.176259 0.179552 0.005642 0.020833
0 0.176128 0.179784 0.005903 0.021296
0 0.176259 0.180170 0.006163 0.021142
0 0.176172 0.180170 0.006337 0.021142
0 0.176042 0.180401 0.006597 0.021605
0 0.176042 0.180556 0.006597 0.021296
0 0.175911 0.180787 0.006858 0.021759
0 0.175998 0.181250 0.007031 0.021759
0 0.175651 0.181250 0.006858 0.021759
0 0.175260 0.181713 0.006597 0.021759
0 0.175130 0.181867 0.006337 0.022068
0 0.174826 0.182099 0.006076 0.021605
0 0.174696 0.182562 0.005816 0.021605
0 0.174306 0.182793 0.005556 0.022068
0 0.173958 0.183025 0.005382 0.021605
0 0.173828 0.183256 0.005122 0.022068
0 0.173437 0.183642 0.004861 0.022222
0 0.173351 0.184105 0.004687 0.022222
0 0.173090 0.184105 0.004687 0.022222
0 0.173090 0.184105 0.004687 0.022222
0 0.172830 0.184105 0.004687 0.022222
0 0.172830 0.184336 0.004687 0.021759
0 0.172743 0.184491 0.004861 0.022068
0 0.172613 0.184491 0.004601 0.022068
0 0.172483 0.184722 0.004861 0.021605
0 0.172352 0.184722 0.004601 0.021605
0 0.172222 0.184722 0.004861 0.021605
0 0.172222 0.185185 0.004861 0.021605
