0 0.086849 0.198380 0.008767 0.029167
0 0.095747 0.196219 0.008507 0.029167
0 0.104644 0.194059 0.008247 0.029167
0 0.113672 0.191898 0.008247 0.029167
0 0.122569 0.189738 0.007986 0.029167
0 0.131597 0.187731 0.007986 0.028549
0 0.140538 0.185571 0.007812 0.028549
0 0.149436 0.183410 0.007552 0.028549
0 0.158464 0.181250 0.007552 0.028549
0 0.167361 0.179090 0.007292 0.028549
0 0.176519 0.177315 0.007031 0.028704
0 0.179210 0.177315 0.007031 0.028704
0 0.181858 0.177778 0.007118 0.028704
0 0.184549 0.177778 0.007118 0.028704
0 0.187500 0.178241 0.007118 0.028704
0 0.190191 0.178241 0.007118 0.028704
0 0.192839 0.178627 0.007031 0.028549
0 0.195790 0.178627 0.007031 0.028549
0 0.198481 0.179090 0.007031 0.028549
0 0.201172 0.179090 0.007031 0.028549
0 0.204080 0.179552 0.007118 0.028549
0 0.204340 0.179090 0.007118 0.028549
0 0.204557 0.179090 0.007031 0.028549
0 0.204818 0.178627 0.007031 0.028549
0 0.205035 0.178627 0.007118 0.028549
0 0.205556 0.178627 0.007118 0.028549
0 0.205773 0.178241 0.007031 0.028704
0 0.206033 0.178241 0.007031 0.028704
0 0.206293 0.177778 0.007031 0.028704
0 0.206510 0.177778 0.007118 0.028704
0 0.207031 0.177778 0.007118 0.028704
0 0.206771 0.177778 0.007118 0.028704
0 0.206510 0.177778 0.007118 0.028704
0 0.206293 0.177778 0.007031 0.028704
0 0.206293 0.177778 0.007031 0.028704
0 0.206033 0.178241 0.007031 0.028704
0 0.205773 0.178241 0.007031 0.028704
0 0.205773 0.178241 0.007031 0.028704
0 0.205556 0.178241 0.007118 0.028704
0 0.205295 0.178241 0.007118 0.028704
0 0.205295 0.178627 0.007118 0.028549
0 0.205295 0.178627 0.007118 0.028549
0 0.205295 0.178627 0.007118 0.028549
0 0.205295 0.178627 0.007118 0.028549
0 0.205295 0.178627 0.007118 0.028549
0 0.205295 0.178627 0.007118 0.028549
0 0.205295 0.178627 0.007118 0.028549
0 0.205295 0.178627 0.007118 0.028549
0 0.205295 0.178627 0.007118 0.028549
0 0.205295 0.178627 0.007118 0.028549
0 0.205295 0.178627 0.007118 0.028549
0 0.205295 0.177778 0.007118 0.028704
0 0.205295 0.177315 0.007118 0.028704
0 0.205295 0.176466 0.007118 0.028549
0 0.205295 0.176080 0.007118 0.028704
0 0.205295 0.175617 0.007118 0.028704
0 0.205295 0.174769 0.007118 0.028549
0 0.205295 0.174306 0.007118 0.028549
0 0.205295 0.173457 0.007118 0.028704
0 0.205295 0.172994 0.007118 0.028704
0 0.205556 0.172608 0.007118 0.028549
0 0.205295 0.171682 0.007118 0.028549
0 0.205035 0.171296 0.007118 0.028704
0 0.205035 0.170448 0.007118 0.028549
0 0.204818 0.169985 0.007031 0.028549
0 0.204818 0.169136 0.007031 0.028704
0 0.204557 0.168673 0.007031 0.028704
0 0.204340 0.167824 0.007118 0.028549
0 0.204340 0.167361 0.007118 0.028549
0 0.204080 0.166512 0.007118 0.028704
0 0.204080 0.166049 0.007118 0.028704
0 0.203819 0.164738 0.007118 0.028549
0 0.203689 0.163657 0.006858 0.028241
0 0.203602 0.162809 0.007031 0.028086
0 0.203472 0.161728 0.006771 0.027778
0 0.203472 0.160802 0.006771 0.027778
0 0.203255 0.159568 0.006858 0.027778
0 0.203125 0.158488 0.006597 0.027469
0 0.202995 0.157639 0.006858 0.027315
0 0.202865 0.156481 0.006597 0.026852
0 0.202865 0.155710 0.006597 0.026852
0 0.202865 0.154784 0.006597 0.026852
0 0.202865 0.154090 0.006597 0.027315
0 0.202865 0.153318 0.006597 0.027315
0 0.202865 0.152623 0.006597 0.027778
0 0.202995 0.151698 0.006858 0.027778
0 0.202995 0.151157 0.006858 0.028241
0 0.202995 0.150231 0.006858 0.028241
0 0.202995 0.149614 0.006858 0.028549
0 0.202995 0.148688 0.006858 0.028549
0 0.203125 0.148302 0.007118 0.028704
0 0.202865 0.147454 0.007118 0.028549
0 0.202865 0.146991 0.007118 0.028549
0 0.202865 0.146528 0.007118 0.028549
0 0.202865 0.146142 0.007118 0.028704
0 0.202865 0.145679 0.007118 0.028704
0 0.202865 0.145216 0.007118 0.028704
0 0.202865 0.144830 0.007118 0.028549
0 0.202865 0.144367 0.007118 0.028549
0 0.202865 0.143981 0.007118 0.028704
0 0.202865 0.143519 0.007118 0.028704
0 0.202865 0.143056 0.007118 0.028704
0 0.202865 0.142670 0.007118 0.028549
0 0.202865 0.142438 0.007118 0.028086
0 0.202865 0.142052 0.007118 0.028241
0 0.202865 0.141821 0.007118 0.027778
0 0.202865 0.141358 0.007118 0.027778
0 0.202865 0.140895 0.007118 0.027778
0 0.202865 0.140664 0.007118 0.027315
0 0.202865 0.140201 0.007118 0.027315
0 0.202995 0.140201 0.006858 0.027315
0 0.202995 0.139892 0.006858 0.027315
0 0.202995 0.139429 0.006858 0.027315
0 0.202995 0.138966 0.006858 0.027315
0 0.202995 0.138503 0.006858 0.027315
0 0.203255 0.138040 0.006858 0.027315
0 0.203255 0.137654 0.006858 0.027469
0 0.203255 0.137269 0.006858 0.027315
0 0.203255 0.136806 0.006858 0.027315
0 0.203255 0.136343 0.006858 0.027315
0 0.203472 0.136343 0.006771 0.027315
0 0.202257 0.135108 0.006771 0.027315
0 0.201042 0.134182 0.006771 0.027315
0 0.199783 0.132948 0.006858 0.027315
0 0.198828 0.132022 0.006858 0.027315
0 0.197613 0.131096 0.006858 0.027315
0 0.196398 0.129861 0.006858 0.027315
0 0.195443 0.128935 0.006858 0.027315
0 0.194227 0.127701 0.006858 0.027315
0 0.192969 0.126775 0.006771 0.027315
0 0.192014 0.126003 0.006771 0.027315
0 0.191016 0.124846 0.006858 0.026852
0 0.190191 0.124228 0.006597 0.026543
0 0.189323 0.123534 0.006771 0.026080
0 0.188455 0.122917 0.006597 0.025463
0 0.187630 0.122299 0.006858 0.025154
0 0.186719 0.121373 0.006597 0.025154
0 0.185764 0.120756 0.006597 0.024846
0 0.185069 0.120062 0.006597 0.024383
0 0.184071 0.119444 0.006510 0.023765
0 0.183333 0.118827 0.006597 0.023457
0 0.182378 0.118364 0.006597 0.023457
0 0.181424 0.117901 0.006597 0.023457
0 0.180512 0.117438 0.006337 0.023457
0 0.179688 0.117284 0.006597 0.023765
0 0.178863 0.116821 0.006337 0.023765
0 0.177821 0.116435 0.006337 0.023920
0 0.176997 0.116204 0.006597 0.024383
0 0.176172 0.115741 0.006337 0.024383
0 0.175130 0.115355 0.006337 0.024228
0 0.174436 0.115123 0.006337 0.024691
0 0.173915 0.114660 0.006337 0.024691
0 0.173481 0.114660 0.006337 0.024691
0 0.173220 0.114198 0.006337 0.024691
0 0.172700 0.114198 0.006337 0.024691
0 0.172483 0.114198 0.006424 0.024691
0 0.172005 0.113812 0.006337 0.024846
0 0.171484 0.113812 0.006337 0.024846
0 0.171224 0.113349 0.006337 0.024846
0 0.170790 0.113349 0.006337 0.024846
0 0.170530 0.113349 0.006337 0.024846
0 0.170269 0.112963 0.006337 0.024691
0 0.170009 0.112963 0.006337 0.024691
0 0.170009 0.112500 0.006337 0.024691
0 0.169835 0.112500 0.006337 0.024691
0 0.169835 0.112500 0.006337 0.024691
0 0.169575 0.112037 0.006337 0.024691
0 0.169314 0.112037 0.006337 0.024691
0 0.169314 0.111574 0.006337 0.024691
0 0.169054 0.111574 0.006337 0.024691
0 0.169054 0.111574 0.006337 0.024691
0 0.169054 0.111188 0.006337 0.024846
0 0.169054 0.111188 0.006337 0.024846
0 0.169314 0.111188 0.006337 0.024846
0 0.169314 0.111188 0.006337 0.024846
0 0.169575 0.111188 0.006337 0.024846
0 0.169575 0.110802 0.006337 0.024691
0 0.169835 0.110802 0.006337 0.024691
0 0.169835 0.110802 0.006337 0.024691
0 0.170009 0.110802 0.006337 0.024691
0 0.170009 0.110802 0.006337 0.024691
