0 0.109505 0.077546 0.008247 0.006944
0 0.109505 0.077546 0.008247 0.006944
0 0.109505 0.077546 0.008247 0.006944
0 0.109505 0.077546 0.008247 0.006944
0 0.109505 0.077546 0.008247 0.006944
0 0.109505 0.077546 0.008247 0.006944
0 0.109505 0.077546 0.008247 0.006944
0 0.109505 0.077546 0.008247 0.006944
0 0.109505 0.077546 0.008247 0.006944
0 0.109505 0.077546 0.008247 0.006944
0 0.109505 0.077546 0.008247 0.006944
0 0.109505 0.077546 0.008247 0.006944
0 0.109505 0.077546 0.008247 0.006944
0 0.109505 0.077546 0.008247 0.006944
0 0.109505 0.077546 0.008247 0.006944
0 0.109505 0.077546 0.008247 0.006944
0 0.109505 0.077546 0.008247 0.006944
0 0.109505 0.077546 0.008247 0.006944
0 0.109505 0.077546 0.008247 0.006944
0 0.109505 0.077546 0.008247 0.006944
0 0.109505 0.077546 0.008247 0.006944
0 0.107943 0.072762 0.008073 0.007870
0 0.106467 0.068056 0.007552 0.008642
0 0.104861 0.063272 0.007292 0.009568
0 0.103429 0.058719 0.006858 0.010957
0 0.101953 0.054090 0.006337 0.011265
0 0.100347 0.049383 0.006076 0.012037
0 0.098915 0.044830 0.005642 0.013426
0 0.097309 0.040046 0.005382 0.014352
0 0.095833 0.035262 0.004861 0.015278
0 0.094401 0.030941 0.004427 0.016204
0 0.094661 0.036574 0.004427 0.016049
0 0.095139 0.042284 0.004340 0.016049
0 0.095616 0.047840 0.004427 0.016049
0 0.096094 0.053549 0.004340 0.016049
0 0.096571 0.059105 0.004427 0.016049
0 0.096832 0.064815 0.004427 0.016049
0 0.097309 0.070370 0.004340 0.016049
0 0.097786 0.076080 0.004427 0.016049
0 0.098307 0.081636 0.004427 0.016049
0 0.098785 0.087577 0.004340 0.016512
0 0.098785 0.087577 0.004340 0.016512
0 0.098785 0.087577 0.004340 0.016512
0 0.099045 0.087577 0.004340 0.016512
0 0.099045 0.087577 0.004340 0.016512
0 0.099262 0.087577 0.004427 0.016512
0 0.099262 0.087577 0.004427 0.016512
0 0.099262 0.087577 0.004427 0.016512
0 0.099523 0.087577 0.004427 0.016512
0 0.099523 0.087577 0.004427 0.016512
0 0.099783 0.088040 0.004427 0.016512
0 0.099783 0.088580 0.004427 0.016049
0 0.099783 0.089738 0.004427 0.015586
0 0.099783 0.090818 0.004427 0.015278
0 0.099783 0.091667 0.004427 0.014198
0 0.099913 0.092747 0.004167 0.013889
0 0.099913 0.093904 0.004167 0.013426
0 0.099913 0.094676 0.004167 0.012500
0 0.099913 0.095756 0.004167 0.012191
0 0.099913 0.096914 0.004167 0.011728
0 0.100130 0.097917 0.004080 0.011265
0 0.100130 0.097917 0.004080 0.011265
0 0.100260 0.097917 0.004340 0.011265
0 0.100477 0.097917 0.004427 0.011265
0 0.100608 0.098380 0.004687 0.011265
0 0.100868 0.098380 0.004687 0.011265
0 0.100868 0.098380 0.004687 0.011265
0 0.100955 0.098843 0.004861 0.011265
0 0.101215 0.098843 0.004861 0.011265
0 0.101345 0.098843 0.005122 0.011265
0 0.101606 0.099306 0.005122 0.011265
0 0.101866 0.099306 0.005122 0.011265
0 0.102040 0.099769 0.005122 0.011265
0 0.102300 0.100077 0.005122 0.011265
0 0.102561 0.100540 0.005122 0.011265
0 0.102821 0.101003 0.005122 0.011265
0 0.103082 0.101003 0.005122 0.011265
0 0.103299 0.101466 0.005208 0.011265
0 0.103516 0.101929 0.005122 0.011265
0 0.103776 0.102238 0.005122 0.011265
0 0.104036 0.102701 0.005122 0.011265
0 0.104036 0.102701 0.005122 0.011265
0 0.104036 0.102701 0.005122 0.011265
0 0.104036 0.102701 0.005122 0.011265
0 0.104036 0.102701 0.005122 0.011265
0 0.104297 0.102701 0.005122 0.011265
0 0.104297 0.102701 0.005122 0.011265
0 0.104297 0.102701 0.005122 0.011265
0 0.104297 0.102701 0.005122 0.011265
0 0.104297 0.102701 0.005122 0.011265
0 0.104557 0.103164 0.005122 0.011265
0 0.104731 0.102932 0.005122 0.010802
0 0.104991 0.102932 0.005122 0.010802
0 0.105252 0.102932 0.005122 0.010802
0 0.105642 0.102932 0.004861 0.010802
0 0.105859 0.103164 0.004948 0.010340
0 0.106076 0.102932 0.004861 0.009877
0 0.106467 0.102932 0.004601 0.009877
0 0.106727 0.102932 0.004601 0.009877
0 0.106944 0.102932 0.004687 0.009877
0 0.107465 0.103164 0.004687 0.009414
0 0.107465 0.103009 0.004687 0.009105
0 0.107552 0.103009 0.004861 0.009105
0 0.107552 0.103009 0.004861 0.009105
0 0.107682 0.103009 0.005122 0.009105
0 0.107812 0.103009 0.005382 0.009105
0 0.107812 0.103009 0.005382 0.009105
0 0.107943 0.103009 0.005642 0.009105
0 0.107943 0.103009 0.005642 0.009105
0 0.108073 0.103009 0.005903 0.009105
0 0.108160 0.103164 0.006076 0.008796
0 0.108160 0.103164 0.006076 0.008796
0 0.108160 0.103164 0.006076 0.008796
0 0.108290 0.103318 0.006337 0.009105
0 0.108290 0.103318 0.006337 0.009105
0 0.108420 0.103549 0.006597 0.009568
0 0.108420 0.103549 0.006597 0.009568
0 0.108420 0.103549 0.006597 0.009568
0 0.108550 0.103781 0.006858 0.010031
0 0.108550 0.103781 0.006858 0.010031
0 0.108681 0.104012 0.007118 0.010494
0 0.108681 0.103781 0.007118 0.010031
0 0.108767 0.103781 0.007292 0.010031
0 0.108767 0.103781 0.007292 0.010031
0 0.108898 0.103781 0.007552 0.010031
0 0.108898 0.103781 0.007552 0.010031
0 0.109028 0.103781 0.007812 0.010031
0 0.109028 0.103781 0.007812 0.010031
0 0.109158 0.103781 0.008073 0.010031
0 0.109158 0.103781 0.008073 0.010031
0 0.109288 0.103781 0.008333 0.010031
0 0.109288 0.103781 0.008333 0.010031
0 0.109288 0.103781 0.008333 0.010031
0 0.109288 0.103781 0.008333 0.010031
0 0.109288 0.103781 0.008333 0.010031
0 0.109288 0.103781 0.008333 0.010031
0 0.109288 0.103781 0.008333 0.010031
0 0.109288 0.103781 0.008333 0.010031
0 0.109288 0.103781 0.008333 0.010031
0 0.109288 0.103781 0.008333 0.010031
0 0.109288 0.103781 0.008333 0.010031
0 0.109288 0.103781 0.008333 0.010031
0 0.109288 0.104012 0.008333 0.009568
0 0.109288 0.104244 0.008333 0.009105
0 0.109288 0.104475 0.008333 0.008642
0 0.109288 0.104938 0.008333 0.008642
0 0.109288 0.105093 0.008333 0.008333
0 0.109288 0.105324 0.008333 0.007870
0 0.109288 0.105556 0.008333 0.007407
0 0.109288 0.105787 0.008333 0.006944
0 0.109418 0.106250 0.008073 0.006944
0 0.109158 0.103627 0.008073 0.006944
0 0.109158 0.101003 0.008073 0.006944
0 0.109158 0.098380 0.008073 0.006944
0 0.109158 0.095756 0.008073 0.006944
0 0.109158 0.093596 0.008073 0.006944
0 0.109158 0.090972 0.008073 0.006944
0 0.109158 0.088349 0.008073 0.006944
0 0.109158 0.085880 0.008073 0.006944
0 0.109158 0.083256 0.008073 0.006944
0 0.109158 0.081096 0.008073 0.006944
0 0.109158 0.081096 0.008073 0.006944
0 0.109158 0.081096 0.008073 0.006944
0 0.109158 0.081096 0.008073 0.006944
0 0.109158 0.081096 0.008073 0.006944
0 0.109158 0.081096 0.008073 0.006944
0 0.109158 0.081096 0.008073 0.006944
0 0.109158 0.081096 0.008073 0.006944
0 0.109158 0.081096 0.008073 0.006944
0 0.109158 0.081096 0.008073 0.006944
0 0.109418 0.081096 0.008073 0.006944
0 0.109418 0.080633 0.008073 0.006944
0 0.109418 0.080170 0.008073 0.006944
0 0.109418 0.079707 0.008073 0.006944
0 0.109418 0.079244 0.008073 0.006944
0 0.109418 0.079244 0.008073 0.006944
0 0.109418 0.078935 0.008073 0.006944
0 0.109418 0.078472 0.008073 0.006944
0 0.109418 0.078009 0.008073 0.006944
0 0.109418 0.077546 0.008073 0.006944
0 0.109505 0.077546 0.008247 0.006944
