0 0.141493 0.103627 0.012153 0.033796
0 0.141493 0.109877 0.012153 0.033333
0 0.141493 0.116667 0.012153 0.033025
0 0.141580 0.123148 0.011979 0.033025
0 0.141580 0.129861 0.011979 0.032562
0 0.141710 0.136343 0.011719 0.032562
0 0.141710 0.142824 0.011719 0.031636
0 0.141710 0.149383 0.011719 0.031790
0 0.141840 0.156096 0.011458 0.031327
0 0.141840 0.162577 0.011458 0.031327
0 0.141970 0.169290 0.011198 0.030864
0 0.141970 0.168904 0.011198 0.030710
0 0.141970 0.168673 0.011198 0.031173
0 0.141970 0.168441 0.011198 0.031636
0 0.141970 0.167978 0.011198 0.031636
0 0.141970 0.167978 0.011198 0.031636
0 0.141970 0.167747 0.011198 0.032099
0 0.141970 0.167438 0.011198 0.032099
0 0.141970 0.167207 0.011198 0.032562
0 0.141970 0.166975 0.011198 0.033025
0 0.142101 0.166975 0.010937 0.033025
0 0.142101 0.166512 0.010937 0.033025
0 0.142101 0.166512 0.010937 0.033025
0 0.142101 0.166049 0.010937 0.033025
0 0.142101 0.166049 0.010937 0.033025
0 0.142101 0.166049 0.010937 0.033025
0 0.142101 0.165664 0.010937 0.032870
0 0.142101 0.165664 0.010937 0.032870
0 0.142101 0.165201 0.010937 0.032870
0 0.142101 0.165201 0.010937 0.032870
0 0.142361 0.165201 0.010937 0.032870
0 0.142101 0.168673 0.010937 0.033025
0 0.142101 0.172145 0.010937 0.032870
0 0.142101 0.175617 0.010937 0.033025
0 0.142101 0.179090 0.010937 0.032870
0 0.142101 0.182562 0.010937 0.033025
0 0.142101 0.186034 0.010937 0.032870
0 0.142101 0.189506 0.010937 0.033025
0 0.142101 0.192978 0.010937 0.032870
0 0.142101 0.196451 0.010937 0.033025
0 0.142101 0.200309 0.010937 0.033025
0 0.141840 0.206019 0.010937 0.033025
0 0.141623 0.212037 0.011024 0.033025
0 0.141363 0.217747 0.011024 0.033025
0 0.141102 0.223765 0.011024 0.033025
0 0.140885 0.229398 0.010937 0.032870
0 0.140625 0.235494 0.010937 0.033025
0 0.140408 0.241127 0.011024 0.032870
0 0.140148 0.247222 0.011024 0.033025
0 0.139887 0.252855 0.011024 0.032870
0 0.139670 0.258951 0.010937 0.033025
0 0.139540 0.258488 0.011198 0.033025
0 0.139540 0.258025 0.011198 0.033025
0 0.139540 0.257562 0.011198 0.033025
0 0.139540 0.257562 0.011198 0.033025
0 0.139540 0.257176 0.011198 0.032870
0 0.139540 0.256790 0.011198 0.033025
0 0.139540 0.256790 0.011198 0.033025
0 0.139540 0.256327 0.011198 0.033025
0 0.139540 0.255864 0.011198 0.033025
0 0.139540 0.255864 0.011198 0.033025
0 0.140017 0.255401 0.011285 0.033025
0 0.140495 0.255401 0.011198 0.033025
0 0.141016 0.255401 0.011198 0.033025
0 0.141493 0.255401 0.011285 0.033025
0 0.141970 0.255401 0.011198 0.033025
0 0.142491 0.255401 0.011198 0.033025
0 0.142925 0.255401 0.011198 0.033025
0 0.143446 0.255401 0.011198 0.033025
0 0.143924 0.255401 0.011285 0.033025
0 0.144401 0.255401 0.011198 0.033025
0 0.144401 0.255401 0.011198 0.033025
0 0.144401 0.255401 0.011198 0.033025
0 0.144401 0.255401 0.011198 0.033025
0 0.144401 0.255401 0.011198 0.033025
0 0.144401 0.255401 0.011198 0.033025
0 0.144401 0.255401 0.011198 0.033025
0 0.144401 0.255401 0.011198 0.033025
0 0.144401 0.255401 0.011198 0.033025
0 0.144401 0.255401 0.011198 0.033025
0 0.144401 0.255401 0.011198 0.033025
0 0.144401 0.254552 0.011198 0.032870
0 0.144401 0.254167 0.011198 0.033025
0 0.144401 0.253704 0.011198 0.033025
0 0.144661 0.252855 0.011198 0.032870
0 0.144661 0.252392 0.011198 0.032870
0 0.144661 0.252006 0.011198 0.033025
0 0.144922 0.251080 0.011198 0.033025
0 0.144922 0.250694 0.011198 0.032870
0 0.144922 0.250231 0.011198 0.032870
0 0.145139 0.249846 0.011285 0.033025
0 0.144792 0.249383 0.010937 0.033025
0 0.144661 0.248920 0.010677 0.033025
0 0.144575 0.248688 0.010503 0.032562
0 0.144444 0.248457 0.010243 0.033025
0 0.144314 0.248225 0.009983 0.032562
0 0.143924 0.247840 0.009722 0.032407
0 0.143793 0.247608 0.009462 0.032870
0 0.143707 0.247454 0.009288 0.032562
0 0.143576 0.246991 0.009028 0.032562
0 0.143446 0.246991 0.008767 0.032562
0 0.143186 0.246759 0.008767 0.033025
0 0.143186 0.246759 0.008767 0.033025
0 0.142925 0.246759 0.008767 0.033025
0 0.142925 0.246759 0.008767 0.033025
0 0.142708 0.246759 0.008854 0.033025
0 0.142708 0.246759 0.008854 0.033025
0 0.142491 0.246759 0.008767 0.033025
0 0.142491 0.246759 0.008767 0.033025
0 0.142231 0.246759 0.008767 0.033025
0 0.142231 0.246759 0.008767 0.033025
0 0.141493 0.246759 0.008854 0.033025
0 0.141016 0.246759 0.008767 0.033025
0 0.140495 0.246759 0.008767 0.033025
0 0.140017 0.246759 0.008854 0.033025
0 0.139540 0.246759 0.008767 0.033025
0 0.138802 0.246759 0.008854 0.033025
0 0.138325 0.246759 0.008767 0.033025
0 0.137804 0.246759 0.008767 0.033025
0 0.137370 0.246759 0.008767 0.033025
0 0.136849 0.246759 0.008767 0.033025
0 0.135894 0.246296 0.008767 0.033025
0 0.134896 0.245910 0.008854 0.032870
0 0.133898 0.245448 0.008767 0.032870
0 0.132943 0.245062 0.008767 0.033025
0 0.131988 0.244599 0.008767 0.033025
0 0.130990 0.244136 0.008854 0.033025
0 0.129991 0.243750 0.008767 0.032870
0 0.129036 0.243287 0.008767 0.032870
0 0.128082 0.242901 0.008767 0.033025
0 0.127083 0.242438 0.008854 0.033025
0 0.125868 0.241975 0.008854 0.033025
0 0.124870 0.241975 0.008767 0.033025
0 0.123655 0.241512 0.008767 0.033025
0 0.122700 0.241512 0.008767 0.033025
0 0.121484 0.241127 0.008767 0.032870
0 0.120530 0.241127 0.008767 0.032870
0 0.119314 0.240664 0.008767 0.032870
0 0.118273 0.240664 0.008767 0.032870
0 0.117057 0.240278 0.008767 0.033025
0 0.116102 0.240278 0.008767 0.033025
0 0.114627 0.239815 0.008767 0.033025
0 0.113151 0.239352 0.008767 0.033025
0 0.111719 0.238966 0.008854 0.032870
0 0.110373 0.238503 0.008594 0.032870
0 0.109028 0.238117 0.008854 0.033025
0 0.107595 0.237654 0.008767 0.033025
0 0.106250 0.237191 0.008507 0.033025
0 0.104774 0.236806 0.008507 0.032870
0 0.103299 0.236343 0.008507 0.032870
0 0.102083 0.236343 0.008507 0.032870
0 0.102083 0.236343 0.008507 0.032870
0 0.102083 0.236343 0.008507 0.032870
0 0.102083 0.236343 0.008507 0.032870
0 0.102083 0.236343 0.008507 0.032870
0 0.102083 0.236343 0.008507 0.032870
0 0.102083 0.236343 0.008507 0.032870
0 0.102083 0.236343 0.008507 0.032870
0 0.102083 0.236343 0.008507 0.032870
0 0.102083 0.236343 0.008507 0.032870
0 0.102083 0.236343 0.008507 0.032870
0 0.100130 0.234568 0.008594 0.033025
0 0.098177 0.233333 0.008507 0.033025
0 0.096441 0.232022 0.008507 0.032870
0 0.094531 0.230710 0.008507 0.033025
0 0.092795 0.229398 0.008507 0.032870
0 0.090842 0.228086 0.008594 0.033025
0 0.088889 0.226852 0.008507 0.033025
0 0.087196 0.225463 0.008594 0.033025
0 0.085243 0.224228 0.008507 0.033025
0 0.083550 0.222917 0.008594 0.032870
0 0.082292 0.222068 0.008507 0.033025
0 0.081337 0.221373 0.008507 0.032562
0 0.080122 0.220679 0.008507 0.032099
0 0.079167 0.220139 0.008507 0.031636
0 0.078038 0.219444 0.008854 0.031173
0 0.076953 0.218981 0.008594 0.031173
0 0.075825 0.218364 0.008767 0.030864
0 0.074870 0.217670 0.008767 0.030401
0 0.073655 0.216975 0.008767 0.029938
0 0.072700 0.216435 0.008767 0.029475
