0 0.172613 0.096219 0.003212 0.013117
0 0.172613 0.096219 0.003212 0.013117
0 0.172613 0.096219 0.003212 0.013117
0 0.172613 0.096219 0.003212 0.013117
0 0.172613 0.096219 0.003212 0.013117
0 0.172613 0.096219 0.003212 0.013117
0 0.172613 0.096219 0.003212 0.013117
0 0.172613 0.096219 0.003212 0.013117
0 0.172613 0.096219 0.003212 0.013117
0 0.172613 0.096219 0.003212 0.013117
0 0.172613 0.096219 0.003212 0.013117
0 0.172613 0.096219 0.003212 0.013117
0 0.172613 0.096219 0.003212 0.013117
0 0.172613 0.096219 0.003212 0.013117
0 0.172613 0.096219 0.003212 0.013117
0 0.172613 0.096219 0.003212 0.013117
0 0.172613 0.096219 0.003212 0.013117
0 0.172613 0.096219 0.003212 0.013117
0 0.172613 0.096219 0.003212 0.013117
0 0.172613 0.096219 0.003212 0.013117
0 0.172613 0.096219 0.003212 0.013117
0 0.172613 0.096219 0.003212 0.013117
0 0.172613 0.096219 0.003212 0.013117
0 0.172613 0.096219 0.003212 0.013117
0 0.172613 0.096219 0.003212 0.013117
0 0.172613 0.096219 0.003212 0.013117
0 0.172613 0.096219 0.003212 0.013117
0 0.172613 0.096219 0.003212 0.013117
0 0.172613 0.096219 0.003212 0.013117
0 0.172613 0.096219 0.003212 0.013117
0 0.172613 0.096219 0.003212 0.013117
0 0.172613 0.096219 0.003212 0.013117
0 0.172613 0.096219 0.003212 0.013117
0 0.172613 0.096219 0.003212 0.013117
0 0.172613 0.096219 0.003212 0.013117
0 0.172613 0.096219 0.003212 0.013117
0 0.172613 0.096219 0.003212 0.013117
0 0.172613 0.096219 0.003212 0.013117
0 0.172613 0.096219 0.003212 0.013117
0 0.172613 0.096219 0.003212 0.013117
0 0.172613 0.096219 0.003212 0.013117
0 0.172613 0.096219 0.003212 0.013117
0 0.172613 0.096219 0.003212 0.013117
0 0.172613 0.096219 0.003212 0.013117
0 0.172613 0.096219 0.003212 0.013117
0 0.172613 0.096219 0.003212 0.013117
0 0.172613 0.096219 0.003212 0.013117
0 0.172613 0.096219 0.003212 0.013117
0 0.172613 0.096219 0.003212 0.013117
0 0.172613 0.096219 0.003212 0.013117
0 0.172613 0.096219 0.003212 0.013117
0 0.172613 0.096219 0.003212 0.013117
0 0.172613 0.096219 0.003212 0.013117
0 0.172613 0.096219 0.003212 0.013117
0 0.172613 0.096219 0.003212 0.013117
0 0.172613 0.096219 0.003212 0.013117
0 0.172613 0.096219 0.003212 0.013117
0 0.172613 0.096219 0.003212 0.013117
0 0.172613 0.096219 0.003212 0.013117
0 0.172613 0.096219 0.003212 0.013117
0 0.172613 0.096219 0.003212 0.013117
0 0.172613 0.096219 0.003212 0.013117
0 0.172613 0.096219 0.003212 0.013117
0 0.172613 0.096219 0.003212 0.013117
0 0.172613 0.096219 0.003212 0.013117
0 0.172613 0.096219 0.003212 0.013117
0 0.172613 0.096219 0.003212 0.013117
0 0.172613 0.096219 0.003212 0.013117
0 0.172613 0.096219 0.003212 0.013117
0 0.172613 0.096219 0.003212 0.013117
0 0.172613 0.096219 0.003212 0.013117
0 0.172613 0.096219 0.003212 0.013117
0 0.172613 0.096219 0.003212 0.013117
0 0.172613 0.096219 0.003212 0.013117
0 0.172613 0.096219 0.003212 0.013117
0 0.172613 0.096219 0.003212 0.013117
0 0.172613 0.096219 0.003212 0.013117
0 0.172613 0.096219 0.003212 0.013117
0 0.172613 0.096219 0.003212 0.013117
0 0.172613 0.096219 0.003212 0.013117
0 0.172613 0.096219 0.003212 0.013117
0 0.172613 0.096219 0.003212 0.013117
0 0.172613 0.096219 0.003212 0.013117
0 0.172613 0.096219 0.003212 0.013117
0 0.172613 0.096219 0.003212 0.013117
0 0.172613 0.096219 0.003212 0.013117
0 0.172613 0.096219 0.003212 0.013117
0 0.172613 0.096219 0.003212 0.013117
0 0.172613 0.096219 0.003212 0.013117
0 0.172613 0.096219 0.003212 0.013117
0 0.172613 0.096219 0.003212 0.013117
0 0.172613 0.096219 0.003212 0.013117
0 0.172613 0.096219 0.003212 0.013117
0 0.172613 0.096219 0.003212 0.013117
0 0.172613 0.096219 0.003212 0.013117
0 0.172613 0.096219 0.003212 0.013117
0 0.172613 0.096219 0.003212 0.013117
0 0.172613 0.096219 0.003212 0.013117
0 0.172613 0.096219 0.003212 0.013117
0 0.172613 0.096219 0.003212 0.013117
0 0.172613 0.096219 0.003212 0.013117
0 0.172613 0.096219 0.003212 0.013117
0 0.172613 0.096219 0.003212 0.013117
0 0.172613 0.096219 0.003212 0.013117
0 0.172613 0.096219 0.003212 0.013117
0 0.172613 0.096219 0.003212 0.013117
0 0.172613 0.096219 0.003212 0.013117
0 0.172613 0.096219 0.003212 0.013117
0 0.172613 0.096219 0.003212 0.013117
0 0.172613 0.096219 0.003212 0.013117
0 0.172613 0.096219 0.003212 0.013117
0 0.172613 0.096219 0.003212 0.013117
0 0.172613 0.096219 0.003212 0.013117
0 0.172613 0.096219 0.003212 0.013117
0 0.172613 0.096219 0.003212 0.013117
0 0.172613 0.096219 0.003212 0.013117
0 0.172613 0.096219 0.003212 0.013117
0 0.172613 0.096219 0.003212 0.013117
0 0.172613 0.096219 0.003212 0.013117
0 0.172613 0.096219 0.003212 0.013117
0 0.172613 0.096219 0.003212 0.013117
0 0.172613 0.096219 0.003212 0.013117
0 0.172613 0.096219 0.003212 0.013117
0 0.172613 0.096219 0.003212 0.013117
0 0.172613 0.096219 0.003212 0.013117
0 0.172613 0.096219 0.003212 0.013117
0 0.172613 0.096219 0.003212 0.013117
0 0.172613 0.096219 0.003212 0.013117
0 0.172613 0.096219 0.003212 0.013117
0 0.172613 0.096219 0.003212 0.013117
0 0.172613 0.096219 0.003212 0.013117
0 0.172613 0.096219 0.003212 0.013117
0 0.172613 0.096219 0.003212 0.013117
0 0.172613 0.096219 0.003212 0.013117
0 0.172613 0.096219 0.003212 0.013117
0 0.172613 0.096219 0.003212 0.013117
0 0.172613 0.096219 0.003212 0.013117
0 0.172613 0.096219 0.003212 0.013117
0 0.172613 0.096219 0.003212 0.013117
0 0.172613 0.096219 0.003212 0.013117
0 0.172613 0.096219 0.003212 0.013117
0 0.169661 0.096219 0.003212 0.013117
0 0.166970 0.096219 0.003212 0.013117
0 0.164323 0.096219 0.003125 0.013117
0 0.161632 0.096682 0.003125 0.013117
0 0.158941 0.096682 0.003125 0.013117
0 0.155990 0.096682 0.003125 0.013117
0 0.153342 0.097068 0.003212 0.012963
0 0.150651 0.097068 0.003212 0.012963
0 0.147960 0.097068 0.003212 0.012963
0 0.145269 0.097531 0.003212 0.012963
0 0.146224 0.097068 0.003212 0.012963
0 0.147483 0.097068 0.003125 0.012963
0 0.148698 0.097068 0.003125 0.012963
0 0.149653 0.096682 0.003125 0.013117
0 0.150868 0.096682 0.003125 0.013117
0 0.152127 0.096682 0.003212 0.013117
0 0.153082 0.096219 0.003212 0.013117
0 0.154297 0.096219 0.003212 0.013117
0 0.155512 0.096219 0.003212 0.013117
0 0.156727 0.096219 0.003212 0.013117
0 0.157465 0.096219 0.003125 0.013117
0 0.158464 0.096219 0.003212 0.013117
0 0.159418 0.096219 0.003212 0.013117
0 0.160417 0.096219 0.003125 0.013117
0 0.161372 0.096682 0.003125 0.013117
0 0.162109 0.096682 0.003212 0.013117
0 0.163064 0.096682 0.003212 0.013117
0 0.164062 0.096682 0.003125 0.013117
0 0.165061 0.096682 0.003212 0.013117
0 0.166016 0.097068 0.003212 0.012963
0 0.166493 0.096682 0.003125 0.013117
0 0.166970 0.096682 0.003212 0.013117
0 0.167578 0.096682 0.003385 0.013117
0 0.168229 0.096682 0.003125 0.013117
0 0.168707 0.096682 0.003212 0.013117
0 0.169314 0.096219 0.003385 0.013117
0 0.169792 0.096219 0.003472 0.013117
0 0.170399 0.096219 0.003125 0.013117
0 0.171007 0.096219 0.003472 0.013117
0 0.171484 0.096219 0.003385 0.013117
