0 0.151736 0.134182 0.005382 0.025463
0 0.151736 0.134182 0.005382 0.025463
0 0.151736 0.134182 0.005382 0.025463
0 0.151736 0.134182 0.005382 0.025463
0 0.151736 0.134182 0.005382 0.025463
0 0.151736 0.134182 0.005382 0.025463
0 0.151736 0.134182 0.005382 0.025463
0 0.151736 0.134182 0.005382 0.025463
0 0.151736 0.134182 0.005382 0.025463
0 0.151736 0.134182 0.005382 0.025463
0 0.151736 0.134182 0.005382 0.025463
0 0.151215 0.134182 0.005382 0.025463
0 0.150781 0.134568 0.005382 0.025617
0 0.150260 0.134568 0.005382 0.025617
0 0.149783 0.135031 0.005295 0.025617
0 0.149306 0.135494 0.005382 0.025617
0 0.148785 0.135494 0.005382 0.025617
0 0.148351 0.135957 0.005382 0.025617
0 0.147830 0.135957 0.005382 0.025617
0 0.147309 0.136420 0.005382 0.025617
0 0.146875 0.136728 0.005382 0.025617
0 0.147309 0.136420 0.005382 0.025617
0 0.147830 0.135957 0.005382 0.025617
0 0.148351 0.135957 0.005382 0.025617
0 0.148785 0.135494 0.005382 0.025617
0 0.149306 0.135494 0.005382 0.025617
0 0.149783 0.135031 0.005295 0.025617
0 0.150260 0.134568 0.005382 0.025617
0 0.150781 0.134568 0.005382 0.025617
0 0.151215 0.134182 0.005382 0.025463
0 0.151736 0.134182 0.005382 0.025463
0 0.151997 0.133796 0.005382 0.025617
0 0.152257 0.133796 0.005382 0.025617
0 0.152474 0.133796 0.005295 0.025617
0 0.152691 0.133333 0.005382 0.025617
0 0.153212 0.133333 0.005382 0.025617
0 0.153472 0.133333 0.005382 0.025617
0 0.153689 0.132870 0.005295 0.025617
0 0.153906 0.132870 0.005382 0.025617
0 0.154167 0.132870 0.005382 0.025617
0 0.154687 0.132870 0.005382 0.025617
0 0.154905 0.132407 0.005295 0.025617
0 0.155122 0.132407 0.005382 0.025617
0 0.155382 0.132407 0.005382 0.025617
0 0.155642 0.132022 0.005382 0.025463
0 0.155903 0.132022 0.005382 0.025463
0 0.156163 0.132022 0.005382 0.025463
0 0.156380 0.131636 0.005295 0.025617
0 0.156597 0.131636 0.005382 0.025617
0 0.156858 0.131636 0.005382 0.025617
0 0.157378 0.131636 0.005382 0.025617
0 0.157378 0.131173 0.005382 0.025617
0 0.157595 0.131173 0.005295 0.025617
0 0.157812 0.130710 0.005382 0.025617
0 0.157812 0.130710 0.005382 0.025617
0 0.158073 0.130247 0.005382 0.025617
0 0.158333 0.130247 0.005382 0.025617
0 0.158333 0.129861 0.005382 0.025463
0 0.158594 0.129861 0.005382 0.025463
0 0.158811 0.129475 0.005295 0.025617
0 0.159028 0.129475 0.005382 0.025617
0 0.159288 0.129012 0.005382 0.025617
0 0.159549 0.129012 0.005382 0.025617
0 0.159809 0.129012 0.005382 0.025617
0 0.160069 0.129012 0.005382 0.025617
0 0.160243 0.129012 0.005382 0.025617
0 0.160503 0.128549 0.005382 0.025617
0 0.160764 0.128549 0.005382 0.025617
0 0.161024 0.128549 0.005382 0.025617
0 0.161285 0.128549 0.005382 0.025617
0 0.161502 0.128549 0.005295 0.025617
0 0.161719 0.128086 0.005382 0.025617
0 0.162240 0.128086 0.005382 0.025617
0 0.162500 0.128086 0.005382 0.025617
0 0.162934 0.128086 0.005382 0.025617
0 0.163194 0.128086 0.005382 0.025617
0 0.163715 0.127623 0.005382 0.025617
0 0.163976 0.127623 0.005382 0.025617
0 0.164410 0.127623 0.005382 0.025617
0 0.164670 0.127623 0.005382 0.025617
0 0.165191 0.127623 0.005382 0.025617
0 0.165191 0.127623 0.005382 0.025617
0 0.165191 0.127623 0.005382 0.025617
0 0.165408 0.127623 0.005295 0.025617
0 0.165408 0.127623 0.005295 0.025617
0 0.165625 0.127623 0.005382 0.025617
0 0.165625 0.127623 0.005382 0.025617
0 0.165625 0.127623 0.005382 0.025617
0 0.165885 0.127623 0.005382 0.025617
0 0.165885 0.127623 0.005382 0.025617
0 0.166146 0.127623 0.005382 0.025617
0 0.166146 0.127623 0.005382 0.025617
0 0.166146 0.127623 0.005382 0.025617
0 0.166146 0.127623 0.005382 0.025617
0 0.166146 0.127623 0.005382 0.025617
0 0.166146 0.127623 0.005382 0.025617
0 0.166146 0.127623 0.005382 0.025617
0 0.166146 0.127623 0.005382 0.025617
0 0.166146 0.127623 0.005382 0.025617
0 0.166146 0.127623 0.005382 0.025617
0 0.166146 0.127623 0.005382 0.025617
0 0.166146 0.127623 0.005382 0.025617
0 0.166146 0.127623 0.005382 0.025617
0 0.166146 0.127623 0.005382 0.025617
0 0.166146 0.127623 0.005382 0.025617
0 0.166146 0.127623 0.005382 0.025617
0 0.166146 0.127623 0.005382 0.025617
0 0.166146 0.127623 0.005382 0.025617
0 0.166146 0.127623 0.005382 0.025617
0 0.166146 0.127623 0.005382 0.025617
0 0.166146 0.127623 0.005382 0.025617
0 0.165885 0.127238 0.005382 0.025463
0 0.165625 0.127238 0.005382 0.025463
0 0.165625 0.127238 0.005382 0.025463
0 0.165408 0.127238 0.005295 0.025463
0 0.165408 0.127238 0.005295 0.025463
0 0.165191 0.127238 0.005382 0.025463
0 0.164931 0.127238 0.005382 0.025463
0 0.164931 0.127238 0.005382 0.025463
0 0.164670 0.127238 0.005382 0.025463
0 0.164670 0.127238 0.005382 0.025463
0 0.164410 0.126852 0.005382 0.025617
0 0.164149 0.126852 0.005382 0.025617
0 0.163976 0.126852 0.005382 0.025617
0 0.163715 0.126389 0.005382 0.025617
0 0.163455 0.126389 0.005382 0.025617
0 0.163194 0.126389 0.005382 0.025617
0 0.162934 0.125926 0.005382 0.025617
0 0.162717 0.125926 0.005295 0.025617
0 0.162500 0.125926 0.005382 0.025617
0 0.162500 0.125926 0.005382 0.025617
0 0.162240 0.125926 0.005382 0.025617
0 0.162240 0.125926 0.005382 0.025617
0 0.161979 0.125926 0.005382 0.025617
0 0.161979 0.125926 0.005382 0.025617
0 0.161719 0.125926 0.005382 0.025617
0 0.161719 0.125926 0.005382 0.025617
0 0.161502 0.125926 0.005295 0.025617
0 0.161502 0.125926 0.005295 0.025617
0 0.161285 0.125926 0.005382 0.025617
0 0.161285 0.125926 0.005382 0.025617
0 0.161024 0.125463 0.005382 0.025617
0 0.161024 0.125463 0.005382 0.025617
0 0.160764 0.125463 0.005382 0.025617
0 0.160764 0.125463 0.005382 0.025617
0 0.160764 0.125463 0.005382 0.025617
0 0.160503 0.125077 0.005382 0.025463
0 0.160503 0.125077 0.005382 0.025463
0 0.160243 0.125077 0.005382 0.025463
0 0.160243 0.125077 0.005382 0.025463
0 0.160243 0.125077 0.005382 0.025463
0 0.160069 0.125077 0.005382 0.025463
0 0.159809 0.125077 0.005382 0.025463
0 0.159549 0.125077 0.005382 0.025463
0 0.159549 0.125077 0.005382 0.025463
0 0.159288 0.125077 0.005382 0.025463
0 0.159028 0.125077 0.005382 0.025463
0 0.159028 0.125077 0.005382 0.025463
0 0.158811 0.125077 0.005295 0.025463
0 0.158594 0.125077 0.005382 0.025463
0 0.158594 0.125463 0.005382 0.025617
0 0.158333 0.125463 0.005382 0.025617
0 0.158333 0.125463 0.005382 0.025617
0 0.158333 0.125463 0.005382 0.025617
0 0.158073 0.125463 0.005382 0.025617
0 0.158073 0.125463 0.005382 0.025617
0 0.158073 0.125463 0.005382 0.025617
0 0.157812 0.125463 0.005382 0.025617
0 0.157812 0.125463 0.005382 0.025617
0 0.157812 0.125463 0.005382 0.025617
0 0.157812 0.125463 0.005382 0.025617
0 0.157595 0.125463 0.005295 0.025617
0 0.157595 0.125463 0.005295 0.025617
0 0.157465 0.125463 0.005556 0.025617
0 0.157378 0.125463 0.005382 0.025617
0 0.157378 0.125463 0.005382 0.025617
0 0.157248 0.125463 0.005642 0.025617
0 0.157118 0.125463 0.005382 0.025617
0 0.156988 0.125463 0.005642 0.025617
0 0.156988 0.125463 0.005642 0.025617
0 0.156988 0.125463 0.005642 0.025617
