0 0.169184 0.027855 0.004167 0.017747
0 0.169444 0.027855 0.004167 0.017747
0 0.169705 0.027855 0.004167 0.017747
0 0.169922 0.027855 0.004080 0.017747
0 0.170139 0.027855 0.004167 0.017747
0 0.170399 0.027855 0.004167 0.017747
0 0.170660 0.027855 0.004167 0.017747
0 0.170920 0.027855 0.004167 0.017747
0 0.171137 0.027855 0.004080 0.017747
0 0.171354 0.027855 0.004167 0.017747
0 0.171615 0.028318 0.004167 0.017747
0 0.171615 0.028318 0.004167 0.017747
0 0.171875 0.028318 0.004167 0.017747
0 0.171875 0.028318 0.004167 0.017747
0 0.172135 0.028318 0.004167 0.017747
0 0.172352 0.028781 0.004080 0.017747
0 0.172352 0.028781 0.004080 0.017747
0 0.172569 0.028781 0.004167 0.017747
0 0.172569 0.028781 0.004167 0.017747
0 0.172830 0.028781 0.004167 0.017747
0 0.173090 0.029244 0.004167 0.017747
0 0.173090 0.029244 0.004167 0.017747
0 0.173090 0.029244 0.004167 0.017747
0 0.173090 0.029244 0.004167 0.017747
0 0.173090 0.029244 0.004167 0.017747
0 0.173090 0.029244 0.004167 0.017747
0 0.173090 0.029244 0.004167 0.017747
0 0.173090 0.029244 0.004167 0.017747
0 0.173090 0.029244 0.004167 0.017747
0 0.173090 0.029244 0.004167 0.017747
0 0.173090 0.029244 0.004167 0.017747
0 0.172830 0.029244 0.004167 0.017747
0 0.172830 0.029244 0.004167 0.017747
0 0.172830 0.029244 0.004167 0.017747
0 0.172569 0.029244 0.004167 0.017747
0 0.172569 0.029244 0.004167 0.017747
0 0.172569 0.029244 0.004167 0.017747
0 0.172352 0.029244 0.004080 0.017747
0 0.172352 0.029244 0.004080 0.017747
0 0.172352 0.029244 0.004080 0.017747
0 0.172352 0.029244 0.004080 0.017747
0 0.172135 0.029244 0.004167 0.017747
0 0.172135 0.029244 0.004167 0.017747
0 0.172135 0.029630 0.004167 0.017901
0 0.172135 0.029630 0.004167 0.017901
0 0.172135 0.030093 0.004167 0.017901
0 0.172135 0.030093 0.004167 0.017901
0 0.172135 0.030093 0.004167 0.017901
0 0.172135 0.030478 0.004167 0.017747
0 0.172135 0.030478 0.004167 0.017747
0 0.172135 0.030941 0.004167 0.017747
0 0.171875 0.030941 0.004167 0.017747
0 0.171875 0.030941 0.004167 0.017747
0 0.171875 0.030941 0.004167 0.017747
0 0.171875 0.030941 0.004167 0.017747
0 0.171875 0.031404 0.004167 0.017747
0 0.171615 0.031404 0.004167 0.017747
0 0.171615 0.031404 0.004167 0.017747
0 0.171615 0.031404 0.004167 0.017747
0 0.171615 0.031404 0.004167 0.017747
0 0.171615 0.031790 0.004167 0.017901
0 0.171615 0.031790 0.004167 0.017901
0 0.171615 0.031790 0.004167 0.017901
0 0.171615 0.031790 0.004167 0.017901
0 0.171615 0.031790 0.004167 0.017901
0 0.171615 0.032253 0.004167 0.017901
0 0.171615 0.032253 0.004167 0.017901
0 0.171615 0.032253 0.004167 0.017901
0 0.171615 0.032253 0.004167 0.017901
0 0.171615 0.032253 0.004167 0.017901
0 0.171615 0.032639 0.004167 0.017747
0 0.171354 0.032639 0.004167 0.017747
0 0.171354 0.032639 0.004167 0.017747
0 0.171137 0.032639 0.004080 0.017747
0 0.171137 0.032639 0.004080 0.017747
0 0.170920 0.033102 0.004167 0.017747
0 0.170920 0.033102 0.004167 0.017747
0 0.170660 0.033102 0.004167 0.017747
0 0.170660 0.033102 0.004167 0.017747
0 0.170399 0.033102 0.004167 0.017747
0 0.170399 0.033565 0.004167 0.017747
0 0.170139 0.033565 0.004167 0.017747
0 0.169922 0.033565 0.004080 0.017747
0 0.169705 0.033565 0.004167 0.017747
0 0.169444 0.033565 0.004167 0.017747
0 0.169444 0.034028 0.004167 0.017747
0 0.169184 0.034028 0.004167 0.017747
0 0.168924 0.034028 0.004167 0.017747
0 0.168707 0.034028 0.004080 0.017747
0 0.168446 0.034028 0.004080 0.017747
0 0.168446 0.034414 0.004080 0.017901
0 0.168229 0.034414 0.004167 0.017901
0 0.168229 0.034414 0.004167 0.017901
0 0.167969 0.034414 0.004167 0.017901
0 0.167969 0.034414 0.004167 0.017901
0 0.167708 0.034414 0.004167 0.017901
0 0.167708 0.034414 0.004167 0.017901
0 0.167448 0.034414 0.004167 0.017901
0 0.167448 0.034414 0.004167 0.017901
0 0.167231 0.034414 0.004080 0.017901
0 0.167231 0.034799 0.004080 0.017747
0 0.167231 0.034799 0.004080 0.017747
0 0.167231 0.034799 0.004080 0.017747
0 0.167231 0.034799 0.004080 0.017747
0 0.167231 0.034799 0.004080 0.017747
0 0.167231 0.034799 0.004080 0.017747
0 0.167231 0.034799 0.004080 0.017747
0 0.167231 0.034799 0.004080 0.017747
0 0.167231 0.034799 0.004080 0.017747
0 0.167231 0.034799 0.004080 0.017747
0 0.167231 0.034799 0.004080 0.017747
0 0.167014 0.034799 0.004167 0.017747
0 0.166753 0.034799 0.004167 0.017747
0 0.166493 0.034799 0.004167 0.017747
0 0.166233 0.035262 0.004167 0.017747
0 0.166016 0.035262 0.004080 0.017747
0 0.165799 0.035262 0.004167 0.017747
0 0.165538 0.035725 0.004167 0.017747
0 0.165278 0.035725 0.004167 0.017747
0 0.165017 0.035725 0.004167 0.017747
0 0.165017 0.036188 0.004167 0.017747
0 0.164800 0.036188 0.004080 0.017747
0 0.164583 0.036188 0.004167 0.017747
0 0.164323 0.036188 0.004167 0.017747
0 0.164323 0.036188 0.004167 0.017747
0 0.164062 0.036188 0.004167 0.017747
0 0.163802 0.036188 0.004167 0.017747
0 0.163802 0.036188 0.004167 0.017747
0 0.163542 0.036188 0.004167 0.017747
0 0.163325 0.036188 0.004080 0.017747
0 0.163325 0.036188 0.004080 0.017747
0 0.162847 0.036188 0.004167 0.017747
0 0.162587 0.036188 0.004167 0.017747
0 0.162326 0.036188 0.004167 0.017747
0 0.161892 0.036188 0.004167 0.017747
0 0.161632 0.036574 0.004167 0.017901
0 0.161372 0.036574 0.004167 0.017901
0 0.160894 0.036574 0.004080 0.017901
0 0.160677 0.036574 0.004167 0.017901
0 0.160417 0.036574 0.004167 0.017901
0 0.160156 0.036960 0.004167 0.017747
0 0.159635 0.036960 0.004167 0.017747
0 0.159418 0.036960 0.004080 0.017747
0 0.159201 0.036960 0.004167 0.017747
0 0.158681 0.036960 0.004167 0.017747
0 0.158420 0.036960 0.004167 0.017747
0 0.158203 0.036960 0.004080 0.017747
0 0.157726 0.036960 0.004167 0.017747
0 0.157465 0.036960 0.004167 0.017747
0 0.157205 0.036960 0.004167 0.017747
0 0.156988 0.037423 0.004080 0.017747
0 0.156510 0.037423 0.004167 0.017747
0 0.156250 0.037423 0.004167 0.017747
0 0.155773 0.037423 0.004080 0.017747
0 0.155512 0.037886 0.004080 0.017747
0 0.155035 0.037886 0.004167 0.017747
0 0.154774 0.037886 0.004167 0.017747
0 0.154297 0.038349 0.004080 0.017747
0 0.154080 0.038349 0.004167 0.017747
0 0.153559 0.038349 0.004167 0.017747
0 0.153299 0.038735 0.004167 0.017901
0 0.152865 0.038735 0.004167 0.017901
0 0.152604 0.038735 0.004167 0.017901
0 0.152344 0.038735 0.004167 0.017901
0 0.152083 0.038735 0.004167 0.017901
0 0.151866 0.039198 0.004080 0.017901
0 0.151649 0.039198 0.004167 0.017901
0 0.151389 0.039198 0.004167 0.017901
0 0.151128 0.039198 0.004167 0.017901
0 0.150868 0.039198 0.004167 0.017901
0 0.150608 0.039583 0.004167 0.017747
0 0.150174 0.039583 0.004167 0.017747
0 0.149913 0.039583 0.004167 0.017747
0 0.149653 0.039583 0.004167 0.017747
0 0.149306 0.039583 0.004340 0.017747
0 0.149045 0.039583 0.004340 0.017747
0 0.148698 0.039583 0.004167 0.017747
0 0.148307 0.039583 0.004427 0.017747
0 0.148090 0.039583 0.004340 0.017747
0 0.147830 0.039583 0.004340 0.017747
0 0.147613 0.039815 0.004427 0.018210
