0 0.007639 0.183873 0.013368 0.023302
0 0.007639 0.183873 0.013368 0.023302
0 0.007639 0.183873 0.013368 0.023302
0 0.007639 0.183873 0.013368 0.023302
0 0.007639 0.183873 0.013368 0.023302
0 0.007639 0.183873 0.013368 0.023302
0 0.007639 0.183873 0.013368 0.023302
0 0.007639 0.183873 0.013368 0.023302
0 0.007639 0.183873 0.013368 0.023302
0 0.007639 0.183873 0.013368 0.023302
0 0.007639 0.183873 0.013368 0.023302
0 0.013238 0.184105 0.012934 0.023765
0 0.018967 0.184491 0.012240 0.023920
0 0.024609 0.184954 0.011719 0.023920
0 0.030339 0.185185 0.011024 0.024383
0 0.036198 0.185802 0.010417 0.024691
0 0.041797 0.186265 0.009983 0.024691
0 0.047526 0.186497 0.009288 0.025154
0 0.053168 0.186960 0.008767 0.025154
0 0.058898 0.187269 0.008073 0.025154
0 0.064714 0.187963 0.007552 0.025617
0 0.064714 0.187963 0.007552 0.025617
0 0.064714 0.187963 0.007552 0.025617
0 0.064714 0.187963 0.007552 0.025617
0 0.064714 0.187963 0.007552 0.025617
0 0.064714 0.187963 0.007552 0.025617
0 0.064714 0.187963 0.007552 0.025617
0 0.064714 0.187963 0.007552 0.025617
0 0.064714 0.187963 0.007552 0.025617
0 0.064714 0.187963 0.007552 0.025617
0 0.064714 0.187963 0.007552 0.025617
0 0.064714 0.187963 0.007552 0.025617
0 0.064714 0.187963 0.007552 0.025617
0 0.064714 0.187963 0.007552 0.025617
0 0.064714 0.187963 0.007552 0.025617
0 0.064714 0.187963 0.007552 0.025617
0 0.064714 0.187963 0.007552 0.025617
0 0.064714 0.187963 0.007552 0.025617
0 0.064714 0.187963 0.007552 0.025617
0 0.064714 0.187963 0.007552 0.025617
0 0.064714 0.187963 0.007552 0.025617
0 0.064714 0.187963 0.007552 0.025617
0 0.064714 0.187963 0.007552 0.025617
0 0.064714 0.187963 0.007552 0.025617
0 0.064714 0.187963 0.007552 0.025617
0 0.064714 0.187963 0.007552 0.025617
0 0.064714 0.187963 0.007552 0.025617
0 0.064714 0.187963 0.007552 0.025617
0 0.064714 0.187963 0.007552 0.025617
0 0.064714 0.187963 0.007552 0.025617
0 0.064714 0.187963 0.007552 0.025617
0 0.064714 0.187963 0.007552 0.025617
0 0.064714 0.187963 0.007552 0.025617
0 0.064714 0.187963 0.007552 0.025617
0 0.064714 0.187963 0.007552 0.025617
0 0.064714 0.187963 0.007552 0.025617
0 0.064714 0.187963 0.007552 0.025617
0 0.064714 0.187963 0.007552 0.025617
0 0.064714 0.187963 0.007552 0.025617
0 0.064714 0.187963 0.007552 0.025617
0 0.064714 0.187963 0.007552 0.025617
0 0.058898 0.187269 0.008073 0.025154
0 0.053168 0.186960 0.008767 0.025154
0 0.047526 0.186497 0.009288 0.025154
0 0.041797 0.186265 0.009983 0.024691
0 0.036198 0.185802 0.010417 0.024691
0 0.030339 0.185185 0.011024 0.024383
0 0.024609 0.184954 0.011719 0.023920
0 0.018967 0.184491 0.012240 0.023920
0 0.013238 0.184105 0.012934 0.023765
0 0.007639 0.183873 0.013368 0.023302
0 0.007986 0.183488 0.013194 0.023457
0 0.008637 0.183488 0.012934 0.023457
0 0.008984 0.183256 0.012760 0.022994
0 0.009592 0.183025 0.012413 0.023457
0 0.010200 0.183025 0.012240 0.023457
0 0.010590 0.182793 0.011979 0.022994
0 0.011155 0.182562 0.011719 0.023457
0 0.011545 0.182330 0.011458 0.022994
0 0.012153 0.182330 0.011285 0.022994
0 0.012760 0.182330 0.010937 0.022994
0 0.013498 0.181867 0.011024 0.022994
0 0.014236 0.181867 0.010937 0.022994
0 0.014974 0.181867 0.011024 0.022994
0 0.015712 0.181867 0.010937 0.022994
0 0.016450 0.181867 0.011024 0.022994
0 0.017144 0.181404 0.011024 0.022994
0 0.017882 0.181404 0.010937 0.022994
0 0.018620 0.181404 0.011024 0.022994
0 0.019358 0.181404 0.010937 0.022994
0 0.020095 0.181404 0.011024 0.022994
0 0.020573 0.181404 0.010937 0.022994
0 0.021311 0.181404 0.011024 0.022994
0 0.022049 0.181404 0.010937 0.022994
0 0.022526 0.181867 0.011024 0.022994
0 0.023264 0.181867 0.010937 0.022994
0 0.024002 0.181867 0.011024 0.022994
0 0.024479 0.182330 0.010937 0.022994
0 0.025217 0.182330 0.011024 0.022994
0 0.025955 0.182330 0.010937 0.022994
0 0.026693 0.182793 0.011024 0.022994
0 0.026910 0.182330 0.010937 0.022994
0 0.027300 0.182330 0.010677 0.022994
0 0.027648 0.182330 0.010503 0.022994
0 0.028038 0.182330 0.010243 0.022994
0 0.028385 0.182330 0.010069 0.022994
0 0.028733 0.182099 0.009722 0.022531
0 0.029123 0.182099 0.009462 0.022531
0 0.029470 0.182099 0.009288 0.022531
0 0.029861 0.182099 0.009028 0.022531
0 0.030208 0.182099 0.008854 0.022531
0 0.030425 0.182099 0.008767 0.022531
0 0.030686 0.182562 0.008767 0.022531
0 0.030946 0.183025 0.008767 0.022531
0 0.031207 0.183488 0.008767 0.022531
0 0.031467 0.183873 0.008767 0.022685
0 0.031684 0.184259 0.008854 0.022531
0 0.031901 0.184722 0.008767 0.022531
0 0.032161 0.185185 0.008767 0.022531
0 0.032422 0.185648 0.008767 0.022531
0 0.032899 0.186034 0.008854 0.022685
0 0.033377 0.185880 0.009288 0.022994
0 0.033984 0.186034 0.009462 0.023302
0 0.034592 0.186034 0.009809 0.023302
0 0.035069 0.186265 0.010243 0.023765
0 0.035720 0.186265 0.010503 0.023765
0 0.036328 0.186497 0.010677 0.024228
0 0.036806 0.186497 0.011285 0.024228
0 0.037413 0.186728 0.011458 0.024691
0 0.038064 0.186728 0.011719 0.024691
0 0.038628 0.186960 0.011979 0.025154
0 0.039019 0.186497 0.011719 0.025154
0 0.039497 0.186497 0.011285 0.025154
0 0.039974 0.186497 0.010677 0.025154
0 0.040582 0.186497 0.010503 0.025154
0 0.041102 0.186497 0.009983 0.025154
0 0.041450 0.186265 0.009809 0.024691
0 0.042057 0.186265 0.009462 0.024691
0 0.042535 0.186265 0.009028 0.024691
0 0.043012 0.186265 0.008594 0.024691
0 0.043620 0.186265 0.008247 0.024691
0 0.044141 0.186265 0.008247 0.024691
0 0.044878 0.186728 0.008333 0.024691
0 0.045573 0.186728 0.008333 0.024691
0 0.046311 0.187114 0.008247 0.024846
0 0.047049 0.187500 0.008333 0.024691
0 0.047786 0.187500 0.008247 0.024691
0 0.048524 0.187963 0.008333 0.024691
0 0.049262 0.187963 0.008247 0.024691
0 0.050000 0.188426 0.008333 0.024691
0 0.050694 0.188889 0.008333 0.024691
0 0.051562 0.188426 0.008507 0.024691
0 0.052648 0.188426 0.008767 0.024691
0 0.053559 0.188426 0.009028 0.024691
0 0.054644 0.188426 0.009288 0.024691
0 0.055599 0.188426 0.009809 0.024691
0 0.056554 0.188194 0.009809 0.024228
0 0.057552 0.188194 0.010243 0.024228
0 0.058507 0.188194 0.010243 0.024228
0 0.059505 0.188194 0.010677 0.024228
0 0.060590 0.188194 0.010937 0.024228
0 0.060807 0.187731 0.010503 0.024228
0 0.061198 0.187731 0.010243 0.024228
0 0.061545 0.187577 0.009549 0.023920
0 0.061936 0.187346 0.009288 0.024383
0 0.062326 0.187346 0.008507 0.024383
0 0.062674 0.187114 0.008333 0.023920
0 0.062934 0.186883 0.007812 0.024383
0 0.063411 0.186651 0.007378 0.023920
0 0.063672 0.186651 0.006858 0.023920
0 0.064106 0.186651 0.006337 0.023920
0 0.064106 0.186651 0.006337 0.023920
0 0.064106 0.186651 0.006337 0.023920
0 0.064236 0.186883 0.006597 0.024383
0 0.064236 0.186883 0.006597 0.024383
0 0.064366 0.187114 0.006858 0.024846
0 0.064366 0.187114 0.006858 0.024846
0 0.064497 0.187269 0.007118 0.025154
0 0.064497 0.187269 0.007118 0.025154
0 0.064627 0.187500 0.007378 0.025617
0 0.064627 0.187500 0.007378 0.025617
