0 0.208941 0.045216 0.006076 0.010802
0 0.208724 0.045679 0.006163 0.010802
0 0.208724 0.046605 0.006163 0.010802
0 0.208724 0.047377 0.006163 0.010802
0 0.208724 0.047840 0.006163 0.010802
0 0.208724 0.048765 0.006163 0.010802
0 0.208724 0.049614 0.006163 0.010957
0 0.208724 0.050000 0.006163 0.010802
0 0.208724 0.050926 0.006163 0.010802
0 0.208724 0.051775 0.006163 0.010957
0 0.208724 0.052623 0.006163 0.010802
0 0.208464 0.053549 0.006163 0.010802
0 0.208464 0.054321 0.006163 0.010802
0 0.208464 0.055247 0.006163 0.010802
0 0.208464 0.056096 0.006163 0.010957
0 0.208464 0.057407 0.006163 0.010802
0 0.208247 0.058256 0.006076 0.010957
0 0.208247 0.059105 0.006076 0.010802
0 0.208247 0.060031 0.006076 0.010802
0 0.208247 0.060880 0.006076 0.010957
0 0.208247 0.062191 0.006076 0.010802
0 0.208247 0.062191 0.006076 0.010802
0 0.208247 0.062191 0.006076 0.010802
0 0.208247 0.062191 0.006076 0.010802
0 0.208247 0.062191 0.006076 0.010802
0 0.208247 0.062191 0.006076 0.010802
0 0.208247 0.062191 0.006076 0.010802
0 0.208247 0.062191 0.006076 0.010802
0 0.208247 0.062191 0.006076 0.010802
0 0.208247 0.062191 0.006076 0.010802
0 0.208247 0.062191 0.006076 0.010802
0 0.208247 0.062191 0.006076 0.010802
0 0.208247 0.062191 0.006076 0.010802
0 0.208247 0.062191 0.006076 0.010802
0 0.208247 0.062191 0.006076 0.010802
0 0.208247 0.062191 0.006076 0.010802
0 0.208247 0.062191 0.006076 0.010802
0 0.208247 0.062191 0.006076 0.010802
0 0.208247 0.062191 0.006076 0.010802
0 0.208247 0.062191 0.006076 0.010802
0 0.208247 0.062191 0.006076 0.010802
0 0.208247 0.061728 0.006076 0.010802
0 0.208247 0.061728 0.006076 0.010802
0 0.208247 0.061728 0.006076 0.010802
0 0.208247 0.061728 0.006076 0.010802
0 0.208464 0.061728 0.006163 0.010802
0 0.208464 0.061265 0.006163 0.010802
0 0.208464 0.061265 0.006163 0.010802
0 0.208464 0.061265 0.006163 0.010802
0 0.208464 0.061265 0.006163 0.010802
0 0.208724 0.061265 0.006163 0.010802
0 0.208724 0.061265 0.006163 0.010802
0 0.208724 0.061265 0.006163 0.010802
0 0.208941 0.061265 0.006076 0.010802
0 0.208941 0.061265 0.006076 0.010802
0 0.209201 0.061265 0.006076 0.010802
0 0.209201 0.061265 0.006076 0.010802
0 0.209201 0.061265 0.006076 0.010802
0 0.209462 0.061265 0.006076 0.010802
0 0.209462 0.061265 0.006076 0.010802
0 0.209722 0.061265 0.006076 0.010802
0 0.209462 0.060880 0.006076 0.010957
0 0.209462 0.060880 0.006076 0.010957
0 0.209462 0.060880 0.006076 0.010957
0 0.209462 0.060880 0.006076 0.010957
0 0.209462 0.060880 0.006076 0.010957
0 0.209201 0.060880 0.006076 0.010957
0 0.209201 0.060880 0.006076 0.010957
0 0.209201 0.060880 0.006076 0.010957
0 0.209201 0.060880 0.006076 0.010957
0 0.209201 0.060880 0.006076 0.010957
0 0.209201 0.060494 0.006076 0.010802
0 0.209462 0.060494 0.006076 0.010802
0 0.209462 0.060494 0.006076 0.010802
0 0.209722 0.060494 0.006076 0.010802
0 0.209722 0.060494 0.006076 0.010802
0 0.209939 0.060031 0.006163 0.010802
0 0.209939 0.060031 0.006163 0.010802
0 0.210156 0.060031 0.006076 0.010802
0 0.210156 0.060031 0.006076 0.010802
0 0.210417 0.060031 0.006076 0.010802
0 0.210156 0.059568 0.006076 0.010802
0 0.210156 0.059568 0.006076 0.010802
0 0.209939 0.059105 0.006163 0.010802
0 0.209939 0.059105 0.006163 0.010802
0 0.209939 0.059105 0.006163 0.010802
0 0.209722 0.058719 0.006076 0.010957
0 0.209722 0.058719 0.006076 0.010957
0 0.209462 0.058256 0.006076 0.010957
0 0.209462 0.058256 0.006076 0.010957
0 0.209462 0.058256 0.006076 0.010957
0 0.208941 0.057870 0.006076 0.010802
0 0.208724 0.057870 0.006163 0.010802
0 0.208464 0.057870 0.006163 0.010802
0 0.207986 0.057407 0.006076 0.010802
0 0.207726 0.057407 0.006076 0.010802
0 0.207509 0.057407 0.006163 0.010802
0 0.207031 0.056944 0.006076 0.010802
0 0.206771 0.056944 0.006076 0.010802
0 0.206510 0.056944 0.006076 0.010802
0 0.206250 0.056944 0.006076 0.010802
0 0.205556 0.056481 0.006076 0.010802
0 0.204818 0.056481 0.006163 0.010802
0 0.204080 0.056096 0.006076 0.010957
0 0.203342 0.056096 0.006163 0.010957
0 0.202865 0.056096 0.006076 0.010957
0 0.202127 0.055710 0.006163 0.010802
0 0.201389 0.055710 0.006076 0.010802
0 0.200694 0.055247 0.006076 0.010802
0 0.199913 0.055247 0.006076 0.010802
0 0.199436 0.055247 0.006163 0.010802
0 0.198698 0.054784 0.006076 0.010802
0 0.198220 0.054784 0.006163 0.010802
0 0.197743 0.054321 0.006076 0.010802
0 0.197222 0.054321 0.006076 0.010802
0 0.196788 0.053935 0.006076 0.010957
0 0.196007 0.053935 0.006076 0.010957
0 0.195530 0.053549 0.006163 0.010802
0 0.195052 0.053549 0.006076 0.010802
0 0.194575 0.053086 0.006163 0.010802
0 0.194097 0.053086 0.006076 0.010802
0 0.193837 0.052623 0.006076 0.010802
0 0.193837 0.052623 0.006076 0.010802
0 0.193576 0.052623 0.006076 0.010802
0 0.193576 0.052623 0.006076 0.010802
0 0.193576 0.052623 0.006076 0.010802
0 0.193316 0.052623 0.006076 0.010802
0 0.193316 0.052623 0.006076 0.010802
0 0.193099 0.052623 0.006163 0.010802
0 0.193099 0.052623 0.006163 0.010802
0 0.193099 0.052623 0.006163 0.010802
0 0.193099 0.052623 0.006163 0.010802
0 0.193099 0.052623 0.006163 0.010802
0 0.193099 0.052623 0.006163 0.010802
0 0.193099 0.052623 0.006163 0.010802
0 0.193099 0.052623 0.006163 0.010802
0 0.193099 0.052623 0.006163 0.010802
0 0.193099 0.052623 0.006163 0.010802
0 0.193099 0.052623 0.006163 0.010802
0 0.193099 0.052623 0.006163 0.010802
0 0.193099 0.052623 0.006163 0.010802
0 0.193316 0.052160 0.006076 0.010802
0 0.193576 0.052160 0.006076 0.010802
0 0.193837 0.051775 0.006076 0.010957
0 0.194097 0.051775 0.006076 0.010957
0 0.194575 0.051312 0.006163 0.010957
0 0.194792 0.051312 0.006076 0.010957
0 0.195052 0.050926 0.006076 0.010802
0 0.195312 0.050926 0.006076 0.010802
0 0.195530 0.050463 0.006163 0.010802
0 0.196007 0.050463 0.006076 0.010802
0 0.196267 0.050463 0.006076 0.010802
0 0.196528 0.050463 0.006076 0.010802
0 0.196788 0.050463 0.006076 0.010802
0 0.197005 0.050463 0.006163 0.010802
0 0.197222 0.050463 0.006076 0.010802
0 0.197483 0.050463 0.006076 0.010802
0 0.197743 0.050463 0.006076 0.010802
0 0.198003 0.050463 0.006076 0.010802
0 0.198220 0.050463 0.006163 0.010802
0 0.198698 0.050926 0.006076 0.010802
0 0.198698 0.050463 0.006076 0.010802
0 0.198958 0.050463 0.006076 0.010802
0 0.199219 0.050000 0.006076 0.010802
0 0.199436 0.050000 0.006163 0.010802
0 0.199696 0.050000 0.006163 0.010802
0 0.199913 0.049614 0.006076 0.010957
0 0.200174 0.049614 0.006076 0.010957
0 0.200434 0.049151 0.006076 0.010957
0 0.200694 0.049151 0.006076 0.010957
0 0.200911 0.049151 0.006163 0.010957
0 0.201649 0.049614 0.006076 0.010957
0 0.202344 0.050463 0.006076 0.010802
0 0.203125 0.051312 0.006076 0.010957
0 0.203819 0.052160 0.006076 0.010802
0 0.204557 0.053086 0.006163 0.010802
0 0.205556 0.053935 0.006076 0.010957
0 0.206250 0.054784 0.006076 0.010802
0 0.207031 0.055710 0.006076 0.010802
0 0.207726 0.056481 0.006076 0.010802
0 0.208464 0.057407 0.006163 0.010802
