0 0.154297 0.035262 0.004601 0.016821
0 0.154036 0.035262 0.004601 0.016821
0 0.153819 0.035494 0.004687 0.017284
0 0.153559 0.035725 0.004687 0.016821
0 0.153342 0.035957 0.004601 0.017284
0 0.153212 0.036111 0.004340 0.016975
0 0.152951 0.036343 0.004340 0.017438
0 0.152734 0.036343 0.004427 0.017438
0 0.152474 0.036806 0.004427 0.017438
0 0.152214 0.036806 0.004427 0.017438
0 0.152214 0.037191 0.004427 0.017284
0 0.151997 0.037191 0.004340 0.017284
0 0.151997 0.037191 0.004340 0.017284
0 0.151997 0.037191 0.004340 0.017284
0 0.151997 0.037191 0.004340 0.017284
0 0.151997 0.037191 0.004340 0.017284
0 0.151997 0.037191 0.004340 0.017284
0 0.151997 0.037191 0.004340 0.017284
0 0.151997 0.037191 0.004340 0.017284
0 0.151997 0.037191 0.004340 0.017284
0 0.151997 0.037654 0.004340 0.017284
0 0.151997 0.037654 0.004340 0.017284
0 0.151997 0.038117 0.004340 0.017284
0 0.152214 0.038117 0.004427 0.017284
0 0.152214 0.038503 0.004427 0.017438
0 0.152474 0.038966 0.004427 0.017438
0 0.152474 0.038966 0.004427 0.017438
0 0.152474 0.039429 0.004427 0.017438
0 0.152734 0.039429 0.004427 0.017438
0 0.152734 0.039815 0.004427 0.017284
0 0.152951 0.040278 0.004340 0.017284
0 0.152951 0.040278 0.004340 0.017284
0 0.153212 0.040278 0.004340 0.017284
0 0.153212 0.040278 0.004340 0.017284
0 0.153429 0.040278 0.004427 0.017284
0 0.153429 0.040278 0.004427 0.017284
0 0.153689 0.040278 0.004427 0.017284
0 0.153689 0.040278 0.004427 0.017284
0 0.153950 0.040278 0.004427 0.017284
0 0.153950 0.040278 0.004427 0.017284
0 0.154167 0.040741 0.004340 0.017284
0 0.154167 0.040741 0.004340 0.017284
0 0.154167 0.040741 0.004340 0.017284
0 0.154427 0.040741 0.004340 0.017284
0 0.154427 0.041127 0.004340 0.017438
0 0.154644 0.041127 0.004427 0.017438
0 0.154644 0.041127 0.004427 0.017438
0 0.154644 0.041590 0.004427 0.017438
0 0.154905 0.041590 0.004427 0.017438
0 0.154905 0.041590 0.004427 0.017438
0 0.155165 0.041975 0.004427 0.017284
0 0.155165 0.041975 0.004427 0.017284
0 0.155165 0.041975 0.004427 0.017284
0 0.155165 0.041975 0.004427 0.017284
0 0.155165 0.041975 0.004427 0.017284
0 0.155165 0.041975 0.004427 0.017284
0 0.155165 0.041975 0.004427 0.017284
0 0.155165 0.041975 0.004427 0.017284
0 0.155165 0.041975 0.004427 0.017284
0 0.155165 0.041975 0.004427 0.017284
0 0.155382 0.042438 0.004340 0.017284
0 0.155382 0.042438 0.004340 0.017284
0 0.155642 0.042438 0.004340 0.017284
0 0.155903 0.042438 0.004340 0.017284
0 0.155903 0.042438 0.004340 0.017284
0 0.156120 0.042438 0.004427 0.017284
0 0.156380 0.042438 0.004427 0.017284
0 0.156380 0.042438 0.004427 0.017284
0 0.156641 0.042438 0.004427 0.017284
0 0.156858 0.042438 0.004340 0.017284
0 0.157118 0.042901 0.004340 0.017284
0 0.157118 0.042901 0.004340 0.017284
0 0.157335 0.042901 0.004427 0.017284
0 0.157335 0.042901 0.004427 0.017284
0 0.157595 0.042901 0.004427 0.017284
0 0.157595 0.042901 0.004427 0.017284
0 0.157856 0.042901 0.004427 0.017284
0 0.157856 0.042901 0.004427 0.017284
0 0.158073 0.042901 0.004340 0.017284
0 0.158073 0.042901 0.004340 0.017284
0 0.158333 0.042901 0.004340 0.017284
0 0.158073 0.042901 0.004340 0.017284
0 0.158073 0.042901 0.004340 0.017284
0 0.158073 0.042901 0.004340 0.017284
0 0.157856 0.042901 0.004427 0.017284
0 0.157856 0.042901 0.004427 0.017284
0 0.157856 0.042901 0.004427 0.017284
0 0.157595 0.042901 0.004427 0.017284
0 0.157595 0.042901 0.004427 0.017284
0 0.157595 0.042901 0.004427 0.017284
0 0.157595 0.042901 0.004427 0.017284
0 0.157335 0.042901 0.004427 0.017284
0 0.157118 0.042901 0.004340 0.017284
0 0.156858 0.042901 0.004340 0.017284
0 0.156858 0.043287 0.004340 0.017438
0 0.156641 0.043287 0.004427 0.017438
0 0.156380 0.043287 0.004427 0.017438
0 0.156380 0.043750 0.004427 0.017438
0 0.156120 0.043750 0.004427 0.017438
0 0.155903 0.043750 0.004340 0.017438
0 0.155903 0.044136 0.004340 0.017284
0 0.155642 0.044136 0.004340 0.017284
0 0.155642 0.044136 0.004340 0.017284
0 0.155642 0.044136 0.004340 0.017284
0 0.155382 0.044599 0.004340 0.017284
0 0.155382 0.044599 0.004340 0.017284
0 0.155382 0.044599 0.004340 0.017284
0 0.155165 0.045062 0.004427 0.017284
0 0.155165 0.045062 0.004427 0.017284
0 0.155165 0.045062 0.004427 0.017284
0 0.155165 0.045448 0.004427 0.017438
0 0.154644 0.045448 0.004427 0.017438
0 0.154167 0.045448 0.004340 0.017438
0 0.153950 0.045448 0.004427 0.017438
0 0.153429 0.045910 0.004427 0.017438
0 0.153212 0.045910 0.004340 0.017438
0 0.152734 0.045910 0.004427 0.017438
0 0.152214 0.046373 0.004427 0.017438
0 0.151997 0.046373 0.004340 0.017438
0 0.151519 0.046373 0.004427 0.017438
0 0.151259 0.046759 0.004427 0.017284
0 0.150738 0.046759 0.004427 0.017284
0 0.150260 0.046759 0.004340 0.017284
0 0.149783 0.046759 0.004427 0.017284
0 0.149523 0.047222 0.004427 0.017284
0 0.149045 0.047222 0.004340 0.017284
0 0.148568 0.047222 0.004427 0.017284
0 0.148307 0.047685 0.004427 0.017284
0 0.147830 0.047685 0.004340 0.017284
0 0.147352 0.047685 0.004427 0.017284
0 0.147092 0.048071 0.004427 0.017438
0 0.146832 0.048071 0.004427 0.017438
0 0.146615 0.048071 0.004340 0.017438
0 0.146615 0.048071 0.004340 0.017438
0 0.146354 0.048302 0.004340 0.016975
0 0.146354 0.048534 0.004340 0.017438
0 0.146137 0.048534 0.004427 0.017438
0 0.145877 0.048765 0.004427 0.016975
0 0.145877 0.048765 0.004427 0.016975
0 0.145616 0.048765 0.004427 0.016975
0 0.145616 0.049151 0.004427 0.016821
0 0.145616 0.049151 0.004427 0.016821
0 0.145616 0.049151 0.004427 0.016821
0 0.145616 0.049614 0.004427 0.016821
0 0.145616 0.049614 0.004427 0.016821
0 0.145616 0.050000 0.004427 0.016975
0 0.145616 0.050000 0.004427 0.016975
0 0.145616 0.050000 0.004427 0.016975
0 0.145616 0.050463 0.004427 0.016975
0 0.145616 0.050463 0.004427 0.016975
0 0.145616 0.050926 0.004427 0.016975
0 0.145530 0.050926 0.004601 0.016975
0 0.145530 0.050926 0.004601 0.016975
0 0.145530 0.051157 0.004601 0.016512
0 0.145660 0.051312 0.004861 0.016821
0 0.145660 0.051543 0.004861 0.016358
0 0.145530 0.051543 0.005122 0.016358
0 0.145660 0.051775 0.005382 0.016821
0 0.145660 0.051929 0.005382 0.016512
0 0.145660 0.051929 0.005382 0.016512
0 0.145747 0.052392 0.005556 0.016512
0 0.145747 0.052392 0.005556 0.016512
0 0.145877 0.052392 0.005295 0.016512
0 0.145964 0.052623 0.005122 0.016975
0 0.145964 0.052623 0.005122 0.016975
0 0.146224 0.052855 0.005122 0.017438
0 0.146354 0.052855 0.004861 0.017438
0 0.146354 0.052855 0.004861 0.017438
0 0.146484 0.053009 0.004601 0.017747
0 0.146615 0.053009 0.004340 0.017747
0 0.146832 0.053241 0.004427 0.018210
0 0.146832 0.053241 0.004427 0.018210
0 0.147092 0.053241 0.004427 0.018210
0 0.147352 0.053472 0.004427 0.017747
0 0.147613 0.053704 0.004427 0.018210
0 0.147830 0.053704 0.004340 0.018210
0 0.147960 0.053935 0.004601 0.017747
0 0.148220 0.053935 0.004601 0.017747
0 0.148438 0.054167 0.004687 0.018210
0 0.148698 0.054398 0.004687 0.017747
0 0.148915 0.054398 0.004601 0.017747
