0 0.122092 0.144830 0.007031 0.022685
0 0.121224 0.144444 0.006858 0.022531
0 0.120530 0.144444 0.006858 0.022531
0 0.119748 0.144444 0.006858 0.022531
0 0.119054 0.144444 0.006858 0.022531
0 0.118316 0.144444 0.006771 0.022531
0 0.117448 0.144213 0.006597 0.022994
0 0.116753 0.144213 0.006597 0.022994
0 0.115972 0.144213 0.006597 0.022994
0 0.115278 0.144213 0.006597 0.022994
0 0.114497 0.144213 0.006597 0.022994
0 0.114062 0.143750 0.006597 0.022994
0 0.113542 0.143287 0.006597 0.022994
0 0.113064 0.142824 0.006510 0.022994
0 0.112847 0.142361 0.006597 0.022994
0 0.112326 0.142361 0.006597 0.022994
0 0.111806 0.142052 0.006597 0.022994
0 0.111632 0.141590 0.006597 0.022994
0 0.111111 0.141127 0.006597 0.022994
0 0.110590 0.140664 0.006597 0.022994
0 0.110373 0.140664 0.006510 0.022994
0 0.110156 0.140201 0.006597 0.022994
0 0.109896 0.139892 0.006597 0.022994
0 0.109635 0.139429 0.006597 0.022994
0 0.109375 0.138966 0.006597 0.022994
0 0.109158 0.138966 0.006510 0.022994
0 0.108941 0.138503 0.006597 0.022994
0 0.108681 0.138040 0.006597 0.022994
0 0.108420 0.137731 0.006597 0.022994
0 0.108160 0.137269 0.006597 0.022994
0 0.108160 0.137269 0.006597 0.022994
0 0.107726 0.136806 0.006597 0.022994
0 0.107205 0.136343 0.006597 0.022994
0 0.106684 0.136343 0.006597 0.022994
0 0.106250 0.135880 0.006597 0.022994
0 0.105729 0.135880 0.006597 0.022994
0 0.105252 0.135417 0.006510 0.022994
0 0.104774 0.135108 0.006597 0.022994
0 0.104253 0.135108 0.006597 0.022994
0 0.103819 0.134645 0.006597 0.022994
0 0.103299 0.134645 0.006597 0.022994
0 0.102344 0.134182 0.006597 0.022994
0 0.101345 0.134182 0.006510 0.022994
0 0.100347 0.133719 0.006597 0.022994
0 0.099392 0.133719 0.006597 0.022994
0 0.098437 0.133256 0.006597 0.022994
0 0.097439 0.133256 0.006510 0.022994
0 0.096441 0.132948 0.006597 0.022994
0 0.095486 0.132948 0.006597 0.022994
0 0.094531 0.132485 0.006597 0.022994
0 0.093750 0.132485 0.006597 0.022994
0 0.092795 0.132485 0.006597 0.022994
0 0.091840 0.132485 0.006597 0.022994
0 0.090885 0.132716 0.006597 0.022531
0 0.089844 0.132948 0.006597 0.022994
0 0.089019 0.133102 0.006858 0.022685
0 0.088064 0.133102 0.006858 0.022685
0 0.087066 0.133256 0.006771 0.022994
0 0.086068 0.133488 0.006858 0.022531
0 0.085113 0.133488 0.006858 0.022531
0 0.084288 0.133951 0.007118 0.022531
0 0.083290 0.133488 0.007031 0.022531
0 0.082422 0.133102 0.007378 0.022685
0 0.081467 0.132716 0.007378 0.022531
0 0.080729 0.132485 0.007292 0.022068
0 0.079774 0.132253 0.007292 0.022531
0 0.078863 0.131790 0.007552 0.022531
0 0.078038 0.131559 0.007292 0.022068
0 0.077214 0.131173 0.007552 0.022222
0 0.076215 0.130710 0.007639 0.022222
0 0.075477 0.130710 0.007552 0.022222
0 0.074523 0.130324 0.007552 0.022068
0 0.073524 0.130324 0.007639 0.022068
0 0.072526 0.130324 0.007552 0.022068
0 0.071571 0.130324 0.007552 0.022068
0 0.070616 0.130324 0.007552 0.022068
0 0.069661 0.129861 0.007552 0.022068
0 0.068620 0.129861 0.007552 0.022068
0 0.067665 0.129861 0.007552 0.022068
0 0.066710 0.129861 0.007552 0.022068
0 0.065755 0.129861 0.007552 0.022068
0 0.064583 0.129630 0.007812 0.021605
0 0.063498 0.129630 0.008073 0.021605
0 0.062543 0.129630 0.008073 0.021605
0 0.061458 0.129630 0.008333 0.021605
0 0.060460 0.129630 0.008247 0.021605
0 0.059375 0.129630 0.008507 0.021605
0 0.058290 0.129630 0.008767 0.021605
0 0.057335 0.129630 0.008767 0.021605
0 0.056163 0.129630 0.009028 0.021605
0 0.055208 0.129630 0.009028 0.021605
0 0.053993 0.129630 0.009028 0.021605
0 0.053038 0.129630 0.009028 0.021605
0 0.052083 0.129630 0.009028 0.021605
0 0.051042 0.129630 0.009028 0.021605
0 0.050087 0.129630 0.009028 0.021605
0 0.049132 0.129630 0.009028 0.021605
0 0.048177 0.129630 0.009028 0.021605
0 0.047135 0.129630 0.009028 0.021605
0 0.046181 0.129630 0.009028 0.021605
0 0.045226 0.129630 0.009028 0.021605
0 0.044271 0.129167 0.009028 0.021605
0 0.043359 0.129167 0.009288 0.021605
0 0.042405 0.129167 0.009288 0.021605
0 0.041580 0.129167 0.009549 0.021605
0 0.040582 0.129167 0.009462 0.021605
0 0.039714 0.129012 0.009809 0.021296
0 0.038759 0.129012 0.009809 0.021296
0 0.037891 0.129012 0.009983 0.021296
0 0.036936 0.129012 0.009983 0.021296
0 0.036198 0.129012 0.010069 0.021296
0 0.035200 0.128549 0.009983 0.021296
0 0.034505 0.128086 0.009983 0.021296
0 0.033724 0.128086 0.009983 0.021296
0 0.033030 0.127701 0.009983 0.021142
0 0.032292 0.127701 0.010069 0.021142
0 0.031293 0.127238 0.009983 0.021142
0 0.030599 0.126852 0.009983 0.021296
0 0.029818 0.126852 0.009983 0.021296
0 0.029123 0.126389 0.009983 0.021296
0 0.028385 0.126389 0.010069 0.021296
0 0.027648 0.125926 0.009983 0.021296
0 0.027170 0.125463 0.010069 0.021296
0 0.026693 0.125463 0.009983 0.021296
0 0.026172 0.125077 0.009983 0.021142
0 0.025694 0.125077 0.010069 0.021142
0 0.025217 0.124691 0.009983 0.021296
0 0.024696 0.124228 0.009983 0.021296
0 0.024262 0.124228 0.009983 0.021296
0 0.023741 0.123765 0.009983 0.021296
0 0.023264 0.123765 0.010069 0.021296
0 0.022526 0.123302 0.009983 0.021296
0 0.022049 0.122917 0.010069 0.021142
0 0.021571 0.122531 0.009983 0.021296
0 0.020790 0.122068 0.009983 0.021296
0 0.020356 0.122068 0.009983 0.021296
0 0.019835 0.121605 0.009983 0.021296
0 0.019141 0.121142 0.009983 0.021296
0 0.018620 0.120756 0.009983 0.021142
0 0.018142 0.120293 0.010069 0.021142
0 0.017665 0.120293 0.009983 0.021142
0 0.017014 0.119907 0.010243 0.021296
0 0.016580 0.119444 0.010243 0.021296
0 0.016059 0.119213 0.010243 0.020833
0 0.015451 0.118981 0.010417 0.021296
0 0.015104 0.118750 0.010764 0.020833
0 0.014583 0.118287 0.010764 0.020833
0 0.013976 0.118133 0.010937 0.021142
0 0.013498 0.117978 0.011024 0.020833
0 0.013021 0.117515 0.010937 0.020833
0 0.012630 0.117515 0.011198 0.020833
0 0.012413 0.117052 0.011285 0.020833
0 0.012153 0.116590 0.011285 0.020833
0 0.012023 0.116358 0.011024 0.020370
0 0.011936 0.115972 0.011198 0.020525
0 0.011806 0.115741 0.010937 0.020062
0 0.011545 0.115355 0.010937 0.019907
0 0.011415 0.114892 0.011198 0.019907
0 0.011285 0.114660 0.010937 0.019444
0 0.011068 0.114198 0.011024 0.019444
0 0.011068 0.114043 0.011024 0.019136
0 0.011068 0.113580 0.011024 0.019136
0 0.011068 0.113117 0.011024 0.019136
0 0.011068 0.112731 0.011024 0.018981
0 0.011068 0.112269 0.011024 0.018981
0 0.011285 0.111883 0.010937 0.019136
0 0.011285 0.111420 0.010937 0.019136
0 0.011285 0.110957 0.010937 0.019136
0 0.011285 0.110494 0.010937 0.019136
0 0.011285 0.110108 0.010937 0.018981
0 0.011545 0.110108 0.010937 0.018981
0 0.011415 0.109259 0.010677 0.019136
0 0.011415 0.108796 0.010677 0.019136
0 0.011415 0.108333 0.010677 0.019136
0 0.011415 0.107948 0.010677 0.018981
0 0.011415 0.107562 0.010677 0.019136
0 0.011328 0.106636 0.010503 0.019136
0 0.011328 0.106173 0.010503 0.019136
0 0.011328 0.105787 0.010503 0.018981
0 0.011328 0.105324 0.010503 0.018981
0 0.011328 0.104938 0.010503 0.019136
