0 0.174696 0.103627 0.003385 0.013117
0 0.174913 0.103627 0.003472 0.013117
0 0.175174 0.103858 0.003472 0.012654
0 0.175521 0.104012 0.003646 0.012963
0 0.175781 0.104244 0.003646 0.012500
0 0.176172 0.104707 0.003906 0.012500
0 0.176345 0.104707 0.003906 0.012500
0 0.176606 0.104861 0.003906 0.012191
0 0.176997 0.105093 0.004167 0.012654
0 0.177257 0.105324 0.004167 0.012191
0 0.177734 0.105787 0.004080 0.012191
0 0.177951 0.105787 0.004167 0.012191
0 0.178472 0.106019 0.004167 0.012654
0 0.178950 0.106173 0.004080 0.012963
0 0.179167 0.106404 0.004167 0.012500
0 0.179688 0.106636 0.004167 0.012963
0 0.180165 0.106867 0.004080 0.013426
0 0.180382 0.107099 0.004167 0.012963
0 0.180903 0.107330 0.004167 0.013426
0 0.181380 0.107562 0.004080 0.013889
0 0.181858 0.107870 0.004167 0.013889
0 0.182118 0.107870 0.004167 0.013889
0 0.182378 0.108333 0.004167 0.013889
0 0.182639 0.108565 0.004167 0.014352
0 0.182856 0.109028 0.004080 0.014352
0 0.183073 0.109259 0.004167 0.014815
0 0.183333 0.109722 0.004167 0.014815
0 0.183594 0.109877 0.004167 0.015123
0 0.183854 0.110340 0.004167 0.015123
0 0.184071 0.110571 0.004080 0.015586
0 0.184418 0.111034 0.004427 0.015586
0 0.184939 0.111034 0.004427 0.015586
0 0.185417 0.111034 0.004340 0.015586
0 0.185894 0.111034 0.004427 0.015586
0 0.186415 0.111188 0.004427 0.015278
0 0.186979 0.111188 0.004167 0.015278
0 0.187500 0.111188 0.004167 0.015278
0 0.187977 0.111420 0.004080 0.014815
0 0.188455 0.111420 0.004167 0.014815
0 0.188976 0.111420 0.004167 0.014815
0 0.189670 0.111883 0.004167 0.014815
0 0.189931 0.111883 0.004167 0.014815
0 0.190191 0.112037 0.004167 0.015123
0 0.190538 0.112037 0.004340 0.015123
0 0.190885 0.112500 0.004167 0.015123
0 0.191276 0.112500 0.004427 0.015123
0 0.191536 0.112731 0.004427 0.015586
0 0.191884 0.112963 0.004080 0.015123
0 0.192231 0.113194 0.004427 0.015586
0 0.192491 0.113194 0.004427 0.015586
0 0.192969 0.113580 0.004340 0.015741
0 0.193229 0.113580 0.004340 0.015741
0 0.193576 0.113580 0.004687 0.015741
0 0.193967 0.113580 0.004427 0.015741
0 0.194314 0.113812 0.004601 0.015278
0 0.194661 0.113966 0.004427 0.015586
0 0.195052 0.113966 0.004687 0.015586
0 0.195312 0.114198 0.004687 0.015123
0 0.195790 0.114198 0.004601 0.015123
0 0.196050 0.114198 0.004601 0.015123
0 0.196528 0.114660 0.004687 0.015123
0 0.196745 0.114660 0.004601 0.015123
0 0.197005 0.114892 0.004601 0.014660
0 0.197266 0.115123 0.004601 0.015123
0 0.197613 0.115278 0.004948 0.014815
0 0.197830 0.115509 0.004861 0.015278
0 0.198090 0.115741 0.004861 0.014815
0 0.198481 0.115741 0.005122 0.014815
0 0.198741 0.116204 0.005122 0.014815
0 0.198915 0.116204 0.005122 0.014815
0 0.199306 0.116590 0.005382 0.014660
0 0.199566 0.116590 0.005382 0.014660
0 0.200087 0.116590 0.005382 0.014660
0 0.200391 0.116590 0.005122 0.014660
0 0.200781 0.116821 0.005382 0.014198
0 0.201302 0.117052 0.005382 0.014660
0 0.201606 0.117052 0.005122 0.014660
0 0.201997 0.117284 0.005382 0.014198
0 0.202387 0.117284 0.005122 0.014198
0 0.202821 0.117284 0.005122 0.014198
0 0.203342 0.117670 0.005122 0.014352
0 0.203472 0.117670 0.004861 0.014352
0 0.203733 0.117670 0.004861 0.014352
0 0.203950 0.117670 0.004948 0.014352
0 0.204210 0.117901 0.004948 0.014815
0 0.204427 0.117901 0.004861 0.014815
0 0.204557 0.117901 0.004601 0.014815
0 0.204818 0.118133 0.004601 0.015278
0 0.205078 0.118133 0.004601 0.015278
0 0.205295 0.118133 0.004687 0.015278
0 0.205686 0.118596 0.004427 0.015278
0 0.205686 0.118596 0.004427 0.015278
0 0.205903 0.118596 0.004340 0.015278
0 0.206163 0.118596 0.004340 0.015278
0 0.206293 0.118750 0.004601 0.015586
0 0.206510 0.118750 0.004687 0.015586
0 0.206641 0.118750 0.004427 0.015586
0 0.206771 0.118981 0.004687 0.016049
0 0.206988 0.118981 0.004601 0.016049
0 0.207248 0.118981 0.004601 0.016049
0 0.207509 0.119213 0.004601 0.016512
0 0.207509 0.118750 0.004601 0.016512
0 0.207595 0.118750 0.004427 0.016512
0 0.207595 0.118519 0.004427 0.016049
0 0.207726 0.118519 0.004167 0.016049
0 0.207986 0.118364 0.004167 0.015741
0 0.207986 0.118364 0.004167 0.015741
0 0.208116 0.118133 0.003906 0.015278
0 0.208116 0.118133 0.003906 0.015278
0 0.208247 0.117901 0.003646 0.014815
0 0.208507 0.117901 0.003646 0.014815
0 0.208247 0.117901 0.003646 0.014815
0 0.208247 0.117901 0.003646 0.014815
0 0.208247 0.117901 0.003646 0.014815
0 0.208247 0.117901 0.003646 0.014815
0 0.208247 0.117901 0.003646 0.014815
0 0.208247 0.117901 0.003646 0.014815
0 0.208247 0.117901 0.003646 0.014815
0 0.208247 0.117901 0.003646 0.014815
0 0.208247 0.117901 0.003646 0.014815
0 0.208247 0.118133 0.003646 0.015278
0 0.207986 0.117978 0.003646 0.015586
0 0.207726 0.117978 0.003646 0.015586
0 0.207465 0.117978 0.003646 0.015586
0 0.207248 0.117978 0.003733 0.015586
0 0.207031 0.117978 0.003646 0.015586
0 0.206771 0.117747 0.003646 0.016049
0 0.206510 0.117747 0.003646 0.016049
0 0.206250 0.117747 0.003646 0.016049
0 0.206033 0.117747 0.003733 0.016049
0 0.205903 0.117978 0.003472 0.016512
0 0.205425 0.117515 0.003385 0.016512
0 0.204948 0.117284 0.003472 0.016049
0 0.204687 0.116821 0.003472 0.016049
0 0.204210 0.116821 0.003385 0.016049
0 0.203950 0.116358 0.003385 0.016049
0 0.203472 0.116127 0.003472 0.015586
0 0.202995 0.115895 0.003385 0.016049
0 0.202734 0.115741 0.003385 0.015741
0 0.202257 0.115355 0.003472 0.015586
0 0.201997 0.115355 0.003472 0.015586
0 0.201780 0.114892 0.003385 0.015586
0 0.201519 0.114892 0.003385 0.015586
0 0.201259 0.114892 0.003385 0.015586
0 0.201042 0.114892 0.003472 0.015586
0 0.200781 0.114892 0.003472 0.015586
0 0.200564 0.114892 0.003385 0.015586
0 0.200304 0.114892 0.003385 0.015586
0 0.200043 0.114892 0.003385 0.015586
0 0.199783 0.114892 0.003385 0.015586
0 0.199566 0.114892 0.003472 0.015586
0 0.199349 0.114892 0.003385 0.015586
0 0.199349 0.114892 0.003385 0.015586
0 0.199089 0.114892 0.003385 0.015586
0 0.199089 0.114892 0.003385 0.015586
0 0.198828 0.115123 0.003385 0.016049
0 0.198828 0.115123 0.003385 0.016049
0 0.198568 0.115123 0.003385 0.016049
0 0.198568 0.115123 0.003385 0.016049
0 0.198351 0.115123 0.003472 0.016049
0 0.198351 0.115355 0.003472 0.016512
0 0.198220 0.115355 0.003733 0.016512
0 0.198220 0.115355 0.003733 0.016512
0 0.198220 0.115355 0.003733 0.016512
0 0.198220 0.115355 0.003733 0.016512
0 0.198220 0.115355 0.003733 0.016512
0 0.198220 0.115355 0.003733 0.016512
0 0.198220 0.115355 0.003733 0.016512
0 0.198220 0.115355 0.003733 0.016512
0 0.198220 0.115355 0.003733 0.016512
0 0.198220 0.115741 0.003733 0.016358
0 0.198220 0.115355 0.003733 0.016512
0 0.198437 0.115355 0.003646 0.016512
0 0.198437 0.115355 0.003646 0.016512
0 0.198698 0.115355 0.003646 0.016512
0 0.198828 0.115355 0.003385 0.016512
0 0.198958 0.114892 0.003646 0.016512
0 0.199089 0.114892 0.003385 0.016512
0 0.199349 0.114892 0.003385 0.016512
0 0.199349 0.114892 0.003385 0.016512
0 0.199566 0.114892 0.003472 0.016512
