0 0.242405 0.188426 0.005642 0.009877
0 0.242405 0.188426 0.005642 0.009877
0 0.242405 0.188812 0.005642 0.010031
0 0.242405 0.188812 0.005642 0.010031
0 0.242405 0.189275 0.005642 0.010031
0 0.242405 0.189738 0.005642 0.010031
0 0.242405 0.189738 0.005642 0.010031
0 0.242405 0.190201 0.005642 0.010031
0 0.242405 0.190201 0.005642 0.010031
0 0.242405 0.190586 0.005642 0.009877
0 0.242491 0.190972 0.005816 0.010031
0 0.242752 0.191435 0.005816 0.010031
0 0.243229 0.191898 0.005903 0.010031
0 0.243750 0.192361 0.005903 0.010031
0 0.243967 0.192747 0.005816 0.009877
0 0.244488 0.193596 0.005816 0.010031
0 0.244965 0.194059 0.005903 0.010031
0 0.245182 0.194522 0.005816 0.010031
0 0.245703 0.194907 0.005816 0.009877
0 0.246181 0.195370 0.005903 0.009877
0 0.246658 0.196219 0.005816 0.010031
0 0.246918 0.196219 0.005816 0.010031
0 0.247396 0.196682 0.005903 0.010031
0 0.247873 0.197068 0.005816 0.009877
0 0.248351 0.197531 0.005903 0.009877
0 0.248872 0.197917 0.005903 0.010031
0 0.249089 0.197917 0.005816 0.010031
0 0.249609 0.198380 0.005816 0.010031
0 0.250087 0.198843 0.005903 0.010031
0 0.250564 0.199306 0.005816 0.010031
0 0.251042 0.199691 0.005903 0.009877
0 0.251302 0.200154 0.005903 0.009877
0 0.251780 0.201003 0.005816 0.010031
0 0.252257 0.201466 0.005903 0.010031
0 0.252778 0.202315 0.005903 0.009877
0 0.253255 0.202701 0.005816 0.010031
0 0.253733 0.203627 0.005903 0.010031
0 0.254210 0.204012 0.005816 0.009877
0 0.254731 0.204861 0.005816 0.010031
0 0.255208 0.205324 0.005903 0.010031
0 0.255686 0.206250 0.005816 0.010031
0 0.255946 0.206636 0.005816 0.009877
0 0.256424 0.207022 0.005903 0.010031
0 0.256901 0.207716 0.005816 0.010494
0 0.257422 0.208179 0.005816 0.010494
0 0.257899 0.208796 0.005903 0.010802
0 0.258247 0.209259 0.005556 0.010802
0 0.258724 0.209722 0.005642 0.010802
0 0.259245 0.210262 0.005642 0.011265
0 0.259722 0.210725 0.005556 0.011265
0 0.260200 0.211651 0.005642 0.011265
0 0.260200 0.212114 0.005642 0.011265
0 0.260200 0.212423 0.005642 0.011265
0 0.260460 0.212886 0.005642 0.011265
0 0.260460 0.213349 0.005642 0.011265
0 0.260720 0.213812 0.005642 0.011265
0 0.260720 0.214275 0.005642 0.011265
0 0.260720 0.214660 0.005642 0.011420
0 0.260937 0.215046 0.005556 0.011265
0 0.260937 0.215509 0.005556 0.011265
0 0.261155 0.215972 0.005642 0.011265
0 0.261155 0.215972 0.005642 0.011265
0 0.261155 0.215972 0.005642 0.011265
0 0.261155 0.215972 0.005642 0.011265
0 0.261155 0.215972 0.005642 0.011265
0 0.261155 0.215972 0.005642 0.011265
0 0.261155 0.215972 0.005642 0.011265
0 0.261155 0.215972 0.005642 0.011265
0 0.261155 0.215972 0.005642 0.011265
0 0.261155 0.215972 0.005642 0.011265
0 0.261415 0.215972 0.005642 0.011265
0 0.261415 0.216435 0.005642 0.011265
0 0.261415 0.216898 0.005642 0.011265
0 0.261675 0.217207 0.005642 0.011265
0 0.261675 0.217670 0.005642 0.011265
0 0.261936 0.218133 0.005642 0.011265
0 0.261936 0.218596 0.005642 0.011265
0 0.261936 0.219059 0.005642 0.011265
0 0.262153 0.219367 0.005556 0.011265
0 0.262153 0.219830 0.005556 0.011265
0 0.262413 0.220293 0.005556 0.011265
0 0.262543 0.220293 0.005816 0.011265
0 0.262760 0.220756 0.005903 0.011265
0 0.262891 0.221219 0.006163 0.011265
0 0.263108 0.221605 0.006076 0.011420
0 0.263368 0.221991 0.006597 0.011265
0 0.263628 0.222454 0.006597 0.011265
0 0.263759 0.222917 0.006858 0.011265
0 0.263976 0.223380 0.006771 0.011265
0 0.264106 0.223765 0.007031 0.011420
0 0.264497 0.224151 0.007292 0.011265
0 0.264714 0.224614 0.007378 0.011265
0 0.265191 0.225540 0.007292 0.011265
0 0.265451 0.226003 0.007292 0.011265
0 0.265929 0.226775 0.007378 0.011265
0 0.266189 0.227238 0.007378 0.011265
0 0.266667 0.228164 0.007292 0.011265
0 0.266927 0.228549 0.007292 0.011420
0 0.267405 0.229398 0.007378 0.011265
0 0.267622 0.229861 0.007292 0.011265
0 0.268142 0.230710 0.007292 0.011420
0 0.268403 0.230864 0.007292 0.011728
0 0.268880 0.231559 0.007378 0.012191
0 0.269227 0.232253 0.007031 0.012654
0 0.269705 0.232639 0.007118 0.012500
0 0.270226 0.233333 0.007118 0.012963
0 0.270443 0.234028 0.007031 0.013426
0 0.270920 0.234336 0.007118 0.013426
0 0.271311 0.235031 0.006858 0.013889
0 0.271788 0.235725 0.006771 0.014352
0 0.272266 0.236343 0.006858 0.014660
0 0.272266 0.236806 0.006858 0.014660
0 0.272526 0.237654 0.006858 0.014815
0 0.272526 0.238117 0.006858 0.014815
0 0.272786 0.238966 0.006858 0.014660
0 0.273047 0.239352 0.006858 0.014815
0 0.273047 0.240278 0.006858 0.014815
0 0.273264 0.240664 0.006771 0.014660
0 0.273264 0.241590 0.006771 0.014660
0 0.273481 0.241975 0.006858 0.014815
0 0.273741 0.242901 0.006858 0.014815
0 0.273481 0.242901 0.006858 0.014815
0 0.273481 0.243287 0.006858 0.014660
0 0.273481 0.243287 0.006858 0.014660
0 0.273481 0.243750 0.006858 0.014660
0 0.273481 0.244136 0.006858 0.014815
0 0.273481 0.244136 0.006858 0.014815
0 0.273481 0.244599 0.006858 0.014815
0 0.273481 0.244599 0.006858 0.014815
0 0.273481 0.245062 0.006858 0.014815
0 0.273481 0.245448 0.006858 0.014660
0 0.273264 0.245448 0.006771 0.014660
0 0.273264 0.245910 0.006771 0.014660
0 0.273264 0.245910 0.006771 0.014660
0 0.273264 0.246296 0.006771 0.014815
0 0.273264 0.246759 0.006771 0.014815
0 0.273047 0.246759 0.006858 0.014815
0 0.273047 0.247222 0.006858 0.014815
0 0.273047 0.247222 0.006858 0.014815
0 0.273047 0.247608 0.006858 0.014660
0 0.273047 0.248071 0.006858 0.014660
0 0.272786 0.248071 0.006858 0.014660
0 0.272526 0.248457 0.006858 0.014815
0 0.272266 0.248457 0.006858 0.014815
0 0.272049 0.248920 0.006771 0.014815
0 0.271788 0.249383 0.006771 0.014815
0 0.271571 0.249383 0.006858 0.014815
0 0.271311 0.249769 0.006858 0.014660
0 0.271050 0.249769 0.006858 0.014660
0 0.270790 0.250231 0.006858 0.014660
0 0.270573 0.250694 0.006771 0.014660
0 0.270356 0.250694 0.006858 0.014660
0 0.270095 0.250694 0.006858 0.014660
0 0.269835 0.250694 0.006858 0.014660
0 0.269575 0.251080 0.006858 0.014815
0 0.269575 0.251080 0.006858 0.014815
0 0.269358 0.251080 0.006771 0.014815
0 0.269141 0.251543 0.006858 0.014815
0 0.268880 0.251543 0.006858 0.014815
0 0.268620 0.251543 0.006858 0.014815
0 0.268620 0.252006 0.006858 0.014815
0 0.268142 0.251543 0.006771 0.014815
0 0.267882 0.251543 0.006771 0.014815
0 0.267665 0.251543 0.006858 0.014815
0 0.267405 0.251543 0.006858 0.014815
0 0.267144 0.251543 0.006858 0.014815
0 0.266667 0.251543 0.006771 0.014815
0 0.266450 0.251543 0.006858 0.014815
0 0.266189 0.251543 0.006858 0.014815
0 0.265929 0.251543 0.006858 0.014815
0 0.265668 0.251543 0.006858 0.014815
0 0.265451 0.251543 0.006771 0.014815
0 0.265234 0.251543 0.006858 0.014815
0 0.264974 0.251543 0.006858 0.014815
0 0.264714 0.251543 0.006858 0.014815
0 0.264453 0.251543 0.006858 0.014815
0 0.264236 0.251543 0.006771 0.014815
0 0.263976 0.251543 0.006771 0.014815
0 0.263759 0.251543 0.006858 0.014815
0 0.263498 0.251543 0.006858 0.014815
0 0.263498 0.252006 0.006858 0.014815
