0 0.081727 0.127083 0.004427 0.015586
0 0.081727 0.126620 0.004427 0.015586
0 0.081727 0.126620 0.004427 0.015586
0 0.081727 0.126620 0.004427 0.015586
0 0.081727 0.126620 0.004427 0.015586
0 0.081727 0.126620 0.004427 0.015586
0 0.081727 0.126157 0.004427 0.015586
0 0.081727 0.126157 0.004427 0.015586
0 0.081727 0.126157 0.004427 0.015586
0 0.081727 0.126157 0.004427 0.015586
0 0.081727 0.126157 0.004427 0.015586
0 0.081727 0.126157 0.004427 0.015586
0 0.081727 0.126157 0.004427 0.015586
0 0.081727 0.126157 0.004427 0.015586
0 0.081727 0.126157 0.004427 0.015586
0 0.081727 0.126157 0.004427 0.015586
0 0.081727 0.126157 0.004427 0.015586
0 0.081727 0.126157 0.004427 0.015586
0 0.081727 0.126157 0.004427 0.015586
0 0.081727 0.126157 0.004427 0.015586
0 0.081727 0.126157 0.004427 0.015586
0 0.081467 0.125926 0.004427 0.015123
0 0.081467 0.125926 0.004427 0.015123
0 0.081337 0.125926 0.004167 0.015123
0 0.081337 0.125926 0.004167 0.015123
0 0.081337 0.125926 0.004167 0.015123
0 0.081207 0.125772 0.003906 0.014815
0 0.081207 0.125772 0.003906 0.014815
0 0.081076 0.125772 0.003646 0.014815
0 0.081076 0.125772 0.003646 0.014815
0 0.081076 0.125772 0.003646 0.014815
0 0.081076 0.125772 0.003646 0.014815
0 0.081076 0.125772 0.003646 0.014815
0 0.081207 0.125772 0.003906 0.014815
0 0.081207 0.125772 0.003906 0.014815
0 0.081337 0.125926 0.004167 0.015123
0 0.081337 0.125926 0.004167 0.015123
0 0.081337 0.125926 0.004167 0.015123
0 0.081467 0.125926 0.004427 0.015123
0 0.081467 0.125926 0.004427 0.015123
0 0.081727 0.126157 0.004427 0.015586
0 0.081727 0.126157 0.004427 0.015586
0 0.081727 0.126157 0.004427 0.015586
0 0.081727 0.126157 0.004427 0.015586
0 0.081727 0.126157 0.004427 0.015586
0 0.081727 0.126157 0.004427 0.015586
0 0.081727 0.126157 0.004427 0.015586
0 0.081727 0.126157 0.004427 0.015586
0 0.081727 0.126157 0.004427 0.015586
0 0.081727 0.126157 0.004427 0.015586
0 0.081727 0.126157 0.004427 0.015586
0 0.081727 0.125694 0.004427 0.015586
0 0.081944 0.125694 0.004340 0.015586
0 0.081944 0.125694 0.004340 0.015586
0 0.082205 0.125694 0.004340 0.015586
0 0.082205 0.125694 0.004340 0.015586
0 0.082422 0.125309 0.004427 0.015741
0 0.082422 0.125309 0.004427 0.015741
0 0.082682 0.125309 0.004427 0.015741
0 0.082682 0.125309 0.004427 0.015741
0 0.082943 0.125309 0.004427 0.015741
0 0.083030 0.124923 0.004601 0.015586
0 0.083290 0.124923 0.004601 0.015586
0 0.083550 0.124460 0.004601 0.015586
0 0.083767 0.124460 0.004687 0.015586
0 0.084115 0.124228 0.004861 0.015123
0 0.084375 0.123997 0.004861 0.015586
0 0.084635 0.123765 0.004861 0.015123
0 0.084896 0.123534 0.004861 0.015586
0 0.085113 0.123302 0.004948 0.015123
0 0.085460 0.123302 0.005122 0.015123
0 0.085460 0.122917 0.005122 0.015278
0 0.085720 0.122917 0.005122 0.015278
0 0.085981 0.122917 0.005122 0.015278
0 0.086241 0.122454 0.005122 0.015278
0 0.086502 0.122454 0.005122 0.015278
0 0.086675 0.122454 0.005122 0.015278
0 0.086936 0.122068 0.005122 0.015123
0 0.087196 0.122068 0.005122 0.015123
0 0.087457 0.122068 0.005122 0.015123
0 0.087717 0.122068 0.005122 0.015123
0 0.087891 0.121605 0.005122 0.015123
0 0.088151 0.121605 0.005122 0.015123
0 0.088411 0.121373 0.005122 0.015586
0 0.088672 0.121373 0.005122 0.015586
0 0.089019 0.121373 0.004948 0.015586
0 0.089236 0.121142 0.004861 0.016049
0 0.089497 0.121142 0.004861 0.016049
0 0.089757 0.120910 0.004861 0.016512
0 0.090017 0.120910 0.004861 0.016512
0 0.090365 0.120910 0.004687 0.016512
0 0.090625 0.120910 0.004687 0.016512
0 0.090842 0.120910 0.004601 0.016512
0 0.091102 0.120910 0.004601 0.016512
0 0.091580 0.120910 0.004687 0.016512
0 0.091840 0.120910 0.004687 0.016512
0 0.092057 0.120910 0.004601 0.016512
0 0.092578 0.120910 0.004601 0.016512
0 0.092795 0.120910 0.004687 0.016512
0 0.093056 0.120910 0.004687 0.016512
0 0.093533 0.120910 0.004601 0.016512
0 0.093793 0.120525 0.004601 0.016358
0 0.094010 0.120525 0.004687 0.016358
0 0.094531 0.120139 0.004687 0.016512
0 0.094748 0.120139 0.004601 0.016512
0 0.095269 0.119676 0.004601 0.016512
0 0.095486 0.119676 0.004687 0.016512
0 0.095747 0.119213 0.004687 0.016512
0 0.096224 0.119213 0.004601 0.016512
0 0.096484 0.118750 0.004601 0.016512
0 0.096962 0.118750 0.004687 0.016512
0 0.097179 0.118364 0.004601 0.016358
0 0.097569 0.118210 0.004340 0.016049
0 0.097917 0.117747 0.004687 0.016049
0 0.098307 0.117747 0.004427 0.016049
0 0.098655 0.117515 0.004601 0.015586
0 0.099045 0.117052 0.004340 0.015586
0 0.099262 0.117052 0.004427 0.015586
0 0.099783 0.116590 0.004427 0.015586
0 0.100000 0.116358 0.004340 0.015123
0 0.100477 0.116358 0.004427 0.015123
0 0.100738 0.115972 0.004427 0.015278
0 0.101215 0.115972 0.004340 0.015278
0 0.101476 0.115509 0.004340 0.015278
0 0.101953 0.115509 0.004427 0.015278
0 0.102431 0.115123 0.004340 0.015123
0 0.102691 0.115123 0.004340 0.015123
0 0.103168 0.114660 0.004427 0.015123
0 0.103429 0.114660 0.004427 0.015123
0 0.103906 0.114198 0.004340 0.015123
0 0.104384 0.114198 0.004427 0.015123
0 0.104644 0.113812 0.004427 0.015278
0 0.105122 0.113349 0.004340 0.015278
0 0.105599 0.113349 0.004427 0.015278
0 0.105859 0.112963 0.004427 0.015123
0 0.106337 0.112963 0.004340 0.015123
0 0.106814 0.112500 0.004427 0.015123
0 0.107075 0.112037 0.004427 0.015123
0 0.107595 0.112037 0.004427 0.015123
0 0.108073 0.111651 0.004340 0.015278
0 0.108550 0.111651 0.004427 0.015278
0 0.108811 0.111651 0.004427 0.015278
0 0.109288 0.111651 0.004340 0.015278
0 0.109766 0.111651 0.004427 0.015278
0 0.110026 0.111651 0.004427 0.015278
0 0.110503 0.111651 0.004340 0.015278
0 0.110981 0.111651 0.004427 0.015278
0 0.111241 0.111651 0.004427 0.015278
0 0.111719 0.111651 0.004340 0.015278
0 0.112196 0.111651 0.004427 0.015278
0 0.112717 0.111651 0.004427 0.015278
0 0.112934 0.111651 0.004340 0.015278
0 0.113411 0.111651 0.004427 0.015278
0 0.113932 0.111651 0.004427 0.015278
0 0.114149 0.111651 0.004340 0.015278
0 0.114627 0.111651 0.004427 0.015278
0 0.115148 0.111651 0.004427 0.015278
0 0.115365 0.111651 0.004340 0.015278
0 0.115842 0.111651 0.004427 0.015278
0 0.116363 0.111651 0.004427 0.015278
0 0.116840 0.111651 0.004340 0.015278
0 0.117101 0.111188 0.004340 0.015278
0 0.117578 0.111188 0.004427 0.015278
0 0.118056 0.110802 0.004340 0.015123
0 0.118316 0.110802 0.004340 0.015123
0 0.118793 0.110802 0.004427 0.015123
0 0.119271 0.110340 0.004340 0.015123
0 0.119531 0.110340 0.004340 0.015123
0 0.120009 0.109877 0.004427 0.015123
0 0.120486 0.109877 0.004340 0.015123
0 0.121007 0.109877 0.004340 0.015123
0 0.121224 0.109491 0.004427 0.015278
0 0.121484 0.109491 0.004427 0.015278
0 0.121832 0.109259 0.004601 0.015741
0 0.122092 0.109259 0.004601 0.015741
0 0.122569 0.109259 0.004687 0.015741
0 0.122830 0.109028 0.004687 0.016204
0 0.123047 0.109028 0.004601 0.016204
0 0.123437 0.108873 0.004861 0.016512
0 0.123698 0.108873 0.004861 0.016512
0 0.124132 0.108873 0.004861 0.016512
