0 0.146745 0.038503 0.002170 0.017438
0 0.146224 0.038503 0.002170 0.017438
0 0.146007 0.038735 0.002257 0.017901
0 0.145660 0.038966 0.002431 0.017438
0 0.145399 0.039198 0.002431 0.017901
0 0.145009 0.039583 0.002691 0.017747
0 0.144748 0.039583 0.002691 0.017747
0 0.144444 0.039815 0.002951 0.018210
0 0.144184 0.040046 0.002951 0.017747
0 0.143793 0.040278 0.003212 0.018210
0 0.143576 0.040741 0.003125 0.018210
0 0.143316 0.040741 0.003125 0.018210
0 0.143056 0.040741 0.003125 0.018210
0 0.143056 0.040972 0.003125 0.017747
0 0.142839 0.040972 0.003212 0.017747
0 0.142839 0.041127 0.003212 0.017438
0 0.142578 0.041127 0.003212 0.017438
0 0.142361 0.041127 0.003125 0.017438
0 0.142361 0.041358 0.003125 0.016975
0 0.142101 0.041358 0.003125 0.016975
0 0.142101 0.041821 0.003125 0.016975
0 0.142101 0.041821 0.003125 0.016975
0 0.142101 0.041821 0.003125 0.016975
0 0.142101 0.041821 0.003125 0.016975
0 0.142361 0.041821 0.003125 0.016975
0 0.142361 0.042207 0.003125 0.016821
0 0.142361 0.042207 0.003125 0.016821
0 0.142578 0.042207 0.003212 0.016821
0 0.142578 0.042207 0.003212 0.016821
0 0.142578 0.042207 0.003212 0.016821
0 0.142839 0.042670 0.003212 0.016821
0 0.142578 0.042207 0.003212 0.016821
0 0.142578 0.042207 0.003212 0.016821
0 0.142361 0.042207 0.003125 0.016821
0 0.142361 0.042207 0.003125 0.016821
0 0.142361 0.042207 0.003125 0.016821
0 0.142101 0.041975 0.003125 0.017284
0 0.142101 0.041975 0.003125 0.017284
0 0.141840 0.041975 0.003125 0.017284
0 0.141840 0.041975 0.003125 0.017284
0 0.141840 0.041975 0.003125 0.017284
0 0.141623 0.041975 0.003212 0.017284
0 0.141623 0.041975 0.003212 0.017284
0 0.141363 0.041975 0.003212 0.017284
0 0.141363 0.041975 0.003212 0.017284
0 0.141102 0.041975 0.003212 0.017284
0 0.141102 0.041975 0.003212 0.017284
0 0.140885 0.041975 0.003125 0.017284
0 0.140885 0.041975 0.003125 0.017284
0 0.140625 0.041975 0.003125 0.017284
0 0.140625 0.042438 0.003125 0.017284
0 0.140148 0.042438 0.003212 0.017284
0 0.139887 0.042670 0.003212 0.017747
0 0.139670 0.042901 0.003125 0.018210
0 0.139410 0.042901 0.003125 0.018210
0 0.139193 0.043133 0.003212 0.018673
0 0.138672 0.043287 0.003212 0.018981
0 0.138455 0.043287 0.003125 0.018981
0 0.138194 0.043519 0.003125 0.019444
0 0.137934 0.043750 0.003125 0.019907
0 0.137717 0.043981 0.003212 0.020370
0 0.137457 0.043981 0.003212 0.020370
0 0.137326 0.044213 0.003472 0.019907
0 0.137109 0.044599 0.003385 0.020062
0 0.137109 0.044830 0.003385 0.019599
0 0.136849 0.045293 0.003385 0.019599
0 0.136719 0.045525 0.003646 0.019136
0 0.136589 0.045756 0.003385 0.018673
0 0.136458 0.046065 0.003646 0.018673
0 0.136241 0.046296 0.003733 0.018210
0 0.136241 0.046759 0.003733 0.018210
0 0.136024 0.046759 0.003646 0.018210
0 0.135764 0.047222 0.003646 0.018210
0 0.135634 0.047222 0.003385 0.018210
0 0.135503 0.047685 0.003646 0.018210
0 0.135373 0.047685 0.003385 0.018210
0 0.135156 0.048148 0.003472 0.018210
0 0.135026 0.048148 0.003733 0.018210
0 0.134896 0.048457 0.003472 0.018210
0 0.134679 0.048457 0.003385 0.018210
0 0.134679 0.048920 0.003385 0.018210
0 0.134679 0.048920 0.003385 0.018210
0 0.134679 0.048920 0.003385 0.018210
0 0.134679 0.049383 0.003385 0.018210
0 0.134809 0.049383 0.003646 0.018210
0 0.134896 0.049846 0.003472 0.018210
0 0.134896 0.049846 0.003472 0.018210
0 0.135026 0.049846 0.003733 0.018210
0 0.135026 0.050309 0.003733 0.018210
0 0.135026 0.050309 0.003733 0.018210
0 0.135243 0.050617 0.003646 0.018210
0 0.135243 0.050617 0.003646 0.018210
0 0.135243 0.051080 0.003646 0.018210
0 0.135503 0.051080 0.003646 0.018210
0 0.135503 0.051543 0.003646 0.018210
0 0.135764 0.052006 0.003646 0.018210
0 0.135764 0.052006 0.003646 0.018210
0 0.135764 0.052469 0.003646 0.018210
0 0.136024 0.052469 0.003646 0.018210
0 0.136024 0.052778 0.003646 0.018210
0 0.136241 0.053241 0.003733 0.018210
0 0.135764 0.052778 0.003646 0.018210
0 0.135503 0.052778 0.003646 0.018210
0 0.135243 0.052778 0.003646 0.018210
0 0.134809 0.052778 0.003646 0.018210
0 0.134549 0.052778 0.003646 0.018210
0 0.134288 0.052778 0.003646 0.018210
0 0.133767 0.052778 0.003646 0.018210
0 0.133594 0.052778 0.003646 0.018210
0 0.133333 0.052778 0.003646 0.018210
0 0.133073 0.052778 0.003646 0.018210
0 0.132812 0.052778 0.003646 0.018210
0 0.132812 0.053241 0.003646 0.018210
0 0.132812 0.053241 0.003646 0.018210
0 0.132812 0.053704 0.003646 0.018210
0 0.132812 0.053704 0.003646 0.018210
0 0.132812 0.054167 0.003646 0.018210
0 0.132812 0.054167 0.003646 0.018210
0 0.132812 0.054630 0.003646 0.018210
0 0.132812 0.054630 0.003646 0.018210
0 0.132812 0.055015 0.003646 0.018364
0 0.132812 0.055015 0.003646 0.018364
0 0.133073 0.055015 0.003646 0.018364
0 0.133203 0.055015 0.003906 0.018364
0 0.133333 0.055401 0.003646 0.018210
0 0.133464 0.055401 0.003906 0.018210
0 0.133681 0.055401 0.003819 0.018210
0 0.133681 0.055864 0.003819 0.018210
0 0.133898 0.055864 0.003906 0.018210
0 0.134028 0.055864 0.004167 0.018210
0 0.134288 0.056327 0.004167 0.018210
0 0.134028 0.056327 0.004167 0.018210
0 0.134028 0.056559 0.004167 0.018673
0 0.134028 0.056559 0.004167 0.018673
0 0.134028 0.056790 0.004167 0.019136
0 0.134028 0.056790 0.004167 0.019136
0 0.133941 0.056944 0.004340 0.019444
0 0.133941 0.056944 0.004340 0.019444
0 0.133941 0.057176 0.004340 0.019907
0 0.133941 0.057176 0.004340 0.019907
0 0.133941 0.057639 0.004340 0.019907
0 0.133941 0.057639 0.004340 0.019907
0 0.133941 0.057639 0.004340 0.019907
0 0.134028 0.058102 0.004167 0.019907
0 0.134158 0.058102 0.004427 0.019907
0 0.134288 0.058488 0.004167 0.020062
0 0.134288 0.058488 0.004167 0.020062
0 0.134418 0.058488 0.004427 0.020062
0 0.134549 0.058873 0.004167 0.019907
0 0.134549 0.058873 0.004167 0.019907
0 0.134809 0.059336 0.004167 0.019907
0 0.134809 0.059336 0.004167 0.019907
0 0.135026 0.059336 0.004080 0.019907
0 0.135156 0.059799 0.004340 0.019907
0 0.135243 0.059799 0.004167 0.019907
0 0.135503 0.060262 0.004167 0.019907
0 0.135634 0.060262 0.004427 0.019907
0 0.135764 0.060262 0.004167 0.019907
0 0.135894 0.060648 0.004427 0.020062
0 0.136111 0.060648 0.004340 0.020062
0 0.136372 0.061111 0.004340 0.020062
0 0.136372 0.061111 0.004340 0.020062
0 0.136502 0.061111 0.004601 0.020062
0 0.136502 0.061111 0.004601 0.020062
0 0.136632 0.061111 0.004861 0.020062
0 0.136719 0.061111 0.004687 0.020062
0 0.136849 0.061111 0.004948 0.020062
0 0.136849 0.061111 0.004948 0.020062
0 0.136936 0.061111 0.005122 0.020062
0 0.136936 0.061111 0.005122 0.020062
0 0.137196 0.061111 0.005122 0.020062
0 0.136936 0.061111 0.005122 0.020062
0 0.136936 0.061111 0.005122 0.020062
0 0.136936 0.061111 0.005122 0.020062
0 0.136936 0.061343 0.005122 0.019599
0 0.136936 0.061497 0.005122 0.019907
0 0.136936 0.061497 0.005122 0.019907
0 0.136936 0.061728 0.005122 0.019444
0 0.136936 0.061728 0.005122 0.019444
0 0.136936 0.061728 0.005122 0.019444
0 0.136936 0.062191 0.005122 0.019444
