0 0.179427 0.026003 0.004167 0.011265
0 0.178950 0.025540 0.004080 0.011265
0 0.178733 0.025540 0.004167 0.011265
0 0.178212 0.025540 0.004167 0.011265
0 0.177951 0.025540 0.004167 0.011265
0 0.177474 0.025540 0.004080 0.011265
0 0.177257 0.025077 0.004167 0.011265
0 0.176736 0.025077 0.004167 0.011265
0 0.176476 0.025077 0.004167 0.011265
0 0.176042 0.025077 0.004167 0.011265
0 0.175781 0.025077 0.004167 0.011265
0 0.175521 0.024614 0.004167 0.011265
0 0.175521 0.024614 0.004167 0.011265
0 0.175521 0.024614 0.004167 0.011265
0 0.175521 0.024614 0.004167 0.011265
0 0.175521 0.024614 0.004167 0.011265
0 0.175260 0.024151 0.004167 0.011265
0 0.175260 0.024151 0.004167 0.011265
0 0.175260 0.024151 0.004167 0.011265
0 0.175260 0.024151 0.004167 0.011265
0 0.175260 0.024151 0.004167 0.011265
0 0.175260 0.023843 0.004167 0.011265
0 0.175260 0.023843 0.004167 0.011265
0 0.175260 0.023843 0.004167 0.011265
0 0.175260 0.023843 0.004167 0.011265
0 0.175260 0.023843 0.004167 0.011265
0 0.175260 0.023380 0.004167 0.011265
0 0.175260 0.023380 0.004167 0.011265
0 0.175260 0.023380 0.004167 0.011265
0 0.175260 0.023380 0.004167 0.011265
0 0.175260 0.023380 0.004167 0.011265
0 0.175260 0.022917 0.004167 0.011265
0 0.175260 0.022917 0.004167 0.011265
0 0.175260 0.022917 0.004167 0.011265
0 0.175260 0.022454 0.004167 0.011265
0 0.175391 0.022454 0.004427 0.011265
0 0.175391 0.022454 0.004427 0.011265
0 0.175391 0.021991 0.004427 0.011265
0 0.175391 0.021991 0.004427 0.011265
0 0.175391 0.021991 0.004427 0.011265
0 0.175521 0.021991 0.004687 0.011265
0 0.175304 0.021991 0.004601 0.011265
0 0.175304 0.022454 0.004601 0.011265
0 0.175304 0.022917 0.004601 0.011265
0 0.175043 0.022917 0.004601 0.011265
0 0.175043 0.023380 0.004601 0.011265
0 0.175043 0.023843 0.004601 0.011265
0 0.174783 0.023843 0.004601 0.011265
0 0.174783 0.024151 0.004601 0.011265
0 0.174783 0.024614 0.004601 0.011265
0 0.174783 0.025077 0.004601 0.011265
0 0.174306 0.024614 0.004687 0.011265
0 0.174089 0.024614 0.004601 0.011265
0 0.173568 0.024614 0.004601 0.011265
0 0.173351 0.024614 0.004687 0.011265
0 0.172830 0.024614 0.004687 0.011265
0 0.172613 0.024151 0.004601 0.011265
0 0.172092 0.024151 0.004601 0.011265
0 0.171875 0.024151 0.004687 0.011265
0 0.171398 0.024151 0.004601 0.011265
0 0.171137 0.024151 0.004601 0.011265
0 0.170877 0.024151 0.004601 0.011265
0 0.170660 0.024151 0.004687 0.011265
0 0.170399 0.024151 0.004687 0.011265
0 0.170399 0.024151 0.004687 0.011265
0 0.170182 0.024151 0.004601 0.011265
0 0.169922 0.024151 0.004601 0.011265
0 0.169922 0.024151 0.004601 0.011265
0 0.169661 0.024151 0.004601 0.011265
0 0.169444 0.024151 0.004687 0.011265
0 0.169444 0.024614 0.004687 0.011265
0 0.169444 0.024614 0.004687 0.011265
0 0.169444 0.024614 0.004687 0.011265
0 0.169444 0.024614 0.004687 0.011265
0 0.169444 0.024846 0.004687 0.010802
0 0.169444 0.025077 0.004687 0.011265
0 0.169444 0.025077 0.004687 0.011265
0 0.169444 0.025309 0.004687 0.010802
0 0.169444 0.025309 0.004687 0.010802
0 0.169444 0.025309 0.004687 0.010802
0 0.169661 0.025772 0.004601 0.010802
0 0.169661 0.025309 0.004601 0.010802
0 0.169661 0.025309 0.004601 0.010802
0 0.169661 0.025077 0.004601 0.010340
0 0.169792 0.025077 0.004861 0.010340
0 0.169792 0.024846 0.004861 0.009877
0 0.169792 0.024614 0.004861 0.010340
0 0.169922 0.024460 0.005122 0.010031
0 0.169922 0.024460 0.005122 0.010031
0 0.169922 0.024228 0.005122 0.009568
0 0.170182 0.024228 0.005122 0.009568
0 0.170182 0.023765 0.005122 0.009568
0 0.170182 0.023765 0.005122 0.009568
0 0.170443 0.023765 0.005122 0.009568
0 0.170443 0.023765 0.005122 0.009568
0 0.170616 0.023765 0.005122 0.009568
0 0.170616 0.023534 0.005122 0.010031
0 0.170616 0.023534 0.005122 0.010031
0 0.170877 0.023534 0.005122 0.010031
0 0.170877 0.023534 0.005122 0.010031
0 0.171137 0.023534 0.005122 0.010031
0 0.170877 0.023380 0.005122 0.010340
0 0.170877 0.023380 0.005122 0.010340
0 0.170616 0.023380 0.005122 0.010340
0 0.170616 0.023380 0.005122 0.010340
0 0.170443 0.023380 0.005122 0.010340
0 0.170443 0.023380 0.005122 0.010340
0 0.170182 0.023380 0.005122 0.010340
0 0.170182 0.023380 0.005122 0.010340
0 0.169922 0.023380 0.005122 0.010340
0 0.169922 0.023380 0.005122 0.010340
0 0.169661 0.023380 0.005122 0.010340
0 0.169661 0.023380 0.005122 0.010340
0 0.169661 0.023380 0.005122 0.010340
0 0.169661 0.023380 0.005122 0.010340
0 0.169661 0.023765 0.005122 0.010494
0 0.169401 0.023765 0.005122 0.010494
0 0.169401 0.023765 0.005122 0.010494
0 0.169401 0.023765 0.005122 0.010494
0 0.169401 0.023765 0.005122 0.010494
0 0.169401 0.024228 0.005122 0.010494
0 0.169401 0.024228 0.005122 0.010494
0 0.169401 0.024228 0.005122 0.010494
0 0.169401 0.024228 0.005122 0.010494
0 0.169401 0.024228 0.005122 0.010494
0 0.169661 0.024614 0.005122 0.010340
0 0.169661 0.024614 0.005122 0.010340
0 0.169661 0.024614 0.005122 0.010340
0 0.169661 0.024614 0.005122 0.010340
0 0.169661 0.024614 0.005122 0.010340
0 0.169922 0.025077 0.005122 0.010340
0 0.169922 0.025077 0.005122 0.010340
0 0.169922 0.025077 0.005122 0.010340
0 0.169922 0.025077 0.005122 0.010340
0 0.170182 0.025077 0.005122 0.010340
0 0.170182 0.025077 0.005122 0.010340
0 0.170182 0.025077 0.005122 0.010340
0 0.170443 0.025077 0.005122 0.010340
0 0.170443 0.025077 0.005122 0.010340
0 0.170443 0.025077 0.005122 0.010340
0 0.170616 0.025077 0.005122 0.010340
0 0.170616 0.024614 0.005122 0.010340
0 0.170616 0.024614 0.005122 0.010340
0 0.170616 0.024614 0.005122 0.010340
0 0.170616 0.024228 0.005122 0.010494
0 0.170616 0.024228 0.005122 0.010494
0 0.170616 0.024228 0.005122 0.010494
0 0.170616 0.023765 0.005122 0.010494
0 0.170616 0.023765 0.005122 0.010494
0 0.170616 0.023765 0.005122 0.010494
0 0.170877 0.023765 0.005122 0.010494
0 0.170877 0.023765 0.005122 0.010494
0 0.170877 0.023765 0.005122 0.010494
0 0.170877 0.023765 0.005122 0.010494
0 0.170877 0.023765 0.005122 0.010494
0 0.171137 0.023765 0.005122 0.010494
0 0.171137 0.023765 0.005122 0.010494
0 0.171137 0.023765 0.005122 0.010494
0 0.171137 0.023765 0.005122 0.010494
0 0.171137 0.023765 0.005122 0.010494
0 0.171398 0.023765 0.005122 0.010494
0 0.171398 0.023534 0.005122 0.010031
0 0.171658 0.023534 0.005122 0.010031
0 0.171832 0.023534 0.005122 0.010031
0 0.172092 0.023534 0.005122 0.010031
0 0.172352 0.023534 0.005122 0.010031
0 0.172613 0.023534 0.005122 0.010031
0 0.172873 0.023534 0.005122 0.010031
0 0.173090 0.023534 0.005208 0.010031
0 0.173307 0.023534 0.005122 0.010031
0 0.173568 0.023534 0.005122 0.010031
0 0.173568 0.023534 0.005122 0.010031
0 0.173828 0.023534 0.005122 0.010031
0 0.174089 0.023534 0.005122 0.010031
0 0.174349 0.023534 0.005122 0.010031
0 0.174523 0.023765 0.005122 0.010494
0 0.174523 0.023765 0.005122 0.010494
0 0.174783 0.023765 0.005122 0.010494
0 0.175043 0.023765 0.005122 0.010494
0 0.175304 0.023765 0.005122 0.010494
0 0.175564 0.024228 0.005122 0.010494
