0 0.142318 0.308179 0.008073 0.029938
0 0.142318 0.308179 0.008073 0.029938
0 0.142318 0.308179 0.008073 0.029938
0 0.142318 0.308179 0.008073 0.029938
0 0.142318 0.308179 0.008073 0.029938
0 0.142318 0.308179 0.008073 0.029938
0 0.142318 0.308179 0.008073 0.029938
0 0.142318 0.308179 0.008073 0.029938
0 0.142318 0.308179 0.008073 0.029938
0 0.142318 0.308179 0.008073 0.029938
0 0.142318 0.308179 0.008073 0.029938
0 0.142318 0.308179 0.008073 0.029938
0 0.142318 0.308179 0.008073 0.029938
0 0.142318 0.308179 0.008073 0.029938
0 0.142318 0.308179 0.008073 0.029938
0 0.142318 0.308179 0.008073 0.029938
0 0.142318 0.308179 0.008073 0.029938
0 0.142318 0.308179 0.008073 0.029938
0 0.142318 0.308179 0.008073 0.029938
0 0.142318 0.308179 0.008073 0.029938
0 0.142318 0.308179 0.008073 0.029938
0 0.142318 0.308179 0.008073 0.029938
