0 0.216406 0.104475 0.006771 0.007716
0 0.216623 0.104861 0.006858 0.007870
0 0.216884 0.105556 0.006858 0.008333
0 0.217144 0.106173 0.006858 0.008642
0 0.217535 0.106867 0.006597 0.009105
0 0.217839 0.107562 0.006858 0.009568
0 0.218099 0.108179 0.006858 0.009877
0 0.218490 0.108796 0.006597 0.010494
0 0.218750 0.109414 0.006597 0.010802
0 0.218967 0.110108 0.006510 0.011265
0 0.219444 0.111034 0.006597 0.011265
0 0.219705 0.111420 0.006597 0.011420
0 0.220095 0.111806 0.006337 0.011265
0 0.220269 0.112269 0.006337 0.011265
0 0.220790 0.112963 0.006337 0.010802
0 0.221050 0.113580 0.006337 0.011420
0 0.221398 0.113966 0.006163 0.011265
0 0.221745 0.114660 0.006337 0.010802
0 0.222135 0.115123 0.006076 0.010802
0 0.222396 0.115586 0.006076 0.010802
0 0.222873 0.116358 0.006163 0.010802
0 0.223003 0.116358 0.005903 0.010802
0 0.223220 0.116590 0.005816 0.011265
0 0.223481 0.117052 0.005816 0.011265
0 0.223611 0.117052 0.005556 0.011265
0 0.223828 0.117515 0.005642 0.011265
0 0.224089 0.117747 0.005642 0.011728
0 0.224219 0.117747 0.005382 0.011728
0 0.224479 0.118133 0.005382 0.011574
0 0.224696 0.118364 0.005295 0.012037
0 0.224913 0.118750 0.005382 0.012191
0 0.225174 0.118750 0.005382 0.012191
0 0.225564 0.118750 0.005122 0.012191
0 0.225825 0.118750 0.005122 0.012191
0 0.226172 0.118750 0.004948 0.012191
0 0.226649 0.118750 0.004861 0.012191
0 0.226910 0.118750 0.004861 0.012191
0 0.227257 0.118750 0.004687 0.012191
0 0.227517 0.118750 0.004687 0.012191
0 0.227865 0.118750 0.004340 0.012191
0 0.228342 0.118981 0.004427 0.011728
0 0.228602 0.118519 0.004427 0.011728
0 0.228863 0.118519 0.004427 0.011728
0 0.229210 0.118287 0.004601 0.011265
0 0.229470 0.118287 0.004601 0.011265
0 0.229818 0.118287 0.004948 0.011265
0 0.230078 0.118133 0.004948 0.010957
0 0.230295 0.118133 0.004861 0.010957
0 0.230686 0.117901 0.005122 0.010494
0 0.230946 0.117901 0.005122 0.010494
0 0.231380 0.117901 0.005122 0.010494
0 0.230946 0.117747 0.005122 0.010802
0 0.230686 0.117515 0.005122 0.011265
0 0.230295 0.117284 0.005382 0.011728
0 0.229948 0.117052 0.005208 0.012191
0 0.229601 0.117052 0.005382 0.013117
0 0.229340 0.116898 0.005382 0.013426
0 0.228819 0.116667 0.005382 0.013889
0 0.228602 0.116435 0.005295 0.014352
0 0.228255 0.116204 0.005642 0.014815
0 0.227995 0.116127 0.005642 0.015586
0 0.227865 0.115972 0.005382 0.015278
0 0.227865 0.115741 0.005382 0.014815
0 0.227734 0.115741 0.005122 0.014815
0 0.227734 0.115509 0.005122 0.014352
0 0.227734 0.115509 0.005122 0.014352
0 0.227604 0.115278 0.004861 0.013889
0 0.227604 0.115046 0.004861 0.013426
0 0.227517 0.115046 0.004687 0.013426
0 0.227517 0.114892 0.004687 0.013117
0 0.227648 0.114892 0.004427 0.013117
0 0.227387 0.114429 0.004427 0.013117
0 0.227387 0.114429 0.004427 0.013117
0 0.227387 0.114429 0.004427 0.013117
0 0.227387 0.114429 0.004427 0.013117
0 0.227387 0.114429 0.004427 0.013117
0 0.227387 0.114043 0.004427 0.012963
0 0.227387 0.114043 0.004427 0.012963
0 0.227387 0.114043 0.004427 0.012963
0 0.227387 0.114043 0.004427 0.012963
0 0.227387 0.114043 0.004427 0.012963
0 0.227387 0.114043 0.004427 0.012963
0 0.227387 0.114043 0.004427 0.012963
0 0.227387 0.114043 0.004427 0.012963
0 0.227387 0.114043 0.004427 0.012963
0 0.227387 0.114043 0.004427 0.012963
0 0.227387 0.114043 0.004427 0.012963
0 0.227387 0.114043 0.004427 0.012963
0 0.227387 0.114043 0.004427 0.012963
0 0.227387 0.114043 0.004427 0.012963
0 0.227387 0.114043 0.004427 0.012963
0 0.227387 0.113580 0.004427 0.012963
0 0.227387 0.113580 0.004427 0.012963
0 0.227387 0.113580 0.004427 0.012963
0 0.227387 0.113117 0.004427 0.012963
0 0.227387 0.113117 0.004427 0.012963
0 0.227387 0.113117 0.004427 0.012963
0 0.227387 0.112731 0.004427 0.013117
0 0.227387 0.112731 0.004427 0.013117
0 0.227387 0.112731 0.004427 0.013117
0 0.227387 0.112731 0.004427 0.013117
