0 0.140538 0.150849 0.007812 0.026080
0 0.139757 0.150849 0.007812 0.026080
0 0.139323 0.150849 0.007812 0.026080
0 0.138802 0.150849 0.007812 0.026080
0 0.138281 0.150849 0.007812 0.026080
0 0.137847 0.150849 0.007812 0.026080
0 0.137066 0.150849 0.007812 0.026080
0 0.136632 0.150849 0.007812 0.026080
0 0.136111 0.150849 0.007812 0.026080
0 0.135634 0.150849 0.007726 0.026080
0 0.135156 0.151080 0.007812 0.026543
0 0.134201 0.151080 0.007812 0.026543
0 0.133160 0.151080 0.007812 0.026543
0 0.132465 0.151080 0.007812 0.026543
0 0.131510 0.151080 0.007812 0.026543
0 0.130729 0.151543 0.007812 0.026543
0 0.129774 0.151543 0.007812 0.026543
0 0.128819 0.151543 0.007812 0.026543
0 0.128038 0.151543 0.007812 0.026543
0 0.127083 0.151543 0.007812 0.026543
0 0.126389 0.152006 0.007812 0.026543
0 0.125608 0.152006 0.007812 0.026543
0 0.125174 0.152006 0.007812 0.026543
0 0.124653 0.152006 0.007812 0.026543
0 0.123958 0.152006 0.007812 0.026543
0 0.123437 0.152392 0.007812 0.026389
0 0.122917 0.152392 0.007812 0.026389
0 0.122222 0.152392 0.007812 0.026389
0 0.121701 0.152392 0.007812 0.026389
0 0.121267 0.152392 0.007812 0.026389
0 0.120747 0.152855 0.007812 0.026389
0 0.120052 0.152855 0.007812 0.026389
0 0.119271 0.152855 0.007812 0.026389
0 0.118576 0.153241 0.007812 0.026543
0 0.118056 0.153241 0.007812 0.026543
0 0.117361 0.153704 0.007812 0.026543
0 0.116580 0.153704 0.007812 0.026543
0 0.116146 0.153704 0.007812 0.026543
0 0.115365 0.154167 0.007812 0.026543
0 0.114670 0.154167 0.007812 0.026543
0 0.114149 0.154552 0.007812 0.026389
0 0.113672 0.154552 0.007726 0.026389
0 0.113194 0.155015 0.007812 0.026389
0 0.112934 0.155015 0.007812 0.026389
0 0.112413 0.155478 0.007812 0.026389
0 0.112240 0.155478 0.007812 0.026389
0 0.111719 0.155864 0.007812 0.026543
0 0.111198 0.155864 0.007812 0.026543
0 0.111024 0.156327 0.007812 0.026543
0 0.110503 0.156327 0.007812 0.026543
0 0.110243 0.156713 0.007812 0.026389
0 0.109766 0.156327 0.007726 0.026543
0 0.109418 0.156327 0.007552 0.026543
0 0.109028 0.156327 0.007292 0.026543
0 0.108550 0.156096 0.007378 0.026080
0 0.108160 0.156096 0.007118 0.026080
0 0.107812 0.156096 0.006771 0.026080
0 0.107335 0.155864 0.006858 0.025617
0 0.106944 0.155864 0.006597 0.025617
0 0.106597 0.155864 0.006424 0.025617
0 0.106380 0.155864 0.006337 0.025617
0 0.105859 0.155864 0.006337 0.025617
0 0.105339 0.156327 0.006337 0.025617
0 0.104905 0.156327 0.006337 0.025617
0 0.104384 0.156790 0.006337 0.025617
0 0.103906 0.156790 0.006424 0.025617
0 0.103429 0.157176 0.006337 0.025463
0 0.102908 0.157176 0.006337 0.025463
0 0.102474 0.157562 0.006337 0.025617
0 0.101953 0.157562 0.006337 0.025617
0 0.101432 0.158025 0.006337 0.025617
0 0.101259 0.158025 0.006337 0.025617
0 0.100998 0.158488 0.006337 0.025617
0 0.100738 0.158951 0.006337 0.025617
0 0.100477 0.159414 0.006337 0.025617
0 0.100217 0.159722 0.006337 0.025617
0 0.100043 0.160185 0.006337 0.025617
0 0.099783 0.160648 0.006337 0.025617
0 0.099523 0.161111 0.006337 0.025617
0 0.099262 0.161574 0.006337 0.025617
0 0.099002 0.161960 0.006337 0.025463
0 0.098785 0.161960 0.006424 0.025463
0 0.098785 0.161960 0.006424 0.025463
0 0.098785 0.161960 0.006424 0.025463
0 0.098785 0.161960 0.006424 0.025463
0 0.098785 0.161960 0.006424 0.025463
0 0.098568 0.161960 0.006337 0.025463
0 0.098568 0.161960 0.006337 0.025463
0 0.098568 0.161960 0.006337 0.025463
0 0.098568 0.161960 0.006337 0.025463
0 0.098568 0.161960 0.006337 0.025463
0 0.098307 0.162346 0.006337 0.025617
0 0.098047 0.163272 0.006337 0.025617
0 0.097786 0.163735 0.006337 0.025617
0 0.097786 0.164506 0.006337 0.025617
0 0.097526 0.165432 0.006337 0.025617
0 0.097352 0.165895 0.006337 0.025617
0 0.097352 0.166667 0.006337 0.025617
0 0.097092 0.167130 0.006337 0.025617
0 0.096832 0.168056 0.006337 0.025617
0 0.096832 0.168904 0.006337 0.025463
0 0.096832 0.169522 0.006337 0.026080
0 0.096962 0.170448 0.006597 0.026080
0 0.096962 0.171065 0.006597 0.026389
0 0.097222 0.171914 0.006597 0.026543
0 0.097222 0.172531 0.006597 0.026852
0 0.097309 0.173457 0.006771 0.026852
0 0.097439 0.174151 0.006510 0.027315
0 0.097569 0.174923 0.006771 0.027315
0 0.097569 0.175617 0.006771 0.027778
0 0.097786 0.176543 0.006858 0.027778
0 0.098177 0.176543 0.007118 0.027778
0 0.098655 0.176852 0.007031 0.027778
0 0.099132 0.177083 0.007118 0.027315
0 0.099653 0.177315 0.007118 0.027778
0 0.100130 0.177546 0.007031 0.027315
0 0.100608 0.178009 0.007118 0.027315
0 0.101085 0.178009 0.007031 0.027315
0 0.101606 0.178472 0.007031 0.027315
0 0.102083 0.178704 0.007118 0.026852
0 0.102561 0.179090 0.007031 0.027006
0 0.103038 0.178935 0.007118 0.027315
0 0.103776 0.178935 0.007031 0.027315
0 0.104384 0.178935 0.007378 0.027315
0 0.105122 0.178935 0.007292 0.027315
0 0.105859 0.179090 0.007378 0.027623
0 0.106467 0.178858 0.007552 0.028086
0 0.107205 0.178858 0.007639 0.028086
0 0.107812 0.178858 0.007812 0.028086
0 0.108507 0.178858 0.007812 0.028086
0 0.109288 0.179090 0.007812 0.028549
0 0.109766 0.178627 0.007726 0.028549
0 0.110373 0.178241 0.008073 0.028704
0 0.111111 0.178009 0.007986 0.029167
0 0.111719 0.177546 0.008333 0.029167
0 0.112457 0.177546 0.008247 0.029167
0 0.112934 0.177160 0.008333 0.029012
0 0.113542 0.176698 0.008507 0.029012
0 0.114280 0.176466 0.008594 0.029475
0 0.114887 0.176003 0.008767 0.029475
0 0.115625 0.176003 0.008854 0.029475
0 0.115842 0.176003 0.008767 0.029475
0 0.116102 0.176003 0.008767 0.029475
0 0.116363 0.176003 0.008767 0.029475
0 0.116623 0.176003 0.008767 0.029475
0 0.117057 0.176466 0.008767 0.029475
0 0.117318 0.176466 0.008767 0.029475
0 0.117578 0.176466 0.008767 0.029475
0 0.117839 0.176466 0.008767 0.029475
0 0.118056 0.176466 0.008854 0.029475
0 0.118533 0.176929 0.008767 0.029475
0 0.118533 0.176929 0.008767 0.029475
0 0.118533 0.176929 0.008767 0.029475
0 0.118533 0.176929 0.008767 0.029475
0 0.118533 0.176929 0.008767 0.029475
0 0.118533 0.176929 0.008767 0.029475
0 0.118533 0.176929 0.008767 0.029475
0 0.118533 0.176929 0.008767 0.029475
0 0.118533 0.176929 0.008767 0.029475
0 0.118533 0.176929 0.008767 0.029475
0 0.118533 0.176929 0.008767 0.029475
0 0.118273 0.176929 0.008767 0.029475
0 0.118056 0.176929 0.008854 0.029475
0 0.117839 0.176929 0.008767 0.029475
0 0.117839 0.176929 0.008767 0.029475
0 0.117578 0.176929 0.008767 0.029475
0 0.117318 0.176929 0.008767 0.029475
0 0.117318 0.176929 0.008767 0.029475
0 0.117057 0.176929 0.008767 0.029475
0 0.116840 0.176929 0.008854 0.029475
0 0.116840 0.176929 0.008854 0.029475
0 0.116840 0.176466 0.008854 0.029475
0 0.116840 0.176003 0.008854 0.029475
0 0.117057 0.176003 0.008767 0.029475
0 0.117057 0.175617 0.008767 0.029630
0 0.117318 0.175617 0.008767 0.029630
0 0.117318 0.175231 0.008767 0.029475
0 0.117578 0.175231 0.008767 0.029475
0 0.117578 0.174769 0.008767 0.029475
0 0.117839 0.174769 0.008767 0.029475
0 0.117839 0.174306 0.008767 0.029475
