0 0.268620 0.086265 0.005295 0.020062
0 0.268403 0.086265 0.005382 0.020062
0 0.268403 0.086265 0.005382 0.020062
0 0.268403 0.086265 0.005382 0.020062
0 0.268273 0.086265 0.005642 0.020062
0 0.268273 0.086265 0.005642 0.020062
0 0.268142 0.086265 0.005382 0.020062
0 0.268012 0.086265 0.005642 0.020062
0 0.268012 0.086265 0.005642 0.020062
0 0.268012 0.086265 0.005642 0.020062
0 0.268012 0.086265 0.005642 0.020062
0 0.267752 0.086265 0.005642 0.020062
0 0.267752 0.086265 0.005642 0.020062
0 0.267535 0.086265 0.005556 0.020062
0 0.267535 0.086265 0.005556 0.020062
0 0.267535 0.086265 0.005556 0.020062
0 0.267274 0.086265 0.005556 0.020062
0 0.267274 0.086265 0.005556 0.020062
0 0.267057 0.086265 0.005642 0.020062
0 0.267057 0.086265 0.005642 0.020062
0 0.267057 0.086265 0.005642 0.020062
0 0.267057 0.085802 0.005642 0.020062
0 0.267274 0.085417 0.005556 0.019907
0 0.267535 0.084954 0.005556 0.019907
0 0.267752 0.084491 0.005642 0.019907
0 0.268012 0.084105 0.005642 0.020062
0 0.268012 0.083642 0.005642 0.020062
0 0.268273 0.083256 0.005642 0.019907
0 0.268490 0.082793 0.005556 0.019907
0 0.268750 0.082330 0.005556 0.019907
0 0.268967 0.082330 0.005642 0.019907
0 0.268967 0.081867 0.005642 0.019907
0 0.268967 0.081867 0.005642 0.019907
0 0.268967 0.081867 0.005642 0.019907
0 0.268967 0.081867 0.005642 0.019907
0 0.268967 0.081867 0.005642 0.019907
0 0.268967 0.081867 0.005642 0.019907
0 0.268967 0.081867 0.005642 0.019907
0 0.268967 0.081867 0.005642 0.019907
0 0.268967 0.081867 0.005642 0.019907
0 0.269227 0.081867 0.005642 0.019907
0 0.269227 0.081867 0.005642 0.019907
0 0.269227 0.081867 0.005642 0.019907
0 0.269227 0.081867 0.005642 0.019907
0 0.269488 0.081867 0.005642 0.019907
0 0.269488 0.081867 0.005642 0.019907
0 0.269488 0.081867 0.005642 0.019907
0 0.269748 0.081867 0.005642 0.019907
0 0.269748 0.081867 0.005642 0.019907
0 0.269748 0.081867 0.005642 0.019907
0 0.269965 0.082330 0.005556 0.019907
0 0.269748 0.082330 0.005642 0.019907
0 0.269748 0.082793 0.005642 0.019907
0 0.269748 0.082793 0.005642 0.019907
0 0.269748 0.083256 0.005642 0.019907
0 0.269748 0.083256 0.005642 0.019907
0 0.269748 0.083642 0.005642 0.020062
0 0.269748 0.083642 0.005642 0.020062
0 0.269748 0.084105 0.005642 0.020062
0 0.269748 0.084105 0.005642 0.020062
0 0.269748 0.084491 0.005642 0.019907
0 0.269488 0.084491 0.005642 0.019907
0 0.269488 0.084491 0.005642 0.019907
0 0.269488 0.084491 0.005642 0.019907
0 0.269488 0.084491 0.005642 0.019907
0 0.269488 0.084954 0.005642 0.019907
0 0.269488 0.084954 0.005642 0.019907
0 0.269488 0.084954 0.005642 0.019907
0 0.269488 0.084954 0.005642 0.019907
0 0.269488 0.084954 0.005642 0.019907
0 0.269488 0.085417 0.005642 0.019907
0 0.269227 0.085417 0.005642 0.019907
0 0.269097 0.085417 0.005903 0.019907
0 0.269097 0.085417 0.005903 0.019907
0 0.269010 0.085417 0.006076 0.019907
0 0.269010 0.085571 0.006076 0.019599
0 0.268880 0.085571 0.006337 0.019599
0 0.268750 0.085571 0.006597 0.019599
0 0.268750 0.085571 0.006597 0.019599
0 0.268620 0.085571 0.006858 0.019599
0 0.268620 0.085802 0.006858 0.019136
0 0.268359 0.085802 0.006858 0.019136
0 0.268229 0.086265 0.006597 0.019136
0 0.268099 0.086497 0.006337 0.019599
0 0.267925 0.086728 0.006337 0.019136
0 0.267925 0.086883 0.006337 0.019444
0 0.267795 0.087346 0.006076 0.019444
0 0.267535 0.087346 0.006076 0.019444
0 0.267405 0.087809 0.005816 0.019444
0 0.267274 0.088040 0.005556 0.019907
0 0.267274 0.088426 0.005556 0.020062
0 0.267057 0.088426 0.005642 0.020062
0 0.267057 0.088426 0.005642 0.020062
0 0.267057 0.088426 0.005642 0.020062
0 0.267057 0.088426 0.005642 0.020062
0 0.267057 0.088426 0.005642 0.020062
0 0.266797 0.088426 0.005642 0.020062
0 0.266797 0.088426 0.005642 0.020062
0 0.266797 0.088426 0.005642 0.020062
0 0.266797 0.088426 0.005642 0.020062
0 0.266797 0.088812 0.005642 0.019907
0 0.266536 0.088812 0.005642 0.019907
0 0.266536 0.088812 0.005642 0.019907
0 0.266536 0.088812 0.005642 0.019907
0 0.266536 0.088812 0.005642 0.019907
0 0.266536 0.088812 0.005642 0.019907
0 0.266536 0.088812 0.005642 0.019907
0 0.266536 0.088812 0.005642 0.019907
0 0.266536 0.088812 0.005642 0.019907
0 0.266536 0.088812 0.005642 0.019907
0 0.266536 0.089275 0.005642 0.019907
0 0.266319 0.088812 0.005556 0.019907
0 0.266319 0.088812 0.005556 0.019907
0 0.266319 0.088812 0.005556 0.019907
0 0.266319 0.088812 0.005556 0.019907
0 0.266319 0.088812 0.005556 0.019907
0 0.266319 0.088812 0.005556 0.019907
0 0.266319 0.088812 0.005556 0.019907
0 0.266319 0.088812 0.005556 0.019907
0 0.266319 0.088812 0.005556 0.019907
0 0.266319 0.088812 0.005556 0.019907
0 0.266189 0.088812 0.005816 0.019907
0 0.266189 0.088812 0.005816 0.019907
0 0.266189 0.089043 0.005816 0.019444
0 0.266059 0.089043 0.006076 0.019444
0 0.266059 0.089275 0.006076 0.018981
0 0.266059 0.089275 0.006076 0.018981
0 0.265929 0.089275 0.006337 0.018981
0 0.265929 0.089506 0.006337 0.018519
0 0.265929 0.089506 0.006337 0.018519
0 0.266059 0.089660 0.006597 0.018210
0 0.266059 0.089660 0.006597 0.018210
0 0.266189 0.089660 0.006337 0.018210
0 0.266189 0.089892 0.006337 0.018673
0 0.266319 0.089892 0.006076 0.018673
0 0.266319 0.090123 0.006076 0.019136
0 0.266450 0.090123 0.005816 0.019136
0 0.266450 0.090123 0.005816 0.019136
0 0.266536 0.090355 0.005642 0.019599
0 0.266536 0.090355 0.005642 0.019599
0 0.266797 0.090586 0.005642 0.020062
0 0.266536 0.090586 0.005642 0.020062
0 0.266536 0.090586 0.005642 0.020062
0 0.266536 0.090586 0.005642 0.020062
0 0.266536 0.090586 0.005642 0.020062
0 0.266536 0.090972 0.005642 0.019907
0 0.266536 0.090972 0.005642 0.019907
0 0.266536 0.090972 0.005642 0.019907
0 0.266536 0.090972 0.005642 0.019907
0 0.266536 0.090972 0.005642 0.019907
0 0.266536 0.091435 0.005642 0.019907
0 0.266319 0.090972 0.005556 0.019907
0 0.266319 0.090972 0.005556 0.019907
0 0.266319 0.090972 0.005556 0.019907
0 0.266319 0.090972 0.005556 0.019907
0 0.266319 0.090972 0.005556 0.019907
0 0.266059 0.090972 0.005556 0.019907
0 0.266059 0.090972 0.005556 0.019907
0 0.266059 0.090972 0.005556 0.019907
0 0.266059 0.090972 0.005556 0.019907
0 0.266059 0.090972 0.005556 0.019907
0 0.265842 0.090972 0.005642 0.019907
0 0.265842 0.090972 0.005642 0.019907
0 0.265842 0.090972 0.005642 0.019907
0 0.265842 0.090972 0.005642 0.019907
0 0.265842 0.090972 0.005642 0.019907
0 0.265842 0.090972 0.005642 0.019907
0 0.265842 0.090972 0.005642 0.019907
0 0.265842 0.090972 0.005642 0.019907
0 0.265842 0.090972 0.005642 0.019907
0 0.265842 0.090972 0.005642 0.019907
0 0.265582 0.090972 0.005642 0.019907
0 0.265582 0.090972 0.005642 0.019907
0 0.265321 0.091435 0.005642 0.019907
0 0.265321 0.091435 0.005642 0.019907
0 0.265321 0.091898 0.005642 0.019907
0 0.265061 0.091898 0.005642 0.019907
0 0.265061 0.091898 0.005642 0.019907
0 0.264844 0.092361 0.005556 0.019907
0 0.264844 0.092361 0.005556 0.019907
0 0.264844 0.092747 0.005556 0.020062
