0 0.207726 0.137269 0.006076 0.022068
0 0.207509 0.137037 0.006163 0.021605
0 0.207248 0.137037 0.006163 0.021605
0 0.207161 0.137037 0.006337 0.021605
0 0.206901 0.136806 0.006337 0.021142
0 0.206771 0.136806 0.006597 0.021142
0 0.206510 0.136806 0.006597 0.021142
0 0.206250 0.136574 0.006597 0.020679
0 0.206163 0.136574 0.006771 0.020679
0 0.205903 0.136574 0.006771 0.020679
0 0.205773 0.136574 0.007031 0.020679
0 0.205425 0.136188 0.006858 0.020833
0 0.205165 0.135725 0.006858 0.020833
0 0.205035 0.135262 0.006597 0.020833
0 0.204774 0.134799 0.006597 0.020833
0 0.204687 0.134568 0.006424 0.020370
0 0.204340 0.134182 0.006076 0.020525
0 0.204080 0.133796 0.006076 0.020370
0 0.203950 0.133333 0.005816 0.020370
0 0.203733 0.132870 0.005903 0.020370
0 0.203602 0.132870 0.005642 0.020370
0 0.203212 0.132407 0.005382 0.020370
0 0.202951 0.132253 0.005382 0.020062
0 0.202734 0.132022 0.005295 0.020525
0 0.202517 0.131790 0.005382 0.020062
0 0.202257 0.131790 0.005382 0.020062
0 0.201997 0.131404 0.005382 0.019907
0 0.201736 0.131173 0.005382 0.019444
0 0.201519 0.130941 0.005295 0.019907
0 0.201302 0.130710 0.005382 0.019444
0 0.201042 0.130710 0.005382 0.019444
0 0.200781 0.130247 0.005382 0.019444
0 0.200781 0.130247 0.005382 0.019444
0 0.200521 0.130247 0.005382 0.019444
0 0.200521 0.130247 0.005382 0.019444
0 0.200304 0.130247 0.005295 0.019444
0 0.200304 0.129861 0.005295 0.019599
0 0.200087 0.129861 0.005382 0.019599
0 0.200087 0.129861 0.005382 0.019599
0 0.199826 0.129861 0.005382 0.019599
0 0.199826 0.129861 0.005382 0.019599
0 0.199306 0.129167 0.005382 0.019136
0 0.198828 0.128935 0.005295 0.018673
0 0.198481 0.128549 0.005642 0.018519
0 0.197960 0.128164 0.005642 0.017747
0 0.197613 0.127932 0.005816 0.017284
0 0.197135 0.127469 0.005903 0.017284
0 0.196658 0.127083 0.005816 0.016512
0 0.196267 0.126620 0.006076 0.016512
0 0.195790 0.126389 0.006163 0.016049
0 0.195530 0.126157 0.006163 0.015586
0 0.195182 0.125694 0.006337 0.015586
0 0.194922 0.125463 0.006337 0.016049
0 0.194661 0.125309 0.006337 0.015741
0 0.194358 0.125154 0.006597 0.016049
0 0.194227 0.125154 0.006858 0.016049
0 0.193967 0.124691 0.006858 0.016049
0 0.193576 0.124460 0.007118 0.016512
0 0.193359 0.124228 0.007031 0.016049
0 0.193099 0.123997 0.007031 0.016512
0 0.192969 0.123997 0.007292 0.016512
0 0.192491 0.123765 0.007378 0.016975
0 0.192144 0.123765 0.007031 0.016975
0 0.191623 0.123534 0.007031 0.017438
0 0.191276 0.123534 0.006858 0.017438
0 0.191016 0.123534 0.006858 0.017438
0 0.190538 0.123380 0.006771 0.017747
0 0.190191 0.123380 0.006597 0.017747
0 0.189670 0.123148 0.006597 0.018210
0 0.189280 0.123148 0.006337 0.018210
0 0.189106 0.123148 0.006337 0.018210
0 0.188585 0.122685 0.006337 0.018210
0 0.188325 0.122685 0.006337 0.018210
0 0.188064 0.122222 0.006337 0.018210
0 0.187891 0.122222 0.006337 0.018210
0 0.187630 0.121759 0.006337 0.018210
0 0.187370 0.121759 0.006337 0.018210
0 0.187109 0.121451 0.006337 0.018210
0 0.186849 0.121451 0.006337 0.018210
0 0.186632 0.120988 0.006424 0.018210
0 0.186415 0.120988 0.006337 0.018210
0 0.186415 0.120988 0.006337 0.018210
0 0.186415 0.120988 0.006337 0.018210
0 0.186415 0.120988 0.006337 0.018210
0 0.186415 0.120988 0.006337 0.018210
0 0.186415 0.120988 0.006337 0.018210
0 0.186415 0.120988 0.006337 0.018210
0 0.186415 0.120988 0.006337 0.018210
0 0.186415 0.120988 0.006337 0.018210
0 0.186415 0.120988 0.006337 0.018210
0 0.186415 0.120988 0.006337 0.018210
0 0.185764 0.120525 0.006076 0.018210
0 0.185156 0.120525 0.005903 0.018210
0 0.184549 0.120293 0.005556 0.017747
0 0.183941 0.120062 0.005382 0.018210
0 0.183464 0.120062 0.005295 0.018210
0 0.182856 0.119830 0.005122 0.017747
0 0.182248 0.119599 0.004948 0.018210
0 0.181641 0.119444 0.004601 0.017901
0 0.181033 0.119444 0.004427 0.017901
0 0.180512 0.119444 0.004427 0.017901
0 0.180035 0.119059 0.004340 0.017747
0 0.179557 0.119059 0.004427 0.017747
0 0.179297 0.119059 0.004427 0.017747
0 0.178819 0.118596 0.004340 0.017747
0 0.178602 0.118596 0.004427 0.017747
0 0.178082 0.118596 0.004427 0.017747
0 0.177604 0.118133 0.004340 0.017747
0 0.177344 0.118133 0.004340 0.017747
0 0.176866 0.118133 0.004427 0.017747
0 0.176606 0.118133 0.004427 0.017747
0 0.175911 0.118133 0.004427 0.017747
0 0.175391 0.118133 0.004427 0.017747
0 0.174696 0.118133 0.004427 0.017747
0 0.174175 0.118133 0.004427 0.017747
0 0.173481 0.118133 0.004427 0.017747
0 0.172960 0.118133 0.004427 0.017747
0 0.172222 0.118133 0.004340 0.017747
0 0.171745 0.118133 0.004427 0.017747
0 0.171007 0.118133 0.004340 0.017747
0 0.170530 0.118133 0.004427 0.017747
0 0.170269 0.118133 0.004427 0.017747
0 0.170269 0.118133 0.004427 0.017747
0 0.170052 0.118133 0.004340 0.017747
0 0.170052 0.118596 0.004340 0.017747
0 0.169792 0.118596 0.004340 0.017747
0 0.169792 0.118596 0.004340 0.017747
0 0.169575 0.119059 0.004427 0.017747
0 0.169575 0.119059 0.004427 0.017747
0 0.169314 0.119059 0.004427 0.017747
0 0.169314 0.119444 0.004427 0.017901
0 0.169054 0.119444 0.004427 0.017901
0 0.168967 0.119599 0.004601 0.018210
0 0.168707 0.119830 0.004601 0.018673
0 0.168576 0.120062 0.004861 0.019136
0 0.168446 0.120293 0.004601 0.019599
0 0.168316 0.120293 0.004861 0.019599
0 0.168056 0.120525 0.004861 0.020062
0 0.167925 0.120679 0.005122 0.020370
0 0.167752 0.120910 0.005122 0.020833
0 0.167752 0.121373 0.005122 0.020833
0 0.167231 0.121373 0.005122 0.020833
0 0.166840 0.121373 0.005382 0.020833
0 0.166493 0.121605 0.005556 0.020370
0 0.166146 0.121836 0.005382 0.020833
0 0.165755 0.122068 0.005642 0.020370
0 0.165408 0.122068 0.005816 0.020370
0 0.165061 0.122299 0.005642 0.020833
0 0.164670 0.122531 0.005903 0.020370
0 0.164323 0.122531 0.006076 0.020370
0 0.164062 0.122917 0.006076 0.020525
0 0.163802 0.122917 0.006076 0.020525
0 0.163802 0.122917 0.006076 0.020525
0 0.163585 0.122917 0.006163 0.020525
0 0.163585 0.122917 0.006163 0.020525
0 0.163585 0.122917 0.006163 0.020525
0 0.163325 0.122917 0.006163 0.020525
0 0.163325 0.122917 0.006163 0.020525
0 0.163108 0.122917 0.006076 0.020525
0 0.163108 0.122917 0.006076 0.020525
0 0.163108 0.122917 0.006076 0.020525
0 0.163108 0.122685 0.006076 0.020062
0 0.163238 0.122685 0.006337 0.020062
0 0.163325 0.122685 0.006163 0.020062
0 0.163455 0.122685 0.006424 0.020062
0 0.163672 0.122685 0.006337 0.020062
0 0.163672 0.122685 0.006337 0.020062
0 0.163802 0.122685 0.006597 0.020062
0 0.163932 0.122685 0.006337 0.020062
0 0.164062 0.122685 0.006597 0.020062
0 0.164323 0.122685 0.006597 0.020062
0 0.164583 0.122685 0.006597 0.020062
0 0.164757 0.122685 0.006597 0.020062
0 0.165278 0.122685 0.006597 0.020062
0 0.165538 0.122685 0.006597 0.020062
0 0.166016 0.122685 0.006510 0.020062
0 0.166233 0.123148 0.006597 0.020062
0 0.166753 0.123148 0.006597 0.020062
0 0.167014 0.123148 0.006597 0.020062
0 0.167448 0.123148 0.006597 0.020062
0 0.167708 0.123148 0.006597 0.020062
