0 0.115104 0.085340 0.005382 0.018210
0 0.114887 0.085340 0.005295 0.018210
0 0.114757 0.085802 0.005556 0.018210
0 0.114540 0.086265 0.005642 0.018210
0 0.114540 0.086497 0.005642 0.018673
0 0.114280 0.086960 0.005642 0.018673
0 0.114149 0.087346 0.005903 0.018519
0 0.114019 0.087577 0.005642 0.018981
0 0.113932 0.087963 0.005816 0.019136
0 0.113672 0.088426 0.005816 0.019136
0 0.113672 0.088889 0.005816 0.019136
0 0.113672 0.088657 0.005816 0.018673
0 0.113672 0.088657 0.005816 0.018673
0 0.113672 0.088657 0.005816 0.018673
0 0.113932 0.088657 0.005816 0.018673
0 0.113932 0.088657 0.005816 0.018673
0 0.113932 0.088426 0.005816 0.018210
0 0.114149 0.088426 0.005903 0.018210
0 0.114149 0.088426 0.005903 0.018210
0 0.114149 0.088426 0.005903 0.018210
0 0.114410 0.088657 0.005903 0.017747
0 0.114410 0.088657 0.005903 0.017747
0 0.114410 0.088889 0.005903 0.018210
0 0.114497 0.088889 0.006076 0.018210
0 0.114627 0.089120 0.005816 0.018673
0 0.114757 0.089120 0.006076 0.018673
0 0.114757 0.089275 0.006076 0.018981
0 0.114887 0.089275 0.005816 0.018981
0 0.115017 0.089506 0.006076 0.019444
0 0.115017 0.089506 0.006076 0.019444
0 0.115278 0.089969 0.006076 0.019444
0 0.115278 0.089738 0.006076 0.019907
0 0.115278 0.089738 0.006076 0.019907
0 0.115278 0.089738 0.006076 0.019907
0 0.115278 0.089738 0.006076 0.019907
0 0.115278 0.089738 0.006076 0.019907
0 0.115278 0.089506 0.006076 0.020370
0 0.115278 0.089506 0.006076 0.020370
0 0.115278 0.089506 0.006076 0.020370
0 0.115278 0.089506 0.006076 0.020370
0 0.115278 0.089738 0.006076 0.020833
0 0.115278 0.089738 0.006076 0.020833
0 0.115278 0.089738 0.006076 0.020833
0 0.115278 0.089969 0.006076 0.020370
0 0.115278 0.089969 0.006076 0.020370
0 0.115278 0.090201 0.006076 0.019907
0 0.115278 0.090201 0.006076 0.019907
0 0.115278 0.090201 0.006076 0.019907
0 0.115278 0.090355 0.006076 0.019599
0 0.115278 0.090355 0.006076 0.019599
0 0.115278 0.090586 0.006076 0.019136
0 0.115278 0.090123 0.006076 0.019136
0 0.115495 0.090123 0.006163 0.019136
0 0.115495 0.089892 0.006163 0.018673
0 0.115755 0.089738 0.006163 0.018981
0 0.115755 0.089738 0.006163 0.018981
0 0.115972 0.089506 0.006076 0.018519
0 0.115972 0.089275 0.006076 0.018981
0 0.116233 0.089120 0.006076 0.018673
0 0.116233 0.089120 0.006076 0.018673
0 0.116493 0.089120 0.006076 0.018673
0 0.116493 0.089120 0.006076 0.018673
0 0.116493 0.089275 0.006076 0.018981
0 0.116493 0.089275 0.006076 0.018981
0 0.116493 0.089506 0.006076 0.019444
0 0.116493 0.089506 0.006076 0.019444
0 0.116493 0.089738 0.006076 0.019907
0 0.116493 0.089738 0.006076 0.019907
0 0.116493 0.089969 0.006076 0.020370
0 0.116493 0.089969 0.006076 0.020370
0 0.116493 0.090432 0.006076 0.020370
0 0.116493 0.089969 0.006076 0.020370
0 0.116493 0.089969 0.006076 0.020370
0 0.116493 0.089738 0.006076 0.020833
0 0.116493 0.089506 0.006076 0.020370
0 0.116493 0.089275 0.006076 0.020833
0 0.116493 0.089275 0.006076 0.020833
0 0.116493 0.088812 0.006076 0.020833
0 0.116493 0.088812 0.006076 0.020833
0 0.116493 0.088657 0.006076 0.021142
0 0.116493 0.088657 0.006076 0.021142
0 0.116233 0.088426 0.006076 0.020679
0 0.116233 0.088426 0.006076 0.020679
0 0.115972 0.088272 0.006076 0.020370
0 0.115972 0.088272 0.006076 0.020370
0 0.115972 0.088272 0.006076 0.020370
0 0.115755 0.088040 0.006163 0.019907
0 0.115755 0.088040 0.006163 0.019907
0 0.115495 0.087809 0.006163 0.019444
0 0.115495 0.087809 0.006163 0.019444
0 0.115495 0.087809 0.006163 0.019444
0 0.115017 0.087963 0.006076 0.019136
0 0.114757 0.088426 0.006076 0.019136
0 0.114497 0.088657 0.006076 0.018673
0 0.114149 0.089352 0.005903 0.018210
0 0.113932 0.089506 0.005816 0.017901
0 0.113542 0.089892 0.006076 0.017747
0 0.113194 0.090355 0.005903 0.016821
0 0.112934 0.090818 0.005903 0.016821
0 0.112717 0.090972 0.005816 0.016512
0 0.112457 0.091667 0.005816 0.016049
0 0.112196 0.091435 0.005816 0.016512
0 0.111979 0.091435 0.005903 0.016512
0 0.111849 0.091667 0.006163 0.016975
0 0.111719 0.091667 0.005903 0.016975
0 0.111589 0.091898 0.006163 0.017438
0 0.111372 0.091667 0.006076 0.017901
0 0.111241 0.091667 0.005816 0.017901
0 0.111111 0.091821 0.006076 0.018210
0 0.110851 0.091821 0.006076 0.018210
0 0.110851 0.092052 0.006076 0.018673
0 0.110373 0.092052 0.006163 0.018673
0 0.110156 0.092515 0.006076 0.018673
0 0.109635 0.092747 0.006076 0.019136
0 0.109375 0.092978 0.006076 0.018673
0 0.109158 0.093441 0.006163 0.018673
0 0.108681 0.093673 0.006076 0.019136
0 0.108420 0.093904 0.006076 0.018673
0 0.107943 0.094059 0.006163 0.018981
0 0.107682 0.094444 0.006163 0.019136
0 0.107465 0.094907 0.006076 0.019136
0 0.106944 0.095139 0.006076 0.018673
0 0.106467 0.095370 0.006163 0.018210
0 0.105990 0.095833 0.006076 0.017284
0 0.105729 0.095988 0.006076 0.016975
0 0.105252 0.096451 0.006163 0.016049
0 0.104774 0.096682 0.006076 0.015586
0 0.104514 0.096914 0.006076 0.015123
0 0.104036 0.097299 0.006163 0.014352
0 0.103559 0.097531 0.006076 0.013889
0 0.103299 0.097994 0.006076 0.012963
0 0.102821 0.097762 0.006163 0.013426
0 0.102561 0.097762 0.006163 0.013426
0 0.102214 0.097994 0.005816 0.013889
0 0.101823 0.097762 0.006076 0.014352
0 0.101476 0.097994 0.005903 0.014815
0 0.101215 0.097994 0.005903 0.014815
0 0.100738 0.097762 0.005816 0.015278
0 0.100477 0.097917 0.005816 0.015586
0 0.100130 0.097917 0.005642 0.015586
0 0.099870 0.098148 0.005642 0.016049
0 0.098177 0.098843 0.005556 0.016512
0 0.096701 0.099691 0.005556 0.016358
0 0.095269 0.100540 0.005642 0.016512
0 0.093663 0.101235 0.005903 0.016975
0 0.092187 0.102083 0.005903 0.016821
0 0.090755 0.102932 0.005816 0.016975
0 0.089149 0.103627 0.006076 0.017438
0 0.087674 0.104475 0.006076 0.017284
0 0.086198 0.105324 0.006076 0.017438
0 0.084766 0.106173 0.006163 0.017284
0 0.082812 0.106636 0.006076 0.017284
0 0.080859 0.107253 0.006163 0.016975
0 0.078906 0.107716 0.006076 0.016975
0 0.076953 0.108410 0.006163 0.016512
0 0.075000 0.109028 0.006076 0.016204
0 0.073047 0.109414 0.006163 0.016049
0 0.071094 0.110108 0.006076 0.015586
0 0.069141 0.110571 0.006163 0.015586
0 0.067187 0.111188 0.006076 0.015278
0 0.065234 0.111883 0.006163 0.014815
0 0.062674 0.113117 0.005903 0.014815
0 0.060243 0.114660 0.005903 0.015123
0 0.057682 0.116127 0.005642 0.015586
0 0.055252 0.117515 0.005642 0.015586
0 0.052778 0.118981 0.005556 0.016049
0 0.050260 0.120525 0.005382 0.016358
0 0.047786 0.121836 0.005295 0.016512
0 0.045182 0.123302 0.005122 0.016975
0 0.042752 0.124846 0.005122 0.017284
0 0.040321 0.126620 0.005122 0.017438
0 0.038845 0.127701 0.005122 0.017747
0 0.037543 0.128935 0.004948 0.017747
0 0.036155 0.130093 0.005122 0.018210
0 0.034852 0.131327 0.004948 0.018210
0 0.033637 0.132948 0.004948 0.018673
0 0.032161 0.133951 0.004948 0.019136
0 0.030816 0.135262 0.004687 0.018981
0 0.029514 0.136343 0.004861 0.019599
0 0.028125 0.137654 0.004687 0.019444
0 0.026910 0.139198 0.004687 0.020062
