0 0.240451 0.162577 0.010937 0.019907
0 0.239714 0.162191 0.011024 0.020062
0 0.239236 0.162191 0.010937 0.020062
0 0.238715 0.162191 0.010937 0.020062
0 0.238238 0.162191 0.011024 0.020062
0 0.237760 0.162191 0.010937 0.020062
0 0.237023 0.161728 0.011024 0.020062
0 0.236545 0.161728 0.010937 0.020062
0 0.236068 0.161728 0.011024 0.020062
0 0.235547 0.161728 0.011024 0.020062
0 0.235069 0.161728 0.010937 0.020062
0 0.234592 0.161728 0.011024 0.020062
0 0.234332 0.161728 0.011024 0.020062
0 0.234115 0.161728 0.010937 0.020062
0 0.233854 0.161728 0.010937 0.020062
0 0.233594 0.161728 0.010937 0.020062
0 0.233377 0.161728 0.011024 0.020062
0 0.233116 0.161728 0.011024 0.020062
0 0.232856 0.161728 0.011024 0.020062
0 0.232639 0.161728 0.010937 0.020062
0 0.232378 0.162191 0.010937 0.020062
0 0.232161 0.161728 0.011024 0.020062
0 0.231901 0.161728 0.011024 0.020062
0 0.231901 0.161343 0.011024 0.019907
0 0.231641 0.161343 0.011024 0.019907
0 0.231641 0.161343 0.011024 0.019907
0 0.231424 0.160880 0.010937 0.019907
0 0.231163 0.160880 0.010937 0.019907
0 0.231163 0.160417 0.010937 0.019907
0 0.230903 0.160417 0.010937 0.019907
0 0.230903 0.160417 0.010937 0.019907
0 0.230686 0.160417 0.011024 0.019907
0 0.230686 0.160417 0.011024 0.019907
0 0.230686 0.160417 0.011024 0.019907
0 0.230686 0.160417 0.011024 0.019907
0 0.230686 0.160880 0.011024 0.019907
0 0.230686 0.160880 0.011024 0.019907
0 0.230686 0.160880 0.011024 0.019907
0 0.230686 0.160880 0.011024 0.019907
0 0.230686 0.160880 0.011024 0.019907
0 0.230686 0.161343 0.011024 0.019907
0 0.230686 0.160880 0.011024 0.019907
0 0.230686 0.160880 0.011024 0.019907
0 0.230686 0.160880 0.011024 0.019907
0 0.230686 0.160880 0.011024 0.019907
0 0.230903 0.160880 0.010937 0.019907
0 0.230903 0.160417 0.010937 0.019907
0 0.230903 0.160417 0.010937 0.019907
0 0.230903 0.160417 0.010937 0.019907
0 0.230903 0.160417 0.010937 0.019907
0 0.231163 0.160417 0.010937 0.019907
0 0.231163 0.159954 0.010937 0.019907
0 0.231163 0.159954 0.010937 0.019907
0 0.231163 0.159954 0.010937 0.019907
0 0.231424 0.159954 0.010937 0.019907
0 0.231424 0.159954 0.010937 0.019907
0 0.231424 0.159954 0.010937 0.019907
0 0.231641 0.159954 0.011024 0.019907
0 0.231641 0.159954 0.011024 0.019907
0 0.231641 0.159954 0.011024 0.019907
0 0.231901 0.159954 0.011024 0.019907
0 0.231641 0.160417 0.011024 0.019907
0 0.231641 0.160880 0.011024 0.019907
0 0.231641 0.161343 0.011024 0.019907
0 0.231641 0.161728 0.011024 0.020062
0 0.231641 0.162191 0.011024 0.020062
0 0.231641 0.162577 0.011024 0.019907
0 0.231641 0.163040 0.011024 0.019907
0 0.231641 0.163503 0.011024 0.019907
0 0.231641 0.163889 0.011024 0.020062
0 0.231641 0.164352 0.011024 0.020062
0 0.231641 0.164352 0.011024 0.020062
0 0.231641 0.164352 0.011024 0.020062
0 0.231641 0.164352 0.011024 0.020062
0 0.231641 0.164352 0.011024 0.020062
0 0.231641 0.164352 0.011024 0.020062
0 0.231641 0.164352 0.011024 0.020062
0 0.231641 0.164352 0.011024 0.020062
0 0.231641 0.164352 0.011024 0.020062
0 0.231641 0.164352 0.011024 0.020062
0 0.231641 0.164352 0.011024 0.020062
0 0.231641 0.164352 0.011024 0.020062
0 0.231641 0.164738 0.011024 0.019907
0 0.231641 0.165201 0.011024 0.019907
0 0.231641 0.165664 0.011024 0.019907
0 0.231641 0.166127 0.011024 0.019907
0 0.231641 0.166512 0.011024 0.020062
0 0.231641 0.166898 0.011024 0.019907
0 0.231641 0.167361 0.011024 0.019907
0 0.231641 0.167824 0.011024 0.019907
0 0.231641 0.168287 0.011024 0.019907
0 0.231641 0.168673 0.011024 0.020062
0 0.231901 0.169522 0.011024 0.019907
0 0.232161 0.169985 0.011024 0.019907
0 0.232378 0.170833 0.010937 0.020062
0 0.232639 0.171682 0.010937 0.019907
0 0.232856 0.172145 0.011024 0.019907
0 0.233116 0.172994 0.011024 0.020062
0 0.233377 0.173457 0.011024 0.020062
0 0.233594 0.174306 0.010937 0.019907
0 0.233854 0.175231 0.010937 0.019907
0 0.234115 0.174769 0.010937 0.019907
0 0.234332 0.174769 0.011024 0.019907
0 0.234592 0.174769 0.011024 0.019907
0 0.234809 0.174769 0.010937 0.019907
0 0.235069 0.174769 0.010937 0.019907
0 0.235330 0.174306 0.010937 0.019907
0 0.235547 0.174306 0.011024 0.019907
0 0.235807 0.174306 0.011024 0.019907
0 0.236068 0.174306 0.011024 0.019907
0 0.236545 0.174306 0.010937 0.019907
0 0.236415 0.174074 0.010677 0.020370
0 0.236328 0.174306 0.010503 0.020833
0 0.236198 0.174537 0.010243 0.021296
0 0.236068 0.174537 0.009983 0.021296
0 0.236068 0.174769 0.009983 0.021759
0 0.235937 0.174923 0.009722 0.022068
0 0.235807 0.174923 0.009462 0.022068
0 0.235677 0.175154 0.009201 0.022531
0 0.235590 0.175386 0.009028 0.022994
0 0.235590 0.175617 0.009028 0.023457
0 0.235590 0.175617 0.009028 0.023457
0 0.235590 0.175617 0.009028 0.023457
0 0.235590 0.175617 0.009028 0.023457
0 0.235590 0.175617 0.009028 0.023457
0 0.235590 0.175617 0.009028 0.023457
0 0.235590 0.175617 0.009028 0.023457
0 0.235590 0.175617 0.009028 0.023457
0 0.235590 0.175617 0.009028 0.023457
0 0.235590 0.175617 0.009028 0.023457
0 0.235590 0.175617 0.009028 0.023457
0 0.235200 0.175154 0.008767 0.023457
0 0.235069 0.174923 0.008507 0.022994
0 0.234939 0.174460 0.008247 0.022994
0 0.234722 0.174460 0.007812 0.022994
0 0.234592 0.174151 0.007552 0.022994
0 0.234332 0.173920 0.007552 0.022531
0 0.234115 0.173688 0.007118 0.022994
0 0.233984 0.173457 0.006858 0.022531
0 0.233854 0.172994 0.006597 0.022531
0 0.233724 0.172994 0.006337 0.022531
0 0.232509 0.172531 0.006337 0.022531
0 0.231293 0.172145 0.006337 0.022685
0 0.230078 0.172145 0.006337 0.022685
0 0.228863 0.171759 0.006337 0.022531
0 0.227908 0.171759 0.006337 0.022531
0 0.226649 0.171296 0.006424 0.022531
0 0.225434 0.170833 0.006424 0.022531
0 0.224175 0.170833 0.006337 0.022531
0 0.222960 0.170370 0.006337 0.022531
0 0.222005 0.170370 0.006337 0.022531
0 0.220095 0.169599 0.006337 0.022531
0 0.218099 0.169136 0.006337 0.022531
0 0.216189 0.168673 0.006337 0.022531
0 0.214453 0.168210 0.006337 0.022531
0 0.212500 0.167747 0.006424 0.022531
0 0.210547 0.166975 0.006337 0.022531
0 0.208811 0.166512 0.006337 0.022531
0 0.206901 0.166049 0.006337 0.022531
0 0.204905 0.165586 0.006337 0.022531
0 0.203255 0.165201 0.006337 0.022685
0 0.201780 0.164815 0.006337 0.022531
0 0.200304 0.164352 0.006337 0.022531
0 0.198828 0.164120 0.006337 0.022994
0 0.197613 0.163657 0.006337 0.022994
0 0.196137 0.163657 0.006337 0.022994
0 0.194661 0.163194 0.006337 0.022994
0 0.193446 0.162886 0.006337 0.022994
0 0.191970 0.162654 0.006337 0.023457
0 0.190538 0.162191 0.006424 0.023457
0 0.189280 0.162191 0.006337 0.023457
0 0.188845 0.161960 0.006858 0.022994
0 0.188455 0.161960 0.007118 0.022994
0 0.187977 0.161728 0.007552 0.022531
0 0.187587 0.161728 0.007812 0.022531
0 0.187109 0.161497 0.008247 0.022068
0 0.186762 0.161728 0.008594 0.021605
0 0.186285 0.161574 0.009028 0.021296
0 0.185894 0.161574 0.009288 0.021296
0 0.185417 0.161343 0.009722 0.020833
0 0.185026 0.161343 0.009983 0.020833
