0 0.109158 0.083410 0.005122 0.016821
0 0.109852 0.083025 0.005122 0.016975
0 0.110634 0.083025 0.005122 0.016975
0 0.111328 0.083025 0.005122 0.016975
0 0.112109 0.083025 0.005122 0.016975
0 0.112804 0.083025 0.005122 0.016975
0 0.113585 0.083025 0.005122 0.016975
0 0.114280 0.083025 0.005122 0.016975
0 0.114974 0.083025 0.005122 0.016975
0 0.115755 0.083025 0.005122 0.016975
0 0.116710 0.083025 0.005122 0.016975
0 0.117491 0.082562 0.005122 0.016975
0 0.118186 0.082562 0.005122 0.016975
0 0.118880 0.082562 0.005122 0.016975
0 0.119661 0.082330 0.005122 0.016512
0 0.120486 0.082330 0.004861 0.016512
0 0.121267 0.082330 0.004861 0.016512
0 0.121962 0.082099 0.004861 0.016049
0 0.122700 0.082099 0.004948 0.016049
0 0.123437 0.082099 0.004861 0.016049
0 0.124392 0.082099 0.004861 0.016049
0 0.125130 0.081636 0.004948 0.016049
0 0.125868 0.081636 0.004861 0.016049
0 0.126823 0.081636 0.004861 0.016049
0 0.127604 0.081327 0.004861 0.016049
0 0.128559 0.081327 0.004861 0.016049
0 0.129297 0.081327 0.004948 0.016049
0 0.130035 0.080864 0.004861 0.016049
0 0.130990 0.080864 0.004861 0.016049
0 0.131727 0.080864 0.004948 0.016049
0 0.132726 0.080864 0.004861 0.016049
0 0.132943 0.080401 0.004948 0.016049
0 0.133420 0.080170 0.004861 0.015586
0 0.133941 0.080170 0.004861 0.015586
0 0.134288 0.079938 0.004687 0.015123
0 0.134766 0.079938 0.004601 0.015123
0 0.135286 0.079552 0.004601 0.015278
0 0.135634 0.079321 0.004427 0.014815
0 0.136111 0.079321 0.004340 0.014815
0 0.136589 0.079090 0.004427 0.014352
0 0.137109 0.079090 0.004427 0.014352
0 0.137109 0.078627 0.004427 0.014352
0 0.137109 0.078627 0.004427 0.014352
0 0.137109 0.078472 0.004427 0.014660
0 0.137240 0.078472 0.004167 0.014660
0 0.137240 0.078241 0.004167 0.015123
0 0.137240 0.078009 0.004167 0.014660
0 0.137370 0.077778 0.003906 0.015123
0 0.137370 0.077778 0.003906 0.015123
0 0.137370 0.077546 0.003906 0.015586
0 0.137543 0.077546 0.003906 0.015586
0 0.137370 0.077315 0.003906 0.016049
0 0.137370 0.077315 0.003906 0.016049
0 0.137370 0.077315 0.003906 0.016049
0 0.137240 0.077315 0.003646 0.016049
0 0.137240 0.077315 0.003646 0.016049
0 0.137109 0.077315 0.003906 0.016049
0 0.136979 0.077315 0.003646 0.016049
0 0.136979 0.077315 0.003646 0.016049
0 0.136979 0.077315 0.003646 0.016049
0 0.136979 0.077315 0.003646 0.016049
0 0.136719 0.076852 0.003646 0.016049
0 0.136719 0.076852 0.003646 0.016049
0 0.136719 0.076852 0.003646 0.016049
0 0.136719 0.076543 0.003646 0.016049
0 0.136719 0.076543 0.003646 0.016049
0 0.136719 0.076543 0.003646 0.016049
0 0.136719 0.076080 0.003646 0.016049
0 0.136719 0.076080 0.003646 0.016049
0 0.136719 0.076080 0.003646 0.016049
0 0.136719 0.076080 0.003646 0.016049
0 0.136589 0.075617 0.003906 0.016049
0 0.136589 0.075617 0.003906 0.016049
0 0.136589 0.075386 0.003906 0.016512
0 0.136589 0.075154 0.003906 0.016049
0 0.136589 0.075154 0.003906 0.016049
0 0.136589 0.074923 0.003906 0.016512
0 0.136589 0.074691 0.003906 0.016049
0 0.136589 0.074537 0.003906 0.016358
0 0.136589 0.074537 0.003906 0.016358
0 0.136589 0.074537 0.003906 0.016358
0 0.136328 0.074151 0.003906 0.016512
0 0.136241 0.074151 0.003733 0.016512
0 0.136024 0.073920 0.003646 0.016049
0 0.136024 0.073688 0.003646 0.016512
0 0.135764 0.073688 0.003646 0.016512
0 0.135634 0.073457 0.003385 0.016049
0 0.135503 0.073225 0.003646 0.016512
0 0.135373 0.072994 0.003385 0.016049
0 0.135156 0.072994 0.003472 0.016049
0 0.135156 0.072994 0.003472 0.016049
0 0.134896 0.072994 0.003472 0.016049
0 0.134896 0.072994 0.003472 0.016049
0 0.134809 0.073225 0.003646 0.015586
0 0.134679 0.073225 0.003385 0.015586
0 0.134679 0.073457 0.003385 0.015123
0 0.134549 0.073457 0.003646 0.015123
0 0.134418 0.073457 0.003385 0.015123
0 0.134288 0.073688 0.003646 0.014660
0 0.134288 0.073688 0.003646 0.014660
0 0.134288 0.074074 0.003646 0.014815
0 0.134158 0.073843 0.003385 0.014352
0 0.134158 0.073843 0.003385 0.013426
0 0.134158 0.073843 0.003385 0.013426
0 0.134158 0.073920 0.003385 0.012654
0 0.134158 0.073920 0.003385 0.012654
0 0.134158 0.073920 0.003385 0.011728
0 0.134158 0.073688 0.003385 0.011265
0 0.134158 0.073920 0.003385 0.010802
0 0.134158 0.073688 0.003385 0.010340
0 0.134158 0.073843 0.003385 0.010031
0 0.134158 0.073843 0.003385 0.010031
0 0.134418 0.073843 0.003385 0.010031
0 0.134418 0.073843 0.003385 0.010031
0 0.134679 0.073843 0.003385 0.010031
0 0.134679 0.073843 0.003385 0.010031
0 0.134896 0.073843 0.003472 0.010031
0 0.134896 0.073843 0.003472 0.010031
0 0.135156 0.073843 0.003472 0.010031
0 0.135156 0.073843 0.003472 0.010031
0 0.135373 0.073843 0.003385 0.010031
0 0.135373 0.073457 0.003385 0.009877
0 0.135634 0.073457 0.003385 0.009877
0 0.135894 0.073457 0.003385 0.009877
0 0.136111 0.073457 0.003472 0.009877
0 0.136372 0.073457 0.003472 0.009877
0 0.136372 0.073457 0.003472 0.009877
0 0.136589 0.073457 0.003385 0.009877
0 0.136849 0.073457 0.003385 0.009877
0 0.137109 0.073457 0.003385 0.009877
0 0.137326 0.073457 0.003472 0.009877
0 0.137326 0.073071 0.003472 0.010031
0 0.137587 0.073071 0.003472 0.010031
0 0.137804 0.073071 0.003385 0.010031
0 0.138064 0.073071 0.003385 0.010031
0 0.138325 0.073071 0.003385 0.010031
0 0.138585 0.073071 0.003385 0.010031
0 0.138802 0.073071 0.003472 0.010031
0 0.139062 0.073071 0.003472 0.010031
0 0.139280 0.073071 0.003385 0.010031
0 0.139540 0.073071 0.003385 0.010031
0 0.139540 0.072608 0.003385 0.010031
0 0.139800 0.072608 0.003385 0.010031
0 0.140017 0.072608 0.003472 0.010031
0 0.140278 0.072608 0.003472 0.010031
0 0.140495 0.072608 0.003385 0.010031
0 0.140755 0.072145 0.003385 0.010031
0 0.141016 0.072145 0.003385 0.010031
0 0.141233 0.072145 0.003472 0.010031
0 0.141493 0.072145 0.003472 0.010031
0 0.141710 0.072145 0.003385 0.010031
0 0.141970 0.071682 0.003385 0.010031
0 0.142491 0.071682 0.003385 0.010031
0 0.142708 0.071682 0.003472 0.010031
0 0.143186 0.071451 0.003385 0.009568
0 0.143576 0.071451 0.003125 0.009568
0 0.143924 0.071451 0.003472 0.009568
0 0.144314 0.071219 0.003212 0.009105
0 0.144661 0.071219 0.003385 0.009105
0 0.145009 0.071219 0.003212 0.009105
0 0.145530 0.071219 0.003212 0.009105
0 0.146007 0.070910 0.003125 0.009105
0 0.146484 0.070910 0.003212 0.009105
0 0.146962 0.070910 0.003125 0.009105
0 0.147483 0.070910 0.003125 0.009105
0 0.147960 0.070910 0.003212 0.009105
0 0.148438 0.070910 0.003125 0.009105
0 0.148915 0.070910 0.003212 0.009105
0 0.149436 0.070910 0.003212 0.009105
0 0.149913 0.070910 0.003125 0.009105
0 0.150651 0.070910 0.003212 0.009105
0 0.150651 0.070448 0.003212 0.009105
0 0.150868 0.070448 0.003125 0.009105
0 0.151128 0.070448 0.003125 0.009105
0 0.151128 0.070448 0.003125 0.009105
0 0.151389 0.070448 0.003125 0.009105
0 0.151606 0.069985 0.003212 0.009105
0 0.151866 0.069985 0.003212 0.009105
0 0.151866 0.069985 0.003212 0.009105
0 0.152127 0.069985 0.003212 0.009105
0 0.152344 0.069985 0.003125 0.009105
