0 0.155642 0.066667 0.003472 0.018210
0 0.155642 0.066667 0.003472 0.018210
0 0.155642 0.066667 0.003472 0.018210
0 0.155859 0.066667 0.003385 0.018210
0 0.155859 0.066667 0.003385 0.018210
0 0.156120 0.066667 0.003385 0.018210
0 0.156120 0.066667 0.003385 0.018210
0 0.156120 0.066667 0.003385 0.018210
0 0.156380 0.066667 0.003385 0.018210
0 0.156380 0.066667 0.003385 0.018210
0 0.156641 0.066667 0.003385 0.018210
0 0.156641 0.066667 0.003385 0.018210
0 0.156858 0.066667 0.003472 0.018210
0 0.156858 0.066667 0.003472 0.018210
0 0.157118 0.066667 0.003472 0.018210
0 0.157335 0.066667 0.003385 0.018210
0 0.157335 0.066667 0.003385 0.018210
0 0.157595 0.066667 0.003385 0.018210
0 0.157595 0.066667 0.003385 0.018210
0 0.157856 0.066667 0.003385 0.018210
0 0.158073 0.066667 0.003472 0.018210
0 0.158203 0.066512 0.003733 0.017901
0 0.158420 0.066512 0.003646 0.017901
0 0.158681 0.066512 0.003646 0.017901
0 0.158941 0.066512 0.004167 0.017901
0 0.159201 0.066512 0.004167 0.017901
0 0.159418 0.066512 0.004080 0.017901
0 0.159679 0.066512 0.004601 0.017901
0 0.159896 0.066512 0.004687 0.017901
0 0.160156 0.066512 0.004687 0.017901
0 0.160503 0.066512 0.004861 0.017901
0 0.160764 0.066512 0.004861 0.017901
0 0.161155 0.066512 0.004601 0.017901
0 0.161502 0.066512 0.004427 0.017901
0 0.161762 0.066512 0.004427 0.017901
0 0.162109 0.066667 0.004080 0.018210
0 0.162457 0.066667 0.003906 0.018210
0 0.162717 0.066667 0.003906 0.018210
0 0.163108 0.066667 0.003646 0.018210
0 0.163455 0.066667 0.003472 0.018210
0 0.163932 0.067130 0.003385 0.018210
0 0.163932 0.067130 0.003385 0.018210
0 0.164193 0.067130 0.003385 0.018210
0 0.164453 0.067130 0.003385 0.018210
0 0.164670 0.067130 0.003472 0.018210
0 0.164931 0.067130 0.003472 0.018210
0 0.164931 0.067130 0.003472 0.018210
0 0.165148 0.067130 0.003385 0.018210
0 0.165408 0.067130 0.003385 0.018210
0 0.165668 0.067130 0.003385 0.018210
0 0.165885 0.067130 0.003472 0.018210
0 0.165885 0.067130 0.003472 0.018210
0 0.166146 0.067130 0.003472 0.018210
0 0.166363 0.067130 0.003385 0.018210
0 0.166493 0.067130 0.003646 0.018210
0 0.166753 0.067130 0.003646 0.018210
0 0.166884 0.067130 0.003385 0.018210
0 0.167014 0.067130 0.003646 0.018210
0 0.167231 0.067130 0.003733 0.018210
0 0.167448 0.067130 0.003646 0.018210
0 0.167708 0.067593 0.003646 0.018210
0 0.167969 0.067593 0.003646 0.018210
0 0.168490 0.067593 0.003646 0.018210
0 0.168663 0.067593 0.003646 0.018210
0 0.169184 0.067593 0.003646 0.018210
0 0.169705 0.067593 0.003646 0.018210
0 0.169922 0.067593 0.003733 0.018210
0 0.170399 0.067593 0.003646 0.018210
0 0.170660 0.067593 0.003646 0.018210
0 0.171137 0.067593 0.003733 0.018210
0 0.171615 0.067593 0.003646 0.018210
0 0.171615 0.067593 0.003646 0.018210
0 0.171875 0.067593 0.003646 0.018210
0 0.172135 0.067593 0.003646 0.018210
0 0.172352 0.067593 0.003733 0.018210
0 0.172569 0.067593 0.003646 0.018210
0 0.172830 0.067593 0.003646 0.018210
0 0.173090 0.067593 0.003646 0.018210
0 0.173351 0.067593 0.003646 0.018210
0 0.173611 0.067593 0.003646 0.018210
0 0.173828 0.067593 0.003733 0.018210
0 0.173828 0.067593 0.003733 0.018210
0 0.173828 0.067593 0.003733 0.018210
0 0.174045 0.067593 0.003646 0.018210
0 0.174045 0.067593 0.003646 0.018210
0 0.174306 0.067593 0.003646 0.018210
0 0.174306 0.067593 0.003646 0.018210
0 0.174306 0.067593 0.003646 0.018210
0 0.174566 0.067593 0.003646 0.018210
0 0.174566 0.067593 0.003646 0.018210
0 0.174826 0.067593 0.003646 0.018210
0 0.174566 0.067593 0.003646 0.018210
0 0.174566 0.067593 0.003646 0.018210
0 0.174566 0.067593 0.003646 0.018210
0 0.174436 0.067593 0.003385 0.018210
0 0.174436 0.067593 0.003385 0.018210
0 0.174306 0.067593 0.003646 0.018210
0 0.174175 0.067593 0.003385 0.018210
0 0.174175 0.067593 0.003385 0.018210
0 0.174175 0.067593 0.003385 0.018210
0 0.174175 0.067593 0.003385 0.018210
0 0.173698 0.067593 0.003472 0.018210
0 0.173481 0.067593 0.003385 0.018210
0 0.173090 0.067593 0.003646 0.018210
0 0.172700 0.067593 0.003385 0.018210
0 0.172483 0.067593 0.003472 0.018210
0 0.172135 0.067593 0.003646 0.018210
0 0.171745 0.067593 0.003385 0.018210
0 0.171354 0.067593 0.003646 0.018210
0 0.171137 0.067593 0.003733 0.018210
0 0.170920 0.067593 0.003646 0.018210
0 0.170399 0.067593 0.003646 0.018210
0 0.169922 0.067593 0.003733 0.018210
0 0.169705 0.067824 0.003646 0.018673
0 0.169184 0.067824 0.003646 0.018673
0 0.168924 0.068287 0.003646 0.018673
0 0.168490 0.068287 0.003646 0.018673
0 0.167969 0.068287 0.003646 0.018673
0 0.167708 0.068519 0.003646 0.019136
0 0.167231 0.068519 0.003733 0.019136
0 0.167014 0.068904 0.003646 0.018981
0 0.166016 0.068904 0.003733 0.018981
0 0.165278 0.068904 0.003646 0.018981
0 0.164583 0.068904 0.003646 0.018981
0 0.163802 0.068904 0.003646 0.018981
0 0.163108 0.068904 0.003646 0.018981
0 0.162326 0.068904 0.003646 0.018981
0 0.161632 0.068904 0.003646 0.018981
0 0.160894 0.068904 0.003733 0.018981
0 0.160156 0.068904 0.003646 0.018981
0 0.159418 0.068904 0.003733 0.018981
0 0.158681 0.068904 0.003646 0.018981
0 0.158203 0.068904 0.003733 0.018981
0 0.157465 0.068904 0.003646 0.018981
0 0.156988 0.068904 0.003733 0.018981
0 0.156250 0.068904 0.003646 0.018981
0 0.155729 0.068904 0.003646 0.018981
0 0.155035 0.068904 0.003646 0.018981
0 0.154514 0.068904 0.003646 0.018981
0 0.153819 0.068904 0.003646 0.018981
0 0.153299 0.068904 0.003646 0.018981
0 0.152344 0.068904 0.003646 0.018981
0 0.151649 0.068904 0.003646 0.018981
0 0.150868 0.068904 0.003646 0.018981
0 0.150043 0.069290 0.003385 0.019136
0 0.149306 0.069290 0.003472 0.019136
0 0.148438 0.069290 0.003646 0.019136
0 0.147613 0.069753 0.003385 0.019136
0 0.146832 0.069753 0.003385 0.019136
0 0.146137 0.069753 0.003385 0.019136
0 0.145399 0.070216 0.003472 0.019136
0 0.144531 0.070216 0.003646 0.019136
0 0.143837 0.070216 0.003646 0.019136
0 0.143056 0.070216 0.003646 0.019136
0 0.142361 0.070216 0.003646 0.019136
0 0.141580 0.070679 0.003646 0.019136
0 0.140885 0.070679 0.003646 0.019136
0 0.140148 0.070679 0.003733 0.019136
0 0.139410 0.070679 0.003646 0.019136
0 0.138715 0.070679 0.003646 0.019136
0 0.137934 0.071065 0.003646 0.018981
0 0.136979 0.071065 0.003646 0.018981
0 0.136024 0.071065 0.003646 0.018981
0 0.135026 0.071065 0.003733 0.018981
0 0.134158 0.071065 0.003385 0.018981
0 0.133333 0.071065 0.003646 0.018981
0 0.132335 0.071065 0.003733 0.018981
0 0.131467 0.071065 0.003385 0.018981
0 0.130512 0.071065 0.003385 0.018981
0 0.129557 0.071065 0.003385 0.018981
0 0.128776 0.071451 0.003385 0.019136
0 0.128299 0.071451 0.003472 0.019136
0 0.127821 0.071914 0.003385 0.019136
0 0.127344 0.071914 0.003472 0.019136
0 0.127083 0.072377 0.003472 0.019136
0 0.126606 0.072377 0.003385 0.019136
0 0.126128 0.072840 0.003472 0.019136
0 0.125651 0.072840 0.003385 0.019136
0 0.125391 0.073225 0.003385 0.018981
0 0.124870 0.073225 0.003385 0.018981
0 0.124392 0.073688 0.003472 0.018981
