0 0.054167 0.276929 0.010243 0.022068
0 0.054731 0.275617 0.010503 0.022222
0 0.055339 0.274769 0.010677 0.022068
0 0.055946 0.273457 0.011024 0.022222
0 0.056554 0.272608 0.011198 0.022068
0 0.057205 0.271528 0.011458 0.021759
0 0.057769 0.270448 0.011719 0.022068
0 0.058420 0.269290 0.011979 0.021605
0 0.059028 0.268210 0.012153 0.022222
0 0.059635 0.267130 0.012500 0.021605
0 0.060503 0.266281 0.012674 0.021759
0 0.061328 0.264969 0.012413 0.021605
0 0.062196 0.264120 0.012240 0.021759
0 0.063021 0.263040 0.011979 0.022068
0 0.063889 0.261960 0.011632 0.021759
0 0.065017 0.260880 0.011458 0.022068
0 0.065842 0.259954 0.011198 0.022068
0 0.066710 0.258719 0.011024 0.022068
0 0.067535 0.257793 0.010764 0.022068
0 0.068403 0.256790 0.010417 0.022531
0 0.069531 0.255864 0.010243 0.022531
0 0.070226 0.255015 0.010243 0.022685
0 0.071181 0.254167 0.010243 0.022531
0 0.072222 0.253241 0.010243 0.022531
0 0.073177 0.252392 0.010243 0.022685
0 0.074132 0.251543 0.010243 0.022531
0 0.074870 0.250617 0.010330 0.022531
0 0.075868 0.249846 0.010243 0.022531
0 0.076823 0.248920 0.010243 0.022531
0 0.077778 0.248071 0.010243 0.022685
0 0.078776 0.247685 0.010330 0.022531
0 0.079644 0.246296 0.009983 0.022531
0 0.080599 0.245525 0.009462 0.022531
0 0.081467 0.244599 0.009288 0.022531
0 0.082552 0.243673 0.009028 0.022531
0 0.083550 0.242901 0.008594 0.022531
0 0.084375 0.241744 0.008333 0.022068
0 0.085460 0.240895 0.008073 0.022222
0 0.086372 0.240046 0.007812 0.022068
0 0.087326 0.239198 0.007292 0.022222
0 0.088411 0.238349 0.007031 0.022068
0 0.089149 0.237423 0.007118 0.022068
0 0.089887 0.236960 0.007031 0.022068
0 0.090625 0.236111 0.007118 0.022222
0 0.091363 0.235725 0.007031 0.022068
0 0.092057 0.235262 0.007031 0.022068
0 0.092795 0.234414 0.007118 0.022222
0 0.093533 0.233951 0.007031 0.022222
0 0.094271 0.233102 0.007118 0.022068
0 0.095009 0.232639 0.007031 0.022068
0 0.095747 0.232253 0.007118 0.022222
0 0.096354 0.231404 0.007292 0.022068
0 0.096918 0.230941 0.007552 0.022068
0 0.097700 0.230478 0.008073 0.022068
0 0.098307 0.229861 0.008247 0.021759
0 0.099132 0.229398 0.008507 0.021759
0 0.099783 0.228781 0.008767 0.022068
0 0.100347 0.228086 0.009028 0.021605
0 0.101128 0.227701 0.009549 0.021759
0 0.101736 0.227238 0.009722 0.021759
0 0.102561 0.226775 0.009983 0.021759
0 0.102561 0.225926 0.009983 0.021605
0 0.102821 0.225540 0.009983 0.021759
0 0.103082 0.224614 0.009983 0.021759
0 0.103299 0.224228 0.010069 0.021605
0 0.103516 0.223765 0.009983 0.021605
0 0.103516 0.222917 0.009983 0.021759
0 0.103776 0.222454 0.009983 0.021759
0 0.104036 0.221605 0.009983 0.021605
0 0.104297 0.221142 0.009983 0.021605
0 0.104514 0.220756 0.010069 0.021759
0 0.104644 0.220293 0.009809 0.021759
0 0.105035 0.219830 0.009549 0.021759
0 0.105165 0.219444 0.009288 0.021605
0 0.105469 0.218981 0.009028 0.021605
0 0.105599 0.218981 0.008767 0.021605
0 0.105990 0.218596 0.008507 0.021759
0 0.106120 0.218133 0.008247 0.021759
0 0.106467 0.217670 0.008073 0.021759
0 0.106597 0.217284 0.007812 0.021605
0 0.106988 0.217284 0.007552 0.021605
0 0.106988 0.216435 0.007552 0.021759
0 0.107205 0.215972 0.007639 0.021759
0 0.107422 0.215123 0.007552 0.021605
0 0.107682 0.214660 0.007552 0.021605
0 0.107943 0.213812 0.007552 0.021759
0 0.108203 0.213349 0.007552 0.021759
0 0.108420 0.212500 0.007639 0.021605
0 0.108637 0.212037 0.007552 0.021605
0 0.108898 0.211188 0.007552 0.021759
0 0.109158 0.210725 0.007552 0.021759
0 0.109158 0.210725 0.007552 0.021759
0 0.109158 0.210725 0.007552 0.021759
0 0.109158 0.210725 0.007552 0.021759
0 0.109158 0.210725 0.007552 0.021759
0 0.109288 0.211188 0.007292 0.021759
0 0.109288 0.211188 0.007292 0.021759
0 0.109288 0.211188 0.007292 0.021759
0 0.109288 0.211188 0.007292 0.021759
0 0.109288 0.211188 0.007292 0.021759
0 0.109549 0.211651 0.007292 0.021759
0 0.109766 0.211188 0.007378 0.021759
0 0.110243 0.210725 0.007292 0.021759
0 0.110764 0.210340 0.007292 0.021605
0 0.110981 0.209877 0.007378 0.021605
0 0.111458 0.209877 0.007292 0.021605
0 0.111979 0.209491 0.007292 0.021759
0 0.112196 0.209028 0.007378 0.021759
0 0.112674 0.208565 0.007292 0.021759
0 0.113194 0.208179 0.007292 0.021605
0 0.113672 0.208179 0.007378 0.021605
0 0.114149 0.208179 0.007292 0.021605
0 0.114670 0.208179 0.007292 0.021605
0 0.115148 0.208179 0.007378 0.021605
0 0.115625 0.208179 0.007292 0.021605
0 0.116363 0.208179 0.007378 0.021605
0 0.116840 0.208179 0.007292 0.021605
0 0.117318 0.208179 0.007378 0.021605
0 0.117795 0.208179 0.007292 0.021605
0 0.118316 0.208179 0.007292 0.021605
0 0.119010 0.208179 0.007292 0.021605
0 0.119010 0.207716 0.007292 0.021605
0 0.119010 0.207253 0.007292 0.021605
0 0.119010 0.206867 0.007292 0.021759
0 0.119010 0.206404 0.007292 0.021759
0 0.119141 0.206019 0.007552 0.021605
0 0.119141 0.205556 0.007552 0.021605
0 0.119141 0.205093 0.007552 0.021605
0 0.119141 0.204707 0.007552 0.021759
0 0.119141 0.204244 0.007552 0.021759
0 0.119401 0.204244 0.007552 0.021759
0 0.118880 0.204244 0.007552 0.021759
0 0.118707 0.204244 0.007552 0.021759
0 0.118186 0.204244 0.007552 0.021759
0 0.117925 0.204244 0.007552 0.021759
0 0.117448 0.204244 0.007639 0.021759
0 0.117231 0.204244 0.007552 0.021759
0 0.116710 0.204244 0.007552 0.021759
0 0.116450 0.204244 0.007552 0.021759
0 0.116016 0.204244 0.007552 0.021759
0 0.115755 0.204707 0.007552 0.021759
0 0.115234 0.204244 0.007552 0.021759
0 0.115017 0.204244 0.007639 0.021759
0 0.114800 0.204244 0.007552 0.021759
0 0.114280 0.204244 0.007552 0.021759
0 0.114019 0.204244 0.007552 0.021759
0 0.113759 0.204244 0.007552 0.021759
0 0.113325 0.204244 0.007552 0.021759
0 0.113064 0.204244 0.007552 0.021759
0 0.112804 0.204244 0.007552 0.021759
0 0.112543 0.204244 0.007552 0.021759
0 0.112109 0.204244 0.007552 0.021759
0 0.111719 0.204244 0.007812 0.021759
0 0.111458 0.204244 0.007812 0.021759
0 0.111024 0.204244 0.007812 0.021759
0 0.110764 0.204475 0.007812 0.021296
0 0.110373 0.204475 0.008073 0.021296
0 0.109896 0.204475 0.007986 0.021296
0 0.109635 0.204475 0.007986 0.021296
0 0.109288 0.204475 0.008333 0.021296
0 0.109028 0.204707 0.008333 0.020833
0 0.108420 0.204475 0.007986 0.021296
0 0.107943 0.204475 0.008073 0.021296
0 0.107422 0.204475 0.008073 0.021296
0 0.106858 0.204475 0.007812 0.021296
0 0.106337 0.204475 0.007812 0.021296
0 0.105903 0.204244 0.007812 0.021759
0 0.105252 0.204244 0.007552 0.021759
0 0.104731 0.204244 0.007552 0.021759
0 0.104297 0.204244 0.007552 0.021759
0 0.103906 0.204244 0.007292 0.021759
0 0.103646 0.203781 0.007292 0.021759
0 0.103646 0.203781 0.007292 0.021759
0 0.103516 0.203781 0.007552 0.021759
0 0.103429 0.203781 0.007378 0.021759
0 0.103429 0.203781 0.007378 0.021759
0 0.103299 0.203781 0.007639 0.021759
0 0.103168 0.203781 0.007378 0.021759
0 0.103082 0.203781 0.007552 0.021759
0 0.103082 0.203781 0.007552 0.021759
0 0.103082 0.203781 0.007552 0.021759
