0 0.277648 0.208333 0.009809 0.029012
0 0.277648 0.207948 0.009809 0.029167
0 0.277908 0.207948 0.009809 0.029167
0 0.278125 0.207948 0.009722 0.029167
0 0.278385 0.207948 0.009722 0.029167
0 0.278646 0.207948 0.009722 0.029167
0 0.278646 0.207948 0.009722 0.029167
0 0.278863 0.207948 0.009809 0.029167
0 0.279123 0.207948 0.009809 0.029167
0 0.279340 0.207948 0.009722 0.029167
0 0.279601 0.207948 0.009722 0.029167
0 0.279861 0.207485 0.009722 0.029167
0 0.280078 0.207485 0.009809 0.029167
0 0.280339 0.207485 0.009809 0.029167
0 0.280816 0.207099 0.009722 0.029012
0 0.281076 0.207099 0.009722 0.029012
0 0.281337 0.207099 0.009722 0.029012
0 0.281814 0.206636 0.009809 0.029012
0 0.282031 0.206636 0.009722 0.029012
0 0.282292 0.206636 0.009722 0.029012
0 0.282769 0.206636 0.009809 0.029012
0 0.282769 0.206636 0.009809 0.029012
0 0.282769 0.206636 0.009809 0.029012
0 0.282769 0.206636 0.009809 0.029012
0 0.282769 0.206636 0.009809 0.029012
0 0.283030 0.206636 0.009809 0.029012
0 0.283030 0.206636 0.009809 0.029012
0 0.283030 0.206636 0.009809 0.029012
0 0.283030 0.206636 0.009809 0.029012
0 0.283030 0.206636 0.009809 0.029012
0 0.283247 0.206636 0.009722 0.029012
0 0.283767 0.206636 0.009722 0.029012
0 0.284245 0.206636 0.009809 0.029012
0 0.284722 0.206636 0.009722 0.029012
0 0.285200 0.206636 0.009809 0.029012
0 0.285720 0.206636 0.009809 0.029012
0 0.286198 0.206636 0.009722 0.029012
0 0.286675 0.206636 0.009809 0.029012
0 0.287153 0.206636 0.009722 0.029012
0 0.287674 0.206636 0.009722 0.029012
0 0.288151 0.207099 0.009809 0.029012
0 0.288151 0.207099 0.009809 0.029012
0 0.288151 0.207099 0.009809 0.029012
0 0.288151 0.207099 0.009809 0.029012
0 0.288151 0.207099 0.009809 0.029012
0 0.288151 0.207099 0.009809 0.029012
0 0.288151 0.207099 0.009809 0.029012
0 0.288151 0.207099 0.009809 0.029012
0 0.288151 0.207099 0.009809 0.029012
0 0.288151 0.207099 0.009809 0.029012
0 0.288151 0.207099 0.009809 0.029012
0 0.288889 0.207099 0.009722 0.029012
0 0.289627 0.207099 0.009809 0.029012
0 0.290365 0.207099 0.009722 0.029012
0 0.291059 0.207099 0.009722 0.029012
0 0.291797 0.207485 0.009809 0.029167
0 0.292535 0.207485 0.009722 0.029167
0 0.293273 0.207485 0.009809 0.029167
0 0.294010 0.207485 0.009722 0.029167
0 0.294748 0.207485 0.009809 0.029167
0 0.295703 0.207948 0.009809 0.029167
0 0.295703 0.207948 0.009809 0.029167
0 0.295703 0.207948 0.009809 0.029167
0 0.295964 0.207948 0.009809 0.029167
0 0.295964 0.207948 0.009809 0.029167
0 0.296181 0.207948 0.009722 0.029167
0 0.296181 0.207948 0.009722 0.029167
0 0.296181 0.207948 0.009722 0.029167
0 0.296441 0.207948 0.009722 0.029167
0 0.296441 0.207948 0.009722 0.029167
0 0.296701 0.207948 0.009722 0.029167
0 0.296701 0.207099 0.009722 0.029012
0 0.296918 0.206636 0.009809 0.029012
0 0.296918 0.206173 0.009809 0.029012
0 0.297179 0.205787 0.009809 0.029167
0 0.297179 0.205324 0.009809 0.029167
0 0.297396 0.204938 0.009722 0.029012
0 0.297396 0.204475 0.009722 0.029012
0 0.297656 0.204012 0.009722 0.029012
0 0.297656 0.203549 0.009722 0.029012
0 0.297917 0.203164 0.009722 0.029167
0 0.297656 0.203164 0.009722 0.029167
0 0.297656 0.203164 0.009722 0.029167
0 0.297656 0.203164 0.009722 0.029167
0 0.297656 0.203164 0.009722 0.029167
0 0.297656 0.203164 0.009722 0.029167
0 0.297396 0.203164 0.009722 0.029167
0 0.297396 0.203164 0.009722 0.029167
0 0.297396 0.203164 0.009722 0.029167
0 0.297396 0.203164 0.009722 0.029167
0 0.297396 0.203164 0.009722 0.029167
0 0.297917 0.202778 0.009722 0.029012
0 0.298655 0.202315 0.009809 0.029012
0 0.299392 0.202315 0.009722 0.029012
0 0.299870 0.201852 0.009809 0.029012
0 0.300608 0.201852 0.009722 0.029012
0 0.301302 0.201389 0.009722 0.029012
0 0.301823 0.201003 0.009722 0.029167
0 0.302561 0.201003 0.009809 0.029167
0 0.303299 0.200540 0.009722 0.029167
0 0.303993 0.200540 0.009722 0.029167
0 0.303993 0.200540 0.009722 0.029167
0 0.303993 0.200540 0.009722 0.029167
0 0.303993 0.200540 0.009722 0.029167
0 0.303993 0.200540 0.009722 0.029167
0 0.303993 0.200540 0.009722 0.029167
0 0.303993 0.200540 0.009722 0.029167
0 0.303993 0.200540 0.009722 0.029167
0 0.303993 0.200540 0.009722 0.029167
0 0.303993 0.200540 0.009722 0.029167
0 0.303993 0.200540 0.009722 0.029167
0 0.305208 0.200154 0.009722 0.029012
0 0.306424 0.200154 0.009722 0.029012
0 0.307682 0.200154 0.009809 0.029012
0 0.309115 0.199691 0.009722 0.029012
0 0.310330 0.199691 0.009722 0.029012
0 0.311589 0.199691 0.009809 0.029012
0 0.313021 0.199228 0.009722 0.029012
0 0.314236 0.199228 0.009722 0.029012
0 0.315495 0.199228 0.009809 0.029012
0 0.316927 0.199228 0.009722 0.029012
0 0.317187 0.198843 0.009722 0.029167
0 0.317448 0.198843 0.009722 0.029167
0 0.317665 0.198380 0.009809 0.029167
0 0.317925 0.198380 0.009809 0.029167
0 0.318403 0.198380 0.009722 0.029167
0 0.318663 0.197994 0.009722 0.029012
0 0.318880 0.197994 0.009809 0.029012
0 0.319141 0.197531 0.009809 0.029012
0 0.319358 0.197531 0.009722 0.029012
0 0.319878 0.197531 0.009722 0.029012
0 0.320356 0.197068 0.009809 0.029012
0 0.321094 0.197068 0.009722 0.029012
0 0.321832 0.197068 0.009809 0.029012
0 0.322569 0.196682 0.009722 0.029167
0 0.323264 0.196682 0.009722 0.029167
0 0.323785 0.196682 0.009722 0.029167
0 0.324523 0.196219 0.009809 0.029167
0 0.325260 0.196219 0.009722 0.029167
0 0.325955 0.196219 0.009722 0.029167
0 0.326693 0.196219 0.009809 0.029167
0 0.326823 0.195833 0.009549 0.029012
0 0.327214 0.195833 0.009288 0.029012
0 0.327344 0.195833 0.009028 0.029012
0 0.327648 0.195833 0.008767 0.029012
0 0.328038 0.195833 0.008507 0.029012
0 0.328168 0.195833 0.008247 0.029012
0 0.328516 0.195833 0.008073 0.029012
0 0.328646 0.195833 0.007812 0.029012
0 0.329036 0.195833 0.007552 0.029012
0 0.329384 0.195833 0.007378 0.029012
0 0.329384 0.195833 0.007378 0.029012
0 0.329384 0.195833 0.007378 0.029012
0 0.329384 0.195833 0.007378 0.029012
0 0.329384 0.195833 0.007378 0.029012
0 0.329384 0.195833 0.007378 0.029012
0 0.329384 0.195833 0.007378 0.029012
0 0.329384 0.195833 0.007378 0.029012
0 0.329384 0.195833 0.007378 0.029012
0 0.329384 0.195833 0.007378 0.029012
0 0.329384 0.195833 0.007378 0.029012
0 0.329384 0.195833 0.007378 0.029012
0 0.329384 0.195833 0.007378 0.029012
0 0.329384 0.195833 0.007378 0.029012
0 0.329384 0.195833 0.007378 0.029012
0 0.329384 0.195833 0.007378 0.029012
0 0.329384 0.195833 0.007378 0.029012
0 0.329384 0.195833 0.007378 0.029012
0 0.329384 0.195833 0.007378 0.029012
0 0.329384 0.195833 0.007378 0.029012
0 0.329384 0.195833 0.007378 0.029012
0 0.329384 0.195833 0.007378 0.029012
0 0.329384 0.195833 0.007378 0.029012
0 0.329384 0.195833 0.007378 0.029012
0 0.329384 0.195833 0.007378 0.029012
0 0.329384 0.195833 0.007378 0.029012
0 0.329384 0.195833 0.007378 0.029012
0 0.329384 0.195833 0.007378 0.029012
0 0.329384 0.195833 0.007378 0.029012
0 0.329384 0.195833 0.007378 0.029012
0 0.329384 0.195833 0.007378 0.029012
