0 0.118316 0.173920 0.010243 0.032099
0 0.118924 0.172994 0.010069 0.032099
0 0.119661 0.172222 0.009983 0.032099
0 0.120269 0.171296 0.009809 0.032099
0 0.121094 0.170602 0.009549 0.031636
0 0.121745 0.169753 0.009288 0.031790
0 0.122439 0.168904 0.009288 0.031636
0 0.123220 0.168210 0.008767 0.031173
0 0.123915 0.167361 0.008767 0.031327
0 0.124523 0.166512 0.008594 0.031173
0 0.125391 0.165895 0.008247 0.030864
0 0.126128 0.165895 0.008333 0.030864
0 0.126953 0.166127 0.008594 0.030401
0 0.127691 0.166281 0.008507 0.030710
0 0.128559 0.166512 0.008854 0.030247
0 0.129427 0.166744 0.008507 0.030710
0 0.130252 0.166898 0.008767 0.030401
0 0.130990 0.166898 0.008854 0.030401
0 0.131858 0.167361 0.009028 0.030401
0 0.132552 0.167361 0.009028 0.030401
0 0.133594 0.167824 0.009028 0.030401
0 0.134028 0.167824 0.009028 0.030401
0 0.134809 0.167824 0.009028 0.030401
0 0.135373 0.167824 0.008767 0.030401
0 0.136155 0.167824 0.008767 0.030401
0 0.136719 0.168287 0.008507 0.030401
0 0.137457 0.168287 0.008594 0.030401
0 0.138064 0.168287 0.008247 0.030401
0 0.138802 0.168287 0.008333 0.030401
0 0.139410 0.168287 0.007986 0.030401
0 0.140148 0.168673 0.008073 0.030247
0 0.140148 0.167824 0.008073 0.030401
0 0.140148 0.167361 0.008073 0.030401
0 0.140148 0.166898 0.008073 0.030401
0 0.140408 0.166127 0.008073 0.030401
0 0.140408 0.165664 0.008073 0.030401
0 0.140408 0.165201 0.008073 0.030401
0 0.140625 0.164352 0.007986 0.030247
0 0.140625 0.163889 0.007986 0.030247
0 0.140625 0.163503 0.007986 0.030401
0 0.140885 0.163040 0.007986 0.030401
0 0.140408 0.162577 0.008073 0.030401
0 0.140017 0.162114 0.008333 0.030401
0 0.139757 0.161728 0.008333 0.030247
0 0.139410 0.161343 0.008507 0.030401
0 0.139149 0.160880 0.008507 0.030401
0 0.138672 0.160417 0.008594 0.030401
0 0.138325 0.159954 0.008767 0.030401
0 0.138064 0.159568 0.008767 0.030247
0 0.137674 0.159182 0.009028 0.030401
0 0.137500 0.158719 0.009028 0.030401
0 0.136719 0.158719 0.009028 0.030401
0 0.136285 0.158719 0.009028 0.030401
0 0.135764 0.159182 0.009028 0.030401
0 0.135243 0.159182 0.009028 0.030401
0 0.134809 0.159568 0.009028 0.030247
0 0.134158 0.159568 0.009288 0.030247
0 0.133681 0.159568 0.009201 0.030247
0 0.133203 0.159954 0.009288 0.030401
0 0.132682 0.159954 0.009288 0.030401
0 0.132248 0.160417 0.009288 0.030401
0 0.131858 0.159954 0.009028 0.030401
0 0.131467 0.159568 0.008767 0.030247
0 0.131120 0.159336 0.008594 0.030710
0 0.130729 0.158951 0.008333 0.030864
0 0.130512 0.158719 0.008247 0.031327
0 0.130165 0.158256 0.008073 0.031327
0 0.129774 0.157870 0.007812 0.031173
0 0.129384 0.157639 0.007552 0.031636
0 0.129036 0.157176 0.007378 0.031636
0 0.128819 0.156944 0.007292 0.032099
0 0.129036 0.156481 0.007378 0.032099
0 0.129297 0.156481 0.007378 0.032099
0 0.129644 0.156481 0.007552 0.032099
0 0.129905 0.156481 0.007552 0.032099
0 0.130295 0.156481 0.007812 0.032099
0 0.130469 0.156481 0.007812 0.032099
0 0.130729 0.156481 0.007812 0.032099
0 0.131120 0.156481 0.008073 0.032099
0 0.131380 0.156481 0.008073 0.032099
0 0.131727 0.156481 0.008247 0.032099
0 0.131727 0.156096 0.008247 0.032253
0 0.131988 0.155710 0.008247 0.032099
0 0.132118 0.155710 0.008507 0.032099
0 0.132335 0.155247 0.008594 0.032099
0 0.132465 0.155247 0.008854 0.032099
0 0.132682 0.154784 0.008767 0.032099
0 0.132812 0.154321 0.009028 0.032099
0 0.133073 0.154321 0.009028 0.032099
0 0.133203 0.153858 0.009288 0.032099
0 0.133464 0.153858 0.009288 0.032099
0 0.133681 0.153549 0.009201 0.032099
0 0.134028 0.153318 0.009028 0.031636
0 0.134549 0.152855 0.009028 0.031636
0 0.134896 0.152623 0.008854 0.031173
0 0.135373 0.152160 0.008767 0.031173
0 0.135634 0.152006 0.008767 0.030864
0 0.136024 0.151543 0.008507 0.030864
0 0.136502 0.151312 0.008594 0.030401
0 0.136849 0.150849 0.008247 0.030401
0 0.137326 0.150849 0.008333 0.030401
0 0.137457 0.150694 0.008594 0.030710
0 0.137717 0.150463 0.008594 0.031173
0 0.137804 0.150463 0.008767 0.031173
0 0.138064 0.150231 0.008767 0.031636
0 0.138194 0.150463 0.009028 0.032099
0 0.138455 0.150231 0.009028 0.032562
0 0.138585 0.150000 0.009288 0.033025
0 0.138802 0.150000 0.009201 0.033025
0 0.138932 0.149846 0.009462 0.033333
0 0.139149 0.150077 0.009549 0.033796
0 0.139149 0.150077 0.009549 0.033796
0 0.139149 0.150077 0.009549 0.033796
0 0.139149 0.150077 0.009549 0.033796
0 0.139149 0.150077 0.009549 0.033796
0 0.139149 0.150077 0.009549 0.033796
0 0.139149 0.150077 0.009549 0.033796
0 0.139149 0.150077 0.009549 0.033796
0 0.139149 0.150077 0.009549 0.033796
0 0.139149 0.150077 0.009549 0.033796
0 0.139149 0.150077 0.009549 0.033796
0 0.139149 0.149614 0.009549 0.033796
0 0.139149 0.149614 0.009549 0.033796
0 0.139280 0.149614 0.009809 0.033796
0 0.139280 0.149383 0.009809 0.033333
0 0.139410 0.149383 0.010069 0.033333
0 0.139410 0.149383 0.010069 0.033333
0 0.139410 0.149151 0.010069 0.032870
0 0.139497 0.149151 0.010243 0.032870
0 0.139497 0.149151 0.010243 0.032870
0 0.139627 0.149151 0.010503 0.032870
0 0.139627 0.149151 0.010503 0.032870
0 0.139627 0.149151 0.010503 0.032870
0 0.139627 0.149151 0.010503 0.032870
0 0.139627 0.149151 0.010503 0.032870
0 0.139627 0.149151 0.010503 0.032870
0 0.139627 0.149151 0.010503 0.032870
0 0.139627 0.149151 0.010503 0.032870
0 0.139757 0.149614 0.010243 0.032870
