0 0.091970 0.106867 0.006858 0.021142
0 0.091710 0.106481 0.006858 0.021296
0 0.091450 0.106250 0.006858 0.020833
0 0.091363 0.105787 0.007031 0.020833
0 0.091233 0.105556 0.006771 0.020370
0 0.091102 0.105093 0.007031 0.020370
0 0.090842 0.104861 0.007031 0.019907
0 0.090755 0.104475 0.006858 0.020062
0 0.090625 0.104244 0.007118 0.019599
0 0.090365 0.103858 0.007118 0.019444
0 0.090365 0.103858 0.007118 0.019444
0 0.090104 0.103395 0.007118 0.020370
0 0.090104 0.103395 0.007118 0.021296
0 0.090104 0.103164 0.007118 0.021759
0 0.089887 0.103164 0.007031 0.022685
0 0.089887 0.103164 0.007031 0.023302
0 0.089887 0.102701 0.007031 0.024228
0 0.089627 0.102701 0.007031 0.025154
0 0.089627 0.102469 0.007031 0.025617
0 0.089627 0.102546 0.007031 0.026389
0 0.089627 0.102546 0.007031 0.027315
0 0.089149 0.101620 0.007118 0.026389
0 0.088672 0.101003 0.007031 0.026080
0 0.088151 0.100077 0.007031 0.025154
0 0.087804 0.099537 0.006858 0.024691
0 0.087457 0.098843 0.007031 0.023302
0 0.086936 0.098225 0.007031 0.022994
0 0.086589 0.097299 0.006858 0.022068
0 0.086068 0.096682 0.006858 0.021759
0 0.085634 0.095756 0.006858 0.020833
0 0.085373 0.095370 0.006858 0.020062
0 0.085113 0.094676 0.006858 0.019599
0 0.085113 0.094444 0.006858 0.019136
0 0.084852 0.093904 0.006858 0.018673
0 0.084852 0.093673 0.006858 0.018210
0 0.084852 0.093441 0.006858 0.017747
0 0.084635 0.092747 0.006771 0.017284
0 0.084635 0.092515 0.006771 0.016821
0 0.084418 0.091898 0.006858 0.016512
0 0.084418 0.091667 0.006858 0.016049
0 0.084418 0.091435 0.006858 0.015586
0 0.083898 0.091204 0.006858 0.016049
0 0.083637 0.090972 0.006858 0.016512
0 0.083420 0.090818 0.006771 0.016821
0 0.082943 0.090818 0.006858 0.017747
0 0.082682 0.090818 0.006858 0.017747
0 0.082422 0.090586 0.006858 0.018210
0 0.081944 0.090586 0.006771 0.019136
0 0.081727 0.090355 0.006858 0.019599
0 0.081467 0.090201 0.006858 0.019907
0 0.081207 0.090432 0.006858 0.020370
0 0.080729 0.089969 0.006771 0.020370
0 0.080512 0.089738 0.006858 0.019907
0 0.080252 0.089506 0.006858 0.019444
0 0.079991 0.089506 0.006858 0.019444
0 0.079731 0.089275 0.006858 0.018981
0 0.079253 0.089120 0.006771 0.018673
0 0.079036 0.089120 0.006858 0.018673
0 0.078776 0.088889 0.006858 0.018210
0 0.078516 0.088657 0.006858 0.017747
0 0.078299 0.088657 0.006771 0.017747
0 0.077561 0.088194 0.006858 0.017747
0 0.077040 0.087963 0.006858 0.017284
0 0.076476 0.087809 0.007118 0.016975
0 0.075825 0.087577 0.006858 0.016512
0 0.075347 0.087346 0.006771 0.016049
0 0.074740 0.087114 0.007118 0.015586
0 0.074132 0.086883 0.006771 0.015123
0 0.073524 0.086728 0.007118 0.014815
0 0.073047 0.086497 0.007031 0.014352
0 0.072569 0.086497 0.007118 0.014352
0 0.072049 0.086883 0.007118 0.015123
0 0.071832 0.087346 0.007031 0.016049
0 0.071484 0.087809 0.006858 0.016975
0 0.071094 0.088194 0.007118 0.017747
0 0.070833 0.088889 0.007118 0.019136
0 0.070486 0.089275 0.006771 0.019907
0 0.070095 0.089738 0.007031 0.020833
0 0.069748 0.090123 0.006858 0.021605
0 0.069488 0.090586 0.006858 0.022531
0 0.069271 0.091281 0.006771 0.023920
0 0.068273 0.090586 0.006858 0.023457
0 0.067578 0.090355 0.006858 0.022994
0 0.066580 0.089892 0.006771 0.022068
0 0.065842 0.089738 0.006858 0.021759
0 0.064887 0.089506 0.006858 0.021296
0 0.064106 0.088812 0.006858 0.020833
0 0.063151 0.088580 0.006858 0.020370
0 0.062457 0.088194 0.006858 0.019599
0 0.061458 0.087963 0.006771 0.019136
0 0.060720 0.087731 0.006858 0.018673
0 0.060460 0.087809 0.006858 0.019444
0 0.060200 0.088272 0.006858 0.020370
0 0.059983 0.088426 0.006771 0.020679
0 0.059766 0.088657 0.006858 0.022068
0 0.059505 0.089120 0.006858 0.022994
0 0.059245 0.089275 0.006858 0.023302
0 0.058984 0.089506 0.006858 0.024691
0 0.058767 0.089738 0.006771 0.025154
0 0.058550 0.090201 0.006858 0.026080
0 0.058290 0.090586 0.006858 0.026852
0 0.058030 0.090355 0.006858 0.026389
0 0.058030 0.090355 0.006858 0.026389
0 0.058030 0.090355 0.006858 0.026389
0 0.058030 0.090432 0.006858 0.025617
0 0.058030 0.090432 0.006858 0.025617
0 0.057899 0.090432 0.006597 0.025617
0 0.057899 0.090432 0.006597 0.024691
0 0.057899 0.090432 0.006597 0.024691
0 0.057899 0.090432 0.006597 0.024691
0 0.057899 0.090586 0.006597 0.024383
0 0.057639 0.090123 0.006597 0.023457
0 0.057639 0.089892 0.006597 0.022994
0 0.057552 0.089506 0.006771 0.022222
0 0.057422 0.089506 0.006510 0.021296
0 0.057422 0.089275 0.006510 0.020833
0 0.057292 0.088812 0.006771 0.019907
0 0.057205 0.088889 0.006597 0.019136
0 0.057075 0.088426 0.006858 0.018210
0 0.057075 0.088194 0.006858 0.017747
0 0.057075 0.088194 0.006858 0.016821
0 0.057075 0.088194 0.006858 0.016821
0 0.057292 0.088426 0.006771 0.017284
0 0.057292 0.088657 0.006771 0.017747
0 0.057552 0.088889 0.006771 0.018210
0 0.057769 0.089120 0.006858 0.018673
0 0.057769 0.089275 0.006858 0.018981
0 0.058030 0.089506 0.006858 0.019444
0 0.058030 0.089738 0.006858 0.019907
0 0.058290 0.089969 0.006858 0.020370
0 0.058550 0.090201 0.006858 0.020833
0 0.058290 0.089506 0.006858 0.020370
0 0.058030 0.088812 0.006858 0.019907
0 0.058030 0.088194 0.006858 0.019599
0 0.057769 0.087577 0.006858 0.018981
0 0.057769 0.086960 0.006858 0.018673
0 0.057552 0.086265 0.006771 0.018210
0 0.057292 0.085571 0.006771 0.017747
0 0.057292 0.084954 0.006771 0.017438
0 0.057075 0.084259 0.006858 0.016975
0 0.057075 0.083796 0.006858 0.016049
0 0.056944 0.083488 0.007118 0.016049
0 0.056944 0.083488 0.007118 0.016049
0 0.056944 0.083256 0.007118 0.015586
0 0.056944 0.083256 0.007118 0.015586
0 0.056944 0.083256 0.007118 0.015586
0 0.056814 0.083025 0.007378 0.015123
0 0.056814 0.083025 0.007378 0.015123
0 0.056814 0.082793 0.007378 0.014660
0 0.056814 0.082793 0.007378 0.014660
0 0.056814 0.082793 0.007378 0.014660
0 0.056814 0.081944 0.007378 0.014815
0 0.056814 0.081481 0.007378 0.014815
0 0.056814 0.080787 0.007378 0.014352
0 0.056814 0.080170 0.007378 0.014660
0 0.057031 0.079784 0.007292 0.014815
0 0.057031 0.079090 0.007292 0.014352
0 0.057031 0.078472 0.007292 0.014660
0 0.057031 0.077778 0.007292 0.014198
0 0.057031 0.077392 0.007292 0.014352
0 0.057292 0.076929 0.007292 0.014352
0 0.057552 0.076466 0.007292 0.014352
0 0.057812 0.076003 0.007292 0.014352
0 0.058160 0.075617 0.007118 0.014198
0 0.058507 0.075231 0.007292 0.014352
0 0.058898 0.075000 0.007031 0.014815
0 0.059115 0.074537 0.007118 0.014815
0 0.059505 0.074074 0.007378 0.014815
0 0.059852 0.073688 0.007031 0.014660
0 0.060113 0.073225 0.007031 0.014660
0 0.060590 0.073225 0.007118 0.014660
0 0.060981 0.072608 0.006858 0.015278
0 0.061458 0.072145 0.006771 0.015278
0 0.061936 0.071759 0.006858 0.016049
0 0.062457 0.071296 0.006858 0.016049
0 0.062891 0.071065 0.006858 0.016512
0 0.063411 0.070370 0.006858 0.016975
0 0.063889 0.069985 0.006771 0.016821
0 0.064366 0.069522 0.006858 0.017747
0 0.064887 0.069136 0.006858 0.017901
0 0.065365 0.068904 0.006771 0.018364
