0 0.136762 0.277083 0.009983 0.030401
0 0.137457 0.276698 0.009983 0.030247
0 0.138281 0.276698 0.010243 0.030247
0 0.139193 0.276312 0.010503 0.030401
0 0.140017 0.276312 0.010243 0.030401
0 0.140842 0.276080 0.010503 0.029938
0 0.141753 0.275849 0.010764 0.030401
0 0.142578 0.275617 0.010503 0.029938
0 0.143446 0.275386 0.010677 0.030401
0 0.144314 0.275154 0.011024 0.029938
0 0.145269 0.275154 0.011024 0.029938
0 0.146007 0.275154 0.010937 0.029938
0 0.146962 0.275617 0.010937 0.029938
0 0.147960 0.275617 0.011024 0.029938
0 0.148915 0.276080 0.011024 0.029938
0 0.149913 0.276543 0.010937 0.029938
0 0.150868 0.276543 0.010937 0.029938
0 0.151866 0.276852 0.011024 0.029938
0 0.152821 0.276852 0.011024 0.029938
0 0.153819 0.277315 0.010937 0.029938
0 0.154774 0.277778 0.010937 0.029938
0 0.155512 0.277778 0.011024 0.029938
0 0.156510 0.277778 0.010937 0.029938
0 0.157248 0.277778 0.011024 0.029938
0 0.158203 0.277778 0.011024 0.029938
0 0.159071 0.278241 0.010677 0.029938
0 0.159896 0.278241 0.010937 0.029938
0 0.160764 0.278241 0.010764 0.029938
0 0.161632 0.278241 0.010937 0.029938
0 0.162500 0.278241 0.010764 0.029938
0 0.163455 0.278704 0.010764 0.029938
0 0.164410 0.278704 0.010764 0.029938
0 0.165408 0.279012 0.010677 0.029938
0 0.166406 0.279475 0.010764 0.029938
0 0.167361 0.279938 0.010764 0.029938
0 0.168316 0.280401 0.010764 0.029938
0 0.169314 0.280864 0.010677 0.029938
0 0.170313 0.281327 0.010764 0.029938
0 0.171267 0.281636 0.010764 0.029938
0 0.172222 0.282099 0.010764 0.029938
0 0.173220 0.282562 0.010677 0.029938
0 0.173958 0.282562 0.010764 0.029938
0 0.174653 0.282562 0.010764 0.029938
0 0.175434 0.282562 0.010764 0.029938
0 0.176128 0.283025 0.010764 0.029938
0 0.176866 0.283025 0.010677 0.029938
0 0.177604 0.283025 0.010764 0.029938
0 0.178342 0.283488 0.010677 0.029938
0 0.179080 0.283488 0.010764 0.029938
0 0.179774 0.283488 0.010764 0.029938
0 0.180773 0.283796 0.010677 0.029938
0 0.181250 0.283796 0.010764 0.029938
0 0.181988 0.283796 0.010677 0.029938
0 0.182726 0.283796 0.010764 0.029938
0 0.183464 0.283796 0.010677 0.029938
0 0.184201 0.283796 0.010764 0.029938
0 0.184809 0.283796 0.010937 0.029938
0 0.185547 0.283796 0.011024 0.029938
0 0.186285 0.283796 0.010937 0.029938
0 0.186979 0.283796 0.010937 0.029938
0 0.187717 0.283796 0.011024 0.029938
0 0.188455 0.283796 0.010937 0.029938
0 0.189453 0.283796 0.011024 0.029938
0 0.190408 0.283796 0.011024 0.029938
0 0.191406 0.283796 0.010937 0.029938
0 0.192361 0.283796 0.010937 0.029938
0 0.193099 0.283796 0.011024 0.029938
0 0.194097 0.283796 0.010937 0.029938
0 0.195052 0.283796 0.010937 0.029938
0 0.196007 0.283796 0.010937 0.029938
0 0.197005 0.283796 0.011024 0.029938
0 0.197483 0.283488 0.010937 0.029938
0 0.198220 0.283488 0.011024 0.029938
0 0.198958 0.283488 0.010937 0.029938
0 0.199696 0.283488 0.011024 0.029938
0 0.200434 0.283488 0.010937 0.029938
0 0.201172 0.283025 0.011024 0.029938
0 0.201866 0.283025 0.011024 0.029938
0 0.202604 0.283025 0.010937 0.029938
0 0.203342 0.283025 0.011024 0.029938
0 0.204080 0.283025 0.010937 0.029938
0 0.204557 0.282562 0.011024 0.029938
0 0.205295 0.282562 0.010937 0.029938
0 0.206033 0.282562 0.011024 0.029938
0 0.206771 0.282562 0.010937 0.029938
0 0.207509 0.282562 0.011024 0.029938
0 0.207986 0.282099 0.010937 0.029938
0 0.208724 0.282099 0.011024 0.029938
0 0.209462 0.282099 0.010937 0.029938
0 0.210200 0.282099 0.011024 0.029938
0 0.210894 0.282099 0.011024 0.029938
0 0.211415 0.282099 0.011024 0.029938
0 0.212153 0.282562 0.010937 0.029938
0 0.212847 0.283025 0.010937 0.029938
0 0.213585 0.283025 0.011024 0.029938
0 0.214323 0.283488 0.010937 0.029938
0 0.215061 0.283796 0.011024 0.029938
0 0.215799 0.283796 0.010937 0.029938
0 0.216536 0.284259 0.011024 0.029938
0 0.217274 0.284722 0.010937 0.029938
0 0.217969 0.285185 0.010937 0.029938
0 0.218490 0.285185 0.010937 0.029938
0 0.218967 0.285185 0.011024 0.029938
0 0.219444 0.285185 0.010937 0.029938
0 0.219922 0.285185 0.011024 0.029938
0 0.220443 0.285185 0.011024 0.029938
0 0.220920 0.285185 0.010937 0.029938
0 0.221398 0.285185 0.011024 0.029938
0 0.221875 0.285185 0.010937 0.029938
0 0.222396 0.285185 0.010937 0.029938
0 0.223134 0.285185 0.011024 0.029938
0 0.223220 0.284954 0.011198 0.030401
0 0.223481 0.284954 0.011198 0.030401
0 0.223611 0.284954 0.011458 0.030401
0 0.223872 0.284954 0.011458 0.031327
0 0.224089 0.284954 0.011545 0.031327
0 0.224175 0.284954 0.011719 0.031327
0 0.224436 0.284877 0.011719 0.032099
0 0.224566 0.284877 0.011979 0.032099
0 0.224826 0.284877 0.011979 0.032099
0 0.225087 0.285108 0.011979 0.032562
0 0.224957 0.285108 0.011719 0.032562
0 0.224957 0.285340 0.011719 0.032099
0 0.224957 0.285340 0.011719 0.032099
0 0.224957 0.285571 0.011719 0.031636
0 0.225087 0.285802 0.011458 0.031173
0 0.224957 0.285802 0.011198 0.031173
0 0.224957 0.286034 0.011198 0.030710
0 0.224957 0.286034 0.011198 0.030710
0 0.224957 0.286188 0.011198 0.030401
0 0.225087 0.286420 0.010937 0.029938
0 0.225087 0.286420 0.010937 0.029938
0 0.225087 0.286420 0.010937 0.029938
0 0.225087 0.286420 0.010937 0.029938
0 0.225087 0.286420 0.010937 0.029938
0 0.225087 0.286420 0.010937 0.029938
0 0.225087 0.286420 0.010937 0.029938
0 0.225087 0.286420 0.010937 0.029938
0 0.225087 0.286420 0.010937 0.029938
0 0.225087 0.286420 0.010937 0.029938
0 0.225087 0.286420 0.010937 0.029938
0 0.224826 0.286420 0.010937 0.029938
0 0.224826 0.286420 0.010937 0.029938
0 0.224826 0.286420 0.010937 0.029938
0 0.224826 0.286420 0.010937 0.029938
0 0.224826 0.286420 0.010937 0.029938
0 0.224696 0.286420 0.010677 0.029938
0 0.224696 0.286420 0.010677 0.029938
0 0.224696 0.286420 0.010677 0.029938
0 0.224696 0.286420 0.010677 0.029938
0 0.224696 0.286420 0.010677 0.029938
0 0.224219 0.286188 0.010764 0.030401
0 0.223698 0.286034 0.010764 0.030710
0 0.223264 0.285802 0.010764 0.031173
0 0.222743 0.285571 0.010764 0.031636
0 0.222396 0.285571 0.010937 0.032562
0 0.221875 0.285340 0.010937 0.033025
0 0.221398 0.285185 0.011024 0.033333
0 0.220920 0.284954 0.010937 0.033796
0 0.220443 0.284722 0.011024 0.034259
0 0.220182 0.284954 0.011024 0.034722
0 0.219922 0.284954 0.011024 0.034722
0 0.219705 0.284954 0.010937 0.034722
0 0.219444 0.284954 0.010937 0.034722
0 0.219227 0.284954 0.011024 0.034722
0 0.219097 0.284954 0.010764 0.034722
0 0.218837 0.284954 0.010764 0.034722
0 0.218576 0.284954 0.010764 0.034722
0 0.218359 0.284954 0.010677 0.034722
0 0.218099 0.284954 0.010677 0.034722
0 0.218099 0.284954 0.010677 0.034722
0 0.217882 0.284491 0.010764 0.034722
0 0.217622 0.284491 0.010764 0.034722
0 0.217622 0.284491 0.010764 0.034722
0 0.217361 0.284491 0.010764 0.034722
0 0.217144 0.284491 0.010677 0.034722
0 0.217144 0.284028 0.010677 0.034722
0 0.216884 0.284028 0.010677 0.034722
0 0.216667 0.284028 0.010764 0.034722
0 0.216667 0.284028 0.010764 0.034722
0 0.216406 0.284028 0.010764 0.034722
