0 0.186155 0.163272 0.007378 0.022222
0 0.185677 0.161497 0.007292 0.022068
0 0.185417 0.159799 0.007292 0.022068
0 0.184939 0.158025 0.007378 0.022222
0 0.184679 0.156327 0.007378 0.022222
0 0.184462 0.154552 0.007292 0.022068
0 0.183941 0.152855 0.007292 0.022068
0 0.183681 0.151080 0.007292 0.022222
0 0.183203 0.149383 0.007378 0.022222
0 0.182986 0.147608 0.007292 0.022068
0 0.182726 0.145910 0.007292 0.022068
0 0.182465 0.144599 0.007292 0.022222
0 0.182248 0.143750 0.007378 0.022068
0 0.182118 0.142824 0.007118 0.022068
0 0.181858 0.141975 0.007118 0.022222
0 0.181727 0.141127 0.006858 0.022068
0 0.181510 0.140046 0.006771 0.021759
0 0.181293 0.139198 0.006858 0.021605
0 0.181163 0.138349 0.006597 0.021759
0 0.180903 0.137423 0.006597 0.021759
0 0.180773 0.136574 0.006337 0.021605
0 0.180512 0.134799 0.006337 0.021759
0 0.180382 0.133565 0.006597 0.021759
0 0.180165 0.132253 0.006510 0.021605
0 0.180035 0.130941 0.006771 0.021759
0 0.180035 0.129630 0.006771 0.021605
0 0.179818 0.127932 0.006858 0.021605
0 0.179688 0.126620 0.007118 0.021759
0 0.179427 0.125309 0.007118 0.021605
0 0.179340 0.123997 0.007292 0.021759
0 0.179340 0.122685 0.007292 0.021605
0 0.178819 0.120988 0.007292 0.021605
0 0.178559 0.119444 0.007292 0.021296
0 0.178082 0.118133 0.007378 0.021142
0 0.177865 0.116358 0.007292 0.021296
0 0.177604 0.115123 0.007292 0.021296
0 0.177127 0.113580 0.007378 0.020679
0 0.176866 0.111806 0.007378 0.020833
0 0.176389 0.110571 0.007292 0.020833
0 0.176128 0.109028 0.007292 0.020525
0 0.175868 0.107716 0.007292 0.020370
0 0.175651 0.106636 0.007378 0.020062
0 0.175434 0.105787 0.007292 0.019907
0 0.175434 0.104707 0.007292 0.019599
0 0.175174 0.103858 0.007292 0.019444
0 0.175174 0.102778 0.007292 0.019136
0 0.174913 0.101852 0.007292 0.019136
0 0.174653 0.100849 0.007292 0.018673
0 0.174653 0.099923 0.007292 0.018673
0 0.174436 0.098765 0.007378 0.018210
0 0.174436 0.097994 0.007378 0.018210
0 0.174175 0.094907 0.007378 0.018210
0 0.174175 0.092284 0.007378 0.018210
0 0.174175 0.089660 0.007378 0.018210
0 0.174175 0.087191 0.007378 0.018210
0 0.174175 0.084568 0.007378 0.018210
0 0.173958 0.081944 0.007292 0.018210
0 0.173958 0.079321 0.007292 0.018210
0 0.173958 0.076698 0.007292 0.018210
0 0.173958 0.074074 0.007292 0.018210
0 0.173958 0.071451 0.007292 0.018210
0 0.173698 0.069753 0.007292 0.018210
0 0.173698 0.068056 0.007292 0.018210
0 0.173698 0.066667 0.007292 0.018210
0 0.173437 0.064969 0.007292 0.018210
0 0.173437 0.063735 0.007292 0.018210
0 0.173437 0.061960 0.007292 0.018364
0 0.173220 0.060185 0.007378 0.018210
0 0.173220 0.058951 0.007378 0.018210
0 0.173220 0.057253 0.007378 0.018210
0 0.173220 0.055864 0.007378 0.018210
0 0.173220 0.055864 0.007378 0.019136
0 0.173220 0.056096 0.007378 0.019599
0 0.173220 0.056327 0.007378 0.020062
0 0.173220 0.056481 0.007378 0.020370
0 0.173220 0.056713 0.007378 0.020833
0 0.173220 0.056713 0.007378 0.021759
0 0.173220 0.056944 0.007378 0.022222
0 0.173220 0.057176 0.007378 0.022685
0 0.173220 0.057330 0.007378 0.022994
0 0.173220 0.057562 0.007378 0.023457
0 0.173220 0.057793 0.007378 0.023920
0 0.173220 0.058488 0.007378 0.024383
0 0.173220 0.058719 0.007378 0.024846
0 0.173220 0.059336 0.007378 0.025154
0 0.173437 0.059799 0.007292 0.026080
0 0.173437 0.060262 0.007292 0.026080
0 0.173437 0.060648 0.007292 0.026852
0 0.173437 0.061111 0.007292 0.026852
0 0.173437 0.061574 0.007292 0.027778
0 0.173698 0.062191 0.007292 0.028086
0 0.173958 0.062191 0.007292 0.028086
0 0.174436 0.062346 0.007378 0.027778
0 0.174913 0.062577 0.007292 0.027315
0 0.175434 0.062809 0.007292 0.027778
0 0.175868 0.063040 0.007292 0.027315
0 0.176389 0.063272 0.007292 0.026852
0 0.176866 0.063503 0.007378 0.027315
0 0.177344 0.063735 0.007292 0.026852
0 0.177865 0.063889 0.007292 0.026543
0 0.178342 0.064352 0.007378 0.026543
0 0.178082 0.064969 0.007378 0.026852
0 0.177865 0.065895 0.007292 0.026852
0 0.177604 0.066512 0.007292 0.027469
0 0.177344 0.067361 0.007292 0.027315
0 0.177127 0.068287 0.007378 0.027315
0 0.176866 0.068904 0.007378 0.027623
0 0.176649 0.069753 0.007292 0.027778
0 0.176389 0.070448 0.007292 0.028241
0 0.176128 0.071296 0.007292 0.028086
0 0.176128 0.072377 0.007292 0.028704
0 0.175868 0.074074 0.007292 0.028704
0 0.175651 0.076235 0.007378 0.028704
0 0.175434 0.078241 0.007292 0.028086
0 0.175174 0.080401 0.007292 0.028086
0 0.175043 0.082562 0.007031 0.028086
0 0.174783 0.084568 0.007031 0.027778
0 0.174566 0.086728 0.007118 0.027778
0 0.174306 0.088657 0.007118 0.027315
0 0.174045 0.090818 0.007118 0.027315
0 0.174045 0.092978 0.007118 0.027315
0 0.173958 0.092978 0.007292 0.027315
0 0.173958 0.093441 0.007292 0.027315
0 0.174089 0.093904 0.007552 0.027315
0 0.174089 0.094213 0.007552 0.027315
0 0.174219 0.094676 0.007812 0.027315
0 0.174219 0.094907 0.007812 0.026852
0 0.174219 0.095370 0.007812 0.026852
0 0.174306 0.095833 0.007986 0.026852
0 0.174306 0.096219 0.007986 0.027006
0 0.174436 0.096682 0.008247 0.027006
0 0.174523 0.097068 0.008073 0.026852
0 0.174783 0.097531 0.008073 0.026852
0 0.175043 0.097994 0.008073 0.026852
0 0.175174 0.098380 0.007812 0.027006
0 0.175434 0.098997 0.007812 0.027315
0 0.175651 0.099460 0.007726 0.027315
0 0.175738 0.099923 0.007552 0.027315
0 0.175998 0.100386 0.007552 0.027315
0 0.176259 0.100849 0.007552 0.027315
0 0.176649 0.101620 0.007292 0.027315
0 0.176866 0.102083 0.007378 0.027315
0 0.177257 0.102546 0.007118 0.027315
0 0.177474 0.103395 0.007031 0.027469
0 0.177821 0.103781 0.006858 0.027315
0 0.178082 0.104707 0.006858 0.027315
0 0.178472 0.105170 0.006597 0.027315
0 0.178733 0.105556 0.006597 0.027469
0 0.179036 0.106404 0.006337 0.027315
0 0.179297 0.106867 0.006337 0.027315
0 0.179818 0.107793 0.006337 0.027315
0 0.180078 0.108333 0.006337 0.027778
0 0.180382 0.109259 0.006076 0.027778
0 0.180773 0.110108 0.006337 0.027623
0 0.181163 0.110725 0.006076 0.028241
0 0.181510 0.111651 0.006424 0.028241
0 0.181858 0.112500 0.006076 0.028086
0 0.182118 0.113117 0.006076 0.028704
0 0.182595 0.114043 0.006163 0.028704
0 0.182856 0.114892 0.006163 0.028549
0 0.183333 0.115741 0.006076 0.028704
0 0.183724 0.115046 0.006337 0.028241
0 0.184071 0.114506 0.006510 0.027778
0 0.184418 0.113812 0.006858 0.027315
0 0.184939 0.113349 0.007378 0.027315
0 0.185286 0.112731 0.007552 0.027006
0 0.185677 0.112037 0.007812 0.026543
0 0.186155 0.111651 0.008247 0.026389
0 0.186502 0.110957 0.008594 0.025926
0 0.186849 0.110340 0.008767 0.025617
0 0.187370 0.109877 0.009288 0.025617
0 0.187630 0.109028 0.009288 0.025463
0 0.187847 0.108410 0.009201 0.026080
0 0.188064 0.107485 0.009288 0.026080
0 0.188325 0.107099 0.009288 0.025926
0 0.188585 0.106250 0.009288 0.026080
0 0.188845 0.105556 0.009288 0.026543
0 0.189106 0.104861 0.009288 0.026080
0 0.189323 0.104244 0.009201 0.026389
0 0.189540 0.103395 0.009288 0.026543
0 0.189931 0.102932 0.009028 0.026543
