0 0.122352 0.066127 0.005122 0.013426
0 0.121832 0.066127 0.005122 0.013426
0 0.121484 0.066127 0.005295 0.013426
0 0.121137 0.066127 0.005122 0.013426
0 0.120747 0.066127 0.005382 0.013426
0 0.120356 0.066127 0.005122 0.013426
0 0.120009 0.066127 0.005295 0.013426
0 0.119531 0.066127 0.005382 0.013426
0 0.119271 0.066127 0.005382 0.013426
0 0.118793 0.066127 0.005295 0.013426
0 0.118576 0.066358 0.005382 0.013889
0 0.118056 0.065895 0.005382 0.013889
0 0.117578 0.065895 0.005295 0.013889
0 0.117101 0.065895 0.005382 0.013889
0 0.116580 0.065895 0.005382 0.013889
0 0.116319 0.065895 0.005382 0.013889
0 0.115885 0.065895 0.005382 0.013889
0 0.115365 0.065895 0.005382 0.013889
0 0.114887 0.065895 0.005295 0.013889
0 0.114410 0.065895 0.005382 0.013889
0 0.114149 0.065895 0.005382 0.013889
0 0.113889 0.065895 0.005382 0.013889
0 0.113672 0.065895 0.005295 0.013889
0 0.113455 0.065895 0.005382 0.013889
0 0.113194 0.065895 0.005382 0.013889
0 0.112934 0.065895 0.005382 0.013889
0 0.112674 0.065895 0.005382 0.013889
0 0.112457 0.065895 0.005295 0.013889
0 0.112240 0.065895 0.005382 0.013889
0 0.111979 0.065895 0.005382 0.013889
0 0.111979 0.066358 0.005382 0.013889
0 0.111458 0.066358 0.005382 0.013889
0 0.111198 0.066358 0.005382 0.013889
0 0.110981 0.066358 0.005295 0.013889
0 0.110764 0.066358 0.005382 0.013889
0 0.110503 0.066667 0.005382 0.013889
0 0.109983 0.066667 0.005382 0.013889
0 0.109766 0.066667 0.005295 0.013889
0 0.109549 0.066667 0.005382 0.013889
0 0.109288 0.066667 0.005382 0.013889
0 0.109028 0.067130 0.005382 0.013889
0 0.108767 0.067593 0.005382 0.013889
0 0.108550 0.068056 0.005295 0.013889
0 0.108333 0.068519 0.005382 0.013889
0 0.108073 0.069290 0.005382 0.013889
0 0.108073 0.069753 0.005382 0.013889
0 0.107812 0.070216 0.005382 0.013889
0 0.107552 0.071142 0.005382 0.013889
0 0.107292 0.071451 0.005382 0.013889
0 0.107118 0.071914 0.005382 0.013889
0 0.107118 0.072840 0.005382 0.013889
0 0.106597 0.072840 0.005382 0.013889
0 0.106337 0.073302 0.005382 0.013889
0 0.106076 0.073302 0.005382 0.013889
0 0.105642 0.073611 0.005382 0.013889
0 0.105382 0.073611 0.005382 0.013889
0 0.105122 0.074074 0.005382 0.013889
0 0.104644 0.074074 0.005295 0.013889
0 0.104427 0.074537 0.005382 0.013889
0 0.104167 0.074537 0.005382 0.013889
0 0.103906 0.075000 0.005382 0.013889
0 0.103385 0.075231 0.005382 0.014352
0 0.103082 0.075849 0.005122 0.014660
0 0.102691 0.076235 0.005382 0.014815
0 0.102300 0.076929 0.005122 0.015278
0 0.102040 0.077546 0.005122 0.015586
0 0.101606 0.078009 0.005122 0.015586
0 0.101215 0.078704 0.004861 0.016049
0 0.100825 0.079167 0.005122 0.016049
0 0.100521 0.079707 0.004861 0.016512
0 0.100260 0.080401 0.004861 0.016975
0 0.099870 0.080401 0.005122 0.016975
0 0.099609 0.080633 0.005122 0.016512
0 0.099306 0.080633 0.005382 0.016512
0 0.099045 0.080864 0.005382 0.016049
0 0.098915 0.080864 0.005642 0.016049
0 0.098524 0.081096 0.005903 0.015586
0 0.098307 0.081096 0.005816 0.015586
0 0.097917 0.081250 0.006076 0.015278
0 0.097656 0.081250 0.006076 0.015278
0 0.097526 0.081713 0.006337 0.015278
0 0.097092 0.081713 0.006337 0.015278
0 0.096701 0.082099 0.006076 0.015123
0 0.096354 0.082330 0.005903 0.014660
0 0.096007 0.082793 0.006076 0.014660
0 0.095616 0.082948 0.005816 0.014352
0 0.095269 0.083179 0.005642 0.014815
0 0.094878 0.083410 0.005903 0.014352
0 0.094488 0.083873 0.005642 0.014352
0 0.094184 0.084105 0.005382 0.013889
0 0.093924 0.084568 0.005382 0.013889
0 0.093403 0.084336 0.005382 0.013426
0 0.093142 0.084336 0.005382 0.012500
0 0.092839 0.084259 0.005122 0.011728
0 0.092578 0.084259 0.005122 0.011728
0 0.092318 0.084259 0.005122 0.010802
0 0.091797 0.084336 0.005122 0.010031
0 0.091623 0.084336 0.005122 0.010031
0 0.091233 0.084336 0.004861 0.009105
0 0.090972 0.084336 0.004861 0.008179
0 0.090712 0.084491 0.004861 0.007870
0 0.090278 0.084491 0.004861 0.007870
0 0.090017 0.084954 0.004861 0.007870
0 0.089757 0.084954 0.004861 0.007870
0 0.089236 0.085417 0.004861 0.007870
0 0.089019 0.085802 0.004948 0.007716
0 0.088802 0.085802 0.004861 0.007716
0 0.088281 0.086265 0.004861 0.007716
0 0.088021 0.086265 0.004861 0.007716
0 0.087804 0.086651 0.004948 0.007870
0 0.087587 0.087114 0.004861 0.007870
0 0.087196 0.087346 0.004601 0.008333
0 0.086849 0.087731 0.004427 0.008179
0 0.086589 0.087963 0.004427 0.008642
0 0.086198 0.088426 0.004167 0.008642
0 0.085981 0.088889 0.004080 0.008642
0 0.085634 0.089120 0.003906 0.009105
0 0.085243 0.089506 0.003646 0.009259
0 0.084983 0.089660 0.003646 0.009568
0 0.084635 0.090123 0.003472 0.009568
0 0.084375 0.090818 0.003472 0.010031
0 0.084028 0.091204 0.003646 0.010802
0 0.083767 0.091898 0.003646 0.011265
0 0.083637 0.092593 0.003906 0.011728
0 0.083377 0.092978 0.003906 0.012500
0 0.083290 0.093904 0.004080 0.013426
0 0.082943 0.094444 0.004427 0.013889
0 0.082682 0.094907 0.004427 0.014815
0 0.082552 0.095602 0.004687 0.015278
0 0.082335 0.096219 0.004601 0.015586
0 0.082205 0.097145 0.004861 0.016512
0 0.081684 0.097145 0.004861 0.016512
0 0.081337 0.097145 0.005208 0.016512
0 0.080990 0.097377 0.005382 0.016049
0 0.080469 0.097377 0.005382 0.016049
0 0.080122 0.097531 0.005556 0.015741
0 0.079731 0.097531 0.005816 0.015741
0 0.079253 0.097531 0.005903 0.015741
0 0.078906 0.097762 0.006076 0.015278
0 0.078516 0.097762 0.006337 0.015278
0 0.078255 0.098148 0.006337 0.015123
0 0.077821 0.098611 0.006337 0.015123
0 0.077561 0.099074 0.006337 0.015123
0 0.077300 0.099460 0.006337 0.015278
0 0.076910 0.100077 0.006597 0.015586
0 0.076736 0.100540 0.006597 0.015586
0 0.076345 0.101003 0.006337 0.015586
0 0.075955 0.101698 0.006597 0.016049
0 0.075694 0.102160 0.006597 0.016049
0 0.075477 0.102469 0.006510 0.016049
0 0.075260 0.103164 0.006597 0.016512
0 0.074740 0.103164 0.006597 0.016512
0 0.074349 0.103627 0.006337 0.016512
0 0.074045 0.103627 0.006076 0.016512
0 0.073785 0.104090 0.006076 0.016512
0 0.073394 0.104475 0.005816 0.016358
0 0.072917 0.104475 0.005903 0.016358
0 0.072656 0.104861 0.005903 0.016512
0 0.072309 0.104861 0.005556 0.016512
0 0.071962 0.105324 0.005382 0.016512
0 0.071701 0.105787 0.005382 0.016512
0 0.071181 0.105787 0.005382 0.016512
0 0.070833 0.106250 0.005556 0.016512
0 0.070486 0.106250 0.005903 0.016512
0 0.070095 0.106636 0.005642 0.016358
0 0.069748 0.106636 0.005816 0.016358
0 0.069358 0.107022 0.006076 0.016512
0 0.069010 0.107022 0.005903 0.016512
0 0.068663 0.107485 0.006076 0.016512
0 0.068273 0.107485 0.006337 0.016512
0 0.068012 0.107948 0.006337 0.016512
0 0.067578 0.107948 0.006337 0.016512
0 0.067318 0.107948 0.006337 0.016512
0 0.067057 0.107948 0.006337 0.016512
0 0.066797 0.108410 0.006337 0.016512
0 0.066536 0.108410 0.006337 0.016512
0 0.066102 0.108410 0.006337 0.016512
0 0.065842 0.108873 0.006337 0.016512
0 0.065582 0.108873 0.006337 0.016512
0 0.065321 0.108873 0.006337 0.016512
0 0.065148 0.109182 0.006337 0.016512
