0 0.177083 0.162577 0.004861 0.011265
0 0.177344 0.162114 0.004861 0.011265
0 0.177734 0.161960 0.005122 0.011574
0 0.178125 0.161574 0.005382 0.011728
0 0.178342 0.161343 0.005295 0.012191
0 0.178689 0.160880 0.005642 0.012191
0 0.179080 0.160648 0.005903 0.012654
0 0.179297 0.160185 0.005816 0.012654
0 0.179688 0.160031 0.006076 0.012963
0 0.180078 0.159568 0.006337 0.012963
0 0.180512 0.159568 0.006337 0.012963
0 0.181510 0.159105 0.006424 0.012963
0 0.182509 0.158719 0.006337 0.013117
0 0.183464 0.158256 0.006337 0.013117
0 0.184679 0.157870 0.006337 0.012963
0 0.185634 0.157407 0.006337 0.012963
0 0.186632 0.156944 0.006424 0.012963
0 0.187891 0.156481 0.006337 0.012963
0 0.188845 0.156096 0.006337 0.013117
0 0.189800 0.155710 0.006337 0.012963
0 0.191016 0.155710 0.006337 0.012963
0 0.191797 0.155247 0.006337 0.012963
0 0.192491 0.155247 0.006337 0.012963
0 0.193186 0.154784 0.006337 0.012963
0 0.193967 0.154784 0.006337 0.012963
0 0.194661 0.154784 0.006337 0.012963
0 0.195443 0.154321 0.006337 0.012963
0 0.196137 0.154321 0.006337 0.012963
0 0.196918 0.153935 0.006337 0.013117
0 0.197613 0.153935 0.006337 0.013117
0 0.198568 0.153935 0.006337 0.013117
0 0.198568 0.153935 0.006337 0.013117
0 0.198568 0.154321 0.006337 0.012963
0 0.198828 0.154321 0.006337 0.012963
0 0.198828 0.154784 0.006337 0.012963
0 0.199089 0.155247 0.006337 0.012963
0 0.199089 0.155247 0.006337 0.012963
0 0.199089 0.155710 0.006337 0.012963
0 0.199349 0.155710 0.006337 0.012963
0 0.199349 0.156096 0.006337 0.013117
0 0.199566 0.156481 0.006424 0.012963
0 0.199566 0.156096 0.006424 0.013117
0 0.199566 0.155710 0.006424 0.012963
0 0.199566 0.155710 0.006424 0.012963
0 0.199783 0.155247 0.006337 0.012963
0 0.199783 0.155247 0.006337 0.012963
0 0.199783 0.154784 0.006337 0.012963
0 0.200043 0.154321 0.006337 0.012963
0 0.200043 0.154321 0.006337 0.012963
0 0.200043 0.153935 0.006337 0.013117
0 0.200304 0.153935 0.006337 0.013117
0 0.200564 0.153935 0.006337 0.013117
0 0.200825 0.154321 0.006337 0.012963
0 0.200998 0.154784 0.006337 0.012963
0 0.201259 0.154784 0.006337 0.012963
0 0.201519 0.155247 0.006337 0.012963
0 0.201780 0.155710 0.006337 0.012963
0 0.202040 0.155710 0.006337 0.012963
0 0.202214 0.156096 0.006337 0.013117
0 0.202474 0.156481 0.006337 0.012963
0 0.202734 0.156944 0.006337 0.012963
0 0.202734 0.156944 0.006337 0.012963
0 0.202734 0.156944 0.006337 0.012963
0 0.202734 0.157407 0.006337 0.012963
0 0.202734 0.157407 0.006337 0.012963
0 0.202734 0.157870 0.006337 0.012963
0 0.202734 0.157870 0.006337 0.012963
0 0.202734 0.157870 0.006337 0.012963
0 0.202734 0.158256 0.006337 0.013117
0 0.202734 0.158256 0.006337 0.013117
0 0.202734 0.158719 0.006337 0.013117
0 0.202734 0.158719 0.006337 0.013117
0 0.202734 0.158719 0.006337 0.013117
0 0.202734 0.158719 0.006337 0.013117
0 0.202734 0.158719 0.006337 0.013117
0 0.202734 0.158719 0.006337 0.013117
0 0.202734 0.158719 0.006337 0.013117
0 0.202734 0.158719 0.006337 0.013117
0 0.202734 0.158719 0.006337 0.013117
0 0.202734 0.158719 0.006337 0.013117
0 0.202734 0.158719 0.006337 0.013117
0 0.202474 0.158719 0.006337 0.013117
0 0.202214 0.158951 0.006337 0.012654
0 0.202040 0.159105 0.006337 0.012963
0 0.201780 0.159336 0.006337 0.012500
0 0.201519 0.159568 0.006337 0.012963
0 0.201259 0.159799 0.006337 0.012500
0 0.200998 0.159799 0.006337 0.012500
0 0.200825 0.160185 0.006337 0.012654
0 0.200564 0.160185 0.006337 0.012654
0 0.200434 0.160648 0.006076 0.012654
0 0.200434 0.161111 0.006076 0.012654
0 0.200434 0.161497 0.006076 0.012500
0 0.200434 0.161960 0.006076 0.012500
0 0.200434 0.162423 0.006076 0.012500
0 0.200434 0.162809 0.006076 0.012654
0 0.200434 0.163272 0.006076 0.012654
0 0.200434 0.163657 0.006076 0.012500
0 0.200434 0.164120 0.006076 0.012500
0 0.200434 0.164583 0.006076 0.012500
0 0.200434 0.165201 0.006076 0.013117
0 0.200434 0.165201 0.006076 0.013117
0 0.200434 0.165201 0.006076 0.013117
0 0.200434 0.165664 0.006076 0.013117
0 0.200434 0.165664 0.006076 0.013117
0 0.200434 0.166049 0.006076 0.012963
0 0.200434 0.166049 0.006076 0.012963
0 0.200434 0.166049 0.006076 0.012963
0 0.200434 0.166512 0.006076 0.012963
0 0.200434 0.166512 0.006076 0.012963
0 0.200434 0.166975 0.006076 0.012963
0 0.200174 0.167207 0.006076 0.013426
0 0.200174 0.167593 0.006076 0.013580
0 0.200174 0.167978 0.006076 0.013426
0 0.200174 0.168210 0.006076 0.013889
0 0.200174 0.168904 0.006076 0.014352
0 0.200043 0.169367 0.005816 0.014352
0 0.200043 0.169522 0.005816 0.014660
0 0.200043 0.169985 0.005816 0.014660
0 0.200043 0.170370 0.005816 0.014815
0 0.200043 0.171065 0.005816 0.015278
0 0.199826 0.171065 0.005903 0.015278
0 0.199566 0.171065 0.005903 0.015278
0 0.199306 0.171065 0.005903 0.015278
0 0.199175 0.171065 0.005642 0.015278
0 0.199089 0.171065 0.005816 0.015278
0 0.198828 0.171065 0.005816 0.015278
0 0.198698 0.171065 0.005556 0.015278
0 0.198481 0.171065 0.005642 0.015278
0 0.198220 0.171065 0.005642 0.015278
0 0.198220 0.171451 0.005642 0.015123
0 0.198220 0.171451 0.005642 0.015123
0 0.198220 0.171451 0.005642 0.015123
0 0.198220 0.171451 0.005642 0.015123
0 0.198220 0.171451 0.005642 0.015123
0 0.198220 0.171451 0.005642 0.015123
0 0.198220 0.171451 0.005642 0.015123
0 0.198220 0.171451 0.005642 0.015123
0 0.198220 0.171451 0.005642 0.015123
0 0.198220 0.171451 0.005642 0.015123
0 0.198220 0.171914 0.005642 0.015123
0 0.198698 0.172377 0.005556 0.015123
0 0.199175 0.172840 0.005642 0.015123
0 0.199696 0.173688 0.005642 0.015278
0 0.200174 0.174074 0.005556 0.015123
0 0.200651 0.175000 0.005642 0.015123
0 0.201172 0.175386 0.005642 0.015278
0 0.201649 0.175849 0.005556 0.015278
0 0.202127 0.176698 0.005642 0.015123
0 0.202604 0.177160 0.005556 0.015123
0 0.203082 0.178009 0.005642 0.015278
0 0.204297 0.178858 0.005642 0.015123
0 0.205773 0.180170 0.005642 0.015278
0 0.207248 0.181481 0.005642 0.015123
0 0.208724 0.182793 0.005642 0.015278
0 0.210200 0.184105 0.005642 0.015123
0 0.211415 0.185185 0.005642 0.014815
0 0.212891 0.186420 0.005642 0.014815
0 0.214323 0.187809 0.005556 0.014815
0 0.215799 0.189043 0.005556 0.014815
0 0.217231 0.190355 0.005642 0.014660
0 0.217752 0.191204 0.005642 0.014815
0 0.218490 0.192130 0.005556 0.014815
0 0.219097 0.192978 0.005903 0.014660
0 0.219705 0.194059 0.005556 0.015278
0 0.220443 0.195139 0.005642 0.014660
0 0.221050 0.195988 0.005816 0.014815
0 0.221658 0.197068 0.005642 0.015123
0 0.222266 0.197994 0.005816 0.015123
0 0.223003 0.198843 0.005903 0.015278
0 0.223741 0.200154 0.005816 0.015123
0 0.223220 0.199691 0.005816 0.015123
0 0.222743 0.199228 0.005903 0.015123
0 0.222266 0.198843 0.005816 0.015278
0 0.221788 0.198380 0.005903 0.015278
0 0.221528 0.197994 0.005903 0.015123
0 0.221050 0.197531 0.005816 0.015123
0 0.220530 0.197068 0.005816 0.015123
0 0.220052 0.196682 0.005903 0.015278
0 0.219575 0.196219 0.005816 0.015278
0 0.219314 0.196219 0.005816 0.015278
