0 0.057769 0.013812 0.005816 0.016512
0 0.057682 0.013580 0.005642 0.016049
0 0.057682 0.013580 0.005642 0.016049
0 0.057682 0.013580 0.005642 0.016049
0 0.057552 0.013580 0.005382 0.016049
0 0.057552 0.013580 0.005382 0.016049
0 0.057552 0.013580 0.005382 0.016049
0 0.057422 0.013580 0.005122 0.016049
0 0.057422 0.013580 0.005122 0.016049
0 0.057422 0.013580 0.005122 0.016049
0 0.057422 0.013580 0.005122 0.016049
0 0.057422 0.013580 0.005122 0.016049
0 0.057422 0.013580 0.005122 0.016049
0 0.057422 0.013580 0.005122 0.016049
0 0.057422 0.013580 0.005122 0.016049
0 0.057682 0.013580 0.005122 0.016049
0 0.057682 0.013580 0.005122 0.016049
0 0.057682 0.013580 0.005122 0.016049
0 0.057682 0.013580 0.005122 0.016049
0 0.057682 0.013580 0.005122 0.016049
0 0.057943 0.013580 0.005122 0.016049
0 0.057943 0.013580 0.005122 0.016049
0 0.057943 0.013580 0.005122 0.016049
0 0.057943 0.013580 0.005122 0.016049
0 0.057943 0.013580 0.005122 0.016049
0 0.057943 0.013580 0.005122 0.016049
0 0.057943 0.013580 0.005122 0.016049
0 0.057943 0.013580 0.005122 0.016049
0 0.057943 0.013580 0.005122 0.016049
0 0.057943 0.013580 0.005122 0.016049
0 0.057943 0.013580 0.005122 0.016049
0 0.057682 0.013580 0.005122 0.016049
0 0.057422 0.013580 0.005122 0.016049
0 0.057161 0.013580 0.005122 0.016049
0 0.057161 0.014043 0.005122 0.016049
0 0.056901 0.014043 0.005122 0.016049
0 0.056727 0.014043 0.005122 0.016049
0 0.056727 0.014506 0.005122 0.016049
0 0.056467 0.014506 0.005122 0.016049
0 0.056207 0.014506 0.005122 0.016049
0 0.056207 0.014815 0.005122 0.016049
0 0.056207 0.014815 0.005122 0.016049
0 0.056207 0.014815 0.005122 0.016049
0 0.056207 0.014815 0.005122 0.016049
0 0.056207 0.014815 0.005122 0.016049
0 0.056207 0.014815 0.005122 0.016049
0 0.056207 0.014815 0.005122 0.016049
0 0.056207 0.014815 0.005122 0.016049
0 0.056207 0.014815 0.005122 0.016049
0 0.056207 0.014815 0.005122 0.016049
0 0.056207 0.014815 0.005122 0.016049
0 0.055946 0.014815 0.005122 0.016049
0 0.055686 0.014815 0.005122 0.016049
0 0.055512 0.014815 0.005122 0.016049
0 0.055252 0.014815 0.005122 0.016049
0 0.055252 0.014815 0.005122 0.016049
0 0.054991 0.014815 0.005122 0.016049
0 0.054731 0.014815 0.005122 0.016049
0 0.054470 0.014815 0.005122 0.016049
0 0.054210 0.014815 0.005122 0.016049
0 0.054210 0.014815 0.005122 0.016049
0 0.054210 0.014815 0.005122 0.016049
0 0.054210 0.014815 0.005122 0.016049
0 0.054210 0.014815 0.005122 0.016049
0 0.054470 0.014815 0.005122 0.016049
0 0.054470 0.014815 0.005122 0.016049
0 0.054470 0.014815 0.005122 0.016049
0 0.054731 0.014815 0.005122 0.016049
0 0.054731 0.014815 0.005122 0.016049
0 0.054731 0.014815 0.005122 0.016049
0 0.054991 0.014815 0.005122 0.016049
0 0.054991 0.014506 0.005122 0.016049
0 0.055252 0.014506 0.005122 0.016049
0 0.055252 0.014506 0.005122 0.016049
0 0.055512 0.014506 0.005122 0.016049
0 0.055512 0.014506 0.005122 0.016049
0 0.055686 0.014506 0.005122 0.016049
0 0.055686 0.014506 0.005122 0.016049
0 0.055946 0.014506 0.005122 0.016049
0 0.055946 0.014506 0.005122 0.016049
0 0.056207 0.014506 0.005122 0.016049
0 0.056207 0.014506 0.005122 0.016049
0 0.056207 0.014506 0.005122 0.016049
0 0.056207 0.014506 0.005122 0.016049
0 0.056207 0.014506 0.005122 0.016049
0 0.056207 0.014506 0.005122 0.016049
0 0.056207 0.014506 0.005122 0.016049
0 0.056207 0.014506 0.005122 0.016049
0 0.056207 0.014506 0.005122 0.016049
0 0.056207 0.014506 0.005122 0.016049
0 0.056207 0.014506 0.005122 0.016049
0 0.055252 0.014506 0.005122 0.016049
0 0.054470 0.014815 0.005122 0.016049
0 0.053776 0.014815 0.005122 0.016049
0 0.052821 0.015278 0.005122 0.016049
0 0.052040 0.015741 0.005122 0.016049
0 0.051345 0.015741 0.005122 0.016049
0 0.050347 0.016204 0.005208 0.016049
0 0.049609 0.016204 0.005122 0.016049
0 0.048915 0.016667 0.005122 0.016049
0 0.048134 0.017130 0.005122 0.016049
0 0.046658 0.017130 0.005122 0.016049
0 0.045443 0.017438 0.005122 0.016049
0 0.044227 0.017438 0.005122 0.016049
0 0.043012 0.017901 0.005122 0.016049
0 0.041797 0.017901 0.005122 0.016049
0 0.040582 0.018364 0.005122 0.016049
0 0.039366 0.018364 0.005122 0.016049
0 0.038151 0.018827 0.005122 0.016049
0 0.036936 0.018827 0.005122 0.016049
0 0.035720 0.019290 0.005122 0.016049
0 0.035200 0.019290 0.005122 0.016049
0 0.034766 0.019599 0.005122 0.016049
0 0.034245 0.019599 0.005122 0.016049
0 0.033724 0.020062 0.005122 0.016049
0 0.033290 0.020062 0.005122 0.016049
0 0.032769 0.020525 0.005122 0.016049
0 0.032248 0.020525 0.005122 0.016049
0 0.031814 0.020988 0.005122 0.016049
0 0.031293 0.020988 0.005122 0.016049
0 0.031033 0.021451 0.005122 0.016049
0 0.030859 0.021451 0.005122 0.016049
0 0.030599 0.021451 0.005122 0.016049
0 0.030599 0.021451 0.005122 0.016049
0 0.030339 0.021451 0.005122 0.016049
0 0.030339 0.021759 0.005122 0.016049
0 0.030078 0.021759 0.005122 0.016049
0 0.029818 0.021759 0.005122 0.016049
0 0.029818 0.021759 0.005122 0.016049
0 0.029644 0.021759 0.005122 0.016049
0 0.029644 0.022222 0.005122 0.016049
0 0.029644 0.022222 0.005122 0.016049
0 0.029644 0.022222 0.005122 0.016049
0 0.029644 0.022222 0.005122 0.016049
0 0.029644 0.022222 0.005122 0.016049
0 0.029644 0.022222 0.005122 0.016049
0 0.029644 0.022222 0.005122 0.016049
0 0.029644 0.022222 0.005122 0.016049
0 0.029644 0.022222 0.005122 0.016049
0 0.029644 0.022222 0.005122 0.016049
0 0.029644 0.022222 0.005122 0.016049
0 0.029644 0.022222 0.005122 0.016049
0 0.029818 0.022222 0.005122 0.016049
0 0.029818 0.022222 0.005122 0.016049
0 0.030078 0.022222 0.005122 0.016049
0 0.030339 0.022222 0.005122 0.016049
0 0.030339 0.022222 0.005122 0.016049
0 0.030599 0.022222 0.005122 0.016049
0 0.030599 0.022222 0.005122 0.016049
0 0.030859 0.022222 0.005122 0.016049
0 0.031033 0.022685 0.005122 0.016049
0 0.031293 0.022685 0.005122 0.016049
0 0.031684 0.022917 0.005382 0.016512
0 0.031944 0.022917 0.005382 0.016512
0 0.032292 0.023148 0.005556 0.016975
0 0.032509 0.023611 0.005642 0.016975
0 0.032899 0.023611 0.005903 0.016975
0 0.033160 0.023765 0.005903 0.017284
0 0.033507 0.023765 0.006076 0.017284
0 0.033767 0.023997 0.006076 0.017747
0 0.034245 0.024460 0.006163 0.017747
0 0.034462 0.024460 0.006076 0.017747
0 0.034722 0.024691 0.006076 0.017284
0 0.034983 0.024691 0.006076 0.017284
0 0.035243 0.024846 0.006076 0.016975
0 0.035677 0.024846 0.006076 0.016975
0 0.035937 0.025077 0.006076 0.016512
0 0.036198 0.025077 0.006076 0.016512
0 0.036458 0.025309 0.006076 0.016049
0 0.036675 0.025309 0.006163 0.016049
0 0.037153 0.025772 0.006076 0.016049
0 0.037153 0.025540 0.006076 0.016512
0 0.037283 0.025540 0.006337 0.016512
0 0.037413 0.025540 0.006076 0.016512
0 0.037543 0.025309 0.006337 0.016975
0 0.037804 0.025309 0.006337 0.016975
0 0.037804 0.025309 0.006337 0.016975
0 0.037934 0.025077 0.006597 0.017438
0 0.038021 0.025077 0.006424 0.017438
0 0.038108 0.025077 0.006597 0.017438
0 0.038368 0.025077 0.006597 0.017438
