0 0.210417 0.083179 0.003646 0.013889
0 0.210677 0.082948 0.003646 0.013426
0 0.210938 0.082948 0.003646 0.013426
0 0.211155 0.082948 0.003733 0.013426
0 0.211372 0.082948 0.003646 0.013426
0 0.211632 0.082948 0.003646 0.013426
0 0.211892 0.082948 0.003646 0.013426
0 0.212153 0.082948 0.003646 0.013426
0 0.212413 0.082948 0.003646 0.013426
0 0.212587 0.082948 0.003646 0.013426
0 0.212977 0.083179 0.003385 0.012963
0 0.213238 0.083179 0.003385 0.012963
0 0.213498 0.083179 0.003385 0.012963
0 0.213715 0.083179 0.003472 0.012963
0 0.213976 0.083179 0.003472 0.012963
0 0.214193 0.083179 0.003385 0.012963
0 0.214453 0.083179 0.003385 0.012963
0 0.214714 0.083179 0.003385 0.012963
0 0.214931 0.083179 0.003472 0.012963
0 0.215191 0.083179 0.003472 0.012963
0 0.215668 0.083179 0.003385 0.012963
0 0.215668 0.083179 0.003385 0.012963
0 0.215929 0.083410 0.003385 0.013426
0 0.216059 0.083410 0.003646 0.013426
0 0.216146 0.083642 0.003472 0.013889
0 0.216406 0.084105 0.003472 0.013889
0 0.216493 0.084105 0.003646 0.013889
0 0.216623 0.084336 0.003385 0.014352
0 0.216753 0.084336 0.003646 0.014352
0 0.217014 0.084491 0.003646 0.014660
0 0.217274 0.084954 0.003646 0.014660
0 0.217274 0.084722 0.003646 0.014198
0 0.217535 0.084722 0.003646 0.014198
0 0.217752 0.084722 0.003733 0.014198
0 0.217752 0.084722 0.003733 0.014198
0 0.217969 0.084954 0.003646 0.013735
0 0.218229 0.084799 0.003646 0.013426
0 0.218229 0.084799 0.003646 0.013426
0 0.218490 0.084799 0.003646 0.013426
0 0.218750 0.084799 0.003646 0.013426
0 0.218967 0.084954 0.003733 0.013117
0 0.218967 0.084722 0.003733 0.012654
0 0.219097 0.084722 0.003472 0.012654
0 0.219227 0.084722 0.003212 0.012654
0 0.219314 0.084722 0.003385 0.012654
0 0.219444 0.084954 0.003125 0.012191
0 0.219575 0.084954 0.002865 0.012191
0 0.219705 0.084954 0.003125 0.012191
0 0.219792 0.084954 0.002951 0.012191
0 0.219922 0.084954 0.002691 0.012191
0 0.220182 0.085185 0.002691 0.011728
0 0.220182 0.085185 0.002691 0.011728
0 0.220312 0.085417 0.002951 0.012191
0 0.220312 0.085417 0.002951 0.012191
0 0.220573 0.085571 0.002951 0.012500
0 0.220573 0.085802 0.002951 0.012037
0 0.220660 0.086034 0.003125 0.012500
0 0.220790 0.086034 0.002865 0.012500
0 0.220920 0.086265 0.003125 0.012963
0 0.220920 0.086265 0.003125 0.012963
0 0.221181 0.086728 0.003125 0.012963
0 0.221181 0.086497 0.003125 0.012500
0 0.221267 0.086497 0.002951 0.012500
0 0.221398 0.086265 0.003212 0.012037
0 0.221528 0.086265 0.002951 0.012037
0 0.221788 0.086420 0.002951 0.011728
0 0.221788 0.086188 0.002951 0.011265
0 0.221918 0.086188 0.002691 0.011265
0 0.222005 0.086034 0.002865 0.010957
0 0.222135 0.086034 0.002604 0.010957
0 0.222352 0.086265 0.002691 0.010494
0 0.222352 0.086265 0.002691 0.010494
0 0.222352 0.086420 0.002691 0.010802
0 0.222352 0.086651 0.002691 0.011265
0 0.222613 0.086651 0.002691 0.011265
0 0.222613 0.086883 0.002691 0.011728
0 0.222613 0.087114 0.002691 0.012191
0 0.222873 0.087114 0.002691 0.012191
0 0.222873 0.087346 0.002691 0.012654
0 0.222873 0.087577 0.002691 0.013117
0 0.223134 0.087963 0.002691 0.012963
0 0.223134 0.087963 0.002691 0.012963
0 0.223134 0.087963 0.002691 0.012963
0 0.223134 0.087963 0.002691 0.012963
0 0.223134 0.088426 0.002691 0.012963
0 0.223134 0.088426 0.002691 0.012963
0 0.223134 0.088426 0.002691 0.012963
0 0.223134 0.088889 0.002691 0.012963
0 0.223134 0.088889 0.002691 0.012963
0 0.223134 0.088889 0.002691 0.012963
0 0.223134 0.089275 0.002691 0.013117
0 0.223134 0.089275 0.002691 0.013117
0 0.223394 0.089275 0.002691 0.013117
0 0.223481 0.089275 0.002865 0.013117
0 0.223568 0.089506 0.002691 0.012654
0 0.223698 0.089738 0.002951 0.013117
0 0.223958 0.089738 0.002951 0.013117
0 0.223958 0.089969 0.002951 0.012654
0 0.224219 0.089969 0.002951 0.012654
0 0.224349 0.089969 0.003212 0.012654
0 0.224566 0.090355 0.003125 0.012500
0 0.224566 0.090355 0.003125 0.012500
0 0.224566 0.090355 0.003125 0.012500
0 0.224566 0.090355 0.003125 0.012500
0 0.224566 0.090586 0.003125 0.012963
0 0.224826 0.090818 0.003125 0.012500
0 0.224826 0.090818 0.003125 0.012500
0 0.224826 0.091049 0.003125 0.012963
0 0.224826 0.091049 0.003125 0.012963
0 0.224826 0.091049 0.003125 0.012963
0 0.225043 0.091435 0.003212 0.013117
0 0.225043 0.091435 0.003212 0.013117
0 0.225043 0.091435 0.003212 0.013117
0 0.225043 0.091435 0.003212 0.013117
0 0.225304 0.091435 0.003212 0.013117
0 0.225304 0.091667 0.003212 0.012654
0 0.225304 0.091667 0.003212 0.012654
0 0.225564 0.091667 0.003212 0.012654
0 0.225564 0.091667 0.003212 0.012654
0 0.225564 0.091667 0.003212 0.012654
0 0.225781 0.092130 0.003125 0.012654
0 0.225694 0.092130 0.002951 0.012654
0 0.225694 0.092130 0.002951 0.012654
0 0.225694 0.092130 0.002951 0.012654
0 0.225694 0.092515 0.002951 0.012500
0 0.225694 0.092515 0.002951 0.012500
0 0.225694 0.092515 0.002951 0.012500
0 0.225694 0.092978 0.002951 0.012500
0 0.225694 0.092978 0.002951 0.012500
0 0.225694 0.092978 0.002951 0.012500
0 0.225694 0.093441 0.002951 0.012500
0 0.225694 0.093441 0.002951 0.012500
0 0.225694 0.093441 0.002951 0.012500
0 0.225781 0.093673 0.003125 0.012963
0 0.225781 0.093827 0.003125 0.012654
0 0.225911 0.094059 0.003385 0.013117
0 0.225911 0.094059 0.003385 0.013117
0 0.225911 0.094290 0.003385 0.012654
0 0.226042 0.094444 0.003646 0.012963
0 0.226042 0.094444 0.003646 0.012963
0 0.226302 0.094907 0.003646 0.012963
0 0.226042 0.094676 0.003646 0.012500
0 0.226042 0.094907 0.003646 0.012037
0 0.225911 0.094907 0.003385 0.012037
0 0.225911 0.095139 0.003385 0.011574
0 0.225781 0.095293 0.003125 0.011265
0 0.225651 0.095293 0.003385 0.011265
0 0.225564 0.095525 0.003212 0.010802
0 0.225564 0.095525 0.003212 0.010802
0 0.225434 0.095756 0.002951 0.010340
0 0.225434 0.095988 0.002951 0.009877
0 0.225174 0.095988 0.002951 0.009877
0 0.224913 0.096219 0.002951 0.010340
0 0.224913 0.096219 0.002951 0.010340
0 0.224696 0.096451 0.002865 0.010802
0 0.224696 0.096682 0.002865 0.010340
0 0.224479 0.096914 0.002951 0.010802
0 0.224219 0.096914 0.002951 0.010802
0 0.224219 0.097145 0.002951 0.011265
0 0.223958 0.097145 0.002951 0.011265
0 0.223958 0.097531 0.002951 0.011420
0 0.223698 0.097531 0.002951 0.011420
0 0.223481 0.097531 0.002865 0.011420
0 0.223264 0.097531 0.002951 0.011420
0 0.223003 0.097531 0.002951 0.011420
0 0.222743 0.097531 0.002951 0.011420
0 0.222483 0.097531 0.002951 0.011420
0 0.222266 0.097531 0.002865 0.011420
0 0.222005 0.097531 0.002865 0.011420
0 0.221788 0.097531 0.002951 0.011420
0 0.221528 0.097917 0.002951 0.011265
0 0.221181 0.097917 0.003125 0.011265
0 0.220920 0.097917 0.003125 0.011265
0 0.220660 0.097917 0.003125 0.011265
0 0.220443 0.097917 0.003212 0.011265
0 0.220182 0.097917 0.003212 0.011265
0 0.219922 0.097917 0.003212 0.011265
0 0.219705 0.097917 0.003125 0.011265
0 0.219444 0.097917 0.003125 0.011265
0 0.219227 0.097917 0.003212 0.011265
0 0.218967 0.098148 0.003212 0.011728
