0 0.189670 0.118596 0.004167 0.016821
0 0.189410 0.118133 0.004167 0.016821
0 0.189410 0.118133 0.004167 0.016821
0 0.189410 0.118133 0.004167 0.016821
0 0.189410 0.118133 0.004167 0.016821
0 0.189410 0.118133 0.004167 0.016821
0 0.189410 0.118133 0.004167 0.016821
0 0.189410 0.118133 0.004167 0.016821
0 0.189410 0.118133 0.004167 0.016821
0 0.189410 0.118133 0.004167 0.016821
0 0.189410 0.118133 0.004167 0.016821
0 0.189410 0.118133 0.004167 0.016821
0 0.189410 0.118133 0.004167 0.016821
0 0.189410 0.118133 0.004167 0.016821
0 0.189670 0.118133 0.004167 0.016821
0 0.189670 0.118133 0.004167 0.016821
0 0.189670 0.118133 0.004167 0.016821
0 0.189931 0.118133 0.004167 0.016821
0 0.189931 0.118133 0.004167 0.016821
0 0.189931 0.118133 0.004167 0.016821
0 0.190191 0.118364 0.004167 0.016358
0 0.189931 0.118133 0.004167 0.016821
0 0.189931 0.118133 0.004167 0.016821
0 0.189931 0.118133 0.004167 0.016821
0 0.189670 0.118133 0.004167 0.016821
0 0.189670 0.118133 0.004167 0.016821
0 0.189670 0.118133 0.004167 0.016821
0 0.189410 0.118133 0.004167 0.016821
0 0.189410 0.118133 0.004167 0.016821
0 0.189410 0.118133 0.004167 0.016821
0 0.189410 0.118133 0.004167 0.016821
0 0.189410 0.118133 0.004167 0.016821
0 0.189410 0.118133 0.004167 0.016821
0 0.189410 0.118133 0.004167 0.016821
0 0.189410 0.118133 0.004167 0.016821
0 0.189410 0.118133 0.004167 0.016821
0 0.189410 0.118133 0.004167 0.016821
0 0.189410 0.118133 0.004167 0.016821
0 0.189410 0.118133 0.004167 0.016821
0 0.189410 0.118133 0.004167 0.016821
0 0.189410 0.118596 0.004167 0.016821
0 0.189410 0.118596 0.004167 0.016821
0 0.189410 0.118596 0.004167 0.016821
0 0.189410 0.118596 0.004167 0.016821
0 0.189410 0.118596 0.004167 0.016821
0 0.189410 0.118596 0.004167 0.016821
0 0.189410 0.118596 0.004167 0.016821
0 0.189410 0.118596 0.004167 0.016821
0 0.189410 0.118596 0.004167 0.016821
0 0.189410 0.118596 0.004167 0.016821
0 0.189670 0.118981 0.004167 0.016975
0 0.189410 0.118981 0.004167 0.016975
0 0.189410 0.118981 0.004167 0.016975
0 0.189193 0.118981 0.004080 0.016975
0 0.189193 0.118981 0.004080 0.016975
0 0.189193 0.118981 0.004080 0.016975
0 0.188976 0.118981 0.004167 0.016975
0 0.188976 0.118981 0.004167 0.016975
0 0.188715 0.118981 0.004167 0.016975
0 0.188715 0.118981 0.004167 0.016975
0 0.188715 0.118981 0.004167 0.016975
0 0.188455 0.118981 0.004167 0.016975
0 0.188194 0.119213 0.004167 0.016512
0 0.188194 0.119676 0.004167 0.016512
0 0.187977 0.119907 0.004080 0.016049
0 0.187977 0.120370 0.004080 0.016049
0 0.187760 0.120525 0.004167 0.015741
0 0.187500 0.120756 0.004167 0.015278
0 0.187500 0.121142 0.004167 0.015123
0 0.187240 0.121373 0.004167 0.014660
0 0.187240 0.121836 0.004167 0.014660
0 0.186979 0.121836 0.004167 0.014660
0 0.186979 0.121836 0.004167 0.014660
0 0.186762 0.121836 0.004080 0.014660
0 0.186762 0.121836 0.004080 0.014660
0 0.186545 0.121836 0.004167 0.014660
0 0.186545 0.121836 0.004167 0.014660
0 0.186285 0.121836 0.004167 0.014660
0 0.186285 0.121836 0.004167 0.014660
0 0.186024 0.121836 0.004167 0.014660
0 0.186024 0.121836 0.004167 0.014660
0 0.185764 0.122068 0.004167 0.015123
0 0.185764 0.122454 0.004167 0.015278
0 0.185503 0.122917 0.004167 0.015278
0 0.185503 0.123071 0.004167 0.015586
0 0.185503 0.123534 0.004167 0.015586
0 0.185286 0.123997 0.004080 0.015586
0 0.185286 0.124228 0.004080 0.016049
0 0.185069 0.124691 0.004167 0.016049
0 0.185069 0.125154 0.004167 0.016049
0 0.185069 0.125694 0.004167 0.016512
0 0.184679 0.125694 0.004427 0.016512
0 0.184418 0.125694 0.004427 0.016512
0 0.184201 0.125926 0.004861 0.016049
0 0.183941 0.125926 0.004861 0.016049
0 0.183811 0.126157 0.005122 0.015586
0 0.183464 0.126157 0.005295 0.015586
0 0.183247 0.126157 0.005382 0.015586
0 0.182986 0.126389 0.005903 0.015123
0 0.182726 0.126389 0.005903 0.015123
0 0.182595 0.126852 0.006163 0.015123
0 0.182378 0.126852 0.006076 0.015123
0 0.182248 0.127238 0.005816 0.015278
0 0.182248 0.127238 0.005816 0.015278
0 0.181988 0.127701 0.005816 0.015278
0 0.181988 0.127932 0.005816 0.014815
0 0.181901 0.128086 0.005642 0.015123
0 0.181641 0.128318 0.005642 0.014660
0 0.181641 0.128549 0.005642 0.015123
0 0.181510 0.128781 0.005382 0.014660
0 0.181510 0.129167 0.005382 0.014815
0 0.180990 0.129167 0.005382 0.014815
0 0.180773 0.129630 0.005295 0.014815
0 0.180295 0.129630 0.005382 0.014815
0 0.180035 0.130093 0.005382 0.014815
0 0.179774 0.130478 0.005382 0.014660
0 0.179340 0.130478 0.005382 0.014660
0 0.179080 0.130941 0.005382 0.014660
0 0.178559 0.130941 0.005382 0.014660
0 0.178342 0.131327 0.005295 0.014815
0 0.178125 0.131790 0.005382 0.014815
0 0.177604 0.131790 0.005382 0.014815
0 0.177344 0.132253 0.005382 0.014815
0 0.177083 0.132407 0.005382 0.015123
0 0.176780 0.132870 0.005122 0.015123
0 0.176519 0.133102 0.005122 0.015586
0 0.176128 0.133565 0.005382 0.015586
0 0.175738 0.133796 0.005122 0.016049
0 0.175564 0.134259 0.005122 0.016049
0 0.175304 0.134414 0.005122 0.016358
0 0.175043 0.134799 0.005122 0.016512
0 0.174523 0.134799 0.005122 0.016512
0 0.174349 0.135262 0.005122 0.016512
0 0.173828 0.135262 0.005122 0.016512
0 0.173568 0.135725 0.005122 0.016512
0 0.173307 0.135725 0.005122 0.016512
0 0.172873 0.136188 0.005122 0.016512
0 0.172613 0.136188 0.005122 0.016512
0 0.172092 0.136574 0.005122 0.016358
0 0.171832 0.136574 0.005122 0.016358
0 0.171658 0.136960 0.005122 0.016512
0 0.171137 0.136960 0.005122 0.016512
0 0.170616 0.137423 0.005122 0.016512
0 0.170182 0.137886 0.005122 0.016512
0 0.169661 0.138349 0.005122 0.016512
0 0.169401 0.138735 0.005122 0.016358
0 0.168967 0.139120 0.005122 0.016512
0 0.168446 0.139583 0.005122 0.016512
0 0.167925 0.140046 0.005122 0.016512
0 0.167491 0.140509 0.005122 0.016512
0 0.167231 0.140972 0.005122 0.016512
0 0.166710 0.140972 0.005122 0.016512
0 0.166276 0.141358 0.005122 0.016358
0 0.166016 0.141358 0.005122 0.016358
0 0.165495 0.141744 0.005122 0.016512
0 0.165321 0.142207 0.005122 0.016512
0 0.164800 0.142207 0.005122 0.016512
0 0.164280 0.142670 0.005122 0.016512
0 0.164062 0.142670 0.005208 0.016512
0 0.163585 0.143133 0.005122 0.016512
0 0.163325 0.143519 0.005122 0.016358
0 0.162804 0.143519 0.005122 0.016358
0 0.162630 0.143904 0.005122 0.016512
0 0.162370 0.144367 0.005122 0.016512
0 0.161849 0.144367 0.005122 0.016512
0 0.161589 0.144830 0.005122 0.016512
0 0.161415 0.145293 0.005122 0.016512
0 0.160894 0.145293 0.005122 0.016512
0 0.160634 0.145679 0.005122 0.016358
0 0.160373 0.146065 0.005122 0.016512
0 0.160156 0.146528 0.005208 0.016512
0 0.159679 0.146528 0.005122 0.016512
0 0.159288 0.146528 0.005382 0.016512
0 0.159028 0.146759 0.005382 0.016049
0 0.158681 0.146759 0.005556 0.016049
0 0.158464 0.146759 0.005642 0.016049
0 0.158073 0.147222 0.005903 0.016049
0 0.157856 0.147222 0.005816 0.016049
0 0.157465 0.147222 0.006076 0.016049
0 0.157205 0.147454 0.006076 0.015586
0 0.156901 0.147454 0.006337 0.015586
