0 0.093663 0.115355 0.008333 0.006019
0 0.093663 0.115355 0.008333 0.006019
0 0.093663 0.115355 0.008333 0.006019
0 0.093663 0.115355 0.008333 0.006019
0 0.093663 0.115355 0.008333 0.006019
0 0.093663 0.115355 0.008333 0.006019
0 0.093663 0.115355 0.008333 0.006019
0 0.093663 0.115355 0.008333 0.006019
0 0.093663 0.115355 0.008333 0.006019
0 0.093663 0.115355 0.008333 0.006019
0 0.093663 0.115355 0.008333 0.006019
0 0.093663 0.115355 0.008333 0.006019
0 0.093663 0.115355 0.008333 0.006019
0 0.093663 0.115355 0.008333 0.006019
0 0.093663 0.115355 0.008333 0.006019
0 0.093663 0.115355 0.008333 0.006019
0 0.093663 0.115355 0.008333 0.006019
0 0.093663 0.115355 0.008333 0.006019
0 0.093663 0.115355 0.008333 0.006019
0 0.093663 0.115355 0.008333 0.006019
0 0.093663 0.115355 0.008333 0.006019
0 0.093663 0.115355 0.008333 0.006019
0 0.093663 0.115355 0.008333 0.006019
0 0.093663 0.115355 0.008333 0.006019
0 0.093663 0.115355 0.008333 0.006019
0 0.093663 0.115355 0.008333 0.006019
0 0.093663 0.115355 0.008333 0.006019
0 0.093663 0.115355 0.008333 0.006019
0 0.093663 0.115355 0.008333 0.006019
0 0.093663 0.115355 0.008333 0.006019
0 0.093663 0.115355 0.008333 0.006019
0 0.093663 0.115355 0.008333 0.006019
0 0.093663 0.115355 0.008333 0.006019
0 0.093663 0.115355 0.008333 0.006019
0 0.093663 0.115355 0.008333 0.006019
0 0.093663 0.115355 0.008333 0.006019
0 0.093663 0.115355 0.008333 0.006019
0 0.093663 0.115355 0.008333 0.006019
0 0.093663 0.115355 0.008333 0.006019
0 0.093663 0.115355 0.008333 0.006019
0 0.093663 0.115355 0.008333 0.006019
0 0.093663 0.115355 0.008333 0.006019
0 0.093663 0.115355 0.008333 0.006019
0 0.093663 0.115355 0.008333 0.006019
0 0.093663 0.115355 0.008333 0.006019
0 0.093663 0.115355 0.008333 0.006019
0 0.093663 0.115355 0.008333 0.006019
0 0.093663 0.115355 0.008333 0.006019
0 0.093663 0.115355 0.008333 0.006019
0 0.093663 0.115355 0.008333 0.006019
0 0.093663 0.115355 0.008333 0.006019
0 0.093663 0.115355 0.008333 0.006019
0 0.093663 0.115355 0.008333 0.006019
0 0.093663 0.115355 0.008333 0.006019
0 0.093663 0.115355 0.008333 0.006019
0 0.093663 0.115355 0.008333 0.006019
0 0.093663 0.115355 0.008333 0.006019
0 0.093663 0.115355 0.008333 0.006019
0 0.093663 0.115355 0.008333 0.006019
0 0.093663 0.115355 0.008333 0.006019
0 0.093663 0.115355 0.008333 0.006019
0 0.093663 0.114892 0.008333 0.006019
0 0.093663 0.114892 0.008333 0.006019
0 0.093924 0.114892 0.008333 0.006019
0 0.093924 0.114892 0.008333 0.006019
0 0.094141 0.114892 0.008247 0.006019
0 0.094141 0.114892 0.008247 0.006019
0 0.094141 0.114892 0.008247 0.006019
0 0.094401 0.114892 0.008247 0.006019
0 0.094401 0.114892 0.008247 0.006019
0 0.094618 0.114892 0.008333 0.006019
0 0.094618 0.114429 0.008333 0.006019
0 0.094618 0.114429 0.008333 0.006019
0 0.094618 0.114429 0.008333 0.006019
0 0.094878 0.114429 0.008333 0.006019
0 0.094878 0.114429 0.008333 0.006019
0 0.094878 0.114429 0.008333 0.006019
0 0.095139 0.114429 0.008333 0.006019
0 0.095139 0.114429 0.008333 0.006019
0 0.095139 0.114429 0.008333 0.006019
0 0.095356 0.114429 0.008247 0.006019
0 0.095356 0.114429 0.008247 0.006019
0 0.095356 0.114429 0.008247 0.006019
0 0.095356 0.114429 0.008247 0.006019
0 0.095356 0.114429 0.008247 0.006019
0 0.095356 0.114429 0.008247 0.006019
0 0.095356 0.114429 0.008247 0.006019
0 0.095356 0.114429 0.008247 0.006019
0 0.095356 0.114429 0.008247 0.006019
0 0.095356 0.114429 0.008247 0.006019
0 0.095356 0.114429 0.008247 0.006019
0 0.095356 0.114429 0.008247 0.006019
0 0.095356 0.114429 0.008247 0.006019
0 0.095356 0.114429 0.008247 0.006019
0 0.095356 0.114429 0.008247 0.006019
0 0.095616 0.114429 0.008247 0.006019
0 0.095616 0.114429 0.008247 0.006019
0 0.095616 0.114429 0.008247 0.006019
0 0.095616 0.114429 0.008247 0.006019
0 0.095616 0.114429 0.008247 0.006019
0 0.095833 0.114429 0.008333 0.006019
0 0.095833 0.114429 0.008333 0.006019
0 0.096094 0.114429 0.008333 0.006019
0 0.096094 0.114429 0.008333 0.006019
0 0.096354 0.114429 0.008333 0.006019
0 0.096571 0.114892 0.008247 0.006019
0 0.096571 0.114892 0.008247 0.006019
0 0.096832 0.114892 0.008247 0.006019
0 0.096832 0.114892 0.008247 0.006019
0 0.097092 0.114892 0.008247 0.006019
0 0.097309 0.115355 0.008333 0.006019
0 0.097309 0.115355 0.008333 0.006019
0 0.097309 0.115355 0.008333 0.006019
0 0.097309 0.115355 0.008333 0.006019
0 0.097309 0.115355 0.008333 0.006019
0 0.097309 0.115355 0.008333 0.006019
0 0.097309 0.115355 0.008333 0.006019
0 0.097309 0.115355 0.008333 0.006019
0 0.097309 0.115355 0.008333 0.006019
0 0.097309 0.115355 0.008333 0.006019
0 0.097309 0.115355 0.008333 0.006019
0 0.097309 0.115355 0.008333 0.006019
0 0.097309 0.115355 0.008333 0.006019
0 0.097309 0.115355 0.008333 0.006019
0 0.097309 0.115355 0.008333 0.006019
0 0.097309 0.115355 0.008333 0.006019
0 0.097309 0.115355 0.008333 0.006019
0 0.097309 0.115355 0.008333 0.006019
0 0.097309 0.115355 0.008333 0.006019
0 0.097309 0.115355 0.008333 0.006019
0 0.097309 0.115355 0.008333 0.006019
0 0.097309 0.115355 0.008333 0.006019
0 0.097309 0.115355 0.008333 0.006019
0 0.097309 0.115355 0.008333 0.006019
0 0.097309 0.115355 0.008333 0.006019
0 0.097309 0.115355 0.008333 0.006019
0 0.097309 0.115355 0.008333 0.006019
0 0.097309 0.115355 0.008333 0.006019
0 0.097309 0.115355 0.008333 0.006019
0 0.097309 0.115355 0.008333 0.006019
0 0.097309 0.115355 0.008333 0.006019
0 0.097309 0.114892 0.008333 0.006019
0 0.097569 0.114892 0.008333 0.006019
0 0.097830 0.114892 0.008333 0.006019
0 0.097830 0.114892 0.008333 0.006019
0 0.098047 0.114892 0.008247 0.006019
0 0.098307 0.114892 0.008247 0.006019
0 0.098307 0.114892 0.008247 0.006019
0 0.098524 0.114892 0.008333 0.006019
0 0.098785 0.114892 0.008333 0.006019
0 0.099045 0.114892 0.008333 0.006019
0 0.099045 0.114892 0.008333 0.006019
0 0.099045 0.114892 0.008333 0.006019
0 0.099262 0.114892 0.008247 0.006019
0 0.099262 0.114892 0.008247 0.006019
0 0.099523 0.114892 0.008247 0.006019
0 0.099523 0.114892 0.008247 0.006019
0 0.099523 0.114892 0.008247 0.006019
0 0.099740 0.114892 0.008333 0.006019
0 0.099740 0.114892 0.008333 0.006019
0 0.100000 0.114892 0.008333 0.006019
0 0.100000 0.114892 0.008333 0.006019
0 0.100000 0.114892 0.008333 0.006019
0 0.100000 0.114892 0.008333 0.006019
0 0.100000 0.114892 0.008333 0.006019
0 0.100000 0.114892 0.008333 0.006019
0 0.100000 0.114892 0.008333 0.006019
0 0.100000 0.114892 0.008333 0.006019
0 0.100000 0.114892 0.008333 0.006019
0 0.100000 0.114892 0.008333 0.006019
0 0.100000 0.114892 0.008333 0.006019
0 0.100000 0.114892 0.008333 0.006019
0 0.100260 0.114892 0.008333 0.006019
0 0.100260 0.114892 0.008333 0.006019
0 0.100477 0.114892 0.008247 0.006019
0 0.100477 0.114892 0.008247 0.006019
0 0.100738 0.114892 0.008247 0.006019
0 0.100738 0.114892 0.008247 0.006019
0 0.100998 0.114892 0.008247 0.006019
0 0.100998 0.114892 0.008247 0.006019
0 0.101215 0.114892 0.008333 0.006019
