0 0.261285 0.254090 0.007292 0.015586
0 0.260807 0.253704 0.007378 0.015741
0 0.260590 0.253704 0.007292 0.015741
0 0.260330 0.253704 0.007292 0.015741
0 0.259852 0.253704 0.007378 0.015741
0 0.259592 0.253704 0.007378 0.015741
0 0.259375 0.253318 0.007292 0.015586
0 0.258854 0.253318 0.007292 0.015586
0 0.258594 0.253318 0.007292 0.015586
0 0.258377 0.253318 0.007378 0.015586
0 0.258160 0.253318 0.007292 0.015586
0 0.257639 0.252855 0.007292 0.015586
0 0.257378 0.252855 0.007292 0.015586
0 0.257161 0.252392 0.007378 0.015586
0 0.256901 0.252392 0.007378 0.015586
0 0.256684 0.251929 0.007292 0.015586
0 0.256424 0.251929 0.007292 0.015586
0 0.256163 0.251543 0.007292 0.015741
0 0.255946 0.251543 0.007378 0.015741
0 0.255686 0.251157 0.007378 0.015586
0 0.255469 0.251157 0.007292 0.015586
0 0.255469 0.251157 0.007292 0.015586
0 0.255469 0.251157 0.007292 0.015586
0 0.255469 0.251157 0.007292 0.015586
0 0.255469 0.251157 0.007292 0.015586
0 0.255469 0.251157 0.007292 0.015586
0 0.255469 0.251157 0.007292 0.015586
0 0.255469 0.251157 0.007292 0.015586
0 0.255469 0.251157 0.007292 0.015586
0 0.255469 0.251157 0.007292 0.015586
0 0.255469 0.251157 0.007292 0.015586
0 0.255469 0.251157 0.007292 0.015586
0 0.255469 0.251157 0.007292 0.015586
0 0.255469 0.251157 0.007292 0.015586
0 0.255469 0.251157 0.007292 0.015586
0 0.255469 0.251157 0.007292 0.015586
0 0.255469 0.251157 0.007292 0.015586
0 0.255469 0.251157 0.007292 0.015586
0 0.255469 0.251157 0.007292 0.015586
0 0.255469 0.251157 0.007292 0.015586
0 0.255469 0.251157 0.007292 0.015586
0 0.255469 0.251157 0.007292 0.015586
0 0.255469 0.251157 0.007292 0.015586
0 0.255469 0.251157 0.007292 0.015586
0 0.255469 0.251157 0.007292 0.015586
0 0.255469 0.251157 0.007292 0.015586
0 0.255469 0.251157 0.007292 0.015586
0 0.255469 0.251157 0.007292 0.015586
0 0.255469 0.251157 0.007292 0.015586
0 0.255469 0.251157 0.007292 0.015586
0 0.255469 0.251157 0.007292 0.015586
0 0.255469 0.251157 0.007292 0.015586
0 0.255469 0.251157 0.007292 0.015586
0 0.255469 0.251157 0.007292 0.015586
0 0.255469 0.251157 0.007292 0.015586
0 0.255469 0.251157 0.007292 0.015586
0 0.255469 0.251157 0.007292 0.015586
0 0.255469 0.251157 0.007292 0.015586
0 0.255469 0.251157 0.007292 0.015586
0 0.255469 0.251157 0.007292 0.015586
0 0.255469 0.251157 0.007292 0.015586
0 0.255208 0.250694 0.007292 0.015586
0 0.255208 0.250231 0.007292 0.015586
0 0.255208 0.249769 0.007292 0.015586
0 0.255208 0.249306 0.007292 0.015586
0 0.255208 0.248920 0.007292 0.015741
0 0.255208 0.248534 0.007292 0.015586
0 0.255208 0.248071 0.007292 0.015586
0 0.255208 0.247608 0.007292 0.015586
0 0.255208 0.247145 0.007292 0.015586
0 0.255208 0.246759 0.007292 0.015741
0 0.254948 0.246373 0.007292 0.015586
0 0.254948 0.246373 0.007292 0.015586
0 0.254948 0.246373 0.007292 0.015586
0 0.254948 0.245910 0.007292 0.015586
0 0.254948 0.245910 0.007292 0.015586
0 0.254948 0.245910 0.007292 0.015586
0 0.254948 0.245448 0.007292 0.015586
0 0.254948 0.245448 0.007292 0.015586
0 0.254948 0.245448 0.007292 0.015586
0 0.254948 0.245448 0.007292 0.015586
0 0.254687 0.244985 0.007292 0.015586
0 0.254470 0.244985 0.007378 0.015586
0 0.254253 0.244599 0.007292 0.015741
0 0.253993 0.244599 0.007292 0.015741
0 0.253993 0.244213 0.007292 0.015586
0 0.253733 0.244213 0.007292 0.015586
0 0.253472 0.243750 0.007292 0.015586
0 0.253255 0.243750 0.007378 0.015586
0 0.252995 0.243287 0.007378 0.015586
0 0.252995 0.243287 0.007378 0.015586
0 0.252778 0.242824 0.007292 0.015586
0 0.252517 0.242438 0.007292 0.015741
0 0.252257 0.242052 0.007292 0.015586
0 0.252257 0.241590 0.007292 0.015586
0 0.252040 0.241590 0.007378 0.015586
0 0.251780 0.241127 0.007378 0.015586
0 0.251780 0.240664 0.007378 0.015586
0 0.251562 0.240201 0.007292 0.015586
0 0.251302 0.239815 0.007292 0.015741
0 0.251302 0.239815 0.007292 0.015741
0 0.251042 0.239429 0.007292 0.015586
0 0.250825 0.239429 0.007378 0.015586
0 0.250564 0.239198 0.007378 0.016049
0 0.250347 0.238966 0.007292 0.015586
0 0.250217 0.238966 0.007031 0.015586
0 0.249957 0.238735 0.007031 0.016049
0 0.249696 0.238503 0.007031 0.015586
0 0.249479 0.238272 0.007118 0.016049
0 0.249219 0.238272 0.007118 0.016049
0 0.249089 0.238272 0.006858 0.016049
0 0.248828 0.238272 0.006858 0.016049
0 0.248611 0.238272 0.006771 0.016049
0 0.248611 0.238272 0.006771 0.016049
0 0.248394 0.238272 0.006858 0.016049
0 0.248394 0.238272 0.006858 0.016049
0 0.248134 0.238272 0.006858 0.016049
0 0.247873 0.238272 0.006858 0.016049
0 0.247873 0.238272 0.006858 0.016049
0 0.247613 0.238272 0.006858 0.016049
0 0.247613 0.238272 0.006858 0.016049
0 0.247396 0.238272 0.006771 0.016049
0 0.247396 0.238272 0.006771 0.016049
0 0.247396 0.238272 0.006771 0.016049
0 0.247396 0.238272 0.006771 0.016049
0 0.247396 0.238272 0.006771 0.016049
0 0.247179 0.238272 0.006858 0.016049
0 0.247179 0.238272 0.006858 0.016049
0 0.247179 0.238272 0.006858 0.016049
0 0.247179 0.238272 0.006858 0.016049
0 0.247179 0.238272 0.006858 0.016049
0 0.246918 0.237809 0.006858 0.016049
0 0.246658 0.237809 0.006858 0.016049
0 0.246398 0.237809 0.006858 0.016049
0 0.246181 0.237809 0.006771 0.016049
0 0.245920 0.237809 0.006771 0.016049
0 0.245703 0.237500 0.006858 0.016049
0 0.245443 0.237500 0.006858 0.016049
0 0.245182 0.237500 0.006858 0.016049
0 0.244965 0.237500 0.006771 0.016049
0 0.244705 0.237500 0.006771 0.016049
0 0.244227 0.237037 0.006858 0.016049
0 0.243967 0.237037 0.006858 0.016049
0 0.243490 0.237037 0.006771 0.016049
0 0.243273 0.237037 0.006858 0.016049
0 0.243012 0.237037 0.006858 0.016049
0 0.242491 0.237037 0.006858 0.016049
0 0.242274 0.237037 0.006771 0.016049
0 0.241797 0.237037 0.006858 0.016049
0 0.241536 0.237037 0.006858 0.016049
0 0.241276 0.237037 0.006858 0.016049
0 0.241059 0.236574 0.006771 0.016049
0 0.241059 0.236574 0.006771 0.016049
0 0.240799 0.236574 0.006771 0.016049
0 0.240799 0.236574 0.006771 0.016049
0 0.240582 0.236574 0.006858 0.016049
0 0.240582 0.236111 0.006858 0.016049
0 0.240321 0.236111 0.006858 0.016049
0 0.240321 0.236111 0.006858 0.016049
0 0.240061 0.236111 0.006858 0.016049
0 0.240061 0.236111 0.006858 0.016049
0 0.239583 0.235648 0.006771 0.016049
0 0.239366 0.235648 0.006858 0.016049
0 0.239106 0.235648 0.006858 0.016049
0 0.238845 0.235340 0.006858 0.016049
0 0.238585 0.235340 0.006858 0.016049
0 0.238368 0.235340 0.006771 0.016049
0 0.238151 0.234877 0.006858 0.016049
0 0.237891 0.234877 0.006858 0.016049
0 0.237630 0.234877 0.006858 0.016049
0 0.237370 0.234877 0.006858 0.016049
0 0.237153 0.234414 0.006771 0.016049
0 0.237153 0.234414 0.006771 0.016049
0 0.236892 0.233951 0.006771 0.016049
0 0.236892 0.233951 0.006771 0.016049
0 0.236675 0.233951 0.006858 0.016049
0 0.236675 0.233488 0.006858 0.016049
0 0.236415 0.233488 0.006858 0.016049
0 0.236415 0.233488 0.006858 0.016049
0 0.236155 0.233025 0.006858 0.016049
0 0.236155 0.233025 0.006858 0.016049
