0 0.179167 0.139198 0.008507 0.027778
0 0.178689 0.139198 0.008594 0.027778
0 0.178212 0.139660 0.008507 0.027778
0 0.177734 0.140046 0.008594 0.027623
0 0.177387 0.140278 0.008767 0.028086
0 0.176997 0.140664 0.008507 0.028241
0 0.176519 0.140895 0.008594 0.027778
0 0.176172 0.141127 0.008767 0.028241
0 0.175651 0.141590 0.008767 0.028241
0 0.175130 0.142052 0.008767 0.028241
0 0.174913 0.142438 0.008854 0.028086
0 0.174436 0.142438 0.008767 0.028086
0 0.174175 0.142824 0.008767 0.028241
0 0.173828 0.142824 0.008594 0.028241
0 0.173481 0.143287 0.008767 0.028241
0 0.173220 0.143519 0.008767 0.027778
0 0.172830 0.143750 0.008507 0.028241
0 0.172483 0.143981 0.008854 0.027778
0 0.172135 0.144213 0.008507 0.028241
0 0.171875 0.144444 0.008507 0.027778
0 0.171615 0.144753 0.008507 0.027778
0 0.171398 0.144753 0.008594 0.027778
0 0.171137 0.144753 0.008594 0.027778
0 0.170920 0.144753 0.008507 0.027778
0 0.170660 0.145216 0.008507 0.027778
0 0.170399 0.145216 0.008507 0.027778
0 0.170139 0.145216 0.008507 0.027778
0 0.169922 0.145679 0.008594 0.027778
0 0.169661 0.145679 0.008594 0.027778
0 0.169444 0.145679 0.008507 0.027778
0 0.169444 0.146142 0.008507 0.027778
0 0.169444 0.146142 0.008507 0.027778
0 0.169444 0.146142 0.008507 0.027778
0 0.169444 0.146142 0.008507 0.027778
0 0.169444 0.146142 0.008507 0.027778
0 0.169444 0.146142 0.008507 0.027778
0 0.169444 0.146142 0.008507 0.027778
0 0.169444 0.146142 0.008507 0.027778
0 0.169444 0.146142 0.008507 0.027778
0 0.169444 0.146142 0.008507 0.027778
0 0.169444 0.146605 0.008507 0.027778
0 0.169444 0.146605 0.008507 0.027778
0 0.169661 0.146605 0.008594 0.027778
0 0.169661 0.146605 0.008594 0.027778
0 0.169922 0.146605 0.008594 0.027778
0 0.170139 0.146605 0.008507 0.027778
0 0.170139 0.146605 0.008507 0.027778
0 0.170399 0.146605 0.008507 0.027778
0 0.170399 0.146605 0.008507 0.027778
0 0.170660 0.146605 0.008507 0.027778
0 0.170920 0.146991 0.008507 0.027623
0 0.170920 0.146991 0.008507 0.027623
0 0.170920 0.146991 0.008507 0.027623
0 0.170920 0.146991 0.008507 0.027623
0 0.170920 0.146991 0.008507 0.027623
0 0.171137 0.147377 0.008594 0.027778
0 0.171137 0.147377 0.008594 0.027778
0 0.171137 0.147377 0.008594 0.027778
0 0.171137 0.147377 0.008594 0.027778
0 0.171137 0.147377 0.008594 0.027778
0 0.171398 0.147840 0.008594 0.027778
0 0.171398 0.147840 0.008594 0.027778
0 0.171615 0.148302 0.008507 0.027778
0 0.171875 0.148765 0.008507 0.027778
0 0.171875 0.149151 0.008507 0.027623
0 0.172135 0.149537 0.008507 0.027778
0 0.172352 0.149537 0.008594 0.027778
0 0.172352 0.150000 0.008594 0.027778
0 0.172613 0.150463 0.008594 0.027778
0 0.172830 0.150926 0.008507 0.027778
0 0.173090 0.151389 0.008507 0.027778
0 0.173090 0.151389 0.008507 0.027778
0 0.173351 0.151389 0.008507 0.027778
0 0.173568 0.151389 0.008594 0.027778
0 0.173828 0.151389 0.008594 0.027778
0 0.174045 0.151389 0.008507 0.027778
0 0.174045 0.151389 0.008507 0.027778
0 0.174306 0.151389 0.008507 0.027778
0 0.174566 0.151389 0.008507 0.027778
0 0.174783 0.151389 0.008594 0.027778
0 0.175043 0.151389 0.008594 0.027778
0 0.175043 0.151389 0.008594 0.027778
0 0.175043 0.151389 0.008594 0.027778
0 0.175260 0.151389 0.008507 0.027778
0 0.175260 0.151389 0.008507 0.027778
0 0.175521 0.151389 0.008507 0.027778
0 0.175521 0.151389 0.008507 0.027778
0 0.175521 0.151389 0.008507 0.027778
0 0.175781 0.151389 0.008507 0.027778
0 0.175781 0.151389 0.008507 0.027778
0 0.176042 0.151698 0.008507 0.027778
0 0.176042 0.151698 0.008507 0.027778
0 0.176259 0.151698 0.008594 0.027778
0 0.176519 0.151698 0.008594 0.027778
0 0.176736 0.151698 0.008507 0.027778
0 0.176997 0.151698 0.008507 0.027778
0 0.177257 0.151698 0.008507 0.027778
0 0.177474 0.151698 0.008594 0.027778
0 0.177734 0.151698 0.008594 0.027778
0 0.177951 0.151698 0.008507 0.027778
0 0.178212 0.151698 0.008507 0.027778
0 0.178212 0.151698 0.008507 0.027778
0 0.178212 0.151698 0.008507 0.027778
0 0.178472 0.151698 0.008507 0.027778
0 0.178472 0.151698 0.008507 0.027778
0 0.178689 0.151698 0.008594 0.027778
0 0.178689 0.151698 0.008594 0.027778
0 0.178689 0.151698 0.008594 0.027778
0 0.178950 0.151698 0.008594 0.027778
0 0.178950 0.151698 0.008594 0.027778
0 0.179167 0.151698 0.008507 0.027778
0 0.179427 0.151389 0.008507 0.027778
0 0.179688 0.151389 0.008507 0.027778
0 0.179948 0.151389 0.008507 0.027778
0 0.180165 0.151389 0.008594 0.027778
0 0.180425 0.151389 0.008594 0.027778
0 0.180642 0.151389 0.008507 0.027778
0 0.180903 0.151389 0.008507 0.027778
0 0.181163 0.151389 0.008507 0.027778
0 0.181380 0.151389 0.008594 0.027778
0 0.181641 0.151389 0.008594 0.027778
0 0.181641 0.151389 0.008594 0.027778
0 0.181858 0.151389 0.008507 0.027778
0 0.181858 0.151389 0.008507 0.027778
0 0.182118 0.151389 0.008507 0.027778
0 0.182118 0.151389 0.008507 0.027778
0 0.182378 0.151389 0.008507 0.027778
0 0.182378 0.151389 0.008507 0.027778
0 0.182595 0.151389 0.008594 0.027778
0 0.182595 0.151389 0.008594 0.027778
0 0.182856 0.151389 0.008594 0.027778
0 0.182856 0.151389 0.008594 0.027778
0 0.183073 0.151389 0.008507 0.027778
0 0.183333 0.151389 0.008507 0.027778
0 0.183333 0.151389 0.008507 0.027778
0 0.183594 0.151389 0.008507 0.027778
0 0.183811 0.151389 0.008594 0.027778
0 0.183811 0.151389 0.008594 0.027778
0 0.184071 0.151389 0.008594 0.027778
0 0.184332 0.151389 0.008594 0.027778
0 0.184549 0.151389 0.008507 0.027778
0 0.184549 0.151389 0.008507 0.027778
0 0.184809 0.151389 0.008507 0.027778
0 0.184809 0.151389 0.008507 0.027778
0 0.185069 0.151698 0.008507 0.027778
0 0.185286 0.151698 0.008594 0.027778
0 0.185286 0.151698 0.008594 0.027778
0 0.185547 0.152160 0.008594 0.027778
0 0.185547 0.152160 0.008594 0.027778
0 0.185764 0.152160 0.008507 0.027778
0 0.186024 0.152623 0.008507 0.027778
0 0.186024 0.152623 0.008507 0.027778
0 0.186024 0.152623 0.008507 0.027778
0 0.186024 0.152623 0.008507 0.027778
0 0.186024 0.152623 0.008507 0.027778
0 0.186024 0.152623 0.008507 0.027778
0 0.186024 0.152623 0.008507 0.027778
0 0.186024 0.152623 0.008507 0.027778
0 0.186024 0.152623 0.008507 0.027778
0 0.186024 0.152623 0.008507 0.027778
0 0.186024 0.152623 0.008507 0.027778
0 0.186024 0.153086 0.008507 0.027778
0 0.186024 0.153549 0.008507 0.027778
0 0.186024 0.153858 0.008507 0.027778
0 0.186024 0.154784 0.008507 0.027778
0 0.186285 0.155247 0.008507 0.027778
0 0.186285 0.155710 0.008507 0.027778
0 0.186285 0.156481 0.008507 0.027778
0 0.186285 0.156944 0.008507 0.027778
0 0.186285 0.157407 0.008507 0.027778
0 0.186502 0.158333 0.008594 0.027778
0 0.186502 0.157870 0.008594 0.027778
0 0.186632 0.157870 0.008333 0.027778
0 0.186762 0.157407 0.008594 0.027778
0 0.186892 0.157407 0.008333 0.027778
0 0.186979 0.156944 0.008507 0.027778
0 0.187109 0.156944 0.008247 0.027778
0 0.187109 0.156481 0.008247 0.027778
0 0.187370 0.156481 0.008247 0.027778
0 0.187370 0.156096 0.008247 0.027623
0 0.187587 0.156096 0.008333 0.027623
