0 0.257639 0.107022 0.004861 0.015586
0 0.257899 0.107022 0.004861 0.015586
0 0.258160 0.107022 0.004861 0.015586
0 0.258377 0.107485 0.004948 0.015586
0 0.258594 0.107485 0.004861 0.015586
0 0.259115 0.107948 0.004861 0.015586
0 0.259375 0.107948 0.004861 0.015586
0 0.259592 0.107948 0.004948 0.015586
0 0.259809 0.108410 0.004861 0.015586
0 0.260069 0.108410 0.004861 0.015586
0 0.260590 0.108796 0.004861 0.015741
0 0.260590 0.108796 0.004861 0.015741
0 0.260807 0.109259 0.004948 0.015741
0 0.261068 0.109645 0.004948 0.015586
0 0.261198 0.109645 0.004687 0.015586
0 0.261415 0.110108 0.004601 0.015586
0 0.261545 0.110571 0.004861 0.015586
0 0.261675 0.110571 0.004601 0.015586
0 0.261936 0.111034 0.004601 0.015586
0 0.262153 0.111420 0.004687 0.015741
0 0.262413 0.111806 0.004687 0.015586
0 0.262413 0.111806 0.004687 0.015586
0 0.262413 0.111806 0.004687 0.015586
0 0.262413 0.111806 0.004687 0.015586
0 0.262413 0.112269 0.004687 0.015586
0 0.262413 0.112269 0.004687 0.015586
0 0.262413 0.112269 0.004687 0.015586
0 0.262413 0.112731 0.004687 0.015586
0 0.262413 0.112731 0.004687 0.015586
0 0.262413 0.112731 0.004687 0.015586
0 0.262500 0.113194 0.004861 0.015586
0 0.262283 0.113194 0.004948 0.015586
0 0.262283 0.113194 0.004948 0.015586
0 0.262283 0.113580 0.004948 0.015741
0 0.262283 0.113580 0.004948 0.015741
0 0.262283 0.113966 0.004948 0.015586
0 0.262283 0.113966 0.004948 0.015586
0 0.262283 0.113966 0.004948 0.015586
0 0.262283 0.114429 0.004948 0.015586
0 0.262283 0.114429 0.004948 0.015586
0 0.262283 0.114892 0.004948 0.015586
0 0.262066 0.114892 0.004861 0.015586
0 0.262066 0.114892 0.004861 0.015586
0 0.262066 0.115123 0.004861 0.015123
0 0.262066 0.115355 0.004861 0.015586
0 0.262066 0.115509 0.004861 0.015278
0 0.261806 0.115509 0.004861 0.015278
0 0.261806 0.115741 0.004861 0.015741
0 0.261806 0.115972 0.004861 0.015278
0 0.261806 0.115972 0.004861 0.015278
0 0.261806 0.116358 0.004861 0.015123
0 0.261806 0.116204 0.004861 0.014815
0 0.261806 0.116204 0.004861 0.014815
0 0.261806 0.116204 0.004861 0.014815
0 0.261806 0.116204 0.004861 0.014815
0 0.261936 0.116204 0.004601 0.014815
0 0.261936 0.116204 0.004601 0.014815
0 0.261936 0.116204 0.004601 0.014815
0 0.261936 0.116204 0.004601 0.014815
0 0.261936 0.116204 0.004601 0.014815
0 0.262153 0.116204 0.004687 0.014815
0 0.262153 0.116204 0.004687 0.014815
0 0.262153 0.116204 0.004687 0.014815
0 0.262153 0.116204 0.004687 0.014815
0 0.262413 0.116204 0.004687 0.014815
0 0.262413 0.116204 0.004687 0.014815
0 0.262413 0.116204 0.004687 0.014815
0 0.262630 0.116204 0.004601 0.014815
0 0.262630 0.116204 0.004601 0.014815
0 0.262630 0.116204 0.004601 0.014815
0 0.262891 0.116358 0.004601 0.015123
0 0.262630 0.116358 0.004601 0.015123
0 0.262630 0.116358 0.004601 0.015123
0 0.262500 0.116358 0.004861 0.015123
0 0.262413 0.116358 0.004687 0.015123
0 0.262413 0.116358 0.004687 0.015123
0 0.262283 0.116358 0.004948 0.015123
0 0.262153 0.116358 0.004687 0.015123
0 0.262066 0.116358 0.004861 0.015123
0 0.262066 0.116358 0.004861 0.015123
0 0.262066 0.116590 0.004861 0.015586
0 0.261806 0.116127 0.004861 0.015586
0 0.261806 0.116127 0.004861 0.015586
0 0.261545 0.116127 0.004861 0.015586
0 0.261545 0.116127 0.004861 0.015586
0 0.261545 0.116127 0.004861 0.015586
0 0.261285 0.115741 0.004861 0.015741
0 0.261285 0.115741 0.004861 0.015741
0 0.261068 0.115741 0.004948 0.015741
0 0.261068 0.115741 0.004948 0.015741
0 0.261068 0.115741 0.004948 0.015741
0 0.260807 0.115355 0.004948 0.015586
0 0.260807 0.115355 0.004948 0.015586
0 0.260807 0.114892 0.004948 0.015586
0 0.260807 0.114892 0.004948 0.015586
0 0.260807 0.114429 0.004948 0.015586
0 0.260590 0.114429 0.004861 0.015586
0 0.260590 0.113966 0.004861 0.015586
0 0.260590 0.113966 0.004861 0.015586
0 0.260590 0.113580 0.004861 0.015741
0 0.260590 0.113580 0.004861 0.015741
0 0.260590 0.112731 0.004861 0.015586
0 0.260807 0.112269 0.004948 0.015586
0 0.260807 0.111420 0.004948 0.015741
0 0.261068 0.111034 0.004948 0.015586
0 0.261285 0.110108 0.004861 0.015586
0 0.261285 0.109645 0.004861 0.015586
0 0.261545 0.108796 0.004861 0.015741
0 0.261545 0.108410 0.004861 0.015586
0 0.261806 0.107485 0.004861 0.015586
0 0.262066 0.107022 0.004861 0.015586
0 0.262066 0.106636 0.004861 0.015741
0 0.262066 0.106250 0.004861 0.015586
0 0.262066 0.105787 0.004861 0.015586
0 0.262066 0.105324 0.004861 0.015586
0 0.262066 0.104861 0.004861 0.015586
0 0.262066 0.104475 0.004861 0.015741
0 0.262066 0.104090 0.004861 0.015586
0 0.262066 0.103627 0.004861 0.015586
0 0.262066 0.103164 0.004861 0.015586
0 0.262066 0.102701 0.004861 0.015586
0 0.262066 0.101929 0.004861 0.015586
0 0.262066 0.101466 0.004861 0.015586
0 0.262283 0.101003 0.004948 0.015586
0 0.262283 0.100077 0.004948 0.015586
0 0.262500 0.099691 0.004861 0.015741
0 0.262500 0.099306 0.004861 0.015586
0 0.262500 0.098380 0.004861 0.015586
0 0.262760 0.097917 0.004861 0.015586
0 0.262760 0.097531 0.004861 0.015741
0 0.263021 0.097145 0.004861 0.015586
0 0.263021 0.096682 0.004861 0.015586
0 0.263021 0.096219 0.004861 0.015586
0 0.263151 0.095756 0.004601 0.015586
0 0.263281 0.095370 0.004861 0.015741
0 0.263368 0.094985 0.004687 0.015586
0 0.263368 0.094522 0.004687 0.015586
0 0.263498 0.094059 0.004948 0.015586
0 0.263628 0.093596 0.004687 0.015586
0 0.263628 0.093133 0.004687 0.015586
0 0.263845 0.093133 0.004601 0.015586
0 0.263628 0.092747 0.004687 0.015741
0 0.263628 0.092361 0.004687 0.015586
0 0.263628 0.091898 0.004687 0.015586
0 0.263628 0.091898 0.004687 0.015586
0 0.263628 0.091435 0.004687 0.015586
0 0.263368 0.090972 0.004687 0.015586
0 0.263368 0.090972 0.004687 0.015586
0 0.263368 0.090586 0.004687 0.015741
0 0.263368 0.090201 0.004687 0.015586
0 0.263368 0.090201 0.004687 0.015586
0 0.263151 0.089738 0.004601 0.015586
0 0.263151 0.089738 0.004601 0.015586
0 0.263021 0.089738 0.004861 0.015586
0 0.262891 0.089275 0.004601 0.015586
0 0.262891 0.089275 0.004601 0.015586
0 0.262760 0.089275 0.004861 0.015586
0 0.262630 0.088812 0.004601 0.015586
0 0.262500 0.088812 0.004861 0.015586
0 0.262500 0.088812 0.004861 0.015586
0 0.262500 0.088812 0.004861 0.015586
0 0.262500 0.088426 0.004861 0.015741
0 0.262500 0.088426 0.004861 0.015741
0 0.262500 0.088426 0.004861 0.015741
0 0.262760 0.088426 0.004861 0.015741
0 0.262760 0.088426 0.004861 0.015741
0 0.262760 0.088194 0.004861 0.015278
0 0.263021 0.088194 0.004861 0.015278
0 0.263021 0.088194 0.004861 0.015278
0 0.263021 0.088194 0.004861 0.015278
0 0.263281 0.088194 0.004861 0.015278
0 0.263281 0.088194 0.004861 0.015278
