0 0.172830 0.164738 0.013368 0.007870
0 0.171875 0.164738 0.013368 0.007870
0 0.170877 0.164969 0.013455 0.008333
0 0.170052 0.165201 0.013194 0.008796
0 0.169097 0.165432 0.013194 0.008333
0 0.168316 0.165586 0.013194 0.008642
0 0.167361 0.165818 0.013194 0.009105
0 0.166406 0.166049 0.013194 0.008642
0 0.165495 0.166281 0.012934 0.009105
0 0.164540 0.166512 0.012934 0.009568
0 0.163845 0.166975 0.012934 0.009568
0 0.162804 0.166975 0.012934 0.009568
0 0.161849 0.166975 0.012934 0.009568
0 0.160894 0.166975 0.012934 0.009568
0 0.159939 0.167438 0.012934 0.009568
0 0.159158 0.167438 0.012934 0.009568
0 0.158203 0.167438 0.012934 0.009568
0 0.157248 0.167747 0.012934 0.009568
0 0.156293 0.167747 0.012934 0.009568
0 0.155252 0.167747 0.012934 0.009568
0 0.154557 0.168210 0.012934 0.009568
0 0.153602 0.168210 0.012934 0.009568
0 0.152561 0.168441 0.012934 0.009105
0 0.151606 0.168673 0.012934 0.009568
0 0.150651 0.168904 0.012934 0.009105
0 0.149696 0.169136 0.012934 0.009568
0 0.148655 0.169367 0.012934 0.009105
0 0.147700 0.169367 0.012934 0.009105
0 0.146745 0.169830 0.012934 0.009105
0 0.145790 0.169830 0.012934 0.009105
0 0.145009 0.170139 0.012934 0.009105
0 0.144054 0.170139 0.012934 0.009105
0 0.143359 0.170602 0.012934 0.009105
0 0.142318 0.170833 0.012934 0.009568
0 0.141623 0.171065 0.012934 0.009105
0 0.140668 0.171528 0.012934 0.009105
0 0.139887 0.171759 0.012934 0.009568
0 0.138932 0.171991 0.012934 0.009105
0 0.138194 0.172145 0.012847 0.009414
0 0.137196 0.172531 0.012934 0.009568
0 0.136502 0.172994 0.012934 0.009568
0 0.135026 0.173225 0.012934 0.010031
0 0.133550 0.173688 0.012934 0.010031
0 0.132205 0.174074 0.013194 0.009877
0 0.130729 0.174537 0.013194 0.009877
0 0.129384 0.174923 0.013455 0.010031
0 0.127951 0.175386 0.013368 0.010031
0 0.126476 0.175849 0.013368 0.010031
0 0.125130 0.176312 0.013628 0.010031
0 0.123655 0.176698 0.013628 0.009877
0 0.122439 0.177392 0.013628 0.010340
0 0.120877 0.177778 0.013976 0.010494
0 0.119314 0.178241 0.014149 0.010494
0 0.117708 0.178627 0.014410 0.010340
0 0.116233 0.179090 0.014410 0.010340
0 0.114627 0.179707 0.014670 0.010031
0 0.113064 0.180170 0.014844 0.010031
0 0.111589 0.180633 0.014844 0.010031
0 0.109983 0.181019 0.015104 0.009877
0 0.108420 0.181481 0.015451 0.009877
0 0.106988 0.182330 0.015365 0.010031
0 0.105512 0.182793 0.015365 0.010031
0 0.104297 0.183642 0.015365 0.009877
0 0.103082 0.184028 0.015365 0.010031
0 0.101866 0.184954 0.015365 0.010031
0 0.100651 0.185648 0.015365 0.009568
0 0.099392 0.186265 0.015451 0.009877
0 0.098177 0.186883 0.015451 0.009568
0 0.096918 0.187577 0.015365 0.010031
0 0.095703 0.188194 0.015365 0.009414
0 0.094488 0.189043 0.015365 0.009568
0 0.093012 0.189738 0.015365 0.010031
0 0.091623 0.190586 0.015365 0.009877
0 0.090278 0.191435 0.015625 0.010031
0 0.088932 0.192361 0.015365 0.010031
0 0.087587 0.193210 0.015625 0.009877
0 0.086111 0.194059 0.015625 0.010031
0 0.084766 0.194907 0.015365 0.009877
0 0.083420 0.195756 0.015625 0.010031
0 0.081944 0.196682 0.015625 0.010031
0 0.080729 0.197531 0.015625 0.009877
0 0.079253 0.198380 0.015625 0.010031
0 0.077908 0.199306 0.015885 0.010031
0 0.076432 0.200154 0.015885 0.009877
0 0.075130 0.201003 0.016059 0.010031
0 0.073655 0.202083 0.016059 0.009414
0 0.072309 0.202932 0.016319 0.009568
0 0.070833 0.203858 0.016319 0.009568
0 0.069488 0.204630 0.016580 0.009568
0 0.068012 0.205556 0.016580 0.009568
0 0.066667 0.206790 0.016840 0.009568
0 0.065017 0.207948 0.016840 0.010031
0 0.063542 0.209028 0.016840 0.010340
0 0.061806 0.210108 0.016840 0.010957
0 0.060330 0.211420 0.016840 0.011728
0 0.058681 0.212654 0.016840 0.011728
0 0.057205 0.213812 0.016840 0.012191
0 0.055469 0.215123 0.016840 0.012963
0 0.053993 0.216127 0.016840 0.013426
0 0.052300 0.217284 0.016753 0.013889
0 0.050868 0.218750 0.016840 0.014352
0 0.049002 0.219676 0.017101 0.014352
0 0.047266 0.220910 0.017101 0.014352
0 0.045616 0.222068 0.017101 0.014815
0 0.043750 0.223302 0.017361 0.014815
0 0.042187 0.224614 0.017535 0.014660
0 0.040451 0.225694 0.017535 0.015278
0 0.038628 0.227006 0.017882 0.015123
0 0.036936 0.228164 0.017795 0.015586
0 0.035200 0.229398 0.017795 0.015586
0 0.033594 0.230710 0.018056 0.015741
0 0.031684 0.232485 0.018576 0.015586
0 0.029861 0.234414 0.018750 0.016049
0 0.027995 0.236343 0.019531 0.016512
0 0.026215 0.238272 0.019792 0.016975
0 0.024392 0.240432 0.020486 0.016975
0 0.022526 0.242207 0.020747 0.016821
0 0.020573 0.244136 0.021181 0.017284
0 0.018837 0.246065 0.021701 0.017747
0 0.016927 0.247994 0.022222 0.018210
0 0.015191 0.250231 0.022743 0.018364
0 0.013889 0.251543 0.021007 0.018210
0 0.012500 0.253241 0.019271 0.018210
0 0.011415 0.254938 0.017622 0.018210
0 0.010113 0.256327 0.015885 0.018210
0 0.008984 0.258025 0.014149 0.018210
0 0.007639 0.259722 0.012500 0.018210
0 0.006293 0.261111 0.010677 0.018210
0 0.005208 0.262809 0.009028 0.018210
0 0.003863 0.264506 0.007378 0.018210
0 0.002778 0.266281 0.005556 0.018364
0 0.002778 0.266281 0.005556 0.018364
0 0.002778 0.266281 0.005556 0.018364
0 0.002778 0.266281 0.005556 0.018364
0 0.002778 0.266281 0.005556 0.018364
0 0.002778 0.266281 0.005556 0.018364
0 0.002778 0.266281 0.005556 0.018364
0 0.002778 0.266281 0.005556 0.018364
0 0.002778 0.266281 0.005556 0.018364
0 0.002778 0.266281 0.005556 0.018364
0 0.002778 0.266281 0.005556 0.018364
0 0.002778 0.266281 0.005556 0.018364
0 0.002778 0.266281 0.005556 0.018364
0 0.002778 0.266281 0.005556 0.018364
0 0.002778 0.266281 0.005556 0.018364
0 0.002778 0.266281 0.005556 0.018364
0 0.002778 0.266281 0.005556 0.018364
0 0.002778 0.266281 0.005556 0.018364
0 0.002778 0.266281 0.005556 0.018364
0 0.002778 0.266281 0.005556 0.018364
0 0.002778 0.266281 0.005556 0.018364
0 0.002778 0.266281 0.005556 0.018364
0 0.002778 0.266281 0.005556 0.018364
0 0.002778 0.266281 0.005556 0.018364
0 0.002778 0.266281 0.005556 0.018364
0 0.002778 0.266281 0.005556 0.018364
0 0.002778 0.266281 0.005556 0.018364
0 0.002778 0.266281 0.005556 0.018364
0 0.002778 0.266281 0.005556 0.018364
0 0.002778 0.266281 0.005556 0.018364
0 0.002778 0.266281 0.005556 0.018364
0 0.002778 0.266281 0.005556 0.018364
0 0.002778 0.266281 0.005556 0.018364
0 0.002778 0.266281 0.005556 0.018364
0 0.002778 0.266281 0.005556 0.018364
0 0.002778 0.266281 0.005556 0.018364
0 0.002778 0.266281 0.005556 0.018364
0 0.002778 0.266281 0.005556 0.018364
0 0.002778 0.266281 0.005556 0.018364
0 0.002778 0.266281 0.005556 0.018364
0 0.002778 0.266281 0.005556 0.018364
0 0.002778 0.266281 0.005556 0.018364
0 0.002778 0.266281 0.005556 0.018364
0 0.002778 0.266281 0.005556 0.018364
0 0.002778 0.266281 0.005556 0.018364
0 0.002778 0.266281 0.005556 0.018364
0 0.002778 0.266281 0.005556 0.018364
