0 0.067187 0.119676 0.006076 0.014660
0 0.067187 0.119676 0.006076 0.014660
0 0.067187 0.119676 0.006076 0.014660
0 0.067187 0.119676 0.006076 0.014660
0 0.067187 0.119676 0.006076 0.014660
0 0.067187 0.119676 0.006076 0.014660
0 0.067187 0.119676 0.006076 0.014660
0 0.067187 0.119676 0.006076 0.014660
0 0.067187 0.119676 0.006076 0.014660
0 0.067187 0.119676 0.006076 0.014660
0 0.067187 0.119676 0.006076 0.014660
0 0.067187 0.119676 0.006076 0.014660
0 0.067187 0.119676 0.006076 0.014660
0 0.067187 0.119676 0.006076 0.014660
0 0.067187 0.119676 0.006076 0.014660
0 0.067187 0.119676 0.006076 0.014660
0 0.067187 0.119676 0.006076 0.014660
0 0.067187 0.119676 0.006076 0.014660
0 0.067187 0.119676 0.006076 0.014660
0 0.067187 0.119676 0.006076 0.014660
0 0.067187 0.119676 0.006076 0.014660
0 0.067187 0.119676 0.006076 0.014660
0 0.067187 0.119676 0.006076 0.014660
0 0.067187 0.119676 0.006076 0.014660
0 0.067187 0.119676 0.006076 0.014660
0 0.067187 0.119676 0.006076 0.014660
0 0.067187 0.119676 0.006076 0.014660
0 0.067187 0.119676 0.006076 0.014660
0 0.067187 0.119676 0.006076 0.014660
0 0.067187 0.119676 0.006076 0.014660
0 0.067187 0.119676 0.006076 0.014660
0 0.067187 0.119676 0.006076 0.014660
0 0.067187 0.119676 0.006076 0.014660
0 0.067187 0.119676 0.006076 0.014660
0 0.067187 0.119676 0.006076 0.014660
0 0.067187 0.119676 0.006076 0.014660
0 0.067187 0.119676 0.006076 0.014660
0 0.067187 0.119676 0.006076 0.014660
0 0.067187 0.119676 0.006076 0.014660
0 0.067187 0.119676 0.006076 0.014660
0 0.067187 0.119676 0.006076 0.014660
0 0.067187 0.119676 0.006076 0.014660
0 0.067187 0.119676 0.006076 0.014660
0 0.067187 0.119676 0.006076 0.014660
0 0.067187 0.119676 0.006076 0.014660
0 0.067187 0.119676 0.006076 0.014660
0 0.067187 0.119676 0.006076 0.014660
0 0.067187 0.119676 0.006076 0.014660
0 0.067187 0.119676 0.006076 0.014660
0 0.067187 0.119676 0.006076 0.014660
0 0.067187 0.119676 0.006076 0.014660
0 0.067187 0.119676 0.006076 0.014660
0 0.067187 0.119676 0.006076 0.014660
0 0.067187 0.119676 0.006076 0.014660
0 0.067187 0.119676 0.006076 0.014660
0 0.067187 0.119676 0.006076 0.014660
0 0.067187 0.119676 0.006076 0.014660
0 0.067187 0.119676 0.006076 0.014660
0 0.067187 0.119676 0.006076 0.014660
0 0.067187 0.119676 0.006076 0.014660
0 0.067187 0.119676 0.006076 0.014660
0 0.067187 0.119676 0.006076 0.014660
0 0.067187 0.119676 0.006076 0.014660
0 0.067187 0.119676 0.006076 0.014660
0 0.067187 0.119676 0.006076 0.014660
0 0.067187 0.119676 0.006076 0.014660
0 0.067187 0.119676 0.006076 0.014660
0 0.067187 0.119676 0.006076 0.014660
0 0.067187 0.119676 0.006076 0.014660
0 0.067187 0.119676 0.006076 0.014660
0 0.067187 0.119676 0.006076 0.014660
0 0.067187 0.119676 0.006076 0.014660
0 0.067187 0.119676 0.006076 0.014660
0 0.067187 0.119676 0.006076 0.014660
0 0.067187 0.119676 0.006076 0.014660
0 0.067187 0.119676 0.006076 0.014660
0 0.067187 0.119676 0.006076 0.014660
0 0.067187 0.119676 0.006076 0.014660
0 0.067187 0.119676 0.006076 0.014660
0 0.067187 0.119676 0.006076 0.014660
0 0.067187 0.119676 0.006076 0.014660
0 0.067187 0.119676 0.006076 0.014660
0 0.067318 0.120062 0.005816 0.014815
0 0.067318 0.120293 0.005816 0.014352
0 0.067405 0.120756 0.005642 0.014352
0 0.067405 0.120988 0.005642 0.013889
0 0.067535 0.121219 0.005382 0.014352
0 0.067535 0.121451 0.005382 0.013889
0 0.067665 0.121759 0.005122 0.013889
0 0.067665 0.121991 0.005122 0.013426
0 0.067925 0.122454 0.005122 0.013426
0 0.067795 0.122917 0.005382 0.013426
0 0.067795 0.123380 0.005382 0.013426
0 0.067795 0.123997 0.005382 0.013117
0 0.067795 0.124614 0.005382 0.013426
0 0.067925 0.125309 0.005642 0.012963
0 0.067795 0.125772 0.005903 0.012963
0 0.067795 0.126389 0.005903 0.013580
0 0.067795 0.127006 0.005903 0.012963
0 0.067795 0.127469 0.005903 0.012963
0 0.067925 0.128318 0.006163 0.013117
0 0.067925 0.128318 0.006163 0.013117
0 0.068012 0.128549 0.006337 0.013580
0 0.068142 0.128549 0.006076 0.013580
0 0.068273 0.128935 0.006337 0.013426
0 0.068533 0.128935 0.006337 0.013426
0 0.068533 0.129167 0.006337 0.013889
0 0.068663 0.129398 0.006597 0.013426
0 0.068793 0.129630 0.006337 0.013889
0 0.068924 0.129630 0.006597 0.013889
0 0.069141 0.130093 0.006510 0.013889
0 0.068924 0.129630 0.006597 0.013889
0 0.068924 0.129630 0.006597 0.013889
0 0.068924 0.129630 0.006597 0.013889
0 0.068924 0.129630 0.006597 0.013889
0 0.068924 0.129630 0.006597 0.013889
0 0.068924 0.129630 0.006597 0.013889
0 0.068924 0.129630 0.006597 0.013889
0 0.068924 0.129630 0.006597 0.013889
0 0.068924 0.129630 0.006597 0.013889
0 0.068924 0.129630 0.006597 0.013889
0 0.068924 0.129167 0.006597 0.013889
0 0.069141 0.128935 0.006510 0.013426
0 0.069358 0.128704 0.006597 0.013889
0 0.069618 0.128549 0.006597 0.013580
0 0.069878 0.128395 0.006597 0.013889
0 0.070139 0.128164 0.006597 0.013426
0 0.070356 0.127701 0.006510 0.013426
0 0.070573 0.127701 0.006597 0.013426
0 0.070833 0.127238 0.006597 0.013426
0 0.071094 0.127238 0.006597 0.013426
0 0.071094 0.127238 0.006597 0.013426
0 0.071094 0.127238 0.006597 0.013426
0 0.071094 0.127238 0.006597 0.013426
0 0.071094 0.127238 0.006597 0.013426
0 0.071094 0.127238 0.006597 0.013426
0 0.071094 0.127238 0.006597 0.013426
0 0.071094 0.127238 0.006597 0.013426
0 0.071094 0.127238 0.006597 0.013426
0 0.071094 0.127238 0.006597 0.013426
0 0.071224 0.127469 0.006337 0.013889
0 0.070964 0.127469 0.006337 0.013889
0 0.070964 0.127701 0.006337 0.014352
0 0.070703 0.127932 0.006337 0.014815
0 0.070703 0.127932 0.006337 0.014815
0 0.070703 0.128086 0.006337 0.015123
0 0.070443 0.128318 0.006337 0.015586
0 0.070443 0.128318 0.006337 0.015586
0 0.070269 0.128549 0.006337 0.016049
0 0.070269 0.128781 0.006337 0.016512
0 0.070269 0.129244 0.006337 0.016512
0 0.070009 0.129244 0.006337 0.016512
0 0.069878 0.129244 0.006076 0.016512
0 0.069748 0.129244 0.006337 0.016512
0 0.069618 0.129244 0.006076 0.016512
0 0.069488 0.129630 0.006337 0.016358
0 0.069358 0.129630 0.006076 0.016358
0 0.069141 0.129630 0.006163 0.016358
0 0.069141 0.129630 0.006163 0.016358
0 0.068924 0.129630 0.006076 0.016358
0 0.068924 0.130015 0.006076 0.016512
0 0.068663 0.130015 0.006076 0.016512
0 0.068663 0.130015 0.006076 0.016512
0 0.068533 0.130015 0.006337 0.016512
0 0.068533 0.130247 0.006337 0.016049
0 0.068403 0.130247 0.006597 0.016049
0 0.068403 0.130247 0.006597 0.016049
0 0.068273 0.130478 0.006858 0.015586
0 0.068273 0.130478 0.006858 0.015586
0 0.068142 0.130478 0.007118 0.015586
0 0.068142 0.130710 0.007118 0.015123
0 0.068012 0.130941 0.006858 0.014660
0 0.067882 0.131327 0.006597 0.014815
0 0.067882 0.131790 0.006597 0.014815
0 0.067795 0.132253 0.006424 0.014815
0 0.067795 0.132870 0.006424 0.014198
0 0.067665 0.133102 0.006163 0.013735
0 0.067535 0.133488 0.005903 0.013889
0 0.067535 0.133951 0.005903 0.013889
0 0.067405 0.134414 0.005642 0.013889
0 0.067535 0.135108 0.005382 0.013426
