0 0.185026 0.025309 0.003212 0.012654
0 0.184332 0.024846 0.003212 0.012654
0 0.183594 0.024846 0.003125 0.012654
0 0.182856 0.024846 0.003212 0.012654
0 0.182378 0.024846 0.003125 0.012654
0 0.181641 0.024846 0.003212 0.012654
0 0.180903 0.024846 0.003125 0.012654
0 0.180425 0.024846 0.003212 0.012654
0 0.179688 0.024846 0.003125 0.012654
0 0.178950 0.024846 0.003212 0.012654
0 0.178472 0.024846 0.003125 0.012654
0 0.178212 0.024691 0.003125 0.012963
0 0.178082 0.024691 0.003385 0.012963
0 0.177951 0.024691 0.003125 0.012963
0 0.177821 0.024460 0.003385 0.013426
0 0.177734 0.024691 0.003212 0.013889
0 0.177604 0.024691 0.003472 0.013889
0 0.177387 0.024460 0.003385 0.014352
0 0.177387 0.024460 0.003385 0.014352
0 0.177127 0.024460 0.003385 0.014352
0 0.177127 0.024691 0.003385 0.014815
0 0.176866 0.024228 0.003385 0.014815
0 0.176606 0.023765 0.003385 0.014815
0 0.176389 0.023765 0.003472 0.014815
0 0.176128 0.023380 0.003472 0.014660
0 0.175911 0.023380 0.003385 0.014660
0 0.175651 0.022917 0.003385 0.014660
0 0.175391 0.022454 0.003385 0.014660
0 0.175174 0.022454 0.003472 0.014660
0 0.174913 0.022068 0.003472 0.014815
0 0.174783 0.022068 0.003212 0.014815
0 0.174306 0.021605 0.003125 0.014815
0 0.173828 0.021605 0.003212 0.014815
0 0.173351 0.021605 0.003125 0.014815
0 0.172830 0.021605 0.003125 0.014815
0 0.172352 0.021605 0.003212 0.014815
0 0.171875 0.021605 0.003125 0.014815
0 0.171398 0.021605 0.003212 0.014815
0 0.170877 0.021605 0.003212 0.014815
0 0.170399 0.021605 0.003125 0.014815
0 0.169922 0.021605 0.003212 0.014815
0 0.169661 0.021605 0.003212 0.014815
0 0.169661 0.021605 0.003212 0.014815
0 0.169444 0.021605 0.003125 0.014815
0 0.169444 0.021605 0.003125 0.014815
0 0.169184 0.022068 0.003125 0.014815
0 0.169184 0.022068 0.003125 0.014815
0 0.168924 0.022068 0.003125 0.014815
0 0.168924 0.022068 0.003125 0.014815
0 0.168707 0.022068 0.003212 0.014815
0 0.168707 0.022454 0.003212 0.014660
0 0.168576 0.022454 0.003472 0.014660
0 0.168576 0.022454 0.003472 0.014660
0 0.168576 0.022454 0.003472 0.014660
0 0.168576 0.022454 0.003472 0.014660
0 0.168576 0.022454 0.003472 0.014660
0 0.168576 0.022454 0.003472 0.014660
0 0.168576 0.022454 0.003472 0.014660
0 0.168576 0.022454 0.003472 0.014660
0 0.168576 0.022454 0.003472 0.014660
0 0.168576 0.022454 0.003472 0.014660
0 0.168359 0.022454 0.003385 0.014660
0 0.168359 0.022917 0.003385 0.014660
0 0.168359 0.022917 0.003385 0.014660
0 0.168359 0.023380 0.003385 0.014660
0 0.168359 0.023380 0.003385 0.014660
0 0.168229 0.023765 0.003125 0.014815
0 0.168229 0.023765 0.003125 0.014815
0 0.168229 0.024228 0.003125 0.014815
0 0.168229 0.024228 0.003125 0.014815
0 0.168229 0.024691 0.003125 0.014815
0 0.167969 0.024691 0.003125 0.014815
0 0.167969 0.025077 0.003125 0.014660
0 0.167969 0.025540 0.003125 0.014660
0 0.167708 0.025540 0.003125 0.014660
0 0.167708 0.025926 0.003125 0.014815
0 0.167708 0.026389 0.003125 0.014815
0 0.167491 0.026389 0.003212 0.014815
0 0.167491 0.026852 0.003212 0.014815
0 0.167491 0.027238 0.003212 0.014660
0 0.167491 0.027701 0.003212 0.014660
0 0.167231 0.028086 0.003212 0.014815
0 0.167101 0.028549 0.003472 0.014815
0 0.166970 0.029012 0.003212 0.014815
0 0.166884 0.029861 0.003385 0.014660
0 0.166753 0.030247 0.003125 0.014815
0 0.166623 0.030710 0.003385 0.014815
0 0.166363 0.031636 0.003385 0.014815
0 0.166363 0.032022 0.003385 0.014660
0 0.166146 0.032485 0.003472 0.014660
0 0.166146 0.033333 0.003472 0.014815
0 0.165885 0.033796 0.003472 0.014815
0 0.165885 0.034182 0.003472 0.014660
0 0.165885 0.034645 0.003472 0.014660
0 0.165885 0.035494 0.003472 0.014815
0 0.165885 0.035957 0.003472 0.014815
0 0.165755 0.036343 0.003212 0.014660
0 0.165755 0.037191 0.003212 0.014815
0 0.165755 0.037654 0.003212 0.014815
0 0.165755 0.038117 0.003212 0.014815
0 0.165755 0.038966 0.003212 0.014660
0 0.165538 0.039429 0.003125 0.014660
0 0.165538 0.040278 0.003125 0.014815
0 0.165408 0.040741 0.003385 0.014815
0 0.165278 0.041590 0.003125 0.014660
0 0.165278 0.041975 0.003125 0.014815
0 0.165148 0.042901 0.003385 0.014815
0 0.165061 0.043287 0.003212 0.014660
0 0.164931 0.044136 0.003472 0.014815
0 0.164931 0.044599 0.003472 0.014815
0 0.164931 0.045448 0.003472 0.014660
0 0.164670 0.045910 0.003472 0.014660
0 0.164670 0.046373 0.003472 0.014660
0 0.164670 0.046991 0.003472 0.015278
0 0.164540 0.047685 0.003212 0.014815
0 0.164540 0.048302 0.003212 0.015123
0 0.164453 0.048765 0.003385 0.015123
0 0.164323 0.049383 0.003125 0.014815
0 0.164323 0.050000 0.003125 0.015123
0 0.164323 0.050463 0.003125 0.015123
0 0.164323 0.051312 0.003125 0.015278
0 0.164062 0.051312 0.003125 0.015278
0 0.164062 0.051312 0.003125 0.015278
0 0.164062 0.051312 0.003125 0.015278
0 0.164062 0.051312 0.003125 0.015278
0 0.164062 0.051775 0.003125 0.015278
0 0.164062 0.051775 0.003125 0.015278
0 0.164062 0.051775 0.003125 0.015278
0 0.164062 0.051775 0.003125 0.015278
0 0.164062 0.051775 0.003125 0.015278
0 0.164062 0.052160 0.003125 0.015123
0 0.164062 0.052160 0.003125 0.015123
0 0.164062 0.052160 0.003125 0.015123
0 0.164062 0.052160 0.003125 0.015123
0 0.164062 0.052160 0.003125 0.015123
0 0.164062 0.052623 0.003125 0.015123
0 0.164062 0.052623 0.003125 0.015123
0 0.164062 0.052623 0.003125 0.015123
0 0.164062 0.052623 0.003125 0.015123
0 0.164062 0.052623 0.003125 0.015123
0 0.164323 0.053086 0.003125 0.015123
0 0.164323 0.053086 0.003125 0.015123
0 0.164540 0.053086 0.003212 0.015123
0 0.164800 0.053086 0.003212 0.015123
0 0.165061 0.053086 0.003212 0.015123
0 0.165278 0.053086 0.003125 0.015123
0 0.165278 0.053086 0.003125 0.015123
0 0.165538 0.053086 0.003125 0.015123
0 0.165755 0.053086 0.003212 0.015123
0 0.166016 0.053086 0.003212 0.015123
0 0.166276 0.053472 0.003212 0.015278
0 0.166276 0.053472 0.003212 0.015278
0 0.166493 0.053704 0.003125 0.015741
0 0.166753 0.053704 0.003125 0.015741
0 0.166753 0.053858 0.003125 0.016049
0 0.166970 0.054090 0.003212 0.016512
0 0.167231 0.054090 0.003212 0.016512
0 0.167231 0.054321 0.003212 0.016975
0 0.167491 0.054321 0.003212 0.016975
0 0.167708 0.054552 0.003125 0.017438
0 0.167969 0.054784 0.003125 0.017901
0 0.168099 0.054552 0.003385 0.017438
0 0.168229 0.054552 0.003646 0.017438
0 0.168359 0.054552 0.003906 0.017438
0 0.168576 0.054552 0.003819 0.017438
0 0.168837 0.054784 0.004340 0.016975
0 0.168967 0.054552 0.004601 0.016512
0 0.169184 0.054552 0.004687 0.016512
0 0.169314 0.054552 0.004948 0.016512
0 0.169401 0.054552 0.005122 0.016512
0 0.169792 0.054784 0.005382 0.016049
0 0.169792 0.054784 0.005382 0.016049
0 0.170052 0.054784 0.005382 0.016049
0 0.170313 0.054784 0.005382 0.016049
0 0.170399 0.055015 0.005556 0.015586
0 0.170660 0.055015 0.005556 0.015586
0 0.170877 0.055015 0.005642 0.015586
0 0.171007 0.055247 0.005903 0.015123
0 0.171267 0.055247 0.005903 0.015123
0 0.171484 0.055247 0.005816 0.015123
0 0.171745 0.055710 0.005816 0.015123
