0 0.131120 0.120756 0.003733 0.021142
0 0.131858 0.120293 0.003646 0.021142
0 0.132812 0.120293 0.003646 0.021142
0 0.133767 0.120293 0.003646 0.021142
0 0.134809 0.120293 0.003646 0.021142
0 0.135764 0.120293 0.003646 0.021142
0 0.136458 0.119907 0.003646 0.021296
0 0.137457 0.119907 0.003733 0.021296
0 0.138455 0.119907 0.003646 0.021296
0 0.139410 0.119907 0.003646 0.021296
0 0.140365 0.119907 0.003646 0.021296
0 0.141580 0.119907 0.003646 0.021296
0 0.143056 0.119907 0.003646 0.021296
0 0.144271 0.119907 0.003646 0.021296
0 0.145747 0.119907 0.003646 0.021296
0 0.147222 0.119907 0.003646 0.021296
0 0.148438 0.119907 0.003646 0.021296
0 0.149913 0.119907 0.003646 0.021296
0 0.151128 0.119907 0.003646 0.021296
0 0.152604 0.119907 0.003646 0.021296
0 0.154080 0.119907 0.003646 0.021296
0 0.154774 0.119907 0.003646 0.021296
0 0.155556 0.120293 0.003646 0.021142
0 0.156250 0.120293 0.003646 0.021142
0 0.156988 0.120756 0.003733 0.021142
0 0.157986 0.120756 0.003646 0.021142
0 0.158681 0.121142 0.003646 0.021296
0 0.159418 0.121142 0.003733 0.021296
0 0.160156 0.121605 0.003646 0.021296
0 0.160894 0.121605 0.003733 0.021296
0 0.161892 0.122068 0.003646 0.021296
0 0.162109 0.122068 0.003733 0.021296
0 0.162326 0.122531 0.003646 0.021296
0 0.162587 0.122917 0.003646 0.021142
0 0.162847 0.123302 0.003646 0.021296
0 0.163325 0.123765 0.003733 0.021296
0 0.163542 0.124228 0.003646 0.021296
0 0.163802 0.124691 0.003646 0.021296
0 0.164062 0.125077 0.003646 0.021142
0 0.164323 0.125463 0.003646 0.021296
0 0.164800 0.125926 0.003733 0.021296
0 0.164800 0.125926 0.003733 0.021296
0 0.165017 0.126389 0.003646 0.021296
0 0.165017 0.126389 0.003646 0.021296
0 0.165278 0.126852 0.003646 0.021296
0 0.165538 0.127238 0.003646 0.021142
0 0.165538 0.127238 0.003646 0.021142
0 0.165799 0.127701 0.003646 0.021142
0 0.165799 0.127701 0.003646 0.021142
0 0.166016 0.128086 0.003733 0.021296
0 0.166233 0.128549 0.003646 0.021296
0 0.166493 0.128549 0.003646 0.021296
0 0.166753 0.128549 0.003646 0.021296
0 0.167014 0.128549 0.003646 0.021296
0 0.167448 0.128549 0.003646 0.021296
0 0.167708 0.128549 0.003646 0.021296
0 0.167969 0.128549 0.003646 0.021296
0 0.168490 0.128549 0.003646 0.021296
0 0.168663 0.128549 0.003646 0.021296
0 0.168924 0.128549 0.003646 0.021296
0 0.169444 0.128549 0.003646 0.021296
0 0.169705 0.128549 0.003646 0.021296
0 0.169922 0.128549 0.003733 0.021296
0 0.170139 0.129012 0.003646 0.021296
0 0.170399 0.129012 0.003646 0.021296
0 0.170660 0.129398 0.003646 0.021142
0 0.170920 0.129398 0.003646 0.021142
0 0.171137 0.129398 0.003733 0.021142
0 0.171354 0.129861 0.003646 0.021142
0 0.171615 0.129861 0.003646 0.021142
0 0.172135 0.130247 0.003646 0.021296
0 0.172135 0.130247 0.003646 0.021296
0 0.172352 0.130247 0.003733 0.021296
0 0.172569 0.130247 0.003646 0.021296
0 0.172830 0.130247 0.003646 0.021296
0 0.173090 0.130247 0.003646 0.021296
0 0.173090 0.130247 0.003646 0.021296
0 0.173351 0.130247 0.003646 0.021296
0 0.173611 0.130247 0.003646 0.021296
0 0.173828 0.130247 0.003733 0.021296
0 0.174045 0.130710 0.003646 0.021296
0 0.174045 0.130710 0.003646 0.021296
0 0.174306 0.130710 0.003646 0.021296
0 0.174566 0.130710 0.003646 0.021296
0 0.174826 0.130710 0.003646 0.021296
0 0.175043 0.131173 0.003733 0.021296
0 0.175043 0.131173 0.003733 0.021296
0 0.175260 0.131173 0.003646 0.021296
0 0.175521 0.131173 0.003646 0.021296
0 0.175781 0.131173 0.003646 0.021296
0 0.176042 0.131636 0.003646 0.021296
0 0.176042 0.131636 0.003646 0.021296
0 0.176042 0.131636 0.003646 0.021296
0 0.176259 0.132022 0.003733 0.021142
0 0.176259 0.132022 0.003733 0.021142
0 0.176476 0.132407 0.003646 0.021296
0 0.176476 0.132407 0.003646 0.021296
0 0.176476 0.132407 0.003646 0.021296
0 0.176736 0.132870 0.003646 0.021296
0 0.176736 0.132870 0.003646 0.021296
0 0.176997 0.133333 0.003646 0.021296
0 0.176997 0.132870 0.003646 0.021296
0 0.176997 0.132870 0.003646 0.021296
0 0.176997 0.132870 0.003646 0.021296
0 0.176997 0.132870 0.003646 0.021296
0 0.177257 0.132870 0.003646 0.021296
0 0.177257 0.132870 0.003646 0.021296
0 0.177257 0.132870 0.003646 0.021296
0 0.177257 0.132870 0.003646 0.021296
0 0.177257 0.132870 0.003646 0.021296
0 0.177517 0.132870 0.003646 0.021296
0 0.177517 0.132870 0.003646 0.021296
0 0.177517 0.132870 0.003646 0.021296
0 0.177517 0.132870 0.003646 0.021296
0 0.177517 0.132870 0.003646 0.021296
0 0.177517 0.132870 0.003646 0.021296
0 0.177517 0.132870 0.003646 0.021296
0 0.177517 0.132870 0.003646 0.021296
0 0.177517 0.132870 0.003646 0.021296
0 0.177517 0.132870 0.003646 0.021296
0 0.177517 0.132870 0.003646 0.021296
0 0.177517 0.132870 0.003646 0.021296
0 0.177517 0.132870 0.003646 0.021296
0 0.177517 0.132870 0.003646 0.021296
0 0.177517 0.132870 0.003646 0.021296
0 0.177517 0.132870 0.003646 0.021296
0 0.177517 0.132870 0.003646 0.021296
0 0.177517 0.132870 0.003646 0.021296
0 0.177517 0.132870 0.003646 0.021296
0 0.177517 0.132870 0.003646 0.021296
0 0.177517 0.132870 0.003646 0.021296
0 0.177517 0.132870 0.003646 0.021296
0 0.177517 0.132870 0.003646 0.021296
0 0.177517 0.132870 0.003646 0.021296
0 0.177517 0.132870 0.003646 0.021296
0 0.177517 0.132870 0.003646 0.021296
0 0.177517 0.132870 0.003646 0.021296
0 0.177517 0.132870 0.003646 0.021296
0 0.177517 0.132870 0.003646 0.021296
0 0.177517 0.132870 0.003646 0.021296
0 0.177517 0.132870 0.003646 0.021296
0 0.177517 0.132870 0.003646 0.021296
0 0.177517 0.132870 0.003646 0.021296
0 0.177517 0.132870 0.003646 0.021296
0 0.177517 0.132870 0.003646 0.021296
0 0.177517 0.132870 0.003646 0.021296
0 0.177517 0.132870 0.003646 0.021296
0 0.177517 0.132870 0.003646 0.021296
0 0.177517 0.132870 0.003646 0.021296
0 0.177517 0.132870 0.003646 0.021296
0 0.177517 0.132870 0.003646 0.021296
0 0.177517 0.132870 0.003646 0.021296
0 0.177517 0.132870 0.003646 0.021296
0 0.177517 0.132870 0.003646 0.021296
0 0.177517 0.132870 0.003646 0.021296
0 0.177517 0.132870 0.003646 0.021296
0 0.177517 0.132870 0.003646 0.021296
0 0.177517 0.132870 0.003646 0.021296
0 0.177517 0.132870 0.003646 0.021296
0 0.177517 0.132870 0.003646 0.021296
0 0.177517 0.132870 0.003646 0.021296
0 0.178212 0.132022 0.003646 0.021142
0 0.178950 0.131636 0.003733 0.021296
0 0.179688 0.131173 0.003646 0.021296
0 0.180642 0.130247 0.003646 0.021296
0 0.181380 0.129861 0.003733 0.021142
0 0.182118 0.129398 0.003646 0.021142
0 0.183073 0.128549 0.003646 0.021296
0 0.183854 0.128086 0.003646 0.021296
0 0.184549 0.127701 0.003646 0.021142
0 0.185503 0.127238 0.003646 0.021142
0 0.185286 0.127238 0.003733 0.021142
0 0.185286 0.127238 0.003733 0.021142
0 0.185069 0.127238 0.003646 0.021142
0 0.185069 0.127238 0.003646 0.021142
0 0.185069 0.127238 0.003646 0.021142
0 0.184809 0.127238 0.003646 0.021142
0 0.184809 0.127238 0.003646 0.021142
0 0.184809 0.127238 0.003646 0.021142
0 0.184549 0.127238 0.003646 0.021142
0 0.184549 0.127238 0.003646 0.021142
