0 0.159549 0.153472 0.005382 0.025154
0 0.160634 0.153009 0.005642 0.025154
0 0.161849 0.152778 0.005642 0.025617
0 0.163064 0.152778 0.005642 0.025617
0 0.164193 0.152469 0.005816 0.025617
0 0.165408 0.152469 0.005816 0.025617
0 0.166623 0.152238 0.005816 0.026080
0 0.167708 0.151775 0.006076 0.026080
0 0.168924 0.151775 0.006076 0.026080
0 0.170139 0.151543 0.006076 0.026543
0 0.171484 0.151543 0.006337 0.026543
0 0.172483 0.151080 0.006424 0.026543
0 0.173698 0.151080 0.006424 0.026543
0 0.174696 0.150694 0.006337 0.026389
0 0.175911 0.150694 0.006337 0.026389
0 0.177127 0.150231 0.006337 0.026389
0 0.178082 0.150231 0.006337 0.026389
0 0.179297 0.149769 0.006337 0.026389
0 0.180252 0.149769 0.006337 0.026389
0 0.181510 0.149383 0.006424 0.026543
0 0.182726 0.149383 0.006424 0.026543
0 0.183724 0.149383 0.006337 0.026543
0 0.184679 0.149383 0.006337 0.026543
0 0.185634 0.149383 0.006337 0.026543
0 0.186632 0.149383 0.006424 0.026543
0 0.187630 0.149383 0.006337 0.026543
0 0.188585 0.149383 0.006337 0.026543
0 0.189540 0.149383 0.006337 0.026543
0 0.190538 0.149383 0.006424 0.026543
0 0.191536 0.149383 0.006337 0.026543
0 0.192752 0.149769 0.006337 0.026389
0 0.193576 0.149383 0.006597 0.026543
0 0.194531 0.149383 0.006597 0.026543
0 0.195573 0.149383 0.006597 0.026543
0 0.196398 0.149151 0.006858 0.026080
0 0.197352 0.149151 0.006858 0.026080
0 0.198351 0.148920 0.006771 0.026543
0 0.199219 0.148688 0.007118 0.026080
0 0.200174 0.148688 0.007118 0.026080
0 0.201172 0.148688 0.007031 0.026080
0 0.202127 0.148688 0.007031 0.026080
0 0.202127 0.148457 0.007031 0.025617
0 0.202257 0.148457 0.007292 0.025617
0 0.202517 0.148457 0.007292 0.025617
0 0.202648 0.148457 0.007552 0.025617
0 0.202865 0.148457 0.007639 0.025617
0 0.202865 0.148457 0.007639 0.025617
0 0.202951 0.148457 0.007812 0.025617
0 0.203212 0.148457 0.007812 0.025617
0 0.203342 0.148457 0.008073 0.025617
0 0.203602 0.148457 0.008073 0.025617
0 0.203342 0.148071 0.008073 0.025463
0 0.203342 0.148071 0.008073 0.025463
0 0.203342 0.147685 0.008073 0.025617
0 0.203342 0.147685 0.008073 0.025617
0 0.203342 0.147685 0.008073 0.025617
0 0.203342 0.147222 0.008073 0.025617
0 0.203342 0.147222 0.008073 0.025617
0 0.203342 0.146759 0.008073 0.025617
0 0.203342 0.146759 0.008073 0.025617
0 0.203342 0.146759 0.008073 0.025617
0 0.203082 0.146296 0.008073 0.025617
0 0.203082 0.146296 0.008073 0.025617
0 0.202865 0.145910 0.007986 0.025463
0 0.202865 0.145910 0.007986 0.025463
0 0.202865 0.145910 0.007986 0.025463
0 0.202648 0.145525 0.008073 0.025617
0 0.202648 0.145525 0.008073 0.025617
0 0.202387 0.145062 0.008073 0.025617
0 0.202387 0.145062 0.008073 0.025617
0 0.202387 0.145062 0.008073 0.025617
0 0.201866 0.144599 0.008073 0.025617
0 0.201389 0.144599 0.007986 0.025617
0 0.201172 0.144599 0.008073 0.025617
0 0.200651 0.144599 0.008073 0.025617
0 0.200391 0.144599 0.008073 0.025617
0 0.199957 0.144136 0.008073 0.025617
0 0.199436 0.144136 0.008073 0.025617
0 0.199175 0.144136 0.008073 0.025617
0 0.198741 0.144136 0.008073 0.025617
0 0.198481 0.144136 0.008073 0.025617
0 0.198481 0.144136 0.008073 0.025617
0 0.198481 0.144136 0.008073 0.025617
0 0.198481 0.144136 0.008073 0.025617
0 0.198481 0.144136 0.008073 0.025617
0 0.198481 0.144136 0.008073 0.025617
0 0.198481 0.144136 0.008073 0.025617
0 0.198481 0.144136 0.008073 0.025617
0 0.198481 0.144136 0.008073 0.025617
0 0.198481 0.144136 0.008073 0.025617
0 0.198481 0.144136 0.008073 0.025617
0 0.198481 0.144136 0.008073 0.025617
0 0.198481 0.144136 0.008073 0.025617
0 0.198481 0.144136 0.008073 0.025617
0 0.198481 0.144136 0.008073 0.025617
0 0.198481 0.144136 0.008073 0.025617
0 0.198481 0.144136 0.008073 0.025617
0 0.198481 0.144136 0.008073 0.025617
0 0.198481 0.144136 0.008073 0.025617
0 0.198481 0.144136 0.008073 0.025617
0 0.198481 0.144136 0.008073 0.025617
0 0.198220 0.143904 0.008073 0.025154
0 0.198090 0.143904 0.007812 0.025154
0 0.197960 0.143904 0.007552 0.025154
0 0.197700 0.143904 0.007552 0.025154
0 0.197613 0.143904 0.007378 0.025154
0 0.197483 0.143904 0.007118 0.025154
0 0.197266 0.143904 0.007031 0.025154
0 0.197135 0.143904 0.006771 0.025154
0 0.197005 0.143904 0.006510 0.025154
0 0.196918 0.143904 0.006337 0.025154
0 0.196658 0.143904 0.006337 0.025154
0 0.196398 0.143904 0.006337 0.025154
0 0.196137 0.143904 0.006337 0.025154
0 0.196137 0.143904 0.006337 0.025154
0 0.195877 0.143904 0.006337 0.025154
0 0.195660 0.143904 0.006424 0.025154
0 0.195660 0.143904 0.006424 0.025154
0 0.195443 0.143904 0.006337 0.025154
0 0.195182 0.143904 0.006337 0.025154
0 0.195182 0.143904 0.006337 0.025154
0 0.194922 0.143750 0.006337 0.024846
0 0.194661 0.143750 0.006337 0.024846
0 0.194444 0.143750 0.006424 0.024846
0 0.194227 0.143519 0.006337 0.024383
0 0.193967 0.143750 0.006337 0.023920
0 0.193707 0.143750 0.006337 0.023920
0 0.193446 0.143519 0.006337 0.023457
0 0.193186 0.143519 0.006337 0.023457
0 0.193012 0.143519 0.006337 0.023457
0 0.192882 0.143750 0.006076 0.022994
0 0.192361 0.143287 0.006076 0.022994
0 0.192101 0.143287 0.006076 0.022994
0 0.191667 0.142824 0.006076 0.022994
0 0.191406 0.142824 0.006076 0.022994
0 0.190885 0.142824 0.006076 0.022994
0 0.190668 0.142361 0.006163 0.022994
0 0.190191 0.142361 0.006076 0.022994
0 0.189931 0.142052 0.006076 0.022994
0 0.189410 0.142052 0.006076 0.022994
0 0.189193 0.142052 0.006163 0.022994
0 0.188715 0.141590 0.006076 0.022994
0 0.188194 0.141590 0.006076 0.022994
0 0.187760 0.141590 0.006076 0.022994
0 0.187240 0.141590 0.006076 0.022994
0 0.186979 0.141590 0.006076 0.022994
0 0.186502 0.141590 0.006163 0.022994
0 0.186024 0.141590 0.006076 0.022994
0 0.185547 0.141590 0.006163 0.022994
0 0.185069 0.141590 0.006076 0.022994
0 0.184809 0.141590 0.006076 0.022994
0 0.184071 0.141590 0.006163 0.022994
0 0.183594 0.141590 0.006076 0.022994
0 0.183073 0.141590 0.006076 0.022994
0 0.182595 0.141590 0.006163 0.022994
0 0.182118 0.141590 0.006076 0.022994
0 0.181641 0.141590 0.006163 0.022994
0 0.181163 0.141590 0.006076 0.022994
0 0.180642 0.141590 0.006076 0.022994
0 0.180165 0.141590 0.006163 0.022994
0 0.179688 0.141590 0.006076 0.022994
0 0.179167 0.141590 0.006076 0.022994
0 0.178733 0.141590 0.006076 0.022994
0 0.178212 0.141590 0.006076 0.022994
0 0.177951 0.141590 0.006076 0.022994
0 0.177474 0.141590 0.006163 0.022994
0 0.176997 0.141590 0.006076 0.022994
0 0.176736 0.141590 0.006076 0.022994
0 0.176259 0.141590 0.006163 0.022994
0 0.175781 0.141590 0.006076 0.022994
0 0.175521 0.142052 0.006076 0.022994
0 0.175043 0.142052 0.006163 0.022994
0 0.174826 0.142052 0.006076 0.022994
0 0.174566 0.142052 0.006076 0.022994
0 0.174306 0.142052 0.006076 0.022994
0 0.174045 0.142052 0.006076 0.022994
0 0.173828 0.142052 0.006163 0.022994
0 0.173568 0.142052 0.006163 0.022994
0 0.173351 0.142052 0.006076 0.022994
0 0.173090 0.142052 0.006076 0.022994
0 0.172830 0.142052 0.006076 0.022994
