0 0.007509 0.109259 0.009809 0.021605
0 0.007509 0.109259 0.009809 0.021605
0 0.007509 0.109259 0.009809 0.021605
0 0.007509 0.109259 0.009809 0.021605
0 0.007509 0.109259 0.009809 0.021605
0 0.007509 0.109259 0.009809 0.021605
0 0.007509 0.109259 0.009809 0.021605
0 0.007509 0.109259 0.009809 0.021605
0 0.007509 0.109259 0.009809 0.021605
0 0.007509 0.109259 0.009809 0.021605
0 0.007509 0.109259 0.009809 0.021605
0 0.007509 0.109259 0.009809 0.021605
0 0.007509 0.109259 0.009809 0.021605
0 0.007509 0.109259 0.009809 0.021605
0 0.007509 0.109259 0.009809 0.021605
0 0.007509 0.109259 0.009809 0.021605
0 0.007509 0.109259 0.009809 0.021605
0 0.007509 0.109259 0.009809 0.021605
0 0.007509 0.109259 0.009809 0.021605
0 0.007509 0.109259 0.009809 0.021605
0 0.007509 0.109259 0.009809 0.021605
0 0.007509 0.109259 0.009809 0.021605
0 0.007509 0.109259 0.009809 0.021605
0 0.007509 0.109259 0.009809 0.021605
0 0.007509 0.109259 0.009809 0.021605
0 0.007509 0.109259 0.009809 0.021605
0 0.007509 0.109259 0.009809 0.021605
0 0.007509 0.109259 0.009809 0.021605
0 0.007509 0.109259 0.009809 0.021605
0 0.007509 0.109259 0.009809 0.021605
0 0.007509 0.109259 0.009809 0.021605
0 0.007509 0.109259 0.009809 0.021605
0 0.007509 0.109259 0.009809 0.021605
0 0.007509 0.109259 0.009809 0.021605
0 0.007509 0.109259 0.009809 0.021605
0 0.007509 0.109259 0.009809 0.021605
0 0.007509 0.109259 0.009809 0.021605
0 0.007509 0.109259 0.009809 0.021605
0 0.007509 0.109259 0.009809 0.021605
0 0.007509 0.109259 0.009809 0.021605
0 0.007509 0.109259 0.009809 0.021605
0 0.007509 0.109259 0.009809 0.021605
0 0.007509 0.109259 0.009809 0.021605
0 0.007509 0.109259 0.009809 0.021605
0 0.007509 0.109259 0.009809 0.021605
0 0.007509 0.109259 0.009809 0.021605
0 0.007509 0.109259 0.009809 0.021605
0 0.007509 0.109259 0.009809 0.021605
0 0.007509 0.109259 0.009809 0.021605
0 0.007509 0.109259 0.009809 0.021605
0 0.007509 0.109259 0.009809 0.021605
0 0.007509 0.109259 0.009809 0.021605
0 0.007509 0.109259 0.009809 0.021605
0 0.007509 0.109259 0.009809 0.021605
0 0.007509 0.109259 0.009809 0.021605
0 0.007509 0.109259 0.009809 0.021605
0 0.007509 0.109259 0.009809 0.021605
0 0.007509 0.109259 0.009809 0.021605
0 0.007509 0.109259 0.009809 0.021605
0 0.007509 0.109259 0.009809 0.021605
0 0.007509 0.109259 0.009809 0.021605
0 0.007509 0.109259 0.009809 0.021605
0 0.007509 0.109259 0.009809 0.021605
0 0.007509 0.109259 0.009809 0.021605
0 0.007509 0.109259 0.009809 0.021605
0 0.007509 0.109259 0.009809 0.021605
0 0.007509 0.109259 0.009809 0.021605
0 0.007509 0.109259 0.009809 0.021605
0 0.007509 0.109259 0.009809 0.021605
0 0.007509 0.109259 0.009809 0.021605
0 0.007509 0.109259 0.009809 0.021605
0 0.007509 0.109259 0.009809 0.021605
0 0.007509 0.109259 0.009809 0.021605
0 0.007509 0.109259 0.009809 0.021605
0 0.007509 0.109259 0.009809 0.021605
0 0.007509 0.109259 0.009809 0.021605
0 0.007509 0.109259 0.009809 0.021605
0 0.007509 0.109259 0.009809 0.021605
0 0.007509 0.109259 0.009809 0.021605
0 0.007509 0.109259 0.009809 0.021605
0 0.007509 0.109259 0.009809 0.021605
0 0.007509 0.109259 0.009809 0.021605
0 0.007509 0.109259 0.009809 0.021605
0 0.007509 0.109259 0.009809 0.021605
0 0.007509 0.109259 0.009809 0.021605
0 0.007509 0.109259 0.009809 0.021605
0 0.007509 0.109259 0.009809 0.021605
0 0.007509 0.109259 0.009809 0.021605
0 0.007509 0.109259 0.009809 0.021605
0 0.007509 0.109259 0.009809 0.021605
0 0.007509 0.109259 0.009809 0.021605
0 0.006944 0.107022 0.009028 0.020833
0 0.006293 0.105324 0.008247 0.019907
0 0.005686 0.103627 0.007552 0.018981
0 0.005208 0.101852 0.007118 0.018210
0 0.004557 0.100154 0.006337 0.017284
0 0.003993 0.098148 0.005556 0.016975
0 0.003516 0.096451 0.005122 0.016049
0 0.002908 0.094753 0.004427 0.015123
0 0.002257 0.092978 0.003646 0.014352
0 0.001780 0.091281 0.003212 0.013426
0 0.001910 0.092515 0.003472 0.013426
0 0.002127 0.093904 0.003906 0.013426
0 0.002387 0.095370 0.004427 0.013889
0 0.002517 0.096605 0.004687 0.013889
0 0.002734 0.098225 0.005122 0.014352
0 0.002995 0.099460 0.005642 0.014352
0 0.003125 0.100772 0.005903 0.014198
0 0.003342 0.102315 0.006337 0.014815
0 0.003602 0.103627 0.006858 0.014660
0 0.003993 0.105324 0.007118 0.014660
0 0.004080 0.104861 0.007292 0.015586
0 0.004210 0.104630 0.007552 0.016049
0 0.004340 0.104244 0.007812 0.016821
0 0.004470 0.104012 0.008073 0.017284
0 0.004861 0.103549 0.008333 0.018210
0 0.004948 0.103395 0.008507 0.018519
0 0.005078 0.102932 0.008767 0.019444
0 0.005208 0.102701 0.009028 0.019907
0 0.005339 0.102238 0.009288 0.020833
0 0.005686 0.102315 0.009462 0.021605
0 0.005686 0.102701 0.009462 0.021759
0 0.005816 0.103164 0.009722 0.021759
0 0.005946 0.104012 0.009462 0.021605
0 0.006076 0.104475 0.009722 0.021605
0 0.006293 0.105324 0.009809 0.021759
0 0.006293 0.105787 0.009809 0.021759
0 0.006424 0.106250 0.010069 0.021759
0 0.006554 0.107099 0.009809 0.021605
0 0.006641 0.107485 0.009983 0.021759
0 0.006901 0.108410 0.009983 0.021759
0 0.006901 0.108410 0.009983 0.021759
0 0.006901 0.108410 0.009983 0.021759
0 0.006901 0.108410 0.009983 0.021759
0 0.006901 0.108410 0.009983 0.021759
0 0.006901 0.108410 0.009983 0.021759
0 0.006901 0.108410 0.009983 0.021759
0 0.006901 0.108410 0.009983 0.021759
0 0.006901 0.108410 0.009983 0.021759
0 0.006901 0.108410 0.009983 0.021759
0 0.006901 0.108410 0.009983 0.021759
0 0.006901 0.108410 0.009983 0.021759
0 0.006901 0.108410 0.009983 0.021759
0 0.006901 0.108410 0.009983 0.021759
0 0.006901 0.108410 0.009983 0.021759
0 0.007031 0.108410 0.009722 0.021759
0 0.007031 0.108410 0.009722 0.021759
0 0.007031 0.108410 0.009722 0.021759
0 0.007031 0.108410 0.009722 0.021759
0 0.007031 0.108410 0.009722 0.021759
0 0.007161 0.108410 0.009462 0.021759
0 0.007161 0.108410 0.009462 0.021759
0 0.007161 0.108410 0.009462 0.021759
0 0.007161 0.108410 0.009462 0.021759
0 0.007161 0.108410 0.009462 0.021759
0 0.007161 0.108410 0.009462 0.021759
0 0.007161 0.108410 0.009462 0.021759
0 0.007161 0.108410 0.009462 0.021759
0 0.007161 0.108410 0.009462 0.021759
0 0.007161 0.108410 0.009462 0.021759
0 0.007161 0.108410 0.009462 0.021759
0 0.007161 0.108410 0.009462 0.021759
0 0.007161 0.108410 0.009462 0.021759
0 0.007161 0.108410 0.009462 0.021759
0 0.007161 0.108410 0.009462 0.021759
0 0.007161 0.108410 0.009462 0.021759
0 0.007161 0.108410 0.009462 0.021759
0 0.007161 0.108410 0.009462 0.021759
0 0.007161 0.108410 0.009462 0.021759
0 0.007161 0.108410 0.009462 0.021759
0 0.007161 0.108410 0.009462 0.021759
0 0.007161 0.108410 0.009462 0.021759
0 0.007161 0.108410 0.009462 0.021759
0 0.007161 0.108410 0.009462 0.021759
0 0.007161 0.108410 0.009462 0.021759
0 0.007292 0.108796 0.009722 0.021605
0 0.007292 0.108796 0.009722 0.021605
0 0.007292 0.108796 0.009722 0.021605
0 0.007292 0.108796 0.009722 0.021605
0 0.007292 0.108796 0.009722 0.021605
0 0.007509 0.109259 0.009809 0.021605
