0 0.170530 0.126157 0.004948 0.017438
0 0.170530 0.126157 0.004948 0.017438
0 0.170747 0.126157 0.004861 0.017438
0 0.170747 0.126157 0.004861 0.017438
0 0.171007 0.126157 0.004861 0.017438
0 0.171267 0.126157 0.004861 0.017438
0 0.171267 0.126157 0.004861 0.017438
0 0.171528 0.126157 0.004861 0.017438
0 0.171528 0.126157 0.004861 0.017438
0 0.171745 0.126157 0.004948 0.017438
0 0.171962 0.126157 0.004861 0.017438
0 0.171962 0.126157 0.004861 0.017438
0 0.172222 0.126157 0.004861 0.017438
0 0.172222 0.126157 0.004861 0.017438
0 0.172483 0.126157 0.004861 0.017438
0 0.172743 0.126157 0.004861 0.017438
0 0.172743 0.126157 0.004861 0.017438
0 0.172960 0.126157 0.004948 0.017438
0 0.172960 0.126157 0.004948 0.017438
0 0.173220 0.126157 0.004948 0.017438
0 0.173437 0.126157 0.004861 0.017438
0 0.173698 0.126003 0.004861 0.017747
0 0.174219 0.126003 0.004861 0.017747
0 0.174436 0.126003 0.004948 0.017747
0 0.174913 0.126003 0.004861 0.017747
0 0.175174 0.126003 0.004861 0.017747
0 0.175651 0.125772 0.004948 0.018210
0 0.175868 0.125772 0.004861 0.018210
0 0.176389 0.125772 0.004861 0.018210
0 0.176649 0.125772 0.004861 0.018210
0 0.177083 0.126003 0.004861 0.018673
0 0.177344 0.126003 0.004861 0.018673
0 0.177604 0.126003 0.004861 0.018673
0 0.177865 0.126003 0.004861 0.018673
0 0.178125 0.126003 0.004861 0.018673
0 0.178342 0.126003 0.004948 0.018673
0 0.178559 0.126003 0.004861 0.018673
0 0.178819 0.126003 0.004861 0.018673
0 0.179080 0.126003 0.004861 0.018673
0 0.179340 0.126003 0.004861 0.018673
0 0.179557 0.126157 0.004948 0.018981
0 0.180035 0.125772 0.004861 0.019136
0 0.180773 0.125772 0.004948 0.019136
0 0.181510 0.125772 0.004861 0.019136
0 0.181988 0.125309 0.004948 0.019136
0 0.182726 0.125309 0.004861 0.019136
0 0.183464 0.125309 0.004948 0.019136
0 0.183941 0.124846 0.004861 0.019136
0 0.184679 0.124846 0.004948 0.019136
0 0.185417 0.124846 0.004861 0.019136
0 0.186155 0.124846 0.004948 0.019136
0 0.186632 0.124846 0.004861 0.019136
0 0.187370 0.124846 0.004948 0.019136
0 0.187847 0.124846 0.004861 0.019136
0 0.188585 0.124846 0.004948 0.019136
0 0.189323 0.124846 0.004861 0.019136
0 0.189800 0.124846 0.004948 0.019136
0 0.190538 0.124846 0.004861 0.019136
0 0.191059 0.124846 0.004861 0.019136
0 0.191753 0.124846 0.004861 0.019136
0 0.192491 0.124846 0.004948 0.019136
0 0.192969 0.124846 0.004861 0.019136
0 0.193707 0.124846 0.004948 0.019136
0 0.194184 0.124846 0.004861 0.019136
0 0.194922 0.124846 0.004948 0.019136
0 0.195399 0.124846 0.004861 0.019136
0 0.196181 0.124846 0.004861 0.019136
0 0.196615 0.124846 0.004861 0.019136
0 0.197396 0.124846 0.004861 0.019136
0 0.197830 0.124846 0.004861 0.019136
0 0.198611 0.125309 0.004861 0.019136
0 0.199045 0.125309 0.004861 0.019136
0 0.199826 0.125309 0.004861 0.019136
0 0.200521 0.125309 0.004861 0.019136
0 0.201302 0.125772 0.004861 0.019136
0 0.201997 0.125772 0.004861 0.019136
0 0.202517 0.125772 0.004861 0.019136
0 0.203212 0.126157 0.004861 0.018981
0 0.203950 0.126157 0.004948 0.018981
0 0.204687 0.126157 0.004861 0.018981
0 0.205425 0.126620 0.004948 0.018981
0 0.205903 0.126620 0.004861 0.018981
0 0.206424 0.126620 0.004861 0.018981
0 0.206858 0.126620 0.004861 0.018981
0 0.207639 0.126620 0.004861 0.018981
0 0.208116 0.126620 0.004948 0.018981
0 0.208594 0.126620 0.004861 0.018981
0 0.209332 0.126620 0.004948 0.018981
0 0.209809 0.126620 0.004861 0.018981
0 0.210330 0.126620 0.004861 0.018981
0 0.211024 0.126620 0.004861 0.018981
0 0.211024 0.126157 0.004861 0.018981
0 0.211285 0.125772 0.004861 0.019136
0 0.211545 0.125772 0.004861 0.019136
0 0.211762 0.125309 0.004948 0.019136
0 0.211979 0.125309 0.004861 0.019136
0 0.212240 0.124846 0.004861 0.019136
0 0.212500 0.124383 0.004861 0.019136
0 0.212760 0.124383 0.004861 0.019136
0 0.213021 0.123997 0.004861 0.018981
0 0.213238 0.123997 0.004948 0.018981
0 0.213455 0.123611 0.004861 0.019136
0 0.213976 0.123611 0.004861 0.019136
0 0.214236 0.123611 0.004861 0.019136
0 0.214670 0.123611 0.004861 0.019136
0 0.214931 0.123611 0.004861 0.019136
0 0.215451 0.123148 0.004861 0.019136
0 0.215668 0.123148 0.004948 0.019136
0 0.216146 0.123148 0.004861 0.019136
0 0.216406 0.123148 0.004861 0.019136
0 0.216884 0.123148 0.004948 0.019136
0 0.216406 0.122685 0.004861 0.019136
0 0.215885 0.122222 0.004861 0.019136
0 0.215668 0.122222 0.004948 0.019136
0 0.215191 0.121836 0.004861 0.018981
0 0.214931 0.121836 0.004861 0.018981
0 0.214453 0.121373 0.004948 0.018981
0 0.213976 0.120988 0.004861 0.019136
0 0.213715 0.120988 0.004861 0.019136
0 0.213238 0.120525 0.004948 0.019136
0 0.213021 0.120525 0.004861 0.019136
0 0.211762 0.119676 0.004948 0.018981
0 0.210764 0.118827 0.004861 0.019136
0 0.209549 0.117901 0.004861 0.019136
0 0.208594 0.117438 0.004861 0.019136
0 0.207639 0.116667 0.004861 0.019136
0 0.206424 0.115741 0.004861 0.019136
0 0.205425 0.115278 0.004948 0.019136
0 0.204210 0.114429 0.004948 0.018981
0 0.203212 0.113580 0.004861 0.019136
0 0.202257 0.113117 0.004861 0.019136
0 0.201302 0.112269 0.004861 0.018981
0 0.200304 0.111420 0.004948 0.019136
0 0.199306 0.110494 0.004861 0.019136
0 0.198351 0.109722 0.004861 0.019136
0 0.197613 0.109259 0.004948 0.019136
0 0.196615 0.108333 0.004861 0.019136
0 0.195660 0.107562 0.004861 0.019136
0 0.194705 0.106636 0.004861 0.019136
0 0.193707 0.105787 0.004948 0.018981
0 0.192969 0.105324 0.004861 0.018981
0 0.192969 0.104938 0.004861 0.019136
0 0.192969 0.104475 0.004861 0.019136
0 0.192969 0.104012 0.004861 0.019136
0 0.192969 0.103627 0.004861 0.018981
0 0.192969 0.103627 0.004861 0.018981
0 0.192969 0.103164 0.004861 0.018981
0 0.192969 0.102778 0.004861 0.019136
0 0.192969 0.102315 0.004861 0.019136
0 0.192969 0.101852 0.004861 0.019136
0 0.193229 0.101852 0.004861 0.019136
0 0.193490 0.101389 0.004861 0.019136
0 0.193924 0.101389 0.004861 0.019136
0 0.194444 0.101389 0.004861 0.019136
0 0.194705 0.101389 0.004861 0.019136
0 0.195182 0.101389 0.004948 0.019136
0 0.195660 0.101003 0.004861 0.018981
0 0.195920 0.101003 0.004861 0.018981
0 0.196398 0.101003 0.004948 0.018981
0 0.196875 0.101003 0.004861 0.018981
0 0.197396 0.101003 0.004861 0.018981
0 0.197613 0.101003 0.004948 0.018981
0 0.197830 0.101389 0.004861 0.019136
0 0.198351 0.101852 0.004861 0.019136
0 0.198611 0.102315 0.004861 0.019136
0 0.199045 0.102778 0.004861 0.019136
0 0.199306 0.103164 0.004861 0.018981
0 0.199566 0.103627 0.004861 0.018981
0 0.200087 0.104012 0.004861 0.019136
0 0.200304 0.104475 0.004948 0.019136
0 0.200781 0.104938 0.004861 0.019136
0 0.201042 0.105093 0.004861 0.019444
0 0.201302 0.105556 0.004861 0.019444
0 0.201519 0.106019 0.004948 0.019444
0 0.201736 0.106404 0.004861 0.019599
0 0.201997 0.106867 0.004861 0.019599
0 0.202257 0.107330 0.004861 0.019599
0 0.202517 0.107716 0.004861 0.019444
0 0.202734 0.108179 0.004948 0.019444
0 0.202951 0.108565 0.004861 0.019599
0 0.203212 0.109028 0.004861 0.019599
