0 0.214714 0.114043 0.004427 0.017284
0 0.214193 0.113580 0.004427 0.017284
0 0.213976 0.113580 0.004340 0.017284
0 0.213498 0.113117 0.004427 0.017284
0 0.213238 0.113117 0.004427 0.017284
0 0.212760 0.112731 0.004340 0.017438
0 0.212500 0.112731 0.004340 0.017438
0 0.212023 0.112269 0.004427 0.017438
0 0.211762 0.112269 0.004427 0.017438
0 0.211285 0.111883 0.004340 0.017284
0 0.211024 0.111883 0.004340 0.017284
0 0.211024 0.111883 0.004340 0.017284
0 0.211024 0.111883 0.004340 0.017284
0 0.211024 0.111883 0.004340 0.017284
0 0.211024 0.111883 0.004340 0.017284
0 0.211024 0.111883 0.004340 0.017284
0 0.211024 0.111883 0.004340 0.017284
0 0.211024 0.111883 0.004340 0.017284
0 0.211024 0.111883 0.004340 0.017284
0 0.211024 0.111883 0.004340 0.017284
0 0.211024 0.111883 0.004340 0.017284
0 0.211024 0.111883 0.004340 0.017284
0 0.211024 0.111883 0.004340 0.017284
0 0.211024 0.111883 0.004340 0.017284
0 0.211024 0.111883 0.004340 0.017284
0 0.211024 0.111883 0.004340 0.017284
0 0.211024 0.111883 0.004340 0.017284
0 0.211024 0.111883 0.004340 0.017284
0 0.211024 0.111883 0.004340 0.017284
0 0.211024 0.111883 0.004340 0.017284
0 0.211024 0.111883 0.004340 0.017284
0 0.210807 0.111420 0.004427 0.017284
0 0.210807 0.110957 0.004427 0.017284
0 0.210547 0.110957 0.004427 0.017284
0 0.210547 0.110571 0.004427 0.017438
0 0.210286 0.110571 0.004427 0.017438
0 0.210286 0.110108 0.004427 0.017438
0 0.210069 0.109645 0.004340 0.017438
0 0.210069 0.109645 0.004340 0.017438
0 0.209809 0.109259 0.004340 0.017284
0 0.209809 0.109259 0.004340 0.017284
0 0.209809 0.109259 0.004340 0.017284
0 0.209809 0.109259 0.004340 0.017284
0 0.209809 0.109259 0.004340 0.017284
0 0.209809 0.109259 0.004340 0.017284
0 0.209809 0.109259 0.004340 0.017284
0 0.209809 0.109259 0.004340 0.017284
0 0.209809 0.109259 0.004340 0.017284
0 0.209809 0.109259 0.004340 0.017284
0 0.209809 0.109259 0.004340 0.017284
0 0.209809 0.109259 0.004340 0.017284
0 0.210069 0.109491 0.004340 0.017747
0 0.210547 0.109877 0.004427 0.017901
0 0.210894 0.110340 0.004601 0.017901
0 0.211285 0.110725 0.004340 0.017747
0 0.211762 0.111188 0.004427 0.017747
0 0.212109 0.111420 0.004601 0.018210
0 0.212500 0.111883 0.004340 0.018210
0 0.212891 0.112346 0.004601 0.018210
0 0.213368 0.112654 0.004687 0.018210
0 0.213845 0.113117 0.004601 0.018210
0 0.214106 0.113117 0.004601 0.018210
0 0.214323 0.113580 0.004687 0.018210
0 0.214583 0.114043 0.004687 0.018210
0 0.214800 0.114506 0.004601 0.018210
0 0.215061 0.114815 0.004601 0.018210
0 0.215321 0.114815 0.004601 0.018210
0 0.215538 0.115278 0.004687 0.018210
0 0.215799 0.115741 0.004687 0.018210
0 0.216016 0.116204 0.004601 0.018210
0 0.216276 0.116667 0.004601 0.018210
0 0.216406 0.117052 0.004861 0.018364
0 0.216667 0.117901 0.004861 0.018210
0 0.217014 0.118827 0.005208 0.018210
0 0.217231 0.119444 0.005122 0.017901
0 0.217622 0.120293 0.005382 0.017747
0 0.217752 0.121219 0.005642 0.017747
0 0.218012 0.121836 0.005642 0.017438
0 0.218359 0.122685 0.005816 0.017284
0 0.218620 0.123534 0.005816 0.017438
0 0.218967 0.124460 0.006163 0.017438
0 0.219184 0.125309 0.006076 0.017284
0 0.219575 0.126157 0.005816 0.017438
0 0.219922 0.127006 0.005642 0.017284
0 0.220443 0.127932 0.005642 0.017284
0 0.220790 0.128781 0.005295 0.017438
0 0.221137 0.129630 0.005122 0.017284
0 0.221658 0.130478 0.005122 0.017438
0 0.222049 0.131327 0.004861 0.017284
0 0.222396 0.132253 0.004687 0.017284
0 0.222873 0.133333 0.004601 0.016975
0 0.223351 0.134182 0.004687 0.016821
0 0.223828 0.135031 0.004601 0.016975
0 0.224349 0.135957 0.004601 0.016975
0 0.224826 0.136806 0.004687 0.016821
0 0.225564 0.137654 0.004601 0.016975
0 0.226042 0.138503 0.004687 0.016821
0 0.226519 0.139352 0.004601 0.016975
0 0.227040 0.140278 0.004601 0.016975
0 0.227517 0.141127 0.004687 0.016821
0 0.228255 0.141975 0.004601 0.016975
0 0.228602 0.142901 0.004948 0.016975
0 0.229080 0.143981 0.004861 0.017284
0 0.229470 0.145216 0.005122 0.017284
0 0.229948 0.146142 0.005208 0.017284
0 0.230556 0.147454 0.005382 0.017438
0 0.230946 0.148534 0.005642 0.017747
0 0.231424 0.149383 0.005556 0.017901
0 0.231771 0.150694 0.005903 0.017747
0 0.232248 0.151698 0.005816 0.018210
0 0.232899 0.153086 0.006076 0.018210
0 0.233333 0.153858 0.006076 0.018210
0 0.233854 0.154784 0.006076 0.018210
0 0.234332 0.155710 0.006163 0.018210
0 0.235069 0.156481 0.006076 0.018210
0 0.235590 0.157870 0.006076 0.018210
0 0.236024 0.158642 0.006076 0.018210
0 0.236806 0.159568 0.006076 0.018210
0 0.237240 0.160494 0.006076 0.018210
0 0.237760 0.161265 0.006076 0.018210
0 0.238498 0.162654 0.006163 0.018210
0 0.238845 0.162654 0.006337 0.018210
0 0.239366 0.163040 0.006337 0.018364
0 0.239800 0.163272 0.006337 0.017901
0 0.240451 0.163657 0.006597 0.017747
0 0.240929 0.163889 0.006510 0.017284
0 0.241406 0.164120 0.006597 0.017747
0 0.242014 0.164352 0.006771 0.017284
0 0.242491 0.164815 0.006858 0.017284
0 0.243012 0.164969 0.006858 0.016975
0 0.243620 0.165432 0.007031 0.016975
0 0.243837 0.165432 0.007118 0.016975
0 0.244097 0.165432 0.007118 0.016975
0 0.244358 0.165432 0.007118 0.016975
0 0.244835 0.165432 0.007031 0.016975
0 0.245095 0.165664 0.007031 0.017438
0 0.245312 0.165664 0.007118 0.017438
0 0.245790 0.165664 0.007031 0.017438
0 0.246050 0.165664 0.007031 0.017438
0 0.246311 0.165664 0.007031 0.017438
0 0.246788 0.166049 0.007118 0.017284
0 0.247266 0.165664 0.007031 0.017438
0 0.247743 0.165664 0.007118 0.017438
0 0.248264 0.165201 0.007118 0.017438
0 0.248741 0.165201 0.007031 0.017438
0 0.249219 0.164815 0.007118 0.017284
0 0.249696 0.164815 0.007031 0.017284
0 0.250217 0.164352 0.007031 0.017284
0 0.250694 0.164352 0.007118 0.017284
0 0.251172 0.163889 0.007031 0.017284
0 0.251649 0.163889 0.007118 0.017284
0 0.251910 0.163503 0.007118 0.017438
0 0.252170 0.163503 0.007118 0.017438
0 0.252517 0.163503 0.007292 0.017438
0 0.252865 0.163503 0.007118 0.017438
0 0.253255 0.163503 0.007378 0.017438
0 0.253472 0.163503 0.007292 0.017438
0 0.253863 0.163503 0.007031 0.017438
0 0.254253 0.163503 0.007292 0.017438
0 0.254470 0.163503 0.007378 0.017438
0 0.254948 0.163503 0.007292 0.017438
0 0.255208 0.163503 0.007292 0.017438
0 0.255469 0.163503 0.007292 0.017438
0 0.255686 0.163503 0.007378 0.017438
0 0.256163 0.163503 0.007292 0.017438
0 0.256424 0.163889 0.007292 0.017284
0 0.256684 0.163889 0.007292 0.017284
0 0.257161 0.163889 0.007378 0.017284
0 0.257378 0.163889 0.007292 0.017284
0 0.257639 0.163889 0.007292 0.017284
0 0.258160 0.164352 0.007292 0.017284
0 0.258377 0.164352 0.007378 0.017284
0 0.258594 0.164352 0.007292 0.017284
0 0.258854 0.164352 0.007292 0.017284
0 0.259115 0.164815 0.007292 0.017284
0 0.259505 0.164815 0.007552 0.017284
0 0.259722 0.164815 0.007639 0.017284
0 0.259939 0.165201 0.007552 0.017438
0 0.260200 0.165201 0.007552 0.017438
0 0.260460 0.165201 0.007552 0.017438
0 0.260937 0.165664 0.007639 0.017438
