0 0.148438 0.184491 0.007118 0.015278
0 0.148177 0.186420 0.007118 0.014815
0 0.147960 0.188657 0.007031 0.014660
0 0.147960 0.190818 0.007031 0.014660
0 0.147700 0.192978 0.007031 0.014660
0 0.147700 0.195139 0.007031 0.014660
0 0.147483 0.197299 0.007118 0.014660
0 0.147222 0.199460 0.007118 0.014660
0 0.147222 0.201620 0.007118 0.014660
0 0.146962 0.203858 0.007118 0.014815
0 0.146962 0.206019 0.007118 0.014815
0 0.146745 0.205093 0.007031 0.014815
0 0.146745 0.204707 0.007031 0.014660
0 0.146745 0.204244 0.007031 0.014660
0 0.146745 0.203395 0.007031 0.014815
0 0.146745 0.202932 0.007031 0.014815
0 0.146484 0.202546 0.007031 0.014660
0 0.146484 0.201620 0.007031 0.014660
0 0.146484 0.201235 0.007031 0.014815
0 0.146484 0.200772 0.007031 0.014815
0 0.146484 0.200309 0.007031 0.014815
0 0.146615 0.199460 0.006771 0.014660
0 0.146832 0.199074 0.006858 0.014815
0 0.147092 0.198380 0.006858 0.015278
0 0.147352 0.197994 0.006858 0.015123
0 0.147613 0.197531 0.006858 0.015123
0 0.147743 0.196836 0.006597 0.015586
0 0.147917 0.196451 0.006597 0.015741
0 0.148177 0.195833 0.006597 0.016049
0 0.148438 0.195370 0.006597 0.016049
0 0.148698 0.194907 0.006597 0.016049
0 0.148698 0.193981 0.006597 0.016049
0 0.148698 0.193673 0.006597 0.016049
0 0.148698 0.193210 0.006597 0.016049
0 0.148698 0.192747 0.006597 0.016049
0 0.148958 0.192284 0.006597 0.016049
0 0.148958 0.191667 0.006597 0.016358
0 0.148958 0.191281 0.006597 0.016512
0 0.148958 0.190818 0.006597 0.016512
0 0.148958 0.190355 0.006597 0.016512
0 0.149175 0.189892 0.006510 0.016512
0 0.148958 0.189120 0.006597 0.016512
0 0.148958 0.188657 0.006597 0.016512
0 0.148958 0.187731 0.006597 0.016512
0 0.148958 0.187269 0.006597 0.016512
0 0.148958 0.186960 0.006597 0.016512
0 0.148698 0.186034 0.006597 0.016512
0 0.148698 0.185571 0.006597 0.016512
0 0.148698 0.184722 0.006597 0.016358
0 0.148698 0.184336 0.006597 0.016512
0 0.148698 0.183873 0.006597 0.016512
0 0.148438 0.183410 0.006597 0.016512
0 0.148177 0.182948 0.006597 0.016512
0 0.147917 0.182562 0.006597 0.016358
0 0.147743 0.182176 0.006597 0.016512
0 0.147483 0.182176 0.006597 0.016512
0 0.147222 0.181713 0.006597 0.016512
0 0.146962 0.181250 0.006597 0.016512
0 0.146701 0.180787 0.006597 0.016512
0 0.146528 0.180401 0.006597 0.016358
0 0.146267 0.180401 0.006597 0.016358
0 0.146007 0.180015 0.006597 0.016512
0 0.145747 0.179552 0.006597 0.016512
0 0.145486 0.179090 0.006597 0.016512
0 0.145269 0.178627 0.006510 0.016512
0 0.145269 0.178164 0.006510 0.016512
0 0.145052 0.177778 0.006597 0.016358
0 0.144792 0.177392 0.006597 0.016512
0 0.144531 0.176929 0.006597 0.016512
0 0.144271 0.176466 0.006597 0.016512
0 0.144271 0.176003 0.006597 0.016512
0 0.143837 0.175617 0.006597 0.016358
0 0.143316 0.175231 0.006597 0.016512
0 0.143056 0.174769 0.006597 0.016512
0 0.142622 0.174769 0.006597 0.016512
0 0.142361 0.174306 0.006597 0.016512
0 0.141840 0.173843 0.006597 0.016512
0 0.141363 0.173843 0.006510 0.016512
0 0.141146 0.173457 0.006597 0.016358
0 0.140625 0.173071 0.006597 0.016512
0 0.140365 0.173071 0.006597 0.016512
0 0.139670 0.172608 0.006597 0.016512
0 0.139149 0.172145 0.006597 0.016512
0 0.138715 0.171682 0.006597 0.016512
0 0.138194 0.171219 0.006597 0.016512
0 0.137674 0.170833 0.006597 0.016358
0 0.136979 0.170448 0.006597 0.016512
0 0.136458 0.169985 0.006597 0.016512
0 0.136024 0.169522 0.006597 0.016512
0 0.135503 0.169059 0.006597 0.016512
0 0.135026 0.169059 0.006510 0.016512
0 0.134549 0.168673 0.006597 0.016358
0 0.134288 0.168287 0.006597 0.016512
0 0.133767 0.167824 0.006597 0.016512
0 0.133594 0.167361 0.006597 0.016512
0 0.133073 0.167361 0.006597 0.016512
0 0.132812 0.166898 0.006597 0.016512
0 0.132335 0.166512 0.006510 0.016358
0 0.132118 0.166127 0.006597 0.016512
0 0.131597 0.165664 0.006597 0.016512
0 0.131337 0.165664 0.006597 0.016512
0 0.130903 0.165201 0.006597 0.016512
0 0.130642 0.164738 0.006597 0.016512
0 0.130382 0.164738 0.006597 0.016512
0 0.130122 0.164352 0.006597 0.016358
0 0.129861 0.164352 0.006597 0.016358
0 0.129687 0.163966 0.006597 0.016512
0 0.129427 0.163503 0.006597 0.016512
0 0.129167 0.163503 0.006597 0.016512
0 0.128906 0.163040 0.006597 0.016512
0 0.128646 0.163040 0.006597 0.016512
0 0.128906 0.162114 0.006597 0.016512
0 0.129167 0.161343 0.006597 0.016512
0 0.129687 0.160880 0.006597 0.016512
0 0.129861 0.159954 0.006597 0.016512
0 0.130382 0.159568 0.006597 0.016358
0 0.130642 0.158719 0.006597 0.016512
0 0.130903 0.157793 0.006597 0.016512
0 0.131337 0.157407 0.006597 0.016358
0 0.131597 0.156559 0.006597 0.016512
0 0.132118 0.156096 0.006597 0.016512
0 0.132335 0.155633 0.006510 0.016512
0 0.132552 0.155170 0.006597 0.016512
0 0.133073 0.154784 0.006597 0.016358
0 0.133333 0.154398 0.006597 0.016512
0 0.133767 0.153935 0.006597 0.016512
0 0.134028 0.153472 0.006597 0.016512
0 0.134288 0.153009 0.006597 0.016512
0 0.134809 0.152623 0.006597 0.016358
0 0.135026 0.152238 0.006510 0.016512
0 0.135503 0.151775 0.006597 0.016512
0 0.135764 0.151312 0.006597 0.016512
0 0.136024 0.150849 0.006597 0.016512
0 0.136241 0.150463 0.006510 0.016358
0 0.136458 0.150077 0.006597 0.016512
0 0.136719 0.150077 0.006597 0.016512
0 0.136979 0.149614 0.006597 0.016512
0 0.137240 0.149151 0.006597 0.016512
0 0.137500 0.148688 0.006597 0.016512
0 0.137674 0.148225 0.006597 0.016512
0 0.137934 0.148225 0.006597 0.016512
0 0.137934 0.147917 0.006597 0.016512
0 0.138194 0.147917 0.006597 0.016512
0 0.138455 0.147917 0.006597 0.016512
0 0.138455 0.147454 0.006597 0.016512
0 0.138715 0.147454 0.006597 0.016512
0 0.138889 0.147454 0.006597 0.016512
0 0.138889 0.146991 0.006597 0.016512
0 0.139149 0.146991 0.006597 0.016512
0 0.139410 0.146991 0.006597 0.016512
0 0.139670 0.146991 0.006597 0.016512
0 0.139931 0.146528 0.006597 0.016512
0 0.140148 0.146528 0.006510 0.016512
0 0.140365 0.146528 0.006597 0.016512
0 0.140885 0.146065 0.006597 0.016512
0 0.141146 0.146065 0.006597 0.016512
0 0.141363 0.146065 0.006510 0.016512
0 0.141840 0.145679 0.006597 0.016358
0 0.142101 0.145679 0.006597 0.016358
0 0.142361 0.145679 0.006597 0.016358
0 0.142795 0.145679 0.006597 0.016358
0 0.143056 0.145293 0.006597 0.016512
0 0.143316 0.145293 0.006597 0.016512
0 0.143576 0.145293 0.006597 0.016512
0 0.143837 0.145293 0.006597 0.016512
0 0.144054 0.145293 0.006510 0.016512
0 0.144271 0.144830 0.006597 0.016512
0 0.144531 0.144830 0.006597 0.016512
0 0.144792 0.144830 0.006597 0.016512
0 0.145052 0.144830 0.006597 0.016512
0 0.145486 0.144830 0.006597 0.016512
0 0.145486 0.144599 0.006597 0.016049
0 0.145747 0.144599 0.006597 0.016049
0 0.146007 0.144599 0.006597 0.016049
0 0.146137 0.144599 0.006858 0.016049
0 0.146398 0.144599 0.006858 0.016049
0 0.146528 0.144599 0.006597 0.016049
0 0.146615 0.144599 0.006771 0.016049
0 0.146832 0.144599 0.006858 0.016049
0 0.147092 0.144599 0.006858 0.016049
0 0.147352 0.144599 0.006858 0.016049
