0 0.173698 0.050694 0.004340 0.018981
0 0.173698 0.050694 0.004340 0.018981
0 0.173698 0.050694 0.004340 0.018981
0 0.173698 0.050694 0.004340 0.018981
0 0.173698 0.050694 0.004340 0.018981
0 0.173698 0.050694 0.004340 0.018981
0 0.173698 0.050694 0.004340 0.018981
0 0.173698 0.050694 0.004340 0.018981
0 0.173698 0.050694 0.004340 0.018981
0 0.173698 0.050694 0.004340 0.018981
0 0.173698 0.050694 0.004340 0.018981
0 0.173698 0.050694 0.004340 0.018981
0 0.173698 0.050694 0.004340 0.018981
0 0.173698 0.050694 0.004340 0.018981
0 0.173698 0.050694 0.004340 0.018981
0 0.173698 0.050694 0.004340 0.018981
0 0.173698 0.050694 0.004340 0.018981
0 0.173698 0.050694 0.004340 0.018981
0 0.173698 0.050694 0.004340 0.018981
0 0.173698 0.050694 0.004340 0.018981
0 0.173698 0.050694 0.004340 0.018981
0 0.173698 0.050694 0.004340 0.018981
0 0.173698 0.050694 0.004340 0.018981
0 0.173698 0.050694 0.004340 0.018981
0 0.173698 0.050694 0.004340 0.018981
0 0.173698 0.050694 0.004340 0.018981
0 0.173698 0.050694 0.004340 0.018981
0 0.173698 0.050694 0.004340 0.018981
0 0.173698 0.050694 0.004340 0.018981
0 0.173698 0.050694 0.004340 0.018981
0 0.173698 0.050694 0.004340 0.018981
0 0.173698 0.050694 0.004340 0.018981
0 0.173698 0.050694 0.004340 0.018981
0 0.173698 0.050694 0.004340 0.018981
0 0.173698 0.050694 0.004340 0.018981
0 0.173698 0.050694 0.004340 0.018981
0 0.173698 0.050694 0.004340 0.018981
0 0.173698 0.050694 0.004340 0.018981
0 0.173698 0.050694 0.004340 0.018981
0 0.173698 0.050694 0.004340 0.018981
0 0.173698 0.050694 0.004340 0.018981
0 0.173698 0.050694 0.004340 0.018981
0 0.173698 0.050694 0.004340 0.018981
0 0.173698 0.050694 0.004340 0.018981
0 0.173698 0.050694 0.004340 0.018981
0 0.173698 0.050694 0.004340 0.018981
0 0.173698 0.050694 0.004340 0.018981
0 0.173698 0.050694 0.004340 0.018981
0 0.173698 0.050694 0.004340 0.018981
0 0.173698 0.050694 0.004340 0.018981
0 0.173698 0.050694 0.004340 0.018981
0 0.173698 0.050694 0.004340 0.018981
0 0.173698 0.050694 0.004340 0.018981
0 0.173698 0.050694 0.004340 0.018981
0 0.173698 0.050694 0.004340 0.018981
0 0.173698 0.050694 0.004340 0.018981
0 0.173698 0.050694 0.004340 0.018981
0 0.173698 0.050694 0.004340 0.018981
0 0.173698 0.050694 0.004340 0.018981
0 0.173698 0.050694 0.004340 0.018981
0 0.173698 0.050694 0.004340 0.018981
0 0.173698 0.050694 0.004340 0.018981
0 0.173698 0.050694 0.004340 0.018981
0 0.173698 0.050694 0.004340 0.018981
0 0.173698 0.050694 0.004340 0.018981
0 0.173698 0.050694 0.004340 0.018981
0 0.173698 0.050694 0.004340 0.018981
0 0.173698 0.050694 0.004340 0.018981
0 0.173698 0.050694 0.004340 0.018981
0 0.173698 0.050694 0.004340 0.018981
0 0.173698 0.050694 0.004340 0.018981
0 0.173698 0.050694 0.004340 0.018981
0 0.173698 0.050694 0.004340 0.018981
0 0.173698 0.050694 0.004340 0.018981
0 0.173698 0.050694 0.004340 0.018981
0 0.173698 0.050694 0.004340 0.018981
0 0.173698 0.050694 0.004340 0.018981
0 0.173698 0.050694 0.004340 0.018981
0 0.173698 0.050694 0.004340 0.018981
0 0.173698 0.050694 0.004340 0.018981
0 0.173698 0.050694 0.004340 0.018981
0 0.174175 0.049383 0.004427 0.019136
0 0.174696 0.048071 0.004427 0.018981
0 0.175391 0.046759 0.004427 0.019136
0 0.175911 0.045525 0.004427 0.019136
0 0.176606 0.044599 0.004427 0.019136
0 0.177127 0.043287 0.004427 0.018981
0 0.177604 0.041975 0.004340 0.019136
0 0.178342 0.040741 0.004427 0.019136
0 0.178819 0.039352 0.004340 0.019136
0 0.179557 0.038580 0.004427 0.019136
0 0.179557 0.039352 0.004427 0.019136
0 0.179557 0.040741 0.004427 0.019136
0 0.179818 0.041590 0.004427 0.018981
0 0.179818 0.042901 0.004427 0.019136
0 0.180035 0.044136 0.004340 0.019136
0 0.180035 0.045062 0.004340 0.019136
0 0.180035 0.046296 0.004340 0.019136
0 0.180295 0.047222 0.004340 0.019136
0 0.180295 0.048534 0.004340 0.018981
0 0.180512 0.049846 0.004427 0.019136
0 0.180295 0.049846 0.004340 0.019136
0 0.180035 0.049846 0.004340 0.019136
0 0.179818 0.049846 0.004427 0.019136
0 0.179557 0.049846 0.004427 0.019136
0 0.179297 0.049846 0.004427 0.019136
0 0.179080 0.049846 0.004340 0.019136
0 0.178819 0.049846 0.004340 0.019136
0 0.178602 0.049846 0.004427 0.019136
0 0.178342 0.049846 0.004427 0.019136
0 0.178082 0.050231 0.004427 0.018981
0 0.177604 0.050231 0.004340 0.018981
0 0.177127 0.050231 0.004427 0.018981
0 0.176606 0.050231 0.004427 0.018981
0 0.176128 0.050231 0.004340 0.018981
0 0.175911 0.050231 0.004427 0.018981
0 0.175391 0.050231 0.004427 0.018981
0 0.174913 0.050231 0.004340 0.018981
0 0.174436 0.050231 0.004427 0.018981
0 0.173958 0.050231 0.004340 0.018981
0 0.173698 0.050694 0.004340 0.018981
0 0.172960 0.050694 0.004427 0.018981
0 0.172222 0.050694 0.004340 0.018981
0 0.171484 0.050694 0.004427 0.018981
0 0.170790 0.051080 0.004427 0.019136
0 0.170052 0.051080 0.004340 0.019136
0 0.169314 0.051080 0.004427 0.019136
0 0.168576 0.051543 0.004340 0.019136
0 0.167839 0.051543 0.004427 0.019136
0 0.167101 0.051543 0.004340 0.019136
0 0.166623 0.052006 0.004427 0.019136
0 0.165408 0.051543 0.004427 0.019136
0 0.164453 0.051543 0.004427 0.019136
0 0.163455 0.051543 0.004340 0.019136
0 0.162326 0.051543 0.004167 0.019136
0 0.161372 0.051543 0.004167 0.019136
0 0.160417 0.051543 0.004167 0.019136
0 0.159332 0.051543 0.003906 0.019136
0 0.158290 0.051543 0.003906 0.019136
0 0.157335 0.051543 0.003906 0.019136
0 0.156380 0.051543 0.003906 0.019136
0 0.154774 0.051543 0.003646 0.019136
0 0.153299 0.051543 0.003646 0.019136
0 0.151866 0.051543 0.003733 0.019136
0 0.150391 0.051543 0.003733 0.019136
0 0.148958 0.051543 0.003646 0.019136
0 0.147352 0.051543 0.003385 0.019136
0 0.145877 0.051543 0.003385 0.019136
0 0.144401 0.051543 0.003385 0.019136
0 0.142925 0.051543 0.003385 0.019136
0 0.141493 0.051543 0.003472 0.019136
0 0.139540 0.051543 0.003385 0.019136
0 0.137804 0.051543 0.003385 0.019136
0 0.136111 0.052006 0.003472 0.019136
0 0.134418 0.052006 0.003385 0.019136
0 0.132682 0.052392 0.003385 0.018981
0 0.130773 0.052392 0.003385 0.018981
0 0.129036 0.052392 0.003385 0.018981
0 0.127344 0.052855 0.003472 0.018981
0 0.125651 0.052855 0.003385 0.018981
0 0.123915 0.053241 0.003385 0.019136
0 0.121962 0.053241 0.003472 0.019136
0 0.120009 0.053704 0.003385 0.019136
0 0.118056 0.054167 0.003472 0.019136
0 0.116102 0.054630 0.003385 0.019136
0 0.114410 0.055015 0.003472 0.018981
0 0.112457 0.055015 0.003385 0.018981
0 0.110503 0.055401 0.003472 0.019136
0 0.108550 0.055864 0.003385 0.019136
0 0.106597 0.056327 0.003472 0.019136
0 0.104905 0.056790 0.003385 0.019136
0 0.103168 0.056790 0.003385 0.019136
0 0.101476 0.057176 0.003472 0.018981
0 0.099913 0.057176 0.003646 0.018981
0 0.098307 0.057639 0.003385 0.018981
0 0.096701 0.057793 0.003646 0.018673
0 0.095009 0.058025 0.003733 0.019136
0 0.093446 0.058256 0.003906 0.018673
0 0.091840 0.058719 0.003646 0.018673
0 0.090234 0.058719 0.003906 0.018673
0 0.088498 0.059182 0.003906 0.018673
