0 0.179080 0.171759 0.004340 0.019136
0 0.178819 0.171296 0.004340 0.019136
0 0.178602 0.171296 0.004427 0.019136
0 0.178342 0.171296 0.004427 0.019136
0 0.178082 0.171296 0.004427 0.019136
0 0.177865 0.171296 0.004340 0.019136
0 0.177604 0.170833 0.004340 0.019136
0 0.177344 0.170833 0.004340 0.019136
0 0.177127 0.170833 0.004427 0.019136
0 0.176866 0.170833 0.004427 0.019136
0 0.176606 0.170833 0.004427 0.019136
0 0.176389 0.169985 0.004340 0.018981
0 0.176128 0.169522 0.004340 0.018981
0 0.175911 0.169136 0.004427 0.019136
0 0.175651 0.168210 0.004427 0.019136
0 0.175651 0.167824 0.004427 0.018981
0 0.175391 0.167361 0.004427 0.018981
0 0.175174 0.166512 0.004340 0.019136
0 0.174913 0.166049 0.004340 0.019136
0 0.174696 0.165664 0.004427 0.018981
0 0.174696 0.165201 0.004427 0.018981
0 0.174436 0.164815 0.004427 0.019136
0 0.174175 0.164815 0.004427 0.019136
0 0.173958 0.164815 0.004340 0.019136
0 0.173958 0.164352 0.004340 0.019136
0 0.173698 0.164352 0.004340 0.019136
0 0.173481 0.164352 0.004427 0.019136
0 0.173481 0.163889 0.004427 0.019136
0 0.173220 0.163889 0.004427 0.019136
0 0.172960 0.163889 0.004427 0.019136
0 0.172960 0.163889 0.004427 0.019136
0 0.172700 0.163426 0.004427 0.019136
0 0.172483 0.163040 0.004340 0.018981
0 0.172222 0.162654 0.004340 0.019136
0 0.172005 0.162191 0.004427 0.019136
0 0.171745 0.162191 0.004427 0.019136
0 0.171484 0.161728 0.004427 0.019136
0 0.171267 0.161265 0.004340 0.019136
0 0.171007 0.160880 0.004340 0.018981
0 0.170790 0.160417 0.004427 0.018981
0 0.170790 0.160417 0.004427 0.018981
0 0.170269 0.160417 0.004427 0.018981
0 0.169792 0.160417 0.004340 0.018981
0 0.169314 0.160417 0.004427 0.018981
0 0.168837 0.160417 0.004340 0.018981
0 0.168316 0.160417 0.004340 0.018981
0 0.167839 0.160417 0.004427 0.018981
0 0.167361 0.160417 0.004340 0.018981
0 0.166884 0.160417 0.004427 0.018981
0 0.166363 0.160417 0.004427 0.018981
0 0.165885 0.160417 0.004340 0.018981
0 0.165408 0.160031 0.004427 0.019136
0 0.164931 0.160031 0.004340 0.019136
0 0.164453 0.160031 0.004427 0.019136
0 0.163932 0.159568 0.004427 0.019136
0 0.163455 0.159568 0.004340 0.019136
0 0.162977 0.159568 0.004427 0.019136
0 0.162457 0.159105 0.004427 0.019136
0 0.161979 0.159105 0.004340 0.019136
0 0.161502 0.159105 0.004427 0.019136
0 0.161241 0.159105 0.004427 0.019136
0 0.160547 0.158719 0.004427 0.018981
0 0.160026 0.158719 0.004427 0.018981
0 0.159288 0.158719 0.004340 0.018981
0 0.158811 0.158719 0.004427 0.018981
0 0.158073 0.158719 0.004340 0.018981
0 0.157595 0.158256 0.004427 0.018981
0 0.156858 0.158256 0.004340 0.018981
0 0.156380 0.158256 0.004427 0.018981
0 0.155642 0.158256 0.004340 0.018981
0 0.155165 0.158256 0.004427 0.018981
0 0.153950 0.158256 0.004427 0.018981
0 0.152951 0.158256 0.004340 0.018981
0 0.151997 0.158256 0.004340 0.018981
0 0.150998 0.158719 0.004427 0.018981
0 0.150043 0.158719 0.004427 0.018981
0 0.149045 0.158719 0.004340 0.018981
0 0.148090 0.159105 0.004340 0.019136
0 0.147092 0.159105 0.004427 0.019136
0 0.146137 0.159105 0.004427 0.019136
0 0.145139 0.159568 0.004340 0.019136
0 0.144661 0.160031 0.004427 0.019136
0 0.144401 0.160880 0.004427 0.018981
0 0.143924 0.161728 0.004340 0.019136
0 0.143707 0.162191 0.004427 0.019136
0 0.143446 0.163040 0.004427 0.018981
0 0.142969 0.163889 0.004340 0.019136
0 0.142708 0.164352 0.004340 0.019136
0 0.142231 0.165201 0.004427 0.018981
0 0.141970 0.166049 0.004427 0.019136
0 0.141710 0.166975 0.004427 0.019136
0 0.141493 0.168673 0.004340 0.019136
0 0.141493 0.170370 0.004340 0.019136
0 0.141233 0.172145 0.004340 0.018981
0 0.141233 0.173920 0.004340 0.019136
0 0.141016 0.175617 0.004427 0.019136
0 0.141016 0.177315 0.004427 0.019136
0 0.140755 0.179090 0.004427 0.018981
0 0.140755 0.180864 0.004427 0.019136
0 0.140495 0.182562 0.004427 0.019136
0 0.140495 0.184259 0.004427 0.019136
0 0.140495 0.184259 0.004427 0.019136
0 0.140495 0.184259 0.004427 0.019136
0 0.140495 0.184259 0.004427 0.019136
0 0.140495 0.184259 0.004427 0.019136
0 0.140495 0.184259 0.004427 0.019136
0 0.140495 0.184259 0.004427 0.019136
0 0.140495 0.184259 0.004427 0.019136
0 0.140495 0.184259 0.004427 0.019136
0 0.140495 0.184259 0.004427 0.019136
0 0.140495 0.184259 0.004427 0.019136
0 0.140495 0.184259 0.004427 0.019136
0 0.140495 0.184259 0.004427 0.019136
0 0.140495 0.184259 0.004427 0.019136
0 0.140495 0.184259 0.004427 0.019136
0 0.140495 0.184259 0.004427 0.019136
0 0.140495 0.184259 0.004427 0.019136
0 0.140495 0.184259 0.004427 0.019136
0 0.140495 0.184259 0.004427 0.019136
0 0.140495 0.184259 0.004427 0.019136
0 0.140495 0.184259 0.004427 0.019136
0 0.140278 0.184259 0.004340 0.019136
0 0.140017 0.184259 0.004340 0.019136
0 0.139800 0.184259 0.004427 0.019136
0 0.139800 0.184259 0.004427 0.019136
0 0.139540 0.184259 0.004427 0.019136
0 0.139280 0.184259 0.004427 0.019136
0 0.139280 0.184259 0.004427 0.019136
0 0.139062 0.184259 0.004340 0.019136
0 0.138802 0.184259 0.004340 0.019136
0 0.138802 0.184259 0.004340 0.019136
0 0.137804 0.184259 0.004427 0.019136
0 0.136849 0.184722 0.004427 0.019136
0 0.135894 0.185185 0.004427 0.019136
0 0.135156 0.185185 0.004340 0.019136
0 0.134158 0.185648 0.004427 0.019136
0 0.133203 0.186034 0.004427 0.018981
0 0.132465 0.186034 0.004340 0.018981
0 0.131467 0.186420 0.004427 0.019136
0 0.130512 0.186883 0.004427 0.019136
0 0.129774 0.187346 0.004340 0.019136
0 0.128559 0.187346 0.004340 0.019136
0 0.127561 0.187809 0.004427 0.019136
0 0.126345 0.187809 0.004427 0.019136
0 0.125391 0.188194 0.004427 0.018981
0 0.124175 0.188194 0.004427 0.018981
0 0.123177 0.188580 0.004340 0.019136
0 0.121962 0.188580 0.004340 0.019136
0 0.121007 0.189043 0.004340 0.019136
0 0.119748 0.189043 0.004427 0.019136
0 0.118793 0.189506 0.004427 0.019136
0 0.118056 0.189506 0.004340 0.019136
0 0.117318 0.189969 0.004427 0.019136
0 0.116623 0.189969 0.004427 0.019136
0 0.116102 0.190355 0.004427 0.018981
0 0.115365 0.190818 0.004340 0.018981
0 0.114627 0.190818 0.004427 0.018981
0 0.114149 0.191204 0.004340 0.019136
0 0.113411 0.191204 0.004427 0.019136
0 0.112717 0.191667 0.004427 0.019136
0 0.112196 0.192130 0.004427 0.019136
0 0.111241 0.192515 0.004427 0.018981
0 0.110243 0.193364 0.004340 0.019136
0 0.109505 0.194290 0.004427 0.019136
0 0.108550 0.195139 0.004427 0.018981
0 0.107812 0.195988 0.004340 0.019136
0 0.106814 0.196914 0.004427 0.019136
0 0.105859 0.197762 0.004427 0.018981
0 0.105122 0.198611 0.004340 0.019136
0 0.104167 0.199460 0.004340 0.018981
0 0.103429 0.200309 0.004427 0.019136
0 0.103038 0.200309 0.004687 0.019136
0 0.102691 0.200540 0.004861 0.018673
0 0.102300 0.200772 0.005122 0.019136
0 0.101953 0.201003 0.005295 0.018673
0 0.101606 0.201466 0.005642 0.018673
0 0.101345 0.201466 0.005642 0.018673
0 0.100998 0.201929 0.005816 0.018673
0 0.100608 0.202083 0.006076 0.018364
0 0.100217 0.202238 0.006337 0.018673
0 0.099913 0.202469 0.006597 0.018210
