0 0.205425 0.189892 0.006337 0.026080
0 0.205035 0.189275 0.006076 0.026389
0 0.204818 0.188812 0.006163 0.027315
0 0.204557 0.188194 0.006163 0.027623
0 0.204210 0.187731 0.005816 0.028549
0 0.203950 0.187114 0.005816 0.029167
0 0.203733 0.186728 0.005903 0.029938
0 0.203342 0.186034 0.005642 0.030401
0 0.203082 0.185571 0.005642 0.031327
0 0.202865 0.184954 0.005556 0.031636
0 0.202604 0.184722 0.005556 0.032099
0 0.202387 0.185957 0.005642 0.032099
0 0.202257 0.187346 0.005382 0.032099
0 0.201997 0.188580 0.005382 0.032099
0 0.201997 0.189969 0.005382 0.032099
0 0.201736 0.191204 0.005382 0.032099
0 0.201606 0.192593 0.005122 0.032099
0 0.201519 0.193827 0.005295 0.032099
0 0.201432 0.195139 0.005122 0.032253
0 0.201172 0.196451 0.005122 0.032099
0 0.201172 0.198148 0.005122 0.032099
0 0.201042 0.198148 0.005382 0.032099
0 0.201042 0.198148 0.005382 0.032099
0 0.201042 0.198380 0.005382 0.031636
0 0.201172 0.198380 0.005642 0.031636
0 0.201172 0.198611 0.005642 0.031173
0 0.201172 0.198611 0.005642 0.031173
0 0.201259 0.198611 0.005816 0.031173
0 0.201259 0.198843 0.005816 0.030710
0 0.201259 0.198843 0.005816 0.030710
0 0.201389 0.199228 0.006076 0.030864
0 0.201259 0.197994 0.006337 0.029938
0 0.201259 0.196682 0.006337 0.029167
0 0.201128 0.195602 0.006597 0.028549
0 0.201128 0.194290 0.006597 0.027778
0 0.201128 0.193133 0.006597 0.027315
0 0.201042 0.191898 0.006771 0.026389
0 0.201042 0.190586 0.006771 0.025617
0 0.200911 0.189429 0.007031 0.025154
0 0.200911 0.188194 0.007031 0.024228
0 0.200911 0.187346 0.007031 0.023457
0 0.200651 0.186420 0.007031 0.023457
0 0.200651 0.185802 0.007031 0.023765
0 0.200564 0.185185 0.006858 0.024383
0 0.200564 0.184568 0.006858 0.024691
0 0.200564 0.183873 0.006858 0.025154
0 0.200434 0.182948 0.006597 0.025154
0 0.200434 0.182407 0.006597 0.025617
0 0.200304 0.181713 0.006337 0.026080
0 0.200304 0.181019 0.006337 0.026543
0 0.200304 0.180401 0.006337 0.026852
0 0.200304 0.179475 0.006337 0.026852
0 0.200304 0.178704 0.006337 0.026852
0 0.200304 0.177778 0.006337 0.026852
0 0.200304 0.176929 0.006337 0.027006
0 0.200304 0.176080 0.006337 0.026852
0 0.200304 0.175154 0.006337 0.026852
0 0.200304 0.174306 0.006337 0.027006
0 0.200304 0.173457 0.006337 0.026852
0 0.200304 0.172531 0.006337 0.026852
0 0.200304 0.171759 0.006337 0.026852
0 0.200304 0.170833 0.006337 0.026852
0 0.200304 0.169985 0.006337 0.027006
0 0.200304 0.169136 0.006337 0.026852
0 0.200304 0.168210 0.006337 0.026852
0 0.200304 0.167361 0.006337 0.027006
0 0.200304 0.166512 0.006337 0.026852
0 0.200304 0.165586 0.006337 0.026852
0 0.200304 0.164815 0.006337 0.026852
0 0.200304 0.163889 0.006337 0.026852
0 0.200304 0.163426 0.006337 0.026852
0 0.200304 0.163426 0.006337 0.026852
0 0.200304 0.163426 0.006337 0.026852
0 0.200304 0.163426 0.006337 0.026852
0 0.200304 0.163426 0.006337 0.026852
0 0.200304 0.163426 0.006337 0.026852
0 0.200304 0.163426 0.006337 0.026852
0 0.200304 0.163426 0.006337 0.026852
0 0.200304 0.163426 0.006337 0.026852
0 0.200304 0.163426 0.006337 0.026852
0 0.200304 0.163426 0.006337 0.026852
0 0.200304 0.163426 0.006337 0.026852
0 0.200304 0.163889 0.006337 0.026852
0 0.200304 0.164352 0.006337 0.026852
0 0.200304 0.164815 0.006337 0.026852
0 0.200304 0.165201 0.006337 0.027006
0 0.200304 0.165201 0.006337 0.027006
0 0.200304 0.165586 0.006337 0.026852
0 0.200304 0.166049 0.006337 0.026852
0 0.200304 0.166512 0.006337 0.026852
0 0.200304 0.166975 0.006337 0.026852
0 0.200304 0.166049 0.006337 0.026852
0 0.200304 0.165586 0.006337 0.026852
0 0.200304 0.165201 0.006337 0.027006
0 0.200304 0.164352 0.006337 0.026852
0 0.200304 0.163889 0.006337 0.026852
0 0.200304 0.163426 0.006337 0.026852
0 0.200304 0.162654 0.006337 0.026852
0 0.200304 0.162191 0.006337 0.026852
0 0.200304 0.161728 0.006337 0.026852
0 0.200304 0.161265 0.006337 0.026852
0 0.200043 0.160417 0.006337 0.027006
0 0.200043 0.160031 0.006337 0.026852
0 0.199783 0.159568 0.006337 0.026852
0 0.199783 0.159105 0.006337 0.026852
0 0.199783 0.158719 0.006337 0.027006
0 0.199566 0.158256 0.006424 0.027006
0 0.199566 0.157870 0.006424 0.026852
0 0.199349 0.157407 0.006337 0.026852
0 0.199349 0.156944 0.006337 0.026852
0 0.199349 0.156481 0.006337 0.026852
0 0.198828 0.155710 0.006337 0.026852
0 0.198568 0.155247 0.006337 0.026852
0 0.198307 0.154321 0.006337 0.026852
0 0.198134 0.153935 0.006337 0.027006
0 0.197873 0.153472 0.006337 0.027006
0 0.197352 0.152623 0.006337 0.026852
0 0.197092 0.152160 0.006337 0.026852
0 0.196918 0.151312 0.006337 0.027006
0 0.196658 0.150926 0.006337 0.026852
0 0.196398 0.150463 0.006337 0.026852
0 0.195530 0.149537 0.006163 0.026852
0 0.194922 0.149151 0.005816 0.027006
0 0.194184 0.148534 0.005903 0.026389
0 0.193576 0.147840 0.005556 0.026852
0 0.192969 0.147222 0.005382 0.026543
0 0.192274 0.146759 0.005382 0.026543
0 0.191623 0.145910 0.005122 0.026389
0 0.190929 0.145448 0.005122 0.026389
0 0.190278 0.144830 0.004861 0.026080
0 0.189670 0.144367 0.004687 0.026080
0 0.188932 0.143519 0.004601 0.025926
0 0.188238 0.142670 0.004601 0.026080
0 0.187500 0.141744 0.004687 0.026080
0 0.186762 0.140895 0.004601 0.025926
0 0.186024 0.140509 0.004687 0.026080
0 0.185286 0.139583 0.004601 0.026080
0 0.184549 0.138735 0.004687 0.025926
0 0.183811 0.137886 0.004601 0.026080
0 0.183116 0.136960 0.004601 0.026080
0 0.182378 0.136574 0.004687 0.025926
0 0.182118 0.135725 0.004687 0.026080
0 0.182118 0.135262 0.004687 0.026080
0 0.182118 0.134799 0.004687 0.026080
0 0.182118 0.133951 0.004687 0.025926
0 0.182118 0.133565 0.004687 0.026080
0 0.181858 0.133102 0.004687 0.026080
0 0.181858 0.132253 0.004687 0.025926
0 0.181858 0.131790 0.004687 0.025926
0 0.181858 0.131404 0.004687 0.026080
0 0.181858 0.130941 0.004687 0.026080
0 0.181641 0.130093 0.004601 0.025926
0 0.181380 0.129630 0.004601 0.025926
0 0.181120 0.129244 0.004601 0.026080
0 0.180903 0.128781 0.004687 0.026080
0 0.180642 0.128318 0.004687 0.026080
0 0.180425 0.127855 0.004601 0.026080
0 0.180165 0.127469 0.004601 0.025926
0 0.179905 0.127006 0.004601 0.025926
0 0.179688 0.126620 0.004687 0.026080
0 0.179688 0.126157 0.004687 0.026080
0 0.179427 0.125309 0.004687 0.025926
0 0.179210 0.124460 0.004601 0.026080
0 0.178950 0.123534 0.004601 0.026080
0 0.178689 0.122685 0.004601 0.025926
0 0.178472 0.121836 0.004687 0.026080
0 0.178212 0.120910 0.004687 0.026080
0 0.177995 0.120139 0.004601 0.026080
0 0.177734 0.119213 0.004601 0.026080
0 0.177474 0.118364 0.004601 0.025926
0 0.177474 0.117901 0.004601 0.025926
0 0.177214 0.117515 0.004601 0.026080
0 0.177214 0.117284 0.004601 0.025617
0 0.177214 0.117052 0.004601 0.026080
0 0.176997 0.116821 0.004687 0.025617
0 0.176997 0.116590 0.004687 0.025154
0 0.176997 0.116358 0.004687 0.025617
0 0.176997 0.116127 0.004687 0.025154
0 0.176736 0.115972 0.004687 0.024846
0 0.176736 0.115818 0.004687 0.025154
0 0.176736 0.115586 0.004687 0.024691
