0 0.124783 0.159568 0.006163 0.016358
0 0.124523 0.159568 0.006163 0.016358
0 0.124392 0.159568 0.005903 0.016358
0 0.124306 0.159568 0.006076 0.016358
0 0.124175 0.159568 0.005816 0.016358
0 0.124175 0.159568 0.005816 0.016358
0 0.123915 0.159568 0.005816 0.016358
0 0.123785 0.159568 0.005556 0.016358
0 0.123655 0.159568 0.005816 0.016358
0 0.123568 0.159568 0.005642 0.016358
0 0.123568 0.159954 0.005642 0.016512
0 0.123307 0.159568 0.005642 0.016358
0 0.123307 0.159568 0.005642 0.016358
0 0.123047 0.159568 0.005642 0.016358
0 0.123047 0.159568 0.005642 0.016358
0 0.122830 0.159568 0.005556 0.016358
0 0.122830 0.159568 0.005556 0.016358
0 0.122569 0.159568 0.005556 0.016358
0 0.122569 0.159568 0.005556 0.016358
0 0.122352 0.159568 0.005642 0.016358
0 0.122352 0.159568 0.005642 0.016358
0 0.121007 0.159722 0.005903 0.016049
0 0.119748 0.160185 0.005816 0.016049
0 0.118403 0.160648 0.006076 0.016049
0 0.117188 0.161111 0.006076 0.016049
0 0.115842 0.161728 0.006337 0.015741
0 0.114627 0.162114 0.006337 0.015586
0 0.113281 0.162577 0.006597 0.015586
0 0.112066 0.163040 0.006597 0.015586
0 0.110720 0.163503 0.006858 0.015586
0 0.109635 0.164120 0.007118 0.015278
0 0.108898 0.164120 0.007031 0.015278
0 0.108160 0.164583 0.007118 0.015278
0 0.107465 0.164583 0.007118 0.015278
0 0.106727 0.164969 0.007031 0.015123
0 0.105990 0.164969 0.007118 0.015123
0 0.105252 0.165432 0.007031 0.015123
0 0.104514 0.165432 0.007118 0.015123
0 0.103776 0.165895 0.007031 0.015123
0 0.103038 0.165895 0.007118 0.015123
0 0.102344 0.166281 0.007118 0.015278
0 0.102083 0.165895 0.007118 0.015123
0 0.101953 0.165895 0.006858 0.015123
0 0.101693 0.165895 0.006858 0.015123
0 0.101693 0.165895 0.006858 0.015123
0 0.101476 0.165895 0.006771 0.015123
0 0.101345 0.165664 0.006510 0.014660
0 0.101215 0.165664 0.006771 0.014660
0 0.101128 0.165664 0.006597 0.014660
0 0.100868 0.165664 0.006597 0.014660
0 0.100868 0.165664 0.006597 0.014660
0 0.100608 0.165664 0.006597 0.014660
0 0.100347 0.166049 0.006597 0.014815
0 0.100347 0.166512 0.006597 0.014815
0 0.100130 0.166975 0.006510 0.014815
0 0.100130 0.167361 0.006510 0.014660
0 0.099913 0.167361 0.006597 0.014660
0 0.099653 0.167824 0.006597 0.014660
0 0.099653 0.168210 0.006597 0.014815
0 0.099392 0.168673 0.006597 0.014815
0 0.099392 0.169136 0.006597 0.014815
0 0.099392 0.169136 0.006597 0.014815
0 0.099392 0.169522 0.006597 0.014660
0 0.099392 0.169522 0.006597 0.014660
0 0.099392 0.169985 0.006597 0.014660
0 0.099392 0.170216 0.006597 0.015123
0 0.099392 0.170370 0.006597 0.014815
0 0.099392 0.170602 0.006597 0.015278
0 0.099392 0.170833 0.006597 0.014815
0 0.099392 0.171065 0.006597 0.015278
0 0.099392 0.171451 0.006597 0.015123
0 0.099132 0.171451 0.006597 0.015123
0 0.098872 0.171914 0.006597 0.015123
0 0.098872 0.172377 0.006597 0.015123
0 0.098698 0.172840 0.006597 0.015123
0 0.098698 0.173225 0.006597 0.015278
0 0.098437 0.173457 0.006597 0.014815
0 0.098177 0.173920 0.006597 0.014815
0 0.098177 0.174306 0.006597 0.014660
0 0.097917 0.174769 0.006597 0.014660
0 0.097917 0.175154 0.006597 0.014815
0 0.097656 0.175617 0.006597 0.014815
0 0.097439 0.176080 0.006510 0.014815
0 0.097222 0.176698 0.006597 0.015123
0 0.097222 0.177315 0.006597 0.014815
0 0.096962 0.178009 0.006597 0.015278
0 0.096701 0.178395 0.006597 0.015123
0 0.096701 0.179090 0.006597 0.014660
0 0.096441 0.179784 0.006597 0.015123
0 0.096224 0.180170 0.006510 0.015278
0 0.096224 0.181019 0.006510 0.015123
0 0.095877 0.181944 0.006858 0.015123
0 0.095616 0.183179 0.006858 0.015123
0 0.095356 0.184259 0.006858 0.014815
0 0.095095 0.185340 0.006858 0.015123
0 0.095009 0.186420 0.007031 0.014815
0 0.094618 0.187809 0.007292 0.014815
0 0.094401 0.188657 0.007378 0.014660
0 0.094141 0.189969 0.007378 0.014815
0 0.093924 0.190972 0.007292 0.014352
0 0.093793 0.192361 0.007552 0.014352
0 0.093273 0.193596 0.007552 0.014352
0 0.092969 0.195370 0.007812 0.014198
0 0.092578 0.196682 0.008073 0.014352
0 0.092057 0.198380 0.008073 0.014352
0 0.091710 0.199691 0.008247 0.014198
0 0.091319 0.201466 0.008507 0.014352
0 0.090842 0.202701 0.008594 0.014352
0 0.090495 0.204475 0.008767 0.014198
0 0.090104 0.205787 0.009028 0.014352
0 0.089757 0.207485 0.009201 0.014352
0 0.089019 0.209645 0.009288 0.014352
0 0.088542 0.211806 0.009201 0.014352
0 0.087934 0.213966 0.009549 0.014352
0 0.087283 0.216127 0.009288 0.014352
0 0.086849 0.218596 0.009288 0.014660
0 0.086198 0.220756 0.009549 0.014660
0 0.085634 0.222917 0.009288 0.014660
0 0.084983 0.225077 0.009549 0.014660
0 0.084505 0.227238 0.009462 0.014660
0 0.084028 0.229630 0.009549 0.015123
0 0.083290 0.232485 0.009462 0.015586
0 0.082552 0.235494 0.009549 0.015741
0 0.081814 0.238503 0.009462 0.015586
0 0.081076 0.241590 0.009549 0.015586
0 0.080382 0.244599 0.009549 0.015741
0 0.079644 0.247377 0.009462 0.016049
0 0.078906 0.250463 0.009549 0.016049
0 0.078168 0.253549 0.009462 0.016049
0 0.077431 0.256481 0.009549 0.016049
0 0.076693 0.259568 0.009462 0.016049
0 0.075738 0.262963 0.009462 0.016049
0 0.074740 0.266975 0.009549 0.016049
0 0.073785 0.270602 0.009549 0.016512
0 0.072917 0.274383 0.009722 0.016049
0 0.071962 0.278241 0.009722 0.016049
0 0.070964 0.281867 0.009809 0.016512
0 0.070095 0.285648 0.009983 0.016049
0 0.069141 0.289275 0.009983 0.016512
0 0.068186 0.293133 0.009983 0.016512
0 0.067274 0.297145 0.010243 0.016512
0 0.065842 0.300309 0.010330 0.015123
0 0.064583 0.303549 0.010243 0.013889
0 0.063368 0.307099 0.010243 0.012963
0 0.062153 0.310340 0.010243 0.011728
0 0.060937 0.313966 0.010243 0.010340
0 0.059592 0.317207 0.009983 0.009105
0 0.058377 0.320525 0.009983 0.007716
0 0.057161 0.323997 0.009983 0.006944
0 0.055946 0.327238 0.009983 0.005710
0 0.054731 0.330864 0.009983 0.004321
0 0.054731 0.330864 0.009983 0.004321
0 0.054731 0.330864 0.009983 0.004321
0 0.054731 0.330864 0.009983 0.004321
0 0.054731 0.330864 0.009983 0.004321
0 0.054731 0.330864 0.009983 0.004321
0 0.054731 0.330864 0.009983 0.004321
0 0.054731 0.330864 0.009983 0.004321
0 0.054731 0.330864 0.009983 0.004321
0 0.054731 0.330864 0.009983 0.004321
0 0.054731 0.330864 0.009983 0.004321
0 0.054731 0.330864 0.009983 0.004321
0 0.054731 0.330864 0.009983 0.004321
0 0.054731 0.330864 0.009983 0.004321
0 0.054731 0.330864 0.009983 0.004321
0 0.054731 0.330864 0.009983 0.004321
0 0.054731 0.330864 0.009983 0.004321
0 0.054731 0.330864 0.009983 0.004321
0 0.054731 0.330864 0.009983 0.004321
0 0.054731 0.330864 0.009983 0.004321
0 0.054731 0.330864 0.009983 0.004321
0 0.054731 0.330864 0.009983 0.004321
0 0.054731 0.330864 0.009983 0.004321
0 0.054731 0.330864 0.009983 0.004321
0 0.054731 0.330864 0.009983 0.004321
0 0.054731 0.330864 0.009983 0.004321
0 0.054731 0.330864 0.009983 0.004321
0 0.054731 0.330864 0.009983 0.004321
0 0.054731 0.330864 0.009983 0.004321
0 0.054731 0.330864 0.009983 0.004321
0 0.054731 0.330864 0.009983 0.004321
