0 0.164280 0.105170 0.005642 0.022994
0 0.164062 0.105633 0.005556 0.022994
0 0.164062 0.106404 0.005556 0.022994
0 0.164062 0.107099 0.005556 0.023457
0 0.164062 0.107793 0.005556 0.022994
0 0.164062 0.108565 0.005556 0.022994
0 0.163845 0.109259 0.005642 0.023457
0 0.163845 0.109954 0.005642 0.022994
0 0.163845 0.110494 0.005642 0.023457
0 0.163845 0.111420 0.005642 0.023457
0 0.163845 0.112269 0.005642 0.023302
0 0.163845 0.112886 0.005642 0.023920
0 0.164062 0.114043 0.005556 0.024383
0 0.164280 0.114892 0.005642 0.024228
0 0.164410 0.115972 0.005382 0.024846
0 0.164670 0.116821 0.005382 0.024691
0 0.164800 0.117747 0.005642 0.025617
0 0.164931 0.118519 0.005382 0.025617
0 0.165191 0.119676 0.005382 0.026080
0 0.165408 0.120525 0.005295 0.025926
0 0.165625 0.121605 0.005382 0.026543
0 0.165625 0.122068 0.005382 0.026543
0 0.165625 0.122917 0.005382 0.026389
0 0.165625 0.123380 0.005382 0.026389
0 0.165625 0.124228 0.005382 0.026543
0 0.165885 0.125077 0.005382 0.026389
0 0.165885 0.125540 0.005382 0.026389
0 0.165885 0.126389 0.005382 0.026543
0 0.165885 0.126775 0.005382 0.026389
0 0.165885 0.127701 0.005382 0.026389
0 0.166146 0.128549 0.005382 0.026543
0 0.166146 0.125540 0.005382 0.026389
0 0.166146 0.122917 0.005382 0.026389
0 0.166146 0.120293 0.005382 0.026389
0 0.166146 0.117670 0.005382 0.026389
0 0.166146 0.115123 0.005382 0.026543
0 0.166146 0.112500 0.005382 0.026543
0 0.166146 0.109877 0.005382 0.026543
0 0.166146 0.107330 0.005382 0.026389
0 0.166146 0.104707 0.005382 0.026389
0 0.166406 0.102083 0.005382 0.026389
0 0.166276 0.101852 0.005642 0.025926
0 0.166276 0.101852 0.005642 0.025926
0 0.166363 0.101852 0.005816 0.025926
0 0.166233 0.101698 0.006076 0.025617
0 0.166363 0.101698 0.006337 0.025617
0 0.166363 0.101698 0.006337 0.025617
0 0.166233 0.101466 0.006597 0.025154
0 0.166363 0.101466 0.006858 0.025154
0 0.166363 0.101466 0.006858 0.025154
0 0.166493 0.101466 0.007118 0.025154
0 0.166493 0.101929 0.007118 0.025154
0 0.166753 0.102238 0.007118 0.025154
0 0.166753 0.103164 0.007118 0.025154
0 0.166970 0.103627 0.007031 0.025154
0 0.166970 0.104475 0.007031 0.025309
0 0.167231 0.104861 0.007031 0.025154
0 0.167231 0.105324 0.007031 0.025154
0 0.167491 0.106250 0.007031 0.025154
0 0.167491 0.106713 0.007031 0.025154
0 0.167708 0.107485 0.007118 0.025154
0 0.167708 0.108179 0.007118 0.025617
0 0.167708 0.109028 0.007118 0.025463
0 0.167708 0.109645 0.007118 0.026080
0 0.167839 0.110571 0.006858 0.026080
0 0.167969 0.111651 0.007118 0.026389
0 0.167969 0.112269 0.007118 0.027006
0 0.168099 0.113117 0.006858 0.026852
0 0.168099 0.113812 0.006858 0.027315
0 0.168099 0.114660 0.006858 0.027469
0 0.168359 0.115741 0.006858 0.027778
0 0.168576 0.115972 0.006771 0.027315
0 0.168924 0.116435 0.007118 0.027315
0 0.169314 0.117052 0.006858 0.027006
0 0.169661 0.117438 0.007031 0.026852
0 0.170052 0.118133 0.006771 0.026389
0 0.170399 0.118364 0.007118 0.025926
0 0.170660 0.118750 0.007118 0.026080
0 0.171137 0.119444 0.007031 0.025617
0 0.171398 0.119907 0.007031 0.025617
0 0.171875 0.120525 0.007118 0.025309
0 0.172005 0.120525 0.007378 0.025309
0 0.172222 0.120679 0.007292 0.025617
0 0.172483 0.120679 0.007292 0.025617
0 0.172743 0.120910 0.007292 0.026080
0 0.173090 0.121142 0.007639 0.026543
0 0.173307 0.121142 0.007552 0.026543
0 0.173568 0.121373 0.007552 0.027006
0 0.173828 0.121373 0.007552 0.027006
0 0.174089 0.121605 0.007552 0.027469
0 0.174392 0.121991 0.007812 0.027315
0 0.174783 0.121836 0.008073 0.027006
0 0.175304 0.121836 0.008073 0.027006
0 0.175781 0.121836 0.007986 0.027006
0 0.176259 0.121836 0.008073 0.027006
0 0.176780 0.121836 0.008073 0.027006
0 0.177127 0.121836 0.008247 0.027006
0 0.177604 0.121836 0.008333 0.027006
0 0.178082 0.121836 0.008247 0.027006
0 0.178559 0.121836 0.008333 0.027006
0 0.179080 0.121836 0.008333 0.027006
0 0.179297 0.121836 0.008247 0.027006
0 0.179557 0.121836 0.008247 0.027006
0 0.179818 0.121836 0.008247 0.027006
0 0.180295 0.121836 0.008333 0.027006
0 0.180556 0.121836 0.008333 0.027006
0 0.180773 0.121836 0.008247 0.027006
0 0.181250 0.121836 0.008333 0.027006
0 0.181510 0.121836 0.008333 0.027006
0 0.181771 0.121836 0.008333 0.027006
0 0.182248 0.122222 0.008247 0.026852
0 0.182248 0.121836 0.008247 0.027006
0 0.182465 0.121836 0.008333 0.027006
0 0.182726 0.121373 0.008333 0.027006
0 0.182986 0.121373 0.008333 0.027006
0 0.183203 0.120988 0.008247 0.026852
0 0.183333 0.120988 0.007986 0.026852
0 0.183550 0.120525 0.008073 0.026852
0 0.183811 0.120525 0.008073 0.026852
0 0.184071 0.120062 0.008073 0.026852
0 0.184332 0.120062 0.008073 0.026852
0 0.184592 0.119676 0.008073 0.027006
0 0.184809 0.119676 0.007986 0.027006
0 0.185026 0.119676 0.008073 0.027006
0 0.185286 0.119213 0.008073 0.027006
0 0.185547 0.119213 0.008073 0.027006
0 0.185807 0.119213 0.008073 0.027006
0 0.186024 0.118827 0.007986 0.026852
0 0.186241 0.118827 0.008073 0.026852
0 0.186502 0.118827 0.008073 0.026852
0 0.186892 0.118827 0.008333 0.026852
0 0.185677 0.118364 0.008333 0.026852
0 0.184462 0.117901 0.008333 0.026852
0 0.183203 0.117438 0.008247 0.026852
0 0.181988 0.117052 0.008247 0.027006
0 0.180773 0.116898 0.008247 0.027315
0 0.179557 0.116435 0.008247 0.027315
0 0.178342 0.115972 0.008247 0.027315
0 0.177127 0.115509 0.008247 0.027315
0 0.175911 0.115046 0.008247 0.027315
0 0.174653 0.115046 0.008333 0.027315
0 0.171745 0.115046 0.008247 0.027315
0 0.169054 0.115046 0.008247 0.027315
0 0.166363 0.115509 0.008247 0.027315
0 0.163715 0.115509 0.008333 0.027315
0 0.161024 0.115972 0.008333 0.027315
0 0.158333 0.115972 0.008333 0.027315
0 0.155642 0.115972 0.008333 0.027315
0 0.152951 0.116435 0.008333 0.027315
0 0.150260 0.116435 0.008333 0.027315
0 0.147569 0.116898 0.008333 0.027315
0 0.146267 0.116898 0.008507 0.027315
0 0.145182 0.117052 0.008767 0.027006
0 0.143837 0.117052 0.009028 0.027006
0 0.142708 0.117438 0.009201 0.026852
0 0.141363 0.117438 0.009462 0.026852
0 0.140278 0.117670 0.009722 0.026389
0 0.138932 0.117901 0.009983 0.026852
0 0.137847 0.118133 0.010243 0.026389
0 0.136502 0.118133 0.010503 0.026389
0 0.135417 0.118596 0.010764 0.026389
0 0.134896 0.118596 0.010764 0.026389
0 0.134418 0.118596 0.010677 0.026389
0 0.133941 0.118596 0.010764 0.026389
0 0.133420 0.118596 0.010764 0.026389
0 0.133203 0.118596 0.010677 0.026389
0 0.132726 0.118596 0.010764 0.026389
0 0.132205 0.118596 0.010764 0.026389
0 0.131727 0.118596 0.010677 0.026389
0 0.131250 0.118596 0.010764 0.026389
0 0.130990 0.118827 0.010764 0.026852
0 0.130859 0.118827 0.010503 0.026852
0 0.130859 0.118827 0.009983 0.026852
0 0.130859 0.118827 0.009462 0.026852
0 0.130773 0.119059 0.009288 0.027315
0 0.130773 0.119059 0.008767 0.027315
0 0.130729 0.119059 0.008333 0.027315
0 0.130859 0.119290 0.008073 0.027778
