0 0.138542 0.148534 0.004861 0.015278
0 0.138325 0.148071 0.004948 0.015278
0 0.138325 0.148071 0.004948 0.015278
0 0.138325 0.148071 0.004948 0.015278
0 0.138194 0.148071 0.004687 0.015278
0 0.138194 0.148071 0.004687 0.015278
0 0.138064 0.148071 0.004948 0.015278
0 0.137934 0.148071 0.004687 0.015278
0 0.137934 0.148071 0.004687 0.015278
0 0.137934 0.148071 0.004687 0.015278
0 0.137934 0.148071 0.004687 0.015278
0 0.137934 0.148071 0.004687 0.015278
0 0.137934 0.148534 0.004687 0.015278
0 0.137934 0.148920 0.004687 0.015123
0 0.137934 0.148920 0.004687 0.015123
0 0.137934 0.149383 0.004687 0.015123
0 0.137934 0.149846 0.004687 0.015123
0 0.137934 0.149846 0.004687 0.015123
0 0.137934 0.150231 0.004687 0.015278
0 0.137934 0.150694 0.004687 0.015278
0 0.138194 0.151080 0.004687 0.015123
0 0.138194 0.151080 0.004687 0.015123
0 0.138194 0.151080 0.004687 0.015123
0 0.138194 0.151080 0.004687 0.015123
0 0.138194 0.151080 0.004687 0.015123
0 0.138194 0.151080 0.004687 0.015123
0 0.138194 0.151080 0.004687 0.015123
0 0.138194 0.151080 0.004687 0.015123
0 0.138194 0.151080 0.004687 0.015123
0 0.138194 0.151080 0.004687 0.015123
0 0.138194 0.151080 0.004687 0.015123
0 0.138194 0.151080 0.004687 0.015123
0 0.138194 0.151080 0.004687 0.015123
0 0.138194 0.151080 0.004687 0.015123
0 0.138194 0.151080 0.004687 0.015123
0 0.138194 0.151080 0.004687 0.015123
0 0.138194 0.151080 0.004687 0.015123
0 0.138194 0.151080 0.004687 0.015123
0 0.138194 0.151080 0.004687 0.015123
0 0.138194 0.151080 0.004687 0.015123
0 0.138194 0.151080 0.004687 0.015123
0 0.137934 0.151080 0.004687 0.015123
0 0.137934 0.151080 0.004687 0.015123
0 0.137717 0.151543 0.004601 0.015123
0 0.137717 0.151543 0.004601 0.015123
0 0.137717 0.152006 0.004601 0.015123
0 0.137457 0.152006 0.004601 0.015123
0 0.137457 0.152006 0.004601 0.015123
0 0.137196 0.152392 0.004601 0.015278
0 0.137196 0.152392 0.004601 0.015278
0 0.137196 0.152855 0.004601 0.015278
0 0.136979 0.152855 0.004687 0.015278
0 0.136979 0.152855 0.004687 0.015278
0 0.136719 0.152855 0.004687 0.015278
0 0.136719 0.152855 0.004687 0.015278
0 0.136719 0.152855 0.004687 0.015278
0 0.136502 0.152855 0.004601 0.015278
0 0.136502 0.152855 0.004601 0.015278
0 0.136241 0.152855 0.004601 0.015278
0 0.136241 0.152855 0.004601 0.015278
0 0.136241 0.152855 0.004601 0.015278
0 0.136241 0.152855 0.004601 0.015278
0 0.136241 0.152855 0.004601 0.015278
0 0.136241 0.153241 0.004601 0.015123
0 0.136241 0.153241 0.004601 0.015123
0 0.136502 0.153704 0.004601 0.015123
0 0.136502 0.153704 0.004601 0.015123
0 0.136502 0.153704 0.004601 0.015123
0 0.136502 0.154167 0.004601 0.015123
0 0.136502 0.154167 0.004601 0.015123
0 0.136719 0.154552 0.004687 0.015278
0 0.136502 0.154167 0.004601 0.015123
0 0.136502 0.154167 0.004601 0.015123
0 0.136502 0.153704 0.004601 0.015123
0 0.136502 0.153704 0.004601 0.015123
0 0.136502 0.153704 0.004601 0.015123
0 0.136502 0.153241 0.004601 0.015123
0 0.136502 0.153241 0.004601 0.015123
0 0.136502 0.152855 0.004601 0.015278
0 0.136502 0.152855 0.004601 0.015278
0 0.136502 0.152855 0.004601 0.015278
0 0.136502 0.152392 0.004601 0.015278
0 0.136502 0.152392 0.004601 0.015278
0 0.136502 0.152392 0.004601 0.015278
0 0.136632 0.152392 0.004861 0.015278
0 0.136632 0.152392 0.004861 0.015278
0 0.136632 0.152006 0.004861 0.015123
0 0.136762 0.152006 0.005122 0.015123
0 0.136762 0.152006 0.005122 0.015123
0 0.136762 0.152006 0.005122 0.015123
0 0.136936 0.152006 0.005122 0.015123
0 0.136936 0.152006 0.005122 0.015123
0 0.137196 0.152006 0.005122 0.015123
0 0.137196 0.152006 0.005122 0.015123
0 0.137457 0.152006 0.005122 0.015123
0 0.137717 0.152006 0.005122 0.015123
0 0.137717 0.152006 0.005122 0.015123
0 0.137977 0.152006 0.005122 0.015123
0 0.137977 0.152006 0.005122 0.015123
0 0.138194 0.152006 0.005208 0.015123
0 0.138411 0.152006 0.005122 0.015123
0 0.138411 0.152006 0.005122 0.015123
0 0.138411 0.152006 0.005122 0.015123
0 0.138411 0.152006 0.005122 0.015123
0 0.138411 0.152006 0.005122 0.015123
0 0.138542 0.152006 0.004861 0.015123
0 0.138542 0.152006 0.004861 0.015123
0 0.138542 0.152006 0.004861 0.015123
0 0.138542 0.152006 0.004861 0.015123
0 0.138542 0.152006 0.004861 0.015123
0 0.138672 0.152006 0.004601 0.015123
0 0.138672 0.151543 0.004601 0.015123
0 0.138802 0.151543 0.004861 0.015123
0 0.138932 0.151543 0.004601 0.015123
0 0.139062 0.151312 0.004861 0.014660
0 0.139323 0.151312 0.004861 0.014660
0 0.139323 0.151080 0.004861 0.015123
0 0.139453 0.150926 0.005122 0.014815
0 0.139540 0.150926 0.004948 0.014815
0 0.139627 0.150926 0.005122 0.014815
0 0.139887 0.150926 0.005122 0.014815
0 0.139887 0.150926 0.005122 0.014815
0 0.140148 0.150926 0.005122 0.014815
0 0.140148 0.150926 0.005122 0.014815
0 0.140408 0.150926 0.005122 0.014815
0 0.140408 0.150926 0.005122 0.014815
0 0.140668 0.150926 0.005122 0.014815
0 0.140668 0.150926 0.005122 0.014815
0 0.140842 0.150926 0.005122 0.014815
0 0.140842 0.150926 0.005122 0.014815
0 0.141102 0.150926 0.005122 0.014815
0 0.141102 0.150463 0.005122 0.014815
0 0.141102 0.150463 0.005122 0.014815
0 0.141363 0.150463 0.005122 0.014815
0 0.141363 0.150463 0.005122 0.014815
0 0.141623 0.150463 0.005122 0.014815
0 0.141623 0.150231 0.005122 0.015278
0 0.141623 0.150231 0.005122 0.015278
0 0.141884 0.150231 0.005122 0.015278
0 0.141884 0.150231 0.005122 0.015278
0 0.142057 0.150231 0.005122 0.015278
0 0.142057 0.150231 0.005122 0.015278
0 0.142057 0.150231 0.005122 0.015278
0 0.142057 0.150231 0.005122 0.015278
0 0.142187 0.150231 0.004861 0.015278
0 0.142187 0.150231 0.004861 0.015278
0 0.142187 0.150231 0.004861 0.015278
0 0.142318 0.150231 0.004601 0.015278
0 0.142318 0.150231 0.004601 0.015278
0 0.142318 0.150231 0.004601 0.015278
0 0.142578 0.150231 0.004601 0.015278
0 0.142578 0.150231 0.004601 0.015278
0 0.142839 0.150231 0.004601 0.015278
0 0.142969 0.150231 0.004861 0.015278
0 0.143229 0.150231 0.004861 0.015278
0 0.143446 0.150231 0.004948 0.015278
0 0.143446 0.150231 0.004948 0.015278
0 0.143663 0.150231 0.004861 0.015278
0 0.143793 0.150231 0.005122 0.015278
0 0.144054 0.150231 0.005122 0.015278
0 0.144314 0.150231 0.005122 0.015278
0 0.144314 0.149846 0.005122 0.015123
0 0.144314 0.149846 0.005122 0.015123
0 0.144444 0.149614 0.005382 0.014660
0 0.144444 0.149383 0.005382 0.015123
0 0.144531 0.149383 0.005556 0.015123
0 0.144531 0.149151 0.005556 0.014660
0 0.144531 0.148920 0.005556 0.015123
0 0.144661 0.148765 0.005816 0.014815
0 0.144661 0.148765 0.005816 0.014815
0 0.144792 0.148765 0.006076 0.014815
0 0.144792 0.148765 0.006076 0.014815
0 0.144792 0.148765 0.006076 0.014815
0 0.144792 0.148920 0.006076 0.015123
0 0.144792 0.148920 0.006076 0.015123
0 0.144922 0.149383 0.005816 0.015123
0 0.144922 0.149383 0.005816 0.015123
0 0.144922 0.149383 0.005816 0.015123
0 0.144922 0.149614 0.005816 0.015586
0 0.144922 0.149614 0.005816 0.015586
0 0.145139 0.150077 0.005903 0.015586
