0 0.174392 0.112269 0.007812 0.019907
0 0.174392 0.112269 0.007812 0.019907
0 0.174392 0.112269 0.007812 0.019907
0 0.174392 0.112269 0.007812 0.019907
0 0.174392 0.112269 0.007812 0.019907
0 0.174392 0.112269 0.007812 0.019907
0 0.174392 0.112269 0.007812 0.019907
0 0.174392 0.112269 0.007812 0.019907
0 0.174392 0.112269 0.007812 0.019907
0 0.174392 0.112269 0.007812 0.019907
0 0.174392 0.112269 0.007812 0.019907
0 0.174392 0.112269 0.007812 0.019907
0 0.174392 0.112269 0.007812 0.019907
0 0.174392 0.112269 0.007812 0.019907
0 0.174392 0.112269 0.007812 0.019907
0 0.174392 0.112269 0.007812 0.019907
0 0.174392 0.112269 0.007812 0.019907
0 0.174392 0.112269 0.007812 0.019907
0 0.174392 0.112269 0.007812 0.019907
0 0.174392 0.112269 0.007812 0.019907
0 0.174392 0.112269 0.007812 0.019907
0 0.158594 0.114892 0.007812 0.019907
0 0.142708 0.117515 0.007812 0.019907
0 0.126953 0.120139 0.007552 0.019907
0 0.111198 0.122685 0.007812 0.020062
0 0.095486 0.125309 0.007639 0.020062
0 0.079644 0.127855 0.007552 0.019907
0 0.063889 0.130478 0.007812 0.019907
0 0.048134 0.133102 0.007552 0.019907
0 0.032292 0.135725 0.007639 0.019907
0 0.016667 0.138735 0.007639 0.020062
0 0.020356 0.136960 0.007552 0.019907
0 0.024262 0.135725 0.007552 0.019907
0 0.028168 0.134414 0.007552 0.020062
0 0.032075 0.133102 0.007552 0.019907
0 0.035981 0.131790 0.007552 0.020062
0 0.039627 0.130015 0.007552 0.019907
0 0.043533 0.128781 0.007552 0.019907
0 0.047439 0.127469 0.007552 0.020062
0 0.051345 0.126157 0.007552 0.019907
0 0.055252 0.124846 0.007552 0.020062
0 0.058637 0.123534 0.007552 0.019907
0 0.062066 0.122685 0.007639 0.020062
0 0.065495 0.121836 0.007552 0.019907
0 0.068880 0.120910 0.007552 0.019907
0 0.072309 0.120139 0.007639 0.019907
0 0.075738 0.119213 0.007552 0.019907
0 0.079123 0.118364 0.007552 0.020062
0 0.082552 0.117515 0.007639 0.019907
0 0.085981 0.116590 0.007552 0.019907
0 0.089627 0.115741 0.007552 0.020062
0 0.092578 0.114892 0.007552 0.019907
0 0.095486 0.114429 0.007639 0.019907
0 0.098394 0.113966 0.007552 0.019907
0 0.101345 0.113580 0.007552 0.020062
0 0.104427 0.113194 0.007812 0.019907
0 0.107292 0.112731 0.007812 0.019907
0 0.110243 0.112269 0.007812 0.019907
0 0.113194 0.111806 0.007812 0.019907
0 0.116146 0.111420 0.007812 0.020062
0 0.119271 0.110957 0.007812 0.020062
0 0.121962 0.110571 0.007812 0.019907
0 0.124653 0.110571 0.007812 0.019907
0 0.127344 0.110571 0.007812 0.019907
0 0.130035 0.110108 0.007812 0.019907
0 0.132986 0.110108 0.007812 0.019907
0 0.135634 0.110108 0.007726 0.019907
0 0.138281 0.109645 0.007812 0.019907
0 0.140972 0.109645 0.007812 0.019907
0 0.143663 0.109645 0.007812 0.019907
0 0.146615 0.109645 0.007812 0.019907
0 0.149306 0.109645 0.007812 0.019907
0 0.151997 0.110108 0.007812 0.019907
0 0.154948 0.110108 0.007812 0.019907
0 0.157595 0.110571 0.007726 0.019907
0 0.160503 0.110957 0.007812 0.020062
0 0.163194 0.110957 0.007812 0.020062
0 0.165885 0.111420 0.007812 0.020062
0 0.168837 0.111420 0.007812 0.020062
0 0.171528 0.111806 0.007812 0.019907
0 0.174392 0.112269 0.007812 0.019907
0 0.176910 0.112269 0.007812 0.019907
0 0.179557 0.112731 0.007726 0.019907
0 0.182205 0.113194 0.007812 0.019907
0 0.184896 0.113580 0.007812 0.020062
0 0.187587 0.113966 0.007812 0.019907
0 0.190278 0.114429 0.007812 0.019907
0 0.192969 0.114892 0.007812 0.019907
0 0.195660 0.115355 0.007812 0.019907
0 0.198351 0.115741 0.007812 0.020062
0 0.201042 0.116204 0.007812 0.020062
0 0.203472 0.116590 0.007812 0.019907
0 0.206163 0.117052 0.007812 0.019907
0 0.208594 0.117901 0.007812 0.020062
0 0.211285 0.118364 0.007812 0.020062
0 0.213715 0.119213 0.007812 0.019907
0 0.216406 0.119676 0.007812 0.019907
0 0.218837 0.120139 0.007812 0.019907
0 0.221528 0.120910 0.007812 0.019907
0 0.223958 0.121373 0.007812 0.019907
0 0.226649 0.122299 0.007812 0.019907
0 0.229080 0.123148 0.007812 0.020062
0 0.231771 0.123997 0.007812 0.019907
0 0.234462 0.124846 0.007812 0.020062
0 0.237153 0.126157 0.007812 0.019907
0 0.239844 0.127083 0.007812 0.019907
0 0.242535 0.127855 0.007812 0.019907
0 0.245226 0.129244 0.007812 0.019907
0 0.247917 0.130015 0.007812 0.019907
0 0.250608 0.130941 0.007812 0.019907
0 0.253212 0.132253 0.007812 0.020062
0 0.255729 0.133102 0.007812 0.019907
0 0.258377 0.134414 0.007726 0.020062
0 0.260851 0.135262 0.007812 0.019907
0 0.263498 0.136574 0.007726 0.020062
0 0.266146 0.137886 0.007812 0.019907
0 0.268663 0.138735 0.007812 0.020062
0 0.271267 0.140046 0.007812 0.019907
0 0.273785 0.140895 0.007812 0.020062
0 0.276432 0.142207 0.007726 0.019907
0 0.279080 0.143519 0.007812 0.020062
0 0.281771 0.144367 0.007812 0.019907
0 0.284722 0.145679 0.007812 0.020062
0 0.287413 0.146991 0.007812 0.019907
0 0.290365 0.148302 0.007812 0.020062
0 0.293229 0.149614 0.007812 0.019907
0 0.295920 0.150463 0.007812 0.020062
0 0.298872 0.151775 0.007812 0.019907
0 0.301562 0.153009 0.007812 0.019907
0 0.304514 0.154398 0.007812 0.019907
0 0.307422 0.155633 0.007726 0.019907
0 0.307422 0.155633 0.007726 0.019907
0 0.307422 0.155633 0.007726 0.019907
0 0.307422 0.155633 0.007726 0.019907
0 0.307422 0.155633 0.007726 0.019907
0 0.307422 0.155633 0.007726 0.019907
0 0.307422 0.155633 0.007726 0.019907
0 0.307422 0.155633 0.007726 0.019907
0 0.307422 0.155633 0.007726 0.019907
0 0.307422 0.155633 0.007726 0.019907
0 0.307422 0.155633 0.007726 0.019907
0 0.307422 0.155633 0.007726 0.019907
0 0.307422 0.155633 0.007726 0.019907
0 0.307422 0.155633 0.007726 0.019907
0 0.307422 0.155633 0.007726 0.019907
0 0.307422 0.155633 0.007726 0.019907
0 0.307422 0.155633 0.007726 0.019907
0 0.307422 0.155633 0.007726 0.019907
0 0.307422 0.155633 0.007726 0.019907
0 0.307422 0.155633 0.007726 0.019907
0 0.307422 0.155633 0.007726 0.019907
0 0.307422 0.155633 0.007726 0.019907
0 0.307422 0.155633 0.007726 0.019907
0 0.307422 0.155633 0.007726 0.019907
0 0.307422 0.155633 0.007726 0.019907
0 0.307422 0.155633 0.007726 0.019907
0 0.307422 0.155633 0.007726 0.019907
0 0.307422 0.155633 0.007726 0.019907
0 0.307422 0.155633 0.007726 0.019907
0 0.307422 0.155633 0.007726 0.019907
0 0.307422 0.155633 0.007726 0.019907
0 0.307422 0.155633 0.007726 0.019907
0 0.307422 0.155633 0.007726 0.019907
0 0.307422 0.155633 0.007726 0.019907
0 0.307422 0.155633 0.007726 0.019907
0 0.307422 0.155633 0.007726 0.019907
0 0.307422 0.155633 0.007726 0.019907
0 0.307422 0.155633 0.007726 0.019907
0 0.307422 0.155633 0.007726 0.019907
0 0.307422 0.155633 0.007726 0.019907
0 0.307422 0.155633 0.007726 0.019907
0 0.307422 0.155633 0.007726 0.019907
0 0.307422 0.155633 0.007726 0.019907
0 0.307422 0.155633 0.007726 0.019907
0 0.307422 0.155633 0.007726 0.019907
0 0.307422 0.155633 0.007726 0.019907
0 0.307422 0.155633 0.007726 0.019907
0 0.307422 0.155633 0.007726 0.019907
0 0.307422 0.155633 0.007726 0.019907
0 0.307422 0.155633 0.007726 0.019907
0 0.307422 0.155633 0.007726 0.019907
