0 0.205295 0.162809 0.006076 0.021296
0 0.205295 0.162577 0.006076 0.021759
0 0.205295 0.162577 0.006076 0.021759
0 0.205295 0.162577 0.006076 0.021759
0 0.205295 0.162577 0.006076 0.021759
0 0.205295 0.162577 0.006076 0.021759
0 0.205295 0.162577 0.006076 0.021759
0 0.205295 0.162577 0.006076 0.021759
0 0.205295 0.162577 0.006076 0.021759
0 0.205295 0.162577 0.006076 0.021759
0 0.205295 0.162577 0.006076 0.021759
0 0.205295 0.162577 0.006076 0.021759
0 0.205295 0.162577 0.006076 0.021759
0 0.205295 0.162577 0.006076 0.021759
0 0.205295 0.162577 0.006076 0.021759
0 0.205295 0.162577 0.006076 0.021759
0 0.205295 0.162577 0.006076 0.021759
0 0.205295 0.162577 0.006076 0.021759
0 0.205295 0.162577 0.006076 0.021759
0 0.205295 0.162577 0.006076 0.021759
0 0.205295 0.162577 0.006076 0.021759
0 0.205035 0.162191 0.006076 0.021605
0 0.204818 0.162191 0.006163 0.021605
0 0.204557 0.162191 0.006163 0.021605
0 0.204340 0.162191 0.006076 0.021605
0 0.204080 0.162191 0.006076 0.021605
0 0.203819 0.161728 0.006076 0.021605
0 0.203602 0.161728 0.006163 0.021605
0 0.203342 0.161728 0.006163 0.021605
0 0.203125 0.161728 0.006076 0.021605
0 0.203125 0.161728 0.006076 0.021605
0 0.202865 0.161343 0.006076 0.021759
0 0.202865 0.161343 0.006076 0.021759
0 0.202604 0.161343 0.006076 0.021759
0 0.202604 0.161343 0.006076 0.021759
0 0.202344 0.161343 0.006076 0.021759
0 0.202344 0.161343 0.006076 0.021759
0 0.202127 0.161343 0.006163 0.021759
0 0.202127 0.161343 0.006163 0.021759
0 0.201910 0.161343 0.006076 0.021759
0 0.201910 0.161343 0.006076 0.021759
0 0.201519 0.160880 0.005816 0.021759
0 0.201259 0.160648 0.005816 0.021296
0 0.201042 0.160185 0.005903 0.021296
0 0.200781 0.159954 0.005903 0.020833
0 0.200564 0.159568 0.005816 0.020679
0 0.200174 0.159414 0.005556 0.020370
0 0.199957 0.158951 0.005642 0.020370
0 0.199696 0.158719 0.005642 0.019907
0 0.199436 0.158256 0.005642 0.019907
0 0.199175 0.158256 0.005642 0.019907
0 0.198958 0.158256 0.005556 0.019907
0 0.198828 0.158488 0.005816 0.019444
0 0.198698 0.158719 0.005556 0.018981
0 0.198568 0.158719 0.005816 0.018981
0 0.198568 0.158873 0.005816 0.018673
0 0.198351 0.159105 0.005903 0.018210
0 0.198220 0.159105 0.006163 0.018210
0 0.198090 0.159336 0.005903 0.017747
0 0.198003 0.159568 0.006076 0.017284
0 0.198003 0.160031 0.006076 0.017284
0 0.197743 0.159799 0.006076 0.017747
0 0.197743 0.159799 0.006076 0.017747
0 0.197743 0.159799 0.006076 0.017747
0 0.197743 0.160031 0.006076 0.018210
0 0.197743 0.160031 0.006076 0.018210
0 0.197483 0.160031 0.006076 0.018210
0 0.197483 0.160262 0.006076 0.018673
0 0.197483 0.160262 0.006076 0.018673
0 0.197483 0.160262 0.006076 0.018673
0 0.197483 0.160417 0.006076 0.018981
0 0.197222 0.160031 0.006076 0.019136
0 0.197005 0.159799 0.006163 0.018673
0 0.196788 0.159568 0.006076 0.019136
0 0.196788 0.159336 0.006076 0.018673
0 0.196528 0.159336 0.006076 0.018673
0 0.196267 0.158873 0.006076 0.018673
0 0.196267 0.158642 0.006076 0.018210
0 0.196007 0.158488 0.006076 0.018519
0 0.195790 0.158333 0.006163 0.018210
0 0.195790 0.158333 0.006163 0.018210
0 0.195790 0.157870 0.006163 0.018210
0 0.195790 0.157870 0.006163 0.018210
0 0.195790 0.157407 0.006163 0.018210
0 0.195790 0.157407 0.006163 0.018210
0 0.195790 0.156944 0.006163 0.018210
0 0.195790 0.156944 0.006163 0.018210
0 0.195790 0.156481 0.006163 0.018210
0 0.195790 0.156481 0.006163 0.018210
0 0.195790 0.156096 0.006163 0.018364
0 0.196007 0.156096 0.006076 0.018364
0 0.195790 0.156096 0.006163 0.018364
0 0.195790 0.156096 0.006163 0.018364
0 0.195790 0.156096 0.006163 0.018364
0 0.195790 0.156096 0.006163 0.018364
0 0.195790 0.156096 0.006163 0.018364
0 0.195530 0.156096 0.006163 0.018364
0 0.195530 0.156096 0.006163 0.018364
0 0.195530 0.156096 0.006163 0.018364
0 0.195530 0.156096 0.006163 0.018364
0 0.195530 0.156096 0.006163 0.018364
0 0.195312 0.149306 0.006076 0.018673
0 0.195182 0.142670 0.006337 0.018981
0 0.194922 0.136188 0.006337 0.019907
0 0.194792 0.129475 0.006597 0.020370
0 0.194661 0.123071 0.006858 0.020833
0 0.194444 0.116358 0.006771 0.021296
0 0.194314 0.109645 0.007031 0.021759
0 0.194097 0.103164 0.007118 0.022685
0 0.193967 0.096373 0.007378 0.022994
0 0.193967 0.090123 0.007378 0.023457
0 0.193707 0.089275 0.007378 0.023302
0 0.193490 0.088426 0.007292 0.023457
0 0.193490 0.087500 0.007292 0.023457
0 0.193229 0.086960 0.007292 0.022994
0 0.193229 0.086265 0.007292 0.023457
0 0.192969 0.085340 0.007292 0.023457
0 0.192708 0.084799 0.007292 0.022994
0 0.192708 0.083873 0.007292 0.022994
0 0.192491 0.082948 0.007378 0.022994
0 0.192491 0.082639 0.007378 0.022994
0 0.192274 0.087114 0.007292 0.022685
0 0.192014 0.091667 0.007292 0.022222
0 0.191753 0.096451 0.007292 0.022222
0 0.191623 0.101003 0.007031 0.021759
0 0.191493 0.105787 0.007292 0.021759
0 0.191276 0.110340 0.007378 0.021296
0 0.191146 0.114892 0.007118 0.020833
0 0.190885 0.119676 0.007118 0.020833
0 0.190668 0.124228 0.007031 0.020370
0 0.190668 0.129244 0.007031 0.019907
0 0.190191 0.133951 0.007118 0.020062
0 0.189670 0.138966 0.007118 0.019599
0 0.189453 0.143904 0.007031 0.019907
0 0.188932 0.148920 0.007031 0.019444
0 0.188715 0.154167 0.007118 0.019444
0 0.188238 0.158951 0.007031 0.019444
0 0.187717 0.163889 0.007031 0.019136
0 0.187500 0.168904 0.007118 0.019599
0 0.186979 0.173920 0.007118 0.019136
0 0.186762 0.179090 0.007031 0.018981
0 0.186502 0.180170 0.007031 0.019599
0 0.186502 0.181713 0.007031 0.019907
0 0.186502 0.182716 0.007031 0.020370
0 0.186285 0.184336 0.007118 0.020833
0 0.186285 0.185802 0.007118 0.021296
0 0.186285 0.186883 0.007118 0.021605
0 0.186024 0.188426 0.007118 0.022222
0 0.186024 0.189506 0.007118 0.022531
0 0.186024 0.190972 0.007118 0.022994
0 0.186024 0.192593 0.007118 0.023457
0 0.185547 0.192130 0.007031 0.023457
0 0.185069 0.192130 0.007118 0.023457
0 0.184809 0.192130 0.007118 0.023457
0 0.184332 0.191667 0.007031 0.023457
0 0.184071 0.191667 0.007031 0.023457
0 0.183594 0.191667 0.007118 0.023457
0 0.183073 0.191204 0.007118 0.023457
0 0.182856 0.191204 0.007031 0.023457
0 0.182378 0.191204 0.007118 0.023457
0 0.182118 0.191204 0.007118 0.023457
0 0.181858 0.190741 0.007118 0.023457
0 0.181641 0.190741 0.007031 0.023457
0 0.181380 0.190741 0.007031 0.023457
0 0.181163 0.190741 0.007118 0.023457
0 0.180903 0.190741 0.007118 0.023457
0 0.180642 0.190741 0.007118 0.023457
0 0.180425 0.190741 0.007031 0.023457
0 0.180165 0.190741 0.007031 0.023457
0 0.179905 0.190741 0.007031 0.023457
0 0.179688 0.190741 0.007118 0.023457
0 0.179427 0.190741 0.007118 0.023457
0 0.179210 0.190741 0.007031 0.023457
0 0.179080 0.190741 0.006771 0.023457
0 0.178819 0.190741 0.006771 0.023457
0 0.178602 0.190741 0.006858 0.023457
0 0.178472 0.190972 0.006597 0.023920
0 0.178212 0.190972 0.006597 0.023920
0 0.177951 0.190972 0.006597 0.023920
0 0.177821 0.190972 0.006337 0.023920
0 0.177604 0.190972 0.006424 0.023920
