0 0.153299 0.081250 0.004167 0.015278
0 0.153299 0.080401 0.004167 0.015123
0 0.153559 0.079938 0.004167 0.015123
0 0.153819 0.079552 0.004167 0.015278
0 0.153819 0.078858 0.004167 0.014815
0 0.154080 0.078472 0.004167 0.014660
0 0.154297 0.078009 0.004080 0.014660
0 0.154297 0.077392 0.004080 0.014352
0 0.154514 0.076929 0.004167 0.014352
0 0.154774 0.076466 0.004167 0.014352
0 0.155035 0.076003 0.004167 0.014352
0 0.155035 0.075231 0.004167 0.014352
0 0.155035 0.074769 0.004167 0.014352
0 0.155035 0.074306 0.004167 0.014352
0 0.155035 0.073843 0.004167 0.014352
0 0.155295 0.073457 0.004167 0.014198
0 0.155295 0.072608 0.004167 0.014352
0 0.155295 0.072145 0.004167 0.014352
0 0.155295 0.071682 0.004167 0.014352
0 0.155295 0.071296 0.004167 0.014198
0 0.155512 0.070910 0.004080 0.014352
0 0.155512 0.070448 0.004080 0.014352
0 0.155773 0.069985 0.004080 0.014352
0 0.155990 0.069522 0.004167 0.014352
0 0.156250 0.069059 0.004167 0.014352
0 0.156510 0.069059 0.004167 0.014352
0 0.156771 0.068673 0.004167 0.014198
0 0.156988 0.068287 0.004080 0.014352
0 0.157205 0.067824 0.004167 0.014352
0 0.157465 0.067361 0.004167 0.014352
0 0.157726 0.067361 0.004167 0.014352
0 0.157986 0.066898 0.004167 0.014352
0 0.158420 0.066512 0.004167 0.014198
0 0.158681 0.066127 0.004167 0.014352
0 0.159201 0.066127 0.004167 0.014352
0 0.159418 0.065664 0.004080 0.014352
0 0.159896 0.065201 0.004167 0.014352
0 0.160156 0.065201 0.004167 0.014352
0 0.160677 0.064738 0.004167 0.014352
0 0.160894 0.064352 0.004080 0.014198
0 0.161372 0.064352 0.004167 0.014198
0 0.161632 0.063966 0.004167 0.014352
0 0.161892 0.063966 0.004167 0.014352
0 0.162326 0.063966 0.004167 0.014352
0 0.162587 0.063966 0.004167 0.014352
0 0.163108 0.063966 0.004167 0.014352
0 0.163325 0.063503 0.004080 0.014352
0 0.163542 0.063503 0.004167 0.014352
0 0.164062 0.063503 0.004167 0.014352
0 0.164323 0.063503 0.004167 0.014352
0 0.164800 0.063503 0.004080 0.014352
0 0.164931 0.063040 0.004340 0.014352
0 0.165148 0.063040 0.004427 0.014352
0 0.165408 0.063040 0.004427 0.014352
0 0.165538 0.062577 0.004687 0.014352
0 0.165755 0.062577 0.004601 0.014352
0 0.166016 0.062577 0.004601 0.014352
0 0.166146 0.062191 0.004861 0.014198
0 0.166406 0.062191 0.004861 0.014198
0 0.166623 0.062191 0.004948 0.014198
0 0.166970 0.062191 0.005122 0.014198
0 0.166970 0.061728 0.005122 0.014198
0 0.167231 0.061728 0.005122 0.014198
0 0.167491 0.061728 0.005122 0.014198
0 0.167752 0.061728 0.005122 0.014198
0 0.167925 0.061728 0.005122 0.014198
0 0.168186 0.061343 0.005122 0.014352
0 0.168446 0.061343 0.005122 0.014352
0 0.168707 0.061343 0.005122 0.014352
0 0.168967 0.061343 0.005122 0.014352
0 0.169227 0.061343 0.005122 0.014352
0 0.169227 0.060880 0.005122 0.014352
0 0.169314 0.060880 0.004948 0.014352
0 0.169531 0.060648 0.004861 0.013889
0 0.169531 0.060648 0.004861 0.013889
0 0.169792 0.060648 0.004861 0.013889
0 0.169922 0.060417 0.004601 0.013426
0 0.169922 0.060417 0.004601 0.013426
0 0.170182 0.060185 0.004601 0.012963
0 0.170269 0.060185 0.004427 0.012963
0 0.170530 0.060185 0.004427 0.012963
0 0.174175 0.060185 0.004427 0.012963
0 0.178082 0.060648 0.004427 0.012963
0 0.181727 0.060648 0.004427 0.012963
0 0.185634 0.061111 0.004427 0.012963
0 0.189323 0.061111 0.004340 0.012963
0 0.193229 0.061574 0.004340 0.012963
0 0.196875 0.061574 0.004340 0.012963
0 0.200781 0.061960 0.004340 0.013117
0 0.204470 0.061960 0.004427 0.013117
0 0.208377 0.062346 0.004427 0.012963
0 0.214714 0.063735 0.004427 0.012963
0 0.221050 0.064969 0.004427 0.012963
0 0.227648 0.066281 0.004427 0.013117
0 0.233984 0.067593 0.004427 0.012963
0 0.240582 0.069290 0.004427 0.012963
0 0.246918 0.070679 0.004427 0.012963
0 0.253255 0.071914 0.004427 0.012963
0 0.259852 0.073225 0.004427 0.013117
0 0.266189 0.074537 0.004427 0.012963
0 0.272786 0.076235 0.004427 0.012963
0 0.274609 0.076929 0.004601 0.013426
0 0.276562 0.077855 0.004687 0.013426
0 0.278385 0.078627 0.004861 0.013426
0 0.280339 0.079784 0.004948 0.013889
0 0.282292 0.080556 0.005382 0.013889
0 0.284245 0.081250 0.005295 0.014352
0 0.286068 0.082330 0.005642 0.014660
0 0.288021 0.083179 0.005556 0.014815
0 0.289844 0.084105 0.005903 0.014815
0 0.291927 0.085185 0.006076 0.015123
0 0.291667 0.084722 0.006076 0.015123
0 0.291450 0.084722 0.006163 0.015123
0 0.291450 0.084259 0.006163 0.015123
0 0.291189 0.084259 0.006163 0.015123
0 0.291189 0.084259 0.006163 0.015123
0 0.290972 0.083873 0.006076 0.015278
0 0.290712 0.083873 0.006076 0.015278
0 0.290712 0.083410 0.006076 0.015278
0 0.290451 0.083410 0.006076 0.015278
0 0.290451 0.083410 0.006076 0.015278
0 0.289497 0.083025 0.006076 0.015123
0 0.288759 0.082562 0.006163 0.015123
0 0.288021 0.082330 0.006076 0.014660
0 0.287283 0.081944 0.006163 0.014815
0 0.286545 0.081944 0.006076 0.014815
0 0.285851 0.081481 0.006076 0.014815
0 0.285069 0.081019 0.006076 0.014815
0 0.284375 0.080787 0.006076 0.014352
0 0.283637 0.080401 0.006163 0.014198
0 0.282899 0.080401 0.006076 0.014198
0 0.282639 0.080401 0.006076 0.014198
0 0.282639 0.080401 0.006076 0.014198
0 0.282422 0.080401 0.006163 0.014198
0 0.282422 0.080401 0.006163 0.014198
0 0.282422 0.080401 0.006163 0.014198
0 0.282161 0.080401 0.006163 0.014198
0 0.282161 0.080401 0.006163 0.014198
0 0.281944 0.080401 0.006076 0.014198
0 0.281944 0.080401 0.006076 0.014198
0 0.281944 0.080787 0.006076 0.014352
0 0.280816 0.080015 0.005903 0.014352
0 0.279861 0.079552 0.005903 0.014352
0 0.278776 0.079090 0.005642 0.014352
0 0.277778 0.078241 0.005556 0.014198
0 0.276780 0.077778 0.005642 0.014198
0 0.275694 0.077392 0.005382 0.014352
0 0.274740 0.076466 0.005382 0.014352
0 0.273655 0.076003 0.005122 0.014352
0 0.272613 0.075617 0.005122 0.014198
0 0.271658 0.075231 0.005122 0.014352
0 0.269748 0.074306 0.005122 0.014352
0 0.268012 0.073843 0.005122 0.014352
0 0.266102 0.073457 0.005122 0.014198
0 0.264366 0.073071 0.005122 0.014352
0 0.262370 0.072608 0.005122 0.014352
0 0.260720 0.072145 0.005122 0.014352
0 0.258724 0.071682 0.005122 0.014352
0 0.257075 0.071296 0.005122 0.014198
0 0.255078 0.070910 0.005122 0.014352
0 0.253342 0.070448 0.005122 0.014352
0 0.252517 0.069985 0.005382 0.014352
0 0.251823 0.069985 0.005382 0.014352
0 0.251042 0.069522 0.005382 0.014352
0 0.250347 0.069522 0.005382 0.014352
0 0.249696 0.069522 0.005642 0.014352
0 0.248872 0.069059 0.005903 0.014352
0 0.248134 0.069059 0.005816 0.014352
0 0.247396 0.068673 0.005903 0.014198
0 0.246658 0.068673 0.005816 0.014198
0 0.246050 0.068673 0.006163 0.014198
0 0.245833 0.068287 0.006076 0.014352
0 0.245833 0.068287 0.006076 0.014352
0 0.245573 0.068287 0.006076 0.014352
0 0.245573 0.068287 0.006076 0.014352
0 0.245443 0.068287 0.006337 0.014352
0 0.245312 0.067824 0.006076 0.014352
0 0.245182 0.067824 0.006337 0.014352
0 0.245052 0.067824 0.006076 0.014352
0 0.244922 0.067824 0.006337 0.014352
0 0.244922 0.067824 0.006337 0.014352
