0 0.187760 0.174306 0.006597 0.027006
0 0.187760 0.174769 0.006597 0.027006
0 0.187760 0.175617 0.006597 0.026852
0 0.187760 0.176466 0.006597 0.027006
0 0.187760 0.176929 0.006597 0.027006
0 0.187760 0.177778 0.006597 0.026852
0 0.187760 0.178704 0.006597 0.026852
0 0.187760 0.179090 0.006597 0.027006
0 0.187760 0.179938 0.006597 0.026852
0 0.187760 0.180864 0.006597 0.026852
0 0.187760 0.181713 0.006597 0.027006
0 0.187500 0.180401 0.006597 0.026852
0 0.187500 0.179475 0.006597 0.026852
0 0.187500 0.178704 0.006597 0.026852
0 0.187240 0.177778 0.006597 0.026852
0 0.187240 0.176929 0.006597 0.027006
0 0.187240 0.175617 0.006597 0.026852
0 0.186979 0.174769 0.006597 0.027006
0 0.186979 0.173920 0.006597 0.026852
0 0.186979 0.172994 0.006597 0.026852
0 0.186979 0.172145 0.006597 0.027006
0 0.186979 0.161111 0.006597 0.026543
0 0.186979 0.150231 0.006597 0.026389
0 0.187240 0.139429 0.006597 0.026389
0 0.187240 0.128549 0.006597 0.026543
0 0.187500 0.117670 0.006597 0.026389
0 0.187500 0.106867 0.006597 0.026389
0 0.187500 0.095988 0.006597 0.026543
0 0.187760 0.085185 0.006597 0.026543
0 0.187760 0.074306 0.006597 0.026389
0 0.187977 0.063503 0.006510 0.026389
0 0.187977 0.063503 0.006510 0.026389
0 0.187977 0.063503 0.006510 0.026389
0 0.187977 0.063503 0.006510 0.026389
0 0.187977 0.063503 0.006510 0.026389
0 0.187977 0.063503 0.006510 0.026389
0 0.187977 0.063503 0.006510 0.026389
0 0.187977 0.063503 0.006510 0.026389
0 0.187977 0.063503 0.006510 0.026389
0 0.187977 0.063503 0.006510 0.026389
0 0.187977 0.063503 0.006510 0.026389
0 0.187977 0.063503 0.006510 0.026389
0 0.187977 0.063503 0.006510 0.026389
0 0.187977 0.063503 0.006510 0.026389
0 0.187977 0.063503 0.006510 0.026389
0 0.187977 0.063503 0.006510 0.026389
0 0.187977 0.063503 0.006510 0.026389
0 0.187977 0.063503 0.006510 0.026389
0 0.187977 0.063503 0.006510 0.026389
0 0.187977 0.063503 0.006510 0.026389
0 0.187977 0.063503 0.006510 0.026389
0 0.187977 0.063503 0.006510 0.026389
0 0.187977 0.063503 0.006510 0.026389
0 0.187977 0.063503 0.006510 0.026389
0 0.187977 0.063503 0.006510 0.026389
0 0.187977 0.063503 0.006510 0.026389
0 0.187977 0.063503 0.006510 0.026389
0 0.187977 0.063503 0.006510 0.026389
0 0.187977 0.063503 0.006510 0.026389
0 0.187977 0.063503 0.006510 0.026389
0 0.187977 0.063503 0.006510 0.026389
0 0.187977 0.063503 0.006510 0.026389
0 0.187977 0.063503 0.006510 0.026389
0 0.187977 0.063503 0.006510 0.026389
0 0.187977 0.063503 0.006510 0.026389
0 0.187977 0.063503 0.006510 0.026389
0 0.187977 0.063503 0.006510 0.026389
0 0.187977 0.063503 0.006510 0.026389
0 0.187977 0.063503 0.006510 0.026389
0 0.187977 0.063503 0.006510 0.026389
0 0.187977 0.063503 0.006510 0.026389
0 0.187977 0.063503 0.006510 0.026389
0 0.187977 0.063503 0.006510 0.026389
0 0.187977 0.063503 0.006510 0.026389
0 0.187977 0.063503 0.006510 0.026389
0 0.187977 0.063503 0.006510 0.026389
0 0.187977 0.063503 0.006510 0.026389
0 0.187977 0.063503 0.006510 0.026389
0 0.187977 0.063503 0.006510 0.026389
0 0.187977 0.063503 0.006510 0.026389
0 0.187977 0.063503 0.006510 0.026389
0 0.187977 0.063503 0.006510 0.026389
0 0.187977 0.063503 0.006510 0.026389
0 0.187977 0.063503 0.006510 0.026389
0 0.187977 0.063503 0.006510 0.026389
0 0.187977 0.063503 0.006510 0.026389
0 0.187977 0.063503 0.006510 0.026389
0 0.187977 0.063503 0.006510 0.026389
0 0.187977 0.063503 0.006510 0.026389
0 0.187977 0.063503 0.006510 0.026389
0 0.187977 0.063503 0.006510 0.026389
0 0.187977 0.063503 0.006510 0.026389
0 0.187977 0.063503 0.006510 0.026389
0 0.187977 0.063503 0.006510 0.026389
0 0.187977 0.063503 0.006510 0.026389
0 0.187977 0.063503 0.006510 0.026389
0 0.187977 0.063503 0.006510 0.026389
0 0.187977 0.063503 0.006510 0.026389
0 0.187977 0.063503 0.006510 0.026389
0 0.187977 0.063503 0.006510 0.026389
0 0.187977 0.063503 0.006510 0.026389
0 0.187977 0.063503 0.006510 0.026389
0 0.187977 0.063503 0.006510 0.026389
0 0.187977 0.063503 0.006510 0.026389
0 0.187977 0.063503 0.006510 0.026389
0 0.187977 0.063503 0.006510 0.026389
0 0.187977 0.063503 0.006510 0.026389
0 0.187977 0.063503 0.006510 0.026389
0 0.187977 0.063503 0.006510 0.026389
0 0.187977 0.063503 0.006510 0.026389
0 0.187977 0.063503 0.006510 0.026389
0 0.187977 0.063503 0.006510 0.026389
0 0.187977 0.063503 0.006510 0.026389
0 0.187977 0.063503 0.006510 0.026389
0 0.187977 0.063503 0.006510 0.026389
0 0.187977 0.063503 0.006510 0.026389
0 0.187977 0.063503 0.006510 0.026389
0 0.187977 0.063503 0.006510 0.026389
0 0.187977 0.063503 0.006510 0.026389
0 0.187977 0.063503 0.006510 0.026389
0 0.187977 0.063503 0.006510 0.026389
0 0.187977 0.063503 0.006510 0.026389
0 0.187977 0.063503 0.006510 0.026389
0 0.187977 0.063503 0.006510 0.026389
0 0.187977 0.063503 0.006510 0.026389
0 0.187977 0.063503 0.006510 0.026389
0 0.187977 0.063503 0.006510 0.026389
0 0.187977 0.063503 0.006510 0.026389
0 0.187977 0.063503 0.006510 0.026389
0 0.187977 0.063503 0.006510 0.026389
0 0.187977 0.063503 0.006510 0.026389
0 0.187977 0.063503 0.006510 0.026389
0 0.187977 0.063503 0.006510 0.026389
0 0.187977 0.063503 0.006510 0.026389
0 0.187977 0.063503 0.006510 0.026389
0 0.187977 0.063503 0.006510 0.026389
0 0.187977 0.063503 0.006510 0.026389
0 0.187977 0.063503 0.006510 0.026389
0 0.187977 0.063503 0.006510 0.026389
0 0.187977 0.063503 0.006510 0.026389
0 0.187977 0.063503 0.006510 0.026389
0 0.187977 0.063503 0.006510 0.026389
0 0.187977 0.063503 0.006510 0.026389
0 0.187977 0.063503 0.006510 0.026389
0 0.187977 0.063503 0.006510 0.026389
0 0.187977 0.063503 0.006510 0.026389
0 0.187977 0.063503 0.006510 0.026389
0 0.187977 0.063503 0.006510 0.026389
0 0.187977 0.063503 0.006510 0.026389
0 0.187977 0.063503 0.006510 0.026389
0 0.187977 0.063503 0.006510 0.026389
0 0.187977 0.063503 0.006510 0.026389
0 0.187977 0.063503 0.006510 0.026389
0 0.187977 0.063503 0.006510 0.026389
0 0.187977 0.063503 0.006510 0.026389
0 0.187977 0.063503 0.006510 0.026389
0 0.187977 0.063503 0.006510 0.026389
0 0.187977 0.063503 0.006510 0.026389
0 0.187977 0.063503 0.006510 0.026389
0 0.187977 0.063503 0.006510 0.026389
0 0.187977 0.063503 0.006510 0.026389
0 0.187977 0.063503 0.006510 0.026389
0 0.187977 0.063503 0.006510 0.026389
0 0.187977 0.063503 0.006510 0.026389
0 0.187977 0.063503 0.006510 0.026389
0 0.187977 0.063503 0.006510 0.026389
0 0.187977 0.063503 0.006510 0.026389
0 0.187977 0.063503 0.006510 0.026389
0 0.187977 0.063503 0.006510 0.026389
0 0.187977 0.063503 0.006510 0.026389
0 0.187977 0.063503 0.006510 0.026389
0 0.187977 0.063503 0.006510 0.026389
0 0.187977 0.063503 0.006510 0.026389
0 0.187977 0.063503 0.006510 0.026389
0 0.187977 0.063503 0.006510 0.026389
0 0.187977 0.063503 0.006510 0.026389
0 0.187977 0.063503 0.006510 0.026389
0 0.187977 0.063503 0.006510 0.026389
0 0.187977 0.063503 0.006510 0.026389
0 0.187977 0.063503 0.006510 0.026389
0 0.187977 0.063503 0.006510 0.026389
