0 0.016797 0.271296 0.023872 0.024691
0 0.015061 0.244136 0.021441 0.022531
0 0.013498 0.217052 0.019358 0.020525
0 0.011806 0.189969 0.016840 0.018210
0 0.010200 0.163040 0.014670 0.015586
0 0.008637 0.135880 0.012413 0.013426
0 0.006901 0.108873 0.009983 0.011265
0 0.005295 0.081944 0.007812 0.008642
0 0.003646 0.054784 0.005382 0.006481
0 0.002040 0.027623 0.003212 0.004321
0 0.000477 0.000849 0.000955 0.001698
0 0.000477 0.000849 0.000955 0.001698
0 0.000477 0.000849 0.000955 0.001698
0 0.000477 0.000849 0.000955 0.001698
0 0.000477 0.000849 0.000955 0.001698
0 0.000477 0.000849 0.000955 0.001698
0 0.000477 0.000849 0.000955 0.001698
0 0.000477 0.000849 0.000955 0.001698
0 0.000477 0.000849 0.000955 0.001698
0 0.000477 0.000849 0.000955 0.001698
0 0.000477 0.000849 0.000955 0.001698
0 0.000477 0.000849 0.000955 0.001698
0 0.000477 0.000849 0.000955 0.001698
0 0.000477 0.000849 0.000955 0.001698
0 0.000477 0.000849 0.000955 0.001698
0 0.000477 0.000849 0.000955 0.001698
0 0.000477 0.000849 0.000955 0.001698
0 0.000477 0.000849 0.000955 0.001698
0 0.000477 0.000849 0.000955 0.001698
0 0.000477 0.000849 0.000955 0.001698
0 0.000477 0.000849 0.000955 0.001698
0 0.000477 0.000849 0.000955 0.001698
0 0.000477 0.000849 0.000955 0.001698
0 0.000477 0.000849 0.000955 0.001698
0 0.000477 0.000849 0.000955 0.001698
0 0.000477 0.000849 0.000955 0.001698
0 0.000477 0.000849 0.000955 0.001698
0 0.000477 0.000849 0.000955 0.001698
0 0.000477 0.000849 0.000955 0.001698
0 0.000477 0.000849 0.000955 0.001698
0 0.000477 0.000849 0.000955 0.001698
0 0.000477 0.000849 0.000955 0.001698
0 0.000477 0.000849 0.000955 0.001698
0 0.000477 0.000849 0.000955 0.001698
0 0.000477 0.000849 0.000955 0.001698
0 0.000477 0.000849 0.000955 0.001698
0 0.000477 0.000849 0.000955 0.001698
0 0.000477 0.000849 0.000955 0.001698
0 0.000477 0.000849 0.000955 0.001698
0 0.000477 0.000849 0.000955 0.001698
0 0.000477 0.000849 0.000955 0.001698
0 0.000477 0.000849 0.000955 0.001698
0 0.000477 0.000849 0.000955 0.001698
0 0.000477 0.000849 0.000955 0.001698
0 0.000477 0.000849 0.000955 0.001698
0 0.000477 0.000849 0.000955 0.001698
0 0.000477 0.000849 0.000955 0.001698
0 0.000477 0.000849 0.000955 0.001698
0 0.000477 0.000849 0.000955 0.001698
0 0.000477 0.000849 0.000955 0.001698
0 0.000477 0.000849 0.000955 0.001698
0 0.000477 0.000849 0.000955 0.001698
0 0.000477 0.000849 0.000955 0.001698
0 0.000477 0.000849 0.000955 0.001698
0 0.000477 0.000849 0.000955 0.001698
0 0.000477 0.000849 0.000955 0.001698
0 0.000477 0.000849 0.000955 0.001698
0 0.000477 0.000849 0.000955 0.001698
0 0.000477 0.000849 0.000955 0.001698
0 0.000477 0.000849 0.000955 0.001698
0 0.000477 0.000849 0.000955 0.001698
0 0.000477 0.000849 0.000955 0.001698
0 0.000477 0.000849 0.000955 0.001698
0 0.000477 0.000849 0.000955 0.001698
0 0.000477 0.000849 0.000955 0.001698
0 0.000477 0.000849 0.000955 0.001698
0 0.000477 0.000849 0.000955 0.001698
0 0.000477 0.000849 0.000955 0.001698
0 0.000477 0.000849 0.000955 0.001698
0 0.000477 0.000849 0.000955 0.001698
0 0.000477 0.000849 0.000955 0.001698
0 0.000477 0.000849 0.000955 0.001698
0 0.000477 0.000849 0.000955 0.001698
0 0.000477 0.000849 0.000955 0.001698
0 0.000477 0.000849 0.000955 0.001698
0 0.000477 0.000849 0.000955 0.001698
0 0.000477 0.000849 0.000955 0.001698
0 0.000477 0.000849 0.000955 0.001698
0 0.000477 0.000849 0.000955 0.001698
0 0.000477 0.000849 0.000955 0.001698
0 0.000477 0.000849 0.000955 0.001698
0 0.000477 0.000849 0.000955 0.001698
0 0.000477 0.000849 0.000955 0.001698
0 0.000477 0.000849 0.000955 0.001698
0 0.000477 0.000849 0.000955 0.001698
0 0.000477 0.000849 0.000955 0.001698
0 0.000477 0.000849 0.000955 0.001698
0 0.000477 0.000849 0.000955 0.001698
0 0.000477 0.000849 0.000955 0.001698
0 0.000477 0.000849 0.000955 0.001698
0 0.000477 0.000849 0.000955 0.001698
0 0.004210 0.023997 0.003212 0.003858
0 0.008247 0.047222 0.005382 0.006173
0 0.012153 0.070448 0.007812 0.008179
0 0.016189 0.093596 0.009983 0.010340
0 0.020226 0.116821 0.012153 0.012654
0 0.024089 0.140046 0.014670 0.014660
0 0.028125 0.163272 0.016840 0.016975
0 0.032031 0.186420 0.019271 0.019136
0 0.036068 0.209722 0.021441 0.021296
0 0.040104 0.233102 0.023611 0.023920
0 0.037630 0.236574 0.023698 0.023765
0 0.035330 0.240509 0.023958 0.023920
0 0.033030 0.244367 0.023698 0.023920
0 0.030686 0.248071 0.023872 0.024228
0 0.028385 0.251929 0.023611 0.024228
0 0.026085 0.255864 0.023872 0.024383
0 0.023611 0.259568 0.023958 0.024691
0 0.021441 0.263426 0.023958 0.024691
0 0.019010 0.267361 0.023958 0.024846
0 0.016797 0.271296 0.023872 0.024691
0 0.019010 0.267361 0.023958 0.024846
0 0.021441 0.263426 0.023958 0.024691
0 0.023611 0.259568 0.023958 0.024691
0 0.026085 0.255864 0.023872 0.024383
0 0.028385 0.251929 0.023611 0.024228
0 0.030686 0.248071 0.023872 0.024228
0 0.033030 0.244367 0.023698 0.023920
0 0.035330 0.240509 0.023958 0.023920
0 0.037630 0.236574 0.023698 0.023765
0 0.040104 0.233102 0.023611 0.023920
0 0.042318 0.229630 0.023698 0.023765
0 0.044488 0.226620 0.023698 0.023920
0 0.046658 0.223534 0.023698 0.023920
0 0.048872 0.220525 0.023611 0.023765
0 0.051345 0.217515 0.023698 0.023920
0 0.053516 0.213966 0.023698 0.023920
0 0.055729 0.210957 0.023611 0.023765
0 0.057899 0.207948 0.023611 0.023920
0 0.060113 0.204861 0.023698 0.023920
0 0.062543 0.201852 0.023698 0.023765
0 0.064974 0.200154 0.023698 0.023765
0 0.067665 0.198843 0.023698 0.023920
0 0.070356 0.197531 0.023698 0.023765
0 0.073047 0.195756 0.023698 0.023920
0 0.075738 0.194522 0.023698 0.023920
0 0.078168 0.193210 0.023698 0.023765
0 0.080859 0.191435 0.023698 0.023920
0 0.083550 0.190123 0.023698 0.023765
0 0.086241 0.188812 0.023698 0.023920
0 0.088889 0.187577 0.023611 0.023920
0 0.090148 0.187114 0.023177 0.023920
0 0.091450 0.186883 0.022483 0.023457
0 0.092665 0.186651 0.021962 0.023920
0 0.094010 0.186420 0.021181 0.023457
0 0.095399 0.186420 0.020486 0.023457
0 0.096571 0.186034 0.020052 0.023302
0 0.097917 0.185880 0.019271 0.022994
0 0.099132 0.185648 0.018750 0.023457
0 0.100521 0.185417 0.018056 0.022994
0 0.101823 0.185417 0.017361 0.022994
0 0.103038 0.185880 0.017361 0.022994
0 0.104253 0.186188 0.017361 0.022994
0 0.105512 0.186651 0.017274 0.022994
0 0.106727 0.187114 0.017274 0.022994
0 0.107943 0.188040 0.017274 0.022994
0 0.109158 0.188349 0.017274 0.022994
0 0.110373 0.188812 0.017274 0.022994
0 0.111589 0.189275 0.017274 0.022994
0 0.112804 0.189738 0.017274 0.022994
0 0.114019 0.190509 0.017274 0.022994
0 0.115017 0.190972 0.017361 0.022994
0 0.115972 0.191435 0.017361 0.022994
0 0.117188 0.191898 0.017361 0.022994
0 0.118186 0.192361 0.017274 0.022994
0 0.119184 0.192824 0.017361 0.022994
0 0.120399 0.193133 0.017361 0.022994
0 0.121354 0.193596 0.017361 0.022994
0 0.122309 0.194059 0.017361 0.022994
0 0.123568 0.194522 0.017274 0.022994
0 0.124523 0.194985 0.017274 0.022994
