0 0.200304 0.089275 0.005295 0.017438
0 0.201042 0.089275 0.005382 0.017438
0 0.201997 0.089506 0.005382 0.016975
0 0.202734 0.089738 0.005295 0.017438
0 0.203733 0.089969 0.005382 0.016975
0 0.204557 0.090123 0.005122 0.017284
0 0.205425 0.090355 0.005295 0.016821
0 0.206293 0.090355 0.005122 0.016821
0 0.207118 0.090818 0.005382 0.016821
0 0.207986 0.090818 0.005208 0.016821
0 0.208984 0.091204 0.005122 0.016975
0 0.209245 0.091204 0.005122 0.016975
0 0.209418 0.091204 0.005122 0.016975
0 0.209679 0.091204 0.005122 0.016975
0 0.209939 0.091204 0.005122 0.016975
0 0.210460 0.091204 0.005122 0.016975
0 0.210634 0.091204 0.005122 0.016975
0 0.210894 0.091204 0.005122 0.016975
0 0.211155 0.091204 0.005122 0.016975
0 0.211415 0.091204 0.005122 0.016975
0 0.211849 0.091204 0.005122 0.016975
0 0.211849 0.091204 0.005122 0.016975
0 0.211849 0.091204 0.005122 0.016975
0 0.211849 0.091204 0.005122 0.016975
0 0.211849 0.091204 0.005122 0.016975
0 0.211849 0.091204 0.005122 0.016975
0 0.211849 0.091204 0.005122 0.016975
0 0.211849 0.091204 0.005122 0.016975
0 0.211849 0.091204 0.005122 0.016975
0 0.211849 0.091204 0.005122 0.016975
0 0.211849 0.091204 0.005122 0.016975
0 0.210894 0.090355 0.005122 0.016821
0 0.209939 0.089969 0.005122 0.016975
0 0.208984 0.089506 0.005122 0.016975
0 0.207986 0.089043 0.005208 0.016975
0 0.206988 0.088657 0.005122 0.016821
0 0.206033 0.088194 0.005122 0.016821
0 0.205078 0.087809 0.005122 0.016975
0 0.204080 0.087346 0.005208 0.016975
0 0.203082 0.086883 0.005122 0.016975
0 0.202387 0.086497 0.005122 0.016821
0 0.201866 0.086034 0.005122 0.016821
0 0.201606 0.086034 0.005122 0.016821
0 0.201432 0.086034 0.005122 0.016821
0 0.200911 0.085648 0.005122 0.016975
0 0.200651 0.085648 0.005122 0.016975
0 0.200391 0.085648 0.005122 0.016975
0 0.199957 0.085185 0.005122 0.016975
0 0.199696 0.085185 0.005122 0.016975
0 0.199436 0.085185 0.005122 0.016975
0 0.199175 0.085185 0.005122 0.016975
0 0.198915 0.084722 0.005122 0.016975
0 0.198741 0.084722 0.005122 0.016975
0 0.198481 0.084259 0.005122 0.016975
0 0.198220 0.084259 0.005122 0.016975
0 0.197960 0.084259 0.005122 0.016975
0 0.197700 0.083873 0.005122 0.016821
0 0.197526 0.083873 0.005122 0.016821
0 0.197266 0.083410 0.005122 0.016821
0 0.197005 0.083410 0.005122 0.016821
0 0.197005 0.083410 0.005122 0.016821
0 0.196484 0.083025 0.005122 0.016975
0 0.196311 0.083025 0.005122 0.016975
0 0.196050 0.082562 0.005122 0.016975
0 0.195790 0.082562 0.005122 0.016975
0 0.195530 0.082099 0.005122 0.016975
0 0.195269 0.082099 0.005122 0.016975
0 0.195052 0.081713 0.005208 0.016821
0 0.194835 0.081713 0.005122 0.016821
0 0.194575 0.081250 0.005122 0.016821
0 0.194314 0.081250 0.005122 0.016821
0 0.194054 0.080864 0.005122 0.016975
0 0.193793 0.080864 0.005122 0.016975
0 0.193620 0.080401 0.005122 0.016975
0 0.193620 0.080401 0.005122 0.016975
0 0.193359 0.080401 0.005122 0.016975
0 0.193099 0.079938 0.005122 0.016975
0 0.193099 0.079938 0.005122 0.016975
0 0.192839 0.079552 0.005122 0.016821
0 0.192578 0.079552 0.005122 0.016821
0 0.192578 0.079552 0.005122 0.016821
0 0.192405 0.079090 0.005122 0.016821
0 0.192274 0.078704 0.005382 0.016975
0 0.192274 0.078241 0.005382 0.016975
0 0.192144 0.078241 0.005642 0.016975
0 0.192144 0.077778 0.005642 0.016975
0 0.191884 0.077315 0.005642 0.016975
0 0.191753 0.077315 0.005903 0.016975
0 0.191753 0.076929 0.005903 0.016821
0 0.191667 0.076466 0.006076 0.016821
0 0.191667 0.076466 0.006076 0.016821
0 0.191406 0.075617 0.006076 0.016975
0 0.191276 0.075154 0.005816 0.016975
0 0.191146 0.074769 0.006076 0.016821
0 0.191016 0.074306 0.005816 0.016821
0 0.191016 0.073920 0.005816 0.016975
0 0.190799 0.072994 0.005903 0.016975
0 0.190668 0.072608 0.005642 0.016821
0 0.190538 0.072145 0.005903 0.016821
0 0.190408 0.071759 0.005642 0.016975
0 0.190408 0.071296 0.005642 0.016975
0 0.190148 0.069985 0.005642 0.016821
0 0.189931 0.069136 0.005556 0.016975
0 0.189670 0.068210 0.005556 0.016975
0 0.189453 0.067361 0.005642 0.016821
0 0.189193 0.066512 0.005642 0.016975
0 0.188932 0.065664 0.005642 0.016821
0 0.188715 0.064815 0.005556 0.016975
0 0.188455 0.063889 0.005556 0.016975
0 0.188238 0.063040 0.005642 0.016821
0 0.188238 0.062191 0.005642 0.016975
0 0.187977 0.061265 0.005642 0.016975
0 0.187977 0.060417 0.005642 0.016821
0 0.187977 0.060031 0.005642 0.016975
0 0.187717 0.059105 0.005642 0.016975
0 0.187717 0.058719 0.005642 0.016821
0 0.187717 0.057870 0.005642 0.016975
0 0.187500 0.056944 0.005556 0.016975
0 0.187500 0.056559 0.005556 0.016821
0 0.187500 0.055710 0.005556 0.016975
0 0.187500 0.055247 0.005556 0.016975
0 0.187240 0.054321 0.005556 0.016975
0 0.187023 0.053935 0.005642 0.016821
0 0.186762 0.053086 0.005642 0.016975
0 0.186762 0.052623 0.005642 0.016975
0 0.186502 0.052160 0.005642 0.016975
0 0.186241 0.051312 0.005642 0.016821
0 0.186241 0.050926 0.005642 0.016975
0 0.186024 0.050000 0.005556 0.016975
0 0.185807 0.049614 0.005642 0.016821
0 0.185807 0.049151 0.005642 0.016821
0 0.185547 0.048302 0.005642 0.016975
0 0.185286 0.047608 0.005642 0.016512
0 0.185156 0.046836 0.005382 0.016512
0 0.185026 0.046142 0.005642 0.016049
0 0.184896 0.045448 0.005382 0.015586
0 0.184679 0.044599 0.005295 0.015741
0 0.184549 0.043981 0.005556 0.015123
0 0.184462 0.043056 0.005382 0.015123
0 0.184201 0.042438 0.005382 0.014815
0 0.184201 0.041975 0.005382 0.014815
0 0.184201 0.041127 0.005382 0.014660
0 0.184201 0.040741 0.005382 0.014815
0 0.184201 0.040278 0.005382 0.014815
0 0.184201 0.039429 0.005382 0.014660
0 0.184201 0.038966 0.005382 0.014660
0 0.184201 0.038503 0.005382 0.014660
0 0.184201 0.037654 0.005382 0.014815
0 0.184201 0.037191 0.005382 0.014815
0 0.184201 0.036806 0.005382 0.014660
0 0.184201 0.036343 0.005382 0.014660
0 0.183941 0.035957 0.005382 0.014815
0 0.183941 0.035494 0.005382 0.014815
0 0.183811 0.035031 0.005642 0.014815
0 0.183811 0.034645 0.005642 0.014660
0 0.183724 0.034182 0.005816 0.014660
0 0.183594 0.033796 0.005556 0.014815
0 0.183464 0.033333 0.005816 0.014815
0 0.183464 0.032870 0.005816 0.014815
0 0.183333 0.032485 0.006076 0.014660
0 0.183333 0.032485 0.006076 0.014660
0 0.183333 0.032022 0.006076 0.014660
0 0.183333 0.031636 0.006076 0.014815
0 0.183333 0.031173 0.006076 0.014815
0 0.183333 0.030710 0.006076 0.014815
0 0.183333 0.030247 0.006076 0.014815
0 0.183333 0.029861 0.006076 0.014660
0 0.183333 0.029398 0.006076 0.014660
0 0.183333 0.029012 0.006076 0.014815
0 0.183333 0.028549 0.006076 0.014815
0 0.183333 0.028086 0.006076 0.014815
0 0.183333 0.027701 0.006076 0.014660
0 0.183333 0.027701 0.006076 0.014660
0 0.183333 0.027238 0.006076 0.014660
0 0.183333 0.027238 0.006076 0.014660
0 0.183333 0.027006 0.006076 0.015123
0 0.183333 0.026852 0.006076 0.014815
0 0.183333 0.026620 0.006076 0.015278
0 0.183333 0.026389 0.006076 0.014815
0 0.183333 0.026157 0.006076 0.015278
0 0.183333 0.026157 0.006076 0.015278
