0 0.103299 0.227238 0.007118 0.013117
0 0.103299 0.227083 0.007118 0.013426
0 0.103299 0.227083 0.007118 0.013426
0 0.103299 0.227083 0.007118 0.013426
0 0.103299 0.227083 0.007118 0.013426
0 0.103299 0.227083 0.007118 0.013426
0 0.103299 0.227083 0.007118 0.013426
0 0.103299 0.227083 0.007118 0.013426
0 0.103299 0.227083 0.007118 0.013426
0 0.103299 0.227083 0.007118 0.013426
0 0.103299 0.227083 0.007118 0.013426
0 0.103299 0.227238 0.007118 0.013117
0 0.103299 0.227469 0.007118 0.012654
0 0.103299 0.227701 0.007118 0.012191
0 0.103299 0.227932 0.007118 0.011728
0 0.103299 0.228164 0.007118 0.011265
0 0.103299 0.228318 0.007118 0.010957
0 0.103299 0.228549 0.007118 0.010494
0 0.103299 0.228781 0.007118 0.010031
0 0.103299 0.229012 0.007118 0.009568
0 0.103299 0.229630 0.007118 0.009259
0 0.103168 0.229630 0.006858 0.009259
0 0.103168 0.229784 0.006858 0.009568
0 0.103038 0.229784 0.006597 0.009568
0 0.103038 0.230015 0.006597 0.010031
0 0.103038 0.230015 0.006597 0.010031
0 0.102908 0.230247 0.006337 0.010494
0 0.102908 0.230247 0.006337 0.010494
0 0.102821 0.230478 0.006163 0.010957
0 0.102821 0.230478 0.006163 0.010957
0 0.102821 0.230710 0.006163 0.011420
0 0.102821 0.230710 0.006163 0.011420
0 0.103038 0.230710 0.006076 0.011420
0 0.103038 0.230710 0.006076 0.011420
0 0.103299 0.230710 0.006076 0.011420
0 0.103429 0.230710 0.006337 0.011420
0 0.103559 0.230710 0.006076 0.011420
0 0.103689 0.230710 0.006337 0.011420
0 0.103776 0.230710 0.006163 0.011420
0 0.103906 0.230710 0.006424 0.011420
0 0.104123 0.231096 0.006337 0.011265
0 0.104123 0.230710 0.006337 0.011420
0 0.104384 0.230710 0.006337 0.011420
0 0.104644 0.230710 0.006337 0.011420
0 0.104905 0.230710 0.006337 0.011420
0 0.105165 0.230710 0.006337 0.011420
0 0.105252 0.230324 0.006163 0.011265
0 0.105469 0.230324 0.006076 0.011265
0 0.105729 0.230324 0.006076 0.011265
0 0.105990 0.230324 0.006076 0.011265
0 0.106250 0.230324 0.006076 0.011265
0 0.106597 0.228704 0.006424 0.011728
0 0.107075 0.227238 0.006858 0.012191
0 0.107465 0.225926 0.007118 0.012963
0 0.108073 0.224614 0.007292 0.013117
0 0.108420 0.223302 0.007639 0.013889
0 0.108898 0.221836 0.008073 0.014352
0 0.109418 0.220525 0.008073 0.014198
0 0.109896 0.219213 0.008507 0.015278
0 0.110286 0.217670 0.008767 0.015586
0 0.110851 0.216667 0.009028 0.016049
0 0.110851 0.216667 0.009028 0.016049
0 0.111111 0.216975 0.009028 0.016049
0 0.111372 0.216975 0.009028 0.016049
0 0.111632 0.217438 0.009028 0.016049
0 0.111806 0.217438 0.009028 0.016049
0 0.111806 0.217901 0.009028 0.016049
0 0.112066 0.217901 0.009028 0.016049
0 0.112326 0.218364 0.009028 0.016049
0 0.112587 0.218364 0.009028 0.016049
0 0.112847 0.218827 0.009028 0.016049
0 0.112847 0.218827 0.009028 0.016049
0 0.113021 0.219059 0.009028 0.015586
0 0.113281 0.219213 0.009028 0.015278
0 0.113281 0.219444 0.009028 0.014815
0 0.113542 0.219676 0.009028 0.014352
0 0.113802 0.219907 0.009028 0.013889
0 0.113802 0.220139 0.009028 0.013426
0 0.114062 0.220293 0.009028 0.013117
0 0.114323 0.220525 0.009028 0.012654
0 0.114497 0.220988 0.009028 0.012654
0 0.114757 0.220525 0.009028 0.012654
0 0.115017 0.220525 0.009028 0.012654
0 0.115278 0.220525 0.009028 0.012654
0 0.115712 0.220525 0.009028 0.012654
0 0.115972 0.220525 0.009028 0.012654
0 0.116233 0.220062 0.009028 0.012654
0 0.116753 0.220062 0.009028 0.012654
0 0.116927 0.220062 0.009028 0.012654
0 0.117188 0.220062 0.009028 0.012654
0 0.117708 0.220062 0.009028 0.012654
0 0.117969 0.220062 0.009028 0.012654
0 0.118403 0.220525 0.009028 0.012654
0 0.118663 0.220988 0.009028 0.012654
0 0.119184 0.221373 0.009028 0.012500
0 0.119618 0.221836 0.009028 0.012500
0 0.119878 0.222222 0.009028 0.012654
0 0.120399 0.222685 0.009028 0.012654
0 0.120660 0.223148 0.009028 0.012654
0 0.121094 0.223534 0.009028 0.012500
0 0.121615 0.223997 0.009028 0.012500
0 0.121875 0.223534 0.009028 0.012500
0 0.122049 0.223148 0.009028 0.012654
0 0.122309 0.223148 0.009028 0.012654
0 0.122569 0.222685 0.009028 0.012654
0 0.122960 0.222685 0.009288 0.012654
0 0.123220 0.222222 0.009288 0.012654
0 0.123437 0.221836 0.009201 0.012500
0 0.123655 0.221836 0.009288 0.012500
0 0.123915 0.221373 0.009288 0.012500
0 0.124436 0.221373 0.009288 0.012500
0 0.124653 0.221373 0.009201 0.012500
0 0.125130 0.221373 0.009288 0.012500
0 0.125651 0.221373 0.009288 0.012500
0 0.126085 0.221373 0.009288 0.012500
0 0.126606 0.221373 0.009288 0.012500
0 0.126866 0.221373 0.009288 0.012500
0 0.127300 0.221373 0.009288 0.012500
0 0.127821 0.221373 0.009288 0.012500
0 0.128342 0.221373 0.009288 0.012500
0 0.128776 0.221373 0.009288 0.012500
0 0.129036 0.220756 0.009288 0.013117
0 0.129557 0.220293 0.009288 0.013117
0 0.129774 0.219676 0.009201 0.013426
0 0.130252 0.219444 0.009288 0.013889
0 0.130642 0.218750 0.009028 0.014352
0 0.130990 0.218364 0.009201 0.014198
0 0.131337 0.217901 0.009028 0.015123
0 0.131727 0.217438 0.009288 0.015123
0 0.132118 0.216821 0.009028 0.015741
0 0.132552 0.216667 0.009028 0.016049
0 0.132552 0.216204 0.009028 0.016049
0 0.132812 0.216204 0.009028 0.016049
0 0.132812 0.215741 0.009028 0.016049
0 0.133073 0.215741 0.009028 0.016049
0 0.133333 0.215278 0.009028 0.016049
0 0.133333 0.215278 0.009028 0.016049
0 0.133594 0.214815 0.009028 0.016049
0 0.133594 0.214815 0.009028 0.016049
0 0.133767 0.214506 0.009028 0.016049
0 0.134028 0.214506 0.009028 0.016049
0 0.134028 0.214043 0.009028 0.016049
0 0.134288 0.214043 0.009028 0.016049
0 0.134549 0.214043 0.009028 0.016049
0 0.134549 0.213580 0.009028 0.016049
0 0.134809 0.213580 0.009028 0.016049
0 0.134983 0.213580 0.009028 0.016049
0 0.134983 0.213117 0.009028 0.016049
0 0.135243 0.213117 0.009028 0.016049
0 0.135503 0.213117 0.009028 0.016049
0 0.135764 0.213117 0.009028 0.016049
0 0.135764 0.212346 0.009028 0.016049
0 0.136024 0.211883 0.009028 0.016049
0 0.136024 0.211420 0.009028 0.016049
0 0.136285 0.210957 0.009028 0.016049
0 0.136458 0.210494 0.009028 0.016049
0 0.136458 0.210031 0.009028 0.016049
0 0.136719 0.209722 0.009028 0.016049
0 0.136719 0.209259 0.009028 0.016049
0 0.136979 0.208796 0.009028 0.016049
0 0.137240 0.208333 0.009028 0.016049
0 0.136979 0.208333 0.009028 0.016049
0 0.136979 0.208796 0.009028 0.016049
0 0.136719 0.208796 0.009028 0.016049
0 0.136719 0.209259 0.009028 0.016049
0 0.136719 0.209259 0.009028 0.016049
0 0.136458 0.209722 0.009028 0.016049
0 0.136458 0.209722 0.009028 0.016049
0 0.136285 0.210031 0.009028 0.016049
0 0.136285 0.210031 0.009028 0.016049
0 0.136285 0.210494 0.009028 0.016049
0 0.136458 0.210262 0.009028 0.015586
0 0.136719 0.210262 0.009028 0.015586
0 0.136979 0.210262 0.009028 0.015586
0 0.137240 0.210340 0.009028 0.014815
0 0.137587 0.210340 0.009201 0.014815
0 0.137804 0.210340 0.009288 0.014815
0 0.138064 0.210340 0.009288 0.013889
0 0.138325 0.210340 0.009288 0.013889
0 0.138585 0.210340 0.009288 0.013889
0 0.139019 0.210571 0.009288 0.013426
