0 0.157856 0.148765 0.004427 0.014815
0 0.157856 0.148302 0.004427 0.014815
0 0.157856 0.148302 0.004427 0.014815
0 0.157856 0.148302 0.004427 0.014815
0 0.158073 0.148302 0.004340 0.014815
0 0.158073 0.148302 0.004340 0.014815
0 0.158073 0.148302 0.004340 0.014815
0 0.158333 0.148302 0.004340 0.014815
0 0.158333 0.148302 0.004340 0.014815
0 0.158333 0.148302 0.004340 0.014815
0 0.158550 0.148302 0.004427 0.014815
0 0.158420 0.148071 0.004167 0.015278
0 0.158420 0.148071 0.004167 0.015278
0 0.158420 0.148302 0.004167 0.015741
0 0.158420 0.148302 0.004167 0.015741
0 0.158420 0.148457 0.004167 0.016049
0 0.158420 0.148225 0.004167 0.016512
0 0.158420 0.148225 0.004167 0.016512
0 0.158420 0.148457 0.004167 0.016975
0 0.158420 0.148457 0.004167 0.016975
0 0.158420 0.148688 0.004167 0.017438
0 0.158203 0.148688 0.004080 0.017438
0 0.158203 0.148688 0.004080 0.017438
0 0.157986 0.148688 0.004167 0.017438
0 0.157986 0.148688 0.004167 0.017438
0 0.157726 0.149151 0.004167 0.017438
0 0.157726 0.149151 0.004167 0.017438
0 0.157465 0.149151 0.004167 0.017438
0 0.157465 0.149151 0.004167 0.017438
0 0.157205 0.149151 0.004167 0.017438
0 0.157205 0.149614 0.004167 0.017438
0 0.157205 0.149383 0.004167 0.016975
0 0.157205 0.149383 0.004167 0.016975
0 0.157205 0.149383 0.004167 0.016975
0 0.157465 0.149383 0.004167 0.016975
0 0.157465 0.149383 0.004167 0.016975
0 0.157465 0.149383 0.004167 0.016975
0 0.157726 0.149383 0.004167 0.016975
0 0.157726 0.149383 0.004167 0.016975
0 0.157726 0.149383 0.004167 0.016975
0 0.157986 0.149383 0.004167 0.016975
0 0.157986 0.148920 0.004167 0.016975
0 0.158203 0.148920 0.004080 0.016975
0 0.158203 0.148688 0.004080 0.017438
0 0.158420 0.148457 0.004167 0.016975
0 0.158420 0.148457 0.004167 0.016975
0 0.158681 0.148302 0.004167 0.017284
0 0.158681 0.148071 0.004167 0.016821
0 0.158941 0.147840 0.004167 0.017284
0 0.158941 0.147840 0.004167 0.017284
0 0.159201 0.147840 0.004167 0.017284
0 0.159201 0.146142 0.004167 0.017284
0 0.159418 0.144367 0.004080 0.017438
0 0.159418 0.142670 0.004080 0.017438
0 0.159635 0.140895 0.004167 0.017284
0 0.159896 0.139583 0.004167 0.017438
0 0.159896 0.137886 0.004167 0.017438
0 0.160156 0.136111 0.004167 0.017284
0 0.160156 0.134414 0.004167 0.017284
0 0.160417 0.132639 0.004167 0.017438
0 0.160677 0.131327 0.004167 0.017284
0 0.160677 0.131327 0.004167 0.017284
0 0.160894 0.131327 0.004080 0.017284
0 0.161111 0.131790 0.004167 0.017284
0 0.161111 0.131790 0.004167 0.017284
0 0.161372 0.132253 0.004167 0.017284
0 0.161632 0.132253 0.004167 0.017284
0 0.161632 0.132253 0.004167 0.017284
0 0.161892 0.132639 0.004167 0.017438
0 0.162109 0.132639 0.004080 0.017438
0 0.162326 0.133102 0.004167 0.017438
0 0.162326 0.133102 0.004167 0.017438
0 0.162326 0.133102 0.004167 0.017438
0 0.162587 0.133102 0.004167 0.017438
0 0.162587 0.133102 0.004167 0.017438
0 0.162847 0.133102 0.004167 0.017438
0 0.162847 0.133102 0.004167 0.017438
0 0.162847 0.133102 0.004167 0.017438
0 0.163108 0.133102 0.004167 0.017438
0 0.163108 0.133102 0.004167 0.017438
0 0.163325 0.133565 0.004080 0.017438
0 0.163542 0.133565 0.004167 0.017438
0 0.163802 0.133565 0.004167 0.017438
0 0.164062 0.133565 0.004167 0.017438
0 0.164323 0.133565 0.004167 0.017438
0 0.164800 0.133565 0.004080 0.017438
0 0.165017 0.133565 0.004167 0.017438
0 0.165278 0.133565 0.004167 0.017438
0 0.165538 0.133565 0.004167 0.017438
0 0.165799 0.133565 0.004167 0.017438
0 0.166233 0.133565 0.004167 0.017438
0 0.166233 0.133565 0.004167 0.017438
0 0.166493 0.133565 0.004167 0.017438
0 0.166753 0.133565 0.004167 0.017438
0 0.167014 0.133951 0.004167 0.017284
0 0.167231 0.133951 0.004080 0.017284
0 0.167231 0.133951 0.004080 0.017284
0 0.167448 0.134414 0.004167 0.017284
0 0.167708 0.134414 0.004167 0.017284
0 0.167969 0.134414 0.004167 0.017284
0 0.168229 0.134877 0.004167 0.017284
0 0.168446 0.134414 0.004080 0.017284
0 0.168707 0.134414 0.004080 0.017284
0 0.168924 0.134414 0.004167 0.017284
0 0.169184 0.133951 0.004167 0.017284
0 0.169705 0.133951 0.004167 0.017284
0 0.169922 0.133951 0.004080 0.017284
0 0.170139 0.133565 0.004167 0.017438
0 0.170399 0.133565 0.004167 0.017438
0 0.170660 0.133565 0.004167 0.017438
0 0.171137 0.133565 0.004080 0.017438
0 0.171354 0.133565 0.004167 0.017438
0 0.171745 0.133565 0.004427 0.017438
0 0.172135 0.133796 0.004167 0.016975
0 0.172483 0.133951 0.004340 0.017284
0 0.172830 0.134182 0.004167 0.016821
0 0.173220 0.134182 0.004427 0.016821
0 0.173481 0.134414 0.004427 0.017284
0 0.173958 0.134645 0.004340 0.016821
0 0.174175 0.134645 0.004427 0.016821
0 0.174696 0.135031 0.004427 0.016975
0 0.174913 0.134182 0.004340 0.016821
0 0.175391 0.133333 0.004427 0.016975
0 0.175911 0.132407 0.004427 0.016975
0 0.176389 0.132022 0.004340 0.016821
0 0.176866 0.131173 0.004427 0.016975
0 0.177257 0.130247 0.004167 0.016975
0 0.177734 0.129861 0.004080 0.016821
0 0.178212 0.129012 0.004167 0.016975
0 0.178733 0.128086 0.004167 0.016975
0 0.179167 0.127701 0.004167 0.016821
0 0.179427 0.127238 0.004167 0.016821
0 0.179688 0.126852 0.004167 0.016975
0 0.179948 0.126620 0.004167 0.017438
0 0.180165 0.126389 0.004080 0.016975
0 0.180642 0.126157 0.004167 0.017438
0 0.180903 0.125772 0.004167 0.017284
0 0.181163 0.125540 0.004167 0.016821
0 0.181380 0.125309 0.004080 0.017284
0 0.181597 0.124846 0.004167 0.017284
0 0.182118 0.124846 0.004167 0.017284
0 0.182118 0.124460 0.004167 0.017438
0 0.182378 0.124460 0.004167 0.017438
0 0.182378 0.123997 0.004167 0.017438
0 0.182639 0.123997 0.004167 0.017438
0 0.182639 0.123534 0.004167 0.017438
0 0.182856 0.123534 0.004080 0.017438
0 0.182856 0.123148 0.004080 0.017284
0 0.183073 0.123148 0.004167 0.017284
0 0.183073 0.122685 0.004167 0.017284
0 0.183333 0.122685 0.004167 0.017284
0 0.183333 0.122222 0.004167 0.017284
0 0.183333 0.121991 0.004167 0.017747
0 0.183333 0.121836 0.004167 0.017438
0 0.183464 0.121605 0.004427 0.017901
0 0.183464 0.121605 0.004427 0.017901
0 0.183464 0.121219 0.004427 0.017747
0 0.183594 0.120988 0.004687 0.018210
0 0.183594 0.120756 0.004687 0.017747
0 0.183594 0.120525 0.004687 0.018210
0 0.183811 0.120525 0.004601 0.018210
0 0.183811 0.120525 0.004601 0.018210
0 0.183811 0.120525 0.004601 0.018210
0 0.183811 0.120525 0.004601 0.018210
0 0.184071 0.120525 0.004601 0.018210
0 0.184071 0.120525 0.004601 0.018210
0 0.184071 0.120525 0.004601 0.018210
0 0.184332 0.120525 0.004601 0.018210
0 0.184332 0.120525 0.004601 0.018210
0 0.184332 0.120525 0.004601 0.018210
0 0.184549 0.120988 0.004687 0.018210
0 0.184679 0.121219 0.004427 0.017747
0 0.184939 0.121605 0.004427 0.017901
0 0.185156 0.121991 0.004340 0.017747
0 0.185417 0.122454 0.004340 0.017747
0 0.185634 0.122917 0.004427 0.017747
0 0.185894 0.123380 0.004427 0.017747
0 0.186155 0.123765 0.004427 0.017901
0 0.186415 0.124228 0.004427 0.017901
0 0.186632 0.124614 0.004340 0.017747
0 0.186892 0.125309 0.004340 0.017284
