0 0.116970 0.094059 0.002691 0.008796
0 0.116710 0.094059 0.002691 0.008796
0 0.116710 0.094290 0.002691 0.008333
0 0.116450 0.094444 0.002691 0.008642
0 0.116450 0.094676 0.002691 0.008179
0 0.116319 0.094907 0.002431 0.008642
0 0.116233 0.095139 0.002604 0.008179
0 0.116146 0.095139 0.002431 0.008179
0 0.116016 0.095602 0.002691 0.008179
0 0.115885 0.095602 0.002431 0.008179
0 0.115885 0.095988 0.002431 0.008333
0 0.115625 0.095602 0.002431 0.008179
0 0.115365 0.095602 0.002431 0.008179
0 0.115104 0.095602 0.002431 0.008179
0 0.115104 0.095602 0.002431 0.008179
0 0.114887 0.095602 0.002517 0.008179
0 0.114670 0.095370 0.002431 0.008642
0 0.114670 0.095370 0.002431 0.008642
0 0.114410 0.095370 0.002431 0.008642
0 0.114149 0.095370 0.002431 0.008642
0 0.114149 0.095370 0.002431 0.008642
0 0.112674 0.095602 0.002431 0.009105
0 0.111328 0.095833 0.002691 0.009568
0 0.109983 0.096219 0.002951 0.009414
0 0.108550 0.096451 0.002865 0.009877
0 0.107335 0.096836 0.002865 0.010031
0 0.105990 0.097068 0.003125 0.010494
0 0.104514 0.097299 0.003125 0.010957
0 0.103168 0.097762 0.003385 0.010957
0 0.101823 0.097917 0.003646 0.011265
0 0.100608 0.098380 0.003646 0.011265
0 0.099653 0.098380 0.003646 0.011265
0 0.098872 0.098843 0.003646 0.011265
0 0.097917 0.099306 0.003646 0.011265
0 0.097222 0.099306 0.003646 0.011265
0 0.096441 0.099769 0.003646 0.011265
0 0.095486 0.100077 0.003646 0.011265
0 0.094792 0.100077 0.003646 0.011265
0 0.093750 0.100540 0.003646 0.011265
0 0.093056 0.101003 0.003646 0.011265
0 0.092318 0.101466 0.003733 0.011265
0 0.091840 0.101466 0.003646 0.011265
0 0.091319 0.101466 0.003646 0.011265
0 0.090885 0.101466 0.003646 0.011265
0 0.090625 0.101466 0.003646 0.011265
0 0.090104 0.101929 0.003646 0.011265
0 0.089670 0.101929 0.003646 0.011265
0 0.089410 0.101929 0.003646 0.011265
0 0.088889 0.101929 0.003646 0.011265
0 0.088411 0.101929 0.003733 0.011265
0 0.088194 0.102238 0.003646 0.011265
0 0.088064 0.101929 0.003385 0.011265
0 0.088064 0.101929 0.003385 0.011265
0 0.088064 0.101929 0.003385 0.011265
0 0.088064 0.101929 0.003385 0.011265
0 0.088064 0.101929 0.003385 0.011265
0 0.087934 0.101929 0.003125 0.011265
0 0.087934 0.101929 0.003125 0.011265
0 0.087934 0.101929 0.003125 0.011265
0 0.087934 0.101929 0.003125 0.011265
0 0.087934 0.101929 0.003125 0.011265
0 0.087674 0.101929 0.003125 0.011265
0 0.087674 0.101929 0.003125 0.011265
0 0.087457 0.101929 0.003212 0.011265
0 0.087457 0.102238 0.003212 0.011265
0 0.087196 0.102238 0.003212 0.011265
0 0.087196 0.102238 0.003212 0.011265
0 0.086936 0.102701 0.003212 0.011265
0 0.086936 0.102701 0.003212 0.011265
0 0.086719 0.102701 0.003125 0.011265
0 0.086719 0.103164 0.003125 0.011265
0 0.086458 0.103395 0.003125 0.010802
0 0.086458 0.103858 0.003125 0.010802
0 0.086458 0.104012 0.003125 0.010494
0 0.086458 0.104475 0.003125 0.010494
0 0.086458 0.104938 0.003125 0.010494
0 0.086458 0.105170 0.003125 0.010031
0 0.086458 0.105556 0.003125 0.009877
0 0.086458 0.105710 0.003125 0.009568
0 0.086458 0.106173 0.003125 0.009568
0 0.086458 0.106636 0.003125 0.009568
0 0.086241 0.106636 0.003212 0.009568
0 0.085981 0.107099 0.003212 0.009568
0 0.085720 0.107099 0.003212 0.009568
0 0.085720 0.107562 0.003212 0.009568
0 0.085503 0.107562 0.003125 0.009568
0 0.085243 0.107948 0.003125 0.009414
0 0.085243 0.107948 0.003125 0.009414
0 0.084983 0.108333 0.003125 0.009568
0 0.084766 0.108333 0.003212 0.009568
0 0.084766 0.108796 0.003212 0.009568
0 0.084245 0.109259 0.003212 0.009568
0 0.084028 0.109722 0.003125 0.009568
0 0.083767 0.110108 0.003125 0.009414
0 0.083550 0.110494 0.003212 0.009568
0 0.083290 0.111420 0.003212 0.009568
0 0.083030 0.111883 0.003212 0.009568
0 0.082812 0.112346 0.003125 0.009568
0 0.082552 0.112654 0.003125 0.009568
0 0.082335 0.113117 0.003212 0.009568
0 0.082075 0.114043 0.003212 0.009568
0 0.081597 0.114506 0.003125 0.009568
0 0.081337 0.115278 0.003125 0.009568
0 0.081076 0.116204 0.003125 0.009568
0 0.080859 0.117052 0.003212 0.009414
0 0.080599 0.117901 0.003212 0.009568
0 0.080122 0.118827 0.003125 0.009568
0 0.079861 0.119599 0.003125 0.009568
0 0.079644 0.120525 0.003212 0.009568
0 0.079384 0.121451 0.003212 0.009568
0 0.079123 0.122222 0.003212 0.009568
0 0.078559 0.123380 0.002951 0.010031
0 0.078038 0.124460 0.002951 0.010340
0 0.077561 0.125463 0.002865 0.010802
0 0.077083 0.126620 0.002951 0.011265
0 0.076562 0.127855 0.002951 0.011265
0 0.075998 0.129012 0.002691 0.011728
0 0.075477 0.130015 0.002691 0.012191
0 0.074957 0.131173 0.002691 0.012654
0 0.074523 0.132253 0.002691 0.012963
0 0.074002 0.133719 0.002691 0.013426
0 0.073307 0.135108 0.002691 0.013426
0 0.072786 0.136343 0.002691 0.013426
0 0.072309 0.137654 0.002604 0.013580
0 0.071571 0.138966 0.002691 0.013426
0 0.071050 0.140201 0.002691 0.013426
0 0.070616 0.141590 0.002691 0.013426
0 0.069835 0.142824 0.002691 0.013426
0 0.069401 0.144213 0.002691 0.013426
0 0.068880 0.145448 0.002691 0.013426
0 0.068403 0.147145 0.002604 0.013426
0 0.068403 0.147145 0.002604 0.013426
0 0.068403 0.147145 0.002604 0.013426
0 0.068403 0.147145 0.002604 0.013426
0 0.068403 0.147145 0.002604 0.013426
0 0.068403 0.147145 0.002604 0.013426
0 0.068403 0.147145 0.002604 0.013426
0 0.068403 0.147145 0.002604 0.013426
0 0.068403 0.147145 0.002604 0.013426
0 0.068403 0.147145 0.002604 0.013426
0 0.068403 0.147145 0.002604 0.013426
0 0.068403 0.147145 0.002604 0.013426
0 0.068403 0.147145 0.002604 0.013426
0 0.068403 0.147145 0.002604 0.013426
0 0.068403 0.147145 0.002604 0.013426
0 0.068403 0.147145 0.002604 0.013426
0 0.068403 0.147145 0.002604 0.013426
0 0.068403 0.147145 0.002604 0.013426
0 0.068403 0.147145 0.002604 0.013426
0 0.068403 0.147145 0.002604 0.013426
0 0.068403 0.147145 0.002604 0.013426
0 0.068403 0.147145 0.002604 0.013426
0 0.068403 0.147145 0.002604 0.013426
0 0.068403 0.147145 0.002604 0.013426
0 0.068403 0.147145 0.002604 0.013426
0 0.068403 0.147145 0.002604 0.013426
0 0.068403 0.147145 0.002604 0.013426
0 0.068403 0.147145 0.002604 0.013426
0 0.068403 0.147145 0.002604 0.013426
0 0.068403 0.147145 0.002604 0.013426
0 0.068403 0.147145 0.002604 0.013426
0 0.068403 0.147145 0.002604 0.013426
0 0.068403 0.147145 0.002604 0.013426
0 0.068403 0.147145 0.002604 0.013426
0 0.068403 0.147145 0.002604 0.013426
0 0.068403 0.147145 0.002604 0.013426
0 0.068403 0.147145 0.002604 0.013426
0 0.068403 0.147145 0.002604 0.013426
0 0.068403 0.147145 0.002604 0.013426
0 0.068403 0.147145 0.002604 0.013426
0 0.068403 0.147145 0.002604 0.013426
0 0.068403 0.147145 0.002604 0.013426
0 0.068403 0.147145 0.002604 0.013426
0 0.068403 0.147145 0.002604 0.013426
0 0.068403 0.147145 0.002604 0.013426
0 0.068403 0.147145 0.002604 0.013426
0 0.068403 0.147145 0.002604 0.013426
0 0.068403 0.147145 0.002604 0.013426
0 0.068403 0.147145 0.002604 0.013426
0 0.068403 0.147145 0.002604 0.013426
0 0.068403 0.147145 0.002604 0.013426
