0 0.110851 0.108333 0.005556 0.019136
0 0.110851 0.108333 0.005556 0.019136
0 0.110851 0.108333 0.005556 0.019136
0 0.110851 0.108333 0.005556 0.019136
0 0.110851 0.108333 0.005556 0.019136
0 0.110851 0.108333 0.005556 0.019136
0 0.110851 0.108333 0.005556 0.019136
0 0.110851 0.108333 0.005556 0.019136
0 0.110851 0.108333 0.005556 0.019136
0 0.110851 0.108333 0.005556 0.019136
0 0.110851 0.108333 0.005556 0.019136
0 0.110851 0.108333 0.005556 0.019136
0 0.110851 0.108333 0.005556 0.019136
0 0.110851 0.108333 0.005556 0.019136
0 0.110851 0.108333 0.005556 0.019136
0 0.110851 0.108333 0.005556 0.019136
0 0.110851 0.108333 0.005556 0.019136
0 0.110851 0.108333 0.005556 0.019136
0 0.110851 0.108333 0.005556 0.019136
0 0.110851 0.108333 0.005556 0.019136
0 0.110851 0.108333 0.005556 0.019136
0 0.110851 0.108333 0.005556 0.019136
0 0.110851 0.108333 0.005556 0.019136
0 0.110851 0.108333 0.005556 0.019136
0 0.110851 0.108333 0.005556 0.019136
0 0.110851 0.108333 0.005556 0.019136
0 0.110851 0.108333 0.005556 0.019136
0 0.110851 0.108333 0.005556 0.019136
0 0.110851 0.108333 0.005556 0.019136
0 0.110851 0.108333 0.005556 0.019136
0 0.110851 0.108333 0.005556 0.019136
0 0.110851 0.108333 0.005556 0.019136
0 0.110851 0.108333 0.005556 0.019136
0 0.110851 0.108333 0.005556 0.019136
0 0.110851 0.108333 0.005556 0.019136
0 0.110851 0.108333 0.005556 0.019136
0 0.110851 0.108333 0.005556 0.019136
0 0.110851 0.108333 0.005556 0.019136
0 0.110851 0.108333 0.005556 0.019136
0 0.110851 0.108333 0.005556 0.019136
0 0.110851 0.108333 0.005556 0.019136
0 0.110851 0.108333 0.005556 0.019136
0 0.110851 0.108333 0.005556 0.019136
0 0.110851 0.108333 0.005556 0.019136
0 0.110851 0.108333 0.005556 0.019136
0 0.110851 0.108333 0.005556 0.019136
0 0.110851 0.108333 0.005556 0.019136
0 0.110851 0.108333 0.005556 0.019136
0 0.110851 0.108333 0.005556 0.019136
0 0.110851 0.108333 0.005556 0.019136
0 0.110851 0.108333 0.005556 0.019136
0 0.110851 0.108333 0.005556 0.019136
0 0.110851 0.108333 0.005556 0.019136
0 0.110851 0.108333 0.005556 0.019136
0 0.110851 0.108333 0.005556 0.019136
0 0.110851 0.108333 0.005556 0.019136
0 0.110851 0.108333 0.005556 0.019136
0 0.110851 0.108333 0.005556 0.019136
0 0.110851 0.108333 0.005556 0.019136
0 0.110851 0.108333 0.005556 0.019136
0 0.110851 0.108333 0.005556 0.019136
0 0.110851 0.108333 0.005556 0.019136
0 0.110851 0.108333 0.005556 0.019136
0 0.110851 0.108333 0.005556 0.019136
0 0.110851 0.108333 0.005556 0.019136
0 0.110851 0.108333 0.005556 0.019136
0 0.110851 0.108333 0.005556 0.019136
0 0.110851 0.108333 0.005556 0.019136
0 0.110851 0.108333 0.005556 0.019136
0 0.110851 0.108333 0.005556 0.019136
0 0.110851 0.108333 0.005556 0.019136
0 0.106727 0.108102 0.005642 0.018673
0 0.102821 0.108102 0.005642 0.018673
0 0.098915 0.108102 0.005642 0.018673
0 0.094878 0.108333 0.005903 0.018210
0 0.090972 0.108333 0.005903 0.018210
0 0.087066 0.108333 0.005903 0.018210
0 0.083073 0.108565 0.006076 0.017747
0 0.079167 0.108565 0.006076 0.017747
0 0.075260 0.108565 0.006076 0.017747
0 0.071354 0.108796 0.006076 0.017284
0 0.071354 0.109259 0.006076 0.017284
0 0.071571 0.109645 0.006163 0.017438
0 0.071571 0.110108 0.006163 0.017438
0 0.071832 0.110571 0.006163 0.017438
0 0.072049 0.111420 0.006076 0.017284
0 0.072049 0.111883 0.006076 0.017284
0 0.072309 0.112269 0.006076 0.017438
0 0.072309 0.112731 0.006076 0.017438
0 0.072569 0.113117 0.006076 0.017284
0 0.072786 0.114043 0.006163 0.017284
0 0.072786 0.114043 0.006163 0.017284
0 0.072786 0.114043 0.006163 0.017284
0 0.072786 0.114043 0.006163 0.017284
0 0.072786 0.114043 0.006163 0.017284
0 0.072786 0.114043 0.006163 0.017284
0 0.072786 0.114043 0.006163 0.017284
0 0.072786 0.114043 0.006163 0.017284
0 0.072786 0.114043 0.006163 0.017284
0 0.072786 0.114043 0.006163 0.017284
0 0.072786 0.114043 0.006163 0.017284
0 0.072786 0.114043 0.006163 0.017284
0 0.073047 0.114043 0.006163 0.017284
0 0.073047 0.114043 0.006163 0.017284
0 0.073264 0.114043 0.006076 0.017284
0 0.073524 0.114043 0.006076 0.017284
0 0.073524 0.114043 0.006076 0.017284
0 0.073785 0.114043 0.006076 0.017284
0 0.073785 0.114043 0.006076 0.017284
0 0.074045 0.114043 0.006076 0.017284
0 0.074262 0.114429 0.006163 0.017438
0 0.074479 0.114429 0.006076 0.017438
0 0.075000 0.114429 0.006076 0.017438
0 0.075260 0.114429 0.006076 0.017438
0 0.075694 0.114892 0.006076 0.017438
0 0.076215 0.114892 0.006076 0.017438
0 0.076476 0.114892 0.006076 0.017438
0 0.076953 0.115278 0.006163 0.017284
0 0.077170 0.115278 0.006076 0.017284
0 0.077691 0.115278 0.006076 0.017284
0 0.078168 0.115741 0.006163 0.017284
0 0.078906 0.115278 0.006076 0.017284
0 0.079861 0.114892 0.006076 0.017438
0 0.080599 0.114892 0.006163 0.017438
0 0.081597 0.114429 0.006076 0.017438
0 0.082552 0.114429 0.006076 0.017438
0 0.083290 0.114043 0.006163 0.017284
0 0.084288 0.113580 0.006076 0.017284
0 0.084983 0.113580 0.006076 0.017284
0 0.085981 0.113117 0.006163 0.017284
0 0.086979 0.113117 0.006076 0.017284
0 0.087413 0.112886 0.006076 0.017747
0 0.087934 0.112886 0.006076 0.017747
0 0.088542 0.112886 0.005903 0.017747
0 0.089019 0.112886 0.005816 0.017747
0 0.089627 0.112886 0.005642 0.017747
0 0.090148 0.112886 0.005642 0.017747
0 0.090625 0.112886 0.005556 0.017747
0 0.091233 0.112886 0.005382 0.017747
0 0.091710 0.112886 0.005295 0.017747
0 0.092318 0.113117 0.005122 0.018210
0 0.092839 0.112654 0.005122 0.018210
0 0.093533 0.112654 0.005122 0.018210
0 0.094054 0.112654 0.005122 0.018210
0 0.094748 0.112654 0.005122 0.018210
0 0.095530 0.112654 0.005122 0.018210
0 0.095964 0.112346 0.005122 0.018210
0 0.096745 0.112346 0.005122 0.018210
0 0.097179 0.112346 0.005122 0.018210
0 0.097960 0.112346 0.005122 0.018210
0 0.098655 0.112346 0.005122 0.018210
0 0.099436 0.111883 0.005122 0.018210
0 0.100130 0.111883 0.005122 0.018210
0 0.100955 0.111883 0.004861 0.018210
0 0.101736 0.111420 0.004861 0.018210
0 0.102691 0.111420 0.004861 0.018210
0 0.103429 0.111420 0.004948 0.018210
0 0.104167 0.110957 0.004861 0.018210
0 0.104991 0.110957 0.004601 0.018210
0 0.105729 0.110957 0.004687 0.018210
0 0.106727 0.110957 0.004601 0.018210
0 0.106944 0.110494 0.004687 0.018210
0 0.107205 0.110494 0.004687 0.018210
0 0.107682 0.110494 0.004601 0.018210
0 0.107943 0.110494 0.004601 0.018210
0 0.108420 0.110494 0.004687 0.018210
0 0.108681 0.110108 0.004687 0.018364
0 0.108898 0.110108 0.004601 0.018364
0 0.109418 0.110108 0.004601 0.018364
0 0.109635 0.110108 0.004687 0.018364
0 0.110113 0.110108 0.004601 0.018364
0 0.110113 0.109722 0.004601 0.018210
0 0.110113 0.109722 0.004601 0.018210
0 0.110243 0.109491 0.004861 0.018673
0 0.110243 0.109259 0.004861 0.018210
0 0.110243 0.109259 0.004861 0.018210
0 0.110373 0.109028 0.005122 0.018673
0 0.110373 0.109028 0.005122 0.018673
0 0.110373 0.108796 0.005122 0.018210
0 0.110503 0.108565 0.005382 0.018673
0 0.110503 0.108565 0.005382 0.018673
