0 0.168099 0.148765 0.006337 0.019136
0 0.167839 0.148765 0.006337 0.019136
0 0.167839 0.148765 0.006337 0.019136
0 0.167578 0.148765 0.006337 0.019136
0 0.167578 0.148765 0.006337 0.019136
0 0.167578 0.148765 0.006337 0.019136
0 0.167318 0.148765 0.006337 0.019136
0 0.167318 0.148765 0.006337 0.019136
0 0.167144 0.148765 0.006337 0.019136
0 0.167144 0.148765 0.006337 0.019136
0 0.167144 0.148765 0.006337 0.019136
0 0.167144 0.148765 0.006337 0.019136
0 0.167144 0.148765 0.006337 0.019136
0 0.167144 0.148765 0.006337 0.019136
0 0.167144 0.148765 0.006337 0.019136
0 0.167144 0.148765 0.006337 0.019136
0 0.167144 0.148765 0.006337 0.019136
0 0.167144 0.148765 0.006337 0.019136
0 0.167144 0.148765 0.006337 0.019136
0 0.167144 0.148765 0.006337 0.019136
0 0.167144 0.148765 0.006337 0.019136
0 0.167144 0.148765 0.006337 0.019136
0 0.167144 0.148765 0.006337 0.019136
0 0.167144 0.148765 0.006337 0.019136
0 0.167144 0.148765 0.006337 0.019136
0 0.167144 0.148765 0.006337 0.019136
0 0.167144 0.148765 0.006337 0.019136
0 0.167144 0.148765 0.006337 0.019136
0 0.167144 0.148765 0.006337 0.019136
0 0.167144 0.148765 0.006337 0.019136
0 0.167144 0.148765 0.006337 0.019136
0 0.167144 0.148302 0.006337 0.019136
0 0.167144 0.148302 0.006337 0.019136
0 0.167144 0.148302 0.006337 0.019136
0 0.167318 0.148302 0.006337 0.019136
0 0.167318 0.148302 0.006337 0.019136
0 0.167318 0.148302 0.006337 0.019136
0 0.167578 0.148302 0.006337 0.019136
0 0.167578 0.148302 0.006337 0.019136
0 0.167578 0.148302 0.006337 0.019136
0 0.167839 0.148302 0.006337 0.019136
0 0.168099 0.148302 0.006337 0.019136
0 0.168359 0.148302 0.006337 0.019136
0 0.168576 0.148302 0.006424 0.019136
0 0.168793 0.148302 0.006337 0.019136
0 0.169314 0.148302 0.006337 0.019136
0 0.169575 0.148302 0.006337 0.019136
0 0.169835 0.148302 0.006337 0.019136
0 0.170009 0.148302 0.006337 0.019136
0 0.170269 0.148302 0.006337 0.019136
0 0.170790 0.148302 0.006337 0.019136
0 0.171484 0.148302 0.006337 0.019136
0 0.172266 0.148302 0.006337 0.019136
0 0.173220 0.148765 0.006337 0.019136
0 0.173915 0.148765 0.006337 0.019136
0 0.174957 0.149151 0.006337 0.018981
0 0.175651 0.149151 0.006337 0.018981
0 0.176345 0.149151 0.006337 0.018981
0 0.177387 0.149537 0.006337 0.019136
0 0.178082 0.149537 0.006337 0.019136
0 0.179036 0.150000 0.006337 0.019136
0 0.179036 0.150000 0.006337 0.019136
0 0.179297 0.150000 0.006337 0.019136
0 0.179557 0.150000 0.006337 0.019136
0 0.179818 0.150000 0.006337 0.019136
0 0.180078 0.150000 0.006337 0.019136
0 0.180078 0.150000 0.006337 0.019136
0 0.180252 0.150000 0.006337 0.019136
0 0.180512 0.150000 0.006337 0.019136
0 0.180773 0.150000 0.006337 0.019136
0 0.181033 0.150463 0.006337 0.019136
0 0.181033 0.150000 0.006337 0.019136
0 0.181293 0.150000 0.006337 0.019136
0 0.181510 0.150000 0.006424 0.019136
0 0.181727 0.150000 0.006337 0.019136
0 0.181988 0.150000 0.006337 0.019136
0 0.182248 0.149537 0.006337 0.019136
0 0.182509 0.149537 0.006337 0.019136
0 0.182726 0.149537 0.006424 0.019136
0 0.182943 0.149537 0.006337 0.019136
0 0.183203 0.149537 0.006337 0.019136
0 0.183203 0.149537 0.006337 0.019136
0 0.183203 0.149537 0.006337 0.019136
0 0.183203 0.149537 0.006337 0.019136
0 0.183203 0.149537 0.006337 0.019136
0 0.183203 0.149537 0.006337 0.019136
0 0.183203 0.149537 0.006337 0.019136
0 0.183203 0.149537 0.006337 0.019136
0 0.183203 0.149537 0.006337 0.019136
0 0.183203 0.149537 0.006337 0.019136
0 0.183203 0.149537 0.006337 0.019136
0 0.183203 0.149151 0.006337 0.018981
0 0.183464 0.149151 0.006337 0.018981
0 0.183724 0.148765 0.006337 0.019136
0 0.183984 0.148765 0.006337 0.019136
0 0.184158 0.148765 0.006337 0.019136
0 0.184158 0.148302 0.006337 0.019136
0 0.184418 0.148302 0.006337 0.019136
0 0.184679 0.147840 0.006337 0.019136
0 0.184939 0.147840 0.006337 0.019136
0 0.185200 0.147840 0.006337 0.019136
0 0.185200 0.147840 0.006337 0.019136
0 0.185200 0.147840 0.006337 0.019136
0 0.185200 0.147840 0.006337 0.019136
0 0.185200 0.147840 0.006337 0.019136
0 0.185200 0.147840 0.006337 0.019136
0 0.185200 0.147840 0.006337 0.019136
0 0.185200 0.147840 0.006337 0.019136
0 0.185200 0.147840 0.006337 0.019136
0 0.185200 0.147840 0.006337 0.019136
0 0.185200 0.147840 0.006337 0.019136
0 0.184418 0.147840 0.006337 0.019136
0 0.183984 0.147840 0.006337 0.019136
0 0.183464 0.147840 0.006337 0.019136
0 0.182943 0.147840 0.006337 0.019136
0 0.182509 0.148302 0.006337 0.019136
0 0.181988 0.148302 0.006337 0.019136
0 0.181510 0.148302 0.006424 0.019136
0 0.181033 0.148302 0.006337 0.019136
0 0.180512 0.148302 0.006337 0.019136
0 0.180078 0.148765 0.006337 0.019136
0 0.179818 0.148765 0.006337 0.019136
0 0.179557 0.148765 0.006337 0.019136
0 0.179297 0.148765 0.006337 0.019136
0 0.179297 0.148765 0.006337 0.019136
0 0.179036 0.148765 0.006337 0.019136
0 0.178863 0.148765 0.006337 0.019136
0 0.178863 0.148765 0.006337 0.019136
0 0.178602 0.148765 0.006337 0.019136
0 0.178342 0.148765 0.006337 0.019136
0 0.178342 0.149151 0.006337 0.018981
0 0.177821 0.149151 0.006337 0.018981
0 0.177387 0.149151 0.006337 0.018981
0 0.177127 0.149151 0.006337 0.018981
0 0.176606 0.149151 0.006337 0.018981
0 0.176345 0.149537 0.006337 0.019136
0 0.175911 0.149537 0.006337 0.019136
0 0.175391 0.149537 0.006337 0.019136
0 0.175130 0.149537 0.006337 0.019136
0 0.174696 0.149537 0.006337 0.019136
0 0.174436 0.150000 0.006337 0.019136
0 0.174175 0.149537 0.006337 0.019136
0 0.173915 0.149537 0.006337 0.019136
0 0.173698 0.149537 0.006424 0.019136
0 0.173481 0.149537 0.006337 0.019136
0 0.173220 0.149537 0.006337 0.019136
0 0.172960 0.149537 0.006337 0.019136
0 0.172700 0.149537 0.006337 0.019136
0 0.172483 0.149537 0.006424 0.019136
0 0.172266 0.149537 0.006337 0.019136
0 0.172266 0.149537 0.006337 0.019136
0 0.171745 0.149537 0.006337 0.019136
0 0.171484 0.149537 0.006337 0.019136
0 0.171050 0.150000 0.006337 0.019136
0 0.170790 0.150000 0.006337 0.019136
0 0.170530 0.150463 0.006337 0.019136
0 0.170009 0.150463 0.006337 0.019136
0 0.169835 0.150463 0.006337 0.019136
0 0.169314 0.150926 0.006337 0.019136
0 0.169054 0.150926 0.006337 0.019136
0 0.168793 0.151312 0.006337 0.018981
0 0.168576 0.151775 0.006424 0.018981
0 0.168359 0.152160 0.006337 0.019136
0 0.168099 0.152623 0.006337 0.019136
0 0.167839 0.153086 0.006337 0.019136
0 0.167578 0.153472 0.006337 0.018981
0 0.167318 0.153935 0.006337 0.018981
0 0.167144 0.154321 0.006337 0.019136
0 0.166884 0.154784 0.006337 0.019136
0 0.166623 0.155247 0.006337 0.019136
0 0.166623 0.155710 0.006337 0.019136
0 0.166363 0.156096 0.006337 0.018981
0 0.166102 0.156481 0.006337 0.019136
0 0.165929 0.156944 0.006337 0.019136
0 0.165929 0.157870 0.006337 0.019136
0 0.165668 0.158256 0.006337 0.018981
0 0.165408 0.158719 0.006337 0.018981
0 0.165148 0.159105 0.006337 0.019136
0 0.165148 0.160031 0.006337 0.019136
0 0.164887 0.160417 0.006337 0.018981
0 0.164670 0.160880 0.006424 0.018981
