0 0.122830 0.089275 0.007118 0.024228
0 0.122830 0.088812 0.007118 0.024228
0 0.122830 0.088426 0.007118 0.024383
0 0.122830 0.088426 0.007118 0.024383
0 0.122830 0.087963 0.007118 0.024383
0 0.122830 0.087963 0.007118 0.024383
0 0.122830 0.087577 0.007118 0.024228
0 0.122830 0.087114 0.007118 0.024228
0 0.122830 0.087114 0.007118 0.024228
0 0.122830 0.086651 0.007118 0.024228
0 0.123047 0.086651 0.007031 0.024228
0 0.123047 0.088426 0.007031 0.024383
0 0.123047 0.090586 0.007031 0.024383
0 0.123047 0.092747 0.007031 0.024383
0 0.123307 0.094522 0.007031 0.024228
0 0.123307 0.096682 0.007031 0.024228
0 0.123307 0.098843 0.007031 0.024228
0 0.123568 0.100540 0.007031 0.024228
0 0.123568 0.102701 0.007031 0.024228
0 0.123568 0.104938 0.007031 0.024383
0 0.123785 0.107099 0.007118 0.024383
0 0.123915 0.107948 0.006858 0.024228
0 0.124045 0.108796 0.006597 0.024383
0 0.124175 0.109645 0.006337 0.024228
0 0.124436 0.110571 0.006337 0.024228
0 0.124523 0.111651 0.006163 0.023920
0 0.124653 0.112500 0.005903 0.023765
0 0.124913 0.113349 0.005903 0.023920
0 0.125043 0.114275 0.005642 0.023920
0 0.125174 0.115123 0.005382 0.023765
0 0.125477 0.116435 0.005122 0.023920
0 0.125477 0.115972 0.005122 0.023920
0 0.125477 0.115509 0.005122 0.023920
0 0.125477 0.115123 0.005122 0.023765
0 0.125477 0.114660 0.005122 0.023765
0 0.125477 0.114275 0.005122 0.023920
0 0.125477 0.113812 0.005122 0.023920
0 0.125477 0.113349 0.005122 0.023920
0 0.125477 0.112886 0.005122 0.023920
0 0.125477 0.112500 0.005122 0.023765
0 0.125477 0.112037 0.005122 0.023765
0 0.125477 0.111651 0.005122 0.023920
0 0.125477 0.111651 0.005122 0.023920
0 0.125477 0.111420 0.005122 0.023457
0 0.125477 0.111188 0.005122 0.023920
0 0.125608 0.111188 0.005382 0.023920
0 0.125608 0.110957 0.005382 0.023457
0 0.125608 0.110725 0.005382 0.023920
0 0.125608 0.110494 0.005382 0.023457
0 0.125608 0.110494 0.005382 0.023457
0 0.125738 0.110494 0.005642 0.023457
0 0.125738 0.110108 0.005642 0.023302
0 0.125738 0.109722 0.005642 0.023457
0 0.125738 0.109259 0.005642 0.023457
0 0.125738 0.108796 0.005642 0.023457
0 0.125868 0.108796 0.005903 0.023457
0 0.125868 0.108333 0.005903 0.023457
0 0.125868 0.107948 0.005903 0.023302
0 0.125868 0.107562 0.005903 0.023457
0 0.125868 0.107099 0.005903 0.023457
0 0.125998 0.107099 0.006163 0.023457
0 0.125998 0.106636 0.006163 0.023457
0 0.125998 0.106636 0.006163 0.023457
0 0.125998 0.106636 0.006163 0.023457
0 0.125998 0.106636 0.006163 0.023457
0 0.125998 0.106636 0.006163 0.023457
0 0.125998 0.106173 0.006163 0.023457
0 0.125998 0.106173 0.006163 0.023457
0 0.125998 0.106173 0.006163 0.023457
0 0.125998 0.106173 0.006163 0.023457
0 0.125998 0.106173 0.006163 0.023457
0 0.125998 0.106173 0.006163 0.023457
0 0.125998 0.106173 0.006163 0.023457
0 0.125998 0.106636 0.006163 0.023457
0 0.125998 0.106636 0.006163 0.023457
0 0.126215 0.107099 0.006076 0.023457
0 0.126215 0.107099 0.006076 0.023457
0 0.126215 0.107099 0.006076 0.023457
0 0.126215 0.107562 0.006076 0.023457
0 0.126215 0.107562 0.006076 0.023457
0 0.126476 0.107948 0.006076 0.023302
0 0.126476 0.108333 0.006076 0.023457
0 0.126476 0.108796 0.006076 0.023457
0 0.126736 0.109259 0.006076 0.023457
0 0.126736 0.110108 0.006076 0.023302
0 0.126997 0.110494 0.006076 0.023457
0 0.126997 0.110957 0.006076 0.023457
0 0.126997 0.111883 0.006076 0.023457
0 0.127214 0.112269 0.006163 0.023302
0 0.127214 0.112654 0.006163 0.023457
0 0.127431 0.113580 0.006076 0.023457
0 0.127431 0.113349 0.006076 0.022994
0 0.127431 0.113349 0.006076 0.022994
0 0.127431 0.113117 0.006076 0.022531
0 0.127431 0.113117 0.006076 0.022531
0 0.127431 0.113117 0.006076 0.022531
0 0.127431 0.112886 0.006076 0.022068
0 0.127431 0.112886 0.006076 0.022068
0 0.127431 0.112731 0.006076 0.021759
0 0.127431 0.112731 0.006076 0.021759
0 0.127431 0.112731 0.006076 0.021759
0 0.127214 0.112269 0.006163 0.021759
0 0.127214 0.111806 0.006163 0.021759
0 0.127214 0.111420 0.006163 0.021605
0 0.127214 0.110957 0.006163 0.021605
0 0.127214 0.110957 0.006163 0.021605
0 0.126997 0.110571 0.006076 0.021759
0 0.126997 0.110108 0.006076 0.021759
0 0.126997 0.109645 0.006076 0.021759
0 0.126997 0.109259 0.006076 0.021605
0 0.126997 0.109259 0.006076 0.021605
0 0.126736 0.108796 0.006076 0.021605
0 0.126476 0.108410 0.006076 0.021759
0 0.126476 0.107948 0.006076 0.021759
0 0.126215 0.107485 0.006076 0.021759
0 0.126215 0.107099 0.006076 0.021605
0 0.125998 0.106636 0.006163 0.021605
0 0.125738 0.106250 0.006163 0.021759
0 0.125738 0.105787 0.006163 0.021759
0 0.125521 0.105324 0.006076 0.021759
0 0.125521 0.104938 0.006076 0.021605
0 0.125000 0.104475 0.006076 0.021605
0 0.124783 0.104012 0.006163 0.021605
0 0.124523 0.103627 0.006163 0.021759
0 0.124045 0.103164 0.006076 0.021759
0 0.123785 0.102701 0.006076 0.021759
0 0.123524 0.102315 0.006076 0.021605
0 0.123090 0.101852 0.006076 0.021605
0 0.122830 0.101466 0.006076 0.021759
0 0.122569 0.101003 0.006076 0.021759
0 0.122309 0.101003 0.006076 0.021759
0 0.121615 0.100154 0.006076 0.021605
0 0.121094 0.099691 0.006076 0.021605
0 0.120616 0.099306 0.006163 0.021759
0 0.120139 0.098843 0.006076 0.021759
0 0.119618 0.098380 0.006076 0.021759
0 0.118924 0.097531 0.006076 0.021605
0 0.118403 0.097068 0.006076 0.021605
0 0.117969 0.096682 0.006076 0.021759
0 0.117448 0.096219 0.006076 0.021759
0 0.116970 0.095756 0.006163 0.021759
0 0.116970 0.095756 0.006163 0.021759
0 0.116970 0.095756 0.006163 0.021759
0 0.116970 0.095756 0.006163 0.021759
0 0.116970 0.095756 0.006163 0.021759
0 0.116970 0.095756 0.006163 0.021759
0 0.116970 0.095756 0.006163 0.021759
0 0.116970 0.095756 0.006163 0.021759
0 0.116970 0.095756 0.006163 0.021759
0 0.116970 0.095756 0.006163 0.021759
0 0.116970 0.095756 0.006163 0.021759
0 0.116970 0.094907 0.006163 0.021605
0 0.117188 0.094059 0.006076 0.021759
0 0.117448 0.093210 0.006076 0.021605
0 0.117448 0.092747 0.006076 0.021605
0 0.117708 0.091898 0.006076 0.021759
0 0.117969 0.091049 0.006076 0.021605
0 0.117969 0.090586 0.006076 0.021605
0 0.118186 0.089738 0.006163 0.021759
0 0.118403 0.088889 0.006076 0.021605
0 0.118663 0.088426 0.006076 0.021605
0 0.118663 0.087577 0.006076 0.021759
0 0.118663 0.087114 0.006076 0.021759
0 0.118663 0.086265 0.006076 0.021605
0 0.118924 0.085802 0.006076 0.021605
0 0.118924 0.085185 0.006076 0.021296
0 0.118924 0.084491 0.006076 0.021759
0 0.119184 0.083873 0.006076 0.021142
0 0.119184 0.083256 0.006076 0.021759
0 0.119184 0.082562 0.006076 0.021296
0 0.119401 0.082099 0.006163 0.021296
0 0.119401 0.081713 0.006163 0.021142
0 0.119401 0.081481 0.006163 0.020679
0 0.119401 0.081096 0.006163 0.020833
0 0.119401 0.080864 0.006163 0.020370
0 0.119401 0.080401 0.006163 0.020370
0 0.119401 0.080401 0.006163 0.020370
0 0.119401 0.079938 0.006163 0.020370
0 0.119401 0.079707 0.006163 0.019907
0 0.119401 0.079321 0.006163 0.020062
0 0.119401 0.079090 0.006163 0.019599
