0 0.168793 0.214198 0.006858 0.013889
0 0.168793 0.215355 0.006858 0.013426
0 0.169054 0.216590 0.006858 0.013426
0 0.169184 0.217978 0.006597 0.013426
0 0.169314 0.219213 0.006858 0.013426
0 0.169444 0.220525 0.006597 0.013580
0 0.169705 0.221605 0.006597 0.012963
0 0.169705 0.222917 0.006597 0.013117
0 0.169922 0.224228 0.006510 0.012963
0 0.170009 0.225463 0.006337 0.012963
0 0.170269 0.226852 0.006337 0.012963
0 0.170530 0.228086 0.006337 0.012963
0 0.170920 0.229398 0.006597 0.013117
0 0.171137 0.230710 0.006510 0.012963
0 0.171615 0.232176 0.006597 0.013426
0 0.172005 0.233796 0.006858 0.012963
0 0.172266 0.235031 0.006858 0.012963
0 0.172700 0.236574 0.006858 0.013580
0 0.172960 0.237886 0.006858 0.013426
0 0.173351 0.239120 0.007118 0.013426
0 0.173828 0.240972 0.007031 0.013426
0 0.174045 0.242207 0.007118 0.013426
0 0.174436 0.243750 0.006858 0.013117
0 0.174783 0.245293 0.007031 0.013426
0 0.175174 0.246759 0.006771 0.012963
0 0.175651 0.248225 0.006858 0.013426
0 0.175911 0.249846 0.006858 0.012963
0 0.176259 0.251080 0.006510 0.012963
0 0.176606 0.252855 0.006858 0.013117
0 0.176997 0.254167 0.006597 0.012963
0 0.177517 0.255864 0.006597 0.012963
0 0.177821 0.257176 0.006858 0.013117
0 0.178342 0.258951 0.006858 0.012963
0 0.178819 0.260648 0.006771 0.012963
0 0.179210 0.262346 0.007031 0.012963
0 0.179688 0.264120 0.007118 0.013117
0 0.180165 0.265432 0.007031 0.012963
0 0.180556 0.267130 0.007292 0.012963
0 0.181033 0.268904 0.007378 0.013117
0 0.181510 0.270602 0.007292 0.013117
0 0.181988 0.272377 0.007378 0.012963
0 0.182335 0.273611 0.007552 0.012963
0 0.182856 0.275000 0.007552 0.012963
0 0.183333 0.276466 0.007639 0.013426
0 0.183811 0.278009 0.007552 0.013117
0 0.184462 0.279552 0.007812 0.013426
0 0.184896 0.280787 0.007812 0.013426
0 0.185417 0.282330 0.007812 0.013117
0 0.185938 0.283873 0.007812 0.013426
0 0.186372 0.285108 0.007812 0.013426
0 0.187023 0.286883 0.008073 0.013580
0 0.187457 0.288194 0.008073 0.013426
0 0.187977 0.289506 0.008073 0.013580
0 0.188455 0.290818 0.007986 0.013426
0 0.188932 0.292052 0.008073 0.013426
0 0.189583 0.293827 0.007812 0.013580
0 0.190017 0.295139 0.007812 0.013426
0 0.190538 0.296373 0.007812 0.013426
0 0.191059 0.297762 0.007812 0.013426
0 0.191493 0.298997 0.007812 0.013426
0 0.192144 0.300772 0.007552 0.013580
0 0.192839 0.302083 0.007552 0.013426
0 0.193620 0.303781 0.007552 0.013426
0 0.194314 0.305556 0.007552 0.013580
0 0.195269 0.307330 0.007552 0.013426
0 0.196050 0.309028 0.007552 0.013426
0 0.196745 0.310725 0.007552 0.013426
0 0.197700 0.312423 0.007552 0.013426
0 0.198481 0.314275 0.007552 0.013426
0 0.199175 0.315972 0.007552 0.013426
0 0.200174 0.317670 0.007639 0.013426
0 0.201042 0.318596 0.007292 0.012500
0 0.201866 0.319676 0.007031 0.011265
0 0.202995 0.320756 0.006858 0.010031
0 0.203819 0.321528 0.006597 0.009105
0 0.204905 0.322917 0.006337 0.008179
0 0.205816 0.323997 0.006076 0.006944
0 0.206641 0.324846 0.005816 0.006173
0 0.207769 0.326003 0.005642 0.004784
0 0.208594 0.327006 0.005382 0.003395
0 0.209679 0.328318 0.005122 0.002623
0 0.209679 0.328318 0.005122 0.002623
0 0.209679 0.328318 0.005122 0.002623
0 0.209679 0.328318 0.005122 0.002623
0 0.209679 0.328318 0.005122 0.002623
0 0.209679 0.328318 0.005122 0.002623
0 0.209679 0.328318 0.005122 0.002623
0 0.209679 0.328318 0.005122 0.002623
0 0.209679 0.328318 0.005122 0.002623
0 0.209679 0.328318 0.005122 0.002623
0 0.209679 0.328318 0.005122 0.002623
0 0.209679 0.328318 0.005122 0.002623
0 0.209679 0.328318 0.005122 0.002623
0 0.209679 0.328318 0.005122 0.002623
0 0.209679 0.328318 0.005122 0.002623
0 0.209679 0.328318 0.005122 0.002623
0 0.209679 0.328318 0.005122 0.002623
0 0.209679 0.328318 0.005122 0.002623
0 0.209679 0.328318 0.005122 0.002623
0 0.209679 0.328318 0.005122 0.002623
0 0.209679 0.328318 0.005122 0.002623
0 0.211024 0.324846 0.005382 0.003395
0 0.212630 0.321528 0.005642 0.004784
0 0.214062 0.318364 0.006076 0.005247
0 0.215668 0.315123 0.006337 0.006481
0 0.217144 0.311806 0.006858 0.006944
0 0.218620 0.308565 0.006858 0.008179
0 0.220052 0.305170 0.007292 0.009105
0 0.221658 0.302083 0.007552 0.010031
0 0.223134 0.298611 0.008073 0.010802
0 0.224696 0.295525 0.008247 0.011728
0 0.224957 0.292130 0.008247 0.011728
0 0.225434 0.288580 0.008333 0.011728
0 0.225911 0.285185 0.008247 0.011728
0 0.226389 0.281636 0.008333 0.011728
0 0.226910 0.278241 0.008333 0.011728
0 0.227387 0.274691 0.008247 0.011728
0 0.227865 0.271296 0.008333 0.011728
0 0.228385 0.267747 0.008333 0.011728
0 0.228863 0.264352 0.008247 0.011728
0 0.229340 0.261265 0.008333 0.011728
0 0.230078 0.261728 0.008247 0.011728
0 0.230816 0.262654 0.008333 0.011728
0 0.231510 0.263426 0.008333 0.011728
0 0.232509 0.264352 0.008247 0.011728
0 0.233247 0.265201 0.008333 0.011574
0 0.233984 0.265586 0.008247 0.011728
0 0.234939 0.266512 0.008247 0.011728
0 0.235677 0.267438 0.008333 0.011728
0 0.236415 0.268210 0.008247 0.011728
0 0.237413 0.269136 0.008333 0.011728
0 0.238108 0.269907 0.008333 0.011728
0 0.239106 0.270833 0.008247 0.011728
0 0.239844 0.271759 0.008333 0.011728
0 0.240799 0.272531 0.008333 0.011728
0 0.241667 0.273688 0.008507 0.011265
0 0.242535 0.274460 0.008333 0.011265
0 0.243359 0.275386 0.008594 0.011265
0 0.244227 0.276312 0.008247 0.011265
0 0.245052 0.277083 0.008507 0.011265
0 0.246050 0.278472 0.008594 0.011265
0 0.246181 0.278009 0.008854 0.011265
0 0.246528 0.278009 0.009028 0.011265
0 0.246788 0.277778 0.009549 0.010802
0 0.247049 0.277546 0.009549 0.011265
0 0.247266 0.277546 0.009983 0.011265
0 0.247656 0.277315 0.010243 0.010802
0 0.247786 0.277083 0.010503 0.011265
0 0.248134 0.276929 0.010677 0.010957
0 0.248394 0.276929 0.011198 0.010957
0 0.248741 0.276929 0.011545 0.010957
0 0.248741 0.276080 0.011545 0.010802
0 0.248741 0.275617 0.011545 0.010802
0 0.248958 0.274923 0.011458 0.011265
0 0.248958 0.274306 0.011458 0.010957
0 0.249219 0.273920 0.011458 0.010802
0 0.249219 0.273225 0.011458 0.011265
0 0.249219 0.272531 0.011458 0.010802
0 0.249479 0.271991 0.011458 0.011265
0 0.249479 0.271528 0.011458 0.011265
0 0.249740 0.271065 0.011458 0.011265
0 0.249826 0.271065 0.011285 0.011265
0 0.250087 0.271528 0.011285 0.011265
0 0.250347 0.271528 0.010764 0.011265
0 0.250564 0.271991 0.010677 0.011265
0 0.250911 0.272299 0.010503 0.011265
0 0.251042 0.272299 0.010243 0.011265
0 0.251302 0.272762 0.010243 0.011265
0 0.251562 0.272762 0.009722 0.011265
0 0.251780 0.273225 0.009809 0.011265
0 0.252170 0.273688 0.009549 0.011265
0 0.252040 0.273688 0.009288 0.011265
0 0.252040 0.273688 0.009288 0.011265
0 0.252040 0.273688 0.009288 0.011265
0 0.252040 0.273688 0.009288 0.011265
0 0.252040 0.273688 0.009288 0.011265
0 0.252040 0.273688 0.009288 0.011265
0 0.252040 0.273688 0.009288 0.011265
0 0.252040 0.273688 0.009288 0.011265
0 0.252040 0.273688 0.009288 0.011265
0 0.252040 0.273920 0.009288 0.011728
