0 0.312587 0.109722 0.007812 0.023457
0 0.281207 0.098611 0.007031 0.021296
0 0.250043 0.087577 0.006337 0.018981
0 0.218837 0.076929 0.005903 0.016821
0 0.187587 0.065895 0.004861 0.014815
0 0.156380 0.055247 0.004427 0.012654
0 0.125260 0.044213 0.003646 0.010340
0 0.093924 0.033102 0.002951 0.008179
0 0.062804 0.022454 0.002170 0.006019
0 0.031554 0.011420 0.001649 0.004012
0 0.000477 0.000849 0.000955 0.001698
0 0.000477 0.000849 0.000955 0.001698
0 0.000477 0.000849 0.000955 0.001698
0 0.000477 0.000849 0.000955 0.001698
0 0.000477 0.000849 0.000955 0.001698
0 0.000477 0.000849 0.000955 0.001698
0 0.000477 0.000849 0.000955 0.001698
0 0.000477 0.000849 0.000955 0.001698
0 0.000477 0.000849 0.000955 0.001698
0 0.000477 0.000849 0.000955 0.001698
0 0.000477 0.000849 0.000955 0.001698
0 0.000477 0.000849 0.000955 0.001698
0 0.000477 0.000849 0.000955 0.001698
0 0.000477 0.000849 0.000955 0.001698
0 0.000477 0.000849 0.000955 0.001698
0 0.000477 0.000849 0.000955 0.001698
0 0.000477 0.000849 0.000955 0.001698
0 0.000477 0.000849 0.000955 0.001698
0 0.000477 0.000849 0.000955 0.001698
0 0.000477 0.000849 0.000955 0.001698
0 0.000477 0.000849 0.000955 0.001698
0 0.000477 0.000849 0.000955 0.001698
0 0.000477 0.000849 0.000955 0.001698
0 0.000477 0.000849 0.000955 0.001698
0 0.000477 0.000849 0.000955 0.001698
0 0.000477 0.000849 0.000955 0.001698
0 0.000477 0.000849 0.000955 0.001698
0 0.000477 0.000849 0.000955 0.001698
0 0.000477 0.000849 0.000955 0.001698
0 0.000477 0.000849 0.000955 0.001698
0 0.000477 0.000849 0.000955 0.001698
0 0.031554 0.011420 0.001649 0.004012
0 0.062804 0.022454 0.002170 0.006019
0 0.093924 0.033333 0.002951 0.008642
0 0.125130 0.044213 0.003385 0.010340
0 0.156380 0.055247 0.004427 0.012654
0 0.187587 0.066049 0.004861 0.015123
0 0.218707 0.076929 0.005642 0.016821
0 0.249957 0.087809 0.006163 0.019444
0 0.281076 0.098843 0.006771 0.021759
0 0.312457 0.109877 0.007552 0.023765
0 0.309505 0.108179 0.007552 0.023765
0 0.306814 0.106867 0.007552 0.023920
0 0.304123 0.105556 0.007552 0.023765
0 0.301432 0.104012 0.007552 0.024383
0 0.298741 0.102701 0.007552 0.024228
0 0.296050 0.101235 0.007552 0.023765
0 0.293359 0.099691 0.007552 0.024383
0 0.290712 0.098380 0.007639 0.024228
0 0.288021 0.097068 0.007639 0.024383
0 0.285373 0.095756 0.007552 0.024228
0 0.282899 0.094522 0.007639 0.024228
0 0.280425 0.093596 0.007552 0.024228
0 0.277995 0.092747 0.007552 0.024383
0 0.275564 0.091898 0.007552 0.024228
0 0.273134 0.091049 0.007552 0.024383
0 0.270703 0.089738 0.007552 0.024228
0 0.268273 0.088812 0.007552 0.024228
0 0.265842 0.087963 0.007552 0.024383
0 0.263411 0.087114 0.007552 0.024228
0 0.260937 0.086265 0.007639 0.024383
0 0.258464 0.085185 0.007552 0.023765
0 0.256163 0.084568 0.007292 0.023457
0 0.253863 0.083642 0.007552 0.022531
0 0.251562 0.082793 0.007292 0.022685
0 0.249349 0.082176 0.007378 0.022068
0 0.246918 0.081250 0.007378 0.021142
0 0.244575 0.080401 0.007031 0.021296
0 0.242274 0.079475 0.007292 0.020370
0 0.239931 0.078858 0.007118 0.020062
0 0.237760 0.078241 0.007118 0.019444
0 0.235330 0.077392 0.007118 0.019599
0 0.233116 0.076698 0.007031 0.020062
0 0.230773 0.075849 0.006858 0.019907
0 0.228602 0.075154 0.006858 0.020370
0 0.226432 0.074537 0.006858 0.020679
0 0.224089 0.073688 0.006510 0.020833
0 0.221875 0.072994 0.006597 0.021296
0 0.219575 0.072145 0.006337 0.021142
0 0.217405 0.071528 0.006337 0.021759
0 0.215148 0.070833 0.006337 0.022222
0 0.212977 0.069985 0.006337 0.022068
0 0.210807 0.069522 0.006337 0.022068
0 0.208594 0.069136 0.006424 0.022222
0 0.206380 0.068673 0.006337 0.022222
0 0.204210 0.068287 0.006337 0.022068
0 0.202040 0.067361 0.006337 0.022068
0 0.199783 0.066975 0.006337 0.022222
0 0.197613 0.066512 0.006337 0.022222
0 0.195443 0.066127 0.006337 0.022068
0 0.193186 0.065664 0.006337 0.022068
0 0.190755 0.065664 0.006337 0.022068
0 0.188585 0.065664 0.006337 0.022068
0 0.186155 0.065664 0.006337 0.022068
0 0.183984 0.065664 0.006337 0.022068
0 0.181510 0.066127 0.006424 0.022068
0 0.179297 0.066127 0.006337 0.022068
0 0.176866 0.066127 0.006337 0.022068
0 0.174696 0.066127 0.006337 0.022068
0 0.172266 0.066127 0.006337 0.022068
0 0.170009 0.066512 0.006337 0.022222
0 0.167708 0.066127 0.006076 0.022068
0 0.165538 0.066127 0.006076 0.022068
0 0.163325 0.066127 0.006163 0.022068
0 0.161155 0.066127 0.005642 0.022068
0 0.158941 0.066127 0.005556 0.022068
0 0.156727 0.065664 0.005642 0.022068
0 0.154557 0.065664 0.005122 0.022068
0 0.152387 0.065664 0.005122 0.022068
0 0.150130 0.065664 0.005122 0.022068
0 0.148090 0.065664 0.004861 0.022068
0 0.145877 0.065664 0.004948 0.022068
0 0.143924 0.066127 0.004861 0.022068
0 0.141884 0.066127 0.005122 0.022068
0 0.139887 0.066512 0.005122 0.022222
0 0.137847 0.066512 0.005382 0.022222
0 0.135851 0.066975 0.005382 0.022222
0 0.133811 0.066975 0.005642 0.022222
0 0.131858 0.067361 0.005556 0.022068
0 0.129774 0.067361 0.005903 0.022068
0 0.127821 0.067824 0.005816 0.022068
0 0.125608 0.068287 0.005903 0.022068
0 0.123655 0.069136 0.005816 0.022222
0 0.121745 0.069522 0.005816 0.022068
0 0.119748 0.070448 0.005816 0.022068
0 0.117839 0.071296 0.005816 0.022222
0 0.115755 0.071682 0.006163 0.022068
0 0.113802 0.072608 0.006076 0.022068
0 0.111849 0.072994 0.006163 0.022222
0 0.109896 0.073843 0.006076 0.022068
0 0.107943 0.074769 0.006163 0.022068
0 0.105729 0.075231 0.006076 0.022068
0 0.103776 0.075617 0.006163 0.022222
0 0.101823 0.076466 0.006076 0.022068
0 0.099913 0.076929 0.006076 0.022068
0 0.097917 0.077778 0.006076 0.022222
0 0.095877 0.078241 0.005816 0.022222
0 0.093924 0.078627 0.005903 0.022068
0 0.091970 0.079552 0.005816 0.022068
0 0.090017 0.079938 0.005903 0.022222
0 0.088064 0.080787 0.005816 0.022068
0 0.086198 0.081250 0.006076 0.022068
0 0.084418 0.082176 0.006337 0.022068
0 0.082552 0.082562 0.006597 0.022222
0 0.080816 0.083410 0.006597 0.022068
0 0.079036 0.084336 0.006858 0.022068
0 0.077170 0.084722 0.007118 0.022222
0 0.075477 0.085571 0.007031 0.022068
0 0.073655 0.086034 0.007378 0.022068
0 0.071832 0.086883 0.007552 0.022222
0 0.070095 0.087731 0.007552 0.022068
0 0.068403 0.088657 0.007639 0.022068
0 0.066970 0.089506 0.007552 0.022222
0 0.065234 0.090355 0.007552 0.022068
0 0.063759 0.091281 0.007552 0.022068
0 0.062283 0.092130 0.007552 0.022222
0 0.060590 0.092978 0.007639 0.022068
0 0.059158 0.093827 0.007552 0.022222
0 0.057422 0.094676 0.007552 0.022068
0 0.055946 0.095602 0.007552 0.022068
0 0.054470 0.096451 0.007552 0.022222
0 0.052995 0.097068 0.007552 0.022531
0 0.051562 0.097994 0.007639 0.022531
0 0.050130 0.098843 0.007552 0.022685
0 0.048655 0.099460 0.007552 0.022994
0 0.047179 0.100386 0.007552 0.022994
0 0.045703 0.101389 0.007552 0.023457
0 0.044227 0.102315 0.007552 0.023457
0 0.042752 0.102932 0.007552 0.023765
0 0.041319 0.103781 0.007639 0.023920
0 0.039887 0.104707 0.007552 0.023920
