0 0.068142 0.050926 0.006076 0.016975
0 0.067187 0.051312 0.006076 0.016821
0 0.066233 0.052160 0.006076 0.016975
0 0.065234 0.052623 0.006163 0.016975
0 0.064236 0.053472 0.006076 0.016821
0 0.063281 0.053935 0.006076 0.016821
0 0.062326 0.054784 0.006076 0.016975
0 0.061328 0.055247 0.006163 0.016975
0 0.060330 0.056096 0.006076 0.016821
0 0.059375 0.056559 0.006076 0.016821
0 0.058637 0.057407 0.006163 0.016975
0 0.058420 0.057870 0.006076 0.016975
0 0.058160 0.058256 0.006076 0.016821
0 0.058160 0.058719 0.006076 0.016821
0 0.057899 0.059105 0.006076 0.016975
0 0.057899 0.059568 0.006076 0.016975
0 0.057639 0.060031 0.006076 0.016975
0 0.057422 0.060417 0.006163 0.016821
0 0.057422 0.060880 0.006163 0.016821
0 0.057205 0.061265 0.006076 0.016975
0 0.057205 0.061728 0.006076 0.016975
0 0.056944 0.061728 0.006076 0.016975
0 0.056944 0.062191 0.006076 0.016975
0 0.056684 0.062191 0.006076 0.016975
0 0.056684 0.062654 0.006076 0.016975
0 0.056424 0.062654 0.006076 0.016975
0 0.056424 0.063040 0.006076 0.016821
0 0.056207 0.063040 0.006163 0.016821
0 0.056207 0.063503 0.006163 0.016821
0 0.055990 0.063503 0.006076 0.016821
0 0.055990 0.063889 0.006076 0.016975
0 0.055729 0.064352 0.006076 0.016975
0 0.055729 0.064815 0.006076 0.016975
0 0.055729 0.065201 0.006076 0.016821
0 0.055469 0.065664 0.006076 0.016821
0 0.055469 0.066049 0.006076 0.016975
0 0.055469 0.066512 0.006076 0.016975
0 0.055208 0.066975 0.006076 0.016975
0 0.055208 0.067361 0.006076 0.016821
0 0.055208 0.067824 0.006076 0.016821
0 0.055208 0.068210 0.006076 0.016975
0 0.054861 0.068441 0.006424 0.017438
0 0.054644 0.068904 0.006337 0.017438
0 0.054384 0.069367 0.006337 0.017438
0 0.053993 0.069753 0.006597 0.017284
0 0.053733 0.070216 0.006597 0.017284
0 0.053516 0.070448 0.006510 0.017747
0 0.053168 0.070833 0.006858 0.017901
0 0.052908 0.071296 0.006858 0.017901
0 0.052648 0.071682 0.006858 0.017747
0 0.052561 0.072145 0.007031 0.017747
0 0.052300 0.072145 0.007031 0.017747
0 0.052300 0.072608 0.007031 0.017747
0 0.052170 0.072608 0.006771 0.017747
0 0.052170 0.073071 0.006771 0.017747
0 0.052170 0.073225 0.006771 0.017438
0 0.052083 0.073457 0.006597 0.017901
0 0.052083 0.073688 0.006597 0.017438
0 0.051953 0.073843 0.006337 0.017747
0 0.051953 0.074074 0.006337 0.017284
0 0.051953 0.074537 0.006337 0.017284
0 0.051953 0.075000 0.006337 0.017284
0 0.052083 0.075386 0.006597 0.017438
0 0.052170 0.075849 0.006771 0.017438
0 0.052300 0.076235 0.006510 0.017284
0 0.052431 0.076698 0.006771 0.017284
0 0.052561 0.077160 0.007031 0.017284
0 0.052648 0.077546 0.006858 0.017438
0 0.052778 0.078009 0.007118 0.017438
0 0.052908 0.078472 0.007378 0.017438
0 0.053125 0.078858 0.007292 0.017284
0 0.053125 0.078858 0.007292 0.017284
0 0.053125 0.079321 0.007292 0.017284
0 0.053125 0.079321 0.007292 0.017284
0 0.053255 0.079784 0.007031 0.017284
0 0.053255 0.079938 0.007031 0.016975
0 0.053255 0.080170 0.007031 0.017438
0 0.053385 0.080401 0.006771 0.016975
0 0.053385 0.080633 0.006771 0.017438
0 0.053385 0.080864 0.006771 0.016975
0 0.053646 0.081250 0.006771 0.016821
0 0.053646 0.081250 0.006771 0.016821
0 0.053863 0.081481 0.006858 0.017284
0 0.054123 0.081713 0.006858 0.017747
0 0.054253 0.081944 0.007118 0.018210
0 0.054514 0.082176 0.007118 0.018673
0 0.054731 0.082176 0.007031 0.018673
0 0.054861 0.082330 0.007292 0.018981
0 0.055122 0.082562 0.007292 0.019444
0 0.055339 0.082793 0.007378 0.019907
0 0.055599 0.083256 0.007378 0.019907
0 0.055469 0.083256 0.007118 0.019907
0 0.055469 0.083410 0.007118 0.019599
0 0.055599 0.083642 0.006858 0.019136
0 0.055599 0.083873 0.006858 0.018673
0 0.055729 0.084336 0.006597 0.018673
0 0.055729 0.084568 0.006597 0.018210
0 0.055729 0.084722 0.006597 0.017901
0 0.055859 0.084954 0.006337 0.017438
0 0.055859 0.085185 0.006337 0.016975
0 0.055990 0.085648 0.006076 0.016975
0 0.055990 0.085648 0.006076 0.016975
0 0.055990 0.086034 0.006076 0.016821
0 0.056120 0.086034 0.006337 0.016821
0 0.056207 0.086497 0.006163 0.016821
0 0.056293 0.086497 0.006337 0.016821
0 0.056293 0.086883 0.006337 0.016975
0 0.056424 0.086883 0.006076 0.016975
0 0.056554 0.087346 0.006337 0.016975
0 0.056554 0.087346 0.006337 0.016975
0 0.056814 0.087809 0.006337 0.016975
0 0.056814 0.087963 0.006337 0.017284
0 0.056944 0.088426 0.006597 0.017284
0 0.056944 0.088657 0.006597 0.017747
0 0.057075 0.089352 0.006858 0.018210
0 0.057292 0.089660 0.006771 0.018210
0 0.057292 0.089892 0.006771 0.018673
0 0.057422 0.090586 0.007031 0.019136
0 0.057422 0.090818 0.007031 0.019599
0 0.057552 0.091204 0.007292 0.019444
0 0.057812 0.091898 0.007292 0.019907
0 0.057812 0.091667 0.007292 0.019444
0 0.057812 0.091667 0.007292 0.019444
0 0.057899 0.091898 0.007118 0.018981
0 0.057899 0.091667 0.007118 0.018519
0 0.058030 0.091821 0.006858 0.018210
0 0.058030 0.091821 0.006858 0.018210
0 0.058030 0.091667 0.006858 0.017901
0 0.058160 0.091898 0.006597 0.017438
0 0.058160 0.091898 0.006597 0.017438
0 0.058290 0.092130 0.006337 0.016975
0 0.058290 0.092284 0.006337 0.017284
0 0.058290 0.092747 0.006337 0.017284
0 0.058420 0.093210 0.006076 0.017284
0 0.058420 0.093441 0.006076 0.017747
0 0.058637 0.094059 0.006163 0.018364
0 0.058637 0.094444 0.006163 0.018210
0 0.058637 0.094676 0.006163 0.018673
0 0.058767 0.095139 0.005903 0.018673
0 0.058767 0.095602 0.005903 0.018673
0 0.059028 0.096219 0.005903 0.018981
0 0.058898 0.094444 0.006163 0.019136
0 0.058898 0.093210 0.006163 0.019136
0 0.058898 0.091667 0.006163 0.018519
0 0.058767 0.090355 0.006424 0.018673
0 0.058854 0.088889 0.006597 0.018210
0 0.058854 0.087346 0.006597 0.018519
0 0.058767 0.085802 0.006771 0.018210
0 0.058767 0.084568 0.006771 0.018210
0 0.058767 0.082948 0.006771 0.017747
0 0.058898 0.081713 0.007031 0.017747
0 0.058637 0.080015 0.007031 0.017747
0 0.058637 0.078627 0.007031 0.017747
0 0.058637 0.077392 0.007031 0.017747
0 0.058637 0.075617 0.007031 0.017901
0 0.058637 0.074306 0.007031 0.017747
0 0.058420 0.073071 0.007118 0.017747
0 0.058420 0.071296 0.007118 0.017901
0 0.058420 0.069985 0.007118 0.017747
0 0.058420 0.068673 0.007118 0.017901
0 0.058420 0.067361 0.007118 0.017747
0 0.058420 0.067361 0.007118 0.017747
0 0.058420 0.067593 0.007118 0.018210
0 0.058507 0.067824 0.007292 0.018673
0 0.058637 0.068287 0.007031 0.018673
0 0.058767 0.068519 0.007292 0.019136
0 0.058767 0.068519 0.007292 0.019136
0 0.058898 0.068904 0.007031 0.018981
0 0.059028 0.069136 0.007292 0.019444
0 0.059028 0.069367 0.007292 0.019907
0 0.059245 0.069753 0.007378 0.020062
0 0.059028 0.069522 0.007292 0.019599
0 0.058898 0.069522 0.007552 0.019599
0 0.058898 0.069753 0.007552 0.019136
0 0.058637 0.069753 0.007552 0.019136
0 0.058507 0.069753 0.007812 0.019136
0 0.058507 0.069985 0.007812 0.018673
0 0.058377 0.069985 0.008073 0.018673
0 0.058160 0.069985 0.007986 0.018673
0 0.058160 0.070216 0.007986 0.018210
0 0.058030 0.070216 0.008247 0.018210
