0 0.000477 0.000849 0.000955 0.001698
0 0.000477 0.000849 0.000955 0.001698
0 0.000477 0.000849 0.000955 0.001698
0 0.000477 0.000849 0.000955 0.001698
0 0.000477 0.000849 0.000955 0.001698
0 0.000477 0.000849 0.000955 0.001698
0 0.000477 0.000849 0.000955 0.001698
0 0.000477 0.000849 0.000955 0.001698
0 0.000477 0.000849 0.000955 0.001698
0 0.000477 0.000849 0.000955 0.001698
0 0.000477 0.000849 0.000955 0.001698
0 0.000477 0.000849 0.000955 0.001698
0 0.000477 0.000849 0.000955 0.001698
0 0.000477 0.000849 0.000955 0.001698
0 0.000477 0.000849 0.000955 0.001698
0 0.000477 0.000849 0.000955 0.001698
0 0.000477 0.000849 0.000955 0.001698
0 0.000477 0.000849 0.000955 0.001698
0 0.000477 0.000849 0.000955 0.001698
0 0.000477 0.000849 0.000955 0.001698
0 0.000477 0.000849 0.000955 0.001698
0 0.000477 0.000849 0.000955 0.001698
0 0.000477 0.000849 0.000955 0.001698
0 0.000477 0.000849 0.000955 0.001698
0 0.000477 0.000849 0.000955 0.001698
0 0.000477 0.000849 0.000955 0.001698
0 0.000477 0.000849 0.000955 0.001698
0 0.000477 0.000849 0.000955 0.001698
0 0.000477 0.000849 0.000955 0.001698
0 0.000477 0.000849 0.000955 0.001698
0 0.000477 0.000849 0.000955 0.001698
0 0.000477 0.000849 0.000955 0.001698
0 0.000477 0.000849 0.000955 0.001698
0 0.000477 0.000849 0.000955 0.001698
0 0.000477 0.000849 0.000955 0.001698
0 0.000477 0.000849 0.000955 0.001698
0 0.000477 0.000849 0.000955 0.001698
0 0.000477 0.000849 0.000955 0.001698
0 0.000477 0.000849 0.000955 0.001698
0 0.000477 0.000849 0.000955 0.001698
0 0.000477 0.000849 0.000955 0.001698
0 0.000477 0.000849 0.000955 0.001698
0 0.000477 0.000849 0.000955 0.001698
0 0.000477 0.000849 0.000955 0.001698
0 0.000477 0.000849 0.000955 0.001698
0 0.000477 0.000849 0.000955 0.001698
0 0.000477 0.000849 0.000955 0.001698
0 0.000477 0.000849 0.000955 0.001698
0 0.000477 0.000849 0.000955 0.001698
0 0.000477 0.000849 0.000955 0.001698
0 0.000477 0.000849 0.000955 0.001698
0 0.032769 0.024460 0.002691 0.004784
0 0.065104 0.048302 0.004340 0.007407
0 0.097569 0.071914 0.005903 0.010494
0 0.129905 0.095833 0.007552 0.012963
0 0.162326 0.119676 0.009028 0.015586
0 0.194705 0.143287 0.010764 0.018673
0 0.227040 0.167130 0.012413 0.021296
0 0.259462 0.190818 0.013889 0.024228
0 0.291840 0.214660 0.015625 0.026852
0 0.324262 0.238735 0.017101 0.029938
0 0.322309 0.237037 0.017014 0.029938
0 0.320356 0.235340 0.017101 0.029938
0 0.318403 0.233488 0.017014 0.029938
0 0.316450 0.231790 0.017101 0.029938
0 0.314714 0.230556 0.017101 0.029938
0 0.312804 0.228704 0.017101 0.029938
0 0.310807 0.227006 0.017101 0.029938
0 0.308898 0.225309 0.017101 0.029938
0 0.306944 0.223611 0.017014 0.029938
0 0.305252 0.222222 0.017101 0.029938
0 0.303516 0.220525 0.017101 0.029012
0 0.302040 0.218981 0.017101 0.028704
0 0.300347 0.217515 0.017014 0.028241
0 0.298915 0.215895 0.017101 0.027778
0 0.297309 0.214429 0.016840 0.027315
0 0.295703 0.212731 0.017101 0.026389
0 0.294097 0.211188 0.016840 0.026080
0 0.292535 0.209722 0.017014 0.025617
0 0.290972 0.208102 0.016840 0.025154
0 0.289497 0.206636 0.016840 0.024691
0 0.288021 0.205324 0.016840 0.024846
0 0.286545 0.204244 0.016840 0.024228
0 0.285069 0.203395 0.016840 0.024383
0 0.283594 0.202083 0.016840 0.024228
0 0.282205 0.201235 0.016840 0.024383
0 0.280729 0.200154 0.016840 0.023765
0 0.279253 0.198843 0.016840 0.023920
0 0.277778 0.197917 0.016840 0.023920
0 0.276302 0.196914 0.016840 0.023457
0 0.275087 0.195988 0.016840 0.023457
0 0.273351 0.194753 0.016840 0.023457
0 0.271918 0.193596 0.016753 0.022994
0 0.270226 0.192593 0.016840 0.022531
0 0.268750 0.191435 0.016840 0.022068
0 0.267274 0.190586 0.016840 0.022222
0 0.265538 0.189506 0.016840 0.021605
0 0.264149 0.188426 0.016840 0.021296
0 0.262413 0.187269 0.016840 0.020833
0 0.260937 0.186265 0.016840 0.020370
0 0.259462 0.185340 0.016840 0.020370
0 0.257986 0.184336 0.016840 0.019907
0 0.256510 0.183642 0.016840 0.019444
0 0.255122 0.182793 0.016840 0.019599
0 0.253646 0.181867 0.016840 0.018673
0 0.252170 0.181096 0.016840 0.018673
0 0.250694 0.180401 0.016840 0.018210
0 0.249219 0.179321 0.016840 0.017901
0 0.247743 0.178627 0.016840 0.017438
0 0.246267 0.177778 0.016840 0.017284
0 0.245052 0.177160 0.016840 0.016975
0 0.243576 0.176235 0.016840 0.016975
0 0.242188 0.175849 0.016840 0.016821
0 0.240712 0.175386 0.016840 0.016821
0 0.239236 0.174537 0.016840 0.016975
0 0.238021 0.174074 0.016840 0.016975
0 0.236545 0.173688 0.016840 0.016821
0 0.235069 0.172840 0.016840 0.016975
0 0.233594 0.172377 0.016840 0.016975
0 0.232118 0.171914 0.016840 0.016975
0 0.230903 0.171451 0.016840 0.016975
0 0.229687 0.171065 0.016840 0.016821
0 0.228602 0.170602 0.016580 0.016821
0 0.227517 0.170448 0.016319 0.016512
0 0.226389 0.170216 0.016146 0.016975
0 0.225304 0.169985 0.015885 0.016512
0 0.224089 0.169522 0.015885 0.016512
0 0.223003 0.169290 0.015625 0.016975
0 0.221918 0.169059 0.015365 0.016512
0 0.220790 0.168673 0.015191 0.016358
0 0.219792 0.168673 0.015104 0.016358
0 0.218576 0.168287 0.015104 0.016512
0 0.217491 0.168056 0.014844 0.016049
0 0.216276 0.167824 0.014844 0.015586
0 0.215191 0.167593 0.014583 0.015123
0 0.214106 0.167361 0.014844 0.014660
0 0.212977 0.166975 0.014670 0.014815
0 0.211762 0.166744 0.014670 0.014352
0 0.210677 0.166512 0.014410 0.013889
0 0.209462 0.166281 0.014410 0.013426
0 0.208507 0.166281 0.014410 0.013426
0 0.207465 0.166049 0.014410 0.013889
0 0.206771 0.166281 0.014410 0.014352
0 0.206033 0.166049 0.014323 0.014815
0 0.205165 0.166281 0.014149 0.015278
0 0.204470 0.166358 0.014149 0.016049
0 0.203559 0.166358 0.014410 0.016049
0 0.202734 0.166281 0.014149 0.016821
0 0.202040 0.166281 0.014149 0.016821
0 0.201259 0.166281 0.014149 0.017747
0 0.200564 0.166512 0.014149 0.018210
0 0.199349 0.166281 0.014149 0.017747
0 0.198307 0.166281 0.014149 0.017747
0 0.197222 0.166281 0.014410 0.017747
0 0.196267 0.166281 0.014410 0.017747
0 0.195312 0.166281 0.014410 0.017747
0 0.194184 0.166049 0.014583 0.017284
0 0.193229 0.166049 0.014583 0.017284
0 0.192144 0.166049 0.014844 0.017284
0 0.191146 0.166049 0.014931 0.017284
0 0.190191 0.166281 0.014931 0.016821
0 0.189193 0.166127 0.014844 0.016512
0 0.188325 0.165895 0.014670 0.016049
0 0.187630 0.165664 0.014670 0.015586
0 0.186719 0.165432 0.014410 0.015123
0 0.186024 0.165201 0.014410 0.014660
0 0.185069 0.165046 0.014410 0.014352
0 0.184158 0.164815 0.014149 0.013889
0 0.183464 0.164583 0.014149 0.013426
0 0.182639 0.164352 0.013889 0.012963
0 0.181858 0.164352 0.013889 0.012963
0 0.181033 0.164352 0.014149 0.012963
0 0.180252 0.164352 0.014149 0.012963
0 0.179427 0.164352 0.014410 0.012963
0 0.178733 0.164352 0.014410 0.012963
0 0.177821 0.164352 0.014670 0.012963
0 0.177127 0.164352 0.014670 0.012963
0 0.176259 0.164352 0.014844 0.012963
0 0.175521 0.164352 0.014931 0.012963
0 0.174653 0.164352 0.015104 0.012963
0 0.173958 0.164352 0.015104 0.012963
