0 0.329774 0.117901 0.006076 0.023457
0 0.296832 0.106019 0.005642 0.021296
0 0.263845 0.094444 0.005122 0.019136
0 0.230946 0.082562 0.004601 0.016975
0 0.198003 0.071065 0.004167 0.014660
0 0.165017 0.059105 0.003646 0.012654
0 0.132075 0.047608 0.003212 0.010340
0 0.099175 0.035725 0.002691 0.008179
0 0.066189 0.024228 0.002170 0.006173
0 0.033247 0.012269 0.001736 0.003858
0 0.000477 0.000849 0.000955 0.001698
0 0.000477 0.000849 0.000955 0.001698
0 0.000477 0.000849 0.000955 0.001698
0 0.000477 0.000849 0.000955 0.001698
0 0.000477 0.000849 0.000955 0.001698
0 0.000477 0.000849 0.000955 0.001698
0 0.000477 0.000849 0.000955 0.001698
0 0.000477 0.000849 0.000955 0.001698
0 0.000477 0.000849 0.000955 0.001698
0 0.000477 0.000849 0.000955 0.001698
0 0.000477 0.000849 0.000955 0.001698
0 0.000477 0.000849 0.000955 0.001698
0 0.000477 0.000849 0.000955 0.001698
0 0.000477 0.000849 0.000955 0.001698
0 0.000477 0.000849 0.000955 0.001698
0 0.000477 0.000849 0.000955 0.001698
0 0.000477 0.000849 0.000955 0.001698
0 0.000477 0.000849 0.000955 0.001698
0 0.000477 0.000849 0.000955 0.001698
0 0.000477 0.000849 0.000955 0.001698
0 0.000477 0.000849 0.000955 0.001698
0 0.000477 0.000849 0.000955 0.001698
0 0.000477 0.000849 0.000955 0.001698
0 0.000477 0.000849 0.000955 0.001698
0 0.000477 0.000849 0.000955 0.001698
0 0.000477 0.000849 0.000955 0.001698
0 0.000477 0.000849 0.000955 0.001698
0 0.000477 0.000849 0.000955 0.001698
0 0.000477 0.000849 0.000955 0.001698
0 0.000477 0.000849 0.000955 0.001698
0 0.000477 0.000849 0.000955 0.001698
0 0.000477 0.000849 0.000955 0.001698
0 0.000477 0.000849 0.000955 0.001698
0 0.000477 0.000849 0.000955 0.001698
0 0.000477 0.000849 0.000955 0.001698
0 0.000477 0.000849 0.000955 0.001698
0 0.000477 0.000849 0.000955 0.001698
0 0.000477 0.000849 0.000955 0.001698
0 0.000477 0.000849 0.000955 0.001698
0 0.000477 0.000849 0.000955 0.001698
0 0.000477 0.000849 0.000955 0.001698
0 0.000477 0.000849 0.000955 0.001698
0 0.000477 0.000849 0.000955 0.001698
0 0.000477 0.000849 0.000955 0.001698
0 0.000477 0.000849 0.000955 0.001698
0 0.000477 0.000849 0.000955 0.001698
0 0.000477 0.000849 0.000955 0.001698
0 0.000477 0.000849 0.000955 0.001698
0 0.000477 0.000849 0.000955 0.001698
0 0.000477 0.000849 0.000955 0.001698
0 0.000477 0.000849 0.000955 0.001698
0 0.000477 0.000849 0.000955 0.001698
0 0.000477 0.000849 0.000955 0.001698
0 0.000477 0.000849 0.000955 0.001698
0 0.000477 0.000849 0.000955 0.001698
0 0.000477 0.000849 0.000955 0.001698
0 0.000477 0.000849 0.000955 0.001698
0 0.000477 0.000849 0.000955 0.001698
0 0.000477 0.000849 0.000955 0.001698
0 0.000477 0.000849 0.000955 0.001698
0 0.000477 0.000849 0.000955 0.001698
0 0.000477 0.000849 0.000955 0.001698
0 0.000477 0.000849 0.000955 0.001698
0 0.000477 0.000849 0.000955 0.001698
0 0.000477 0.000849 0.000955 0.001698
0 0.000477 0.000849 0.000955 0.001698
0 0.000477 0.000849 0.000955 0.001698
0 0.000477 0.000849 0.000955 0.001698
0 0.000477 0.000849 0.000955 0.001698
0 0.000477 0.000849 0.000955 0.001698
0 0.000477 0.000849 0.000955 0.001698
0 0.000477 0.000849 0.000955 0.001698
0 0.000477 0.000849 0.000955 0.001698
0 0.000477 0.000849 0.000955 0.001698
0 0.000477 0.000849 0.000955 0.001698
0 0.000477 0.000849 0.000955 0.001698
0 0.000477 0.000849 0.000955 0.001698
0 0.000477 0.000849 0.000955 0.001698
0 0.000477 0.000849 0.000955 0.001698
0 0.000477 0.000849 0.000955 0.001698
0 0.000477 0.000849 0.000955 0.001698
0 0.000477 0.000849 0.000955 0.001698
0 0.000477 0.000849 0.000955 0.001698
0 0.000477 0.000849 0.000955 0.001698
0 0.000477 0.000849 0.000955 0.001698
0 0.000477 0.000849 0.000955 0.001698
0 0.000477 0.000849 0.000955 0.001698
0 0.000477 0.000849 0.000955 0.001698
0 0.000477 0.000849 0.000955 0.001698
0 0.000477 0.000849 0.000955 0.001698
0 0.000477 0.000849 0.000955 0.001698
0 0.000477 0.000849 0.000955 0.001698
0 0.000477 0.000849 0.000955 0.001698
0 0.000477 0.000849 0.000955 0.001698
0 0.000477 0.000849 0.000955 0.001698
0 0.000477 0.000849 0.000955 0.001698
0 0.000477 0.000849 0.000955 0.001698
0 0.000477 0.000849 0.000955 0.001698
0 0.000477 0.000849 0.000955 0.001698
0 0.000477 0.000849 0.000955 0.001698
0 0.000477 0.000849 0.000955 0.001698
0 0.000477 0.000849 0.000955 0.001698
0 0.000477 0.000849 0.000955 0.001698
0 0.000477 0.000849 0.000955 0.001698
0 0.000477 0.000849 0.000955 0.001698
0 0.000477 0.000849 0.000955 0.001698
0 0.000477 0.000849 0.000955 0.001698
0 0.000477 0.000849 0.000955 0.001698
0 0.000477 0.000849 0.000955 0.001698
0 0.000477 0.000849 0.000955 0.001698
0 0.000477 0.000849 0.000955 0.001698
0 0.000477 0.000849 0.000955 0.001698
0 0.000477 0.000849 0.000955 0.001698
0 0.000477 0.000849 0.000955 0.001698
0 0.000477 0.000849 0.000955 0.001698
0 0.000477 0.000849 0.000955 0.001698
0 0.000477 0.000849 0.000955 0.001698
0 0.000477 0.000849 0.000955 0.001698
0 0.000477 0.000849 0.000955 0.001698
0 0.000477 0.000849 0.000955 0.001698
0 0.000477 0.000849 0.000955 0.001698
0 0.033247 0.012269 0.001736 0.003858
0 0.066189 0.024228 0.002170 0.006173
0 0.099175 0.035725 0.002691 0.008179
0 0.132075 0.047608 0.003212 0.010340
0 0.165017 0.059105 0.003646 0.012654
0 0.198003 0.071065 0.004167 0.014660
0 0.230946 0.082562 0.004601 0.016975
0 0.263845 0.094444 0.005122 0.019136
0 0.296832 0.106019 0.005642 0.021296
0 0.329774 0.117901 0.006076 0.023457
0 0.324783 0.115509 0.006337 0.023920
0 0.319965 0.113349 0.006597 0.023920
0 0.315234 0.110957 0.006858 0.024383
0 0.310460 0.109028 0.007031 0.024846
0 0.305729 0.106867 0.007292 0.024846
0 0.300738 0.104475 0.007552 0.025309
0 0.295920 0.102469 0.007812 0.025617
0 0.291189 0.100154 0.008073 0.025926
0 0.286458 0.097917 0.008333 0.026080
0 0.281684 0.095988 0.008507 0.026543
0 0.279731 0.095602 0.008594 0.026389
0 0.278038 0.095139 0.008507 0.026389
0 0.276302 0.094676 0.008507 0.026389
0 0.274349 0.094290 0.008594 0.026543
0 0.272656 0.093827 0.008507 0.026543
0 0.270920 0.093441 0.008507 0.026389
0 0.269010 0.092978 0.008507 0.026389
0 0.267274 0.092515 0.008507 0.026389
0 0.265582 0.092130 0.008594 0.026543
0 0.263889 0.092130 0.008507 0.026543
0 0.263108 0.091667 0.008507 0.026543
0 0.262413 0.091667 0.008507 0.026543
0 0.261892 0.091667 0.008507 0.026543
0 0.261198 0.091667 0.008507 0.026543
0 0.260677 0.091667 0.008507 0.026543
0 0.259983 0.091667 0.008507 0.026543
0 0.259245 0.091667 0.008594 0.026543
0 0.258767 0.091667 0.008507 0.026543
0 0.257986 0.091667 0.008507 0.026543
0 0.257509 0.091667 0.008594 0.026543
0 0.255816 0.090818 0.008507 0.026389
0 0.254080 0.090201 0.008507 0.026080
0 0.252387 0.089506 0.008594 0.026543
0 0.250694 0.088812 0.008507 0.026080
0 0.248958 0.088194 0.008507 0.025463
0 0.247396 0.087577 0.008333 0.026080
0 0.245703 0.086883 0.008247 0.025617
0 0.243967 0.086188 0.008247 0.025154
0 0.242274 0.085648 0.008333 0.025617
0 0.240538 0.084954 0.008333 0.025154
