0 0.081814 0.143056 0.007552 0.013889
0 0.081554 0.143056 0.007552 0.013889
0 0.081467 0.143287 0.007378 0.014352
0 0.081337 0.143519 0.007118 0.014815
0 0.081207 0.143519 0.007378 0.014815
0 0.081076 0.143750 0.007118 0.015278
0 0.080946 0.143904 0.006858 0.015586
0 0.080859 0.143904 0.007031 0.015586
0 0.080729 0.144136 0.006771 0.016049
0 0.080642 0.144367 0.006597 0.016512
0 0.080642 0.144830 0.006597 0.016512
0 0.080642 0.144830 0.006597 0.016512
0 0.080816 0.144830 0.006597 0.016512
0 0.080946 0.144830 0.006337 0.016512
0 0.081076 0.144830 0.006597 0.016512
0 0.081207 0.144830 0.006337 0.016512
0 0.081467 0.144830 0.006337 0.016512
0 0.081467 0.144830 0.006337 0.016512
0 0.081727 0.144830 0.006337 0.016512
0 0.081814 0.144830 0.006163 0.016512
0 0.082075 0.144830 0.006163 0.016512
0 0.082075 0.144830 0.006163 0.016512
0 0.082075 0.144830 0.006163 0.016512
0 0.082161 0.144830 0.006337 0.016512
0 0.082161 0.145293 0.006337 0.016512
0 0.082422 0.145293 0.006337 0.016512
0 0.082422 0.145293 0.006337 0.016512
0 0.082422 0.145679 0.006337 0.016358
0 0.082552 0.145679 0.006597 0.016358
0 0.082552 0.145679 0.006597 0.016358
0 0.082812 0.146065 0.006597 0.016512
0 0.082812 0.146065 0.006597 0.016512
0 0.082812 0.146065 0.006597 0.016512
0 0.082812 0.146065 0.006597 0.016512
0 0.082812 0.146065 0.006597 0.016512
0 0.082812 0.146065 0.006597 0.016512
0 0.082812 0.146065 0.006597 0.016512
0 0.082812 0.146065 0.006597 0.016512
0 0.082812 0.146065 0.006597 0.016512
0 0.082812 0.146065 0.006597 0.016512
0 0.082812 0.146065 0.006597 0.016512
0 0.082812 0.145679 0.006597 0.016358
0 0.082812 0.145293 0.006597 0.016512
0 0.082812 0.145062 0.006597 0.016049
0 0.082812 0.144599 0.006597 0.016049
0 0.082812 0.144367 0.006597 0.015586
0 0.082812 0.143904 0.006597 0.015586
0 0.082812 0.143519 0.006597 0.015741
0 0.082812 0.143287 0.006597 0.015278
0 0.082812 0.142901 0.006597 0.015123
0 0.082812 0.142670 0.006597 0.014660
0 0.082422 0.142670 0.006337 0.014660
0 0.082161 0.142670 0.006337 0.014660
0 0.081944 0.142670 0.006424 0.014660
0 0.081814 0.142670 0.006163 0.014660
0 0.081597 0.142670 0.006076 0.014660
0 0.081337 0.142670 0.006076 0.014660
0 0.081207 0.142670 0.005816 0.014660
0 0.080990 0.142670 0.005903 0.014660
0 0.080729 0.142670 0.005903 0.014660
0 0.080599 0.142670 0.005642 0.014660
0 0.080599 0.142207 0.005642 0.014660
0 0.080599 0.141975 0.005642 0.015123
0 0.080729 0.141590 0.005903 0.015278
0 0.080729 0.141358 0.005903 0.015741
0 0.080859 0.141358 0.006163 0.015741
0 0.080859 0.140972 0.006163 0.015586
0 0.080859 0.140741 0.006163 0.016049
0 0.080946 0.140278 0.006337 0.016049
0 0.080946 0.140046 0.006337 0.016512
0 0.081076 0.140046 0.006597 0.016512
0 0.081076 0.139583 0.006597 0.016512
0 0.081076 0.139120 0.006597 0.016512
0 0.081076 0.138735 0.006597 0.016358
0 0.081076 0.138349 0.006597 0.016512
0 0.081076 0.137886 0.006597 0.016512
0 0.081076 0.137423 0.006597 0.016512
0 0.081076 0.136960 0.006597 0.016512
0 0.081076 0.136574 0.006597 0.016358
0 0.081076 0.136188 0.006597 0.016512
0 0.081337 0.136188 0.006597 0.016512
0 0.081207 0.135725 0.006858 0.016512
0 0.081207 0.135262 0.006858 0.016512
0 0.081207 0.134799 0.006858 0.016512
0 0.081207 0.134414 0.006858 0.016358
0 0.081207 0.134414 0.006858 0.016358
0 0.081076 0.134028 0.007118 0.016512
0 0.081076 0.133565 0.007118 0.016512
0 0.081076 0.133102 0.007118 0.016512
0 0.081076 0.132639 0.007118 0.016512
0 0.081076 0.132639 0.007118 0.016512
0 0.080946 0.132022 0.006858 0.016821
0 0.080946 0.131559 0.006858 0.016821
0 0.080816 0.131327 0.006597 0.017284
0 0.080816 0.130941 0.006597 0.017438
0 0.080816 0.130710 0.006597 0.017901
0 0.080729 0.130324 0.006424 0.017747
0 0.080729 0.129861 0.006424 0.017747
0 0.080599 0.129630 0.006163 0.018210
0 0.080599 0.129167 0.006163 0.018210
0 0.080599 0.128935 0.006163 0.018673
0 0.080122 0.121991 0.006076 0.018673
0 0.079601 0.115509 0.006076 0.018673
0 0.079253 0.108796 0.005903 0.018210
0 0.078776 0.102083 0.005816 0.018673
0 0.078516 0.095370 0.005816 0.018210
0 0.078038 0.088889 0.005903 0.018210
0 0.077561 0.081944 0.005816 0.018210
0 0.077214 0.075463 0.005642 0.018210
0 0.076693 0.068673 0.005642 0.017901
0 0.076432 0.062191 0.005642 0.017901
0 0.076215 0.060648 0.005556 0.018210
0 0.075955 0.059182 0.005556 0.018673
0 0.075738 0.057639 0.005642 0.018981
0 0.075477 0.056327 0.005642 0.020062
0 0.075477 0.054784 0.005642 0.020370
0 0.075217 0.053318 0.005642 0.020833
0 0.075000 0.052006 0.005556 0.021605
0 0.074740 0.050463 0.005556 0.022222
0 0.074523 0.048920 0.005642 0.022531
0 0.074523 0.047917 0.005642 0.022994
0 0.074740 0.052469 0.005556 0.023457
0 0.075217 0.057176 0.005642 0.023302
0 0.075608 0.061960 0.005903 0.023302
0 0.076085 0.066744 0.005816 0.023302
0 0.076562 0.071451 0.005903 0.023457
0 0.076823 0.076235 0.005903 0.023457
0 0.077300 0.081019 0.005816 0.023457
0 0.077691 0.085802 0.006076 0.023457
0 0.078168 0.090586 0.006163 0.023457
0 0.078646 0.095370 0.006076 0.023457
0 0.078646 0.100154 0.006076 0.023457
0 0.078646 0.105170 0.006076 0.022994
0 0.078776 0.110262 0.006337 0.022994
0 0.078776 0.115278 0.006337 0.022531
0 0.078906 0.120525 0.006597 0.022531
0 0.078906 0.125309 0.006597 0.022531
0 0.078906 0.130324 0.006597 0.022068
0 0.079036 0.135494 0.006858 0.022222
0 0.079036 0.140509 0.006858 0.021759
0 0.079123 0.145679 0.007031 0.021605
0 0.079123 0.146528 0.007031 0.021759
0 0.079123 0.147454 0.007031 0.021759
0 0.079384 0.148302 0.007031 0.021605
0 0.079384 0.149614 0.007031 0.021759
0 0.079644 0.150463 0.007031 0.021605
0 0.079644 0.151312 0.007031 0.021759
0 0.079644 0.152623 0.007031 0.021605
0 0.079861 0.153472 0.007118 0.021759
0 0.079861 0.154398 0.007118 0.021759
0 0.080122 0.155633 0.007118 0.021759
0 0.079991 0.155247 0.007378 0.021605
0 0.079991 0.155247 0.007378 0.021605
0 0.079905 0.155247 0.007552 0.021605
0 0.079905 0.155247 0.007552 0.021605
0 0.079905 0.155247 0.007552 0.021605
0 0.079774 0.154784 0.007812 0.021605
0 0.079774 0.154784 0.007812 0.021605
0 0.079644 0.154784 0.008073 0.021605
0 0.079644 0.154784 0.008073 0.021605
0 0.079644 0.154784 0.008073 0.021605
0 0.079905 0.154398 0.008073 0.021759
0 0.080122 0.154398 0.007986 0.021759
0 0.080339 0.154398 0.008073 0.021759
0 0.080859 0.154398 0.008073 0.021759
0 0.081120 0.154398 0.008073 0.021759
0 0.081337 0.153935 0.007986 0.021759
0 0.081814 0.153935 0.008073 0.021759
0 0.082075 0.153935 0.008073 0.021759
0 0.082335 0.153935 0.008073 0.021759
0 0.082769 0.153935 0.008073 0.021759
0 0.082899 0.153935 0.008333 0.021759
0 0.083160 0.153935 0.008333 0.021759
0 0.083420 0.153935 0.008333 0.021759
0 0.083681 0.153935 0.008333 0.021759
0 0.083898 0.153935 0.008247 0.021759
0 0.084158 0.153935 0.008247 0.021759
0 0.084375 0.153935 0.008333 0.021759
0 0.084635 0.153935 0.008333 0.021759
0 0.084896 0.153935 0.008333 0.021759
0 0.085113 0.153935 0.008247 0.021759
