0 0.147222 0.104630 0.006076 0.011728
0 0.146007 0.104630 0.006076 0.011728
0 0.145052 0.105093 0.006076 0.011728
0 0.143837 0.105093 0.006076 0.011728
0 0.142839 0.105556 0.006163 0.011728
0 0.141840 0.106019 0.006076 0.011728
0 0.140625 0.106019 0.006076 0.011728
0 0.139670 0.106481 0.006076 0.011728
0 0.138455 0.106481 0.006076 0.011728
0 0.137457 0.106790 0.006163 0.011728
0 0.136458 0.107253 0.006076 0.011728
0 0.134549 0.107253 0.006076 0.011728
0 0.132812 0.107253 0.006076 0.011728
0 0.130903 0.107253 0.006076 0.011728
0 0.129167 0.107253 0.006076 0.011728
0 0.127431 0.107716 0.006076 0.011728
0 0.125521 0.107716 0.006076 0.011728
0 0.123785 0.107716 0.006076 0.011728
0 0.121875 0.107716 0.006076 0.011728
0 0.120139 0.107716 0.006076 0.011728
0 0.118403 0.108179 0.006076 0.011728
0 0.116493 0.108642 0.006076 0.011728
0 0.114497 0.109028 0.006076 0.011574
0 0.112587 0.109414 0.006076 0.011728
0 0.110851 0.109877 0.006076 0.011728
0 0.108941 0.110340 0.006076 0.011728
0 0.106944 0.110802 0.006076 0.011728
0 0.105252 0.111265 0.006163 0.011728
0 0.103299 0.111574 0.006076 0.011728
0 0.101345 0.112037 0.006163 0.011728
0 0.099653 0.112500 0.006076 0.011728
0 0.097656 0.112963 0.006076 0.011728
0 0.095747 0.113735 0.006076 0.011728
0 0.094010 0.114660 0.006076 0.011728
0 0.092101 0.115123 0.006076 0.011728
0 0.090365 0.115972 0.006076 0.011574
0 0.088411 0.116821 0.006163 0.011728
0 0.086458 0.117284 0.006076 0.011728
0 0.084766 0.118133 0.006163 0.011574
0 0.082812 0.118981 0.006076 0.011728
0 0.081076 0.119907 0.006076 0.011728
0 0.079167 0.120370 0.006076 0.011728
0 0.077431 0.121142 0.006076 0.011728
0 0.075694 0.121605 0.006076 0.011728
0 0.073785 0.122531 0.006076 0.011728
0 0.072049 0.123302 0.006076 0.011728
0 0.070356 0.123765 0.006163 0.011728
0 0.068403 0.124691 0.006076 0.011728
0 0.066667 0.125077 0.006076 0.011574
0 0.065017 0.125926 0.006076 0.011728
0 0.063281 0.126852 0.006076 0.011728
0 0.061111 0.127623 0.006076 0.011728
0 0.059115 0.129012 0.006076 0.011728
0 0.056944 0.129784 0.006076 0.011728
0 0.054991 0.131173 0.006163 0.011728
0 0.053038 0.132407 0.006076 0.011728
0 0.050825 0.133333 0.006163 0.011728
0 0.048872 0.134568 0.006076 0.011728
0 0.046701 0.135494 0.006076 0.011728
0 0.044705 0.136728 0.006076 0.011728
0 0.042795 0.138117 0.006076 0.011728
0 0.040582 0.139352 0.006163 0.011728
0 0.038628 0.140741 0.006076 0.011728
0 0.036458 0.141975 0.006076 0.011728
0 0.034462 0.143364 0.006076 0.011728
0 0.032292 0.144599 0.006076 0.011728
0 0.030339 0.145833 0.006163 0.011728
0 0.028125 0.147222 0.006076 0.011728
0 0.026215 0.148457 0.006076 0.011728
0 0.024002 0.149846 0.006163 0.011728
0 0.022049 0.151080 0.006076 0.011728
0 0.022049 0.151080 0.006076 0.011728
0 0.022049 0.151080 0.006076 0.011728
0 0.022049 0.151080 0.006076 0.011728
0 0.022049 0.151080 0.006076 0.011728
0 0.022049 0.151080 0.006076 0.011728
0 0.022049 0.151080 0.006076 0.011728
0 0.022049 0.151080 0.006076 0.011728
0 0.022049 0.151080 0.006076 0.011728
0 0.022049 0.151080 0.006076 0.011728
0 0.022049 0.151080 0.006076 0.011728
0 0.022049 0.151080 0.006076 0.011728
0 0.022049 0.151080 0.006076 0.011728
0 0.022049 0.151080 0.006076 0.011728
0 0.022049 0.151080 0.006076 0.011728
0 0.022049 0.151080 0.006076 0.011728
0 0.022049 0.151080 0.006076 0.011728
0 0.022049 0.151080 0.006076 0.011728
0 0.022049 0.151080 0.006076 0.011728
0 0.022049 0.151080 0.006076 0.011728
0 0.022049 0.151080 0.006076 0.011728
0 0.022049 0.151080 0.006076 0.011728
0 0.022049 0.151080 0.006076 0.011728
0 0.022049 0.151080 0.006076 0.011728
0 0.022049 0.151080 0.006076 0.011728
0 0.022049 0.151080 0.006076 0.011728
0 0.022049 0.151080 0.006076 0.011728
0 0.022049 0.151080 0.006076 0.011728
0 0.022049 0.151080 0.006076 0.011728
0 0.022049 0.151080 0.006076 0.011728
0 0.022049 0.151080 0.006076 0.011728
0 0.022049 0.151080 0.006076 0.011728
0 0.022049 0.151080 0.006076 0.011728
0 0.022049 0.151080 0.006076 0.011728
0 0.022049 0.151080 0.006076 0.011728
0 0.022049 0.151080 0.006076 0.011728
0 0.022049 0.151080 0.006076 0.011728
0 0.022049 0.151080 0.006076 0.011728
0 0.022049 0.151080 0.006076 0.011728
0 0.022049 0.151080 0.006076 0.011728
0 0.022049 0.151080 0.006076 0.011728
0 0.022049 0.151080 0.006076 0.011728
0 0.022049 0.151080 0.006076 0.011728
0 0.022049 0.151080 0.006076 0.011728
0 0.022049 0.151080 0.006076 0.011728
0 0.022049 0.151080 0.006076 0.011728
0 0.022049 0.151080 0.006076 0.011728
0 0.022049 0.151080 0.006076 0.011728
0 0.022049 0.151080 0.006076 0.011728
0 0.022049 0.151080 0.006076 0.011728
0 0.022049 0.151080 0.006076 0.011728
0 0.022049 0.151080 0.006076 0.011728
0 0.022049 0.151080 0.006076 0.011728
0 0.022049 0.151080 0.006076 0.011728
0 0.022049 0.151080 0.006076 0.011728
0 0.022049 0.151080 0.006076 0.011728
0 0.022049 0.151080 0.006076 0.011728
0 0.022049 0.151080 0.006076 0.011728
0 0.022049 0.151080 0.006076 0.011728
0 0.022049 0.151080 0.006076 0.011728
0 0.022049 0.151080 0.006076 0.011728
0 0.022049 0.151080 0.006076 0.011728
0 0.022049 0.151080 0.006076 0.011728
0 0.022049 0.151080 0.006076 0.011728
0 0.022049 0.151080 0.006076 0.011728
0 0.022049 0.151080 0.006076 0.011728
0 0.022049 0.151080 0.006076 0.011728
0 0.022049 0.151080 0.006076 0.011728
0 0.022049 0.151080 0.006076 0.011728
0 0.022049 0.151080 0.006076 0.011728
0 0.022049 0.151080 0.006076 0.011728
0 0.022049 0.151080 0.006076 0.011728
0 0.022049 0.151080 0.006076 0.011728
0 0.022049 0.151080 0.006076 0.011728
0 0.022049 0.151080 0.006076 0.011728
0 0.022049 0.151080 0.006076 0.011728
0 0.022049 0.151080 0.006076 0.011728
0 0.022049 0.151080 0.006076 0.011728
0 0.022049 0.151080 0.006076 0.011728
0 0.022049 0.151080 0.006076 0.011728
0 0.022049 0.151080 0.006076 0.011728
0 0.022049 0.151080 0.006076 0.011728
0 0.022049 0.151080 0.006076 0.011728
0 0.022049 0.151080 0.006076 0.011728
0 0.022049 0.151080 0.006076 0.011728
0 0.022049 0.151080 0.006076 0.011728
0 0.022049 0.151080 0.006076 0.011728
0 0.022049 0.151080 0.006076 0.011728
0 0.022049 0.151080 0.006076 0.011728
0 0.022049 0.151080 0.006076 0.011728
0 0.022049 0.151080 0.006076 0.011728
0 0.022049 0.151080 0.006076 0.011728
0 0.022049 0.151080 0.006076 0.011728
0 0.022049 0.151080 0.006076 0.011728
0 0.022049 0.151080 0.006076 0.011728
0 0.022049 0.151080 0.006076 0.011728
0 0.022049 0.151080 0.006076 0.011728
0 0.022049 0.151080 0.006076 0.011728
0 0.022049 0.151080 0.006076 0.011728
0 0.022049 0.151080 0.006076 0.011728
0 0.022049 0.151080 0.006076 0.011728
0 0.022049 0.151080 0.006076 0.011728
0 0.022049 0.151080 0.006076 0.011728
0 0.022049 0.151080 0.006076 0.011728
0 0.022049 0.151080 0.006076 0.011728
0 0.022049 0.151080 0.006076 0.011728
0 0.022049 0.151080 0.006076 0.011728
0 0.022049 0.151080 0.006076 0.011728
0 0.022049 0.151080 0.006076 0.011728
0 0.022049 0.151080 0.006076 0.011728
0 0.022049 0.151080 0.006076 0.011728
