0 0.147439 0.087114 0.005122 0.021759
0 0.147439 0.088194 0.005122 0.021142
0 0.147439 0.089506 0.005122 0.021296
0 0.147439 0.090818 0.005122 0.021142
0 0.147439 0.092130 0.005122 0.021296
0 0.147700 0.093364 0.005122 0.021296
0 0.147700 0.094522 0.005122 0.020833
0 0.147700 0.095756 0.005122 0.020833
0 0.147700 0.097145 0.005122 0.020833
0 0.147700 0.098380 0.005122 0.020833
0 0.147960 0.099769 0.005122 0.020833
0 0.147960 0.099769 0.005122 0.020833
0 0.147960 0.099769 0.005122 0.020833
0 0.147960 0.099769 0.005122 0.020833
0 0.147960 0.099769 0.005122 0.020833
0 0.147960 0.099769 0.005122 0.020833
0 0.147960 0.099769 0.005122 0.020833
0 0.147960 0.099769 0.005122 0.020833
0 0.147960 0.099769 0.005122 0.020833
0 0.147960 0.099769 0.005122 0.020833
0 0.148220 0.100077 0.005122 0.020833
0 0.147960 0.100540 0.005122 0.020833
0 0.147960 0.101466 0.005122 0.020833
0 0.147960 0.102238 0.005122 0.020833
0 0.147960 0.102932 0.005122 0.021296
0 0.147960 0.103858 0.005122 0.021296
0 0.147960 0.104707 0.005122 0.021142
0 0.147960 0.105324 0.005122 0.021759
0 0.147960 0.106250 0.005122 0.021759
0 0.147960 0.107099 0.005122 0.021605
0 0.147960 0.107948 0.005122 0.021759
0 0.147960 0.109259 0.005122 0.021605
0 0.148220 0.110957 0.005122 0.021605
0 0.148481 0.112269 0.005122 0.021759
0 0.148568 0.114043 0.005295 0.021605
0 0.148785 0.115355 0.005382 0.021759
0 0.148915 0.117052 0.005122 0.021759
0 0.149045 0.118364 0.005382 0.021605
0 0.149306 0.120062 0.005382 0.021605
0 0.149566 0.121373 0.005382 0.021759
0 0.149783 0.123148 0.005295 0.021605
0 0.151215 0.122685 0.005382 0.021605
0 0.152951 0.122685 0.005382 0.021605
0 0.154687 0.122299 0.005382 0.021759
0 0.156380 0.122299 0.005295 0.021759
0 0.158073 0.121836 0.005382 0.021759
0 0.159679 0.121836 0.005122 0.021759
0 0.161415 0.121373 0.005122 0.021759
0 0.163064 0.121373 0.005122 0.021759
0 0.164800 0.120988 0.005122 0.021605
0 0.166536 0.120988 0.005122 0.021605
0 0.167925 0.120988 0.005122 0.021605
0 0.169661 0.121142 0.005122 0.021296
0 0.171267 0.121142 0.004861 0.021296
0 0.172960 0.121605 0.004948 0.021296
0 0.174653 0.121605 0.004861 0.021296
0 0.176259 0.121836 0.004601 0.020833
0 0.177995 0.122068 0.004601 0.021296
0 0.179557 0.122299 0.004427 0.020833
0 0.181250 0.122299 0.004340 0.020833
0 0.182986 0.122762 0.004340 0.020833
0 0.183941 0.122762 0.004340 0.020833
0 0.185026 0.122762 0.004601 0.020833
0 0.186285 0.122762 0.004687 0.020833
0 0.187240 0.122762 0.004687 0.020833
0 0.188455 0.123071 0.004687 0.020833
0 0.189583 0.123071 0.004861 0.020833
0 0.190538 0.123071 0.004861 0.020833
0 0.191753 0.123071 0.004861 0.020833
0 0.192839 0.123071 0.005122 0.020833
0 0.194054 0.123534 0.005122 0.020833
0 0.194054 0.123534 0.005122 0.020833
0 0.194314 0.123997 0.005122 0.020833
0 0.194575 0.124460 0.005122 0.020833
0 0.194835 0.124923 0.005122 0.020833
0 0.195052 0.125231 0.005208 0.020833
0 0.195052 0.125231 0.005208 0.020833
0 0.195269 0.125694 0.005122 0.020833
0 0.195530 0.126157 0.005122 0.020833
0 0.195790 0.126620 0.005122 0.020833
0 0.196050 0.127083 0.005122 0.020833
0 0.196050 0.127083 0.005122 0.020833
0 0.196050 0.127469 0.005122 0.020679
0 0.196050 0.127855 0.005122 0.020833
0 0.196311 0.127855 0.005122 0.020833
0 0.196311 0.128318 0.005122 0.020833
0 0.196311 0.128781 0.005122 0.020833
0 0.196484 0.128781 0.005122 0.020833
0 0.196484 0.129244 0.005122 0.020833
0 0.196484 0.129630 0.005122 0.020679
0 0.196745 0.130015 0.005122 0.020833
0 0.196745 0.131404 0.005122 0.020833
0 0.196745 0.133102 0.005122 0.020833
0 0.196745 0.134336 0.005122 0.020833
0 0.196745 0.136188 0.005122 0.020833
0 0.197005 0.137886 0.005122 0.020833
0 0.197005 0.139120 0.005122 0.020833
0 0.197005 0.140972 0.005122 0.020833
0 0.197005 0.142207 0.005122 0.020833
0 0.197005 0.143904 0.005122 0.020833
0 0.197266 0.145756 0.005122 0.020833
0 0.197266 0.146991 0.005122 0.020833
0 0.197526 0.148225 0.005122 0.020833
0 0.197526 0.149846 0.005122 0.021296
0 0.197700 0.151080 0.005122 0.021296
0 0.197700 0.152855 0.005122 0.021142
0 0.197960 0.154167 0.005122 0.021296
0 0.197960 0.155401 0.005122 0.021296
0 0.198220 0.156944 0.005122 0.021605
0 0.198220 0.158256 0.005122 0.021759
0 0.198481 0.160031 0.005122 0.021605
0 0.198481 0.159568 0.005122 0.021605
0 0.198481 0.159336 0.005122 0.021142
0 0.198481 0.159182 0.005122 0.020833
0 0.198611 0.158951 0.004861 0.020370
0 0.198611 0.158719 0.004861 0.019907
0 0.198611 0.158256 0.004861 0.019907
0 0.198698 0.158025 0.004687 0.019444
0 0.198698 0.157870 0.004687 0.019136
0 0.198698 0.157639 0.004687 0.018673
0 0.198958 0.157407 0.004687 0.018210
0 0.199045 0.158102 0.004861 0.018673
0 0.199306 0.158719 0.004861 0.018981
0 0.199566 0.159336 0.004861 0.019599
0 0.199826 0.159954 0.004861 0.019907
0 0.200087 0.160880 0.004861 0.019907
0 0.200217 0.161574 0.005122 0.020370
0 0.200391 0.162114 0.005122 0.020833
0 0.200651 0.162809 0.005122 0.021296
0 0.200911 0.163503 0.005122 0.021759
0 0.201172 0.164583 0.005122 0.022068
0 0.201172 0.164583 0.005122 0.022068
0 0.201432 0.164583 0.005122 0.022068
0 0.201432 0.164583 0.005122 0.022068
0 0.201606 0.164583 0.005122 0.022068
0 0.201606 0.164583 0.005122 0.022068
0 0.201866 0.164583 0.005122 0.022068
0 0.201866 0.164583 0.005122 0.022068
0 0.202127 0.164583 0.005122 0.022068
0 0.202127 0.164583 0.005122 0.022068
0 0.202387 0.164583 0.005122 0.022068
0 0.202387 0.164583 0.005122 0.022068
0 0.202387 0.164583 0.005122 0.022068
0 0.202648 0.164583 0.005122 0.022068
0 0.202648 0.164583 0.005122 0.022068
0 0.202821 0.164583 0.005122 0.022068
0 0.202821 0.164583 0.005122 0.022068
0 0.202821 0.164583 0.005122 0.022068
0 0.203082 0.164583 0.005122 0.022068
0 0.203082 0.164583 0.005122 0.022068
0 0.203342 0.164583 0.005122 0.022068
0 0.203342 0.164583 0.005122 0.022068
0 0.203602 0.164583 0.005122 0.022068
0 0.203602 0.164583 0.005122 0.022068
0 0.203863 0.164583 0.005122 0.022068
0 0.204080 0.164969 0.005208 0.022222
0 0.204080 0.164969 0.005208 0.022222
0 0.204297 0.164969 0.005122 0.022222
0 0.204297 0.164969 0.005122 0.022222
0 0.204557 0.164969 0.005122 0.022222
0 0.204818 0.165432 0.005122 0.022222
0 0.204818 0.165432 0.005122 0.022222
0 0.204818 0.165432 0.005122 0.022222
0 0.204818 0.165432 0.005122 0.022222
0 0.204818 0.165432 0.005122 0.022222
0 0.204818 0.165432 0.005122 0.022222
0 0.204818 0.165432 0.005122 0.022222
0 0.204818 0.165432 0.005122 0.022222
0 0.204818 0.165432 0.005122 0.022222
0 0.204818 0.165432 0.005122 0.022222
0 0.204818 0.165432 0.005122 0.022222
0 0.204818 0.165432 0.005122 0.022222
0 0.204818 0.165432 0.005122 0.022222
0 0.204818 0.165432 0.005122 0.022222
0 0.204818 0.165432 0.005122 0.022222
0 0.204948 0.165432 0.005382 0.022222
0 0.204948 0.165432 0.005382 0.022222
0 0.204948 0.165432 0.005382 0.022222
0 0.204948 0.165432 0.005382 0.022222
0 0.204948 0.165432 0.005382 0.022222
0 0.205208 0.165432 0.005382 0.022222
