0 0.141363 0.149769 0.006510 0.027315
0 0.141363 0.149306 0.006510 0.027315
0 0.141363 0.148997 0.006510 0.027315
0 0.141580 0.148534 0.006597 0.027315
0 0.141580 0.148534 0.006597 0.027315
0 0.141840 0.148071 0.006597 0.027315
0 0.141840 0.147608 0.006597 0.027315
0 0.141840 0.147608 0.006597 0.027315
0 0.142101 0.147145 0.006597 0.027315
0 0.142101 0.146836 0.006597 0.027315
0 0.142361 0.146836 0.006597 0.027315
0 0.142622 0.146373 0.006597 0.027315
0 0.142795 0.145910 0.006597 0.027315
0 0.143316 0.145910 0.006597 0.027315
0 0.143576 0.145448 0.006597 0.027315
0 0.144054 0.145448 0.006510 0.027315
0 0.144271 0.144985 0.006597 0.027315
0 0.144531 0.144599 0.006597 0.027469
0 0.145052 0.144599 0.006597 0.027469
0 0.145269 0.144213 0.006510 0.027315
0 0.145747 0.144213 0.006597 0.027315
0 0.146267 0.143519 0.006597 0.026852
0 0.146701 0.143056 0.006597 0.026852
0 0.147352 0.142670 0.006858 0.027006
0 0.147830 0.142438 0.006771 0.026543
0 0.148568 0.141975 0.006858 0.026543
0 0.149045 0.141590 0.006771 0.026389
0 0.149523 0.141358 0.006858 0.025926
0 0.150174 0.140895 0.007118 0.025926
0 0.150651 0.140509 0.007031 0.026080
0 0.151389 0.140278 0.007118 0.025617
0 0.151866 0.139815 0.007031 0.025617
0 0.152344 0.139815 0.007118 0.025617
0 0.152821 0.139815 0.007031 0.025617
0 0.153559 0.139352 0.007118 0.025617
0 0.154036 0.139352 0.007031 0.025617
0 0.154557 0.139352 0.007031 0.025617
0 0.155295 0.138966 0.007118 0.025463
0 0.155773 0.138966 0.007031 0.025463
0 0.156250 0.138966 0.007118 0.025463
0 0.156988 0.138966 0.007031 0.025463
0 0.156727 0.138580 0.007031 0.025617
0 0.156510 0.138580 0.007118 0.025617
0 0.156250 0.138580 0.007118 0.025617
0 0.156250 0.138580 0.007118 0.025617
0 0.155990 0.138580 0.007118 0.025617
0 0.155773 0.138580 0.007031 0.025617
0 0.155773 0.138580 0.007031 0.025617
0 0.155512 0.138580 0.007031 0.025617
0 0.155295 0.138580 0.007118 0.025617
0 0.155295 0.138580 0.007118 0.025617
0 0.155035 0.138117 0.007118 0.025617
0 0.154774 0.138117 0.007118 0.025617
0 0.154557 0.137654 0.007031 0.025617
0 0.154297 0.137654 0.007031 0.025617
0 0.154297 0.137654 0.007031 0.025617
0 0.154036 0.137191 0.007031 0.025617
0 0.153819 0.137191 0.007118 0.025617
0 0.153559 0.136728 0.007118 0.025617
0 0.153342 0.136728 0.007031 0.025617
0 0.153342 0.136728 0.007031 0.025617
0 0.152344 0.136420 0.007118 0.025617
0 0.151606 0.136420 0.007031 0.025617
0 0.150868 0.136420 0.007118 0.025617
0 0.149913 0.135957 0.007118 0.025617
0 0.149175 0.135957 0.007031 0.025617
0 0.148438 0.135957 0.007118 0.025617
0 0.147483 0.135494 0.007118 0.025617
0 0.146745 0.135494 0.007031 0.025617
0 0.146007 0.135494 0.007118 0.025617
0 0.145269 0.135494 0.007031 0.025617
0 0.144054 0.135262 0.007031 0.025154
0 0.142969 0.135262 0.007292 0.025154
0 0.141753 0.135262 0.007292 0.025154
0 0.140668 0.135262 0.007552 0.025154
0 0.139410 0.135262 0.007639 0.025154
0 0.138281 0.135262 0.007812 0.025154
0 0.137066 0.135262 0.007812 0.025154
0 0.135981 0.135262 0.008073 0.025154
0 0.134766 0.135262 0.008073 0.025154
0 0.133811 0.135262 0.008073 0.025154
0 0.132595 0.135262 0.008073 0.025154
0 0.131380 0.135262 0.008073 0.025154
0 0.130165 0.135262 0.008073 0.025154
0 0.128950 0.135725 0.008073 0.025154
0 0.127734 0.135725 0.008073 0.025154
0 0.126476 0.135725 0.007986 0.025154
0 0.125260 0.136188 0.007986 0.025154
0 0.124045 0.136188 0.007986 0.025154
0 0.122830 0.136188 0.007986 0.025154
0 0.121571 0.136574 0.008073 0.025309
0 0.120356 0.136574 0.008073 0.025309
0 0.119141 0.136574 0.008073 0.025309
0 0.117925 0.136574 0.008073 0.025309
0 0.116710 0.136574 0.008073 0.025309
0 0.115495 0.136574 0.008073 0.025309
0 0.114280 0.136574 0.008073 0.025309
0 0.113064 0.136574 0.008073 0.025309
0 0.111849 0.136574 0.008073 0.025309
0 0.110634 0.136574 0.008073 0.025309
0 0.109635 0.136960 0.007986 0.025154
0 0.108898 0.136574 0.008073 0.025309
0 0.108203 0.136574 0.008073 0.025309
0 0.107682 0.136574 0.008073 0.025309
0 0.106988 0.136574 0.008073 0.025309
0 0.106467 0.136574 0.008073 0.025309
0 0.105773 0.136574 0.008073 0.025309
0 0.104991 0.136574 0.008073 0.025309
0 0.104514 0.136574 0.007986 0.025309
0 0.103776 0.136574 0.008073 0.025309
0 0.103299 0.136574 0.007986 0.025309
0 0.102300 0.136574 0.008073 0.025309
0 0.101345 0.136574 0.008073 0.025309
0 0.100521 0.136574 0.007812 0.025309
0 0.099479 0.136574 0.007812 0.025309
0 0.098655 0.136574 0.007552 0.025309
0 0.097700 0.136574 0.007552 0.025309
0 0.096745 0.136574 0.007552 0.025309
0 0.095833 0.136574 0.007292 0.025309
0 0.094878 0.136574 0.007292 0.025309
0 0.094010 0.136574 0.007118 0.025309
0 0.093663 0.136188 0.007292 0.025154
0 0.093403 0.136188 0.007292 0.025154
0 0.093186 0.136188 0.007378 0.025154
0 0.092925 0.136188 0.007378 0.025154
0 0.092839 0.136188 0.007552 0.025154
0 0.092448 0.135957 0.007812 0.024691
0 0.092187 0.135957 0.007812 0.024691
0 0.091927 0.135957 0.007812 0.024691
0 0.091710 0.135957 0.007726 0.024691
0 0.091580 0.135957 0.007986 0.024691
0 0.091363 0.135957 0.008073 0.024691
0 0.091363 0.135957 0.008073 0.024691
0 0.091363 0.135957 0.008073 0.024691
0 0.091363 0.135957 0.008073 0.024691
0 0.091363 0.135957 0.008073 0.024691
0 0.091102 0.135957 0.008073 0.024691
0 0.091102 0.135957 0.008073 0.024691
0 0.091102 0.135957 0.008073 0.024691
0 0.091102 0.135957 0.008073 0.024691
0 0.091102 0.135957 0.008073 0.024691
0 0.091363 0.135494 0.008073 0.024691
0 0.091580 0.135494 0.007986 0.024691
0 0.091840 0.135494 0.007986 0.024691
0 0.092057 0.135031 0.008073 0.024691
0 0.092318 0.135031 0.008073 0.024691
0 0.092578 0.135031 0.008073 0.024691
0 0.092839 0.134568 0.008073 0.024691
0 0.093056 0.134568 0.007986 0.024691
0 0.093273 0.134568 0.008073 0.024691
0 0.093793 0.134568 0.008073 0.024691
0 0.094054 0.134182 0.008073 0.024846
0 0.094488 0.134182 0.008073 0.024846
0 0.095009 0.133796 0.008073 0.024691
0 0.095486 0.133796 0.007986 0.024691
0 0.095964 0.133333 0.008073 0.024691
0 0.096484 0.133333 0.008073 0.024691
0 0.096962 0.132870 0.007986 0.024691
0 0.097439 0.132870 0.008073 0.024691
0 0.097960 0.132407 0.008073 0.024691
0 0.098394 0.132407 0.008073 0.024691
0 0.099045 0.132022 0.007812 0.024846
0 0.099609 0.132022 0.007552 0.024846
0 0.100391 0.131636 0.007552 0.024691
0 0.100955 0.131636 0.007292 0.024691
0 0.101736 0.131404 0.007292 0.024228
0 0.102344 0.131173 0.007118 0.024691
0 0.102908 0.130941 0.006858 0.024228
0 0.103689 0.130710 0.006858 0.024691
0 0.104253 0.130478 0.006597 0.024228
0 0.105035 0.130478 0.006597 0.024228
0 0.105469 0.130093 0.006597 0.024383
0 0.106250 0.129630 0.006597 0.024383
0 0.106944 0.129244 0.006597 0.024228
0 0.107465 0.129244 0.006597 0.024228
0 0.108160 0.128781 0.006597 0.024228
0 0.108941 0.128318 0.006597 0.024228
0 0.109635 0.127855 0.006597 0.024228
0 0.110156 0.127855 0.006597 0.024228
0 0.110851 0.127469 0.006597 0.024383
0 0.111632 0.127006 0.006597 0.024383
