0 0.000477 0.000849 0.000955 0.001698
0 0.000477 0.000849 0.000955 0.001698
0 0.000477 0.000849 0.000955 0.001698
0 0.000477 0.000849 0.000955 0.001698
0 0.000477 0.000849 0.000955 0.001698
0 0.000477 0.000849 0.000955 0.001698
0 0.000477 0.000849 0.000955 0.001698
0 0.000477 0.000849 0.000955 0.001698
0 0.000477 0.000849 0.000955 0.001698
0 0.000477 0.000849 0.000955 0.001698
0 0.000477 0.000849 0.000955 0.001698
0 0.000477 0.000849 0.000955 0.001698
0 0.000477 0.000849 0.000955 0.001698
0 0.000477 0.000849 0.000955 0.001698
0 0.000477 0.000849 0.000955 0.001698
0 0.000477 0.000849 0.000955 0.001698
0 0.000477 0.000849 0.000955 0.001698
0 0.000477 0.000849 0.000955 0.001698
0 0.000477 0.000849 0.000955 0.001698
0 0.000477 0.000849 0.000955 0.001698
0 0.000477 0.000849 0.000955 0.001698
0 0.000477 0.000849 0.000955 0.001698
0 0.000477 0.000849 0.000955 0.001698
0 0.000477 0.000849 0.000955 0.001698
0 0.000477 0.000849 0.000955 0.001698
0 0.000477 0.000849 0.000955 0.001698
0 0.000477 0.000849 0.000955 0.001698
0 0.000477 0.000849 0.000955 0.001698
0 0.000477 0.000849 0.000955 0.001698
0 0.000477 0.000849 0.000955 0.001698
0 0.000477 0.000849 0.000955 0.001698
0 0.000477 0.000849 0.000955 0.001698
0 0.000477 0.000849 0.000955 0.001698
0 0.000477 0.000849 0.000955 0.001698
0 0.000477 0.000849 0.000955 0.001698
0 0.000477 0.000849 0.000955 0.001698
0 0.000477 0.000849 0.000955 0.001698
0 0.000477 0.000849 0.000955 0.001698
0 0.000477 0.000849 0.000955 0.001698
0 0.000477 0.000849 0.000955 0.001698
0 0.000477 0.000849 0.000955 0.001698
0 0.000477 0.000849 0.000955 0.001698
0 0.000477 0.000849 0.000955 0.001698
0 0.000477 0.000849 0.000955 0.001698
0 0.000477 0.000849 0.000955 0.001698
0 0.000477 0.000849 0.000955 0.001698
0 0.000477 0.000849 0.000955 0.001698
0 0.000477 0.000849 0.000955 0.001698
0 0.000477 0.000849 0.000955 0.001698
0 0.000477 0.000849 0.000955 0.001698
0 0.000477 0.000849 0.000955 0.001698
0 0.000477 0.000849 0.000955 0.001698
0 0.000477 0.000849 0.000955 0.001698
0 0.000477 0.000849 0.000955 0.001698
0 0.000477 0.000849 0.000955 0.001698
0 0.000477 0.000849 0.000955 0.001698
0 0.000477 0.000849 0.000955 0.001698
0 0.000477 0.000849 0.000955 0.001698
0 0.000477 0.000849 0.000955 0.001698
0 0.000477 0.000849 0.000955 0.001698
0 0.000477 0.000849 0.000955 0.001698
0 0.000477 0.000849 0.000955 0.001698
0 0.000477 0.000849 0.000955 0.001698
0 0.000477 0.000849 0.000955 0.001698
0 0.000477 0.000849 0.000955 0.001698
0 0.000477 0.000849 0.000955 0.001698
0 0.000477 0.000849 0.000955 0.001698
0 0.000477 0.000849 0.000955 0.001698
0 0.000477 0.000849 0.000955 0.001698
0 0.000477 0.000849 0.000955 0.001698
0 0.000477 0.000849 0.000955 0.001698
0 0.000477 0.000849 0.000955 0.001698
0 0.000477 0.000849 0.000955 0.001698
0 0.000477 0.000849 0.000955 0.001698
0 0.000477 0.000849 0.000955 0.001698
0 0.000477 0.000849 0.000955 0.001698
0 0.000477 0.000849 0.000955 0.001698
0 0.000477 0.000849 0.000955 0.001698
0 0.000477 0.000849 0.000955 0.001698
0 0.000477 0.000849 0.000955 0.001698
0 0.000477 0.000849 0.000955 0.001698
0 0.001562 0.012037 0.001736 0.004321
0 0.002734 0.023380 0.002691 0.006944
0 0.003863 0.034568 0.003385 0.009568
0 0.005208 0.045910 0.004167 0.012191
0 0.006293 0.057176 0.004948 0.014660
0 0.007509 0.068441 0.005816 0.017438
0 0.008724 0.079707 0.006337 0.019907
0 0.009983 0.091049 0.007292 0.022531
0 0.011068 0.102238 0.008073 0.025154
0 0.012370 0.113812 0.008767 0.027315
0 0.014844 0.112731 0.008854 0.027006
0 0.017535 0.111883 0.008854 0.026852
0 0.020182 0.110957 0.008767 0.026852
0 0.022873 0.110108 0.008767 0.026080
0 0.025564 0.109259 0.008767 0.025926
0 0.028255 0.108410 0.008767 0.026080
0 0.030946 0.107485 0.008767 0.025154
0 0.033637 0.106713 0.008767 0.025154
0 0.036328 0.105787 0.008767 0.025154
0 0.039019 0.105093 0.008767 0.024691
0 0.041450 0.104475 0.008767 0.024383
0 0.043880 0.103781 0.008767 0.023920
0 0.046311 0.103395 0.008767 0.023765
0 0.048741 0.102778 0.008767 0.023457
0 0.051172 0.102546 0.008767 0.022994
0 0.053646 0.101852 0.008854 0.022531
0 0.056076 0.101235 0.008854 0.022222
0 0.058550 0.100772 0.008767 0.022222
0 0.060981 0.100154 0.008767 0.021605
0 0.063542 0.099923 0.008507 0.021142
0 0.065451 0.099074 0.008507 0.021296
0 0.067665 0.098148 0.008594 0.021296
0 0.069618 0.097299 0.008507 0.021142
0 0.071832 0.096914 0.008594 0.021296
0 0.073872 0.095988 0.008333 0.021296
0 0.075955 0.095139 0.008507 0.021142
0 0.078038 0.094753 0.008333 0.021296
0 0.080122 0.093827 0.008507 0.021296
0 0.082205 0.092978 0.008333 0.021142
0 0.084375 0.092593 0.008333 0.021296
0 0.086589 0.092130 0.008247 0.021296
0 0.088802 0.091667 0.008333 0.021296
0 0.090972 0.091204 0.008333 0.021296
0 0.093403 0.090818 0.008333 0.021142
0 0.095616 0.090355 0.008247 0.021142
0 0.097830 0.089969 0.008333 0.021296
0 0.100260 0.089506 0.008333 0.021296
0 0.102431 0.089043 0.008333 0.021296
0 0.104644 0.088657 0.008247 0.021142
0 0.107075 0.088194 0.008247 0.021142
0 0.109028 0.087809 0.008333 0.021296
0 0.111241 0.087809 0.008247 0.021296
0 0.113194 0.087346 0.008333 0.021296
0 0.115365 0.087346 0.008333 0.021296
0 0.117318 0.087346 0.008247 0.021296
0 0.119531 0.086883 0.008333 0.021296
0 0.121484 0.086883 0.008247 0.021296
0 0.123698 0.086420 0.008333 0.021296
0 0.125608 0.086420 0.008333 0.021296
0 0.127821 0.086420 0.008247 0.021296
0 0.129514 0.086034 0.008333 0.021142
0 0.131250 0.086034 0.008333 0.021142
0 0.132943 0.085648 0.008247 0.021296
0 0.134896 0.085648 0.008333 0.021296
0 0.136632 0.085648 0.008333 0.021296
0 0.138325 0.085185 0.008247 0.021296
0 0.140278 0.085185 0.008333 0.021296
0 0.141970 0.084722 0.008247 0.021296
0 0.143663 0.084722 0.008333 0.021296
0 0.145660 0.084722 0.008333 0.021296
0 0.147569 0.084722 0.008333 0.021296
0 0.149566 0.084722 0.008333 0.021296
0 0.151476 0.084722 0.008333 0.021296
0 0.153429 0.084722 0.008247 0.021296
0 0.155382 0.084722 0.008333 0.021296
0 0.157335 0.084722 0.008247 0.021296
0 0.159288 0.084722 0.008333 0.021296
0 0.161241 0.084722 0.008247 0.021296
0 0.163194 0.084722 0.008333 0.021296
0 0.165408 0.084722 0.008247 0.021296
0 0.167839 0.084259 0.008247 0.021296
0 0.170269 0.084259 0.008247 0.021296
0 0.172743 0.084259 0.008333 0.021296
0 0.175391 0.084259 0.008247 0.021296
0 0.177865 0.084259 0.008333 0.021296
0 0.180295 0.084259 0.008333 0.021296
0 0.182986 0.084259 0.008333 0.021296
0 0.185417 0.084259 0.008333 0.021296
0 0.187847 0.084259 0.008333 0.021296
0 0.190538 0.084259 0.008333 0.021296
0 0.194184 0.084259 0.008333 0.021296
0 0.198090 0.084722 0.008333 0.021296
0 0.201780 0.085185 0.008247 0.021296
0 0.205642 0.085185 0.008333 0.021296
0 0.209332 0.085648 0.008247 0.021296
0 0.213238 0.086034 0.008247 0.021142
0 0.216884 0.086420 0.008247 0.021296
0 0.220790 0.086420 0.008247 0.021296
0 0.224479 0.086883 0.008333 0.021296
0 0.228385 0.087346 0.008333 0.021296
