0 0.175043 0.134414 0.005122 0.019136
0 0.175043 0.134414 0.005122 0.019136
0 0.175043 0.134414 0.005122 0.019136
0 0.175174 0.134414 0.005382 0.019136
0 0.175304 0.134414 0.005122 0.019136
0 0.175434 0.134414 0.005382 0.019136
0 0.175434 0.134414 0.005382 0.019136
0 0.175564 0.134414 0.005122 0.019136
0 0.175651 0.134414 0.005295 0.019136
0 0.175651 0.134414 0.005295 0.019136
0 0.175868 0.134877 0.005382 0.019136
0 0.175868 0.134414 0.005382 0.019136
0 0.176128 0.134414 0.005382 0.019136
0 0.176389 0.134414 0.005382 0.019136
0 0.176649 0.134414 0.005382 0.019136
0 0.176866 0.134414 0.005295 0.019136
0 0.176866 0.134414 0.005295 0.019136
0 0.177083 0.134414 0.005382 0.019136
0 0.177344 0.134414 0.005382 0.019136
0 0.177604 0.134414 0.005382 0.019136
0 0.177865 0.134414 0.005382 0.019136
0 0.178125 0.134414 0.005382 0.019136
0 0.178342 0.134414 0.005295 0.019136
0 0.178559 0.134414 0.005382 0.019136
0 0.179080 0.134414 0.005382 0.019136
0 0.179340 0.134414 0.005382 0.019136
0 0.179557 0.134414 0.005295 0.019136
0 0.180035 0.134414 0.005382 0.019136
0 0.180295 0.134414 0.005382 0.019136
0 0.180556 0.134414 0.005382 0.019136
0 0.180990 0.134414 0.005382 0.019136
0 0.181250 0.134414 0.005382 0.019136
0 0.181510 0.134414 0.005382 0.019136
0 0.182031 0.134414 0.005382 0.019136
0 0.182205 0.134414 0.005382 0.019136
0 0.182726 0.134414 0.005382 0.019136
0 0.182986 0.134414 0.005382 0.019136
0 0.183247 0.134414 0.005382 0.019136
0 0.183681 0.134414 0.005382 0.019136
0 0.183941 0.134414 0.005382 0.019136
0 0.184462 0.134414 0.005382 0.019136
0 0.184896 0.133951 0.005382 0.019136
0 0.185677 0.133951 0.005382 0.019136
0 0.186111 0.133951 0.005382 0.019136
0 0.186892 0.133951 0.005382 0.019136
0 0.187370 0.133951 0.005295 0.019136
0 0.188108 0.133488 0.005382 0.019136
0 0.188585 0.133488 0.005295 0.019136
0 0.189323 0.133488 0.005382 0.019136
0 0.189800 0.133488 0.005295 0.019136
0 0.190538 0.133488 0.005382 0.019136
0 0.191059 0.133488 0.005382 0.019136
0 0.191753 0.133488 0.005382 0.019136
0 0.192491 0.133488 0.005295 0.019136
0 0.193229 0.133488 0.005382 0.019136
0 0.193924 0.133488 0.005382 0.019136
0 0.194705 0.133488 0.005382 0.019136
0 0.195399 0.133488 0.005382 0.019136
0 0.196181 0.133488 0.005382 0.019136
0 0.196875 0.133488 0.005382 0.019136
0 0.197613 0.133951 0.005295 0.019136
0 0.198090 0.133951 0.005382 0.019136
0 0.198698 0.133951 0.005556 0.019136
0 0.199436 0.133951 0.005642 0.019136
0 0.199957 0.133951 0.005642 0.019136
0 0.200651 0.133951 0.005642 0.019136
0 0.201259 0.133951 0.005816 0.019136
0 0.201780 0.133951 0.005816 0.019136
0 0.202474 0.133951 0.005816 0.019136
0 0.203125 0.133951 0.006076 0.019136
0 0.203819 0.134414 0.006076 0.019136
0 0.204340 0.134414 0.006076 0.019136
0 0.204948 0.134414 0.005903 0.019136
0 0.205556 0.134414 0.006076 0.019136
0 0.206163 0.134414 0.005903 0.019136
0 0.206771 0.134414 0.006076 0.019136
0 0.207378 0.134414 0.005903 0.019136
0 0.207856 0.134414 0.005816 0.019136
0 0.208594 0.134414 0.005903 0.019136
0 0.209071 0.134414 0.005816 0.019136
0 0.209809 0.134414 0.005903 0.019136
0 0.210286 0.133951 0.005816 0.019136
0 0.211024 0.133951 0.005903 0.019136
0 0.211502 0.133951 0.005816 0.019136
0 0.212240 0.133951 0.005903 0.019136
0 0.212977 0.133951 0.005816 0.019136
0 0.213498 0.133488 0.005816 0.019136
0 0.214193 0.133488 0.005816 0.019136
0 0.214714 0.133488 0.005816 0.019136
0 0.215408 0.133488 0.005816 0.019136
0 0.216146 0.133488 0.005903 0.019136
0 0.216276 0.133102 0.006163 0.018981
0 0.216536 0.133102 0.006163 0.018981
0 0.216753 0.132716 0.006076 0.019136
0 0.217014 0.132716 0.006076 0.019136
0 0.217274 0.132716 0.006076 0.019136
0 0.217491 0.132253 0.006163 0.019136
0 0.217752 0.132253 0.006163 0.019136
0 0.217969 0.131790 0.006076 0.019136
0 0.218229 0.131790 0.006076 0.019136
0 0.218490 0.131790 0.006076 0.019136
0 0.218750 0.131327 0.006076 0.019136
0 0.219184 0.131327 0.006076 0.019136
0 0.219444 0.130941 0.006076 0.018981
0 0.219965 0.130941 0.006076 0.018981
0 0.220182 0.130941 0.006163 0.018981
0 0.220660 0.130478 0.006076 0.018981
0 0.220920 0.130478 0.006076 0.018981
0 0.221398 0.130093 0.006163 0.019136
0 0.221658 0.130093 0.006163 0.019136
0 0.222135 0.130093 0.006076 0.019136
0 0.221658 0.129167 0.006163 0.019136
0 0.221181 0.128781 0.006076 0.018981
0 0.220660 0.128318 0.006076 0.018981
0 0.220399 0.127469 0.006076 0.019136
0 0.219965 0.127006 0.006076 0.019136
0 0.219444 0.126620 0.006076 0.018981
0 0.219184 0.125772 0.006076 0.019136
0 0.218750 0.125309 0.006076 0.019136
0 0.218229 0.124846 0.006076 0.019136
0 0.217969 0.124383 0.006076 0.019136
0 0.216753 0.123611 0.006076 0.019136
0 0.215799 0.122685 0.006076 0.019136
0 0.214844 0.121836 0.006076 0.018981
0 0.213845 0.120988 0.006163 0.019136
0 0.212847 0.120062 0.006076 0.019136
0 0.211892 0.119213 0.006076 0.018981
0 0.210938 0.118364 0.006076 0.019136
0 0.209939 0.117438 0.006163 0.019136
0 0.208941 0.116667 0.006076 0.019136
0 0.207986 0.115741 0.006076 0.019136
0 0.207031 0.114892 0.006076 0.018981
0 0.206033 0.114043 0.006163 0.019136
0 0.205035 0.113117 0.006076 0.019136
0 0.204080 0.112269 0.006076 0.018981
0 0.203125 0.111420 0.006076 0.019136
0 0.202127 0.110494 0.006163 0.019136
0 0.201128 0.109722 0.006076 0.019136
0 0.200174 0.108796 0.006076 0.019136
0 0.199219 0.107948 0.006076 0.018981
0 0.198437 0.107562 0.006076 0.019136
0 0.198437 0.107099 0.006076 0.019136
0 0.198437 0.107099 0.006076 0.019136
0 0.198698 0.106636 0.006076 0.019136
0 0.198698 0.106636 0.006076 0.019136
0 0.198958 0.106173 0.006076 0.019136
0 0.198958 0.106173 0.006076 0.019136
0 0.198958 0.105787 0.006076 0.018981
0 0.199219 0.105787 0.006076 0.018981
0 0.199219 0.105324 0.006076 0.018981
0 0.199436 0.105324 0.006163 0.018981
0 0.199696 0.104938 0.006163 0.019136
0 0.200174 0.104475 0.006076 0.019136
0 0.200694 0.104012 0.006076 0.019136
0 0.201128 0.104012 0.006076 0.019136
0 0.201649 0.103627 0.006076 0.018981
0 0.201910 0.103164 0.006076 0.018981
0 0.202344 0.103164 0.006076 0.018981
0 0.202865 0.102778 0.006076 0.019136
0 0.203342 0.102315 0.006163 0.019136
0 0.203819 0.102315 0.006076 0.019136
0 0.204080 0.102778 0.006076 0.019136
0 0.204557 0.103164 0.006163 0.018981
0 0.204818 0.103627 0.006163 0.018981
0 0.205295 0.104012 0.006076 0.019136
0 0.205556 0.104938 0.006076 0.019136
0 0.206033 0.105324 0.006163 0.018981
0 0.206250 0.105787 0.006076 0.018981
0 0.206771 0.106173 0.006076 0.019136
0 0.207031 0.106636 0.006076 0.019136
0 0.207509 0.107562 0.006163 0.019136
0 0.207726 0.107562 0.006076 0.019136
0 0.207986 0.107948 0.006076 0.018981
0 0.208247 0.108333 0.006076 0.019136
0 0.208464 0.108333 0.006163 0.019136
0 0.208724 0.108796 0.006163 0.019136
0 0.208941 0.109259 0.006076 0.019136
0 0.209201 0.109722 0.006076 0.019136
0 0.209462 0.109722 0.006076 0.019136
0 0.209722 0.110108 0.006076 0.018981
0 0.209939 0.110494 0.006163 0.019136
