0 0.074740 0.149151 0.009028 0.018981
0 0.074479 0.148302 0.009028 0.019136
0 0.074219 0.147840 0.009028 0.019136
0 0.074045 0.146991 0.009028 0.018981
0 0.074045 0.146605 0.009028 0.019136
0 0.073785 0.146142 0.009028 0.019136
0 0.073524 0.145216 0.009028 0.019136
0 0.073524 0.144830 0.009028 0.018981
0 0.073264 0.143981 0.009028 0.019136
0 0.073003 0.143519 0.009028 0.019136
0 0.073003 0.143056 0.009028 0.019136
0 0.072830 0.142207 0.009028 0.018981
0 0.072700 0.141358 0.009288 0.019136
0 0.072700 0.140432 0.009288 0.019136
0 0.072569 0.139660 0.009549 0.019136
0 0.072569 0.138735 0.009549 0.019136
0 0.072309 0.137886 0.009549 0.018981
0 0.072179 0.137037 0.009809 0.019136
0 0.072179 0.136111 0.009809 0.019136
0 0.072092 0.135262 0.009983 0.018981
0 0.072092 0.134414 0.009983 0.019136
0 0.072092 0.133488 0.009983 0.019136
0 0.072092 0.133102 0.009983 0.018981
0 0.072092 0.132716 0.009983 0.019136
0 0.072092 0.131790 0.009983 0.019136
0 0.072092 0.131327 0.009983 0.019136
0 0.072092 0.130941 0.009983 0.018981
0 0.072092 0.130093 0.009983 0.019136
0 0.072092 0.129630 0.009983 0.019136
0 0.072092 0.129167 0.009983 0.019136
0 0.072309 0.128781 0.010069 0.018981
0 0.072179 0.128549 0.009809 0.019444
0 0.072179 0.128549 0.009809 0.019444
0 0.072179 0.128549 0.009809 0.019444
0 0.072179 0.128318 0.009809 0.019907
0 0.072179 0.128318 0.009809 0.019907
0 0.072049 0.128318 0.009549 0.019907
0 0.072049 0.128086 0.009549 0.020370
0 0.072049 0.128086 0.009549 0.020370
0 0.072049 0.128086 0.009549 0.020370
0 0.072049 0.128086 0.009549 0.020370
0 0.072049 0.130015 0.009549 0.019907
0 0.072049 0.132253 0.009549 0.020062
0 0.072049 0.134414 0.009549 0.020062
0 0.072309 0.136574 0.009549 0.020062
0 0.072309 0.138735 0.009549 0.020062
0 0.072309 0.140895 0.009549 0.020062
0 0.072569 0.143133 0.009549 0.019907
0 0.072569 0.145293 0.009549 0.019907
0 0.072569 0.147454 0.009549 0.019907
0 0.072786 0.149614 0.009462 0.019907
0 0.072786 0.153935 0.009462 0.019907
0 0.072917 0.158488 0.009722 0.019444
0 0.073047 0.162809 0.009983 0.019444
0 0.073047 0.167361 0.009983 0.018981
0 0.073177 0.171914 0.010243 0.019444
0 0.073307 0.176466 0.010503 0.018981
0 0.073307 0.180864 0.010503 0.019136
0 0.073394 0.185417 0.010677 0.018673
0 0.073524 0.189738 0.010937 0.018673
0 0.073655 0.194522 0.011198 0.018673
0 0.073524 0.194522 0.010937 0.018673
0 0.073394 0.194522 0.010677 0.018673
0 0.073307 0.194522 0.010503 0.018673
0 0.073177 0.194522 0.010243 0.018673
0 0.073047 0.194522 0.009983 0.018673
0 0.072917 0.194522 0.009722 0.018673
0 0.072786 0.194522 0.009462 0.018673
0 0.072700 0.194522 0.009288 0.018673
0 0.072569 0.194522 0.009028 0.018673
0 0.072569 0.194753 0.009028 0.018210
0 0.072569 0.195525 0.009028 0.018210
0 0.072569 0.196451 0.009028 0.018210
0 0.072700 0.197377 0.008767 0.018210
0 0.072700 0.198148 0.008767 0.018210
0 0.072917 0.199306 0.008854 0.017747
0 0.072917 0.200077 0.008854 0.017747
0 0.072917 0.201003 0.008854 0.017747
0 0.073047 0.201852 0.008594 0.017901
0 0.073047 0.202701 0.008594 0.017747
0 0.073264 0.204090 0.008507 0.017747
0 0.073264 0.204090 0.008507 0.017747
0 0.073264 0.204090 0.008507 0.017747
0 0.073264 0.204090 0.008507 0.017747
0 0.073264 0.204090 0.008507 0.017747
0 0.073264 0.204090 0.008507 0.017747
0 0.073264 0.204090 0.008507 0.017747
0 0.073264 0.204090 0.008507 0.017747
0 0.073264 0.204090 0.008507 0.017747
0 0.073264 0.204090 0.008507 0.017747
0 0.073264 0.204090 0.008507 0.017747
0 0.073047 0.204475 0.008594 0.017901
0 0.072786 0.204861 0.008594 0.017747
0 0.072569 0.205324 0.008507 0.017747
0 0.072439 0.206019 0.008247 0.018210
0 0.072179 0.206481 0.008247 0.018210
0 0.071962 0.206790 0.008333 0.018210
0 0.071832 0.207485 0.008073 0.018673
0 0.071571 0.207948 0.008073 0.018673
0 0.071311 0.208410 0.008073 0.018673
0 0.071311 0.209182 0.008073 0.018673
0 0.071311 0.209182 0.008073 0.018673
0 0.071311 0.209182 0.008073 0.018673
0 0.071311 0.209182 0.008073 0.018673
0 0.071311 0.209182 0.008073 0.018673
0 0.071311 0.209182 0.008073 0.018673
0 0.071311 0.209182 0.008073 0.018673
0 0.071311 0.209182 0.008073 0.018673
0 0.071311 0.209182 0.008073 0.018673
0 0.071311 0.209182 0.008073 0.018673
0 0.071311 0.209182 0.008073 0.018673
0 0.071311 0.209182 0.008073 0.018673
0 0.071311 0.209182 0.008073 0.018673
0 0.071311 0.209182 0.008073 0.018673
0 0.071311 0.209182 0.008073 0.018673
0 0.071311 0.209182 0.008073 0.018673
0 0.071311 0.209182 0.008073 0.018673
0 0.071311 0.209182 0.008073 0.018673
0 0.071311 0.209182 0.008073 0.018673
0 0.071311 0.209182 0.008073 0.018673
0 0.071311 0.209182 0.008073 0.018673
0 0.072439 0.208796 0.008247 0.018519
0 0.073524 0.208410 0.008507 0.018673
0 0.074609 0.207948 0.008767 0.018673
0 0.075694 0.207716 0.009028 0.018210
0 0.076910 0.207253 0.009028 0.018210
0 0.078038 0.206790 0.009201 0.018210
0 0.079167 0.206636 0.009549 0.017901
0 0.080252 0.206250 0.009809 0.017747
0 0.081337 0.205787 0.010069 0.017747
0 0.082552 0.205787 0.010069 0.017747
0 0.082552 0.205324 0.009549 0.017747
0 0.082682 0.205324 0.009288 0.017747
0 0.082812 0.205324 0.009028 0.017747
0 0.082943 0.205093 0.008767 0.017284
0 0.083030 0.205093 0.008594 0.017284
0 0.083030 0.205093 0.008073 0.017284
0 0.083160 0.204938 0.007812 0.016975
0 0.083290 0.204938 0.007552 0.016975
0 0.083420 0.204938 0.007292 0.016975
0 0.083550 0.204938 0.007031 0.016975
0 0.083898 0.204475 0.007378 0.016975
0 0.084375 0.204244 0.007292 0.017438
0 0.084896 0.204090 0.007292 0.017747
0 0.085373 0.204090 0.007378 0.017747
0 0.085851 0.203858 0.007292 0.018210
0 0.086328 0.203627 0.007378 0.018673
0 0.086806 0.203627 0.007292 0.018673
0 0.087326 0.203395 0.007292 0.019136
0 0.087804 0.203164 0.007378 0.019599
0 0.088411 0.203164 0.007552 0.019599
0 0.088672 0.202701 0.007552 0.019599
0 0.089149 0.202315 0.007639 0.019444
0 0.089627 0.201852 0.007552 0.019444
0 0.090148 0.201852 0.007552 0.019444
0 0.090582 0.201466 0.007552 0.019599
0 0.091102 0.201003 0.007552 0.019599
0 0.091623 0.201003 0.007552 0.019599
0 0.092057 0.200540 0.007552 0.019599
0 0.092578 0.200154 0.007552 0.019444
0 0.093056 0.200154 0.007639 0.019444
0 0.093056 0.199691 0.007639 0.019444
0 0.093142 0.199460 0.007812 0.018981
0 0.093273 0.199074 0.007552 0.019136
0 0.093403 0.198843 0.007812 0.018673
0 0.093663 0.198380 0.007812 0.018673
0 0.093663 0.198148 0.007812 0.018210
0 0.093793 0.197685 0.008073 0.018210
0 0.093924 0.197531 0.007812 0.017901
0 0.094054 0.197145 0.008073 0.017747
0 0.094271 0.197145 0.007986 0.017747
0 0.094054 0.196682 0.008073 0.017747
0 0.094054 0.196219 0.008073 0.017747
0 0.093924 0.196219 0.007812 0.017747
0 0.093924 0.195756 0.007812 0.017747
0 0.093924 0.195525 0.007812 0.018210
0 0.093663 0.195370 0.007812 0.017901
0 0.093663 0.195139 0.007812 0.018364
0 0.093663 0.194753 0.007812 0.018210
0 0.093533 0.194753 0.007552 0.018210
0 0.093533 0.194290 0.007552 0.018210
