0 0.175781 0.223534 0.006076 0.014352
0 0.175521 0.222685 0.006076 0.014198
0 0.175521 0.222299 0.006076 0.014352
0 0.175521 0.221836 0.006076 0.014352
0 0.175260 0.221373 0.006076 0.014352
0 0.175260 0.220910 0.006076 0.014352
0 0.175260 0.220525 0.006076 0.014198
0 0.175043 0.220139 0.006163 0.014352
0 0.175043 0.219676 0.006163 0.014352
0 0.175043 0.219213 0.006163 0.014352
0 0.175043 0.218750 0.006163 0.014352
0 0.175260 0.217901 0.006076 0.014198
0 0.175781 0.217052 0.006076 0.014352
0 0.176259 0.216127 0.006163 0.014352
0 0.176476 0.215355 0.006076 0.014352
0 0.176997 0.214429 0.006076 0.014352
0 0.177474 0.213580 0.006163 0.014198
0 0.177734 0.212731 0.006163 0.014352
0 0.178212 0.211806 0.006076 0.014352
0 0.178733 0.210957 0.006076 0.014198
0 0.179167 0.210571 0.006076 0.014352
0 0.179167 0.209645 0.006076 0.014352
0 0.179167 0.208796 0.006076 0.014198
0 0.179167 0.207948 0.006076 0.014352
0 0.179167 0.207022 0.006076 0.014352
0 0.179167 0.206250 0.006076 0.014352
0 0.179167 0.205324 0.006076 0.014352
0 0.179167 0.204475 0.006076 0.014198
0 0.179167 0.203627 0.006076 0.014352
0 0.179167 0.202701 0.006076 0.014352
0 0.179167 0.202315 0.006076 0.014198
0 0.178733 0.201620 0.006076 0.014660
0 0.178472 0.201235 0.006076 0.014815
0 0.177951 0.200540 0.006076 0.015278
0 0.177734 0.200154 0.006163 0.015123
0 0.177474 0.199460 0.006163 0.015586
0 0.176997 0.198997 0.006076 0.015586
0 0.176736 0.198457 0.006076 0.016049
0 0.176259 0.197994 0.006163 0.016049
0 0.176042 0.197299 0.006076 0.016512
0 0.175781 0.196836 0.006076 0.016512
0 0.176042 0.196065 0.006076 0.016512
0 0.176259 0.195602 0.006163 0.016512
0 0.176476 0.195139 0.006076 0.016512
0 0.176997 0.194213 0.006076 0.016512
0 0.177257 0.193827 0.006076 0.016358
0 0.177474 0.193441 0.006163 0.016512
0 0.177951 0.192515 0.006076 0.016512
0 0.178212 0.192052 0.006076 0.016512
0 0.178472 0.191667 0.006076 0.016358
0 0.178950 0.191281 0.006163 0.016512
0 0.178950 0.190818 0.006163 0.016512
0 0.178950 0.190355 0.006163 0.016512
0 0.178950 0.189892 0.006163 0.016512
0 0.178950 0.189506 0.006163 0.016358
0 0.178950 0.189506 0.006163 0.016358
0 0.178950 0.189120 0.006163 0.016512
0 0.178950 0.188657 0.006163 0.016512
0 0.178950 0.188194 0.006163 0.016512
0 0.178950 0.187731 0.006163 0.016512
0 0.178950 0.187731 0.006163 0.016512
0 0.178733 0.183410 0.006076 0.016512
0 0.178733 0.179552 0.006076 0.016512
0 0.178733 0.175617 0.006076 0.016358
0 0.178733 0.171682 0.006076 0.016512
0 0.178733 0.167824 0.006076 0.016512
0 0.178733 0.163966 0.006076 0.016512
0 0.178733 0.159954 0.006076 0.016512
0 0.178733 0.156096 0.006076 0.016512
0 0.178733 0.152238 0.006076 0.016512
0 0.178733 0.148225 0.006076 0.016512
0 0.178472 0.149614 0.006076 0.016512
0 0.178472 0.150849 0.006076 0.016512
0 0.178472 0.152238 0.006076 0.016512
0 0.178212 0.153472 0.006076 0.016512
0 0.178212 0.154784 0.006076 0.016358
0 0.178212 0.156096 0.006076 0.016512
0 0.177951 0.157407 0.006076 0.016358
0 0.177951 0.158719 0.006076 0.016512
0 0.177951 0.159954 0.006076 0.016512
0 0.177951 0.161343 0.006076 0.016512
0 0.177951 0.166512 0.006076 0.016358
0 0.178212 0.172145 0.006076 0.016512
0 0.178472 0.177778 0.006076 0.016358
0 0.178733 0.183179 0.006076 0.016049
0 0.178950 0.188889 0.006163 0.016049
0 0.178950 0.194213 0.006163 0.016512
0 0.179167 0.199691 0.006076 0.016049
0 0.179427 0.205401 0.006076 0.016049
0 0.179688 0.210957 0.006076 0.016049
0 0.179948 0.216667 0.006076 0.016049
0 0.179948 0.216204 0.006076 0.016049
0 0.180165 0.216204 0.006163 0.016049
0 0.180382 0.216204 0.006076 0.016049
0 0.180382 0.216204 0.006076 0.016049
0 0.180642 0.216204 0.006076 0.016049
0 0.180903 0.216204 0.006076 0.016049
0 0.180903 0.216204 0.006076 0.016049
0 0.181163 0.216204 0.006076 0.016049
0 0.181380 0.216204 0.006163 0.016049
0 0.181641 0.216204 0.006163 0.016049
0 0.184549 0.217438 0.006076 0.016049
0 0.187500 0.218827 0.006076 0.016049
0 0.190408 0.220062 0.006163 0.016049
0 0.193316 0.221451 0.006076 0.016049
0 0.196267 0.222685 0.006076 0.016049
0 0.199219 0.223920 0.006076 0.016049
0 0.202127 0.225309 0.006163 0.016049
0 0.205035 0.226543 0.006076 0.016049
0 0.207986 0.227932 0.006076 0.016049
0 0.210938 0.229630 0.006076 0.016049
0 0.216753 0.238272 0.006597 0.016049
0 0.222873 0.247377 0.007031 0.016049
0 0.228733 0.256481 0.007639 0.016049
0 0.234852 0.265586 0.008073 0.016049
0 0.240668 0.274691 0.008594 0.016049
0 0.246788 0.283488 0.009028 0.016049
0 0.252648 0.292593 0.009462 0.016049
0 0.258724 0.301698 0.009983 0.016049
0 0.264627 0.310802 0.010503 0.016049
0 0.270703 0.319907 0.011024 0.016049
0 0.269618 0.315895 0.010764 0.016049
0 0.268533 0.312037 0.010503 0.016049
0 0.267535 0.308410 0.010069 0.015586
0 0.266406 0.304475 0.009722 0.015741
0 0.265582 0.301003 0.009462 0.015586
0 0.264453 0.297145 0.009288 0.015586
0 0.263368 0.293133 0.009028 0.015586
0 0.262413 0.289506 0.008507 0.015123
0 0.261285 0.285571 0.008333 0.015278
0 0.260460 0.282099 0.008073 0.015123
0 0.260460 0.282099 0.008073 0.015123
0 0.260460 0.282099 0.008073 0.015123
0 0.260460 0.282099 0.008073 0.015123
0 0.260460 0.282099 0.008073 0.015123
0 0.260460 0.282099 0.008073 0.015123
0 0.260460 0.282099 0.008073 0.015123
0 0.260460 0.282099 0.008073 0.015123
0 0.260460 0.282099 0.008073 0.015123
0 0.260460 0.282099 0.008073 0.015123
0 0.260460 0.282099 0.008073 0.015123
0 0.253602 0.274769 0.008073 0.015278
0 0.246788 0.267361 0.007986 0.015278
0 0.239974 0.260031 0.008073 0.015123
0 0.233377 0.252623 0.008073 0.015123
0 0.226519 0.245216 0.008073 0.015123
0 0.219705 0.237886 0.007986 0.015278
0 0.213108 0.230478 0.007986 0.015278
0 0.206293 0.223148 0.008073 0.015123
0 0.199436 0.215741 0.008073 0.015123
0 0.192839 0.208333 0.008073 0.015123
0 0.187240 0.208333 0.007986 0.015123
0 0.181771 0.208796 0.007812 0.015123
0 0.176259 0.209259 0.007552 0.015123
0 0.170747 0.209645 0.007292 0.015278
0 0.165278 0.210108 0.007118 0.015278
0 0.159679 0.210340 0.007031 0.014815
0 0.154167 0.210725 0.006771 0.014660
0 0.148698 0.211188 0.006597 0.014660
0 0.143186 0.211651 0.006337 0.014660
0 0.137717 0.212037 0.006163 0.014815
0 0.136719 0.212500 0.006076 0.014815
0 0.135764 0.213117 0.006076 0.015123
0 0.134809 0.213812 0.006076 0.015586
0 0.134028 0.214275 0.006076 0.015586
0 0.133073 0.214815 0.006076 0.016049
0 0.132118 0.215509 0.006076 0.016512
0 0.131337 0.215972 0.006076 0.016512
0 0.130382 0.216590 0.006076 0.016821
0 0.129427 0.217284 0.006076 0.017284
0 0.128689 0.217901 0.006163 0.017901
0 0.128429 0.217901 0.006163 0.017901
0 0.128212 0.217901 0.006076 0.017901
0 0.128082 0.217901 0.006337 0.017901
0 0.127951 0.217901 0.006076 0.017901
0 0.127691 0.217901 0.006076 0.017901
0 0.127561 0.217901 0.006337 0.017901
0 0.127300 0.217901 0.006337 0.017901
0 0.127300 0.218133 0.006337 0.018364
