0 0.102431 0.171682 0.007812 0.019907
0 0.102951 0.171682 0.007812 0.019907
0 0.103646 0.171914 0.007812 0.020370
0 0.104167 0.171914 0.007812 0.020370
0 0.104861 0.172145 0.007812 0.020833
0 0.105512 0.172608 0.008073 0.020833
0 0.106076 0.172608 0.007812 0.020833
0 0.106727 0.172840 0.008073 0.021296
0 0.107292 0.172840 0.007812 0.021296
0 0.107943 0.172994 0.008073 0.021605
0 0.108637 0.173457 0.008073 0.021605
0 0.108637 0.173457 0.008073 0.021605
0 0.108898 0.173457 0.008073 0.021605
0 0.109158 0.173457 0.008073 0.021605
0 0.109418 0.173457 0.008073 0.021605
0 0.109635 0.173843 0.007986 0.021759
0 0.109635 0.173843 0.007986 0.021759
0 0.109896 0.173843 0.007986 0.021759
0 0.110113 0.173843 0.008073 0.021759
0 0.110373 0.173843 0.008073 0.021759
0 0.110634 0.174306 0.008073 0.021759
0 0.110894 0.174306 0.008073 0.021759
0 0.111111 0.174306 0.007986 0.021759
0 0.111328 0.174306 0.008073 0.021759
0 0.111589 0.174306 0.008073 0.021759
0 0.111849 0.174769 0.008073 0.021759
0 0.112109 0.174769 0.008073 0.021759
0 0.112326 0.174769 0.007986 0.021759
0 0.112543 0.174769 0.008073 0.021759
0 0.112804 0.174769 0.008073 0.021759
0 0.113325 0.175154 0.008073 0.021605
0 0.113542 0.175154 0.007986 0.021605
0 0.113802 0.175154 0.007986 0.021605
0 0.114019 0.175154 0.008073 0.021605
0 0.114280 0.175154 0.008073 0.021605
0 0.114800 0.175617 0.008073 0.021605
0 0.115017 0.175617 0.007986 0.021605
0 0.115234 0.175617 0.008073 0.021605
0 0.115495 0.175617 0.008073 0.021605
0 0.115755 0.175617 0.008073 0.021605
0 0.116233 0.176080 0.007986 0.021605
0 0.116233 0.175617 0.007986 0.021605
0 0.116450 0.175617 0.008073 0.021605
0 0.116710 0.175617 0.008073 0.021605
0 0.116970 0.175154 0.008073 0.021605
0 0.117231 0.175154 0.008073 0.021605
0 0.117231 0.175154 0.008073 0.021605
0 0.117448 0.174769 0.007986 0.021759
0 0.117665 0.174769 0.008073 0.021759
0 0.117925 0.174769 0.008073 0.021759
0 0.118186 0.174769 0.008073 0.021759
0 0.118186 0.174306 0.008073 0.021759
0 0.118446 0.174306 0.008073 0.021759
0 0.118576 0.174306 0.007812 0.021759
0 0.118663 0.173843 0.007986 0.021759
0 0.118793 0.173843 0.007726 0.021759
0 0.119010 0.173843 0.007812 0.021759
0 0.119010 0.173457 0.007812 0.021605
0 0.119271 0.173457 0.007812 0.021605
0 0.119401 0.173457 0.007552 0.021605
0 0.119661 0.173457 0.007552 0.021605
0 0.119792 0.172994 0.007292 0.021605
0 0.120009 0.172840 0.007378 0.021296
0 0.120269 0.172377 0.007378 0.021296
0 0.120486 0.172377 0.007292 0.021296
0 0.120877 0.171914 0.007031 0.021296
0 0.120964 0.171682 0.006858 0.020833
0 0.121224 0.171451 0.006858 0.021296
0 0.121484 0.171219 0.006858 0.020833
0 0.121745 0.170910 0.006858 0.020833
0 0.122092 0.170910 0.006510 0.020833
0 0.122092 0.170448 0.006510 0.020833
0 0.122222 0.170216 0.006771 0.021296
0 0.122309 0.169985 0.006597 0.021759
0 0.122439 0.169985 0.006858 0.021759
0 0.122700 0.169753 0.006858 0.022222
0 0.122700 0.169599 0.006858 0.022531
0 0.122830 0.169599 0.007118 0.022531
0 0.122960 0.169367 0.006858 0.022994
0 0.123047 0.169136 0.007031 0.023457
0 0.123307 0.169136 0.007031 0.023457
0 0.123307 0.168441 0.007031 0.022994
0 0.123568 0.167978 0.007031 0.022994
0 0.123655 0.167593 0.006858 0.022840
0 0.123785 0.166975 0.007118 0.022531
0 0.123915 0.166512 0.006858 0.022531
0 0.124175 0.166049 0.006858 0.022531
0 0.124175 0.165432 0.006858 0.022222
0 0.124436 0.164969 0.006858 0.022222
0 0.124566 0.164583 0.006597 0.022068
0 0.124740 0.164352 0.006597 0.021605
0 0.125130 0.163503 0.006858 0.021759
0 0.125651 0.163040 0.006858 0.021759
0 0.126085 0.162577 0.006858 0.021759
0 0.126606 0.162191 0.006858 0.021605
0 0.127083 0.161728 0.006771 0.021605
0 0.127474 0.161111 0.007031 0.022222
0 0.127951 0.160648 0.007118 0.022222
0 0.128429 0.160262 0.007031 0.022068
0 0.128906 0.159799 0.007118 0.022068
0 0.129427 0.159336 0.007118 0.022068
0 0.129905 0.158488 0.007031 0.022222
0 0.130382 0.158025 0.007118 0.022222
0 0.130859 0.157639 0.007031 0.022068
0 0.131380 0.157176 0.007031 0.022068
0 0.131858 0.156713 0.007118 0.022068
0 0.132335 0.155864 0.007031 0.022222
0 0.132812 0.155478 0.007118 0.022068
0 0.133333 0.155015 0.007118 0.022068
0 0.133811 0.154552 0.007031 0.022068
0 0.134288 0.154167 0.007118 0.022222
0 0.134549 0.153704 0.007118 0.022222
0 0.134766 0.153549 0.007031 0.022531
0 0.135026 0.153086 0.007031 0.022531
0 0.135286 0.153086 0.007031 0.022531
0 0.135503 0.152855 0.007118 0.022994
0 0.135764 0.152392 0.007118 0.022994
0 0.135981 0.152392 0.007031 0.022994
0 0.136241 0.151929 0.007031 0.022994
0 0.136502 0.151698 0.007031 0.023457
0 0.136979 0.151698 0.007118 0.023457
0 0.137717 0.150926 0.007031 0.023457
0 0.138455 0.150231 0.007118 0.022994
0 0.139149 0.149306 0.007118 0.022994
0 0.139887 0.148765 0.007031 0.022531
0 0.140625 0.148071 0.007118 0.022994
0 0.141363 0.147377 0.007031 0.022531
0 0.142101 0.146605 0.007118 0.022531
0 0.142839 0.145910 0.007031 0.022068
0 0.143576 0.145062 0.007118 0.022222
0 0.144531 0.144599 0.007118 0.022222
0 0.145009 0.143750 0.007031 0.022068
0 0.145530 0.143287 0.007031 0.022068
0 0.146267 0.142438 0.007118 0.022222
0 0.146745 0.141975 0.007031 0.022222
0 0.147483 0.141590 0.007118 0.022068
0 0.147960 0.140664 0.007031 0.022068
0 0.148438 0.140278 0.007118 0.022222
0 0.149175 0.139429 0.007031 0.022068
0 0.149653 0.138966 0.007118 0.022068
0 0.150391 0.138503 0.007031 0.022068
0 0.150651 0.137654 0.007031 0.022222
0 0.150868 0.137269 0.007118 0.022068
0 0.151128 0.136806 0.007118 0.022068
0 0.151389 0.136343 0.007118 0.022068
0 0.151606 0.135880 0.007031 0.022068
0 0.151866 0.135262 0.007031 0.022685
0 0.152083 0.134877 0.007118 0.022531
0 0.152344 0.134414 0.007118 0.022531
0 0.152604 0.133951 0.007118 0.022531
0 0.152821 0.133488 0.007031 0.022531
0 0.152821 0.132870 0.007031 0.022222
0 0.152951 0.132485 0.007292 0.022068
0 0.153082 0.132022 0.007031 0.022068
0 0.153212 0.131559 0.007292 0.022068
0 0.153342 0.131173 0.007031 0.022222
0 0.153472 0.130710 0.007292 0.022222
0 0.153472 0.130324 0.007292 0.022068
0 0.153689 0.129861 0.007378 0.022068
0 0.153689 0.129398 0.007378 0.022068
0 0.153906 0.128935 0.007292 0.022068
0 0.153472 0.128164 0.007292 0.022068
0 0.152951 0.127469 0.007292 0.021605
0 0.152474 0.127006 0.007378 0.021605
0 0.152214 0.126389 0.007378 0.021296
0 0.151736 0.125926 0.007292 0.021296
0 0.151259 0.125231 0.007378 0.020833
0 0.150998 0.124691 0.007378 0.020370
0 0.150521 0.124228 0.007292 0.020370
0 0.150043 0.123534 0.007378 0.019907
0 0.149783 0.123148 0.007378 0.020062
0 0.149566 0.122685 0.007292 0.020062
0 0.149306 0.122454 0.007292 0.019599
0 0.149045 0.122222 0.007292 0.019136
0 0.148915 0.122068 0.007031 0.019444
0 0.148698 0.121836 0.007118 0.018981
0 0.148438 0.121605 0.007118 0.018519
0 0.148307 0.121373 0.006858 0.018981
0 0.148047 0.121219 0.006858 0.018673
0 0.147830 0.120988 0.006771 0.018210
0 0.147830 0.120988 0.006771 0.018210
