0 0.174045 0.191049 0.008507 0.026543
0 0.173828 0.189275 0.008594 0.026389
0 0.173568 0.187809 0.008594 0.026852
0 0.173568 0.186265 0.008594 0.026543
0 0.173351 0.184722 0.008507 0.026852
0 0.173351 0.183179 0.008507 0.026543
0 0.173090 0.181713 0.008507 0.027006
0 0.172830 0.179938 0.008507 0.026852
0 0.172830 0.178704 0.008507 0.026852
0 0.172613 0.176929 0.008594 0.027006
0 0.172613 0.175617 0.008594 0.026852
0 0.172352 0.174769 0.008594 0.027006
0 0.172352 0.174306 0.008594 0.027006
0 0.172352 0.173920 0.008594 0.026852
0 0.172135 0.173457 0.008507 0.026852
0 0.172135 0.172994 0.008507 0.026852
0 0.172135 0.172531 0.008507 0.026852
0 0.171875 0.172145 0.008507 0.027006
0 0.171875 0.171759 0.008507 0.026852
0 0.171875 0.171296 0.008507 0.026852
0 0.171875 0.170833 0.008507 0.026852
0 0.171615 0.170833 0.008507 0.026852
0 0.171615 0.170833 0.008507 0.026852
0 0.171615 0.170833 0.008507 0.026852
0 0.171398 0.170833 0.008594 0.026852
0 0.171398 0.170833 0.008594 0.026852
0 0.171398 0.170833 0.008594 0.026852
0 0.171137 0.170833 0.008594 0.026852
0 0.171137 0.170833 0.008594 0.026852
0 0.171137 0.170833 0.008594 0.026852
0 0.171137 0.170833 0.008594 0.026852
0 0.171137 0.170833 0.008594 0.026852
0 0.171137 0.170833 0.008594 0.026852
0 0.171137 0.170833 0.008594 0.026852
0 0.171398 0.170833 0.008594 0.026852
0 0.171398 0.170833 0.008594 0.026852
0 0.171398 0.170833 0.008594 0.026852
0 0.171615 0.170833 0.008507 0.026852
0 0.171615 0.170833 0.008507 0.026852
0 0.171615 0.170833 0.008507 0.026852
0 0.171875 0.170833 0.008507 0.026852
0 0.171875 0.170833 0.008507 0.026852
0 0.171875 0.170833 0.008507 0.026852
0 0.171875 0.170833 0.008507 0.026852
0 0.171875 0.170833 0.008507 0.026852
0 0.171875 0.170833 0.008507 0.026852
0 0.171875 0.170833 0.008507 0.026852
0 0.171875 0.170833 0.008507 0.026852
0 0.171875 0.170833 0.008507 0.026852
0 0.171875 0.170833 0.008507 0.026852
0 0.171875 0.170833 0.008507 0.026852
