0 0.126606 0.228935 0.011198 0.016512
0 0.126606 0.228549 0.011198 0.016358
0 0.126606 0.228549 0.011198 0.016358
0 0.126606 0.228164 0.011198 0.016512
0 0.126606 0.228164 0.011198 0.016512
0 0.126606 0.228164 0.011198 0.016512
0 0.126606 0.227701 0.011198 0.016512
0 0.126606 0.227701 0.011198 0.016512
0 0.126606 0.227238 0.011198 0.016512
0 0.126606 0.227238 0.011198 0.016512
0 0.126606 0.227238 0.011198 0.016512
0 0.126345 0.226775 0.011198 0.016512
0 0.126345 0.226775 0.011198 0.016512
0 0.126128 0.226775 0.011285 0.016512
0 0.126128 0.226775 0.011285 0.016512
0 0.126128 0.226775 0.011285 0.016512
0 0.125868 0.226312 0.011285 0.016512
0 0.125868 0.226312 0.011285 0.016512
0 0.125651 0.226312 0.011198 0.016512
0 0.125651 0.226312 0.011198 0.016512
0 0.125651 0.226312 0.011198 0.016512
0 0.125651 0.226312 0.011198 0.016512
0 0.125651 0.226312 0.011198 0.016512
0 0.125651 0.226312 0.011198 0.016512
0 0.125651 0.226312 0.011198 0.016512
0 0.125651 0.226312 0.011198 0.016512
0 0.125651 0.226312 0.011198 0.016512
0 0.125651 0.226312 0.011198 0.016512
0 0.125651 0.226312 0.011198 0.016512
0 0.125651 0.226312 0.011198 0.016512
0 0.125651 0.226543 0.011198 0.016975
0 0.125651 0.226157 0.011198 0.016821
0 0.125651 0.226157 0.011198 0.016821
0 0.125651 0.226157 0.011198 0.016821
0 0.125651 0.226157 0.011198 0.016821
0 0.125651 0.226157 0.011198 0.016821
0 0.125651 0.226157 0.011198 0.016821
0 0.125651 0.226157 0.011198 0.016821
0 0.125651 0.226157 0.011198 0.016821
0 0.125651 0.226157 0.011198 0.016821
0 0.125651 0.226157 0.011198 0.016821
0 0.125651 0.225772 0.011198 0.016975
0 0.125651 0.225772 0.011198 0.016975
0 0.125651 0.225772 0.011198 0.016975
0 0.125651 0.225772 0.011198 0.016975
0 0.125651 0.225772 0.011198 0.016975
0 0.125651 0.225772 0.011198 0.016975
0 0.125651 0.225772 0.011198 0.016975
0 0.125651 0.225772 0.011198 0.016975
0 0.125651 0.225772 0.011198 0.016975
0 0.125651 0.225772 0.011198 0.016975
0 0.125651 0.225772 0.011198 0.016975
0 0.125868 0.225772 0.011285 0.016975
0 0.126128 0.226157 0.011285 0.016821
0 0.126345 0.226157 0.011198 0.016821
0 0.126606 0.226543 0.011198 0.016975
0 0.126866 0.226543 0.011198 0.016975
0 0.127083 0.226543 0.011285 0.016975
0 0.127344 0.227006 0.011285 0.016975
0 0.127561 0.227006 0.011198 0.016975
0 0.127821 0.227469 0.011198 0.016975
0 0.127561 0.227469 0.011198 0.016975
0 0.127561 0.227469 0.011198 0.016975
0 0.127344 0.227469 0.011285 0.016975
0 0.127344 0.227469 0.011285 0.016975
0 0.127344 0.227469 0.011285 0.016975
0 0.127083 0.227469 0.011285 0.016975
0 0.127083 0.227469 0.011285 0.016975
0 0.126866 0.227469 0.011198 0.016975
0 0.126866 0.227469 0.011198 0.016975
0 0.126866 0.227469 0.011198 0.016975
0 0.125868 0.227006 0.011285 0.016975
0 0.125130 0.227006 0.011198 0.016975
0 0.124436 0.227006 0.011198 0.016975
0 0.123655 0.226775 0.011198 0.016512
0 0.122960 0.226775 0.011198 0.016512
0 0.122222 0.226543 0.011285 0.016975
0 0.121484 0.226312 0.011198 0.016512
0 0.120747 0.226312 0.011285 0.016512
0 0.120009 0.226312 0.011198 0.016512
0 0.119271 0.226312 0.011285 0.016512
0 0.118056 0.226312 0.011285 0.016512
0 0.117057 0.226312 0.011198 0.016512
0 0.116102 0.226312 0.011198 0.016512
0 0.114887 0.226312 0.011198 0.016512
0 0.113932 0.226312 0.011198 0.016512
0 0.112934 0.226312 0.011285 0.016512
0 0.111719 0.226312 0.011285 0.016512
0 0.110720 0.226312 0.011198 0.016512
0 0.109766 0.226312 0.011198 0.016512
0 0.108811 0.226543 0.011198 0.016975
0 0.107335 0.226157 0.011198 0.016821
0 0.106120 0.226157 0.011198 0.016821
0 0.104644 0.225772 0.011198 0.016975
0 0.103429 0.225772 0.011198 0.016975
0 0.102214 0.225309 0.011198 0.016975
0 0.100738 0.225309 0.011198 0.016975
0 0.099523 0.224846 0.011198 0.016975
0 0.098047 0.224846 0.011198 0.016975
0 0.096832 0.224383 0.011198 0.016975
0 0.095616 0.224383 0.011198 0.016975
0 0.095095 0.223148 0.011198 0.016975
0 0.094878 0.221836 0.011285 0.016821
0 0.094661 0.220525 0.011198 0.016975
0 0.094401 0.219213 0.011198 0.016821
0 0.094141 0.217901 0.011198 0.016975
0 0.093663 0.216590 0.011285 0.016821
0 0.093446 0.215278 0.011198 0.016975
0 0.093186 0.214043 0.011198 0.016975
0 0.092925 0.212731 0.011198 0.016821
0 0.092665 0.211420 0.011198 0.016975
0 0.092925 0.209877 0.011198 0.016358
0 0.093316 0.208565 0.010937 0.016512
0 0.093663 0.207330 0.010764 0.016512
0 0.094054 0.205941 0.010503 0.016512
0 0.094488 0.204707 0.010503 0.016512
0 0.094878 0.203395 0.010243 0.016358
0 0.095269 0.202083 0.009983 0.016512
0 0.095616 0.200772 0.009809 0.016358
0 0.095964 0.199460 0.009462 0.016512
0 0.096441 0.198225 0.009549 0.016512
0 0.095964 0.197299 0.009462 0.016512
0 0.095747 0.196836 0.009549 0.016512
0 0.095226 0.196065 0.009549 0.016512
0 0.095009 0.195602 0.009462 0.016512
0 0.094661 0.194907 0.009288 0.016975
0 0.094271 0.194213 0.009549 0.016512
0 0.093880 0.193596 0.009288 0.016821
0 0.093533 0.192978 0.009462 0.016512
0 0.093186 0.192284 0.009288 0.016975
0 0.092925 0.191898 0.009288 0.016821
0 0.092101 0.190818 0.009028 0.017438
0 0.091189 0.190201 0.008767 0.017747
0 0.090495 0.189506 0.008767 0.018210
0 0.089627 0.188580 0.008594 0.018210
0 0.089019 0.188040 0.008247 0.018673
0 0.088151 0.187346 0.008073 0.019136
0 0.087326 0.186420 0.007812 0.019136
0 0.086545 0.185802 0.007812 0.019444
0 0.085720 0.185185 0.007552 0.020062
0 0.085113 0.184568 0.007378 0.020370
0 0.084635 0.184105 0.007292 0.020370
0 0.084375 0.183642 0.007292 0.020370
0 0.083898 0.183179 0.007378 0.020370
0 0.083681 0.182716 0.007292 0.020370
0 0.083420 0.182562 0.007292 0.020679
0 0.082899 0.182176 0.007292 0.020833
0 0.082682 0.181713 0.007378 0.020833
0 0.082205 0.181250 0.007292 0.020833
0 0.081944 0.180787 0.007292 0.020833
0 0.081684 0.180556 0.007292 0.021296
0 0.081207 0.179552 0.007378 0.021759
0 0.080990 0.178627 0.007292 0.021759
0 0.080599 0.177778 0.007031 0.021605
0 0.080252 0.176698 0.007378 0.022222
0 0.079991 0.176080 0.007378 0.022531
0 0.079644 0.175154 0.007031 0.022531
0 0.079253 0.174151 0.007292 0.022994
0 0.078906 0.173225 0.007118 0.022994
0 0.078646 0.172299 0.007118 0.022994
0 0.078429 0.171759 0.007031 0.023457
0 0.078168 0.170833 0.007031 0.023457
0 0.078038 0.169985 0.007292 0.023302
0 0.077778 0.169136 0.007292 0.023457
0 0.077648 0.168673 0.007552 0.023457
0 0.077431 0.167824 0.007639 0.023302
0 0.077344 0.166975 0.007812 0.023457
0 0.077083 0.166512 0.007812 0.023457
0 0.076953 0.165586 0.008073 0.023457
0 0.076693 0.164815 0.008073 0.023457
0 0.076693 0.164352 0.008073 0.023457
0 0.076562 0.163426 0.008333 0.023457
0 0.076562 0.163040 0.008333 0.023302
0 0.076476 0.162191 0.008507 0.023457
0 0.076476 0.161728 0.008507 0.023457
0 0.076345 0.160880 0.008767 0.023302
0 0.076345 0.160494 0.008767 0.023457
0 0.076215 0.159568 0.009028 0.023457
0 0.076215 0.159105 0.009028 0.023457
0 0.076085 0.158256 0.009288 0.023302
0 0.076085 0.157870 0.009288 0.023457
