0 0.141580 0.108333 0.006076 0.023457
0 0.141363 0.108333 0.006163 0.023457
0 0.141363 0.108333 0.006163 0.023457
0 0.141146 0.108333 0.006076 0.023457
0 0.141146 0.108333 0.006076 0.023457
0 0.140885 0.108796 0.006076 0.023457
0 0.140885 0.108796 0.006076 0.023457
0 0.140625 0.108796 0.006076 0.023457
0 0.140625 0.108796 0.006076 0.023457
0 0.140365 0.108796 0.006076 0.023457
0 0.140365 0.109259 0.006076 0.023457
0 0.140148 0.109259 0.006163 0.023457
0 0.139931 0.109259 0.006076 0.023457
0 0.139670 0.109259 0.006076 0.023457
0 0.139410 0.109259 0.006076 0.023457
0 0.139280 0.109259 0.006337 0.023457
0 0.139019 0.109259 0.006337 0.023457
0 0.138802 0.109259 0.006424 0.023457
0 0.138585 0.109259 0.006337 0.023457
0 0.138325 0.109259 0.006337 0.023457
0 0.138325 0.109722 0.006337 0.023457
0 0.138064 0.109722 0.006337 0.023457
0 0.138064 0.109722 0.006337 0.023457
0 0.138064 0.110108 0.006337 0.023302
0 0.137804 0.110108 0.006337 0.023302
0 0.137804 0.110494 0.006337 0.023457
0 0.137804 0.110494 0.006337 0.023457
0 0.137587 0.110494 0.006424 0.023457
0 0.137587 0.110957 0.006424 0.023457
0 0.137587 0.110957 0.006424 0.023457
0 0.137587 0.111420 0.006424 0.023457
0 0.137109 0.111420 0.006337 0.023457
0 0.136849 0.111883 0.006337 0.023457
0 0.136328 0.112269 0.006337 0.023302
0 0.136155 0.112269 0.006337 0.023302
0 0.135634 0.112654 0.006337 0.023457
0 0.135373 0.113117 0.006337 0.023457
0 0.134939 0.113117 0.006337 0.023457
0 0.134679 0.113580 0.006337 0.023457
0 0.134158 0.114043 0.006337 0.023457
0 0.133898 0.114506 0.006337 0.023457
0 0.133464 0.114506 0.006337 0.023457
0 0.133073 0.114738 0.006597 0.022994
0 0.132552 0.114892 0.006597 0.023302
0 0.132205 0.115046 0.006771 0.022994
0 0.131858 0.115509 0.006597 0.022994
0 0.131467 0.115509 0.006858 0.022994
0 0.130990 0.115741 0.006771 0.022531
0 0.130642 0.115972 0.007118 0.022994
0 0.130122 0.116204 0.007118 0.022531
0 0.129905 0.116667 0.007031 0.022531
0 0.129557 0.116667 0.006858 0.022531
0 0.129297 0.117052 0.006858 0.022685
0 0.129036 0.117438 0.006858 0.022531
0 0.128646 0.117670 0.006597 0.022994
0 0.128472 0.118133 0.006597 0.022994
0 0.128212 0.118596 0.006597 0.022994
0 0.127821 0.118827 0.006337 0.023457
0 0.127561 0.119213 0.006337 0.023302
0 0.127300 0.119599 0.006337 0.023457
0 0.127127 0.120062 0.006337 0.023457
0 0.126866 0.120525 0.006337 0.023457
0 0.126866 0.120988 0.006337 0.023457
0 0.126866 0.121451 0.006337 0.023457
0 0.126866 0.122222 0.006337 0.023457
0 0.126866 0.122685 0.006337 0.023457
0 0.126606 0.123148 0.006337 0.023457
0 0.126606 0.123997 0.006337 0.023302
0 0.126606 0.124383 0.006337 0.023457
0 0.126606 0.124846 0.006337 0.023457
0 0.126606 0.125772 0.006337 0.023457
0 0.126215 0.126157 0.006597 0.023302
0 0.126085 0.126775 0.006858 0.022994
0 0.125998 0.127238 0.007031 0.022994
0 0.125738 0.128164 0.007552 0.022994
0 0.125608 0.128549 0.007812 0.022840
0 0.125347 0.129167 0.007812 0.022531
0 0.125130 0.129861 0.008247 0.022994
0 0.125000 0.130556 0.008507 0.022531
0 0.124870 0.130941 0.008767 0.022685
0 0.124740 0.131790 0.009028 0.022531
0 0.124870 0.132253 0.009288 0.021605
0 0.125000 0.132639 0.009549 0.020833
0 0.125130 0.133565 0.009809 0.019907
0 0.125260 0.133951 0.010069 0.019136
0 0.125477 0.134877 0.009983 0.018210
0 0.125608 0.135262 0.010243 0.017438
0 0.125738 0.135725 0.010503 0.016512
0 0.125868 0.136574 0.010764 0.015741
0 0.125998 0.137037 0.011024 0.014815
0 0.126259 0.137809 0.011024 0.013889
0 0.125998 0.138040 0.010503 0.014352
0 0.125738 0.138272 0.009983 0.014815
0 0.125521 0.138503 0.009549 0.015278
0 0.125260 0.138735 0.009028 0.015741
0 0.125260 0.139352 0.008507 0.016049
0 0.125043 0.139583 0.008073 0.016512
0 0.124783 0.139815 0.007552 0.016975
0 0.124523 0.140046 0.007031 0.017438
0 0.124306 0.140278 0.006597 0.017901
0 0.124306 0.140895 0.006076 0.018210
0 0.124566 0.141127 0.006597 0.017747
0 0.125000 0.141590 0.007118 0.017747
0 0.125260 0.141821 0.007639 0.017284
0 0.125738 0.142207 0.008073 0.017438
0 0.125998 0.142901 0.008594 0.016975
0 0.126476 0.143133 0.009028 0.016512
0 0.126736 0.143519 0.009549 0.016358
0 0.127214 0.143673 0.009983 0.016049
0 0.127474 0.144136 0.010503 0.016049
0 0.127951 0.144830 0.010937 0.015586
0 0.127691 0.145525 0.011458 0.016049
0 0.127561 0.146296 0.011719 0.016049
0 0.127431 0.147222 0.011979 0.016049
0 0.127214 0.148071 0.012413 0.016204
0 0.127083 0.148920 0.012674 0.016049
0 0.126953 0.149846 0.012934 0.016049
0 0.126736 0.150617 0.013368 0.016049
0 0.126606 0.151543 0.013628 0.016049
0 0.126476 0.152469 0.013889 0.016049
0 0.126345 0.153472 0.014149 0.016512
0 0.126085 0.153935 0.014149 0.016512
0 0.125998 0.154630 0.014323 0.016049
0 0.125998 0.155401 0.014323 0.016049
0 0.125781 0.156096 0.014410 0.015586
0 0.125781 0.157022 0.014410 0.015586
0 0.125651 0.157407 0.014670 0.015741
0 0.125391 0.158025 0.014670 0.015123
0 0.125391 0.158951 0.014670 0.015123
0 0.125260 0.159568 0.014931 0.014815
0 0.125260 0.160417 0.014931 0.014660
0 0.125521 0.160880 0.014931 0.014660
0 0.125868 0.161728 0.014583 0.014815
0 0.126345 0.162346 0.014670 0.015123
0 0.126736 0.163040 0.014410 0.014660
0 0.127214 0.163735 0.014323 0.015123
0 0.127431 0.164583 0.014410 0.015278
0 0.127821 0.164969 0.014149 0.015123
0 0.128342 0.165895 0.014149 0.015123
0 0.128646 0.166512 0.013889 0.015741
0 0.129167 0.167361 0.013889 0.015586
0 0.129167 0.167824 0.013889 0.015586
0 0.129167 0.168519 0.013889 0.016049
0 0.129427 0.168827 0.013889 0.016049
0 0.129427 0.169522 0.013889 0.016512
0 0.129644 0.170216 0.013976 0.016975
0 0.129644 0.170602 0.013976 0.016821
0 0.129644 0.171296 0.013976 0.017284
0 0.129905 0.171682 0.013976 0.017438
0 0.129905 0.172377 0.013976 0.017901
0 0.130122 0.172994 0.013889 0.018210
0 0.129991 0.173225 0.014149 0.017747
0 0.129991 0.173688 0.014149 0.017747
0 0.129861 0.174151 0.014410 0.017747
0 0.129991 0.174537 0.014670 0.017901
0 0.129905 0.175154 0.014844 0.017284
0 0.129905 0.175386 0.014844 0.016821
0 0.129905 0.175849 0.015365 0.016821
0 0.129905 0.176235 0.015365 0.016975
0 0.129774 0.176698 0.015625 0.016975
0 0.129905 0.177392 0.015885 0.016512
0 0.129905 0.177778 0.015365 0.016358
0 0.130035 0.178164 0.015104 0.016512
0 0.130122 0.178627 0.014931 0.016512
0 0.130252 0.179090 0.014670 0.016512
0 0.130382 0.179552 0.014410 0.016512
0 0.130512 0.180015 0.014149 0.016512
0 0.130642 0.180401 0.013889 0.016358
0 0.130773 0.180787 0.013628 0.016512
0 0.130859 0.181250 0.013455 0.016512
0 0.131120 0.182176 0.012934 0.016512
0 0.130859 0.182176 0.012934 0.016512
0 0.130599 0.182330 0.012934 0.016821
0 0.130512 0.182330 0.013108 0.016821
0 0.130295 0.182562 0.013194 0.017284
0 0.130035 0.182793 0.013194 0.017747
0 0.130035 0.182793 0.013194 0.017747
0 0.129774 0.183025 0.013194 0.018210
0 0.129514 0.183256 0.013194 0.018673
0 0.129384 0.183256 0.013455 0.018673
0 0.129167 0.183410 0.013368 0.018981
