0 0.004123 0.176698 0.008247 0.023765
0 0.003993 0.177160 0.007986 0.023765
0 0.003993 0.178009 0.007986 0.023920
0 0.003863 0.178704 0.007726 0.023457
0 0.003863 0.179321 0.007726 0.023765
0 0.003776 0.180170 0.007552 0.023920
0 0.003776 0.180864 0.007552 0.023457
0 0.003646 0.181481 0.007292 0.023765
0 0.003646 0.182099 0.007292 0.023457
0 0.003516 0.183025 0.007031 0.023457
0 0.003516 0.183873 0.007031 0.023302
0 0.003255 0.184722 0.006510 0.023457
0 0.003168 0.185648 0.006337 0.023457
0 0.002908 0.186420 0.005816 0.023457
0 0.002778 0.187346 0.005556 0.023457
0 0.002648 0.188194 0.005295 0.023302
0 0.002431 0.189043 0.004861 0.023457
0 0.002300 0.189969 0.004601 0.023457
0 0.002040 0.190741 0.004080 0.023457
0 0.001910 0.191667 0.003819 0.023457
0 0.001823 0.192824 0.003646 0.022994
0 0.001823 0.192824 0.003646 0.022994
0 0.001823 0.192824 0.003646 0.022994
0 0.001823 0.192824 0.003646 0.022994
0 0.001823 0.192824 0.003646 0.022994
0 0.001823 0.192824 0.003646 0.022994
0 0.001823 0.192824 0.003646 0.022994
0 0.001823 0.192824 0.003646 0.022994
0 0.001823 0.192824 0.003646 0.022994
0 0.001823 0.192824 0.003646 0.022994
0 0.001823 0.192824 0.003646 0.022994
0 0.001823 0.192824 0.003646 0.022994
0 0.001823 0.192824 0.003646 0.022994
0 0.001823 0.192824 0.003646 0.022994
0 0.001823 0.192824 0.003646 0.022994
0 0.001823 0.192824 0.003646 0.022994
0 0.001823 0.192824 0.003646 0.022994
0 0.001823 0.192824 0.003646 0.022994
0 0.001823 0.192824 0.003646 0.022994
0 0.001823 0.192824 0.003646 0.022994
0 0.001823 0.192824 0.003646 0.022994
0 0.001823 0.192824 0.003646 0.022994
0 0.001823 0.192824 0.003646 0.022994
0 0.001823 0.192824 0.003646 0.022994
0 0.001823 0.192824 0.003646 0.022994
0 0.001823 0.192824 0.003646 0.022994
0 0.001823 0.192824 0.003646 0.022994
0 0.001823 0.192824 0.003646 0.022994
0 0.001823 0.192824 0.003646 0.022994
0 0.001823 0.192824 0.003646 0.022994
0 0.001823 0.192824 0.003646 0.022994
0 0.001823 0.192824 0.003646 0.022994
0 0.001823 0.192824 0.003646 0.022994
0 0.001823 0.192824 0.003646 0.022994
0 0.001823 0.192824 0.003646 0.022994
0 0.001823 0.192824 0.003646 0.022994
0 0.001823 0.192824 0.003646 0.022994
0 0.001823 0.192824 0.003646 0.022994
0 0.001823 0.192824 0.003646 0.022994
0 0.001823 0.192824 0.003646 0.022994
0 0.001823 0.192824 0.003646 0.022994
0 0.001823 0.192824 0.003646 0.022994
0 0.001823 0.192824 0.003646 0.022994
0 0.001823 0.192824 0.003646 0.022994
0 0.001823 0.192824 0.003646 0.022994
0 0.001823 0.192824 0.003646 0.022994
0 0.001823 0.192824 0.003646 0.022994
0 0.001823 0.192824 0.003646 0.022994
0 0.001823 0.192824 0.003646 0.022994
0 0.001823 0.192824 0.003646 0.022994
0 0.001823 0.192824 0.003646 0.022994
0 0.001823 0.192824 0.003646 0.022994
0 0.001823 0.192824 0.003646 0.022994
0 0.001823 0.192824 0.003646 0.022994
0 0.001823 0.192824 0.003646 0.022994
0 0.001823 0.192824 0.003646 0.022994
0 0.001823 0.192824 0.003646 0.022994
0 0.001823 0.192824 0.003646 0.022994
0 0.001823 0.192824 0.003646 0.022994
0 0.001823 0.192824 0.003646 0.022994
0 0.001823 0.192824 0.003646 0.022994
0 0.001823 0.192824 0.003646 0.022994
0 0.001823 0.192824 0.003646 0.022994
0 0.001823 0.192824 0.003646 0.022994
0 0.001823 0.192824 0.003646 0.022994
0 0.001823 0.192824 0.003646 0.022994
0 0.001823 0.192824 0.003646 0.022994
0 0.001823 0.192824 0.003646 0.022994
0 0.001823 0.192824 0.003646 0.022994
0 0.001823 0.192824 0.003646 0.022994
0 0.001823 0.192824 0.003646 0.022994
0 0.001823 0.192824 0.003646 0.022994
0 0.001823 0.192824 0.003646 0.022994
0 0.001823 0.192824 0.003646 0.022994
0 0.001823 0.192824 0.003646 0.022994
0 0.001823 0.192824 0.003646 0.022994
0 0.001823 0.192824 0.003646 0.022994
0 0.001823 0.192824 0.003646 0.022994
0 0.001823 0.192824 0.003646 0.022994
0 0.001823 0.192824 0.003646 0.022994
0 0.001823 0.192824 0.003646 0.022994
0 0.001823 0.192824 0.003646 0.022994
0 0.001823 0.192824 0.003646 0.022994
0 0.001823 0.192824 0.003646 0.022994
0 0.001823 0.192824 0.003646 0.022994
0 0.001823 0.192824 0.003646 0.022994
0 0.001823 0.192824 0.003646 0.022994
0 0.001823 0.192824 0.003646 0.022994
0 0.001823 0.192824 0.003646 0.022994
0 0.001823 0.192824 0.003646 0.022994
0 0.001823 0.192824 0.003646 0.022994
0 0.002127 0.196219 0.003906 0.022994
0 0.002517 0.199769 0.004167 0.022994
0 0.002908 0.203395 0.004427 0.022531
0 0.003255 0.207022 0.004601 0.022994
0 0.003733 0.210802 0.004687 0.022531
0 0.004080 0.214198 0.004861 0.022531
0 0.004470 0.217978 0.005122 0.022994
0 0.004861 0.221605 0.005382 0.022531
0 0.005208 0.225077 0.005556 0.022685
0 0.005816 0.229012 0.005903 0.022531
0 0.006076 0.228549 0.005903 0.022531
0 0.006554 0.228086 0.005816 0.022531
0 0.007031 0.227623 0.005903 0.022531
0 0.007509 0.227238 0.005816 0.022685
0 0.008030 0.227238 0.005816 0.022685
0 0.008247 0.226852 0.005903 0.022531
0 0.008724 0.226389 0.005816 0.022531
0 0.009245 0.225926 0.005816 0.022531
0 0.009722 0.225463 0.005903 0.022531
0 0.010200 0.225463 0.005816 0.022531
0 0.009939 0.225077 0.005816 0.022685
0 0.009939 0.225077 0.005816 0.022685
0 0.009939 0.224691 0.005816 0.022531
0 0.009722 0.224691 0.005903 0.022531
0 0.009722 0.224691 0.005903 0.022531
0 0.009722 0.224228 0.005903 0.022531
0 0.009462 0.224228 0.005903 0.022531
0 0.009462 0.223765 0.005903 0.022531
0 0.009462 0.223765 0.005903 0.022531
0 0.009462 0.223765 0.005903 0.022531
0 0.009462 0.223302 0.005903 0.022531
0 0.009462 0.223302 0.005903 0.022531
0 0.009462 0.222917 0.005903 0.022685
0 0.009462 0.222917 0.005903 0.022685
0 0.009462 0.222917 0.005903 0.022685
0 0.009462 0.222531 0.005903 0.022531
0 0.009462 0.222531 0.005903 0.022531
0 0.009462 0.222068 0.005903 0.022531
0 0.009462 0.222068 0.005903 0.022531
0 0.009462 0.222068 0.005903 0.022531
0 0.009245 0.222068 0.005816 0.022531
0 0.008984 0.222068 0.005816 0.022531
0 0.008984 0.222068 0.005816 0.022531
0 0.008724 0.222068 0.005816 0.022531
0 0.008724 0.222068 0.005816 0.022531
0 0.008507 0.222068 0.005903 0.022531
0 0.008247 0.222068 0.005903 0.022531
0 0.008247 0.222068 0.005903 0.022531
0 0.008030 0.222068 0.005816 0.022531
0 0.008030 0.222068 0.005816 0.022531
0 0.007769 0.222068 0.005816 0.022531
0 0.007509 0.222531 0.005816 0.022531
0 0.007292 0.222531 0.005903 0.022531
0 0.007031 0.222917 0.005903 0.022685
0 0.006771 0.222917 0.005903 0.022685
0 0.006554 0.223302 0.005816 0.022531
0 0.006293 0.223302 0.005816 0.022531
0 0.006076 0.223765 0.005903 0.022531
0 0.005816 0.223765 0.005903 0.022531
0 0.005816 0.224228 0.005903 0.022531
0 0.005556 0.224691 0.005903 0.022531
0 0.005339 0.225463 0.005816 0.022531
0 0.005078 0.225926 0.005816 0.022531
0 0.004818 0.226852 0.005816 0.022531
0 0.004601 0.227238 0.005903 0.022685
0 0.004340 0.228086 0.005903 0.022531
0 0.004123 0.228549 0.005816 0.022531
0 0.003863 0.229398 0.005816 0.022685
0 0.003602 0.229784 0.005816 0.022531
0 0.003385 0.230710 0.005903 0.022531
