0 0.079384 0.101003 0.005122 0.015586
0 0.079384 0.100540 0.005122 0.015586
0 0.079384 0.100540 0.005122 0.015586
0 0.079384 0.100540 0.005122 0.015586
0 0.079384 0.100540 0.005122 0.015586
0 0.079384 0.100540 0.005122 0.015586
0 0.079384 0.100540 0.005122 0.015586
0 0.079384 0.100540 0.005122 0.015586
0 0.079384 0.100540 0.005122 0.015586
0 0.079384 0.100540 0.005122 0.015586
0 0.079384 0.100540 0.005122 0.015586
0 0.079384 0.100540 0.005122 0.015586
0 0.079384 0.100540 0.005122 0.015586
0 0.079644 0.101003 0.005122 0.015586
0 0.079644 0.101003 0.005122 0.015586
0 0.079905 0.101466 0.005122 0.015586
0 0.079905 0.101466 0.005122 0.015586
0 0.079905 0.101466 0.005122 0.015586
0 0.080078 0.101929 0.005122 0.015586
0 0.080078 0.101929 0.005122 0.015586
0 0.080339 0.102315 0.005122 0.015741
0 0.080599 0.101929 0.005122 0.015586
0 0.081120 0.101466 0.005122 0.015586
0 0.081337 0.101003 0.005208 0.015586
0 0.081814 0.100540 0.005122 0.015586
0 0.082335 0.100540 0.005122 0.015586
0 0.082595 0.100077 0.005122 0.015586
0 0.083030 0.099691 0.005122 0.015741
0 0.083290 0.099306 0.005122 0.015586
0 0.083811 0.098843 0.005122 0.015586
0 0.084245 0.098843 0.005122 0.015586
0 0.084245 0.098843 0.005122 0.015586
0 0.084245 0.098843 0.005122 0.015586
0 0.084505 0.098843 0.005122 0.015586
0 0.084505 0.098843 0.005122 0.015586
0 0.084766 0.099306 0.005122 0.015586
0 0.084766 0.099306 0.005122 0.015586
0 0.084766 0.099306 0.005122 0.015586
0 0.085026 0.099306 0.005122 0.015586
0 0.085026 0.099306 0.005122 0.015586
0 0.085243 0.099691 0.005208 0.015741
0 0.085243 0.099691 0.005208 0.015741
0 0.085243 0.099691 0.005208 0.015741
0 0.085243 0.099691 0.005208 0.015741
0 0.085243 0.100077 0.005208 0.015586
0 0.085460 0.100077 0.005122 0.015586
0 0.085460 0.100077 0.005122 0.015586
0 0.085460 0.100540 0.005122 0.015586
0 0.085460 0.100540 0.005122 0.015586
0 0.085460 0.100540 0.005122 0.015586
0 0.085720 0.101003 0.005122 0.015586
0 0.085720 0.101003 0.005122 0.015586
0 0.085720 0.101003 0.005122 0.015586
0 0.085720 0.101003 0.005122 0.015586
0 0.085720 0.101003 0.005122 0.015586
0 0.085720 0.101003 0.005122 0.015586
0 0.085720 0.101003 0.005122 0.015586
0 0.085720 0.101003 0.005122 0.015586
0 0.085720 0.101003 0.005122 0.015586
0 0.085720 0.101003 0.005122 0.015586
0 0.085720 0.101003 0.005122 0.015586
0 0.085720 0.101003 0.005122 0.015586
0 0.085720 0.101003 0.005122 0.015586
0 0.085720 0.101003 0.005122 0.015586
0 0.085720 0.101003 0.005122 0.015586
0 0.085720 0.101003 0.005122 0.015586
0 0.085720 0.101003 0.005122 0.015586
0 0.085720 0.101003 0.005122 0.015586
0 0.085720 0.101003 0.005122 0.015586
0 0.085720 0.101003 0.005122 0.015586
0 0.085720 0.101003 0.005122 0.015586
0 0.085720 0.100772 0.005122 0.015123
0 0.085720 0.100772 0.005122 0.015123
0 0.085720 0.100772 0.005122 0.015123
0 0.085720 0.100772 0.005122 0.015123
0 0.085720 0.100772 0.005122 0.015123
0 0.085720 0.100772 0.005122 0.015123
0 0.085720 0.100772 0.005122 0.015123
0 0.085720 0.100772 0.005122 0.015123
0 0.085720 0.100772 0.005122 0.015123
0 0.085720 0.100772 0.005122 0.015123
0 0.085720 0.100772 0.005122 0.015123
0 0.085720 0.100772 0.005122 0.015123
0 0.085720 0.100772 0.005122 0.015123
0 0.085720 0.100772 0.005122 0.015123
0 0.085720 0.100772 0.005122 0.015123
0 0.085720 0.100772 0.005122 0.015123
0 0.085720 0.100772 0.005122 0.015123
0 0.085720 0.100772 0.005122 0.015123
0 0.085720 0.100772 0.005122 0.015123
0 0.085720 0.100772 0.005122 0.015123
0 0.085720 0.100309 0.005122 0.015123
0 0.085720 0.099923 0.005122 0.015278
0 0.085720 0.099691 0.005122 0.015741
0 0.085720 0.099460 0.005122 0.015278
0 0.085720 0.099306 0.005122 0.015586
0 0.085720 0.098843 0.005122 0.015586
0 0.085720 0.098611 0.005122 0.015123
0 0.085720 0.098380 0.005122 0.015586
0 0.085720 0.097917 0.005122 0.015586
0 0.085981 0.097917 0.005122 0.015586
0 0.085981 0.097531 0.005122 0.015741
0 0.085981 0.097531 0.005122 0.015741
0 0.085981 0.097531 0.005122 0.015741
0 0.085981 0.097531 0.005122 0.015741
0 0.086241 0.097531 0.005122 0.015741
0 0.086241 0.097299 0.005122 0.015278
0 0.086241 0.097299 0.005122 0.015278
0 0.086241 0.097299 0.005122 0.015278
0 0.086241 0.097299 0.005122 0.015278
0 0.086502 0.097299 0.005122 0.015278
0 0.086502 0.097299 0.005122 0.015278
0 0.086502 0.097299 0.005122 0.015278
0 0.086502 0.097299 0.005122 0.015278
0 0.086502 0.097299 0.005122 0.015278
0 0.086502 0.097299 0.005122 0.015278
0 0.086502 0.097299 0.005122 0.015278
0 0.086502 0.097299 0.005122 0.015278
0 0.086502 0.097299 0.005122 0.015278
0 0.086502 0.097299 0.005122 0.015278
0 0.086502 0.097299 0.005122 0.015278
0 0.086502 0.097299 0.005122 0.015278
0 0.086502 0.097299 0.005122 0.015278
0 0.086502 0.097299 0.005122 0.015278
0 0.086502 0.097299 0.005122 0.015278
0 0.086502 0.097299 0.005122 0.015278
0 0.086502 0.097299 0.005122 0.015278
0 0.086502 0.097299 0.005122 0.015278
0 0.086502 0.097299 0.005122 0.015278
0 0.086502 0.097299 0.005122 0.015278
0 0.086502 0.097299 0.005122 0.015278
0 0.086502 0.096914 0.005122 0.015123
0 0.086502 0.096914 0.005122 0.015123
0 0.086502 0.096914 0.005122 0.015123
0 0.086502 0.096682 0.005122 0.015586
0 0.086502 0.096682 0.005122 0.015586
0 0.086502 0.096451 0.005122 0.015123
0 0.086502 0.096219 0.005122 0.015586
0 0.086502 0.096219 0.005122 0.015586
0 0.086502 0.096219 0.005122 0.015586
0 0.086675 0.096219 0.005122 0.015586
0 0.086675 0.096219 0.005122 0.015586
0 0.086675 0.096219 0.005122 0.015586
0 0.086675 0.096219 0.005122 0.015586
0 0.086675 0.096219 0.005122 0.015586
0 0.086675 0.096219 0.005122 0.015586
0 0.086675 0.096219 0.005122 0.015586
0 0.086675 0.096219 0.005122 0.015586
0 0.086675 0.096219 0.005122 0.015586
0 0.086675 0.096219 0.005122 0.015586
0 0.086675 0.096219 0.005122 0.015586
0 0.086675 0.096219 0.005122 0.015586
0 0.086675 0.096219 0.005122 0.015586
0 0.086675 0.096219 0.005122 0.015586
0 0.086675 0.096219 0.005122 0.015586
0 0.086675 0.096219 0.005122 0.015586
0 0.086675 0.096219 0.005122 0.015586
0 0.086675 0.096219 0.005122 0.015586
0 0.086675 0.096219 0.005122 0.015586
0 0.086675 0.096219 0.005122 0.015586
0 0.086675 0.096219 0.005122 0.015586
0 0.086675 0.096219 0.005122 0.015586
0 0.086675 0.096219 0.005122 0.015586
0 0.086675 0.096219 0.005122 0.015586
0 0.086675 0.096219 0.005122 0.015586
0 0.086675 0.096219 0.005122 0.015586
0 0.086675 0.096219 0.005122 0.015586
0 0.086675 0.096219 0.005122 0.015586
0 0.086675 0.096219 0.005122 0.015586
0 0.086675 0.096219 0.005122 0.015586
0 0.086675 0.096219 0.005122 0.015586
0 0.086675 0.096219 0.005122 0.015586
0 0.086675 0.096219 0.005122 0.015586
0 0.086675 0.096219 0.005122 0.015586
0 0.086675 0.096219 0.005122 0.015586
0 0.086675 0.096219 0.005122 0.015586
0 0.086675 0.096219 0.005122 0.015586
0 0.086675 0.096219 0.005122 0.015586
0 0.086675 0.096219 0.005122 0.015586
0 0.086675 0.096219 0.005122 0.015586
0 0.086675 0.096219 0.005122 0.015586
