0 0.159679 0.091821 0.005122 0.018210
0 0.159679 0.091821 0.005122 0.018210
0 0.159679 0.091821 0.005122 0.018210
0 0.159679 0.092284 0.005122 0.018210
0 0.159679 0.092284 0.005122 0.018210
0 0.159679 0.092747 0.005122 0.018210
0 0.159679 0.092747 0.005122 0.018210
0 0.159679 0.092747 0.005122 0.018210
0 0.159679 0.093210 0.005122 0.018210
0 0.159679 0.093210 0.005122 0.018210
0 0.159679 0.093673 0.005122 0.018210
0 0.159418 0.093673 0.005122 0.018210
0 0.159418 0.094059 0.005122 0.018364
0 0.159158 0.094444 0.005122 0.018210
0 0.159158 0.094907 0.005122 0.018210
0 0.159158 0.095370 0.005122 0.018210
0 0.158898 0.095833 0.005122 0.018210
0 0.158898 0.096296 0.005122 0.018210
0 0.158724 0.096605 0.005122 0.018210
0 0.158724 0.097068 0.005122 0.018210
0 0.158724 0.097531 0.005122 0.018210
0 0.158724 0.097531 0.005122 0.018210
0 0.158724 0.097994 0.005122 0.018210
0 0.158724 0.098457 0.005122 0.018210
0 0.158724 0.098765 0.005122 0.018210
0 0.158898 0.099228 0.005122 0.018210
0 0.158898 0.099228 0.005122 0.018210
0 0.158898 0.099691 0.005122 0.018210
0 0.158898 0.100154 0.005122 0.018210
0 0.158898 0.100617 0.005122 0.018210
0 0.159158 0.101003 0.005122 0.018364
0 0.158898 0.101389 0.005122 0.018210
0 0.158811 0.101852 0.005295 0.018210
0 0.158811 0.102315 0.005295 0.018210
0 0.158681 0.103241 0.005556 0.018210
0 0.158681 0.103549 0.005556 0.018210
0 0.158550 0.104012 0.005816 0.018210
0 0.158420 0.104938 0.006076 0.018210
0 0.158420 0.105401 0.006076 0.018210
0 0.158290 0.105710 0.006337 0.018210
0 0.158290 0.106636 0.006337 0.018210
0 0.158203 0.106404 0.006510 0.018673
0 0.158333 0.106636 0.006771 0.019136
0 0.158464 0.106867 0.007031 0.019599
0 0.158594 0.107099 0.007292 0.020062
0 0.158724 0.107253 0.007552 0.020370
0 0.158724 0.107485 0.008073 0.020833
0 0.158811 0.107716 0.008247 0.021296
0 0.158941 0.107948 0.008507 0.021759
0 0.159071 0.108179 0.008767 0.022222
0 0.159201 0.108333 0.009028 0.022531
0 0.158941 0.108333 0.009028 0.022531
0 0.158941 0.108565 0.009028 0.022068
0 0.158941 0.108796 0.009028 0.022531
0 0.158941 0.109028 0.009028 0.022068
0 0.158941 0.109259 0.009028 0.022531
0 0.158941 0.109491 0.009028 0.022068
0 0.158941 0.109491 0.009028 0.022068
0 0.158941 0.109877 0.009028 0.022222
0 0.158941 0.109877 0.009028 0.022222
0 0.158941 0.110340 0.009028 0.022222
0 0.158941 0.110340 0.009028 0.022222
0 0.158941 0.110725 0.009028 0.022068
0 0.158941 0.111188 0.009028 0.022068
0 0.158941 0.111651 0.009028 0.022068
0 0.158941 0.112037 0.009028 0.022222
0 0.158941 0.112500 0.009028 0.022222
0 0.158941 0.112886 0.009028 0.022068
0 0.158941 0.113349 0.009028 0.022068
0 0.158941 0.113812 0.009028 0.022068
0 0.159201 0.114275 0.009028 0.022068
0 0.159071 0.114660 0.008767 0.022222
0 0.159201 0.115123 0.008507 0.022222
0 0.159288 0.115741 0.008333 0.021605
0 0.159288 0.116435 0.007812 0.022068
0 0.159418 0.117052 0.007552 0.021759
0 0.159418 0.117515 0.007552 0.021759
0 0.159418 0.118133 0.007031 0.022068
0 0.159549 0.118750 0.006771 0.021759
0 0.159635 0.119213 0.006597 0.021759
0 0.159766 0.120062 0.006337 0.021605
0 0.160026 0.120062 0.006337 0.021605
0 0.160547 0.120525 0.006337 0.021605
0 0.160764 0.120988 0.006424 0.021605
0 0.161241 0.121373 0.006337 0.021759
0 0.161502 0.121836 0.006337 0.021759
0 0.162023 0.121836 0.006337 0.021759
0 0.162196 0.122299 0.006337 0.021759
0 0.162717 0.122685 0.006337 0.021605
0 0.162977 0.123148 0.006337 0.021605
0 0.163455 0.123534 0.006424 0.021759
0 0.163455 0.123534 0.006424 0.021759
0 0.163455 0.123997 0.006424 0.021759
0 0.163455 0.123997 0.006424 0.021759
0 0.163455 0.124460 0.006424 0.021759
0 0.163455 0.124460 0.006424 0.021759
0 0.163455 0.124846 0.006424 0.021605
0 0.163455 0.124846 0.006424 0.021605
0 0.163455 0.125309 0.006424 0.021605
0 0.163455 0.125309 0.006424 0.021605
0 0.163455 0.125694 0.006424 0.021759
0 0.163672 0.126157 0.006337 0.021759
0 0.163932 0.126620 0.006337 0.021759
0 0.164453 0.127469 0.006337 0.021605
0 0.164670 0.127932 0.006424 0.021605
0 0.165148 0.128781 0.006337 0.021759
0 0.165408 0.129167 0.006337 0.021605
0 0.165668 0.129630 0.006337 0.021605
0 0.166102 0.130478 0.006337 0.021759
0 0.166363 0.130941 0.006337 0.021759
0 0.166884 0.131790 0.006337 0.021605
0 0.166884 0.132253 0.006337 0.021605
0 0.167144 0.132639 0.006337 0.021759
0 0.167144 0.133102 0.006337 0.021759
0 0.167318 0.133951 0.006337 0.021605
0 0.167318 0.134414 0.006337 0.021605
0 0.167578 0.134799 0.006337 0.021759
0 0.167578 0.135725 0.006337 0.021759
0 0.167839 0.136111 0.006337 0.021605
0 0.167839 0.136574 0.006337 0.021605
0 0.168099 0.137423 0.006337 0.021759
0 0.168099 0.137886 0.006337 0.021759
0 0.168099 0.138349 0.006337 0.021759
0 0.168099 0.138735 0.006337 0.021605
0 0.168099 0.139198 0.006337 0.021605
0 0.168099 0.140046 0.006337 0.021759
0 0.168099 0.140509 0.006337 0.021759
0 0.168099 0.140895 0.006337 0.021605
0 0.168099 0.141358 0.006337 0.021605
0 0.168099 0.141744 0.006337 0.021759
0 0.168359 0.142670 0.006337 0.021759
0 0.168793 0.143056 0.006337 0.021605
0 0.169575 0.143981 0.006337 0.021605
0 0.170009 0.144367 0.006337 0.021759
0 0.170790 0.145293 0.006337 0.021759
0 0.171484 0.146142 0.006337 0.021605
0 0.172005 0.146528 0.006337 0.021759
0 0.172700 0.147454 0.006337 0.021759
0 0.173220 0.147840 0.006337 0.021605
0 0.173915 0.148688 0.006337 0.021759
0 0.174696 0.149614 0.006337 0.021759
0 0.174696 0.150231 0.006337 0.022068
0 0.174957 0.151080 0.006337 0.022222
0 0.175130 0.151929 0.006337 0.022068
0 0.175260 0.152623 0.006076 0.022531
0 0.175521 0.153781 0.006076 0.022994
0 0.175651 0.154552 0.006337 0.022994
0 0.175781 0.155247 0.006076 0.023457
0 0.176042 0.156096 0.006076 0.023302
0 0.176259 0.156944 0.006163 0.023457
0 0.176476 0.158025 0.006076 0.023765
0 0.176476 0.158488 0.006076 0.023765
0 0.176476 0.159336 0.006076 0.023920
0 0.176736 0.159799 0.006076 0.023920
0 0.176736 0.160648 0.006076 0.023765
0 0.176997 0.161111 0.006076 0.023765
0 0.176997 0.161960 0.006076 0.023920
0 0.176997 0.162423 0.006076 0.023920
0 0.177257 0.163272 0.006076 0.023765
0 0.177257 0.163657 0.006076 0.023920
0 0.177474 0.164583 0.006163 0.023920
0 0.177474 0.165432 0.006163 0.023765
0 0.177734 0.166281 0.006163 0.023920
0 0.177951 0.167130 0.006076 0.023765
0 0.177951 0.168056 0.006076 0.023765
0 0.178212 0.168904 0.006076 0.023920
0 0.178472 0.169753 0.006076 0.023765
0 0.178472 0.170602 0.006076 0.023920
0 0.178733 0.171528 0.006076 0.023920
0 0.178950 0.172377 0.006163 0.023765
0 0.179167 0.173688 0.006076 0.023920
0 0.179167 0.174074 0.006076 0.023765
0 0.179167 0.174923 0.006076 0.023920
0 0.179167 0.175386 0.006076 0.023920
0 0.179167 0.176312 0.006076 0.023920
0 0.179167 0.177160 0.006076 0.023765
0 0.179297 0.177546 0.006337 0.023920
0 0.179297 0.178472 0.006337 0.023920
0 0.179297 0.179321 0.006337 0.023765
0 0.179297 0.179707 0.006337 0.023920
0 0.179297 0.180633 0.006337 0.023920
