0 0.057292 0.254321 0.013194 0.012654
0 0.056597 0.258256 0.013194 0.012500
0 0.055816 0.262191 0.013194 0.012654
0 0.055122 0.266049 0.013194 0.012654
0 0.054601 0.269985 0.013194 0.012500
0 0.053906 0.273843 0.013194 0.012500
0 0.053125 0.277778 0.013194 0.012654
0 0.052691 0.281713 0.013194 0.012500
0 0.051910 0.285571 0.013194 0.012500
0 0.051215 0.289506 0.013194 0.012654
0 0.050694 0.293364 0.013194 0.012654
0 0.049740 0.295833 0.013194 0.012963
0 0.049002 0.298611 0.013108 0.013580
0 0.048264 0.301157 0.013194 0.014352
0 0.047439 0.304012 0.012934 0.014815
0 0.046658 0.306867 0.012934 0.015278
0 0.045833 0.309182 0.013194 0.015586
0 0.045009 0.312037 0.012934 0.016049
0 0.044227 0.314660 0.012934 0.016975
0 0.043533 0.317438 0.012934 0.017284
0 0.042752 0.320293 0.012934 0.017747
0 0.042752 0.320293 0.012934 0.017747
0 0.042752 0.320293 0.012934 0.017747
0 0.042752 0.320293 0.012934 0.017747
0 0.042752 0.320293 0.012934 0.017747
0 0.042752 0.320293 0.012934 0.017747
0 0.042752 0.320293 0.012934 0.017747
0 0.042752 0.320293 0.012934 0.017747
0 0.042752 0.320293 0.012934 0.017747
0 0.042752 0.320293 0.012934 0.017747
0 0.042752 0.320293 0.012934 0.017747
0 0.042752 0.320293 0.012934 0.017747
0 0.042752 0.320293 0.012934 0.017747
0 0.042752 0.320293 0.012934 0.017747
0 0.042752 0.320293 0.012934 0.017747
0 0.042752 0.320293 0.012934 0.017747
0 0.042752 0.320293 0.012934 0.017747
0 0.042752 0.320293 0.012934 0.017747
0 0.042752 0.320293 0.012934 0.017747
0 0.042752 0.320293 0.012934 0.017747
0 0.042752 0.320293 0.012934 0.017747
0 0.042752 0.320293 0.012934 0.017747
0 0.042752 0.320293 0.012934 0.017747
0 0.042752 0.320293 0.012934 0.017747
0 0.042752 0.320293 0.012934 0.017747
0 0.042752 0.320293 0.012934 0.017747
0 0.042752 0.320293 0.012934 0.017747
0 0.042752 0.320293 0.012934 0.017747
0 0.042752 0.320293 0.012934 0.017747
0 0.042752 0.320293 0.012934 0.017747
0 0.042752 0.320293 0.012934 0.017747
0 0.042752 0.320293 0.012934 0.017747
0 0.042752 0.320293 0.012934 0.017747
0 0.042752 0.320293 0.012934 0.017747
0 0.042752 0.320293 0.012934 0.017747
0 0.042752 0.320293 0.012934 0.017747
0 0.042752 0.320293 0.012934 0.017747
0 0.042752 0.320293 0.012934 0.017747
0 0.042752 0.320293 0.012934 0.017747
0 0.042752 0.320293 0.012934 0.017747
0 0.042752 0.320293 0.012934 0.017747
0 0.042752 0.320293 0.012934 0.017747
0 0.042752 0.320293 0.012934 0.017747
0 0.042752 0.320293 0.012934 0.017747
0 0.042752 0.320293 0.012934 0.017747
0 0.042752 0.320293 0.012934 0.017747
0 0.042752 0.320293 0.012934 0.017747
0 0.042752 0.320293 0.012934 0.017747
0 0.042752 0.320293 0.012934 0.017747
0 0.042752 0.320293 0.012934 0.017747
0 0.042752 0.320293 0.012934 0.017747
0 0.042752 0.320293 0.012934 0.017747
0 0.042752 0.320293 0.012934 0.017747
0 0.042752 0.320293 0.012934 0.017747
0 0.042752 0.320293 0.012934 0.017747
0 0.042752 0.320293 0.012934 0.017747
0 0.042752 0.320293 0.012934 0.017747
0 0.042752 0.320293 0.012934 0.017747
0 0.042752 0.320293 0.012934 0.017747
0 0.042752 0.320293 0.012934 0.017747
0 0.042752 0.320293 0.012934 0.017747
0 0.042752 0.320293 0.012934 0.017747
0 0.042752 0.320293 0.012934 0.017747
0 0.042752 0.320293 0.012934 0.017747
0 0.042752 0.320293 0.012934 0.017747
0 0.042752 0.320293 0.012934 0.017747
0 0.042752 0.320293 0.012934 0.017747
0 0.042752 0.320293 0.012934 0.017747
0 0.042752 0.320293 0.012934 0.017747
0 0.042752 0.320293 0.012934 0.017747
0 0.042752 0.320293 0.012934 0.017747
0 0.042752 0.320293 0.012934 0.017747
0 0.042752 0.320293 0.012934 0.017747
0 0.042752 0.320293 0.012934 0.017747
0 0.042752 0.320293 0.012934 0.017747
0 0.042752 0.320293 0.012934 0.017747
0 0.042752 0.320293 0.012934 0.017747
0 0.042752 0.320293 0.012934 0.017747
0 0.042752 0.320293 0.012934 0.017747
0 0.042752 0.320293 0.012934 0.017747
0 0.042752 0.320293 0.012934 0.017747
0 0.042752 0.320293 0.012934 0.017747
0 0.042752 0.320293 0.012934 0.017747
0 0.042752 0.320293 0.012934 0.017747
0 0.042752 0.320293 0.012934 0.017747
0 0.042752 0.320293 0.012934 0.017747
0 0.042752 0.320293 0.012934 0.017747
0 0.042752 0.320293 0.012934 0.017747
0 0.042752 0.320293 0.012934 0.017747
0 0.042752 0.320293 0.012934 0.017747
0 0.042752 0.320293 0.012934 0.017747
0 0.042752 0.320293 0.012934 0.017747
0 0.042752 0.320293 0.012934 0.017747
0 0.042752 0.320293 0.012934 0.017747
0 0.042752 0.320293 0.012934 0.017747
0 0.042752 0.320293 0.012934 0.017747
0 0.042752 0.320293 0.012934 0.017747
0 0.042752 0.320293 0.012934 0.017747
0 0.042752 0.320293 0.012934 0.017747
0 0.042752 0.320293 0.012934 0.017747
0 0.042752 0.320293 0.012934 0.017747
0 0.042752 0.320293 0.012934 0.017747
0 0.042752 0.320293 0.012934 0.017747
0 0.042752 0.320293 0.012934 0.017747
0 0.042752 0.320293 0.012934 0.017747
0 0.042752 0.320293 0.012934 0.017747
0 0.042752 0.320293 0.012934 0.017747
0 0.042752 0.320293 0.012934 0.017747
0 0.042752 0.320293 0.012934 0.017747
0 0.042752 0.320293 0.012934 0.017747
0 0.042752 0.320293 0.012934 0.017747
0 0.042752 0.320293 0.012934 0.017747
0 0.042752 0.320293 0.012934 0.017747
0 0.042752 0.320293 0.012934 0.017747
0 0.042752 0.320293 0.012934 0.017747
0 0.042752 0.320293 0.012934 0.017747
0 0.042752 0.320293 0.012934 0.017747
0 0.042752 0.320293 0.012934 0.017747
0 0.042752 0.320293 0.012934 0.017747
0 0.042752 0.320293 0.012934 0.017747
0 0.042752 0.320293 0.012934 0.017747
0 0.042752 0.320293 0.012934 0.017747
0 0.042752 0.320293 0.012934 0.017747
0 0.042752 0.320293 0.012934 0.017747
0 0.042752 0.320293 0.012934 0.017747
0 0.042752 0.320293 0.012934 0.017747
0 0.042752 0.320293 0.012934 0.017747
0 0.042752 0.320293 0.012934 0.017747
0 0.042752 0.320293 0.012934 0.017747
0 0.042752 0.320293 0.012934 0.017747
0 0.042752 0.320293 0.012934 0.017747
0 0.042752 0.320293 0.012934 0.017747
0 0.042752 0.320293 0.012934 0.017747
0 0.042752 0.320293 0.012934 0.017747
0 0.042752 0.320293 0.012934 0.017747
0 0.042752 0.320293 0.012934 0.017747
0 0.042752 0.320293 0.012934 0.017747
0 0.042752 0.320293 0.012934 0.017747
0 0.042752 0.320293 0.012934 0.017747
0 0.042752 0.320293 0.012934 0.017747
0 0.042752 0.320293 0.012934 0.017747
0 0.042752 0.320293 0.012934 0.017747
0 0.042752 0.320293 0.012934 0.017747
0 0.042752 0.320293 0.012934 0.017747
0 0.042752 0.320293 0.012934 0.017747
0 0.042752 0.320293 0.012934 0.017747
0 0.042752 0.320293 0.012934 0.017747
0 0.042752 0.320293 0.012934 0.017747
0 0.042752 0.320293 0.012934 0.017747
0 0.042752 0.320293 0.012934 0.017747
0 0.042752 0.320293 0.012934 0.017747
0 0.042752 0.320293 0.012934 0.017747
0 0.042752 0.320293 0.012934 0.017747
0 0.042752 0.320293 0.012934 0.017747
0 0.042752 0.320293 0.012934 0.017747
0 0.042752 0.320293 0.012934 0.017747
0 0.042752 0.320293 0.012934 0.017747
0 0.042752 0.320293 0.012934 0.017747
0 0.042752 0.320293 0.012934 0.017747
0 0.042752 0.320293 0.012934 0.017747
0 0.042752 0.320293 0.012934 0.017747
