0 0.094054 0.129630 0.005642 0.012963
0 0.095486 0.128318 0.005556 0.013117
0 0.096962 0.127469 0.005556 0.012963
0 0.098394 0.126620 0.005642 0.013117
0 0.099870 0.125772 0.005642 0.012963
0 0.101345 0.124846 0.005642 0.012963
0 0.102821 0.123765 0.005642 0.012654
0 0.104297 0.122917 0.005642 0.012500
0 0.105729 0.122068 0.005556 0.012654
0 0.107205 0.121142 0.005556 0.012654
0 0.108811 0.120293 0.005816 0.012500
0 0.109288 0.119676 0.005903 0.013117
0 0.109766 0.119213 0.005816 0.013117
0 0.110243 0.118827 0.005903 0.012963
0 0.110720 0.118364 0.005816 0.012963
0 0.111241 0.117901 0.005816 0.012963
0 0.111719 0.117438 0.005903 0.012963
0 0.112196 0.117052 0.005816 0.013117
0 0.112717 0.116667 0.005816 0.012963
0 0.113194 0.116204 0.005903 0.012963
0 0.113932 0.115741 0.005816 0.012963
0 0.113932 0.115278 0.005816 0.012963
0 0.113932 0.114892 0.005816 0.013117
0 0.113932 0.114660 0.005816 0.012654
0 0.114149 0.114429 0.005903 0.013117
0 0.114149 0.114198 0.005903 0.012654
0 0.114149 0.113812 0.005903 0.012500
0 0.114410 0.113580 0.005903 0.012963
0 0.114410 0.113349 0.005903 0.012500
0 0.114410 0.112963 0.005903 0.012654
0 0.114627 0.112963 0.005816 0.012654
0 0.115365 0.112037 0.005903 0.012654
0 0.116102 0.111651 0.005816 0.012500
0 0.117101 0.111188 0.005903 0.012500
0 0.117839 0.110802 0.005816 0.012654
0 0.118793 0.110340 0.005816 0.012654
0 0.119531 0.109877 0.005903 0.012654
0 0.120269 0.109491 0.005816 0.012500
0 0.121224 0.109028 0.005816 0.012500
0 0.121962 0.108565 0.005903 0.012500
0 0.122960 0.108179 0.005816 0.012654
0 0.123655 0.107716 0.005816 0.012654
0 0.124392 0.107253 0.005903 0.012654
0 0.125130 0.106867 0.005816 0.012500
0 0.126128 0.106404 0.005903 0.012500
0 0.126866 0.106404 0.005816 0.012500
0 0.127561 0.106019 0.005816 0.012654
0 0.128559 0.105556 0.005903 0.012654
0 0.129297 0.105093 0.005816 0.012654
0 0.130035 0.104707 0.005903 0.012500
0 0.130990 0.104707 0.005903 0.012500
0 0.130990 0.104244 0.005903 0.012500
0 0.131250 0.104244 0.005903 0.012500
0 0.131467 0.103858 0.005816 0.012654
0 0.131467 0.103858 0.005816 0.012654
0 0.131727 0.103395 0.005816 0.012654
0 0.131988 0.103395 0.005816 0.012654
0 0.131988 0.102932 0.005816 0.012654
0 0.132205 0.102932 0.005903 0.012654
0 0.132465 0.102546 0.005903 0.012500
0 0.132682 0.102546 0.005816 0.012500
0 0.132465 0.102083 0.005903 0.012500
0 0.132465 0.102083 0.005903 0.012500
0 0.132205 0.101620 0.005903 0.012500
0 0.132205 0.101620 0.005903 0.012500
0 0.132205 0.101389 0.005903 0.012963
0 0.131988 0.101235 0.005816 0.012654
0 0.131988 0.101003 0.005816 0.013117
0 0.131727 0.100772 0.005816 0.012654
0 0.131727 0.100617 0.005816 0.012963
0 0.131727 0.100617 0.005816 0.012963
0 0.131467 0.100154 0.005816 0.012963
0 0.131250 0.100154 0.005903 0.012963
0 0.130990 0.099923 0.005903 0.012500
0 0.130990 0.099691 0.005903 0.012963
0 0.130773 0.099691 0.005816 0.012963
0 0.130512 0.099460 0.005816 0.012500
0 0.130512 0.099228 0.005816 0.012963
0 0.130252 0.099074 0.005816 0.012654
0 0.130035 0.099074 0.005903 0.012654
0 0.130035 0.099074 0.005903 0.012654
0 0.129514 0.098611 0.005903 0.012654
0 0.129297 0.098611 0.005816 0.012654
0 0.129036 0.098611 0.005816 0.012654
0 0.128559 0.098611 0.005903 0.012654
0 0.128299 0.098611 0.005903 0.012654
0 0.128082 0.098611 0.005816 0.012654
0 0.127561 0.098611 0.005816 0.012654
0 0.127344 0.098611 0.005903 0.012654
0 0.127083 0.098611 0.005903 0.012654
0 0.126866 0.098611 0.005816 0.012654
0 0.126345 0.098148 0.005816 0.012654
0 0.126128 0.098148 0.005903 0.012654
0 0.125868 0.097994 0.005903 0.012963
0 0.125608 0.097762 0.005903 0.012500
0 0.125391 0.097762 0.005816 0.012500
0 0.125130 0.097531 0.005816 0.012963
0 0.124913 0.097299 0.005903 0.012500
0 0.124653 0.097068 0.005903 0.012963
0 0.124392 0.097068 0.005903 0.012963
0 0.124175 0.097068 0.005816 0.012963
0 0.123655 0.096836 0.005816 0.013426
0 0.123177 0.096605 0.005903 0.013889
0 0.122830 0.096451 0.005556 0.014198
0 0.122439 0.096219 0.005816 0.014660
0 0.122092 0.096219 0.005642 0.014660
0 0.121615 0.095988 0.005556 0.015123
0 0.121224 0.095756 0.005816 0.015586
0 0.120877 0.095525 0.005642 0.016049
0 0.120356 0.095370 0.005642 0.016358
0 0.120139 0.095602 0.005556 0.016821
0 0.120139 0.095139 0.005556 0.016821
0 0.120356 0.095139 0.005642 0.016821
0 0.120616 0.094753 0.005642 0.016975
0 0.120877 0.094753 0.005642 0.016975
0 0.121137 0.094290 0.005642 0.016975
0 0.121137 0.094290 0.005642 0.016975
0 0.121354 0.093827 0.005556 0.016975
0 0.121615 0.093827 0.005556 0.016975
0 0.121832 0.093364 0.005642 0.016975
0 0.122092 0.093364 0.005642 0.016975
0 0.122092 0.093364 0.005642 0.016975
0 0.122092 0.093364 0.005642 0.016975
0 0.122092 0.093364 0.005642 0.016975
0 0.122092 0.093364 0.005642 0.016975
0 0.122092 0.093364 0.005642 0.016975
0 0.122092 0.093364 0.005642 0.016975
0 0.122092 0.093364 0.005642 0.016975
0 0.122092 0.093364 0.005642 0.016975
0 0.122092 0.093364 0.005642 0.016975
0 0.122092 0.093364 0.005642 0.016975
0 0.121832 0.092978 0.005642 0.016821
0 0.121615 0.092978 0.005556 0.016821
0 0.121354 0.092515 0.005556 0.016821
0 0.121137 0.092515 0.005642 0.016821
0 0.121137 0.092515 0.005642 0.016821
0 0.120877 0.092130 0.005642 0.016975
0 0.120616 0.092130 0.005642 0.016975
0 0.120356 0.091667 0.005642 0.016975
0 0.120139 0.091667 0.005556 0.016975
0 0.120139 0.091667 0.005556 0.016975
0 0.119878 0.091204 0.005556 0.016975
0 0.119661 0.091204 0.005642 0.016975
0 0.119401 0.091204 0.005642 0.016975
0 0.119141 0.091204 0.005642 0.016975
0 0.118924 0.091204 0.005556 0.016975
0 0.118663 0.090972 0.005556 0.016512
0 0.118446 0.090972 0.005642 0.016512
0 0.118186 0.090972 0.005642 0.016512
0 0.117925 0.090972 0.005642 0.016512
0 0.117925 0.090972 0.005642 0.016512
0 0.117708 0.090586 0.005556 0.016358
0 0.117448 0.090586 0.005556 0.016358
0 0.117231 0.090586 0.005642 0.016358
0 0.116970 0.090355 0.005642 0.016821
0 0.116970 0.090355 0.005642 0.016821
0 0.116710 0.090201 0.005642 0.016512
0 0.116450 0.089969 0.005642 0.016975
0 0.116233 0.089969 0.005556 0.016975
0 0.116016 0.089969 0.005642 0.016975
0 0.116016 0.089969 0.005642 0.016975
0 0.116710 0.089506 0.005642 0.016975
0 0.117708 0.089506 0.005556 0.016975
0 0.118446 0.089506 0.005642 0.016975
0 0.119401 0.089275 0.005642 0.016512
0 0.120226 0.089275 0.005382 0.016512
0 0.121137 0.089043 0.005642 0.016975
0 0.121962 0.088812 0.005382 0.016512
0 0.122830 0.088812 0.005556 0.016512
0 0.123698 0.088812 0.005382 0.016512
0 0.124653 0.088812 0.005382 0.016512
0 0.125174 0.088426 0.005382 0.016358
0 0.125608 0.088426 0.005382 0.016358
0 0.126389 0.088426 0.005382 0.016358
0 0.126823 0.088426 0.005382 0.016358
0 0.127604 0.088426 0.005382 0.016358
0 0.128038 0.088194 0.005382 0.016821
0 0.128559 0.088194 0.005382 0.016821
0 0.129253 0.088194 0.005382 0.016821
0 0.129774 0.088194 0.005382 0.016821
0 0.130512 0.088194 0.005295 0.016821
