0 0.021528 0.203858 0.013889 0.012963
0 0.021094 0.207716 0.013889 0.012963
0 0.020833 0.211574 0.013889 0.012963
0 0.020573 0.215509 0.013889 0.013117
0 0.020312 0.219444 0.013889 0.012963
0 0.020095 0.223302 0.013976 0.012963
0 0.019618 0.227238 0.013889 0.013117
0 0.019358 0.231173 0.013889 0.012963
0 0.019097 0.235031 0.013889 0.012963
0 0.018837 0.238966 0.013889 0.013117
0 0.018620 0.242901 0.013976 0.012963
0 0.017882 0.245910 0.013889 0.013117
0 0.017405 0.248920 0.013976 0.012963
0 0.016927 0.252392 0.013889 0.013117
0 0.016406 0.255401 0.013889 0.012963
0 0.015972 0.258951 0.013889 0.012963
0 0.015451 0.261960 0.013889 0.013117
0 0.014974 0.264969 0.013976 0.012963
0 0.014497 0.268441 0.013889 0.013117
0 0.013976 0.271451 0.013889 0.012963
0 0.013498 0.275000 0.013976 0.012963
0 0.013281 0.276698 0.013889 0.013889
0 0.013151 0.278627 0.014149 0.014352
0 0.012891 0.280633 0.014149 0.014660
0 0.012760 0.282330 0.014410 0.015586
0 0.012630 0.284491 0.014670 0.016512
0 0.012413 0.286420 0.014583 0.016975
0 0.012283 0.288194 0.014844 0.017747
0 0.012023 0.290123 0.014844 0.018210
0 0.011892 0.292052 0.015104 0.018673
0 0.011762 0.294290 0.015365 0.019444
0 0.011545 0.295602 0.015451 0.019599
0 0.011328 0.296836 0.015365 0.019599
0 0.011068 0.298148 0.015365 0.019444
0 0.010807 0.299460 0.015365 0.019599
0 0.010547 0.301235 0.015365 0.019444
0 0.010330 0.302546 0.015451 0.019599
0 0.010113 0.303781 0.015365 0.019599
0 0.009852 0.305093 0.015365 0.019444
0 0.009592 0.306404 0.015365 0.019599
0 0.009332 0.308179 0.015365 0.019444
0 0.009332 0.308565 0.015365 0.019599
0 0.009332 0.309414 0.015365 0.019444
0 0.009332 0.309877 0.015365 0.019444
0 0.009332 0.310725 0.015365 0.019599
0 0.009592 0.311188 0.015365 0.019599
0 0.009592 0.312037 0.015365 0.019444
0 0.009592 0.312500 0.015365 0.019444
0 0.009592 0.313349 0.015365 0.019599
0 0.009592 0.313812 0.015365 0.019599
0 0.009852 0.314660 0.015365 0.019444
0 0.009852 0.314892 0.015365 0.019907
0 0.009852 0.315355 0.015365 0.019907
0 0.009852 0.315586 0.015365 0.020370
0 0.009852 0.315895 0.015365 0.020370
0 0.009852 0.316127 0.015365 0.020833
0 0.009852 0.316590 0.015365 0.020833
0 0.009852 0.316821 0.015365 0.021296
0 0.009852 0.317284 0.015365 0.021296
0 0.009852 0.317515 0.015365 0.021759
0 0.009983 0.318133 0.015104 0.022068
0 0.009983 0.318133 0.015104 0.022068
0 0.009983 0.318133 0.015104 0.022068
0 0.009983 0.318133 0.015104 0.022068
0 0.009983 0.318133 0.015104 0.022068
0 0.009983 0.318133 0.015104 0.022068
0 0.009983 0.318133 0.015104 0.022068
0 0.009983 0.318133 0.015104 0.022068
0 0.009983 0.318133 0.015104 0.022068
0 0.009983 0.318133 0.015104 0.022068
0 0.009983 0.318133 0.015104 0.022068
0 0.009983 0.318133 0.015104 0.022068
0 0.009983 0.318133 0.015104 0.022068
0 0.009983 0.318133 0.015104 0.022068
0 0.009983 0.318133 0.015104 0.022068
0 0.009983 0.318133 0.015104 0.022068
0 0.009983 0.318133 0.015104 0.022068
0 0.009983 0.318133 0.015104 0.022068
0 0.009983 0.318133 0.015104 0.022068
0 0.009983 0.318133 0.015104 0.022068
0 0.009983 0.318133 0.015104 0.022068
0 0.009983 0.318133 0.015104 0.022068
0 0.009983 0.318133 0.015104 0.022068
0 0.009983 0.318133 0.015104 0.022068
0 0.009983 0.318133 0.015104 0.022068
0 0.009983 0.318133 0.015104 0.022068
0 0.009983 0.318133 0.015104 0.022068
0 0.009983 0.318133 0.015104 0.022068
0 0.009983 0.318133 0.015104 0.022068
0 0.009983 0.318133 0.015104 0.022068
0 0.009983 0.318133 0.015104 0.022068
0 0.009983 0.318133 0.015104 0.022068
0 0.009983 0.318133 0.015104 0.022068
0 0.009983 0.318133 0.015104 0.022068
0 0.009983 0.318133 0.015104 0.022068
0 0.009983 0.318133 0.015104 0.022068
0 0.009983 0.318133 0.015104 0.022068
0 0.009983 0.318133 0.015104 0.022068
0 0.009983 0.318133 0.015104 0.022068
0 0.009983 0.318133 0.015104 0.022068
0 0.009983 0.318133 0.015104 0.022068
0 0.009983 0.318133 0.015104 0.022068
0 0.009983 0.318133 0.015104 0.022068
0 0.009983 0.318133 0.015104 0.022068
0 0.009983 0.318133 0.015104 0.022068
0 0.009983 0.318133 0.015104 0.022068
0 0.009983 0.318133 0.015104 0.022068
0 0.009983 0.318133 0.015104 0.022068
0 0.009983 0.318133 0.015104 0.022068
0 0.009983 0.318133 0.015104 0.022068
0 0.009983 0.318133 0.015104 0.022068
0 0.009983 0.318133 0.015104 0.022068
0 0.009983 0.318133 0.015104 0.022068
0 0.009983 0.318133 0.015104 0.022068
0 0.009983 0.318133 0.015104 0.022068
0 0.009983 0.318133 0.015104 0.022068
0 0.009983 0.318133 0.015104 0.022068
0 0.009983 0.318133 0.015104 0.022068
0 0.009983 0.318133 0.015104 0.022068
0 0.009983 0.318133 0.015104 0.022068
0 0.009983 0.318133 0.015104 0.022068
0 0.009983 0.318133 0.015104 0.022068
0 0.009983 0.318133 0.015104 0.022068
0 0.009983 0.318133 0.015104 0.022068
0 0.009983 0.318133 0.015104 0.022068
0 0.009983 0.318133 0.015104 0.022068
0 0.009983 0.318133 0.015104 0.022068
0 0.009983 0.318133 0.015104 0.022068
0 0.009983 0.318133 0.015104 0.022068
0 0.009983 0.318133 0.015104 0.022068
0 0.009983 0.318133 0.015104 0.022068
0 0.009983 0.318133 0.015104 0.022068
0 0.009983 0.318133 0.015104 0.022068
0 0.009983 0.318133 0.015104 0.022068
0 0.009983 0.318133 0.015104 0.022068
0 0.009983 0.318133 0.015104 0.022068
0 0.009983 0.318133 0.015104 0.022068
0 0.009983 0.318133 0.015104 0.022068
0 0.009983 0.318133 0.015104 0.022068
0 0.009983 0.318133 0.015104 0.022068
0 0.009983 0.318133 0.015104 0.022068
0 0.009983 0.318133 0.015104 0.022068
0 0.009983 0.318133 0.015104 0.022068
0 0.009983 0.318133 0.015104 0.022068
0 0.009983 0.318133 0.015104 0.022068
0 0.009983 0.318133 0.015104 0.022068
0 0.009983 0.318133 0.015104 0.022068
0 0.009983 0.318133 0.015104 0.022068
0 0.009983 0.318133 0.015104 0.022068
0 0.009983 0.318133 0.015104 0.022068
0 0.009983 0.318133 0.015104 0.022068
0 0.009983 0.318133 0.015104 0.022068
0 0.009983 0.318133 0.015104 0.022068
0 0.009983 0.318133 0.015104 0.022068
0 0.009983 0.318133 0.015104 0.022068
0 0.009983 0.318133 0.015104 0.022068
0 0.009983 0.318133 0.015104 0.022068
0 0.009983 0.318133 0.015104 0.022068
0 0.009983 0.318133 0.015104 0.022068
0 0.009983 0.318133 0.015104 0.022068
0 0.009983 0.318133 0.015104 0.022068
0 0.009983 0.318133 0.015104 0.022068
0 0.009983 0.318133 0.015104 0.022068
0 0.009983 0.318133 0.015104 0.022068
0 0.009983 0.318133 0.015104 0.022068
0 0.009983 0.318133 0.015104 0.022068
0 0.009983 0.318133 0.015104 0.022068
0 0.009983 0.318133 0.015104 0.022068
0 0.009983 0.318133 0.015104 0.022068
0 0.009983 0.318133 0.015104 0.022068
0 0.009983 0.318133 0.015104 0.022068
0 0.009983 0.318133 0.015104 0.022068
0 0.009983 0.318133 0.015104 0.022068
0 0.009983 0.318133 0.015104 0.022068
0 0.009983 0.318133 0.015104 0.022068
0 0.009983 0.318133 0.015104 0.022068
0 0.009983 0.318133 0.015104 0.022068
0 0.009983 0.318133 0.015104 0.022068
0 0.009983 0.318133 0.015104 0.022068
0 0.009983 0.318133 0.015104 0.022068
0 0.009983 0.318133 0.015104 0.022068
