0 0.131510 0.004707 0.005382 0.009414
0 0.131380 0.004707 0.005122 0.009414
0 0.131380 0.004707 0.005122 0.009414
0 0.131380 0.004707 0.005122 0.009414
0 0.131380 0.004707 0.005122 0.009414
0 0.131380 0.004707 0.005122 0.009414
0 0.131380 0.004707 0.005122 0.009414
0 0.131380 0.004707 0.005122 0.009414
0 0.131380 0.004707 0.005122 0.009414
0 0.131380 0.004707 0.005122 0.009414
0 0.131380 0.005093 0.005122 0.009568
0 0.131380 0.005556 0.005122 0.009568
0 0.131380 0.006019 0.005122 0.009568
0 0.131380 0.006481 0.005122 0.009568
0 0.131380 0.006867 0.005122 0.009414
0 0.131380 0.007253 0.005122 0.009568
0 0.131380 0.007716 0.005122 0.009568
0 0.131380 0.008179 0.005122 0.009568
0 0.131380 0.008642 0.005122 0.009568
0 0.131380 0.009028 0.005122 0.009414
0 0.131510 0.009877 0.005382 0.009568
0 0.131510 0.009877 0.005382 0.009568
0 0.131510 0.010340 0.005382 0.009568
0 0.131510 0.010802 0.005382 0.009568
0 0.131510 0.011265 0.005382 0.009568
0 0.131510 0.011574 0.005382 0.009568
0 0.131510 0.011574 0.005382 0.009568
0 0.131510 0.012037 0.005382 0.009568
0 0.131510 0.012500 0.005382 0.009568
0 0.131510 0.012963 0.005382 0.009568
0 0.131510 0.013426 0.005382 0.009568
0 0.131250 0.013426 0.005382 0.009568
0 0.131250 0.013812 0.005382 0.009414
0 0.131250 0.013812 0.005382 0.009414
0 0.131250 0.014198 0.005382 0.009568
0 0.131250 0.014198 0.005382 0.009568
0 0.131120 0.014660 0.005122 0.009568
0 0.131120 0.014660 0.005122 0.009568
0 0.131120 0.015123 0.005122 0.009568
0 0.131120 0.015123 0.005122 0.009568
0 0.131120 0.015586 0.005122 0.009568
0 0.131120 0.015972 0.005122 0.009414
0 0.131120 0.016358 0.005122 0.009568
0 0.131120 0.016821 0.005122 0.009568
0 0.131120 0.017284 0.005122 0.009568
0 0.131380 0.017747 0.005122 0.009568
0 0.131380 0.018133 0.005122 0.009414
0 0.131380 0.018519 0.005122 0.009568
0 0.131380 0.018981 0.005122 0.009568
0 0.131380 0.019444 0.005122 0.009568
0 0.131641 0.020370 0.005122 0.009568
0 0.131641 0.020370 0.005122 0.009568
0 0.131727 0.020370 0.005295 0.009568
0 0.131814 0.020756 0.005122 0.009414
0 0.131944 0.020756 0.005382 0.009414
0 0.132075 0.021142 0.005122 0.009568
0 0.132205 0.021142 0.005382 0.009568
0 0.132205 0.021142 0.005382 0.009568
0 0.132465 0.021605 0.005382 0.009568
0 0.132465 0.021605 0.005382 0.009568
0 0.132726 0.022068 0.005382 0.009568
0 0.132465 0.022068 0.005382 0.009568
0 0.132465 0.022068 0.005382 0.009568
0 0.132465 0.022068 0.005382 0.009568
0 0.132465 0.022068 0.005382 0.009568
0 0.132465 0.022068 0.005382 0.009568
0 0.132205 0.022068 0.005382 0.009568
0 0.132205 0.022068 0.005382 0.009568
0 0.132205 0.022068 0.005382 0.009568
0 0.132205 0.022068 0.005382 0.009568
0 0.132205 0.022068 0.005382 0.009568
0 0.131944 0.022068 0.005382 0.009568
0 0.131944 0.022299 0.005382 0.009105
0 0.131944 0.022531 0.005382 0.009568
0 0.131727 0.022762 0.005295 0.009105
0 0.131727 0.022917 0.005295 0.009414
0 0.131727 0.023071 0.005295 0.009105
0 0.131510 0.023071 0.005382 0.009105
0 0.131510 0.023534 0.005382 0.009105
0 0.131510 0.023534 0.005382 0.009105
0 0.131510 0.023997 0.005382 0.009105
0 0.131510 0.023765 0.005382 0.009568
0 0.131510 0.023765 0.005382 0.009568
0 0.131510 0.023765 0.005382 0.009568
0 0.131510 0.023765 0.005382 0.009568
0 0.131510 0.023765 0.005382 0.009568
0 0.131510 0.023765 0.005382 0.009568
0 0.131510 0.023765 0.005382 0.009568
0 0.131510 0.023765 0.005382 0.009568
0 0.131510 0.023765 0.005382 0.009568
0 0.131641 0.023765 0.005122 0.009568
0 0.131641 0.023765 0.005122 0.009568
0 0.131641 0.023765 0.005122 0.009568
0 0.131641 0.023765 0.005122 0.009568
0 0.131641 0.023765 0.005122 0.009568
0 0.131641 0.023765 0.005122 0.009568
0 0.131641 0.023765 0.005122 0.009568
0 0.131641 0.023765 0.005122 0.009568
0 0.131641 0.023765 0.005122 0.009568
0 0.131641 0.023765 0.005122 0.009568
0 0.131727 0.024228 0.005295 0.009568
0 0.131727 0.024228 0.005295 0.009568
0 0.131944 0.024691 0.005382 0.009568
0 0.131944 0.025077 0.005382 0.009414
0 0.132205 0.025463 0.005382 0.009568
0 0.132465 0.025926 0.005382 0.009568
0 0.132465 0.025926 0.005382 0.009568
0 0.132726 0.026389 0.005382 0.009568
0 0.132726 0.026852 0.005382 0.009568
0 0.132943 0.027315 0.005295 0.009568
0 0.133160 0.027623 0.005382 0.009568
0 0.132943 0.027623 0.005295 0.009568
0 0.132943 0.027623 0.005295 0.009568
0 0.132943 0.027623 0.005295 0.009568
0 0.132943 0.028086 0.005295 0.009568
0 0.132943 0.028086 0.005295 0.009568
0 0.132943 0.028086 0.005295 0.009568
0 0.132943 0.028549 0.005295 0.009568
0 0.132943 0.028549 0.005295 0.009568
0 0.132943 0.028549 0.005295 0.009568
0 0.132943 0.029012 0.005295 0.009568
0 0.132856 0.029012 0.005122 0.009568
0 0.132856 0.029012 0.005122 0.009568
0 0.132856 0.029475 0.005122 0.009568
0 0.132856 0.029475 0.005122 0.009568
0 0.132856 0.029861 0.005122 0.009414
0 0.132856 0.029861 0.005122 0.009414
0 0.132856 0.029861 0.005122 0.009414
0 0.132856 0.030247 0.005122 0.009568
0 0.132856 0.030247 0.005122 0.009568
0 0.132856 0.030710 0.005122 0.009568
0 0.132856 0.030710 0.005122 0.009568
0 0.132856 0.030710 0.005122 0.009568
0 0.132856 0.030710 0.005122 0.009568
0 0.132943 0.031173 0.005295 0.009568
0 0.132943 0.031173 0.005295 0.009568
0 0.132943 0.031173 0.005295 0.009568
0 0.133073 0.031636 0.005556 0.009568
0 0.133073 0.031636 0.005556 0.009568
0 0.133073 0.031636 0.005556 0.009568
0 0.133290 0.032022 0.005642 0.009414
0 0.133290 0.032022 0.005642 0.009414
0 0.133290 0.032407 0.005642 0.009568
0 0.133550 0.032407 0.005642 0.009568
0 0.133550 0.032870 0.005642 0.009568
0 0.133811 0.032870 0.005642 0.009568
0 0.133811 0.033333 0.005642 0.009568
0 0.133811 0.033333 0.005642 0.009568
0 0.134071 0.033796 0.005642 0.009568
0 0.134071 0.033796 0.005642 0.009568
0 0.134288 0.034259 0.005556 0.009568
0 0.134288 0.034259 0.005556 0.009568
0 0.134288 0.034259 0.005556 0.009568
0 0.134288 0.034259 0.005556 0.009568
0 0.134288 0.034259 0.005556 0.009568
0 0.134288 0.034259 0.005556 0.009568
0 0.134288 0.034259 0.005556 0.009568
0 0.134288 0.034259 0.005556 0.009568
0 0.134288 0.034259 0.005556 0.009568
0 0.134288 0.034259 0.005556 0.009568
0 0.134418 0.034414 0.005295 0.009259
0 0.134201 0.034259 0.005382 0.009568
0 0.134201 0.034259 0.005382 0.009568
0 0.134071 0.034259 0.005642 0.009568
0 0.133941 0.034259 0.005382 0.009568
0 0.133941 0.034259 0.005382 0.009568
0 0.133811 0.034259 0.005642 0.009568
0 0.133681 0.034259 0.005382 0.009568
0 0.133550 0.034259 0.005642 0.009568
0 0.133550 0.034259 0.005642 0.009568
0 0.133550 0.034259 0.005642 0.009568
0 0.133550 0.034259 0.005642 0.009568
0 0.133550 0.034259 0.005642 0.009568
0 0.133550 0.034259 0.005642 0.009568
0 0.133550 0.034259 0.005642 0.009568
0 0.133550 0.034259 0.005642 0.009568
0 0.133550 0.034259 0.005642 0.009568
0 0.133550 0.034259 0.005642 0.009568
0 0.133550 0.034259 0.005642 0.009568
0 0.133550 0.034259 0.005642 0.009568
0 0.133550 0.034259 0.005642 0.009568
