0 0.202387 0.206790 0.004601 0.009568
0 0.202387 0.206790 0.004601 0.009568
0 0.202387 0.207253 0.004601 0.009568
0 0.202517 0.207716 0.004861 0.009568
0 0.202517 0.208179 0.004861 0.009568
0 0.202734 0.208642 0.004948 0.009568
0 0.202734 0.208642 0.004948 0.009568
0 0.202734 0.209028 0.004948 0.009414
0 0.202821 0.209414 0.005122 0.009568
0 0.202821 0.209877 0.005122 0.009568
0 0.203082 0.210340 0.005122 0.009568
0 0.203082 0.210340 0.005122 0.009568
0 0.203342 0.210571 0.005122 0.010031
0 0.203602 0.210571 0.005122 0.010031
0 0.203863 0.210957 0.005122 0.009877
0 0.204080 0.210957 0.005208 0.009877
0 0.204297 0.211188 0.005122 0.010340
0 0.204557 0.211420 0.005122 0.009877
0 0.204818 0.211651 0.005122 0.010340
0 0.205078 0.211651 0.005122 0.010340
0 0.205339 0.212037 0.005122 0.010494
0 0.205339 0.212037 0.005122 0.010494
0 0.205512 0.212037 0.005122 0.010494
0 0.205773 0.212269 0.005122 0.010031
0 0.205903 0.212500 0.004861 0.010494
0 0.206163 0.212731 0.004861 0.010031
0 0.206424 0.212731 0.004861 0.010031
0 0.206510 0.212886 0.004687 0.010340
0 0.206771 0.213117 0.004687 0.009877
0 0.206988 0.213117 0.004601 0.009877
0 0.207248 0.213580 0.004601 0.009877
0 0.207248 0.213580 0.004601 0.009877
0 0.207248 0.213966 0.004601 0.010031
0 0.207509 0.213966 0.004601 0.010031
0 0.207509 0.214429 0.004601 0.010031
0 0.207726 0.214892 0.004687 0.010031
0 0.207726 0.214892 0.004687 0.010031
0 0.207726 0.215355 0.004687 0.010031
0 0.207986 0.215355 0.004687 0.010031
0 0.207986 0.215741 0.004687 0.009877
0 0.208247 0.216204 0.004687 0.009877
0 0.208247 0.216590 0.004687 0.010031
0 0.208464 0.217052 0.004601 0.010031
0 0.208724 0.217515 0.004601 0.010031
0 0.208984 0.218364 0.004601 0.009877
0 0.209201 0.218750 0.004687 0.010031
0 0.209462 0.219213 0.004687 0.010031
0 0.209679 0.220062 0.004601 0.009877
0 0.209939 0.220525 0.004601 0.009877
0 0.210200 0.220910 0.004601 0.010031
0 0.210417 0.221836 0.004687 0.010031
0 0.210417 0.221836 0.004687 0.010031
0 0.210677 0.221836 0.004687 0.010031
0 0.210894 0.222068 0.004601 0.010494
0 0.211155 0.222299 0.004601 0.010031
0 0.211415 0.222454 0.004601 0.010340
0 0.211415 0.222454 0.004601 0.010340
0 0.211632 0.222685 0.004687 0.009877
0 0.211892 0.222917 0.004687 0.010340
0 0.212109 0.222917 0.004601 0.010340
0 0.212370 0.223302 0.004601 0.010494
0 0.212370 0.223302 0.004601 0.010494
0 0.212630 0.223765 0.004601 0.010494
0 0.212891 0.224228 0.004601 0.010494
0 0.212891 0.224614 0.004601 0.010340
0 0.213108 0.225077 0.004687 0.010340
0 0.213368 0.225077 0.004687 0.010340
0 0.213368 0.225540 0.004687 0.010340
0 0.213585 0.225926 0.004601 0.010494
0 0.213845 0.226389 0.004601 0.010494
0 0.214106 0.226775 0.004601 0.010340
0 0.214106 0.226775 0.004601 0.010340
0 0.214323 0.226775 0.004687 0.010340
0 0.214583 0.227238 0.004687 0.010340
0 0.214583 0.227238 0.004687 0.010340
0 0.214800 0.227701 0.004601 0.010340
0 0.215061 0.227701 0.004601 0.010340
0 0.215061 0.227701 0.004601 0.010340
0 0.215321 0.228086 0.004601 0.010494
0 0.215538 0.228086 0.004687 0.010494
0 0.215799 0.228549 0.004687 0.010494
0 0.216016 0.228549 0.004601 0.010494
0 0.216276 0.229012 0.004601 0.010494
0 0.216536 0.229012 0.004601 0.010494
0 0.217014 0.229398 0.004687 0.010340
0 0.217274 0.229398 0.004687 0.010340
0 0.217491 0.229861 0.004601 0.010340
0 0.218012 0.229861 0.004601 0.010340
0 0.218229 0.230247 0.004687 0.010494
0 0.218490 0.230247 0.004687 0.010494
0 0.218967 0.230710 0.004601 0.010494
0 0.218967 0.230710 0.004601 0.010494
0 0.219097 0.230941 0.004340 0.010031
0 0.219314 0.231173 0.004427 0.010494
0 0.219314 0.231404 0.004427 0.010031
0 0.219575 0.231790 0.004427 0.009877
0 0.219705 0.231790 0.004167 0.009877
0 0.219705 0.232022 0.004167 0.009414
0 0.219965 0.232253 0.004167 0.009877
0 0.220095 0.232407 0.003906 0.009568
0 0.220269 0.232870 0.003906 0.009568
0 0.220269 0.232870 0.003906 0.009568
0 0.220530 0.232870 0.003906 0.009568
0 0.220660 0.232870 0.004167 0.009568
0 0.220920 0.232870 0.004167 0.009568
0 0.221050 0.233102 0.004427 0.010031
0 0.221181 0.233102 0.004167 0.010031
0 0.221267 0.233102 0.004340 0.010031
0 0.221528 0.233102 0.004340 0.010031
0 0.221658 0.233102 0.004601 0.010031
0 0.221918 0.233565 0.004601 0.010031
0 0.221918 0.233565 0.004601 0.010031
0 0.221918 0.233565 0.004601 0.010031
0 0.222135 0.233719 0.004687 0.010340
0 0.222135 0.233951 0.004687 0.009877
0 0.222396 0.234182 0.004687 0.010340
0 0.222396 0.234182 0.004687 0.010340
0 0.222396 0.234414 0.004687 0.009877
0 0.222613 0.234645 0.004601 0.010340
0 0.222613 0.234645 0.004601 0.010340
0 0.222873 0.235031 0.004601 0.010494
0 0.222873 0.235494 0.004601 0.010494
0 0.223134 0.235880 0.004601 0.010340
0 0.223351 0.236343 0.004687 0.010340
0 0.223611 0.236806 0.004687 0.010340
0 0.223828 0.237191 0.004601 0.010494
0 0.223828 0.237654 0.004601 0.010494
0 0.224089 0.238117 0.004601 0.010494
0 0.224349 0.238503 0.004601 0.010340
0 0.224566 0.238966 0.004687 0.010340
0 0.224826 0.239429 0.004687 0.010340
0 0.224826 0.239429 0.004687 0.010340
0 0.224826 0.239815 0.004687 0.010494
0 0.224826 0.239815 0.004687 0.010494
0 0.224826 0.240278 0.004687 0.010494
0 0.225043 0.240664 0.004601 0.010340
0 0.225043 0.240664 0.004601 0.010340
0 0.225043 0.241127 0.004601 0.010340
0 0.225043 0.241127 0.004601 0.010340
0 0.225043 0.241590 0.004601 0.010340
0 0.225304 0.241975 0.004601 0.010494
0 0.225304 0.241975 0.004601 0.010494
0 0.225304 0.241975 0.004601 0.010494
0 0.225304 0.241975 0.004601 0.010494
0 0.225304 0.241975 0.004601 0.010494
0 0.225564 0.241975 0.004601 0.010494
0 0.225564 0.241975 0.004601 0.010494
0 0.225564 0.241975 0.004601 0.010494
0 0.225564 0.241975 0.004601 0.010494
0 0.225564 0.241975 0.004601 0.010494
0 0.225781 0.241975 0.004687 0.010494
0 0.225694 0.241975 0.004861 0.010494
0 0.225694 0.242438 0.004861 0.010494
0 0.225825 0.242670 0.005122 0.010031
0 0.225825 0.243056 0.005122 0.009877
0 0.225955 0.243519 0.005382 0.009877
0 0.225955 0.243673 0.005382 0.009568
0 0.225955 0.244136 0.005382 0.009568
0 0.226042 0.244367 0.005556 0.009105
0 0.226042 0.244830 0.005556 0.009105
0 0.226172 0.245293 0.005816 0.009105
0 0.226172 0.245062 0.005816 0.008642
0 0.226259 0.245062 0.005642 0.008642
0 0.226389 0.245216 0.005903 0.008333
0 0.226519 0.244985 0.005642 0.007870
0 0.226649 0.245216 0.005903 0.007407
0 0.226780 0.245216 0.005642 0.007407
0 0.226780 0.244985 0.005642 0.006944
0 0.227040 0.245216 0.005642 0.006481
0 0.227040 0.245216 0.005642 0.006481
0 0.227257 0.245448 0.005556 0.006019
0 0.227040 0.245448 0.005642 0.006019
0 0.227040 0.245679 0.005642 0.005556
0 0.227040 0.245679 0.005642 0.005556
0 0.227040 0.245910 0.005642 0.005093
0 0.227040 0.246142 0.005642 0.005556
0 0.227040 0.246296 0.005642 0.005247
0 0.227040 0.246296 0.005642 0.005247
0 0.227040 0.246528 0.005642 0.004784
0 0.227040 0.246528 0.005642 0.004784
0 0.227040 0.246991 0.005642 0.004784
