0 0.224783 0.135494 0.005122 0.016975
0 0.224089 0.135031 0.005122 0.016975
0 0.223568 0.135031 0.005122 0.016975
0 0.222873 0.135031 0.005122 0.016975
0 0.222352 0.135031 0.005122 0.016975
0 0.221658 0.135031 0.005122 0.016975
0 0.221137 0.135031 0.005122 0.016975
0 0.220443 0.135031 0.005122 0.016975
0 0.219922 0.135031 0.005122 0.016975
0 0.219227 0.135031 0.005122 0.016975
0 0.218707 0.135031 0.005122 0.016975
0 0.218446 0.135031 0.005122 0.016975
0 0.218273 0.135031 0.005122 0.016975
0 0.218273 0.135031 0.005122 0.016975
0 0.218012 0.135031 0.005122 0.016975
0 0.218012 0.135031 0.005122 0.016975
0 0.217752 0.135031 0.005122 0.016975
0 0.217491 0.135031 0.005122 0.016975
0 0.217491 0.135031 0.005122 0.016975
0 0.217231 0.135031 0.005122 0.016975
0 0.217231 0.135494 0.005122 0.016975
0 0.217014 0.135494 0.005208 0.016975
0 0.217014 0.135494 0.005208 0.016975
0 0.217014 0.135494 0.005208 0.016975
0 0.216797 0.135494 0.005122 0.016975
0 0.216797 0.135494 0.005122 0.016975
0 0.216797 0.135494 0.005122 0.016975
0 0.216536 0.135494 0.005122 0.016975
0 0.216536 0.135494 0.005122 0.016975
0 0.216536 0.135494 0.005122 0.016975
0 0.216536 0.135957 0.005122 0.016975
0 0.216016 0.135957 0.005122 0.016975
0 0.215755 0.135957 0.005122 0.016975
0 0.215321 0.135957 0.005122 0.016975
0 0.215061 0.135957 0.005122 0.016975
0 0.214540 0.135957 0.005122 0.016975
0 0.214366 0.135957 0.005122 0.016975
0 0.213845 0.135957 0.005122 0.016975
0 0.213585 0.135957 0.005122 0.016975
0 0.213151 0.135957 0.005122 0.016975
0 0.212891 0.136343 0.005122 0.016821
0 0.211849 0.135957 0.005122 0.016975
0 0.211155 0.135957 0.005122 0.016975
0 0.210460 0.135494 0.005122 0.016975
0 0.209679 0.135494 0.005122 0.016975
0 0.208984 0.135494 0.005122 0.016975
0 0.208203 0.135031 0.005122 0.016975
0 0.207509 0.135031 0.005122 0.016975
0 0.206727 0.134645 0.005122 0.016821
0 0.206033 0.134645 0.005122 0.016821
0 0.205339 0.134645 0.005122 0.016821
0 0.204297 0.134182 0.005122 0.016821
0 0.203602 0.134182 0.005122 0.016821
0 0.202821 0.134182 0.005122 0.016821
0 0.202127 0.133796 0.005122 0.016975
0 0.201432 0.133796 0.005122 0.016975
0 0.200651 0.133796 0.005122 0.016975
0 0.199957 0.133333 0.005122 0.016975
0 0.199175 0.133333 0.005122 0.016975
0 0.198481 0.133333 0.005122 0.016975
0 0.197700 0.133333 0.005122 0.016975
0 0.197005 0.132870 0.005122 0.016975
0 0.196311 0.132870 0.005122 0.016975
0 0.195530 0.132870 0.005122 0.016975
0 0.194835 0.132407 0.005122 0.016975
0 0.194054 0.132407 0.005122 0.016975
0 0.193359 0.132407 0.005122 0.016975
0 0.192578 0.132022 0.005122 0.016821
0 0.191884 0.132022 0.005122 0.016821
0 0.191189 0.132022 0.005122 0.016821
0 0.190668 0.132022 0.005122 0.016821
0 0.191189 0.132022 0.005122 0.016821
0 0.191623 0.132022 0.005122 0.016821
0 0.192405 0.132022 0.005122 0.016821
0 0.192839 0.132022 0.005122 0.016821
0 0.193620 0.132022 0.005122 0.016821
0 0.194054 0.132022 0.005122 0.016821
0 0.194575 0.132022 0.005122 0.016821
0 0.195269 0.132022 0.005122 0.016821
0 0.195790 0.132022 0.005122 0.016821
0 0.196484 0.132022 0.005122 0.016821
0 0.196311 0.132022 0.005122 0.016821
0 0.196311 0.132022 0.005122 0.016821
0 0.196311 0.132022 0.005122 0.016821
0 0.196311 0.132022 0.005122 0.016821
0 0.196311 0.132407 0.005122 0.016975
0 0.196050 0.132407 0.005122 0.016975
0 0.196050 0.132407 0.005122 0.016975
0 0.196050 0.132407 0.005122 0.016975
0 0.196050 0.132407 0.005122 0.016975
0 0.196050 0.132870 0.005122 0.016975
0 0.195269 0.132407 0.005122 0.016975
0 0.194835 0.132407 0.005122 0.016975
0 0.194314 0.132176 0.005122 0.016512
0 0.193793 0.132022 0.005122 0.016821
0 0.193359 0.132022 0.005122 0.016821
0 0.192839 0.131790 0.005122 0.016358
0 0.192405 0.131559 0.005122 0.016821
0 0.191884 0.131404 0.005122 0.016512
0 0.191363 0.131404 0.005122 0.016512
0 0.190929 0.131404 0.005122 0.016512
0 0.190148 0.130941 0.005122 0.016512
0 0.189453 0.130941 0.005122 0.016512
0 0.188932 0.130478 0.005122 0.016512
0 0.188238 0.130478 0.005122 0.016512
0 0.187717 0.130015 0.005122 0.016512
0 0.187023 0.130015 0.005122 0.016512
0 0.186241 0.129630 0.005122 0.016358
0 0.185807 0.129630 0.005122 0.016358
0 0.185026 0.129244 0.005122 0.016512
0 0.184592 0.129244 0.005122 0.016512
0 0.183550 0.128781 0.005122 0.016512
0 0.182856 0.128781 0.005122 0.016512
0 0.182118 0.128318 0.005208 0.016512
0 0.181380 0.128318 0.005122 0.016512
0 0.180686 0.128318 0.005122 0.016512
0 0.179905 0.127855 0.005122 0.016512
0 0.179210 0.127855 0.005122 0.016512
0 0.178429 0.127469 0.005122 0.016358
0 0.177734 0.127469 0.005122 0.016358
0 0.176953 0.127469 0.005122 0.016358
0 0.176519 0.127083 0.005122 0.016512
0 0.175998 0.127083 0.005122 0.016512
0 0.175564 0.127083 0.005122 0.016512
0 0.175304 0.126620 0.005122 0.016512
0 0.174783 0.126620 0.005122 0.016512
0 0.174349 0.126620 0.005122 0.016512
0 0.174089 0.126157 0.005122 0.016512
0 0.173568 0.126157 0.005122 0.016512
0 0.173090 0.126157 0.005208 0.016512
0 0.172873 0.126157 0.005122 0.016512
0 0.172352 0.125694 0.005122 0.016512
0 0.171832 0.125309 0.005122 0.016358
0 0.171398 0.124923 0.005122 0.016512
0 0.170877 0.124923 0.005122 0.016512
0 0.170443 0.124460 0.005122 0.016512
0 0.169922 0.123997 0.005122 0.016512
0 0.169401 0.123997 0.005122 0.016512
0 0.168967 0.123534 0.005122 0.016512
0 0.168446 0.123071 0.005122 0.016512
0 0.168186 0.123071 0.005122 0.016512
0 0.168186 0.122685 0.005122 0.016358
0 0.168446 0.122685 0.005122 0.016358
0 0.168707 0.122299 0.005122 0.016512
0 0.168967 0.122299 0.005122 0.016512
0 0.169227 0.121836 0.005122 0.016512
0 0.169227 0.121836 0.005122 0.016512
0 0.169401 0.121373 0.005122 0.016512
0 0.169661 0.121373 0.005122 0.016512
0 0.169922 0.120910 0.005122 0.016512
0 0.170182 0.120910 0.005122 0.016512
0 0.169922 0.120525 0.005122 0.016358
0 0.169661 0.120525 0.005122 0.016358
0 0.169401 0.120139 0.005122 0.016512
0 0.169227 0.120139 0.005122 0.016512
0 0.168967 0.120139 0.005122 0.016512
0 0.168707 0.119676 0.005122 0.016512
0 0.168446 0.119676 0.005122 0.016512
0 0.168186 0.119213 0.005122 0.016512
0 0.167925 0.119213 0.005122 0.016512
0 0.167925 0.119213 0.005122 0.016512
0 0.167491 0.118750 0.005122 0.016512
0 0.166970 0.118364 0.005122 0.016358
0 0.166710 0.118364 0.005122 0.016358
0 0.166276 0.117978 0.005122 0.016512
0 0.166016 0.117978 0.005122 0.016512
0 0.165495 0.117515 0.005122 0.016512
0 0.165061 0.117052 0.005122 0.016512
0 0.164800 0.117052 0.005122 0.016512
0 0.164280 0.116590 0.005122 0.016512
0 0.164062 0.116590 0.005208 0.016512
0 0.164280 0.116127 0.005122 0.016512
0 0.164540 0.116127 0.005122 0.016512
0 0.164800 0.115741 0.005122 0.016358
0 0.165321 0.115741 0.005122 0.016358
0 0.165495 0.115741 0.005122 0.016358
0 0.165755 0.115355 0.005122 0.016512
0 0.166276 0.115355 0.005122 0.016512
0 0.166536 0.114892 0.005122 0.016512
0 0.166710 0.114892 0.005122 0.016512
0 0.167231 0.114892 0.005122 0.016512
