0 0.192361 0.118981 0.004167 0.016975
0 0.193576 0.118981 0.004167 0.016975
0 0.195052 0.118981 0.004167 0.016975
0 0.196528 0.118981 0.004167 0.016975
0 0.197743 0.118981 0.004167 0.016975
0 0.199219 0.118981 0.004167 0.016975
0 0.200694 0.118981 0.004167 0.016975
0 0.201910 0.118981 0.004167 0.016975
0 0.203342 0.118981 0.004080 0.016975
0 0.204818 0.118981 0.004080 0.016975
0 0.206250 0.119444 0.004167 0.016975
0 0.206771 0.119444 0.004167 0.016975
0 0.207248 0.119444 0.004080 0.016975
0 0.207726 0.119907 0.004167 0.016975
0 0.208247 0.119907 0.004167 0.016975
0 0.208724 0.120293 0.004080 0.016821
0 0.209201 0.120293 0.004167 0.016821
0 0.209722 0.120293 0.004167 0.016821
0 0.210156 0.120756 0.004167 0.016821
0 0.210677 0.120756 0.004167 0.016821
0 0.211372 0.121142 0.004167 0.016975
0 0.210938 0.120756 0.004167 0.016821
0 0.210677 0.120756 0.004167 0.016821
0 0.210156 0.120525 0.004167 0.016358
0 0.209939 0.120293 0.004080 0.016821
0 0.209722 0.120293 0.004167 0.016821
0 0.209201 0.120139 0.004167 0.016512
0 0.208941 0.119907 0.004167 0.016975
0 0.208507 0.119676 0.004167 0.016512
0 0.208247 0.119676 0.004167 0.016512
0 0.207986 0.119676 0.004167 0.016512
0 0.207248 0.119676 0.004080 0.016512
0 0.206510 0.119676 0.004167 0.016512
0 0.205816 0.119676 0.004167 0.016512
0 0.205035 0.119676 0.004167 0.016512
0 0.204340 0.119907 0.004167 0.016975
0 0.203559 0.119907 0.004167 0.016975
0 0.202865 0.119907 0.004167 0.016975
0 0.202127 0.119907 0.004080 0.016975
0 0.201389 0.119907 0.004167 0.016975
0 0.200694 0.120293 0.004167 0.016821
0 0.199436 0.119907 0.004080 0.016975
0 0.198437 0.119907 0.004167 0.016975
0 0.197483 0.119907 0.004167 0.016975
0 0.196528 0.119444 0.004167 0.016975
0 0.195573 0.119444 0.004167 0.016975
0 0.194314 0.119444 0.004080 0.016975
0 0.193316 0.118981 0.004167 0.016975
0 0.192361 0.118981 0.004167 0.016975
0 0.191406 0.118981 0.004167 0.016975
0 0.190408 0.118981 0.004080 0.016975
0 0.188976 0.118596 0.004167 0.016821
0 0.187760 0.118596 0.004167 0.016821
0 0.186545 0.118133 0.004167 0.016821
0 0.185069 0.118133 0.004167 0.016821
0 0.183854 0.117747 0.004167 0.016975
0 0.182639 0.117747 0.004167 0.016975
0 0.181163 0.117284 0.004167 0.016975
0 0.179948 0.117284 0.004167 0.016975
0 0.178733 0.116821 0.004167 0.016975
0 0.177474 0.116821 0.004080 0.016975
0 0.175781 0.116821 0.004167 0.016975
0 0.174306 0.116821 0.004167 0.016975
0 0.172830 0.116821 0.004167 0.016975
0 0.171354 0.116821 0.004167 0.016975
0 0.169922 0.117284 0.004080 0.016975
0 0.168229 0.117284 0.004167 0.016975
0 0.166753 0.117284 0.004167 0.016975
0 0.165278 0.117284 0.004167 0.016975
0 0.163802 0.117284 0.004167 0.016975
0 0.162326 0.117747 0.004167 0.016975
0 0.160894 0.117284 0.004080 0.016975
0 0.159418 0.116821 0.004080 0.016975
0 0.157986 0.116358 0.004167 0.016975
0 0.156510 0.115972 0.004167 0.016821
0 0.155295 0.115972 0.004167 0.016821
0 0.153819 0.115509 0.004167 0.016821
0 0.152344 0.115123 0.004167 0.016975
0 0.150868 0.114660 0.004167 0.016975
0 0.149392 0.114198 0.004167 0.016975
0 0.148177 0.114198 0.004167 0.016975
0 0.149175 0.113812 0.004080 0.016821
0 0.150174 0.113812 0.004167 0.016821
0 0.151128 0.113812 0.004167 0.016821
0 0.152083 0.113812 0.004167 0.016821
0 0.153082 0.113812 0.004080 0.016821
0 0.154080 0.113812 0.004167 0.016821
0 0.155035 0.113812 0.004167 0.016821
0 0.155990 0.113812 0.004167 0.016821
0 0.156988 0.113812 0.004080 0.016821
0 0.157986 0.113812 0.004167 0.016821
0 0.159896 0.113812 0.004167 0.016821
0 0.162109 0.113812 0.004080 0.016821
0 0.164323 0.113812 0.004167 0.016821
0 0.166493 0.113812 0.004167 0.016821
0 0.168707 0.114198 0.004080 0.016975
0 0.170920 0.114198 0.004167 0.016975
0 0.173090 0.114198 0.004167 0.016975
0 0.175260 0.114198 0.004167 0.016975
0 0.177474 0.114198 0.004080 0.016975
0 0.179688 0.114660 0.004167 0.016975
0 0.185286 0.114660 0.004080 0.016975
0 0.191146 0.114660 0.004167 0.016975
0 0.197005 0.114660 0.004080 0.016975
0 0.202865 0.114660 0.004167 0.016975
0 0.208724 0.114660 0.004080 0.016975
0 0.214323 0.114660 0.004167 0.016975
0 0.220182 0.114660 0.004080 0.016975
0 0.226042 0.114660 0.004167 0.016975
0 0.231901 0.114660 0.004080 0.016975
0 0.237760 0.115123 0.004167 0.016975
0 0.239714 0.115509 0.004080 0.016821
0 0.241667 0.116358 0.004167 0.016975
0 0.243620 0.117284 0.004080 0.016975
0 0.245573 0.118133 0.004167 0.016821
0 0.247483 0.118981 0.004167 0.016975
0 0.249479 0.119907 0.004167 0.016975
0 0.251389 0.120756 0.004167 0.016821
0 0.253385 0.121605 0.004167 0.016975
0 0.255295 0.122454 0.004167 0.016821
0 0.257292 0.123302 0.004167 0.016975
0 0.260677 0.124228 0.004167 0.016975
0 0.264106 0.125540 0.004080 0.016821
0 0.267535 0.126852 0.004167 0.016975
0 0.271181 0.128086 0.004167 0.016975
0 0.274609 0.129398 0.004080 0.016821
0 0.278038 0.130710 0.004167 0.016975
0 0.281684 0.132022 0.004167 0.016821
0 0.285069 0.133333 0.004167 0.016975
0 0.288542 0.134645 0.004167 0.016821
0 0.292187 0.135957 0.004167 0.016975
0 0.292187 0.135957 0.004167 0.016975
0 0.292187 0.135957 0.004167 0.016975
0 0.292187 0.135957 0.004167 0.016975
0 0.292187 0.135957 0.004167 0.016975
0 0.292187 0.135957 0.004167 0.016975
0 0.292187 0.135957 0.004167 0.016975
0 0.292187 0.135957 0.004167 0.016975
0 0.292187 0.135957 0.004167 0.016975
0 0.292187 0.135957 0.004167 0.016975
0 0.292187 0.135957 0.004167 0.016975
0 0.292187 0.135957 0.004167 0.016975
0 0.292187 0.135957 0.004167 0.016975
0 0.292187 0.135957 0.004167 0.016975
0 0.292187 0.135957 0.004167 0.016975
0 0.292187 0.135957 0.004167 0.016975
0 0.292187 0.135957 0.004167 0.016975
0 0.292187 0.135957 0.004167 0.016975
0 0.292187 0.135957 0.004167 0.016975
0 0.292187 0.135957 0.004167 0.016975
0 0.292187 0.135957 0.004167 0.016975
0 0.292187 0.135957 0.004167 0.016975
0 0.292187 0.135957 0.004167 0.016975
0 0.292187 0.135957 0.004167 0.016975
0 0.292187 0.135957 0.004167 0.016975
0 0.292187 0.135957 0.004167 0.016975
0 0.292187 0.135957 0.004167 0.016975
0 0.292187 0.135957 0.004167 0.016975
0 0.292187 0.135957 0.004167 0.016975
0 0.292187 0.135957 0.004167 0.016975
0 0.292187 0.135957 0.004167 0.016975
0 0.292187 0.135957 0.004167 0.016975
0 0.292187 0.135957 0.004167 0.016975
0 0.292187 0.135957 0.004167 0.016975
0 0.292187 0.135957 0.004167 0.016975
0 0.292187 0.135957 0.004167 0.016975
0 0.292187 0.135957 0.004167 0.016975
0 0.292187 0.135957 0.004167 0.016975
0 0.292187 0.135957 0.004167 0.016975
0 0.292187 0.135957 0.004167 0.016975
0 0.292187 0.135957 0.004167 0.016975
0 0.292187 0.135957 0.004167 0.016975
0 0.292187 0.135957 0.004167 0.016975
0 0.292187 0.135957 0.004167 0.016975
0 0.292187 0.135957 0.004167 0.016975
0 0.292187 0.135957 0.004167 0.016975
0 0.292187 0.135957 0.004167 0.016975
0 0.292187 0.135957 0.004167 0.016975
0 0.292187 0.135957 0.004167 0.016975
0 0.292187 0.135957 0.004167 0.016975
0 0.292187 0.135957 0.004167 0.016975
