0 0.265191 0.148457 0.010243 0.011728
0 0.265191 0.148457 0.010243 0.011728
0 0.265191 0.148457 0.010243 0.011728
0 0.265191 0.148457 0.010243 0.011728
0 0.265191 0.148457 0.010243 0.011728
0 0.265191 0.148457 0.010243 0.011728
0 0.265191 0.148457 0.010243 0.011728
0 0.265191 0.148457 0.010243 0.011728
0 0.265191 0.148457 0.010243 0.011728
0 0.265191 0.148457 0.010243 0.011728
0 0.265191 0.148457 0.010243 0.011728
0 0.264844 0.148457 0.010069 0.011728
0 0.264627 0.148457 0.009983 0.011728
0 0.264236 0.148457 0.009722 0.011728
0 0.263976 0.148457 0.009722 0.011728
0 0.263759 0.148688 0.009288 0.011265
0 0.263498 0.148688 0.009288 0.011265
0 0.263108 0.148688 0.009028 0.011265
0 0.262847 0.148688 0.009028 0.011265
0 0.262543 0.148688 0.008767 0.011265
0 0.262413 0.149151 0.008507 0.011265
0 0.262283 0.149151 0.008247 0.011265
0 0.262153 0.149151 0.007986 0.011265
0 0.262066 0.149151 0.007812 0.011265
0 0.262066 0.149151 0.007812 0.011265
0 0.261936 0.149151 0.007552 0.011265
0 0.261806 0.149151 0.007292 0.011265
0 0.261806 0.149151 0.007292 0.011265
0 0.261675 0.149151 0.007031 0.011265
0 0.261545 0.149151 0.006771 0.011265
0 0.261545 0.149151 0.006771 0.011265
0 0.261198 0.149151 0.006597 0.011265
0 0.260807 0.149151 0.006337 0.011265
0 0.260460 0.149151 0.006163 0.011265
0 0.260200 0.149151 0.006163 0.011265
0 0.259852 0.149151 0.005816 0.011265
0 0.259462 0.149151 0.005556 0.011265
0 0.259245 0.149151 0.005642 0.011265
0 0.258854 0.149151 0.005382 0.011265
0 0.258464 0.149151 0.005122 0.011265
0 0.258377 0.149151 0.004948 0.011265
0 0.258377 0.149151 0.004948 0.011265
0 0.258377 0.149614 0.004948 0.011265
0 0.258377 0.149614 0.004948 0.011265
0 0.258377 0.150077 0.004948 0.011265
0 0.258377 0.150077 0.004948 0.011265
0 0.258377 0.150463 0.004948 0.011420
0 0.258377 0.150463 0.004948 0.011420
0 0.258377 0.150849 0.004948 0.011265
0 0.258377 0.150849 0.004948 0.011265
0 0.258594 0.151312 0.004861 0.011265
0 0.258594 0.151312 0.004861 0.011265
0 0.258594 0.151312 0.004861 0.011265
0 0.258594 0.151312 0.004861 0.011265
0 0.258594 0.151312 0.004861 0.011265
0 0.258594 0.151312 0.004861 0.011265
0 0.258594 0.151312 0.004861 0.011265
0 0.258594 0.151312 0.004861 0.011265
0 0.258594 0.151312 0.004861 0.011265
0 0.258594 0.151312 0.004861 0.011265
0 0.258594 0.151312 0.004861 0.011265
0 0.258160 0.150849 0.004861 0.011265
0 0.257639 0.150849 0.004861 0.011265
0 0.257378 0.150849 0.004861 0.011265
0 0.256944 0.150849 0.004861 0.011265
0 0.256684 0.150849 0.004861 0.011265
0 0.256163 0.150849 0.004861 0.011265
0 0.255686 0.150849 0.004948 0.011265
0 0.255469 0.150849 0.004861 0.011265
0 0.254948 0.150849 0.004861 0.011265
0 0.254687 0.150849 0.004861 0.011265
0 0.254470 0.150849 0.004948 0.011265
0 0.254253 0.151312 0.004861 0.011265
0 0.253993 0.151775 0.004861 0.011265
0 0.253733 0.152238 0.004861 0.011265
0 0.253733 0.152623 0.004861 0.011420
0 0.253472 0.152623 0.004861 0.011420
0 0.253255 0.153009 0.004948 0.011265
0 0.253038 0.153472 0.004861 0.011265
0 0.252778 0.153935 0.004861 0.011265
0 0.252778 0.154398 0.004861 0.011265
0 0.252778 0.154398 0.004861 0.011265
0 0.252778 0.154398 0.004861 0.011265
0 0.252778 0.154398 0.004861 0.011265
0 0.252778 0.154398 0.004861 0.011265
0 0.253038 0.154398 0.004861 0.011265
0 0.253038 0.154398 0.004861 0.011265
0 0.253038 0.154398 0.004861 0.011265
0 0.253038 0.154398 0.004861 0.011265
0 0.253038 0.154398 0.004861 0.011265
0 0.253255 0.154398 0.004948 0.011265
0 0.253038 0.153935 0.004861 0.011265
0 0.252778 0.153472 0.004861 0.011265
0 0.252517 0.153009 0.004861 0.011265
0 0.252257 0.153009 0.004861 0.011265
0 0.252040 0.152623 0.004948 0.011420
0 0.251780 0.152238 0.004948 0.011265
0 0.251562 0.152238 0.004861 0.011265
0 0.251302 0.151775 0.004861 0.011265
0 0.251042 0.151312 0.004861 0.011265
0 0.250781 0.151312 0.004861 0.011265
0 0.250564 0.151312 0.004948 0.011265
0 0.250564 0.151312 0.004948 0.011265
0 0.250564 0.151312 0.004948 0.011265
0 0.250347 0.151775 0.004861 0.011265
0 0.250347 0.151775 0.004861 0.011265
0 0.250347 0.151775 0.004861 0.011265
0 0.250087 0.152238 0.004861 0.011265
0 0.250087 0.152238 0.004861 0.011265
0 0.250087 0.152238 0.004861 0.011265
0 0.250087 0.152623 0.004861 0.011420
0 0.249826 0.152623 0.004861 0.011420
0 0.249566 0.152623 0.004861 0.011420
0 0.249349 0.152623 0.004948 0.011420
0 0.249132 0.152623 0.004861 0.011420
0 0.249132 0.153009 0.004861 0.011265
0 0.248872 0.153009 0.004861 0.011265
0 0.248611 0.153009 0.004861 0.011265
0 0.248351 0.153009 0.004861 0.011265
0 0.248134 0.153009 0.004948 0.011265
0 0.248134 0.153472 0.004948 0.011265
0 0.248134 0.153472 0.004948 0.011265
0 0.248134 0.153472 0.004948 0.011265
0 0.248134 0.153472 0.004948 0.011265
0 0.248134 0.153472 0.004948 0.011265
0 0.248134 0.153472 0.004948 0.011265
0 0.248134 0.153472 0.004948 0.011265
0 0.248134 0.153472 0.004948 0.011265
0 0.248134 0.153472 0.004948 0.011265
0 0.248134 0.153472 0.004948 0.011265
0 0.248134 0.153472 0.004948 0.011265
0 0.248134 0.153472 0.004948 0.011265
0 0.248134 0.153472 0.004948 0.011265
0 0.248134 0.153472 0.004948 0.011265
0 0.248134 0.153472 0.004948 0.011265
0 0.248134 0.153472 0.004948 0.011265
0 0.248134 0.153472 0.004948 0.011265
0 0.248134 0.153472 0.004948 0.011265
0 0.248134 0.153472 0.004948 0.011265
0 0.248134 0.153472 0.004948 0.011265
0 0.248134 0.153472 0.004948 0.011265
0 0.248134 0.153472 0.004948 0.011265
0 0.248134 0.153472 0.004948 0.011265
0 0.248134 0.153472 0.004948 0.011265
0 0.248134 0.153472 0.004948 0.011265
0 0.248134 0.153472 0.004948 0.011265
0 0.248134 0.153472 0.004948 0.011265
0 0.248134 0.153472 0.004948 0.011265
0 0.248134 0.153472 0.004948 0.011265
0 0.248134 0.153472 0.004948 0.011265
0 0.248134 0.153472 0.004948 0.011265
0 0.248003 0.153241 0.005208 0.010802
0 0.247917 0.153241 0.005382 0.010802
0 0.247786 0.153241 0.005642 0.010802
0 0.247656 0.153241 0.005903 0.010802
0 0.247656 0.153241 0.005903 0.010802
0 0.247526 0.153241 0.006163 0.010802
0 0.247396 0.153241 0.006424 0.010802
0 0.247309 0.153241 0.006597 0.010802
0 0.247179 0.153241 0.006858 0.010802
0 0.247179 0.153241 0.006858 0.010802
0 0.246918 0.152855 0.006858 0.010957
0 0.246918 0.152855 0.006858 0.010957
0 0.246918 0.152392 0.006858 0.010957
0 0.246918 0.152392 0.006858 0.010957
0 0.246918 0.152392 0.006858 0.010957
0 0.246658 0.152006 0.006858 0.010802
0 0.246658 0.152006 0.006858 0.010802
0 0.246658 0.151543 0.006858 0.010802
0 0.246658 0.151543 0.006858 0.010802
0 0.246658 0.151543 0.006858 0.010802
0 0.246658 0.151080 0.006858 0.010802
0 0.246658 0.151080 0.006858 0.010802
0 0.246658 0.150694 0.006858 0.010957
0 0.246658 0.150694 0.006858 0.010957
0 0.246918 0.150694 0.006858 0.010957
0 0.246918 0.150231 0.006858 0.010957
0 0.246918 0.150231 0.006858 0.010957
0 0.246918 0.149846 0.006858 0.010802
0 0.246918 0.149846 0.006858 0.010802
0 0.247179 0.149846 0.006858 0.010802
