0 0.114062 0.081481 0.006076 0.010494
0 0.114757 0.081019 0.006076 0.010494
0 0.115495 0.080633 0.006163 0.010340
0 0.116233 0.080170 0.006076 0.010340
0 0.116970 0.079707 0.006163 0.010340
0 0.117708 0.079321 0.006076 0.010494
0 0.118403 0.078858 0.006076 0.010494
0 0.119184 0.078472 0.006076 0.010340
0 0.119878 0.078009 0.006076 0.010340
0 0.120616 0.077546 0.006163 0.010340
0 0.121615 0.077546 0.006076 0.010340
0 0.122092 0.076698 0.006163 0.010494
0 0.122830 0.076312 0.006076 0.010340
0 0.123524 0.075849 0.006076 0.010340
0 0.124306 0.075386 0.006076 0.010340
0 0.125000 0.075000 0.006076 0.010494
0 0.125738 0.074537 0.006163 0.010494
0 0.126476 0.074074 0.006076 0.010494
0 0.127214 0.073688 0.006163 0.010340
0 0.127951 0.073225 0.006076 0.010340
0 0.128689 0.072840 0.006163 0.010494
0 0.129427 0.072377 0.006076 0.010494
0 0.130122 0.071914 0.006076 0.010494
0 0.130903 0.071528 0.006076 0.010340
0 0.131597 0.071065 0.006076 0.010340
0 0.132552 0.070602 0.006076 0.010340
0 0.133333 0.070216 0.006076 0.010494
0 0.134028 0.069753 0.006076 0.010494
0 0.134809 0.069367 0.006076 0.010340
0 0.135503 0.068904 0.006076 0.010340
0 0.136458 0.068441 0.006076 0.010340
0 0.137240 0.068056 0.006076 0.010494
0 0.137934 0.067593 0.006076 0.010494
0 0.138672 0.067130 0.006163 0.010494
0 0.139670 0.066744 0.006076 0.010340
0 0.140365 0.066281 0.006076 0.010340
0 0.141146 0.065895 0.006076 0.010494
0 0.142101 0.065432 0.006076 0.010494
0 0.142839 0.064969 0.006163 0.010494
0 0.143576 0.064583 0.006076 0.010340
0 0.144531 0.064583 0.006076 0.010340
0 0.145182 0.064120 0.006337 0.010340
0 0.145877 0.063657 0.006337 0.010340
0 0.146528 0.063272 0.006597 0.010494
0 0.147222 0.062809 0.006597 0.010494
0 0.147917 0.062423 0.006597 0.010340
0 0.148568 0.061960 0.006858 0.010340
0 0.149306 0.061497 0.006771 0.010340
0 0.149913 0.061111 0.007118 0.010494
0 0.150651 0.060648 0.007031 0.010494
0 0.151389 0.060417 0.007118 0.010031
0 0.152083 0.059799 0.007118 0.010340
0 0.152951 0.059336 0.007292 0.010340
0 0.153689 0.058951 0.007378 0.010494
0 0.154557 0.058488 0.007552 0.010494
0 0.155512 0.058025 0.007552 0.010494
0 0.156250 0.057639 0.007639 0.010340
0 0.157118 0.057176 0.007812 0.010340
0 0.157812 0.056713 0.007812 0.010340
0 0.158724 0.056327 0.008073 0.010494
0 0.159679 0.056096 0.008073 0.010957
0 0.160373 0.055247 0.008073 0.010802
0 0.161155 0.054784 0.008073 0.010802
0 0.161849 0.054321 0.008073 0.010802
0 0.162630 0.053935 0.008073 0.010957
0 0.163325 0.053549 0.008073 0.010802
0 0.164062 0.053086 0.007986 0.010802
0 0.164800 0.052623 0.008073 0.010802
0 0.165495 0.052160 0.008073 0.010802
0 0.166276 0.051775 0.008073 0.010957
0 0.167231 0.051312 0.008073 0.010957
0 0.167969 0.050694 0.007986 0.011265
0 0.168837 0.050463 0.008333 0.011728
0 0.169531 0.050000 0.008333 0.011728
0 0.170530 0.049769 0.008247 0.012191
0 0.171267 0.049383 0.008333 0.012037
0 0.172135 0.048920 0.008507 0.012963
0 0.172960 0.048534 0.008247 0.013117
0 0.173828 0.048302 0.008594 0.013580
0 0.174566 0.047917 0.008507 0.013426
0 0.175521 0.047685 0.008507 0.013889
0 0.176259 0.046759 0.008594 0.013889
0 0.176997 0.046296 0.008507 0.013889
0 0.177734 0.045910 0.008594 0.013735
0 0.178472 0.045062 0.008507 0.013889
0 0.179167 0.044599 0.008507 0.013889
0 0.179948 0.044136 0.008507 0.013889
0 0.180642 0.043364 0.008507 0.013889
0 0.181380 0.042901 0.008594 0.013889
0 0.182118 0.042438 0.008507 0.013889
0 0.182856 0.041975 0.008594 0.013889
0 0.183594 0.041204 0.008507 0.013889
0 0.184332 0.040741 0.008594 0.013889
0 0.185286 0.040278 0.008594 0.013889
0 0.186024 0.039815 0.008507 0.013889
0 0.186979 0.039352 0.008507 0.013889
0 0.187717 0.038966 0.008594 0.013735
0 0.188455 0.038580 0.008507 0.013889
0 0.189453 0.038117 0.008594 0.013889
0 0.190191 0.037654 0.008507 0.013889
0 0.191146 0.037191 0.008507 0.013889
0 0.191884 0.036420 0.008594 0.013889
0 0.192622 0.035957 0.008507 0.013889
0 0.193576 0.035031 0.008507 0.013889
0 0.194314 0.034568 0.008594 0.013889
0 0.195312 0.034259 0.008507 0.013889
0 0.196007 0.033333 0.008507 0.013889
0 0.196745 0.032870 0.008594 0.013889
0 0.197743 0.032099 0.008507 0.013889
0 0.198481 0.031636 0.008594 0.013889
0 0.199436 0.031173 0.008594 0.013889
0 0.200174 0.030247 0.008507 0.013889
0 0.200911 0.029784 0.008594 0.013889
0 0.201649 0.029475 0.008507 0.013889
0 0.202387 0.029012 0.008594 0.013889
0 0.203342 0.028549 0.008594 0.013889
0 0.204080 0.027623 0.008507 0.013889
0 0.204818 0.027315 0.008594 0.013889
0 0.205556 0.026852 0.008507 0.013889
0 0.206293 0.026389 0.008594 0.013889
0 0.207248 0.025926 0.008594 0.013889
0 0.207986 0.025154 0.008507 0.013889
0 0.208724 0.024691 0.008594 0.013889
0 0.209679 0.023765 0.008594 0.013889
0 0.210417 0.023302 0.008507 0.013889
0 0.211415 0.022917 0.008594 0.013735
0 0.212153 0.022068 0.008507 0.013889
0 0.212847 0.021605 0.008507 0.013889
0 0.213845 0.020679 0.008594 0.013889
0 0.214583 0.020370 0.008507 0.013889
0 0.215538 0.019907 0.008507 0.013889
0 0.216276 0.018981 0.008594 0.013889
0 0.217014 0.018519 0.008507 0.013889
0 0.217969 0.017747 0.008507 0.013889
0 0.218707 0.017284 0.008594 0.013889
0 0.219705 0.016821 0.008507 0.013889
0 0.220443 0.015972 0.008594 0.013735
0 0.221181 0.015586 0.008507 0.013889
0 0.222135 0.014660 0.008507 0.013889
0 0.222873 0.014198 0.008594 0.013889
0 0.223872 0.013735 0.008507 0.013889
0 0.224566 0.012963 0.008507 0.013889
0 0.225304 0.012500 0.008594 0.013889
0 0.226042 0.011574 0.008507 0.013889
0 0.226866 0.011265 0.008767 0.013889
0 0.227648 0.010571 0.008767 0.013426
0 0.228342 0.009877 0.008767 0.013889
0 0.229253 0.009259 0.009028 0.013580
0 0.229948 0.008642 0.009028 0.013889
0 0.230642 0.007948 0.009028 0.013426
0 0.231684 0.007485 0.009028 0.013426
0 0.232378 0.006867 0.009028 0.013117
0 0.233160 0.006636 0.009028 0.012654
0 0.234115 0.006404 0.009028 0.012191
0 0.234809 0.005941 0.009028 0.011265
0 0.235764 0.005787 0.009028 0.010957
0 0.236545 0.005401 0.009028 0.010802
0 0.237240 0.004938 0.009028 0.009877
0 0.238281 0.004707 0.009028 0.009414
0 0.238976 0.004552 0.009028 0.009105
0 0.239931 0.004321 0.009028 0.008642
0 0.239931 0.004321 0.009028 0.008642
0 0.239931 0.004321 0.009028 0.008642
0 0.239931 0.004321 0.009028 0.008642
0 0.239931 0.004321 0.009028 0.008642
0 0.239931 0.004321 0.009028 0.008642
0 0.239931 0.004321 0.009028 0.008642
0 0.239931 0.004321 0.009028 0.008642
0 0.239931 0.004321 0.009028 0.008642
0 0.239931 0.004321 0.009028 0.008642
0 0.239931 0.004321 0.009028 0.008642
0 0.239931 0.004321 0.009028 0.008642
0 0.239931 0.004321 0.009028 0.008642
0 0.239931 0.004321 0.009028 0.008642
0 0.239931 0.004321 0.009028 0.008642
0 0.239931 0.004321 0.009028 0.008642
0 0.239931 0.004321 0.009028 0.008642
0 0.239931 0.004321 0.009028 0.008642
0 0.239931 0.004321 0.009028 0.008642
0 0.239931 0.004321 0.009028 0.008642
0 0.239931 0.004321 0.009028 0.008642
