0 0.292274 0.218519 0.008333 0.018210
0 0.291580 0.218133 0.008333 0.018364
0 0.290842 0.217747 0.008247 0.018210
0 0.290365 0.217284 0.008333 0.018210
0 0.289627 0.216821 0.008247 0.018210
0 0.289106 0.216358 0.008247 0.018210
0 0.288368 0.215895 0.008333 0.018210
0 0.287674 0.215586 0.008333 0.018210
0 0.287153 0.215123 0.008333 0.018210
0 0.286458 0.214660 0.008333 0.018210
0 0.285937 0.214660 0.008333 0.018210
0 0.285200 0.214198 0.008247 0.018210
0 0.284462 0.214198 0.008333 0.018210
0 0.283767 0.214198 0.008333 0.018210
0 0.283030 0.213735 0.008247 0.018210
0 0.282292 0.213735 0.008333 0.018210
0 0.281554 0.213735 0.008247 0.018210
0 0.280816 0.213426 0.008333 0.018210
0 0.280078 0.213426 0.008247 0.018210
0 0.279340 0.213426 0.008333 0.018210
0 0.278863 0.213426 0.008247 0.018210
0 0.278125 0.213426 0.008333 0.018210
0 0.277648 0.213735 0.008247 0.018210
0 0.276910 0.213735 0.008333 0.018210
0 0.276432 0.214198 0.008247 0.018210
0 0.275694 0.214198 0.008333 0.018210
0 0.275217 0.214660 0.008247 0.018210
0 0.274479 0.214660 0.008333 0.018210
0 0.274002 0.215123 0.008247 0.018210
0 0.273264 0.215123 0.008333 0.018210
0 0.272786 0.215586 0.008247 0.018210
0 0.272309 0.215123 0.008333 0.018210
0 0.271788 0.214660 0.008333 0.018210
0 0.271311 0.214198 0.008247 0.018210
0 0.270833 0.213735 0.008333 0.018210
0 0.270443 0.213426 0.008594 0.018210
0 0.269965 0.212963 0.008507 0.018210
0 0.269488 0.212500 0.008594 0.018210
0 0.269010 0.212037 0.008507 0.018210
0 0.268490 0.211574 0.008507 0.018210
0 0.268273 0.211188 0.008594 0.018364
0 0.268012 0.211188 0.008594 0.018364
0 0.267795 0.211188 0.008507 0.018364
0 0.267535 0.211188 0.008507 0.018364
0 0.267274 0.211574 0.008507 0.018210
0 0.267014 0.211574 0.008507 0.018210
0 0.266797 0.211574 0.008594 0.018210
0 0.266536 0.212037 0.008594 0.018210
0 0.266319 0.212037 0.008507 0.018210
0 0.266059 0.212037 0.008507 0.018210
0 0.265799 0.212500 0.008507 0.018210
0 0.265321 0.212500 0.008594 0.018210
0 0.265104 0.212963 0.008507 0.018210
0 0.264844 0.212963 0.008507 0.018210
0 0.264366 0.213426 0.008594 0.018210
0 0.264106 0.213426 0.008594 0.018210
0 0.263889 0.213735 0.008507 0.018210
0 0.263368 0.213735 0.008507 0.018210
0 0.263108 0.214198 0.008507 0.018210
0 0.262891 0.214198 0.008594 0.018210
0 0.262630 0.214660 0.008594 0.018210
0 0.263368 0.215586 0.008507 0.018210
0 0.264366 0.216821 0.008594 0.018210
0 0.265321 0.218133 0.008594 0.018364
0 0.266189 0.218981 0.008767 0.018210
0 0.267144 0.220370 0.008767 0.018210
0 0.268012 0.221605 0.008594 0.018210
0 0.268880 0.222531 0.008767 0.018210
0 0.269835 0.223765 0.008767 0.018210
0 0.270790 0.225077 0.008767 0.018364
0 0.271788 0.226389 0.008854 0.018210
0 0.271788 0.226852 0.008854 0.018210
0 0.271788 0.227623 0.008854 0.018210
0 0.271788 0.228086 0.008854 0.018210
0 0.271788 0.229012 0.008854 0.018210
0 0.271788 0.229475 0.008854 0.018210
0 0.271788 0.230247 0.008854 0.018210
0 0.271788 0.230710 0.008854 0.018210
0 0.271788 0.231636 0.008854 0.018210
0 0.271788 0.231944 0.008854 0.018210
0 0.272049 0.232870 0.008854 0.018210
0 0.273264 0.235031 0.008854 0.018210
0 0.274479 0.237191 0.008854 0.018210
0 0.275694 0.239352 0.008854 0.018210
0 0.276953 0.241512 0.008767 0.018210
0 0.278168 0.244136 0.008767 0.018210
0 0.279384 0.246296 0.008767 0.018210
0 0.280599 0.248457 0.008767 0.018210
0 0.281814 0.250617 0.008767 0.018210
0 0.283030 0.252778 0.008767 0.018210
0 0.284245 0.255401 0.008767 0.018210
0 0.284505 0.256790 0.008767 0.018210
0 0.284722 0.258025 0.008854 0.018210
0 0.284939 0.259414 0.008767 0.018210
0 0.285200 0.260648 0.008767 0.018210
0 0.285460 0.261883 0.008767 0.018210
0 0.285720 0.263272 0.008767 0.018210
0 0.285981 0.264506 0.008767 0.018210
0 0.286198 0.265895 0.008854 0.018210
0 0.286415 0.267130 0.008767 0.018210
0 0.286936 0.268519 0.008767 0.018210
0 0.288021 0.270679 0.009028 0.018210
0 0.289236 0.272840 0.009028 0.018210
0 0.290451 0.275000 0.009028 0.018210
0 0.291667 0.277392 0.009028 0.017747
0 0.293012 0.279784 0.009288 0.018210
0 0.294097 0.281944 0.009549 0.018210
0 0.295356 0.284336 0.009462 0.017747
0 0.296571 0.286497 0.009462 0.017747
0 0.297786 0.288657 0.009462 0.017747
0 0.299132 0.291281 0.009722 0.017747
0 0.299132 0.291281 0.009722 0.017747
0 0.299132 0.291281 0.009722 0.017747
0 0.299132 0.291281 0.009722 0.017747
0 0.299132 0.291281 0.009722 0.017747
0 0.299132 0.291281 0.009722 0.017747
0 0.299132 0.291281 0.009722 0.017747
0 0.299132 0.291281 0.009722 0.017747
0 0.299132 0.291281 0.009722 0.017747
0 0.299132 0.291281 0.009722 0.017747
0 0.299132 0.291281 0.009722 0.017747
0 0.299132 0.291281 0.009722 0.017747
0 0.299132 0.291281 0.009722 0.017747
0 0.299132 0.291281 0.009722 0.017747
0 0.299132 0.291281 0.009722 0.017747
0 0.299132 0.291281 0.009722 0.017747
0 0.299132 0.291281 0.009722 0.017747
0 0.299132 0.291281 0.009722 0.017747
0 0.299132 0.291281 0.009722 0.017747
0 0.299132 0.291281 0.009722 0.017747
0 0.299132 0.291281 0.009722 0.017747
0 0.299132 0.291281 0.009722 0.017747
0 0.299132 0.291281 0.009722 0.017747
0 0.299132 0.291281 0.009722 0.017747
0 0.299132 0.291281 0.009722 0.017747
0 0.299132 0.291281 0.009722 0.017747
0 0.299132 0.291281 0.009722 0.017747
0 0.299132 0.291281 0.009722 0.017747
0 0.299132 0.291281 0.009722 0.017747
0 0.299132 0.291281 0.009722 0.017747
0 0.299132 0.291281 0.009722 0.017747
0 0.299132 0.291281 0.009722 0.017747
0 0.299132 0.291281 0.009722 0.017747
0 0.299132 0.291281 0.009722 0.017747
0 0.299132 0.291281 0.009722 0.017747
0 0.299132 0.291281 0.009722 0.017747
0 0.299132 0.291281 0.009722 0.017747
0 0.299132 0.291281 0.009722 0.017747
0 0.299132 0.291281 0.009722 0.017747
0 0.299132 0.291281 0.009722 0.017747
0 0.299132 0.291281 0.009722 0.017747
0 0.299132 0.291281 0.009722 0.017747
0 0.299132 0.291281 0.009722 0.017747
0 0.299132 0.291281 0.009722 0.017747
0 0.299132 0.291281 0.009722 0.017747
0 0.299132 0.291281 0.009722 0.017747
0 0.299132 0.291281 0.009722 0.017747
0 0.299132 0.291281 0.009722 0.017747
0 0.299132 0.291281 0.009722 0.017747
0 0.299132 0.291281 0.009722 0.017747
0 0.299132 0.291281 0.009722 0.017747
0 0.299132 0.291281 0.009722 0.017747
0 0.299132 0.291281 0.009722 0.017747
0 0.299132 0.291281 0.009722 0.017747
0 0.299132 0.291281 0.009722 0.017747
0 0.299132 0.291281 0.009722 0.017747
0 0.299132 0.291281 0.009722 0.017747
0 0.299132 0.291281 0.009722 0.017747
0 0.299132 0.291281 0.009722 0.017747
0 0.299132 0.291281 0.009722 0.017747
0 0.299132 0.291281 0.009722 0.017747
0 0.299132 0.291281 0.009722 0.017747
0 0.299132 0.291281 0.009722 0.017747
0 0.299132 0.291281 0.009722 0.017747
0 0.299132 0.291281 0.009722 0.017747
0 0.299132 0.291281 0.009722 0.017747
0 0.299132 0.291281 0.009722 0.017747
0 0.299132 0.291281 0.009722 0.017747
0 0.299132 0.291281 0.009722 0.017747
0 0.299132 0.291281 0.009722 0.017747
0 0.299132 0.291281 0.009722 0.017747
