0 0.176519 0.238966 0.017274 0.020833
0 0.176519 0.238503 0.017274 0.020833
0 0.176519 0.238040 0.017274 0.020833
0 0.176519 0.238040 0.017274 0.020833
0 0.176519 0.237654 0.017274 0.020679
0 0.176519 0.237654 0.017274 0.020679
0 0.176519 0.237269 0.017274 0.020833
0 0.176519 0.236806 0.017274 0.020833
0 0.176519 0.236806 0.017274 0.020833
0 0.176519 0.236343 0.017274 0.020833
0 0.176736 0.236343 0.017361 0.020833
0 0.176606 0.235880 0.017101 0.020833
0 0.176606 0.235648 0.017101 0.020370
0 0.176606 0.235262 0.017101 0.020525
0 0.176606 0.235031 0.017101 0.020062
0 0.176606 0.235031 0.017101 0.020062
0 0.176606 0.234645 0.017101 0.019907
0 0.176606 0.234414 0.017101 0.019444
0 0.176606 0.233951 0.017101 0.019444
0 0.176606 0.233796 0.017101 0.019136
0 0.176606 0.233796 0.017101 0.019136
0 0.176606 0.233333 0.017101 0.019136
0 0.176606 0.233333 0.017101 0.019136
0 0.176606 0.233333 0.017101 0.019136
0 0.176606 0.233333 0.017101 0.019136
0 0.176606 0.233333 0.017101 0.019136
0 0.176606 0.232870 0.017101 0.019136
0 0.176606 0.232870 0.017101 0.019136
0 0.176606 0.232870 0.017101 0.019136
0 0.176606 0.232870 0.017101 0.019136
0 0.176606 0.232870 0.017101 0.019136
0 0.176606 0.232407 0.017101 0.019136
0 0.176606 0.232176 0.017101 0.018673
0 0.176606 0.232176 0.017101 0.018673
0 0.176606 0.231790 0.017101 0.018519
0 0.176606 0.231790 0.017101 0.018519
0 0.176606 0.231636 0.017101 0.018210
0 0.176606 0.231173 0.017101 0.018210
0 0.176606 0.231173 0.017101 0.018210
0 0.176606 0.230941 0.017101 0.017747
0 0.176736 0.230941 0.016840 0.017747
0 0.176736 0.230941 0.016840 0.017747
0 0.176736 0.230941 0.016840 0.017747
0 0.176736 0.230941 0.016840 0.017747
0 0.176736 0.230941 0.016840 0.017747
0 0.176736 0.230941 0.016840 0.017747
0 0.176736 0.230941 0.016840 0.017747
0 0.176736 0.230941 0.016840 0.017747
0 0.176736 0.230941 0.016840 0.017747
0 0.176736 0.230941 0.016840 0.017747
0 0.176736 0.230941 0.016840 0.017747
0 0.176736 0.230941 0.016840 0.017747
0 0.176736 0.230941 0.016840 0.017747
0 0.176736 0.230941 0.016840 0.017747
0 0.176736 0.230941 0.016840 0.017747
0 0.176736 0.230941 0.016840 0.017747
0 0.176736 0.230941 0.016840 0.017747
0 0.176736 0.230941 0.016840 0.017747
0 0.176736 0.230941 0.016840 0.017747
0 0.176736 0.230941 0.016840 0.017747
0 0.176736 0.230941 0.016840 0.017747
0 0.176606 0.230941 0.016580 0.017747
0 0.176519 0.230941 0.016406 0.017747
0 0.176519 0.230941 0.016406 0.017747
0 0.176389 0.230941 0.016146 0.017747
0 0.176389 0.230941 0.016146 0.017747
0 0.176259 0.230941 0.015885 0.017747
0 0.176128 0.230941 0.015625 0.017747
0 0.176128 0.230941 0.015625 0.017747
0 0.175998 0.230941 0.015365 0.017747
0 0.176128 0.231173 0.015104 0.017284
0 0.175998 0.230710 0.015365 0.017284
0 0.175998 0.230710 0.015365 0.017284
0 0.175998 0.230710 0.015365 0.017284
0 0.175998 0.230710 0.015365 0.017284
0 0.175998 0.230710 0.015365 0.017284
0 0.175868 0.230247 0.015625 0.017284
0 0.175868 0.230247 0.015625 0.017284
0 0.175868 0.230247 0.015625 0.017284
0 0.175868 0.230247 0.015625 0.017284
0 0.175868 0.230247 0.015625 0.017284
0 0.175651 0.229861 0.015538 0.017438
0 0.175651 0.229861 0.015538 0.017438
0 0.175564 0.229861 0.015365 0.017438
0 0.175564 0.229630 0.015365 0.016975
0 0.175564 0.229630 0.015365 0.016975
0 0.175434 0.229630 0.015104 0.016975
0 0.175434 0.229398 0.015104 0.016512
0 0.175304 0.229398 0.014844 0.016512
0 0.175304 0.229398 0.014844 0.016512
0 0.175304 0.229398 0.014844 0.016512
0 0.175304 0.229398 0.014844 0.016512
0 0.175304 0.229398 0.014844 0.016512
0 0.175304 0.229398 0.014844 0.016512
0 0.175304 0.229398 0.014844 0.016512
0 0.175304 0.229398 0.014844 0.016512
0 0.175304 0.229398 0.014844 0.016512
0 0.175304 0.229398 0.014844 0.016512
0 0.175304 0.229398 0.014844 0.016512
0 0.175304 0.229398 0.014844 0.016512
0 0.175304 0.229630 0.014844 0.016975
0 0.175174 0.229398 0.014583 0.016512
0 0.175174 0.229398 0.014583 0.016512
0 0.175174 0.229398 0.014583 0.016512
0 0.175174 0.229167 0.014583 0.016049
0 0.175174 0.229167 0.014583 0.016049
0 0.175174 0.229167 0.014583 0.016049
0 0.175174 0.228935 0.014583 0.015586
0 0.175174 0.228935 0.014583 0.015586
0 0.175174 0.228935 0.014583 0.015586
0 0.175174 0.228935 0.014583 0.015586
0 0.174913 0.228549 0.014583 0.015741
0 0.174913 0.228549 0.014583 0.015741
0 0.174913 0.228395 0.014583 0.016049
0 0.174913 0.228395 0.014583 0.016049
0 0.174913 0.228164 0.014583 0.016512
0 0.174913 0.228164 0.014583 0.016512
0 0.174913 0.227932 0.014583 0.016975
0 0.174913 0.227932 0.014583 0.016975
0 0.174913 0.227701 0.014583 0.017438
0 0.174913 0.227701 0.014583 0.017438
0 0.174913 0.227238 0.014583 0.017438
0 0.174913 0.227006 0.014583 0.016975
0 0.174913 0.226543 0.014583 0.016975
0 0.174913 0.226312 0.014583 0.016512
0 0.174913 0.226157 0.014583 0.016821
0 0.174913 0.226003 0.014583 0.016512
0 0.174913 0.225540 0.014583 0.016512
0 0.174913 0.225309 0.014583 0.016049
0 0.174913 0.224846 0.014583 0.016049
0 0.174913 0.224846 0.014583 0.016049
0 0.174696 0.224383 0.014670 0.016049
0 0.174696 0.224383 0.014670 0.016049
0 0.174696 0.224151 0.014670 0.015586
0 0.174696 0.224151 0.014670 0.015586
0 0.174696 0.223997 0.014670 0.015278
0 0.174566 0.223765 0.014410 0.015741
0 0.174566 0.223534 0.014410 0.015278
0 0.174566 0.223534 0.014410 0.015278
0 0.174566 0.223302 0.014410 0.014815
0 0.174566 0.223302 0.014410 0.014815
0 0.174306 0.222917 0.014410 0.014660
0 0.174306 0.222917 0.014410 0.014660
0 0.174306 0.222454 0.014410 0.014660
0 0.174306 0.222454 0.014410 0.014660
0 0.174306 0.222454 0.014410 0.014660
0 0.174175 0.222068 0.014149 0.014815
0 0.174175 0.222068 0.014149 0.014815
0 0.174175 0.221605 0.014149 0.014815
0 0.174175 0.221605 0.014149 0.014815
0 0.174175 0.221605 0.014149 0.014815
0 0.174175 0.221142 0.014149 0.014815
0 0.174175 0.221142 0.014149 0.014815
0 0.174175 0.220756 0.014149 0.014660
0 0.174175 0.220756 0.014149 0.014660
0 0.174175 0.220756 0.014149 0.014660
0 0.174175 0.220293 0.014149 0.014660
0 0.174175 0.220293 0.014149 0.014660
0 0.174175 0.219907 0.014149 0.014815
0 0.174175 0.219907 0.014149 0.014815
0 0.174175 0.219907 0.014149 0.014815
0 0.174175 0.219444 0.014149 0.014815
0 0.174175 0.219444 0.014149 0.014815
0 0.174175 0.219444 0.014149 0.014815
0 0.174175 0.218981 0.014149 0.014815
0 0.174175 0.218981 0.014149 0.014815
0 0.174175 0.218981 0.014149 0.014815
0 0.174175 0.218596 0.014149 0.014660
0 0.174175 0.218596 0.014149 0.014660
0 0.174175 0.218596 0.014149 0.014660
0 0.174175 0.218596 0.014149 0.014660
0 0.174045 0.218133 0.013889 0.014660
0 0.174045 0.217901 0.013889 0.014198
0 0.173958 0.217901 0.013715 0.014198
0 0.173958 0.217747 0.013715 0.013889
0 0.173828 0.217747 0.013455 0.013889
0 0.173828 0.217284 0.013455 0.013889
0 0.173698 0.217052 0.013194 0.013426
0 0.173698 0.217052 0.013194 0.013426
0 0.173568 0.216821 0.012934 0.012963
0 0.173698 0.216821 0.012674 0.012963
