0 0.144141 0.087577 0.003906 0.017438
0 0.144141 0.087577 0.003906 0.017438
0 0.144401 0.087731 0.003906 0.017747
0 0.144401 0.087963 0.003906 0.017284
0 0.144661 0.088194 0.003906 0.017747
0 0.144661 0.088657 0.003906 0.017747
0 0.144922 0.088657 0.003906 0.017747
0 0.144922 0.088889 0.003906 0.018210
0 0.145182 0.089120 0.003906 0.017747
0 0.145182 0.089352 0.003906 0.018210
0 0.145356 0.089660 0.003906 0.018210
0 0.146137 0.089660 0.003906 0.018210
0 0.146962 0.089660 0.004167 0.018210
0 0.147743 0.090123 0.004167 0.018210
0 0.148698 0.090123 0.004167 0.018210
0 0.149392 0.090586 0.004167 0.018210
0 0.150260 0.090586 0.004340 0.018210
0 0.151128 0.090586 0.004167 0.018210
0 0.151997 0.091049 0.004340 0.018210
0 0.152734 0.091049 0.004427 0.018210
0 0.153689 0.091512 0.004427 0.018210
0 0.153950 0.091512 0.004427 0.018210
0 0.154297 0.091512 0.004080 0.018210
0 0.154644 0.091821 0.004427 0.018210
0 0.155035 0.091821 0.004167 0.018210
0 0.155382 0.092284 0.004340 0.018210
0 0.155773 0.092284 0.004080 0.018210
0 0.155990 0.092284 0.004167 0.018210
0 0.156510 0.092747 0.004167 0.018210
0 0.156771 0.092747 0.004167 0.018210
0 0.157205 0.093210 0.004167 0.018210
0 0.159201 0.092747 0.004167 0.018210
0 0.161111 0.092747 0.004167 0.018210
0 0.163238 0.092747 0.003906 0.018210
0 0.165278 0.092747 0.004167 0.018210
0 0.167318 0.092747 0.003906 0.018210
0 0.169314 0.092747 0.003906 0.018210
0 0.171354 0.092747 0.004167 0.018210
0 0.173481 0.092747 0.003906 0.018210
0 0.175391 0.092747 0.003906 0.018210
0 0.177604 0.092747 0.003819 0.018210
0 0.179557 0.093210 0.003906 0.018210
0 0.181727 0.094059 0.003906 0.018364
0 0.183984 0.094907 0.003906 0.018210
0 0.186155 0.095833 0.003906 0.018210
0 0.188325 0.096605 0.003906 0.018210
0 0.190538 0.097531 0.003819 0.018210
0 0.192752 0.098457 0.003906 0.018210
0 0.194922 0.099228 0.003906 0.018210
0 0.197092 0.100154 0.003906 0.018210
0 0.199349 0.101003 0.003906 0.018364
0 0.199566 0.101003 0.003819 0.018364
0 0.200043 0.101003 0.003906 0.018364
0 0.200304 0.101389 0.003906 0.018210
0 0.200825 0.101389 0.003906 0.018210
0 0.201259 0.101852 0.003906 0.018210
0 0.201519 0.101852 0.003906 0.018210
0 0.202040 0.101852 0.003906 0.018210
0 0.202214 0.102315 0.003906 0.018210
0 0.202734 0.102315 0.003906 0.018210
0 0.203255 0.102778 0.003906 0.018210
0 0.202995 0.102778 0.003906 0.018210
0 0.202734 0.102778 0.003906 0.018210
0 0.202474 0.102778 0.003906 0.018210
0 0.202214 0.102778 0.003906 0.018210
0 0.202214 0.103241 0.003906 0.018210
0 0.202040 0.103241 0.003906 0.018210
0 0.201780 0.103241 0.003906 0.018210
0 0.201519 0.103241 0.003906 0.018210
0 0.201259 0.103241 0.003906 0.018210
0 0.201259 0.103549 0.003906 0.018210
0 0.200434 0.103241 0.004167 0.018210
0 0.199696 0.103241 0.004080 0.018210
0 0.198958 0.103241 0.004167 0.018210
0 0.198220 0.103009 0.004080 0.017747
0 0.197483 0.103009 0.004167 0.017747
0 0.196658 0.103009 0.004427 0.017747
0 0.195920 0.102778 0.004340 0.017284
0 0.195182 0.102778 0.004427 0.017284
0 0.194444 0.102778 0.004340 0.017284
0 0.193837 0.102778 0.004687 0.017284
0 0.193359 0.102778 0.004601 0.017284
0 0.192839 0.103164 0.004601 0.017438
0 0.192361 0.103164 0.004687 0.017438
0 0.191884 0.103627 0.004601 0.017438
0 0.191406 0.103627 0.004687 0.017438
0 0.190929 0.104012 0.004601 0.017284
0 0.190408 0.104012 0.004601 0.017284
0 0.189931 0.104475 0.004687 0.017284
0 0.189453 0.104475 0.004601 0.017284
0 0.189193 0.104938 0.004601 0.017284
0 0.188585 0.104938 0.004948 0.017284
0 0.188108 0.104938 0.004861 0.017284
0 0.187587 0.104938 0.004861 0.017284
0 0.187153 0.104938 0.004861 0.017284
0 0.186762 0.105324 0.005122 0.017438
0 0.186241 0.105324 0.005122 0.017438
0 0.185807 0.105324 0.005122 0.017438
0 0.185286 0.105324 0.005122 0.017438
0 0.184766 0.105324 0.005122 0.017438
0 0.184462 0.105787 0.005382 0.017438
0 0.183941 0.105787 0.005382 0.017438
0 0.183464 0.105787 0.005295 0.017438
0 0.182986 0.105787 0.005382 0.017438
0 0.182595 0.105787 0.005122 0.017438
0 0.182205 0.105787 0.005382 0.017438
0 0.181771 0.105787 0.005382 0.017438
0 0.181380 0.105787 0.005122 0.017438
0 0.180859 0.105787 0.005122 0.017438
0 0.180425 0.105787 0.005122 0.017438
0 0.180165 0.105941 0.005122 0.017747
0 0.179644 0.105941 0.005122 0.017747
0 0.179210 0.105941 0.005122 0.017747
0 0.178689 0.106173 0.005122 0.018210
0 0.178255 0.106404 0.005122 0.017747
0 0.177995 0.106636 0.005122 0.018210
0 0.177474 0.106636 0.005122 0.018210
0 0.176953 0.106867 0.005122 0.017747
0 0.176519 0.107099 0.005122 0.018210
0 0.175998 0.107099 0.005122 0.018210
0 0.175738 0.107562 0.005122 0.018210
0 0.175304 0.107099 0.005122 0.018210
0 0.174783 0.107099 0.005122 0.018210
0 0.174349 0.106636 0.005122 0.018210
0 0.173828 0.106636 0.005122 0.018210
0 0.173437 0.106636 0.004861 0.018210
0 0.172960 0.106173 0.004948 0.018210
0 0.172483 0.106173 0.004861 0.018210
0 0.171962 0.105710 0.004861 0.018210
0 0.171528 0.105710 0.004861 0.018210
0 0.171137 0.105710 0.004601 0.018210
0 0.170660 0.105710 0.004687 0.018210
0 0.170182 0.105710 0.004601 0.018210
0 0.169922 0.105710 0.004601 0.018210
0 0.169444 0.105710 0.004687 0.018210
0 0.169184 0.105710 0.004687 0.018210
0 0.168707 0.105710 0.004601 0.018210
0 0.168186 0.105710 0.004601 0.018210
0 0.167969 0.105710 0.004687 0.018210
0 0.167491 0.105710 0.004601 0.018210
0 0.167231 0.105710 0.004601 0.018210
0 0.166970 0.105401 0.004601 0.018210
0 0.166970 0.105401 0.004601 0.018210
0 0.166753 0.104938 0.004687 0.018210
0 0.166753 0.104938 0.004687 0.018210
0 0.166493 0.104938 0.004687 0.018210
0 0.166493 0.104475 0.004687 0.018210
0 0.166276 0.104475 0.004601 0.018210
0 0.166276 0.104012 0.004601 0.018210
0 0.166016 0.104012 0.004601 0.018210
0 0.166016 0.104012 0.004601 0.018210
0 0.166493 0.104012 0.004687 0.018210
0 0.167231 0.104012 0.004601 0.018210
0 0.167969 0.104012 0.004687 0.018210
0 0.168707 0.104012 0.004601 0.018210
0 0.169444 0.104475 0.004687 0.018210
0 0.169922 0.104475 0.004601 0.018210
0 0.170660 0.104475 0.004687 0.018210
0 0.171398 0.104475 0.004601 0.018210
0 0.172092 0.104475 0.004601 0.018210
0 0.172830 0.104938 0.004687 0.018210
0 0.172830 0.104475 0.004687 0.018210
0 0.172830 0.104012 0.004687 0.018210
0 0.173090 0.103549 0.004687 0.018210
0 0.173090 0.103549 0.004687 0.018210
0 0.173351 0.103241 0.004687 0.018210
0 0.173351 0.102778 0.004687 0.018210
0 0.173351 0.102778 0.004687 0.018210
0 0.173568 0.102315 0.004601 0.018210
0 0.173568 0.101852 0.004601 0.018210
0 0.173828 0.101852 0.004601 0.018210
0 0.174306 0.101852 0.004687 0.018210
0 0.175043 0.101852 0.004601 0.018210
0 0.175521 0.102315 0.004687 0.018210
0 0.176259 0.102315 0.004601 0.018210
0 0.176866 0.102778 0.004948 0.018210
0 0.177474 0.102778 0.004601 0.018210
0 0.178125 0.102778 0.004861 0.018210
0 0.178689 0.103241 0.004601 0.018210
0 0.179340 0.103241 0.004861 0.018210
0 0.180035 0.103549 0.004861 0.018210
