0 0.284852 0.024228 0.008594 0.015741
0 0.284852 0.024228 0.008594 0.015741
0 0.284852 0.024228 0.008594 0.015741
0 0.284852 0.024228 0.008594 0.015741
0 0.284852 0.024228 0.008594 0.015741
0 0.284852 0.024228 0.008594 0.015741
0 0.284852 0.024228 0.008594 0.015741
0 0.284852 0.024228 0.008594 0.015741
0 0.284852 0.024228 0.008594 0.015741
0 0.284852 0.024228 0.008594 0.015741
0 0.284852 0.024228 0.008594 0.015741
0 0.284852 0.024228 0.008594 0.015741
0 0.284852 0.024228 0.008594 0.015741
0 0.284852 0.024228 0.008594 0.015741
0 0.284852 0.024228 0.008594 0.015741
0 0.284852 0.024228 0.008594 0.015741
0 0.284852 0.024228 0.008594 0.015741
0 0.284852 0.024228 0.008594 0.015741
0 0.284852 0.024228 0.008594 0.015741
0 0.284852 0.024228 0.008594 0.015741
0 0.284852 0.024228 0.008594 0.015741
0 0.284852 0.024228 0.008594 0.015741
0 0.284852 0.024228 0.008594 0.015741
0 0.284852 0.024228 0.008594 0.015741
0 0.284852 0.024228 0.008594 0.015741
0 0.284852 0.024228 0.008594 0.015741
0 0.284852 0.024228 0.008594 0.015741
0 0.284852 0.024228 0.008594 0.015741
0 0.284852 0.024228 0.008594 0.015741
0 0.284852 0.024228 0.008594 0.015741
0 0.284852 0.024228 0.008594 0.015741
0 0.284852 0.024228 0.008594 0.015741
0 0.284852 0.024228 0.008594 0.015741
0 0.284852 0.024228 0.008594 0.015741
0 0.284852 0.024228 0.008594 0.015741
0 0.284852 0.024228 0.008594 0.015741
0 0.284852 0.024228 0.008594 0.015741
0 0.284852 0.024228 0.008594 0.015741
0 0.284852 0.024228 0.008594 0.015741
0 0.284852 0.024228 0.008594 0.015741
0 0.284852 0.024228 0.008594 0.015741
0 0.284852 0.024228 0.008594 0.015741
0 0.284852 0.024228 0.008594 0.015741
0 0.284852 0.024228 0.008594 0.015741
0 0.284852 0.024228 0.008594 0.015741
0 0.284852 0.024228 0.008594 0.015741
0 0.284852 0.024228 0.008594 0.015741
0 0.284852 0.024228 0.008594 0.015741
0 0.284852 0.024228 0.008594 0.015741
0 0.284852 0.024228 0.008594 0.015741
0 0.284852 0.024228 0.008594 0.015741
0 0.284852 0.024228 0.008594 0.015741
0 0.284852 0.024228 0.008594 0.015741
0 0.284852 0.024228 0.008594 0.015741
0 0.284852 0.024228 0.008594 0.015741
0 0.284852 0.024228 0.008594 0.015741
0 0.284852 0.024228 0.008594 0.015741
0 0.284852 0.024228 0.008594 0.015741
0 0.284852 0.024228 0.008594 0.015741
0 0.284852 0.024228 0.008594 0.015741
0 0.284852 0.024228 0.008594 0.015741
0 0.284852 0.024228 0.008594 0.015741
0 0.284852 0.024228 0.008594 0.015741
0 0.284852 0.024228 0.008594 0.015741
0 0.284852 0.024228 0.008594 0.015741
0 0.284852 0.024228 0.008594 0.015741
0 0.284852 0.024228 0.008594 0.015741
0 0.284852 0.024228 0.008594 0.015741
0 0.284852 0.024228 0.008594 0.015741
0 0.284852 0.024228 0.008594 0.015741
0 0.284852 0.024228 0.008594 0.015741
0 0.284852 0.024228 0.008594 0.015741
0 0.284852 0.024228 0.008594 0.015741
0 0.284852 0.024228 0.008594 0.015741
0 0.284852 0.024228 0.008594 0.015741
0 0.284852 0.024228 0.008594 0.015741
0 0.284852 0.024228 0.008594 0.015741
0 0.284852 0.024228 0.008594 0.015741
0 0.284852 0.024228 0.008594 0.015741
0 0.284852 0.024228 0.008594 0.015741
0 0.284852 0.024228 0.008594 0.015741
0 0.281944 0.022068 0.008507 0.014815
0 0.278993 0.020139 0.008507 0.014352
0 0.276172 0.018210 0.008247 0.013889
0 0.273394 0.016127 0.008594 0.013426
0 0.270573 0.014429 0.008333 0.012500
0 0.267665 0.012500 0.008247 0.012037
0 0.264844 0.010494 0.008507 0.011728
0 0.262023 0.008565 0.008247 0.011265
0 0.259115 0.006636 0.008333 0.010802
0 0.256424 0.004938 0.008333 0.009877
0 0.256424 0.004938 0.008333 0.009877
0 0.256424 0.004938 0.008333 0.009877
0 0.256424 0.004938 0.008333 0.009877
0 0.256424 0.004938 0.008333 0.009877
0 0.256424 0.004938 0.008333 0.009877
0 0.256424 0.004938 0.008333 0.009877
0 0.256424 0.004938 0.008333 0.009877
0 0.256424 0.004938 0.008333 0.009877
0 0.256424 0.004938 0.008333 0.009877
0 0.256424 0.004938 0.008333 0.009877
0 0.256684 0.004938 0.008333 0.009877
0 0.257031 0.005170 0.007986 0.010340
0 0.257248 0.005170 0.008073 0.010340
0 0.257639 0.005401 0.007812 0.010802
0 0.258030 0.005401 0.007552 0.010802
0 0.258290 0.005633 0.007552 0.011265
0 0.258594 0.005633 0.007292 0.011265
0 0.258854 0.005787 0.007292 0.011574
0 0.259245 0.005787 0.007031 0.011574
0 0.259592 0.006019 0.006858 0.012037
0 0.259722 0.006019 0.007118 0.012037
0 0.259983 0.006250 0.007118 0.012500
0 0.260330 0.006250 0.007292 0.012500
0 0.260460 0.006481 0.007552 0.012963
0 0.260851 0.006481 0.007812 0.012963
0 0.261024 0.006713 0.007812 0.013426
0 0.261155 0.006713 0.008073 0.013426
0 0.261545 0.006867 0.008333 0.013735
0 0.261806 0.006867 0.008333 0.013735
0 0.262153 0.007099 0.008507 0.014198
0 0.262413 0.007099 0.008507 0.014198
0 0.262891 0.007099 0.008594 0.014198
0 0.263368 0.007099 0.008507 0.014198
0 0.263889 0.007099 0.008507 0.014198
0 0.264366 0.007330 0.008594 0.014660
0 0.264583 0.007330 0.008507 0.014660
0 0.265104 0.007330 0.008507 0.014660
0 0.265582 0.007330 0.008594 0.014660
0 0.266059 0.007330 0.008507 0.014660
0 0.266536 0.007716 0.008594 0.014815
0 0.266536 0.007716 0.008594 0.014815
0 0.266797 0.008179 0.008594 0.014815
0 0.267014 0.008642 0.008507 0.014815
0 0.267274 0.008796 0.008507 0.015123
0 0.267535 0.009259 0.008507 0.015123
0 0.267665 0.009722 0.008247 0.015123
0 0.267882 0.009954 0.008333 0.015586
0 0.268142 0.010340 0.008333 0.015741
0 0.268403 0.010725 0.008333 0.015586
0 0.268620 0.011188 0.008247 0.015586
0 0.268880 0.011188 0.008247 0.015586
0 0.269227 0.011188 0.008594 0.015586
0 0.269488 0.011188 0.008594 0.015586
0 0.269965 0.011188 0.008507 0.015586
0 0.270226 0.011651 0.008507 0.015586
0 0.270573 0.011651 0.008854 0.015586
0 0.270920 0.011651 0.008507 0.015586
0 0.271311 0.011651 0.008767 0.015586
0 0.271571 0.011651 0.008767 0.015586
0 0.272049 0.012114 0.008854 0.015586
0 0.272179 0.012114 0.008594 0.015586
0 0.272396 0.012346 0.008507 0.016049
0 0.272656 0.012346 0.008507 0.016049
0 0.272917 0.012500 0.008507 0.016358
0 0.273134 0.012731 0.008594 0.016821
0 0.273394 0.012731 0.008594 0.016821
0 0.273611 0.012963 0.008507 0.017284
0 0.273872 0.012963 0.008507 0.017284
0 0.274132 0.013194 0.008507 0.017747
0 0.274349 0.013580 0.008594 0.017901
0 0.274609 0.013580 0.008594 0.017901
0 0.274826 0.013580 0.008507 0.017901
0 0.275087 0.013966 0.008507 0.017747
0 0.275564 0.013966 0.008594 0.017747
0 0.275825 0.014429 0.008594 0.017747
0 0.276042 0.014429 0.008507 0.017747
0 0.276562 0.014429 0.008507 0.017747
0 0.276823 0.014892 0.008507 0.017747
0 0.277040 0.014892 0.008594 0.017747
0 0.277517 0.015355 0.008507 0.017747
0 0.277517 0.015741 0.008507 0.017901
0 0.277778 0.016204 0.008507 0.017901
0 0.278038 0.016590 0.008507 0.017747
0 0.278168 0.017052 0.008767 0.017747
0 0.278385 0.017515 0.008854 0.017747
0 0.278516 0.017978 0.008594 0.017747
0 0.278602 0.018364 0.008767 0.017901
0 0.278863 0.018750 0.008767 0.017747
0 0.279123 0.019213 0.008767 0.017747
0 0.279384 0.019676 0.008767 0.017747
