0 0.038021 0.221142 0.008854 0.012963
0 0.038759 0.220756 0.008767 0.013117
0 0.039497 0.220293 0.008854 0.013117
0 0.040495 0.219907 0.008767 0.012963
0 0.041189 0.219444 0.008767 0.012963
0 0.042144 0.219444 0.008767 0.012963
0 0.042925 0.218981 0.008767 0.012963
0 0.043620 0.218519 0.008767 0.012963
0 0.044618 0.218133 0.008854 0.013117
0 0.045356 0.217747 0.008767 0.012963
0 0.046311 0.217747 0.008767 0.012963
0 0.047049 0.216821 0.008854 0.012963
0 0.047786 0.216358 0.008767 0.012963
0 0.048524 0.215972 0.008854 0.013117
0 0.049262 0.215509 0.008767 0.013117
0 0.049957 0.215123 0.008767 0.012963
0 0.050738 0.214198 0.008767 0.012963
0 0.051432 0.213812 0.008767 0.013117
0 0.052170 0.213349 0.008854 0.013117
0 0.052908 0.212963 0.008767 0.012963
0 0.053646 0.212500 0.008854 0.012963
0 0.054384 0.211574 0.008767 0.012963
0 0.055078 0.211188 0.008767 0.013117
0 0.055946 0.210340 0.008594 0.012963
0 0.056684 0.209877 0.008507 0.012963
0 0.057552 0.209259 0.008333 0.012654
0 0.058290 0.208565 0.008247 0.013117
0 0.059028 0.207948 0.008333 0.012500
0 0.059852 0.207253 0.008073 0.012963
0 0.060590 0.206636 0.007986 0.012654
0 0.061458 0.206173 0.007812 0.012654
0 0.061979 0.205787 0.007812 0.012500
0 0.062543 0.205324 0.007552 0.012500
0 0.063151 0.204938 0.007378 0.012654
0 0.063759 0.204707 0.007552 0.012191
0 0.064366 0.204475 0.007378 0.012654
0 0.064974 0.204012 0.007031 0.012654
0 0.065625 0.203781 0.007292 0.012191
0 0.066189 0.203395 0.007031 0.012037
0 0.066797 0.202932 0.006858 0.012037
0 0.067578 0.202932 0.006858 0.012037
0 0.068012 0.202546 0.006858 0.012191
0 0.068533 0.202083 0.006858 0.012191
0 0.069010 0.201620 0.006771 0.012191
0 0.069748 0.201235 0.006858 0.012037
0 0.070226 0.200772 0.006771 0.012037
0 0.070703 0.200386 0.006858 0.012191
0 0.071484 0.199923 0.006858 0.012191
0 0.071918 0.199460 0.006858 0.012191
0 0.072439 0.198997 0.006858 0.012191
0 0.073134 0.198997 0.006858 0.012191
0 0.073394 0.198611 0.006858 0.012037
0 0.073915 0.198611 0.006858 0.012037
0 0.074132 0.198611 0.006771 0.012037
0 0.074609 0.198225 0.006858 0.012191
0 0.074870 0.198225 0.006858 0.012191
0 0.075347 0.198225 0.006771 0.012191
0 0.075608 0.197762 0.006771 0.012191
0 0.076085 0.197762 0.006858 0.012191
0 0.076345 0.197762 0.006858 0.012191
0 0.076823 0.197762 0.006771 0.012191
0 0.077300 0.197762 0.006858 0.012191
0 0.077821 0.197762 0.006858 0.012191
0 0.078299 0.197762 0.006771 0.012191
0 0.078776 0.197762 0.006858 0.012191
0 0.079253 0.197762 0.006771 0.012191
0 0.079731 0.197762 0.006858 0.012191
0 0.080252 0.197762 0.006858 0.012191
0 0.080729 0.197762 0.006771 0.012191
0 0.081207 0.197762 0.006858 0.012191
0 0.081944 0.198225 0.006771 0.012191
0 0.082161 0.198225 0.006858 0.012191
0 0.082422 0.198611 0.006858 0.012037
0 0.082943 0.198611 0.006858 0.012037
0 0.083160 0.198997 0.006771 0.012191
0 0.083637 0.198997 0.006858 0.012191
0 0.083898 0.199460 0.006858 0.012191
0 0.084158 0.199460 0.006858 0.012191
0 0.084635 0.199923 0.006771 0.012191
0 0.084852 0.199923 0.006858 0.012191
0 0.085373 0.200386 0.006858 0.012191
0 0.085373 0.200386 0.006858 0.012191
0 0.085373 0.200386 0.006858 0.012191
0 0.085634 0.200386 0.006858 0.012191
0 0.085634 0.200386 0.006858 0.012191
0 0.085851 0.200386 0.006771 0.012191
0 0.085851 0.200386 0.006771 0.012191
0 0.085851 0.200386 0.006771 0.012191
0 0.086068 0.200386 0.006858 0.012191
0 0.086068 0.200386 0.006858 0.012191
0 0.086328 0.200772 0.006858 0.012037
0 0.086328 0.200772 0.006858 0.012037
0 0.086328 0.200772 0.006858 0.012037
0 0.086328 0.200772 0.006858 0.012037
0 0.086328 0.200772 0.006858 0.012037
0 0.086328 0.200772 0.006858 0.012037
0 0.086328 0.200772 0.006858 0.012037
0 0.086328 0.200772 0.006858 0.012037
0 0.086328 0.200772 0.006858 0.012037
0 0.086328 0.200772 0.006858 0.012037
0 0.086328 0.200772 0.006858 0.012037
0 0.086328 0.200772 0.006858 0.012037
0 0.086589 0.200772 0.006858 0.012037
0 0.086849 0.200772 0.006858 0.012037
0 0.087066 0.200772 0.006771 0.012037
0 0.087326 0.200772 0.006771 0.012037
0 0.087543 0.200772 0.006858 0.012037
0 0.087804 0.200772 0.006858 0.012037
0 0.088064 0.200772 0.006858 0.012037
0 0.088281 0.200772 0.006771 0.012037
0 0.088542 0.200772 0.006771 0.012037
0 0.088542 0.200772 0.006771 0.012037
0 0.088542 0.200772 0.006771 0.012037
0 0.088542 0.200772 0.006771 0.012037
0 0.088542 0.200772 0.006771 0.012037
0 0.088542 0.200772 0.006771 0.012037
0 0.088542 0.200772 0.006771 0.012037
0 0.088542 0.200772 0.006771 0.012037
0 0.088542 0.200772 0.006771 0.012037
0 0.088542 0.200772 0.006771 0.012037
0 0.088542 0.200772 0.006771 0.012037
0 0.088542 0.200772 0.006771 0.012037
0 0.088542 0.200772 0.006771 0.012037
0 0.088542 0.200772 0.006771 0.012037
0 0.088542 0.200772 0.006771 0.012037
0 0.088542 0.200772 0.006771 0.012037
0 0.088542 0.200772 0.006771 0.012037
0 0.088542 0.200772 0.006771 0.012037
0 0.088542 0.200772 0.006771 0.012037
0 0.088542 0.200772 0.006771 0.012037
0 0.088542 0.200772 0.006771 0.012037
0 0.088542 0.200772 0.006771 0.012037
0 0.088542 0.200772 0.006771 0.012037
0 0.088542 0.200772 0.006771 0.012037
0 0.088542 0.200772 0.006771 0.012037
0 0.088542 0.200772 0.006771 0.012037
0 0.088542 0.200772 0.006771 0.012037
0 0.088542 0.200772 0.006771 0.012037
0 0.088542 0.200772 0.006771 0.012037
0 0.088542 0.200772 0.006771 0.012037
0 0.088542 0.200772 0.006771 0.012037
0 0.088542 0.200772 0.006771 0.012037
0 0.088542 0.200772 0.006771 0.012037
0 0.088542 0.200772 0.006771 0.012037
0 0.088542 0.200772 0.006771 0.012037
0 0.088542 0.200772 0.006771 0.012037
0 0.088542 0.200772 0.006771 0.012037
0 0.088542 0.200772 0.006771 0.012037
0 0.088542 0.200772 0.006771 0.012037
0 0.088542 0.200772 0.006771 0.012037
0 0.088542 0.200772 0.006771 0.012037
0 0.088542 0.200772 0.006771 0.012037
0 0.088542 0.200772 0.006771 0.012037
0 0.088542 0.200772 0.006771 0.012037
0 0.088542 0.200772 0.006771 0.012037
0 0.088542 0.200772 0.006771 0.012037
0 0.088542 0.200772 0.006771 0.012037
0 0.088542 0.200772 0.006771 0.012037
0 0.088542 0.200772 0.006771 0.012037
0 0.088542 0.200772 0.006771 0.012037
0 0.088542 0.200772 0.006771 0.012037
0 0.088542 0.200772 0.006771 0.012037
0 0.088542 0.200772 0.006771 0.012037
0 0.088542 0.200772 0.006771 0.012037
0 0.088542 0.200772 0.006771 0.012037
0 0.088542 0.200772 0.006771 0.012037
0 0.088542 0.200772 0.006771 0.012037
0 0.088542 0.200772 0.006771 0.012037
0 0.088542 0.200772 0.006771 0.012037
0 0.088542 0.200772 0.006771 0.012037
0 0.088542 0.200772 0.006771 0.012037
0 0.088542 0.200772 0.006771 0.012037
0 0.088542 0.200772 0.006771 0.012037
0 0.088542 0.200772 0.006771 0.012037
0 0.088542 0.200772 0.006771 0.012037
0 0.088542 0.200772 0.006771 0.012037
0 0.088542 0.200772 0.006771 0.012037
0 0.088542 0.200772 0.006771 0.012037
0 0.088542 0.200772 0.006771 0.012037
0 0.088542 0.200772 0.006771 0.012037
0 0.088542 0.200772 0.006771 0.012037
