0 0.149913 0.082099 0.005556 0.016049
0 0.151128 0.081636 0.005556 0.016049
0 0.152344 0.081636 0.005556 0.016049
0 0.153819 0.081636 0.005556 0.016049
0 0.155035 0.081636 0.005556 0.016049
0 0.156510 0.081636 0.005556 0.016049
0 0.157726 0.081327 0.005556 0.016049
0 0.158941 0.081327 0.005556 0.016049
0 0.160373 0.081327 0.005642 0.016049
0 0.161632 0.081327 0.005556 0.016049
0 0.163064 0.081327 0.005642 0.016049
0 0.164280 0.081327 0.005642 0.016049
0 0.165538 0.081327 0.005556 0.016049
0 0.166753 0.081636 0.005556 0.016049
0 0.167969 0.081636 0.005556 0.016049
0 0.169184 0.082099 0.005556 0.016049
0 0.170399 0.082099 0.005556 0.016049
0 0.171615 0.082099 0.005556 0.016049
0 0.172873 0.082562 0.005642 0.016049
0 0.174089 0.082562 0.005642 0.016049
0 0.175521 0.083025 0.005556 0.016049
0 0.175998 0.083025 0.005642 0.016049
0 0.176736 0.083488 0.005556 0.016049
0 0.177214 0.083488 0.005642 0.016049
0 0.177995 0.083796 0.005642 0.016049
0 0.178472 0.084259 0.005556 0.016049
0 0.179210 0.084259 0.005642 0.016049
0 0.179688 0.084722 0.005556 0.016049
0 0.180425 0.084722 0.005642 0.016049
0 0.180903 0.085185 0.005556 0.016049
0 0.181641 0.085648 0.005642 0.016049
0 0.181120 0.085648 0.005642 0.016049
0 0.180903 0.085648 0.005556 0.016049
0 0.180642 0.085648 0.005556 0.016049
0 0.180425 0.085648 0.005642 0.016049
0 0.180165 0.085648 0.005642 0.016049
0 0.179905 0.085648 0.005642 0.016049
0 0.179688 0.085648 0.005556 0.016049
0 0.179427 0.085648 0.005556 0.016049
0 0.179210 0.085648 0.005642 0.016049
0 0.178950 0.085648 0.005642 0.016049
0 0.178472 0.085648 0.005556 0.016049
0 0.177995 0.085880 0.005642 0.016512
0 0.177474 0.086034 0.005642 0.016821
0 0.177083 0.086034 0.005382 0.016821
0 0.176736 0.086265 0.005556 0.017284
0 0.176259 0.086497 0.005642 0.017747
0 0.175868 0.086497 0.005382 0.017747
0 0.175434 0.086728 0.005382 0.018210
0 0.174913 0.086960 0.005382 0.018673
0 0.174653 0.087114 0.005382 0.018981
0 0.174219 0.086960 0.005382 0.018673
0 0.173698 0.086960 0.005382 0.018673
0 0.173307 0.086728 0.005122 0.018210
0 0.173003 0.086728 0.005382 0.018210
0 0.172613 0.086960 0.005122 0.017747
0 0.172092 0.086728 0.005122 0.017284
0 0.171745 0.086728 0.005295 0.017284
0 0.171398 0.086497 0.005122 0.016821
0 0.170877 0.086497 0.005122 0.016821
0 0.170616 0.086651 0.005122 0.016512
0 0.170877 0.086497 0.005122 0.016821
0 0.171398 0.086497 0.005122 0.016821
0 0.171745 0.086728 0.005295 0.017284
0 0.172092 0.086728 0.005122 0.017284
0 0.172613 0.086960 0.005122 0.017747
0 0.173003 0.086728 0.005382 0.018210
0 0.173307 0.086728 0.005122 0.018210
0 0.173698 0.086960 0.005382 0.018673
0 0.174219 0.086960 0.005382 0.018673
0 0.174653 0.087114 0.005382 0.018981
0 0.173177 0.086960 0.005382 0.018673
0 0.171832 0.086960 0.005122 0.018673
0 0.170443 0.086960 0.005122 0.017747
0 0.169097 0.086960 0.004861 0.017747
0 0.167839 0.087114 0.004948 0.017438
0 0.166406 0.086883 0.004861 0.016975
0 0.165061 0.086883 0.004601 0.016975
0 0.163585 0.086883 0.004601 0.016049
0 0.162240 0.086883 0.004340 0.016049
0 0.161024 0.087114 0.004340 0.015586
0 0.160286 0.086651 0.004427 0.015586
0 0.159766 0.086651 0.004427 0.015586
0 0.159288 0.086651 0.004340 0.015586
0 0.158681 0.086651 0.004687 0.015586
0 0.158203 0.086651 0.004601 0.015586
0 0.157595 0.086651 0.004427 0.015586
0 0.156988 0.086651 0.004601 0.015586
0 0.156510 0.086651 0.004687 0.015586
0 0.156033 0.086651 0.004601 0.015586
0 0.155512 0.086651 0.004601 0.015586
0 0.155035 0.086497 0.004687 0.015278
0 0.154774 0.086497 0.004687 0.015278
0 0.154427 0.086497 0.004861 0.015278
0 0.154036 0.086497 0.004601 0.015278
0 0.153819 0.086497 0.004687 0.015278
0 0.153472 0.086265 0.004861 0.014815
0 0.153082 0.086265 0.004601 0.014815
0 0.152691 0.086265 0.004861 0.014815
0 0.152474 0.086265 0.004948 0.014815
0 0.152257 0.086265 0.004861 0.014815
0 0.151997 0.085802 0.004861 0.014815
0 0.151736 0.085802 0.004861 0.014815
0 0.151476 0.085802 0.004861 0.014815
0 0.151259 0.085802 0.004948 0.014815
0 0.150998 0.085802 0.004948 0.014815
0 0.150781 0.085417 0.004861 0.014660
0 0.150521 0.085417 0.004861 0.014660
0 0.150260 0.085417 0.004861 0.014660
0 0.150000 0.085417 0.004861 0.014660
0 0.149783 0.085417 0.004948 0.014660
0 0.149306 0.085185 0.004861 0.015123
0 0.148915 0.085185 0.005122 0.015123
0 0.148481 0.084954 0.005122 0.015586
0 0.148220 0.085185 0.005122 0.016049
0 0.147830 0.085185 0.005382 0.016049
0 0.147309 0.084954 0.005382 0.016512
0 0.147135 0.085185 0.005382 0.016975
0 0.146615 0.084954 0.005382 0.017438
0 0.146224 0.084954 0.005642 0.017438
0 0.146007 0.085185 0.005556 0.017901
0 0.145660 0.084954 0.005382 0.017438
0 0.145399 0.084954 0.005382 0.017438
0 0.145139 0.084954 0.005382 0.017438
0 0.145009 0.084722 0.005122 0.016975
0 0.144748 0.084722 0.005122 0.016975
0 0.144444 0.084722 0.004861 0.016975
0 0.144314 0.084491 0.004601 0.016512
0 0.144054 0.084491 0.004601 0.016512
0 0.143793 0.084491 0.004601 0.016512
0 0.143707 0.084491 0.004427 0.016512
0 0.143446 0.084259 0.004427 0.016975
0 0.143186 0.084259 0.004427 0.016975
0 0.142969 0.084259 0.004340 0.016975
0 0.142708 0.084105 0.004340 0.017284
0 0.142448 0.084105 0.004340 0.017284
0 0.142231 0.084105 0.004427 0.017284
0 0.141970 0.083873 0.004427 0.017747
0 0.141710 0.083873 0.004427 0.017747
0 0.141493 0.083873 0.004340 0.017747
0 0.141493 0.083873 0.004340 0.017747
0 0.141233 0.083873 0.004340 0.017747
0 0.141016 0.083873 0.004427 0.017747
0 0.140755 0.084105 0.004427 0.017284
0 0.140495 0.084105 0.004427 0.017284
0 0.140278 0.084259 0.004340 0.016975
0 0.140017 0.084259 0.004340 0.016975
0 0.139800 0.084259 0.004427 0.016975
0 0.139540 0.084491 0.004427 0.016512
0 0.139280 0.084491 0.004427 0.016512
0 0.139280 0.084722 0.004427 0.016049
0 0.139062 0.084491 0.004340 0.016512
0 0.139062 0.084722 0.004340 0.016975
0 0.138802 0.084722 0.004340 0.016975
0 0.138802 0.084954 0.004340 0.017438
0 0.138802 0.085185 0.004340 0.017901
0 0.138585 0.085185 0.004427 0.017901
0 0.138585 0.085340 0.004427 0.018210
0 0.138325 0.085340 0.004427 0.018210
0 0.138325 0.085571 0.004427 0.018673
0 0.138325 0.085802 0.004427 0.019136
0 0.138064 0.085802 0.004427 0.019136
0 0.137804 0.086265 0.004427 0.019136
0 0.137674 0.086497 0.004167 0.018673
0 0.137587 0.086960 0.004340 0.018673
0 0.137457 0.087191 0.004080 0.018210
0 0.137240 0.087500 0.004167 0.018210
0 0.137109 0.087731 0.004427 0.017747
0 0.136979 0.088194 0.004167 0.017747
0 0.136719 0.088426 0.004167 0.017284
0 0.136719 0.088889 0.004167 0.017284
0 0.137326 0.088889 0.004340 0.017284
0 0.138064 0.088889 0.004427 0.017284
0 0.138802 0.088889 0.004340 0.017284
0 0.139540 0.088889 0.004427 0.017284
0 0.140408 0.089120 0.004601 0.017747
0 0.141102 0.089120 0.004601 0.017747
0 0.141840 0.089120 0.004687 0.017747
0 0.142578 0.089120 0.004601 0.017747
0 0.143316 0.089120 0.004687 0.017747
0 0.144184 0.089352 0.004861 0.018210
