0 0.176736 0.109259 0.004167 0.014815
0 0.177951 0.109259 0.004167 0.014815
0 0.179427 0.109722 0.004167 0.014815
0 0.180903 0.109722 0.004167 0.014815
0 0.182378 0.110108 0.004167 0.014660
0 0.183854 0.110571 0.004167 0.014660
0 0.185069 0.110571 0.004167 0.014660
0 0.186545 0.110957 0.004167 0.014815
0 0.187977 0.110957 0.004080 0.014815
0 0.189410 0.111420 0.004167 0.014815
0 0.190885 0.111883 0.004167 0.014815
0 0.191406 0.111420 0.004167 0.014815
0 0.192101 0.111420 0.004167 0.014815
0 0.192882 0.111420 0.004167 0.014815
0 0.193316 0.111420 0.004167 0.014815
0 0.194097 0.111420 0.004167 0.014815
0 0.194792 0.110957 0.004167 0.014815
0 0.195312 0.110957 0.004167 0.014815
0 0.196007 0.110957 0.004167 0.014815
0 0.196788 0.110957 0.004167 0.014815
0 0.197483 0.110957 0.004167 0.014815
0 0.197222 0.110957 0.004167 0.014815
0 0.197005 0.110957 0.004080 0.014815
0 0.196788 0.110957 0.004167 0.014815
0 0.196528 0.110957 0.004167 0.014815
0 0.196267 0.110957 0.004167 0.014815
0 0.196007 0.110957 0.004167 0.014815
0 0.195790 0.110957 0.004080 0.014815
0 0.195573 0.110957 0.004167 0.014815
0 0.195312 0.110957 0.004167 0.014815
0 0.195052 0.110957 0.004167 0.014815
0 0.194531 0.110957 0.004167 0.014815
0 0.194097 0.110957 0.004167 0.014815
0 0.193576 0.110957 0.004167 0.014815
0 0.193099 0.110957 0.004080 0.014815
0 0.192622 0.111420 0.004167 0.014815
0 0.192101 0.111420 0.004167 0.014815
0 0.191667 0.111420 0.004167 0.014815
0 0.191146 0.111420 0.004167 0.014815
0 0.190668 0.111420 0.004080 0.014815
0 0.190408 0.111883 0.004080 0.014815
0 0.189410 0.111883 0.004167 0.014815
0 0.188455 0.111883 0.004167 0.014815
0 0.187500 0.111883 0.004167 0.014815
0 0.186545 0.111883 0.004167 0.014815
0 0.185503 0.112269 0.004167 0.014660
0 0.184549 0.112269 0.004167 0.014660
0 0.183594 0.112269 0.004167 0.014660
0 0.182639 0.112269 0.004167 0.014660
0 0.181597 0.112269 0.004167 0.014660
0 0.180903 0.112731 0.004167 0.014660
0 0.179688 0.112269 0.004167 0.014660
0 0.178472 0.111883 0.004167 0.014815
0 0.177474 0.111420 0.004080 0.014815
0 0.176259 0.110957 0.004080 0.014815
0 0.175260 0.110571 0.004167 0.014660
0 0.174045 0.110108 0.004167 0.014660
0 0.172830 0.109722 0.004167 0.014815
0 0.171875 0.109259 0.004167 0.014815
0 0.170660 0.108796 0.004167 0.014815
0 0.169705 0.108796 0.004167 0.014815
0 0.168229 0.108796 0.004167 0.014815
0 0.166753 0.108796 0.004167 0.014815
0 0.165278 0.108796 0.004167 0.014815
0 0.164062 0.109259 0.004167 0.014815
0 0.162587 0.109259 0.004167 0.014815
0 0.161111 0.109259 0.004167 0.014815
0 0.159896 0.109722 0.004167 0.014815
0 0.158420 0.109722 0.004167 0.014815
0 0.156988 0.109722 0.004080 0.014815
0 0.155773 0.110108 0.004080 0.014660
0 0.154297 0.109722 0.004080 0.014815
0 0.153082 0.109259 0.004080 0.014815
0 0.151866 0.109259 0.004080 0.014815
0 0.150391 0.108796 0.004080 0.014815
0 0.149175 0.108796 0.004080 0.014815
0 0.147960 0.108333 0.004080 0.014815
0 0.146484 0.107948 0.004080 0.014660
0 0.145269 0.107948 0.004080 0.014660
0 0.144054 0.107485 0.004080 0.014660
0 0.142839 0.107485 0.004080 0.014660
0 0.143837 0.107099 0.004167 0.014815
0 0.145052 0.107099 0.004167 0.014815
0 0.146007 0.107099 0.004167 0.014815
0 0.147222 0.106636 0.004167 0.014815
0 0.148177 0.106636 0.004167 0.014815
0 0.149392 0.106636 0.004167 0.014815
0 0.150391 0.106173 0.004080 0.014815
0 0.151649 0.106173 0.004167 0.014815
0 0.152604 0.106173 0.004167 0.014815
0 0.153819 0.106173 0.004167 0.014815
0 0.155773 0.105787 0.004080 0.014660
0 0.157986 0.105324 0.004167 0.014660
0 0.160156 0.104938 0.004167 0.014815
0 0.162326 0.104475 0.004167 0.014815
0 0.164583 0.104012 0.004167 0.014815
0 0.166493 0.103627 0.004167 0.014660
0 0.168707 0.103164 0.004080 0.014660
0 0.170920 0.102778 0.004167 0.014815
0 0.173090 0.102315 0.004167 0.014815
0 0.175260 0.102315 0.004167 0.014815
0 0.181163 0.102778 0.004167 0.014815
0 0.186979 0.103627 0.004167 0.014660
0 0.192882 0.104012 0.004167 0.014815
0 0.198958 0.104938 0.004167 0.014815
0 0.204818 0.105787 0.004080 0.014660
0 0.210677 0.106173 0.004167 0.014815
0 0.216753 0.107099 0.004167 0.014815
0 0.222656 0.107485 0.004167 0.014660
0 0.228472 0.108333 0.004167 0.014815
0 0.234592 0.109259 0.004080 0.014815
0 0.237023 0.109722 0.004080 0.014815
0 0.239497 0.110108 0.004167 0.014660
0 0.242144 0.110957 0.004080 0.014815
0 0.244618 0.111420 0.004167 0.014815
0 0.247266 0.112269 0.004080 0.014660
0 0.249740 0.112731 0.004167 0.014660
0 0.252170 0.113117 0.004167 0.014815
0 0.254861 0.114043 0.004167 0.014815
0 0.257292 0.114429 0.004167 0.014660
0 0.259983 0.115278 0.004167 0.014815
0 0.263628 0.116204 0.004167 0.014815
0 0.267274 0.117515 0.004167 0.014660
0 0.270920 0.118364 0.004167 0.014815
0 0.274609 0.119676 0.004080 0.014660
0 0.278255 0.120525 0.004080 0.014815
0 0.281944 0.121836 0.004167 0.014660
0 0.285590 0.122685 0.004167 0.014815
0 0.289236 0.123997 0.004167 0.014660
0 0.292882 0.124846 0.004167 0.014815
0 0.296571 0.126157 0.004080 0.014660
0 0.296571 0.126157 0.004080 0.014660
0 0.296571 0.126157 0.004080 0.014660
0 0.296571 0.126157 0.004080 0.014660
0 0.296571 0.126157 0.004080 0.014660
0 0.296571 0.126157 0.004080 0.014660
0 0.296571 0.126157 0.004080 0.014660
0 0.296571 0.126157 0.004080 0.014660
0 0.296571 0.126157 0.004080 0.014660
0 0.296571 0.126157 0.004080 0.014660
0 0.296571 0.126157 0.004080 0.014660
0 0.296571 0.126157 0.004080 0.014660
0 0.296571 0.126157 0.004080 0.014660
0 0.296571 0.126157 0.004080 0.014660
0 0.296571 0.126157 0.004080 0.014660
0 0.296571 0.126157 0.004080 0.014660
0 0.296571 0.126157 0.004080 0.014660
0 0.296571 0.126157 0.004080 0.014660
0 0.296571 0.126157 0.004080 0.014660
0 0.296571 0.126157 0.004080 0.014660
0 0.296571 0.126157 0.004080 0.014660
0 0.296571 0.126157 0.004080 0.014660
0 0.296571 0.126157 0.004080 0.014660
0 0.296571 0.126157 0.004080 0.014660
0 0.296571 0.126157 0.004080 0.014660
0 0.296571 0.126157 0.004080 0.014660
0 0.296571 0.126157 0.004080 0.014660
0 0.296571 0.126157 0.004080 0.014660
0 0.296571 0.126157 0.004080 0.014660
0 0.296571 0.126157 0.004080 0.014660
0 0.296571 0.126157 0.004080 0.014660
0 0.296571 0.126157 0.004080 0.014660
0 0.296571 0.126157 0.004080 0.014660
0 0.296571 0.126157 0.004080 0.014660
0 0.296571 0.126157 0.004080 0.014660
0 0.296571 0.126157 0.004080 0.014660
0 0.296571 0.126157 0.004080 0.014660
0 0.296571 0.126157 0.004080 0.014660
0 0.296571 0.126157 0.004080 0.014660
0 0.296571 0.126157 0.004080 0.014660
0 0.296571 0.126157 0.004080 0.014660
0 0.296571 0.126157 0.004080 0.014660
0 0.296571 0.126157 0.004080 0.014660
0 0.296571 0.126157 0.004080 0.014660
0 0.296571 0.126157 0.004080 0.014660
0 0.296571 0.126157 0.004080 0.014660
0 0.296571 0.126157 0.004080 0.014660
0 0.296571 0.126157 0.004080 0.014660
0 0.296571 0.126157 0.004080 0.014660
0 0.296571 0.126157 0.004080 0.014660
0 0.296571 0.126157 0.004080 0.014660
