0 0.202127 0.211806 0.012934 0.017747
0 0.202127 0.211806 0.012934 0.017747
0 0.202127 0.212269 0.012934 0.017747
0 0.202127 0.212731 0.012934 0.017747
0 0.202127 0.212731 0.012934 0.017747
0 0.202387 0.213194 0.012934 0.017747
0 0.202387 0.213580 0.012934 0.017901
0 0.202387 0.213580 0.012934 0.017901
0 0.202387 0.213966 0.012934 0.017747
0 0.202387 0.214429 0.012934 0.017747
0 0.202648 0.214892 0.012934 0.017747
0 0.202257 0.214660 0.012674 0.017284
0 0.202127 0.214660 0.012413 0.017284
0 0.201910 0.214660 0.011979 0.017284
0 0.201649 0.214892 0.011979 0.016821
0 0.201519 0.214892 0.011719 0.016821
0 0.201259 0.214892 0.011198 0.016821
0 0.201042 0.215046 0.011285 0.016512
0 0.200781 0.215046 0.010764 0.016512
0 0.200651 0.215046 0.010503 0.016512
0 0.200521 0.215278 0.010243 0.016049
0 0.200651 0.214660 0.010503 0.016358
0 0.200781 0.214275 0.010764 0.016512
0 0.200911 0.213812 0.011024 0.017438
0 0.201172 0.213349 0.011024 0.017438
0 0.201259 0.213194 0.011198 0.017747
0 0.201389 0.212500 0.011458 0.018210
0 0.201649 0.212037 0.011458 0.018210
0 0.201780 0.211574 0.011719 0.019136
0 0.201910 0.211188 0.011979 0.018981
0 0.202127 0.210957 0.011892 0.019444
0 0.202127 0.209877 0.011892 0.019136
0 0.202257 0.209028 0.012153 0.018981
0 0.202257 0.208179 0.012153 0.019136
0 0.202387 0.207253 0.012413 0.019136
0 0.202387 0.206404 0.012413 0.018981
0 0.202517 0.205324 0.012674 0.018673
0 0.202517 0.204475 0.012674 0.018519
0 0.202648 0.203627 0.012934 0.018673
0 0.202648 0.202701 0.012934 0.018673
0 0.202821 0.202083 0.012934 0.018364
0 0.202734 0.202083 0.013108 0.018364
0 0.202734 0.202238 0.013108 0.018673
0 0.202734 0.202701 0.013108 0.018673
0 0.202865 0.202701 0.013368 0.018673
0 0.202865 0.203164 0.013368 0.018673
0 0.202734 0.203395 0.013628 0.019136
0 0.202865 0.203395 0.013889 0.019136
0 0.202865 0.203858 0.013889 0.019136
0 0.202865 0.204012 0.013889 0.019444
0 0.202995 0.204475 0.014149 0.019444
0 0.202344 0.204707 0.013889 0.018981
0 0.201780 0.205324 0.013628 0.018673
0 0.201302 0.205787 0.013194 0.017747
0 0.200651 0.206250 0.012934 0.017747
0 0.200304 0.206636 0.012760 0.016975
0 0.199696 0.207330 0.012413 0.016512
0 0.199089 0.207562 0.012240 0.016049
0 0.198568 0.208102 0.011719 0.015586
0 0.198003 0.208565 0.011458 0.014660
0 0.197613 0.209182 0.011198 0.014352
0 0.197352 0.209182 0.011198 0.014352
0 0.197266 0.209182 0.011024 0.014352
0 0.197135 0.209414 0.010764 0.013889
0 0.197005 0.209414 0.010503 0.013889
0 0.196875 0.209645 0.010243 0.013426
0 0.196615 0.209645 0.010243 0.013426
0 0.196484 0.209645 0.009983 0.013426
0 0.196398 0.209877 0.009809 0.012963
0 0.196267 0.209877 0.009549 0.012963
0 0.196137 0.210108 0.009288 0.012500
0 0.195877 0.209645 0.009288 0.012500
0 0.195877 0.209645 0.009288 0.012500
0 0.195877 0.209414 0.009288 0.012963
0 0.195747 0.209259 0.009028 0.012654
0 0.195747 0.209028 0.009028 0.013117
0 0.195660 0.209028 0.009201 0.013117
0 0.195573 0.208565 0.009028 0.013117
0 0.195573 0.208565 0.009028 0.013117
0 0.195573 0.208410 0.009028 0.013426
0 0.195573 0.208410 0.009028 0.013426
0 0.195443 0.208179 0.009288 0.013889
0 0.195443 0.208179 0.009288 0.013889
0 0.195443 0.208179 0.009288 0.013889
0 0.195312 0.208179 0.009549 0.013889
0 0.195312 0.208410 0.009549 0.014352
0 0.195312 0.208179 0.009549 0.014815
0 0.195182 0.208179 0.009809 0.014815
0 0.195182 0.208179 0.009809 0.014815
0 0.195182 0.208179 0.009809 0.014815
0 0.195269 0.208333 0.009983 0.015123
0 0.195052 0.207948 0.010069 0.015278
0 0.194835 0.207485 0.009983 0.015278
0 0.194835 0.207485 0.009983 0.015278
0 0.194575 0.207099 0.009983 0.015123
0 0.194575 0.207099 0.009983 0.015123
0 0.194314 0.206636 0.009983 0.015123
0 0.194054 0.206173 0.009983 0.015123
0 0.194054 0.206173 0.009983 0.015123
0 0.193837 0.205787 0.010069 0.015278
0 0.193837 0.205787 0.010069 0.015278
0 0.193707 0.205324 0.009809 0.015278
0 0.193707 0.205093 0.009809 0.014815
0 0.193707 0.204861 0.009809 0.014352
0 0.193837 0.204630 0.009549 0.013889
0 0.193837 0.204630 0.009549 0.013889
0 0.193837 0.204321 0.009549 0.013889
0 0.193967 0.204090 0.009288 0.013426
0 0.193967 0.203858 0.009288 0.012963
0 0.193967 0.203627 0.009288 0.012500
0 0.194097 0.203627 0.009028 0.012500
0 0.193967 0.203627 0.009288 0.012500
0 0.193967 0.203627 0.009288 0.012500
0 0.193967 0.203781 0.009288 0.012191
0 0.193967 0.203781 0.009288 0.012191
0 0.193967 0.204012 0.009288 0.011728
0 0.193967 0.204012 0.009288 0.011728
0 0.193967 0.204012 0.009288 0.011728
0 0.193967 0.204244 0.009288 0.011265
0 0.193967 0.204244 0.009288 0.011265
0 0.193967 0.204475 0.009288 0.010802
0 0.193707 0.204475 0.009288 0.010802
0 0.193707 0.204475 0.009288 0.010802
0 0.193707 0.204475 0.009288 0.010802
0 0.193707 0.204475 0.009288 0.010802
0 0.193707 0.204475 0.009288 0.010802
0 0.193446 0.204475 0.009288 0.010802
0 0.193446 0.204475 0.009288 0.010802
0 0.193446 0.204475 0.009288 0.010802
0 0.193446 0.204475 0.009288 0.010802
0 0.193446 0.204475 0.009288 0.010802
0 0.193576 0.203781 0.009549 0.011265
0 0.193837 0.203549 0.009549 0.011728
0 0.194184 0.203164 0.009722 0.011574
0 0.194314 0.202701 0.009983 0.012500
0 0.194705 0.202315 0.010243 0.012654
0 0.194965 0.202083 0.010243 0.013117
0 0.195052 0.201466 0.010417 0.013426
0 0.195399 0.201235 0.010764 0.013889
0 0.195660 0.200772 0.010764 0.013889
0 0.196007 0.200540 0.010937 0.014352
0 0.196007 0.199846 0.010937 0.013889
0 0.196137 0.199691 0.010677 0.013580
0 0.196137 0.199306 0.010677 0.013426
0 0.196267 0.199074 0.010417 0.012963
0 0.196484 0.198843 0.010503 0.012500
0 0.196484 0.198380 0.010503 0.012500
0 0.196615 0.198225 0.010243 0.012191
0 0.196615 0.197762 0.010243 0.012191
0 0.196745 0.197531 0.009983 0.011728
0 0.197005 0.197299 0.009983 0.011265
0 0.197005 0.197068 0.009983 0.011728
0 0.197135 0.197068 0.010243 0.011728
0 0.197266 0.196836 0.010503 0.012191
0 0.197396 0.197068 0.010764 0.012654
0 0.197483 0.196914 0.010937 0.012963
0 0.197613 0.196914 0.011198 0.012963
0 0.197743 0.196914 0.011458 0.013889
0 0.197873 0.196914 0.011719 0.013889
0 0.198003 0.196682 0.011979 0.014352
0 0.198090 0.196914 0.012153 0.014815
0 0.197873 0.196914 0.011719 0.014815
0 0.197743 0.197145 0.011458 0.014352
0 0.197613 0.197377 0.011198 0.013889
0 0.197483 0.197377 0.010937 0.013889
0 0.197396 0.197685 0.010764 0.013889
0 0.197135 0.197917 0.010243 0.013426
0 0.197005 0.197917 0.009983 0.013426
0 0.196875 0.198148 0.009722 0.012963
0 0.196745 0.198380 0.009462 0.012500
0 0.196788 0.198843 0.009028 0.012500
0 0.196528 0.198843 0.009028 0.012500
0 0.196267 0.198843 0.009028 0.012500
0 0.196007 0.198843 0.009028 0.012500
0 0.195747 0.199228 0.009028 0.012654
0 0.195747 0.199228 0.009028 0.012654
0 0.195573 0.199228 0.009028 0.012654
0 0.195312 0.199691 0.009028 0.012654
0 0.195052 0.199691 0.009028 0.012654
0 0.194792 0.199691 0.009028 0.012654
0 0.194792 0.200154 0.009028 0.012654
