0 0.062804 0.189043 0.009462 0.010494
0 0.056424 0.169985 0.008507 0.009414
0 0.050260 0.151312 0.007812 0.008796
0 0.044010 0.132253 0.007118 0.007716
0 0.037674 0.113657 0.006076 0.006944
0 0.031554 0.094907 0.005122 0.006173
0 0.025347 0.075849 0.004340 0.005093
0 0.018967 0.057253 0.003385 0.004321
0 0.012804 0.038117 0.002691 0.003395
0 0.006554 0.019444 0.001997 0.002469
0 0.000477 0.000849 0.000955 0.001698
0 0.000477 0.000849 0.000955 0.001698
0 0.000477 0.000849 0.000955 0.001698
0 0.000477 0.000849 0.000955 0.001698
0 0.000477 0.000849 0.000955 0.001698
0 0.000477 0.000849 0.000955 0.001698
0 0.000477 0.000849 0.000955 0.001698
0 0.000477 0.000849 0.000955 0.001698
0 0.000477 0.000849 0.000955 0.001698
0 0.000477 0.000849 0.000955 0.001698
0 0.000477 0.000849 0.000955 0.001698
0 0.002517 0.016667 0.002604 0.003086
0 0.004601 0.032870 0.004340 0.004321
0 0.006684 0.048688 0.006076 0.005710
0 0.008854 0.065046 0.007986 0.006944
0 0.011068 0.081250 0.009462 0.008179
0 0.013151 0.097068 0.011198 0.009568
0 0.015365 0.113349 0.013194 0.010957
0 0.017405 0.129244 0.014844 0.012191
0 0.019488 0.145448 0.016580 0.013426
0 0.021832 0.161728 0.018316 0.014815
0 0.021832 0.161728 0.018316 0.014815
0 0.021832 0.161728 0.018316 0.014815
0 0.021832 0.161728 0.018316 0.014815
0 0.021832 0.161728 0.018316 0.014815
0 0.021832 0.161728 0.018316 0.014815
0 0.021832 0.161728 0.018316 0.014815
0 0.021832 0.161728 0.018316 0.014815
0 0.021832 0.161728 0.018316 0.014815
0 0.021832 0.161728 0.018316 0.014815
0 0.021832 0.161728 0.018316 0.014815
0 0.021832 0.161728 0.018316 0.014815
0 0.021832 0.161728 0.018316 0.014815
0 0.021832 0.161728 0.018316 0.014815
0 0.021832 0.161728 0.018316 0.014815
0 0.021832 0.161728 0.018316 0.014815
0 0.021832 0.161728 0.018316 0.014815
0 0.021832 0.161728 0.018316 0.014815
0 0.021832 0.161728 0.018316 0.014815
0 0.021832 0.161728 0.018316 0.014815
0 0.021832 0.161728 0.018316 0.014815
0 0.021832 0.161728 0.018316 0.014815
0 0.021832 0.161728 0.018316 0.014815
0 0.021832 0.161728 0.018316 0.014815
0 0.021832 0.161728 0.018316 0.014815
0 0.021832 0.161728 0.018316 0.014815
0 0.021832 0.161728 0.018316 0.014815
0 0.021832 0.161728 0.018316 0.014815
0 0.021832 0.161728 0.018316 0.014815
0 0.021832 0.161728 0.018316 0.014815
0 0.021832 0.161728 0.018316 0.014815
0 0.020573 0.160262 0.018229 0.014352
0 0.019575 0.158642 0.018316 0.013889
0 0.018359 0.157639 0.018316 0.013426
0 0.017405 0.156096 0.018316 0.013117
0 0.016319 0.155015 0.018056 0.012500
0 0.015234 0.153472 0.018316 0.012191
0 0.014149 0.152006 0.018056 0.011728
0 0.012977 0.150849 0.018316 0.011265
0 0.011892 0.149383 0.018056 0.010802
0 0.010937 0.148302 0.018056 0.010494
0 0.011458 0.148688 0.018056 0.010340
0 0.012023 0.149614 0.018316 0.010340
0 0.012674 0.150231 0.018056 0.010957
0 0.013238 0.151080 0.018316 0.010802
0 0.013889 0.152006 0.018056 0.010802
0 0.014453 0.152392 0.018316 0.010957
0 0.014974 0.153241 0.018316 0.010802
0 0.015668 0.153935 0.018316 0.011265
0 0.016189 0.154861 0.018316 0.011265
0 0.016884 0.155633 0.018316 0.011265
0 0.017405 0.156096 0.018316 0.011265
0 0.017925 0.156790 0.018316 0.011728
0 0.018359 0.157407 0.018316 0.012037
0 0.018880 0.158025 0.018316 0.012654
0 0.019358 0.158719 0.018229 0.013117
0 0.019835 0.159105 0.018316 0.012963
0 0.020356 0.159799 0.018316 0.013426
0 0.020790 0.160494 0.018316 0.013889
0 0.021311 0.161034 0.018316 0.014352
0 0.021832 0.161728 0.018316 0.014815
0 0.022135 0.162191 0.018056 0.014815
0 0.022526 0.162809 0.017795 0.014198
0 0.022917 0.163426 0.017535 0.013889
0 0.023264 0.163889 0.017361 0.013889
0 0.023655 0.164583 0.017101 0.013426
0 0.023958 0.165201 0.016840 0.013117
0 0.024349 0.165664 0.016580 0.013117
0 0.024740 0.166281 0.016319 0.012500
0 0.025087 0.166898 0.016146 0.012191
0 0.025608 0.167824 0.015625 0.012191
0 0.026042 0.168287 0.015625 0.012191
0 0.026562 0.168673 0.015625 0.012037
0 0.027040 0.169059 0.015538 0.012191
0 0.027517 0.169985 0.015625 0.012191
0 0.028038 0.170448 0.015625 0.012191
0 0.028472 0.170833 0.015625 0.012037
0 0.028993 0.171682 0.015625 0.012191
0 0.029514 0.172145 0.015625 0.012191
0 0.029948 0.172608 0.015625 0.012191
0 0.030469 0.173457 0.015625 0.012037
0 0.030946 0.173457 0.015538 0.012037
0 0.031424 0.173843 0.015625 0.012191
0 0.031944 0.174306 0.015625 0.012191
0 0.032378 0.174769 0.015625 0.012191
0 0.032899 0.175231 0.015625 0.012191
0 0.033420 0.175231 0.015625 0.012191
0 0.033854 0.175617 0.015625 0.012037
0 0.034375 0.176003 0.015625 0.012191
0 0.034852 0.176466 0.015538 0.012191
0 0.035330 0.176929 0.015625 0.012191
0 0.035590 0.177392 0.015625 0.012191
0 0.036111 0.177778 0.015625 0.012037
0 0.036285 0.178627 0.015625 0.012191
0 0.036806 0.179090 0.015625 0.012191
0 0.037066 0.179938 0.015625 0.012037
0 0.037500 0.180401 0.015625 0.012037
0 0.037760 0.180787 0.015625 0.012191
0 0.038281 0.181713 0.015625 0.012191
0 0.038542 0.182176 0.015625 0.012191
0 0.038976 0.182948 0.015625 0.012191
0 0.039236 0.182948 0.015625 0.012191
0 0.039497 0.182948 0.015625 0.012191
0 0.039757 0.182948 0.015625 0.012191
0 0.039974 0.182948 0.015538 0.012191
0 0.040191 0.183410 0.015625 0.012191
0 0.040451 0.183410 0.015625 0.012191
0 0.040712 0.183410 0.015625 0.012191
0 0.040972 0.183410 0.015625 0.012191
0 0.041233 0.183410 0.015625 0.012191
0 0.041667 0.183873 0.015625 0.012191
0 0.041927 0.183873 0.015625 0.012191
0 0.042187 0.183873 0.015625 0.012191
0 0.042448 0.183873 0.015625 0.012191
0 0.042622 0.184336 0.015625 0.012191
0 0.043142 0.184336 0.015625 0.012191
0 0.043403 0.184336 0.015625 0.012191
0 0.043663 0.184722 0.015625 0.012037
0 0.043880 0.184722 0.015538 0.012037
0 0.044097 0.184722 0.015625 0.012037
0 0.044618 0.185108 0.015625 0.012191
0 0.044748 0.184877 0.014844 0.011728
0 0.044965 0.184877 0.014410 0.011728
0 0.045356 0.184877 0.013628 0.011728
0 0.045573 0.184877 0.013194 0.011728
0 0.045964 0.184877 0.012413 0.011728
0 0.046181 0.184877 0.011979 0.011728
0 0.046441 0.184877 0.011458 0.011728
0 0.046788 0.184877 0.010764 0.011728
0 0.047049 0.184877 0.010243 0.011728
0 0.047396 0.184877 0.009549 0.011728
0 0.047656 0.184877 0.009549 0.011728
0 0.048177 0.184877 0.009549 0.011728
0 0.048655 0.184877 0.009462 0.011728
0 0.049132 0.184877 0.009549 0.011728
0 0.049609 0.185340 0.009462 0.011728
0 0.049870 0.185340 0.009462 0.011728
0 0.050347 0.185340 0.009549 0.011728
0 0.050825 0.185340 0.009462 0.011728
0 0.051302 0.185340 0.009549 0.011728
0 0.051823 0.185802 0.009549 0.011728
0 0.051823 0.185802 0.009549 0.011728
0 0.052040 0.185802 0.009462 0.011728
0 0.052040 0.185802 0.009462 0.011728
0 0.052300 0.185802 0.009462 0.011728
0 0.052300 0.185802 0.009462 0.011728
0 0.052517 0.185802 0.009549 0.011728
0 0.052517 0.185802 0.009549 0.011728
0 0.052778 0.185802 0.009549 0.011728
0 0.052778 0.185802 0.009549 0.011728
0 0.053038 0.185802 0.009549 0.011728
