0 0.247135 0.148765 0.005903 0.009568
0 0.247135 0.148534 0.005903 0.010031
0 0.247135 0.148534 0.005903 0.010031
0 0.247135 0.148534 0.005903 0.010031
0 0.247135 0.148688 0.005903 0.010340
0 0.247266 0.148688 0.006163 0.010340
0 0.247266 0.148688 0.006163 0.010340
0 0.247266 0.148920 0.006163 0.010802
0 0.247266 0.148920 0.006163 0.010802
0 0.247266 0.148920 0.006163 0.010802
0 0.247396 0.149151 0.006424 0.011265
0 0.247396 0.149151 0.006424 0.011265
0 0.247396 0.149151 0.006424 0.011265
0 0.247613 0.149151 0.006337 0.011265
0 0.247613 0.149151 0.006337 0.011265
0 0.247873 0.149614 0.006337 0.011265
0 0.247873 0.149614 0.006337 0.011265
0 0.247873 0.149614 0.006337 0.011265
0 0.248134 0.149614 0.006337 0.011265
0 0.248134 0.149614 0.006337 0.011265
0 0.248394 0.150077 0.006337 0.011265
0 0.248134 0.150077 0.006337 0.011265
0 0.248003 0.150077 0.006597 0.011265
0 0.248003 0.150077 0.006597 0.011265
0 0.247873 0.150463 0.006858 0.011420
0 0.247873 0.150463 0.006858 0.011420
0 0.247743 0.150463 0.007118 0.011420
0 0.247656 0.150849 0.007292 0.011265
0 0.247656 0.150849 0.007292 0.011265
0 0.247526 0.150849 0.007552 0.011265
0 0.247526 0.151312 0.007552 0.011265
0 0.247526 0.151312 0.007552 0.011265
0 0.247526 0.151312 0.007552 0.011265
0 0.247526 0.151312 0.007552 0.011265
0 0.247526 0.151312 0.007552 0.011265
0 0.247526 0.151775 0.007552 0.011265
0 0.247526 0.151775 0.007552 0.011265
0 0.247526 0.151775 0.007552 0.011265
0 0.247526 0.151775 0.007552 0.011265
0 0.247526 0.151775 0.007552 0.011265
0 0.247526 0.152238 0.007552 0.011265
0 0.247526 0.152238 0.007552 0.011265
0 0.247526 0.152623 0.007552 0.011420
0 0.247526 0.153009 0.007552 0.011265
0 0.247526 0.153009 0.007552 0.011265
0 0.247526 0.153472 0.007552 0.011265
0 0.247526 0.153935 0.007552 0.011265
0 0.247526 0.153935 0.007552 0.011265
0 0.247526 0.154398 0.007552 0.011265
0 0.247526 0.154861 0.007552 0.011265
0 0.247526 0.155170 0.007552 0.011265
0 0.247526 0.155170 0.007552 0.011265
0 0.247526 0.155170 0.007552 0.011265
0 0.247526 0.155170 0.007552 0.011265
0 0.247526 0.155170 0.007552 0.011265
0 0.247526 0.155170 0.007552 0.011265
0 0.247526 0.155170 0.007552 0.011265
0 0.247526 0.155170 0.007552 0.011265
0 0.247526 0.155170 0.007552 0.011265
0 0.247526 0.155170 0.007552 0.011265
0 0.247526 0.155170 0.007552 0.011265
0 0.247266 0.155633 0.007552 0.011265
0 0.247266 0.156096 0.007552 0.011265
0 0.247005 0.156559 0.007552 0.011265
0 0.247005 0.157022 0.007552 0.011265
0 0.247005 0.157330 0.007552 0.011265
0 0.246788 0.157793 0.007639 0.011265
0 0.246788 0.158256 0.007639 0.011265
0 0.246571 0.158719 0.007552 0.011265
0 0.246571 0.159182 0.007552 0.011265
0 0.246571 0.159954 0.007552 0.011265
0 0.246571 0.159954 0.007552 0.011265
0 0.246571 0.159954 0.007552 0.011265
0 0.246571 0.159954 0.007552 0.011265
0 0.246571 0.159954 0.007552 0.011265
0 0.246571 0.159954 0.007552 0.011265
0 0.246571 0.159954 0.007552 0.011265
0 0.246571 0.159954 0.007552 0.011265
0 0.246571 0.159954 0.007552 0.011265
0 0.246571 0.159954 0.007552 0.011265
0 0.246571 0.159954 0.007552 0.011265
0 0.246571 0.159954 0.007552 0.011265
0 0.246571 0.159954 0.007552 0.011265
0 0.246571 0.159954 0.007552 0.011265
0 0.246571 0.159954 0.007552 0.011265
0 0.246571 0.159954 0.007552 0.011265
0 0.246571 0.159954 0.007552 0.011265
0 0.246571 0.159954 0.007552 0.011265
0 0.246571 0.159954 0.007552 0.011265
0 0.246571 0.159954 0.007552 0.011265
0 0.246571 0.159954 0.007552 0.011265
0 0.246571 0.159954 0.007552 0.011265
0 0.246571 0.159954 0.007552 0.011265
0 0.246571 0.159954 0.007552 0.011265
0 0.246571 0.159954 0.007552 0.011265
0 0.246571 0.159954 0.007552 0.011265
0 0.246571 0.159954 0.007552 0.011265
0 0.246571 0.159954 0.007552 0.011265
0 0.246571 0.159954 0.007552 0.011265
0 0.246571 0.159954 0.007552 0.011265
0 0.246571 0.159954 0.007552 0.011265
0 0.246788 0.159568 0.007639 0.011420
0 0.247266 0.159182 0.007552 0.011265
0 0.247786 0.158719 0.007552 0.011265
0 0.248220 0.158256 0.007552 0.011265
0 0.248741 0.157793 0.007552 0.011265
0 0.249089 0.157330 0.007378 0.011265
0 0.249566 0.157022 0.007292 0.011265
0 0.250087 0.156559 0.007292 0.011265
0 0.250564 0.156096 0.007378 0.011265
0 0.251042 0.156096 0.007292 0.011265
0 0.251042 0.155633 0.007292 0.011265
0 0.251302 0.155633 0.007292 0.011265
0 0.251562 0.155401 0.007292 0.010802
0 0.251693 0.155170 0.007552 0.011265
0 0.251910 0.155170 0.007639 0.011265
0 0.252040 0.155015 0.007378 0.010957
0 0.252127 0.154861 0.007552 0.011265
0 0.252387 0.154630 0.007552 0.010802
0 0.252648 0.154630 0.007552 0.010802
0 0.252908 0.154630 0.007552 0.010802
0 0.252908 0.154167 0.007552 0.010802
0 0.253125 0.154167 0.007639 0.010802
0 0.253342 0.153704 0.007552 0.010802
0 0.253342 0.153704 0.007552 0.010802
0 0.253602 0.153704 0.007552 0.010802
0 0.253863 0.153241 0.007552 0.010802
0 0.253863 0.153241 0.007552 0.010802
0 0.254123 0.152855 0.007552 0.010957
0 0.254384 0.152855 0.007552 0.010957
0 0.254557 0.152855 0.007552 0.010957
0 0.254557 0.152855 0.007552 0.010957
0 0.254557 0.152855 0.007552 0.010957
0 0.254557 0.152855 0.007552 0.010957
0 0.254557 0.152855 0.007552 0.010957
0 0.254557 0.152855 0.007552 0.010957
0 0.254557 0.152855 0.007552 0.010957
0 0.254557 0.152855 0.007552 0.010957
0 0.254557 0.152855 0.007552 0.010957
0 0.254557 0.152855 0.007552 0.010957
0 0.254557 0.152855 0.007552 0.010957
0 0.254557 0.152855 0.007552 0.010957
0 0.254557 0.152855 0.007552 0.010957
0 0.254557 0.152855 0.007552 0.010957
0 0.254557 0.152855 0.007552 0.010957
0 0.254687 0.152855 0.007292 0.010957
0 0.254687 0.152855 0.007292 0.010957
0 0.254687 0.152855 0.007292 0.010957
0 0.254687 0.152855 0.007292 0.010957
0 0.254687 0.152855 0.007292 0.010957
0 0.254948 0.153009 0.007292 0.011265
0 0.254948 0.153009 0.007292 0.011265
0 0.254948 0.153009 0.007292 0.011265
0 0.255078 0.153241 0.007552 0.010802
0 0.255078 0.153472 0.007552 0.011265
0 0.255208 0.153704 0.007812 0.010802
0 0.255208 0.153704 0.007812 0.010802
0 0.255208 0.153935 0.007812 0.011265
0 0.255339 0.154167 0.008073 0.010802
0 0.255339 0.154167 0.008073 0.010802
0 0.255469 0.154630 0.008333 0.010802
0 0.255208 0.154630 0.008333 0.010802
0 0.255208 0.154630 0.008333 0.010802
0 0.255208 0.154630 0.008333 0.010802
0 0.255208 0.154630 0.008333 0.010802
0 0.255208 0.154630 0.008333 0.010802
0 0.255078 0.154630 0.008594 0.010802
0 0.255078 0.154630 0.008594 0.010802
0 0.255078 0.154630 0.008594 0.010802
0 0.255078 0.154630 0.008594 0.010802
0 0.255078 0.155015 0.008594 0.010957
0 0.255078 0.155015 0.008594 0.010957
0 0.255078 0.155015 0.008594 0.010957
0 0.255078 0.155015 0.008594 0.010957
0 0.255078 0.155015 0.008594 0.010957
0 0.255078 0.155015 0.008594 0.010957
0 0.255078 0.155015 0.008594 0.010957
0 0.255078 0.155015 0.008594 0.010957
0 0.255078 0.155015 0.008594 0.010957
0 0.255078 0.155015 0.008594 0.010957
0 0.255078 0.155015 0.008594 0.010957
