0 0.042405 0.279321 0.007378 0.012963
0 0.042187 0.279784 0.007292 0.012963
0 0.042187 0.280556 0.007292 0.012963
0 0.041927 0.281019 0.007292 0.012963
0 0.041927 0.281944 0.007292 0.012963
0 0.041927 0.282793 0.007292 0.013117
0 0.041667 0.283179 0.007292 0.012963
0 0.041667 0.284105 0.007292 0.012963
0 0.041450 0.284491 0.007378 0.013117
0 0.041450 0.285340 0.007378 0.012963
0 0.041450 0.286265 0.007378 0.012963
0 0.041189 0.286651 0.007378 0.013117
0 0.041189 0.287114 0.007378 0.013117
0 0.041189 0.287500 0.007378 0.012963
0 0.040972 0.288426 0.007292 0.012963
0 0.040972 0.288889 0.007292 0.012963
0 0.040972 0.289275 0.007292 0.013117
0 0.040712 0.290123 0.007292 0.012963
0 0.040712 0.290586 0.007292 0.012963
0 0.040712 0.291049 0.007292 0.012963
0 0.040712 0.291898 0.007292 0.013117
0 0.040451 0.292284 0.007292 0.012963
0 0.040451 0.292747 0.007292 0.012963
0 0.040234 0.293210 0.007378 0.012963
0 0.040234 0.293596 0.007378 0.013117
0 0.039974 0.294059 0.007378 0.013117
0 0.039974 0.294444 0.007378 0.012963
0 0.039757 0.294907 0.007292 0.012963
0 0.039757 0.295370 0.007292 0.012963
0 0.039497 0.295833 0.007292 0.012963
0 0.039497 0.296219 0.007292 0.013117
0 0.039236 0.296605 0.007292 0.012963
0 0.038976 0.297531 0.007292 0.012963
0 0.038759 0.297994 0.007378 0.012963
0 0.038759 0.298843 0.007378 0.013117
0 0.038498 0.299228 0.007378 0.012963
0 0.038281 0.300154 0.007292 0.012963
0 0.038281 0.300540 0.007292 0.013117
0 0.038021 0.301389 0.007292 0.012963
0 0.037760 0.301852 0.007292 0.012963
0 0.037760 0.302778 0.007292 0.012963
0 0.037543 0.303164 0.007378 0.013117
0 0.037543 0.303549 0.007378 0.012963
0 0.037543 0.304012 0.007378 0.012963
0 0.037543 0.304938 0.007378 0.012963
0 0.037543 0.305324 0.007378 0.013117
0 0.037283 0.305787 0.007378 0.013117
0 0.037283 0.306636 0.007378 0.012963
0 0.037283 0.307099 0.007378 0.012963
0 0.037283 0.307485 0.007378 0.013117
0 0.037283 0.308333 0.007378 0.012963
0 0.037066 0.308796 0.007292 0.012963
0 0.036806 0.309259 0.007292 0.012963
0 0.036806 0.309645 0.007292 0.013117
0 0.036545 0.310108 0.007292 0.013117
0 0.036545 0.310494 0.007292 0.012963
0 0.036328 0.310957 0.007378 0.012963
0 0.036068 0.311420 0.007378 0.012963
0 0.036068 0.311883 0.007378 0.012963
0 0.035851 0.312269 0.007292 0.013117
0 0.035851 0.313117 0.007292 0.012963
0 0.035851 0.313580 0.007292 0.012963
0 0.036068 0.314429 0.007378 0.013117
0 0.036328 0.314892 0.007378 0.013117
0 0.036328 0.315741 0.007378 0.012963
0 0.036545 0.316204 0.007292 0.012963
0 0.036806 0.317052 0.007292 0.013117
0 0.036806 0.317438 0.007292 0.012963
0 0.037066 0.318364 0.007292 0.012963
0 0.037283 0.318827 0.007378 0.012963
0 0.037543 0.319599 0.007378 0.012963
0 0.037283 0.320062 0.007378 0.012963
0 0.037066 0.320525 0.007292 0.012963
0 0.036806 0.320988 0.007292 0.012963
0 0.036806 0.321373 0.007292 0.013117
0 0.036545 0.322222 0.007292 0.012963
0 0.036328 0.322685 0.007378 0.012963
0 0.036328 0.323148 0.007378 0.012963
0 0.036068 0.323534 0.007378 0.013117
0 0.035851 0.323997 0.007292 0.013117
0 0.035851 0.324846 0.007292 0.012963
0 0.035851 0.325077 0.007292 0.012500
0 0.035851 0.325231 0.007292 0.012191
0 0.035851 0.325463 0.007292 0.011728
0 0.035851 0.326157 0.007292 0.011265
0 0.035851 0.326389 0.007292 0.010802
0 0.035851 0.326620 0.007292 0.010340
0 0.035851 0.327238 0.007292 0.010031
0 0.035851 0.327469 0.007292 0.009568
0 0.035851 0.327701 0.007292 0.009105
0 0.036068 0.328318 0.007378 0.008796
0 0.036068 0.328318 0.007378 0.008796
0 0.036068 0.328318 0.007378 0.008796
0 0.036068 0.328318 0.007378 0.008796
0 0.036068 0.328318 0.007378 0.008796
0 0.036068 0.328318 0.007378 0.008796
0 0.036068 0.328318 0.007378 0.008796
0 0.036068 0.328318 0.007378 0.008796
0 0.036068 0.328318 0.007378 0.008796
0 0.036068 0.328318 0.007378 0.008796
0 0.036068 0.328318 0.007378 0.008796
0 0.036068 0.328318 0.007378 0.008796
0 0.036068 0.328318 0.007378 0.008796
0 0.036068 0.328318 0.007378 0.008796
0 0.036068 0.328318 0.007378 0.008796
0 0.036068 0.328318 0.007378 0.008796
0 0.036068 0.328318 0.007378 0.008796
0 0.036068 0.328318 0.007378 0.008796
0 0.036068 0.328318 0.007378 0.008796
0 0.036068 0.328318 0.007378 0.008796
0 0.036068 0.328318 0.007378 0.008796
0 0.036068 0.328318 0.007378 0.008796
0 0.036068 0.328318 0.007378 0.008796
0 0.036068 0.328318 0.007378 0.008796
0 0.036068 0.328318 0.007378 0.008796
0 0.036068 0.328318 0.007378 0.008796
0 0.036068 0.328318 0.007378 0.008796
0 0.036068 0.328318 0.007378 0.008796
0 0.036068 0.328318 0.007378 0.008796
0 0.036068 0.328318 0.007378 0.008796
0 0.036068 0.328318 0.007378 0.008796
0 0.036068 0.328318 0.007378 0.008796
0 0.036068 0.328318 0.007378 0.008796
0 0.036068 0.328318 0.007378 0.008796
0 0.036068 0.328318 0.007378 0.008796
0 0.036068 0.328318 0.007378 0.008796
0 0.036068 0.328318 0.007378 0.008796
0 0.036068 0.328318 0.007378 0.008796
0 0.036068 0.328318 0.007378 0.008796
0 0.036068 0.328318 0.007378 0.008796
0 0.036068 0.328318 0.007378 0.008796
0 0.036068 0.328318 0.007378 0.008796
0 0.036068 0.328318 0.007378 0.008796
0 0.036068 0.328318 0.007378 0.008796
0 0.036068 0.328318 0.007378 0.008796
0 0.036068 0.328318 0.007378 0.008796
0 0.036068 0.328318 0.007378 0.008796
0 0.036068 0.328318 0.007378 0.008796
0 0.036068 0.328318 0.007378 0.008796
0 0.036068 0.328318 0.007378 0.008796
0 0.036068 0.328318 0.007378 0.008796
0 0.036068 0.328318 0.007378 0.008796
0 0.036068 0.328318 0.007378 0.008796
0 0.036068 0.328318 0.007378 0.008796
0 0.036068 0.328318 0.007378 0.008796
0 0.036068 0.328318 0.007378 0.008796
0 0.036068 0.328318 0.007378 0.008796
0 0.036068 0.328318 0.007378 0.008796
0 0.036068 0.328318 0.007378 0.008796
0 0.036068 0.328318 0.007378 0.008796
0 0.036068 0.328318 0.007378 0.008796
0 0.036068 0.328318 0.007378 0.008796
0 0.036068 0.328318 0.007378 0.008796
0 0.036068 0.328318 0.007378 0.008796
0 0.036068 0.328318 0.007378 0.008796
0 0.036068 0.328318 0.007378 0.008796
0 0.036068 0.328318 0.007378 0.008796
0 0.036068 0.328318 0.007378 0.008796
0 0.036068 0.328318 0.007378 0.008796
0 0.036068 0.328318 0.007378 0.008796
0 0.036068 0.328318 0.007378 0.008796
0 0.036068 0.328318 0.007378 0.008796
0 0.036068 0.328318 0.007378 0.008796
0 0.036068 0.328318 0.007378 0.008796
0 0.036068 0.328318 0.007378 0.008796
0 0.036068 0.328318 0.007378 0.008796
0 0.036068 0.328318 0.007378 0.008796
0 0.036068 0.328318 0.007378 0.008796
0 0.036068 0.328318 0.007378 0.008796
0 0.036068 0.328318 0.007378 0.008796
0 0.036068 0.328318 0.007378 0.008796
0 0.036068 0.328318 0.007378 0.008796
0 0.036068 0.328318 0.007378 0.008796
0 0.036068 0.328318 0.007378 0.008796
0 0.036068 0.328318 0.007378 0.008796
0 0.036068 0.328318 0.007378 0.008796
0 0.036068 0.328318 0.007378 0.008796
0 0.036068 0.328318 0.007378 0.008796
0 0.036068 0.328318 0.007378 0.008796
0 0.036068 0.328318 0.007378 0.008796
0 0.036068 0.328318 0.007378 0.008796
