0 0.293620 0.294676 0.012934 0.018673
0 0.293620 0.289892 0.012934 0.017747
0 0.293880 0.285185 0.012934 0.016975
0 0.294141 0.280633 0.012934 0.016512
0 0.294271 0.275849 0.012674 0.015586
0 0.294488 0.271296 0.012760 0.015123
0 0.294575 0.266512 0.012934 0.014198
0 0.294705 0.261728 0.012674 0.013580
0 0.294965 0.257176 0.012674 0.013117
0 0.295226 0.252392 0.012674 0.012191
0 0.295486 0.247840 0.012674 0.011728
0 0.295703 0.244213 0.012760 0.012191
0 0.295920 0.240509 0.012674 0.012500
0 0.296311 0.236806 0.012413 0.013117
0 0.296571 0.233102 0.012413 0.013426
0 0.297049 0.229475 0.012500 0.013889
0 0.297309 0.225694 0.012500 0.014352
0 0.297526 0.222068 0.012413 0.014815
0 0.297917 0.218364 0.012153 0.015123
0 0.298134 0.214660 0.012240 0.015741
0 0.298655 0.211420 0.012240 0.016049
0 0.298655 0.207562 0.012240 0.016049
0 0.298872 0.203549 0.012153 0.016049
0 0.299132 0.199691 0.012153 0.016049
0 0.299349 0.195833 0.012240 0.016049
0 0.299609 0.191821 0.012240 0.016049
0 0.299870 0.187963 0.012240 0.016049
0 0.300087 0.184105 0.012153 0.016049
0 0.300347 0.180247 0.012153 0.016049
0 0.300608 0.176235 0.012153 0.016049
0 0.300825 0.172840 0.012240 0.016049
0 0.300825 0.168519 0.012240 0.016049
0 0.301085 0.164198 0.012240 0.016049
0 0.301345 0.159722 0.012240 0.016049
0 0.301345 0.155401 0.012240 0.016049
0 0.301562 0.151543 0.012153 0.016049
0 0.301823 0.147222 0.012153 0.016049
0 0.301823 0.142901 0.012153 0.016049
0 0.302040 0.138580 0.012240 0.016049
0 0.302300 0.134259 0.012240 0.016049
0 0.302561 0.130247 0.012240 0.016049
0 0.302778 0.125694 0.012153 0.015586
0 0.303038 0.121605 0.012153 0.015123
0 0.303255 0.117284 0.012240 0.014198
0 0.303516 0.113117 0.012240 0.013889
0 0.303906 0.108796 0.011979 0.012963
0 0.304123 0.104707 0.011892 0.012500
0 0.304384 0.100309 0.011892 0.011728
0 0.304601 0.096219 0.011979 0.011265
0 0.304861 0.091898 0.011979 0.010340
0 0.305339 0.087731 0.011892 0.010031
0 0.305339 0.083025 0.011892 0.009877
0 0.305339 0.078627 0.011892 0.010031
0 0.305339 0.074306 0.011892 0.010031
0 0.305599 0.069985 0.011892 0.010031
0 0.305599 0.065664 0.011892 0.010031
0 0.305599 0.061343 0.011892 0.010031
0 0.305816 0.056944 0.011979 0.009877
0 0.305816 0.052623 0.011979 0.009877
0 0.305816 0.048302 0.011979 0.009877
0 0.306076 0.043981 0.011979 0.009877
0 0.306076 0.043981 0.011979 0.009877
0 0.306076 0.043981 0.011979 0.009877
0 0.306076 0.043981 0.011979 0.009877
0 0.306076 0.043981 0.011979 0.009877
0 0.306076 0.043981 0.011979 0.009877
0 0.306076 0.043981 0.011979 0.009877
0 0.306076 0.043981 0.011979 0.009877
0 0.306076 0.043981 0.011979 0.009877
0 0.306076 0.043981 0.011979 0.009877
0 0.306076 0.043981 0.011979 0.009877
0 0.306076 0.043981 0.011979 0.009877
0 0.306076 0.043981 0.011979 0.009877
0 0.306076 0.043981 0.011979 0.009877
0 0.306076 0.043981 0.011979 0.009877
0 0.306076 0.043981 0.011979 0.009877
0 0.306076 0.043981 0.011979 0.009877
0 0.306076 0.043981 0.011979 0.009877
0 0.306076 0.043981 0.011979 0.009877
0 0.306076 0.043981 0.011979 0.009877
0 0.306076 0.043981 0.011979 0.009877
0 0.306076 0.043981 0.011979 0.009877
0 0.306076 0.043981 0.011979 0.009877
0 0.306076 0.043981 0.011979 0.009877
0 0.306076 0.043981 0.011979 0.009877
0 0.306076 0.043981 0.011979 0.009877
0 0.306076 0.043981 0.011979 0.009877
0 0.306076 0.043981 0.011979 0.009877
0 0.306076 0.043981 0.011979 0.009877
0 0.306076 0.043981 0.011979 0.009877
0 0.306076 0.043981 0.011979 0.009877
0 0.306076 0.043981 0.011979 0.009877
0 0.306076 0.043981 0.011979 0.009877
0 0.306076 0.043981 0.011979 0.009877
0 0.306076 0.043981 0.011979 0.009877
0 0.306076 0.043981 0.011979 0.009877
0 0.306076 0.043981 0.011979 0.009877
0 0.306076 0.043981 0.011979 0.009877
0 0.306076 0.043981 0.011979 0.009877
0 0.306076 0.043981 0.011979 0.009877
0 0.306076 0.043981 0.011979 0.009877
0 0.306076 0.043981 0.011979 0.009877
0 0.306076 0.043981 0.011979 0.009877
0 0.306076 0.043981 0.011979 0.009877
0 0.306076 0.043981 0.011979 0.009877
0 0.306076 0.043981 0.011979 0.009877
0 0.306076 0.043981 0.011979 0.009877
0 0.306076 0.043981 0.011979 0.009877
0 0.306076 0.043981 0.011979 0.009877
0 0.306076 0.043981 0.011979 0.009877
0 0.306076 0.043981 0.011979 0.009877
0 0.306076 0.043981 0.011979 0.009877
0 0.306076 0.043981 0.011979 0.009877
0 0.306076 0.043981 0.011979 0.009877
0 0.306076 0.043981 0.011979 0.009877
0 0.306076 0.043981 0.011979 0.009877
0 0.306076 0.043981 0.011979 0.009877
0 0.306076 0.043981 0.011979 0.009877
0 0.306076 0.043981 0.011979 0.009877
0 0.306076 0.043981 0.011979 0.009877
0 0.306076 0.043981 0.011979 0.009877
0 0.306076 0.043981 0.011979 0.009877
0 0.306076 0.043981 0.011979 0.009877
0 0.306076 0.043981 0.011979 0.009877
0 0.306076 0.043981 0.011979 0.009877
0 0.306076 0.043981 0.011979 0.009877
0 0.306076 0.043981 0.011979 0.009877
0 0.306076 0.043981 0.011979 0.009877
0 0.306076 0.043981 0.011979 0.009877
0 0.306076 0.043981 0.011979 0.009877
0 0.306076 0.043981 0.011979 0.009877
0 0.306076 0.043981 0.011979 0.009877
0 0.306076 0.043981 0.011979 0.009877
0 0.306076 0.043981 0.011979 0.009877
0 0.306076 0.043981 0.011979 0.009877
0 0.306076 0.043981 0.011979 0.009877
0 0.306076 0.043981 0.011979 0.009877
0 0.306076 0.043981 0.011979 0.009877
0 0.306076 0.043981 0.011979 0.009877
0 0.306076 0.043981 0.011979 0.009877
0 0.306076 0.043981 0.011979 0.009877
0 0.306076 0.043981 0.011979 0.009877
0 0.306076 0.043981 0.011979 0.009877
0 0.306076 0.043981 0.011979 0.009877
0 0.306076 0.043981 0.011979 0.009877
0 0.306076 0.043981 0.011979 0.009877
0 0.306076 0.043981 0.011979 0.009877
0 0.306076 0.043981 0.011979 0.009877
0 0.306076 0.043981 0.011979 0.009877
0 0.306076 0.043981 0.011979 0.009877
0 0.306076 0.043981 0.011979 0.009877
0 0.306076 0.043981 0.011979 0.009877
0 0.306076 0.043981 0.011979 0.009877
0 0.306076 0.043981 0.011979 0.009877
0 0.306076 0.043981 0.011979 0.009877
0 0.306076 0.043981 0.011979 0.009877
0 0.306076 0.043981 0.011979 0.009877
0 0.306076 0.043981 0.011979 0.009877
0 0.306076 0.043981 0.011979 0.009877
0 0.306076 0.043981 0.011979 0.009877
0 0.306076 0.043981 0.011979 0.009877
0 0.306076 0.043981 0.011979 0.009877
0 0.306076 0.043981 0.011979 0.009877
0 0.306076 0.043981 0.011979 0.009877
0 0.306076 0.043981 0.011979 0.009877
0 0.306076 0.043981 0.011979 0.009877
0 0.306076 0.043981 0.011979 0.009877
0 0.306076 0.043981 0.011979 0.009877
0 0.306076 0.043981 0.011979 0.009877
0 0.306076 0.043981 0.011979 0.009877
0 0.306076 0.043981 0.011979 0.009877
0 0.306076 0.043981 0.011979 0.009877
0 0.306076 0.043981 0.011979 0.009877
0 0.306076 0.043981 0.011979 0.009877
0 0.306076 0.043981 0.011979 0.009877
0 0.306076 0.043981 0.011979 0.009877
0 0.306076 0.043981 0.011979 0.009877
0 0.306076 0.043981 0.011979 0.009877
0 0.306076 0.043981 0.011979 0.009877
0 0.306076 0.043981 0.011979 0.009877
0 0.306076 0.043981 0.011979 0.009877
