0 0.196398 0.223997 0.005295 0.010957
0 0.196398 0.223997 0.005295 0.010957
0 0.196398 0.223997 0.005295 0.010957
0 0.196398 0.223997 0.005295 0.010957
0 0.196398 0.223997 0.005295 0.010957
0 0.196398 0.223997 0.005295 0.010957
0 0.196398 0.223997 0.005295 0.010957
0 0.196398 0.223997 0.005295 0.010957
0 0.196398 0.223997 0.005295 0.010957
0 0.196398 0.223997 0.005295 0.010957
0 0.196398 0.223997 0.005295 0.010957
0 0.196181 0.223997 0.005382 0.010957
0 0.195920 0.223997 0.005382 0.010957
0 0.195660 0.224383 0.005382 0.010802
0 0.195399 0.224383 0.005382 0.010802
0 0.195399 0.224846 0.005382 0.010802
0 0.195139 0.224846 0.005382 0.010802
0 0.194965 0.224846 0.005382 0.010802
0 0.194705 0.225309 0.005382 0.010802
0 0.194444 0.225309 0.005382 0.010802
0 0.194444 0.225772 0.005382 0.010802
0 0.193924 0.225772 0.005382 0.010802
0 0.193707 0.225772 0.005295 0.010802
0 0.193490 0.225772 0.005382 0.010802
0 0.193229 0.225772 0.005382 0.010802
0 0.192969 0.225772 0.005382 0.010802
0 0.192708 0.225772 0.005382 0.010802
0 0.192491 0.225772 0.005295 0.010802
0 0.192274 0.225772 0.005382 0.010802
0 0.192014 0.225772 0.005382 0.010802
0 0.191753 0.225772 0.005382 0.010802
0 0.191276 0.225772 0.005295 0.010802
0 0.190799 0.225772 0.005382 0.010802
0 0.190538 0.225772 0.005382 0.010802
0 0.190017 0.225772 0.005382 0.010802
0 0.189800 0.225772 0.005295 0.010802
0 0.189323 0.225772 0.005382 0.010802
0 0.188802 0.225772 0.005382 0.010802
0 0.188585 0.225772 0.005295 0.010802
0 0.188108 0.225772 0.005382 0.010802
0 0.187847 0.226157 0.005382 0.010957
0 0.187153 0.226157 0.005382 0.010957
0 0.186632 0.226157 0.005382 0.010957
0 0.186111 0.226157 0.005382 0.010957
0 0.185677 0.226157 0.005382 0.010957
0 0.185156 0.226157 0.005382 0.010957
0 0.184679 0.226157 0.005295 0.010957
0 0.184201 0.226157 0.005382 0.010957
0 0.183681 0.226157 0.005382 0.010957
0 0.183247 0.226157 0.005382 0.010957
0 0.182726 0.226157 0.005382 0.010957
0 0.182031 0.226157 0.005382 0.010957
0 0.181510 0.226157 0.005382 0.010957
0 0.180773 0.226157 0.005295 0.010957
0 0.180295 0.226157 0.005382 0.010957
0 0.179557 0.226157 0.005295 0.010957
0 0.179080 0.226157 0.005382 0.010957
0 0.178342 0.226157 0.005295 0.010957
0 0.177865 0.226157 0.005382 0.010957
0 0.177083 0.226157 0.005382 0.010957
0 0.176649 0.226157 0.005382 0.010957
0 0.176128 0.226157 0.005382 0.010957
0 0.175651 0.226157 0.005295 0.010957
0 0.175174 0.226157 0.005382 0.010957
0 0.174913 0.226157 0.005382 0.010957
0 0.174436 0.226157 0.005295 0.010957
0 0.173958 0.226157 0.005382 0.010957
0 0.173698 0.226157 0.005382 0.010957
0 0.173177 0.226157 0.005382 0.010957
0 0.172743 0.226157 0.005382 0.010957
0 0.172483 0.226543 0.005382 0.010802
0 0.171962 0.226543 0.005382 0.010802
0 0.171528 0.226543 0.005382 0.010802
0 0.171007 0.226543 0.005382 0.010802
0 0.170747 0.227006 0.005382 0.010802
0 0.170313 0.227006 0.005382 0.010802
0 0.169792 0.227006 0.005382 0.010802
0 0.169531 0.227469 0.005382 0.010802
0 0.169097 0.227469 0.005382 0.010802
0 0.168576 0.227469 0.005382 0.010802
0 0.168316 0.227932 0.005382 0.010802
0 0.167839 0.227932 0.005295 0.010802
0 0.167622 0.227932 0.005382 0.010802
0 0.167361 0.227932 0.005382 0.010802
0 0.167101 0.228318 0.005382 0.010957
0 0.166840 0.228318 0.005382 0.010957
0 0.166406 0.228318 0.005382 0.010957
0 0.166146 0.228781 0.005382 0.010957
0 0.165885 0.228781 0.005382 0.010957
0 0.165625 0.228781 0.005382 0.010957
0 0.165408 0.229167 0.005295 0.010802
0 0.165408 0.229167 0.005295 0.010802
0 0.165408 0.229167 0.005295 0.010802
0 0.165408 0.229167 0.005295 0.010802
0 0.165408 0.229167 0.005295 0.010802
0 0.165408 0.229167 0.005295 0.010802
0 0.165408 0.229167 0.005295 0.010802
0 0.165408 0.229167 0.005295 0.010802
0 0.165408 0.229167 0.005295 0.010802
0 0.165408 0.229167 0.005295 0.010802
0 0.165408 0.229167 0.005295 0.010802
0 0.165408 0.229167 0.005295 0.010802
