0 0.055208 0.205787 0.011458 0.014352
0 0.054514 0.209182 0.011458 0.014352
0 0.053993 0.213194 0.011458 0.014352
0 0.053299 0.217052 0.011458 0.014352
0 0.052778 0.220910 0.011458 0.014352
0 0.052300 0.224846 0.011545 0.014198
0 0.051562 0.228318 0.011458 0.014352
0 0.051042 0.232176 0.011458 0.014352
0 0.050347 0.236188 0.011458 0.014352
0 0.049826 0.240046 0.011458 0.014352
0 0.049392 0.243904 0.011458 0.014352
0 0.048611 0.246991 0.011458 0.014352
0 0.048177 0.250463 0.011458 0.014198
0 0.047396 0.253935 0.011458 0.014352
0 0.046962 0.257407 0.011458 0.014198
0 0.046181 0.260880 0.011458 0.014352
0 0.045747 0.263889 0.011458 0.014198
0 0.044965 0.267361 0.011458 0.014352
0 0.044488 0.270833 0.011545 0.014198
0 0.043750 0.274306 0.011458 0.014352
0 0.043273 0.277778 0.011545 0.014198
0 0.042795 0.279707 0.011458 0.014660
0 0.042274 0.281713 0.011458 0.015278
0 0.041840 0.283873 0.011458 0.015278
0 0.041450 0.285957 0.011198 0.016049
0 0.041059 0.288194 0.011458 0.016204
0 0.040582 0.290201 0.011545 0.016512
0 0.040234 0.292284 0.011198 0.017284
0 0.039714 0.294444 0.011198 0.017284
0 0.039236 0.296451 0.011285 0.017901
0 0.039019 0.298765 0.011198 0.018210
0 0.038281 0.300154 0.011285 0.018210
0 0.037804 0.301620 0.011198 0.018673
0 0.037283 0.303164 0.011198 0.018981
0 0.036806 0.304707 0.011285 0.019599
0 0.036328 0.306404 0.011198 0.019599
0 0.035720 0.307948 0.011024 0.019907
0 0.035200 0.309414 0.011024 0.020370
0 0.034722 0.311034 0.010937 0.020833
0 0.034245 0.312500 0.011024 0.021296
0 0.033767 0.314198 0.010937 0.021296
0 0.033507 0.314892 0.010937 0.020833
0 0.033507 0.315741 0.010937 0.020679
0 0.033507 0.316590 0.010937 0.020833
0 0.033247 0.317284 0.010937 0.020370
0 0.033247 0.318133 0.010937 0.020525
0 0.033247 0.318981 0.010937 0.020370
0 0.033030 0.319676 0.011024 0.019907
0 0.033030 0.320525 0.011024 0.020062
0 0.033030 0.321373 0.011024 0.019907
0 0.033030 0.322299 0.011024 0.019907
0 0.032769 0.322685 0.011024 0.019136
0 0.032769 0.323380 0.011024 0.017747
0 0.032769 0.323765 0.011024 0.016975
0 0.032769 0.324460 0.011024 0.015586
0 0.032769 0.325077 0.011024 0.014352
0 0.032552 0.325540 0.010937 0.013426
0 0.032552 0.326157 0.010937 0.012191
0 0.032552 0.326620 0.010937 0.011265
0 0.032552 0.327238 0.010937 0.010031
0 0.032552 0.328164 0.010937 0.009105
0 0.032552 0.328164 0.010937 0.009105
0 0.032552 0.328164 0.010937 0.009105
0 0.032552 0.328164 0.010937 0.009105
0 0.032552 0.328164 0.010937 0.009105
0 0.032552 0.328164 0.010937 0.009105
0 0.032552 0.328164 0.010937 0.009105
0 0.032552 0.328164 0.010937 0.009105
0 0.032552 0.328164 0.010937 0.009105
0 0.032552 0.328164 0.010937 0.009105
0 0.032552 0.328164 0.010937 0.009105
0 0.032552 0.328164 0.010937 0.009105
0 0.032552 0.328164 0.010937 0.009105
0 0.032552 0.328164 0.010937 0.009105
0 0.032552 0.328164 0.010937 0.009105
0 0.032552 0.328164 0.010937 0.009105
0 0.032552 0.328164 0.010937 0.009105
0 0.032552 0.328164 0.010937 0.009105
0 0.032552 0.328164 0.010937 0.009105
0 0.032552 0.328164 0.010937 0.009105
0 0.032552 0.328164 0.010937 0.009105
0 0.032552 0.328164 0.010937 0.009105
0 0.032552 0.328164 0.010937 0.009105
0 0.032552 0.328164 0.010937 0.009105
0 0.032552 0.328164 0.010937 0.009105
0 0.032552 0.328164 0.010937 0.009105
0 0.032552 0.328164 0.010937 0.009105
0 0.032552 0.328164 0.010937 0.009105
0 0.032552 0.328164 0.010937 0.009105
0 0.032552 0.328164 0.010937 0.009105
0 0.032552 0.328164 0.010937 0.009105
0 0.032552 0.328164 0.010937 0.009105
0 0.032552 0.328164 0.010937 0.009105
0 0.032552 0.328164 0.010937 0.009105
0 0.032552 0.328164 0.010937 0.009105
0 0.032552 0.328164 0.010937 0.009105
0 0.032552 0.328164 0.010937 0.009105
0 0.032552 0.328164 0.010937 0.009105
0 0.032552 0.328164 0.010937 0.009105
0 0.032552 0.328164 0.010937 0.009105
0 0.032552 0.328164 0.010937 0.009105
0 0.032552 0.328164 0.010937 0.009105
0 0.032552 0.328164 0.010937 0.009105
0 0.032552 0.328164 0.010937 0.009105
0 0.032552 0.328164 0.010937 0.009105
0 0.032552 0.328164 0.010937 0.009105
0 0.032552 0.328164 0.010937 0.009105
0 0.032552 0.328164 0.010937 0.009105
0 0.032552 0.328164 0.010937 0.009105
0 0.032552 0.328164 0.010937 0.009105
0 0.032552 0.328164 0.010937 0.009105
0 0.032552 0.328164 0.010937 0.009105
0 0.032552 0.328164 0.010937 0.009105
0 0.032552 0.328164 0.010937 0.009105
0 0.032552 0.328164 0.010937 0.009105
0 0.032552 0.328164 0.010937 0.009105
0 0.032552 0.328164 0.010937 0.009105
0 0.032552 0.328164 0.010937 0.009105
0 0.032552 0.328164 0.010937 0.009105
0 0.032552 0.328164 0.010937 0.009105
0 0.032552 0.328164 0.010937 0.009105
0 0.032552 0.328164 0.010937 0.009105
0 0.032552 0.328164 0.010937 0.009105
0 0.032552 0.328164 0.010937 0.009105
0 0.032552 0.328164 0.010937 0.009105
0 0.032552 0.328164 0.010937 0.009105
0 0.032552 0.328164 0.010937 0.009105
0 0.032552 0.328164 0.010937 0.009105
0 0.032552 0.328164 0.010937 0.009105
0 0.032552 0.328164 0.010937 0.009105
0 0.032552 0.328164 0.010937 0.009105
0 0.032552 0.328164 0.010937 0.009105
0 0.032552 0.328164 0.010937 0.009105
0 0.032552 0.328164 0.010937 0.009105
0 0.032552 0.328164 0.010937 0.009105
0 0.032552 0.328164 0.010937 0.009105
0 0.032552 0.328164 0.010937 0.009105
0 0.032552 0.328164 0.010937 0.009105
0 0.032552 0.328164 0.010937 0.009105
0 0.032552 0.328164 0.010937 0.009105
0 0.032552 0.328164 0.010937 0.009105
0 0.032552 0.328164 0.010937 0.009105
0 0.032552 0.328164 0.010937 0.009105
0 0.032552 0.328164 0.010937 0.009105
0 0.032552 0.328164 0.010937 0.009105
0 0.032552 0.328164 0.010937 0.009105
0 0.032552 0.328164 0.010937 0.009105
0 0.032552 0.328164 0.010937 0.009105
0 0.032552 0.328164 0.010937 0.009105
0 0.032552 0.328164 0.010937 0.009105
0 0.032552 0.328164 0.010937 0.009105
0 0.032552 0.328164 0.010937 0.009105
0 0.032552 0.328164 0.010937 0.009105
0 0.032552 0.328164 0.010937 0.009105
0 0.032552 0.328164 0.010937 0.009105
0 0.032552 0.328164 0.010937 0.009105
0 0.032552 0.328164 0.010937 0.009105
0 0.032552 0.328164 0.010937 0.009105
0 0.032552 0.328164 0.010937 0.009105
0 0.032552 0.328164 0.010937 0.009105
0 0.032552 0.328164 0.010937 0.009105
0 0.032552 0.328164 0.010937 0.009105
0 0.032552 0.328164 0.010937 0.009105
0 0.032552 0.328164 0.010937 0.009105
0 0.032552 0.328164 0.010937 0.009105
0 0.032552 0.328164 0.010937 0.009105
0 0.032552 0.328164 0.010937 0.009105
0 0.032552 0.328164 0.010937 0.009105
0 0.032552 0.328164 0.010937 0.009105
0 0.032552 0.328164 0.010937 0.009105
0 0.032552 0.328164 0.010937 0.009105
0 0.032552 0.328164 0.010937 0.009105
0 0.032552 0.328164 0.010937 0.009105
0 0.032552 0.328164 0.010937 0.009105
0 0.032552 0.328164 0.010937 0.009105
0 0.032552 0.328164 0.010937 0.009105
0 0.032552 0.328164 0.010937 0.009105
0 0.032552 0.328164 0.010937 0.009105
0 0.032552 0.328164 0.010937 0.009105
0 0.032552 0.328164 0.010937 0.009105
0 0.032552 0.328164 0.010937 0.009105
