0 0.170182 0.126389 0.004601 0.008333
0 0.169922 0.126775 0.004601 0.008179
0 0.169792 0.127469 0.004861 0.008642
0 0.169792 0.127932 0.004861 0.008642
0 0.169661 0.128781 0.005122 0.008796
0 0.169661 0.129398 0.005122 0.009105
0 0.169401 0.129861 0.005122 0.009105
0 0.169314 0.130787 0.005295 0.009105
0 0.169314 0.131096 0.005295 0.009105
0 0.169184 0.131790 0.005556 0.009568
0 0.169184 0.132716 0.005556 0.009568
0 0.168967 0.132716 0.005642 0.009568
0 0.168967 0.133102 0.005642 0.009414
0 0.168707 0.133488 0.005642 0.009568
0 0.168707 0.133951 0.005642 0.009568
0 0.168446 0.134414 0.005642 0.009568
0 0.168446 0.134414 0.005642 0.009568
0 0.168186 0.134877 0.005642 0.009568
0 0.168186 0.135262 0.005642 0.009414
0 0.167969 0.135648 0.005556 0.009568
0 0.167969 0.136111 0.005556 0.009568
0 0.167708 0.136574 0.005556 0.009568
0 0.167708 0.137037 0.005556 0.009568
0 0.167708 0.137500 0.005556 0.009568
0 0.167708 0.137886 0.005556 0.009414
0 0.167708 0.138272 0.005556 0.009568
0 0.167708 0.138735 0.005556 0.009568
0 0.167708 0.139198 0.005556 0.009568
0 0.167708 0.139660 0.005556 0.009568
0 0.167708 0.140046 0.005556 0.009414
0 0.167708 0.140432 0.005556 0.009568
0 0.167491 0.140432 0.005642 0.009568
0 0.167491 0.140895 0.005642 0.009568
0 0.167491 0.140895 0.005642 0.009568
0 0.167491 0.141358 0.005642 0.009568
0 0.167491 0.141358 0.005642 0.009568
0 0.167491 0.141821 0.005642 0.009568
0 0.167491 0.141821 0.005642 0.009568
0 0.167491 0.142207 0.005642 0.009414
0 0.167491 0.142207 0.005642 0.009414
0 0.167491 0.142593 0.005642 0.009568
0 0.167491 0.143056 0.005642 0.009568
0 0.167491 0.143519 0.005642 0.009568
0 0.167491 0.143981 0.005642 0.009568
0 0.167491 0.144444 0.005642 0.009568
0 0.167491 0.144753 0.005642 0.009568
0 0.167491 0.145216 0.005642 0.009568
0 0.167491 0.145679 0.005642 0.009568
0 0.167491 0.146142 0.005642 0.009568
0 0.167491 0.146605 0.005642 0.009568
0 0.167491 0.147377 0.005642 0.009568
0 0.167491 0.147840 0.005642 0.009568
0 0.167491 0.148302 0.005642 0.009568
0 0.167491 0.148765 0.005642 0.009568
0 0.167491 0.149151 0.005642 0.009414
0 0.167491 0.149537 0.005642 0.009568
0 0.167491 0.150000 0.005642 0.009568
0 0.167491 0.150463 0.005642 0.009568
0 0.167491 0.150926 0.005642 0.009568
0 0.167491 0.151389 0.005642 0.009568
0 0.167708 0.152160 0.005556 0.009568
0 0.167708 0.152160 0.005556 0.009568
0 0.167708 0.152160 0.005556 0.009568
0 0.167708 0.152160 0.005556 0.009568
0 0.167708 0.152160 0.005556 0.009568
0 0.167708 0.152160 0.005556 0.009568
0 0.167708 0.152160 0.005556 0.009568
0 0.167708 0.152160 0.005556 0.009568
0 0.167708 0.152160 0.005556 0.009568
0 0.167708 0.152160 0.005556 0.009568
0 0.167708 0.152160 0.005556 0.009568
0 0.167708 0.152160 0.005556 0.009568
0 0.167708 0.152160 0.005556 0.009568
0 0.167708 0.152160 0.005556 0.009568
0 0.167708 0.152160 0.005556 0.009568
0 0.167708 0.152160 0.005556 0.009568
0 0.167708 0.152160 0.005556 0.009568
0 0.167708 0.152160 0.005556 0.009568
0 0.167708 0.152160 0.005556 0.009568
0 0.167708 0.152160 0.005556 0.009568
0 0.167708 0.152160 0.005556 0.009568
0 0.167491 0.151698 0.005642 0.009568
0 0.167491 0.151698 0.005642 0.009568
0 0.167231 0.151698 0.005642 0.009568
0 0.167231 0.151698 0.005642 0.009568
0 0.167231 0.151698 0.005642 0.009568
0 0.166970 0.151698 0.005642 0.009568
0 0.166970 0.151698 0.005642 0.009568
0 0.166753 0.151698 0.005556 0.009568
0 0.166753 0.151698 0.005556 0.009568
0 0.166753 0.151698 0.005556 0.009568
0 0.166493 0.151389 0.005556 0.009568
0 0.166493 0.151389 0.005556 0.009568
0 0.166493 0.151389 0.005556 0.009568
0 0.166276 0.151389 0.005642 0.009568
0 0.166276 0.151389 0.005642 0.009568
0 0.166276 0.150926 0.005642 0.009568
0 0.166016 0.150926 0.005642 0.009568
0 0.166016 0.150926 0.005642 0.009568
0 0.166016 0.150926 0.005642 0.009568
0 0.166016 0.150926 0.005642 0.009568
0 0.166016 0.150926 0.005642 0.009568
0 0.166016 0.150926 0.005642 0.009568
0 0.166016 0.150926 0.005642 0.009568
0 0.166016 0.150926 0.005642 0.009568
0 0.166016 0.150926 0.005642 0.009568
0 0.166016 0.150926 0.005642 0.009568
0 0.166016 0.150926 0.005642 0.009568
0 0.166016 0.150926 0.005642 0.009568
0 0.166016 0.150926 0.005642 0.009568
0 0.166016 0.150926 0.005642 0.009568
0 0.166016 0.150926 0.005642 0.009568
0 0.166016 0.150926 0.005642 0.009568
0 0.166016 0.150926 0.005642 0.009568
0 0.166016 0.150926 0.005642 0.009568
0 0.166016 0.150926 0.005642 0.009568
0 0.166016 0.150926 0.005642 0.009568
0 0.166016 0.150926 0.005642 0.009568
0 0.166016 0.150926 0.005642 0.009568
0 0.166016 0.150926 0.005642 0.009568
0 0.166016 0.150926 0.005642 0.009568
0 0.166016 0.150926 0.005642 0.009568
0 0.166016 0.150926 0.005642 0.009568
0 0.166016 0.150926 0.005642 0.009568
0 0.166016 0.150926 0.005642 0.009568
0 0.166016 0.150926 0.005642 0.009568
0 0.166016 0.150926 0.005642 0.009568
0 0.166016 0.150926 0.005642 0.009568
0 0.166016 0.150926 0.005642 0.009568
0 0.166016 0.150926 0.005642 0.009568
0 0.166016 0.150926 0.005642 0.009568
0 0.165755 0.150463 0.005642 0.009568
0 0.165755 0.150463 0.005642 0.009568
0 0.165755 0.150000 0.005642 0.009568
0 0.165538 0.150000 0.005556 0.009568
0 0.165538 0.149537 0.005556 0.009568
0 0.165538 0.149537 0.005556 0.009568
0 0.165278 0.149151 0.005556 0.009414
0 0.165278 0.149151 0.005556 0.009414
0 0.165278 0.148765 0.005556 0.009568
0 0.165278 0.148765 0.005556 0.009568
0 0.165278 0.148765 0.005556 0.009568
0 0.165278 0.148765 0.005556 0.009568
0 0.165278 0.148765 0.005556 0.009568
0 0.165278 0.148765 0.005556 0.009568
0 0.165278 0.148765 0.005556 0.009568
0 0.165278 0.148765 0.005556 0.009568
0 0.165278 0.148765 0.005556 0.009568
0 0.165278 0.148765 0.005556 0.009568
0 0.165278 0.148765 0.005556 0.009568
0 0.165278 0.148765 0.005556 0.009568
0 0.165061 0.148302 0.005642 0.009568
0 0.165061 0.148302 0.005642 0.009568
0 0.165061 0.147840 0.005642 0.009568
0 0.165061 0.147840 0.005642 0.009568
0 0.165061 0.147377 0.005642 0.009568
0 0.165061 0.147377 0.005642 0.009568
0 0.165061 0.146991 0.005642 0.009414
0 0.165061 0.146991 0.005642 0.009414
0 0.165061 0.146605 0.005642 0.009568
0 0.165061 0.146605 0.005642 0.009568
0 0.165061 0.146605 0.005642 0.009568
0 0.165061 0.146605 0.005642 0.009568
0 0.165061 0.146605 0.005642 0.009568
0 0.165061 0.146605 0.005642 0.009568
0 0.165061 0.146605 0.005642 0.009568
0 0.165061 0.146605 0.005642 0.009568
0 0.165061 0.146605 0.005642 0.009568
0 0.165061 0.146605 0.005642 0.009568
0 0.165061 0.146605 0.005642 0.009568
0 0.165061 0.146605 0.005642 0.009568
0 0.165061 0.146605 0.005642 0.009568
0 0.165061 0.146605 0.005642 0.009568
0 0.165061 0.146605 0.005642 0.009568
0 0.165061 0.146605 0.005642 0.009568
0 0.165061 0.146605 0.005642 0.009568
0 0.165061 0.146605 0.005642 0.009568
0 0.165061 0.146605 0.005642 0.009568
0 0.165061 0.146605 0.005642 0.009568
0 0.165061 0.146605 0.005642 0.009568
0 0.165061 0.146605 0.005642 0.009568
