0 0.182639 0.067824 0.003646 0.017747
0 0.184809 0.067361 0.003646 0.017747
0 0.187240 0.067361 0.003646 0.017747
0 0.189410 0.066898 0.003646 0.017747
0 0.191884 0.066898 0.003733 0.017747
0 0.194097 0.066744 0.003646 0.017438
0 0.196528 0.066512 0.003646 0.017901
0 0.198698 0.066281 0.003646 0.017438
0 0.201128 0.066127 0.003646 0.017747
0 0.203342 0.065895 0.003733 0.017284
0 0.205816 0.065895 0.003646 0.017284
0 0.206641 0.065664 0.003906 0.016821
0 0.207595 0.065664 0.003906 0.016821
0 0.208637 0.065432 0.003906 0.016358
0 0.209722 0.065432 0.004167 0.016358
0 0.210677 0.065278 0.004167 0.016049
0 0.211632 0.065278 0.004167 0.016049
0 0.212760 0.065046 0.004340 0.015586
0 0.213715 0.065046 0.004340 0.015586
0 0.214714 0.064815 0.004427 0.015123
0 0.215799 0.064969 0.004687 0.014815
0 0.221137 0.067130 0.004601 0.014815
0 0.226519 0.069290 0.004601 0.014815
0 0.231901 0.071528 0.004601 0.014660
0 0.237283 0.073688 0.004601 0.014660
0 0.242622 0.075849 0.004687 0.014660
0 0.248003 0.078009 0.004687 0.014660
0 0.253385 0.080170 0.004687 0.014660
0 0.258724 0.082330 0.004601 0.014660
0 0.264106 0.084491 0.004601 0.014660
0 0.269705 0.087114 0.004687 0.014660
0 0.272179 0.088194 0.004601 0.015278
0 0.274609 0.089506 0.004601 0.015123
0 0.277300 0.090972 0.004601 0.015586
0 0.279731 0.092130 0.004601 0.016049
0 0.282422 0.093596 0.004601 0.016512
0 0.284852 0.094985 0.004601 0.016512
0 0.287283 0.095988 0.004601 0.016975
0 0.289974 0.097531 0.004601 0.017284
0 0.292405 0.098843 0.004601 0.017438
0 0.295095 0.100386 0.004601 0.017747
0 0.297917 0.102083 0.004861 0.017747
0 0.300868 0.104244 0.004861 0.017747
0 0.303733 0.106404 0.004861 0.017747
0 0.306684 0.108565 0.004861 0.017747
0 0.309635 0.110725 0.004861 0.017747
0 0.312543 0.112886 0.004948 0.017747
0 0.315451 0.115046 0.004861 0.017747
0 0.318403 0.117284 0.004861 0.017901
0 0.321354 0.119444 0.004861 0.017901
0 0.324349 0.121605 0.005122 0.017901
0 0.320833 0.128549 0.005382 0.017901
0 0.317578 0.135880 0.005642 0.017747
0 0.314236 0.143287 0.005903 0.017747
0 0.310937 0.150463 0.006076 0.017284
0 0.307682 0.157870 0.006337 0.017284
0 0.304340 0.165046 0.006597 0.017747
0 0.301085 0.172145 0.006858 0.017438
0 0.297786 0.179552 0.007031 0.017438
0 0.294488 0.186883 0.007378 0.017284
0 0.291189 0.194290 0.007552 0.017284
0 0.291189 0.194290 0.007552 0.017284
0 0.291189 0.194290 0.007552 0.017284
0 0.291189 0.194290 0.007552 0.017284
0 0.291189 0.194290 0.007552 0.017284
0 0.291189 0.194290 0.007552 0.017284
0 0.291189 0.194290 0.007552 0.017284
0 0.291189 0.194290 0.007552 0.017284
0 0.291189 0.194290 0.007552 0.017284
0 0.291189 0.194290 0.007552 0.017284
0 0.291189 0.194290 0.007552 0.017284
0 0.291189 0.194290 0.007552 0.017284
0 0.291189 0.194290 0.007552 0.017284
0 0.291189 0.194290 0.007552 0.017284
0 0.291189 0.194290 0.007552 0.017284
0 0.291189 0.194290 0.007552 0.017284
0 0.291189 0.194290 0.007552 0.017284
0 0.291189 0.194290 0.007552 0.017284
0 0.291189 0.194290 0.007552 0.017284
0 0.291189 0.194290 0.007552 0.017284
0 0.291189 0.194290 0.007552 0.017284
0 0.294141 0.189969 0.007552 0.017284
0 0.297049 0.185571 0.007639 0.017438
0 0.299957 0.181250 0.007552 0.017438
0 0.302908 0.177315 0.007552 0.017284
0 0.305859 0.172994 0.007552 0.017284
0 0.308767 0.168673 0.007639 0.017284
0 0.311675 0.164815 0.007552 0.017284
0 0.314627 0.160417 0.007552 0.017438
0 0.317578 0.156096 0.007552 0.017438
0 0.320443 0.152160 0.007552 0.017284
0 0.321224 0.151312 0.007552 0.017438
0 0.322179 0.150926 0.007552 0.017284
0 0.322917 0.150463 0.007639 0.017284
0 0.323915 0.150000 0.007552 0.017284
0 0.324870 0.149614 0.007552 0.017438
0 0.325608 0.148688 0.007639 0.017438
0 0.326606 0.148302 0.007552 0.017284
0 0.327300 0.147840 0.007552 0.017284
0 0.328255 0.147454 0.007552 0.017438
0 0.329297 0.146991 0.007552 0.017438
0 0.328776 0.146991 0.007552 0.017438
0 0.328255 0.146991 0.007552 0.017438
0 0.327821 0.146991 0.007552 0.017438
0 0.327561 0.147454 0.007552 0.017438
0 0.327040 0.147454 0.007552 0.017438
0 0.326606 0.147454 0.007552 0.017438
0 0.326345 0.147840 0.007552 0.017284
0 0.325825 0.147840 0.007552 0.017284
0 0.325391 0.147840 0.007552 0.017284
0 0.325130 0.148302 0.007552 0.017284
0 0.324609 0.148302 0.007552 0.017284
0 0.324175 0.148688 0.007552 0.017438
0 0.323655 0.149151 0.007552 0.017438
0 0.323134 0.149614 0.007552 0.017438
0 0.322700 0.150000 0.007552 0.017284
0 0.322179 0.150463 0.007552 0.017284
0 0.321701 0.150926 0.007639 0.017284
0 0.321224 0.151312 0.007552 0.017438
0 0.320703 0.151775 0.007552 0.017438
0 0.320443 0.152160 0.007552 0.017284
0 0.320009 0.152623 0.007552 0.017284
0 0.319488 0.153086 0.007552 0.017284
0 0.319010 0.153935 0.007639 0.017438
0 0.318793 0.154321 0.007552 0.017284
0 0.318273 0.155247 0.007552 0.017284
0 0.317795 0.155633 0.007639 0.017438
0 0.317578 0.156096 0.007552 0.017438
0 0.317057 0.156944 0.007552 0.017284
0 0.316580 0.157407 0.007639 0.017284
0 0.316363 0.158256 0.007552 0.017438
0 0.315842 0.158719 0.007552 0.017438
0 0.315582 0.159105 0.007552 0.017284
0 0.315321 0.159568 0.007552 0.017284
0 0.314887 0.160417 0.007552 0.017438
0 0.314627 0.160880 0.007552 0.017438
0 0.314366 0.161265 0.007552 0.017284
0 0.313889 0.162191 0.007639 0.017284
0 0.313672 0.162577 0.007552 0.017438
0 0.313411 0.163040 0.007552 0.017438
0 0.313151 0.163889 0.007552 0.017284
0 0.313672 0.165201 0.007552 0.017438
0 0.314106 0.166512 0.007552 0.017284
0 0.314627 0.167824 0.007552 0.017438
0 0.315104 0.169136 0.007639 0.017284
0 0.315582 0.170833 0.007552 0.017284
0 0.316102 0.172145 0.007552 0.017438
0 0.316580 0.173457 0.007639 0.017284
0 0.317057 0.174769 0.007552 0.017438
0 0.317578 0.176080 0.007552 0.017284
0 0.318273 0.177778 0.007552 0.017284
0 0.318012 0.178627 0.007552 0.017438
0 0.318012 0.179552 0.007552 0.017438
0 0.318012 0.180864 0.007552 0.017284
0 0.318012 0.181713 0.007552 0.017438
0 0.318012 0.183025 0.007552 0.017284
0 0.317795 0.183873 0.007639 0.017438
0 0.317795 0.184722 0.007639 0.017284
0 0.317795 0.186034 0.007639 0.017438
0 0.317795 0.186883 0.007639 0.017284
0 0.317795 0.188194 0.007639 0.017438
0 0.317795 0.189043 0.007639 0.017284
0 0.317795 0.189969 0.007639 0.017284
0 0.317795 0.190818 0.007639 0.017438
0 0.317795 0.192130 0.007639 0.017284
0 0.318012 0.192978 0.007552 0.017438
0 0.318012 0.193827 0.007552 0.017284
0 0.318012 0.195139 0.007552 0.017438
0 0.318012 0.195988 0.007552 0.017284
0 0.318012 0.196914 0.007552 0.017284
0 0.318273 0.198148 0.007552 0.017284
0 0.317057 0.197299 0.007552 0.017438
0 0.316102 0.196914 0.007552 0.017284
0 0.315104 0.196451 0.007639 0.017284
0 0.313889 0.195602 0.007639 0.017438
0 0.312891 0.195139 0.007552 0.017438
0 0.311936 0.194676 0.007552 0.017438
0 0.310720 0.193827 0.007552 0.017284
0 0.309766 0.193364 0.007552 0.017284
0 0.308767 0.192978 0.007639 0.017438
0 0.307769 0.192515 0.007552 0.017438
