0 0.138064 0.322685 0.005816 0.019136
0 0.137717 0.322685 0.006163 0.018210
0 0.137587 0.322917 0.006424 0.017747
0 0.137500 0.323148 0.006597 0.017284
0 0.137370 0.323302 0.006858 0.016975
0 0.137240 0.323534 0.007118 0.016512
0 0.137109 0.323765 0.007378 0.016049
0 0.136979 0.323997 0.007639 0.015586
0 0.136892 0.324228 0.007812 0.015123
0 0.136762 0.324383 0.008073 0.014815
0 0.136632 0.324614 0.008333 0.014352
0 0.136372 0.324614 0.008333 0.014352
0 0.136372 0.324614 0.008333 0.014352
0 0.136372 0.324614 0.008333 0.014352
0 0.136372 0.324846 0.008333 0.013889
0 0.136372 0.324846 0.008333 0.013889
0 0.136372 0.324846 0.008333 0.013889
0 0.136372 0.325077 0.008333 0.013426
0 0.136372 0.325077 0.008333 0.013426
0 0.136372 0.325077 0.008333 0.013426
0 0.136372 0.325309 0.008333 0.012963
0 0.136111 0.325309 0.008333 0.012963
0 0.135981 0.325309 0.008073 0.012963
0 0.135894 0.325309 0.008247 0.012963
0 0.135764 0.325309 0.007986 0.012963
0 0.135634 0.325309 0.008247 0.012963
0 0.135503 0.325309 0.007986 0.012963
0 0.135286 0.325309 0.008073 0.012963
0 0.135286 0.325309 0.008073 0.012963
0 0.135026 0.325309 0.008073 0.012963
0 0.135026 0.325463 0.008073 0.012654
0 0.134766 0.325694 0.008073 0.012191
0 0.134766 0.325926 0.008073 0.011728
0 0.134505 0.326157 0.008073 0.011265
0 0.134505 0.326389 0.008073 0.010802
0 0.134505 0.326620 0.008073 0.010340
0 0.134288 0.326775 0.007986 0.010031
0 0.134288 0.327006 0.007986 0.009568
0 0.134071 0.327238 0.008073 0.009105
0 0.134071 0.327469 0.008073 0.008642
0 0.134071 0.327855 0.008073 0.007870
0 0.133811 0.327855 0.008073 0.007870
0 0.133811 0.327855 0.008073 0.007870
0 0.133550 0.327855 0.008073 0.007870
0 0.133550 0.327855 0.008073 0.007870
0 0.133290 0.327855 0.008073 0.007870
0 0.133290 0.327855 0.008073 0.007870
0 0.133073 0.327855 0.007986 0.007870
0 0.133073 0.327855 0.007986 0.007870
0 0.132856 0.327855 0.008073 0.007870
0 0.132856 0.328086 0.008073 0.007407
0 0.132595 0.328086 0.008073 0.007407
0 0.132335 0.328086 0.008073 0.007407
0 0.132335 0.328086 0.008073 0.007407
0 0.132075 0.328086 0.008073 0.007407
0 0.132075 0.328318 0.008073 0.006944
0 0.131858 0.328318 0.007986 0.006944
0 0.131597 0.328318 0.007986 0.006944
0 0.131597 0.328318 0.007986 0.006944
0 0.131380 0.328318 0.008073 0.006944
0 0.131380 0.328549 0.008073 0.006481
0 0.131120 0.328086 0.008073 0.007407
0 0.130859 0.327701 0.008073 0.008179
0 0.130599 0.327469 0.008073 0.008642
0 0.130382 0.327006 0.007986 0.009568
0 0.130165 0.326775 0.008073 0.010031
0 0.129905 0.326389 0.008073 0.010802
0 0.129644 0.325926 0.008073 0.011728
0 0.129384 0.325694 0.008073 0.012191
0 0.129167 0.325309 0.007986 0.012963
0 0.128950 0.325077 0.008073 0.013426
0 0.128689 0.324846 0.008073 0.012963
0 0.128429 0.324846 0.008073 0.012963
0 0.128168 0.324846 0.008073 0.012963
0 0.128168 0.324846 0.008073 0.012963
0 0.127951 0.324846 0.007986 0.012963
0 0.127734 0.324846 0.008073 0.012963
0 0.127734 0.324846 0.008073 0.012963
0 0.127474 0.324846 0.008073 0.012963
0 0.127214 0.324846 0.008073 0.012963
0 0.127214 0.324846 0.008073 0.012963
0 0.127083 0.323997 0.007812 0.013117
0 0.127083 0.323148 0.007812 0.012963
0 0.127083 0.322454 0.007812 0.013426
0 0.127083 0.321605 0.007812 0.013580
0 0.127083 0.320988 0.007812 0.013889
0 0.126953 0.320062 0.007552 0.013889
0 0.126953 0.319213 0.007552 0.013735
0 0.126953 0.318596 0.007552 0.014352
0 0.126953 0.317670 0.007552 0.014352
0 0.126953 0.317052 0.007552 0.014660
0 0.126693 0.315278 0.007552 0.014815
0 0.126476 0.314043 0.007639 0.014815
0 0.126476 0.312731 0.007639 0.014660
0 0.126259 0.311420 0.007552 0.014815
0 0.126259 0.310108 0.007552 0.014660
0 0.125998 0.308333 0.007552 0.014815
0 0.125738 0.307099 0.007552 0.014815
0 0.125738 0.305787 0.007552 0.014660
0 0.125477 0.304475 0.007552 0.014815
0 0.125477 0.303164 0.007552 0.014660
0 0.125477 0.301003 0.007552 0.014660
0 0.125477 0.299074 0.007552 0.015123
0 0.125477 0.297068 0.007552 0.014815
0 0.125477 0.295139 0.007552 0.015278
0 0.125477 0.293210 0.007552 0.014815
0 0.125477 0.291204 0.007552 0.015123
0 0.125477 0.289043 0.007552 0.015123
0 0.125477 0.287346 0.007552 0.015123
0 0.125477 0.285185 0.007552 0.015123
0 0.125477 0.283410 0.007552 0.015278
0 0.125260 0.281250 0.007639 0.015278
0 0.125260 0.279090 0.007639 0.015278
0 0.125043 0.277160 0.007552 0.014815
0 0.125043 0.275154 0.007552 0.015123
0 0.124783 0.273225 0.007552 0.014660
0 0.124783 0.271065 0.007552 0.014660
0 0.124523 0.269136 0.007552 0.015123
0 0.124523 0.267130 0.007552 0.014815
0 0.124262 0.264969 0.007552 0.014815
0 0.124262 0.263272 0.007552 0.014815
0 0.124045 0.260648 0.007639 0.014815
0 0.123828 0.258025 0.007552 0.014815
0 0.123568 0.255401 0.007552 0.014815
0 0.123568 0.252855 0.007552 0.014660
0 0.123307 0.250231 0.007552 0.014660
0 0.123047 0.247608 0.007552 0.014660
0 0.123047 0.245062 0.007552 0.014815
0 0.122786 0.242438 0.007552 0.014815
0 0.122613 0.239815 0.007552 0.014815
0 0.122613 0.237423 0.007552 0.015278
0 0.122352 0.234877 0.007552 0.015123
0 0.122352 0.232253 0.007552 0.015123
0 0.122352 0.229630 0.007552 0.015123
0 0.122352 0.227006 0.007552 0.015123
0 0.122352 0.224383 0.007552 0.015123
0 0.122092 0.221836 0.007552 0.015278
0 0.122092 0.219213 0.007552 0.015278
0 0.122092 0.216590 0.007552 0.015278
0 0.122092 0.214043 0.007552 0.015123
0 0.122092 0.211883 0.007552 0.015123
0 0.122092 0.208333 0.007552 0.015123
0 0.122092 0.205324 0.007552 0.015278
0 0.122092 0.202315 0.007552 0.015123
0 0.122092 0.198997 0.007552 0.015586
0 0.122092 0.196065 0.007552 0.015586
0 0.122092 0.192747 0.007552 0.015123
0 0.122092 0.189506 0.007552 0.015741
0 0.122092 0.186497 0.007552 0.015586
0 0.122092 0.183410 0.007552 0.015586
0 0.122092 0.180401 0.007552 0.015741
0 0.122092 0.176929 0.007552 0.015586
0 0.122092 0.173457 0.007552 0.015741
0 0.122092 0.169985 0.007552 0.015586
0 0.122092 0.166512 0.007552 0.015741
0 0.122092 0.163272 0.007552 0.015123
0 0.122092 0.159799 0.007552 0.015278
0 0.122092 0.156327 0.007552 0.015123
0 0.122092 0.152855 0.007552 0.015278
0 0.122092 0.149383 0.007552 0.015123
0 0.122092 0.146296 0.007552 0.015123
0 0.121832 0.142438 0.007552 0.015123
0 0.121832 0.138966 0.007552 0.015278
0 0.121832 0.135494 0.007552 0.015123
0 0.121832 0.131559 0.007552 0.015278
0 0.121832 0.128086 0.007552 0.015123
0 0.121571 0.124691 0.007552 0.015123
0 0.121571 0.120756 0.007552 0.015278
0 0.121571 0.117284 0.007552 0.015123
0 0.121571 0.113812 0.007552 0.015278
0 0.121571 0.110340 0.007552 0.015123
0 0.121571 0.106404 0.007552 0.015278
0 0.121571 0.102932 0.007552 0.015123
0 0.121571 0.099228 0.007552 0.014815
0 0.121571 0.095602 0.007552 0.015278
0 0.121571 0.092130 0.007552 0.015123
0 0.121571 0.088426 0.007552 0.014815
0 0.121571 0.084722 0.007552 0.015123
0 0.121571 0.081019 0.007552 0.014815
0 0.121571 0.077546 0.007552 0.014660
0 0.121571 0.074074 0.007552 0.014815
