0 0.155035 0.073920 0.004167 0.012654
0 0.156250 0.073920 0.004167 0.012654
0 0.157726 0.073920 0.004167 0.012654
0 0.158941 0.073920 0.004167 0.012654
0 0.160417 0.074306 0.004167 0.012500
0 0.161632 0.074306 0.004167 0.012500
0 0.163108 0.074306 0.004167 0.012500
0 0.164323 0.074769 0.004167 0.012500
0 0.165799 0.074769 0.004167 0.012500
0 0.167014 0.074769 0.004167 0.012500
0 0.168446 0.075154 0.004080 0.012654
0 0.169705 0.075154 0.004167 0.012654
0 0.171137 0.075154 0.004080 0.012654
0 0.172352 0.075154 0.004080 0.012654
0 0.173828 0.075617 0.004080 0.012654
0 0.175043 0.075617 0.004080 0.012654
0 0.176476 0.075617 0.004167 0.012654
0 0.177734 0.076080 0.004080 0.012654
0 0.179167 0.076080 0.004167 0.012654
0 0.180382 0.076080 0.004167 0.012654
0 0.181858 0.076466 0.004167 0.012500
0 0.182639 0.076466 0.004167 0.012500
0 0.183333 0.076929 0.004167 0.012500
0 0.184071 0.076929 0.004080 0.012500
0 0.184809 0.077392 0.004167 0.012500
0 0.185503 0.077392 0.004167 0.012500
0 0.186285 0.077778 0.004167 0.012654
0 0.186979 0.077778 0.004167 0.012654
0 0.187760 0.078241 0.004167 0.012654
0 0.188455 0.078241 0.004167 0.012654
0 0.189193 0.078627 0.004080 0.012500
0 0.188976 0.078627 0.004167 0.012500
0 0.188715 0.078627 0.004167 0.012500
0 0.188715 0.078627 0.004167 0.012500
0 0.188455 0.078627 0.004167 0.012500
0 0.188455 0.078627 0.004167 0.012500
0 0.188194 0.078627 0.004167 0.012500
0 0.187977 0.078627 0.004080 0.012500
0 0.187977 0.078627 0.004080 0.012500
0 0.187760 0.078627 0.004167 0.012500
0 0.187760 0.078627 0.004167 0.012500
0 0.187240 0.078627 0.004167 0.012500
0 0.186979 0.078627 0.004167 0.012500
0 0.186762 0.078627 0.004080 0.012500
0 0.186545 0.079090 0.004167 0.012500
0 0.186285 0.079090 0.004167 0.012500
0 0.185764 0.079090 0.004167 0.012500
0 0.185503 0.079552 0.004167 0.012500
0 0.185286 0.079552 0.004080 0.012500
0 0.185069 0.079552 0.004167 0.012500
0 0.184809 0.079938 0.004167 0.012654
0 0.184288 0.079938 0.004167 0.012654
0 0.183854 0.079938 0.004167 0.012654
0 0.183594 0.079938 0.004167 0.012654
0 0.183073 0.079938 0.004167 0.012654
0 0.182856 0.079938 0.004080 0.012654
0 0.182378 0.079938 0.004167 0.012654
0 0.181858 0.079938 0.004167 0.012654
0 0.181597 0.079938 0.004167 0.012654
0 0.181163 0.079938 0.004167 0.012654
0 0.180903 0.080401 0.004167 0.012654
0 0.180382 0.079938 0.004167 0.012654
0 0.180035 0.079784 0.004340 0.012963
0 0.179688 0.079321 0.004687 0.012963
0 0.179427 0.079090 0.004687 0.013426
0 0.179080 0.078858 0.004861 0.012963
0 0.178689 0.078627 0.005122 0.013426
0 0.178429 0.078164 0.005122 0.013426
0 0.178125 0.078009 0.005382 0.013735
0 0.177734 0.077623 0.005642 0.013889
0 0.177474 0.077623 0.005642 0.013889
0 0.177214 0.077623 0.005642 0.013889
0 0.176997 0.077778 0.005556 0.014198
0 0.176736 0.078009 0.005556 0.014660
0 0.176519 0.078009 0.005642 0.014660
0 0.176389 0.078241 0.005382 0.015123
0 0.176128 0.078472 0.005382 0.015586
0 0.175868 0.078472 0.005382 0.015586
0 0.175651 0.078704 0.005295 0.016049
0 0.175434 0.078935 0.005382 0.016512
0 0.175304 0.079090 0.005122 0.016821
0 0.175043 0.079090 0.005122 0.016821
0 0.174913 0.079321 0.005382 0.016358
0 0.174653 0.079321 0.005382 0.016358
0 0.174566 0.079707 0.005556 0.016512
0 0.174436 0.079938 0.005295 0.016049
0 0.174306 0.079938 0.005556 0.016049
0 0.174089 0.080401 0.005642 0.016049
0 0.173958 0.080401 0.005903 0.016049
0 0.173698 0.080633 0.005903 0.015586
0 0.173698 0.081096 0.005903 0.015586
0 0.173307 0.080864 0.005642 0.016049
0 0.173090 0.080864 0.005556 0.016049
0 0.172873 0.081096 0.005642 0.016512
0 0.172613 0.081096 0.005642 0.016512
0 0.172352 0.081250 0.005642 0.016821
0 0.172092 0.081250 0.005642 0.016821
0 0.171875 0.081250 0.005556 0.016821
0 0.171615 0.081481 0.005556 0.017284
0 0.171398 0.081481 0.005642 0.017284
0 0.171267 0.081713 0.005382 0.017747
0 0.171267 0.081713 0.005382 0.017747
0 0.171267 0.081713 0.005382 0.017747
0 0.171267 0.081713 0.005382 0.017747
0 0.171267 0.081713 0.005382 0.017747
0 0.171267 0.081713 0.005382 0.017747
0 0.171267 0.081713 0.005382 0.017747
0 0.171267 0.081713 0.005382 0.017747
0 0.171267 0.081713 0.005382 0.017747
0 0.171267 0.081713 0.005382 0.017747
0 0.171267 0.081713 0.005382 0.017747
0 0.171267 0.081713 0.005382 0.017747
0 0.171528 0.081713 0.005382 0.017747
0 0.171528 0.081713 0.005382 0.017747
0 0.171745 0.081713 0.005295 0.017747
0 0.171962 0.082176 0.005382 0.017747
0 0.171962 0.082176 0.005382 0.017747
0 0.172222 0.082176 0.005382 0.017747
0 0.172222 0.082176 0.005382 0.017747
0 0.172483 0.082176 0.005382 0.017747
0 0.172743 0.082562 0.005382 0.017901
0 0.172352 0.082793 0.005122 0.017438
0 0.172092 0.083179 0.005122 0.017284
0 0.171832 0.083642 0.005122 0.017284
0 0.171615 0.083873 0.004687 0.016821
0 0.171398 0.084491 0.004601 0.016512
0 0.171137 0.084954 0.004601 0.016512
0 0.170920 0.085185 0.004167 0.016049
0 0.170660 0.085648 0.004167 0.016049
0 0.170399 0.086111 0.004167 0.016049
0 0.170269 0.086651 0.003906 0.015586
0 0.170009 0.086265 0.003906 0.015741
0 0.169922 0.086111 0.004080 0.016049
0 0.169792 0.086111 0.004340 0.016049
0 0.169661 0.085880 0.004601 0.016512
0 0.169661 0.085880 0.004601 0.016512
0 0.169444 0.085648 0.004687 0.016975
0 0.169314 0.085417 0.004948 0.017438
0 0.169227 0.085417 0.005122 0.017438
0 0.169097 0.085185 0.005382 0.017901
0 0.169097 0.085185 0.005382 0.017901
0 0.169097 0.085185 0.005382 0.017901
0 0.169097 0.085185 0.005382 0.017901
0 0.169097 0.085185 0.005382 0.017901
0 0.169097 0.085185 0.005382 0.017901
0 0.169097 0.085185 0.005382 0.017901
0 0.169097 0.085185 0.005382 0.017901
0 0.169097 0.085185 0.005382 0.017901
0 0.169097 0.085185 0.005382 0.017901
0 0.169097 0.085185 0.005382 0.017901
0 0.169097 0.085185 0.005382 0.017901
0 0.168837 0.084722 0.005382 0.017901
0 0.168576 0.084722 0.005382 0.017901
0 0.168316 0.084722 0.005382 0.017901
0 0.168056 0.084722 0.005382 0.017901
0 0.167839 0.084722 0.005295 0.017901
0 0.167622 0.084722 0.005382 0.017901
0 0.167361 0.084722 0.005382 0.017901
0 0.167101 0.084722 0.005382 0.017901
0 0.166840 0.084722 0.005382 0.017901
0 0.166623 0.084722 0.005295 0.017901
0 0.166406 0.084722 0.005382 0.017901
0 0.166406 0.084722 0.005382 0.017901
0 0.166146 0.084722 0.005382 0.017901
0 0.166146 0.084722 0.005382 0.017901
0 0.165885 0.084722 0.005382 0.017901
0 0.165885 0.084722 0.005382 0.017901
0 0.165625 0.084722 0.005382 0.017901
0 0.165625 0.084722 0.005382 0.017901
0 0.165408 0.084722 0.005295 0.017901
0 0.165408 0.085185 0.005295 0.017901
0 0.165885 0.085185 0.005382 0.017901
0 0.166406 0.085185 0.005382 0.017901
0 0.167101 0.085185 0.005382 0.017901
0 0.167622 0.085185 0.005382 0.017901
0 0.168316 0.085185 0.005382 0.017901
0 0.168837 0.085185 0.005382 0.017901
0 0.169314 0.085185 0.005295 0.017901
0 0.170052 0.085185 0.005382 0.017901
0 0.170530 0.085185 0.005295 0.017901
0 0.171267 0.085185 0.005382 0.017901
