0 0.088889 0.212731 0.008507 0.009105
0 0.088889 0.212731 0.008507 0.009105
0 0.088889 0.212731 0.008507 0.009105
0 0.088889 0.212731 0.008507 0.009105
0 0.088889 0.212731 0.008507 0.009105
0 0.088889 0.212731 0.008507 0.009105
0 0.088889 0.212731 0.008507 0.009105
0 0.088889 0.212731 0.008507 0.009105
0 0.088889 0.212731 0.008507 0.009105
0 0.088889 0.212731 0.008507 0.009105
0 0.088889 0.212731 0.008507 0.009105
0 0.088889 0.212731 0.008507 0.009105
0 0.088889 0.212731 0.008507 0.009105
0 0.088889 0.212731 0.008507 0.009105
0 0.088889 0.212731 0.008507 0.009105
0 0.088889 0.212731 0.008507 0.009105
0 0.088889 0.212731 0.008507 0.009105
0 0.088889 0.212731 0.008507 0.009105
0 0.088889 0.212731 0.008507 0.009105
0 0.088889 0.212731 0.008507 0.009105
0 0.088889 0.212731 0.008507 0.009105
0 0.088889 0.212731 0.008507 0.009105
0 0.088889 0.212731 0.008507 0.009105
0 0.088889 0.212731 0.008507 0.009105
0 0.088889 0.212731 0.008507 0.009105
0 0.088889 0.212731 0.008507 0.009105
0 0.088889 0.212731 0.008507 0.009105
0 0.088889 0.212731 0.008507 0.009105
0 0.088889 0.212731 0.008507 0.009105
0 0.088889 0.212731 0.008507 0.009105
0 0.088889 0.212731 0.008507 0.009105
0 0.088889 0.212731 0.008507 0.009105
0 0.088889 0.212731 0.008507 0.009105
0 0.088889 0.212731 0.008507 0.009105
0 0.088889 0.212731 0.008507 0.009105
0 0.088889 0.212731 0.008507 0.009105
0 0.088889 0.212731 0.008507 0.009105
0 0.088889 0.212731 0.008507 0.009105
0 0.088889 0.212731 0.008507 0.009105
0 0.088889 0.212731 0.008507 0.009105
0 0.088889 0.212731 0.008507 0.009105
0 0.088889 0.212731 0.008507 0.009105
0 0.088889 0.212731 0.008507 0.009105
0 0.088889 0.212731 0.008507 0.009105
0 0.088889 0.212731 0.008507 0.009105
0 0.088889 0.212731 0.008507 0.009105
0 0.088889 0.212731 0.008507 0.009105
0 0.088889 0.212731 0.008507 0.009105
0 0.088889 0.212731 0.008507 0.009105
0 0.088889 0.212731 0.008507 0.009105
0 0.088889 0.212731 0.008507 0.009105
0 0.088672 0.212731 0.008594 0.009105
0 0.088411 0.212731 0.008594 0.009105
0 0.088194 0.212731 0.008507 0.009105
0 0.088194 0.212731 0.008507 0.009105
0 0.087934 0.212731 0.008507 0.009105
0 0.087674 0.212731 0.008507 0.009105
0 0.087674 0.212731 0.008507 0.009105
0 0.087413 0.212731 0.008507 0.009105
0 0.087196 0.212731 0.008594 0.009105
0 0.087196 0.213194 0.008594 0.009105
0 0.087196 0.213194 0.008594 0.009105
0 0.087196 0.213194 0.008594 0.009105
0 0.087196 0.213194 0.008594 0.009105
0 0.087196 0.213194 0.008594 0.009105
0 0.087196 0.213194 0.008594 0.009105
0 0.087196 0.213194 0.008594 0.009105
0 0.087196 0.213194 0.008594 0.009105
0 0.087196 0.213194 0.008594 0.009105
0 0.087196 0.213194 0.008594 0.009105
0 0.087196 0.213194 0.008594 0.009105
0 0.087196 0.213194 0.008594 0.009105
0 0.087196 0.213194 0.008594 0.009105
0 0.087196 0.213503 0.008594 0.009105
0 0.087196 0.213503 0.008594 0.009105
0 0.087413 0.213966 0.008507 0.009105
0 0.087413 0.213966 0.008507 0.009105
0 0.087413 0.213966 0.008507 0.009105
0 0.087413 0.214429 0.008507 0.009105
0 0.087413 0.214429 0.008507 0.009105
0 0.087674 0.214892 0.008507 0.009105
0 0.087674 0.214892 0.008507 0.009105
0 0.087674 0.215355 0.008507 0.009105
0 0.087674 0.215355 0.008507 0.009105
0 0.087674 0.215818 0.008507 0.009105
0 0.087674 0.215818 0.008507 0.009105
0 0.087674 0.216127 0.008507 0.009105
0 0.087674 0.216127 0.008507 0.009105
0 0.087674 0.216590 0.008507 0.009105
0 0.087674 0.216590 0.008507 0.009105
0 0.087674 0.217052 0.008507 0.009105
0 0.087674 0.217052 0.008507 0.009105
0 0.087674 0.217052 0.008507 0.009105
0 0.087674 0.217052 0.008507 0.009105
0 0.087674 0.217052 0.008507 0.009105
0 0.087934 0.217052 0.008507 0.009105
0 0.087934 0.217052 0.008507 0.009105
0 0.087934 0.217052 0.008507 0.009105
0 0.087934 0.217052 0.008507 0.009105
0 0.087934 0.217052 0.008507 0.009105
0 0.088194 0.217515 0.008507 0.009105
0 0.087934 0.217515 0.008507 0.009105
0 0.087934 0.217978 0.008507 0.009105
0 0.087934 0.217978 0.008507 0.009105
0 0.087934 0.218287 0.008507 0.009105
0 0.087934 0.218750 0.008507 0.009105
0 0.087934 0.218750 0.008507 0.009105
0 0.087934 0.219213 0.008507 0.009105
0 0.087934 0.219213 0.008507 0.009105
0 0.087934 0.219676 0.008507 0.009105
0 0.087934 0.220139 0.008507 0.009105
0 0.087934 0.220139 0.008507 0.009105
0 0.087934 0.220139 0.008507 0.009105
0 0.087934 0.220139 0.008507 0.009105
0 0.087934 0.220139 0.008507 0.009105
0 0.087934 0.220139 0.008507 0.009105
0 0.087934 0.220139 0.008507 0.009105
0 0.087934 0.220139 0.008507 0.009105
0 0.087934 0.220139 0.008507 0.009105
0 0.087934 0.220139 0.008507 0.009105
0 0.087934 0.220139 0.008507 0.009105
0 0.087674 0.220293 0.008507 0.009414
0 0.087674 0.220679 0.008507 0.009568
0 0.087674 0.221142 0.008507 0.009568
0 0.087674 0.221836 0.008507 0.010031
0 0.087674 0.222299 0.008507 0.010031
0 0.087543 0.222685 0.008247 0.009877
0 0.087543 0.223302 0.008247 0.010494
0 0.087543 0.223765 0.008247 0.010494
0 0.087543 0.224228 0.008247 0.010494
0 0.087543 0.224846 0.008247 0.010802
0 0.087326 0.225309 0.008333 0.010802
0 0.087326 0.225772 0.008333 0.010802
0 0.087326 0.226157 0.008333 0.010957
0 0.087326 0.226543 0.008333 0.010802
0 0.087326 0.227006 0.008333 0.010802
0 0.087066 0.227469 0.008333 0.010802
0 0.087066 0.227932 0.008333 0.010802
0 0.087066 0.228318 0.008333 0.010957
0 0.087066 0.228781 0.008333 0.010957
0 0.087066 0.229630 0.008333 0.010802
0 0.087066 0.229630 0.008333 0.010802
0 0.087196 0.230093 0.008073 0.010802
0 0.087457 0.230093 0.008073 0.010802
0 0.087587 0.230478 0.007812 0.010957
0 0.087804 0.230710 0.007726 0.010494
0 0.087804 0.230941 0.007726 0.010957
0 0.087891 0.231173 0.007552 0.010494
0 0.088151 0.231327 0.007552 0.010802
0 0.088281 0.231559 0.007292 0.010340
0 0.088542 0.232022 0.007292 0.010340
0 0.088281 0.232022 0.007292 0.010340
0 0.088281 0.232485 0.007292 0.010340
0 0.088151 0.232870 0.007031 0.010494
0 0.088151 0.233333 0.007031 0.010494
0 0.088151 0.233719 0.007031 0.010340
0 0.088064 0.233951 0.006858 0.009877
0 0.088064 0.234414 0.006858 0.009877
0 0.087934 0.234799 0.006597 0.010031
0 0.087934 0.235262 0.006597 0.010031
0 0.087934 0.235725 0.006597 0.010031
0 0.087934 0.236111 0.006597 0.009877
0 0.087934 0.236574 0.006597 0.009877
0 0.087934 0.236960 0.006597 0.010031
0 0.088194 0.237423 0.006597 0.010031
0 0.088194 0.237886 0.006597 0.010031
0 0.088194 0.238349 0.006597 0.010031
0 0.088411 0.238735 0.006510 0.009877
0 0.088411 0.239198 0.006510 0.009877
0 0.088411 0.239583 0.006510 0.010031
0 0.088628 0.240509 0.006597 0.010031
0 0.088411 0.240509 0.006510 0.010031
0 0.088194 0.240895 0.006597 0.009877
0 0.087934 0.241358 0.006597 0.009877
0 0.087934 0.241358 0.006597 0.009877
0 0.087674 0.241744 0.006597 0.010031
0 0.087413 0.242207 0.006597 0.010031
0 0.087413 0.242207 0.006597 0.010031
0 0.087196 0.242670 0.006510 0.010031
0 0.086979 0.243056 0.006597 0.009877
0 0.086979 0.243519 0.006597 0.009877
