0 0.331207 0.283256 0.003212 0.011265
0 0.331120 0.282793 0.003385 0.011265
0 0.330990 0.282793 0.003646 0.011265
0 0.330859 0.282793 0.003906 0.011265
0 0.330729 0.282793 0.004167 0.011265
0 0.330599 0.282793 0.004427 0.011265
0 0.330469 0.282793 0.004687 0.011265
0 0.330382 0.282793 0.004861 0.011265
0 0.330252 0.282793 0.005122 0.011265
0 0.330122 0.282793 0.005382 0.011265
0 0.330122 0.282793 0.005382 0.011265
0 0.329861 0.282330 0.005382 0.011265
0 0.329861 0.281867 0.005382 0.011265
0 0.329731 0.281867 0.005642 0.011265
0 0.329731 0.281404 0.005642 0.011265
0 0.329644 0.281404 0.005816 0.011265
0 0.329644 0.281096 0.005816 0.011265
0 0.329514 0.280633 0.006076 0.011265
0 0.329514 0.280633 0.006076 0.011265
0 0.329384 0.280170 0.006337 0.011265
0 0.329384 0.280170 0.006337 0.011265
0 0.329123 0.279938 0.006858 0.010802
0 0.329036 0.279938 0.007031 0.010802
0 0.328906 0.279707 0.007292 0.010340
0 0.328776 0.279707 0.007552 0.010340
0 0.328646 0.279707 0.007812 0.010340
0 0.328516 0.279552 0.008073 0.010031
0 0.328385 0.279552 0.008333 0.010031
0 0.328299 0.279321 0.008507 0.009568
0 0.328168 0.279321 0.008767 0.009568
0 0.328168 0.279321 0.009288 0.009568
0 0.327908 0.278858 0.009288 0.009568
0 0.327908 0.278395 0.009288 0.009568
0 0.327648 0.278395 0.009288 0.009568
0 0.327648 0.278009 0.009288 0.009414
0 0.327648 0.278009 0.009288 0.009414
0 0.327431 0.277623 0.009201 0.009568
0 0.327431 0.277160 0.009201 0.009568
0 0.327214 0.277160 0.009288 0.009568
0 0.327214 0.276698 0.009288 0.009568
0 0.327214 0.276698 0.009288 0.009568
0 0.326823 0.276466 0.009549 0.010031
0 0.326606 0.276235 0.009983 0.010494
0 0.326345 0.276080 0.009983 0.010802
0 0.326085 0.276080 0.010503 0.010802
0 0.325955 0.275849 0.010764 0.011265
0 0.325608 0.275617 0.010937 0.011728
0 0.325347 0.275617 0.011458 0.011728
0 0.325087 0.275386 0.011458 0.012191
0 0.324870 0.275154 0.011892 0.012654
0 0.324740 0.275386 0.012153 0.013117
0 0.324740 0.275386 0.012153 0.013117
0 0.324740 0.275386 0.012153 0.013117
0 0.324740 0.275386 0.012153 0.013117
0 0.324740 0.275386 0.012153 0.013117
0 0.324740 0.275386 0.012153 0.013117
0 0.324740 0.275386 0.012153 0.013117
0 0.324740 0.275386 0.012153 0.013117
0 0.324740 0.275386 0.012153 0.013117
0 0.324740 0.275386 0.012153 0.013117
0 0.324740 0.275386 0.012153 0.013117
0 0.324740 0.275386 0.012153 0.013117
0 0.324740 0.275386 0.012153 0.013117
0 0.324740 0.275386 0.012153 0.013117
0 0.324740 0.275386 0.012153 0.013117
0 0.324740 0.275386 0.012153 0.013117
0 0.324740 0.275386 0.012153 0.013117
0 0.324740 0.275386 0.012153 0.013117
0 0.324740 0.275386 0.012153 0.013117
0 0.324740 0.275386 0.012153 0.013117
0 0.324740 0.275386 0.012153 0.013117
0 0.324523 0.275000 0.012240 0.012963
0 0.324262 0.275000 0.012240 0.012963
0 0.324262 0.275000 0.012240 0.012963
0 0.324002 0.274537 0.012240 0.012963
0 0.324002 0.274537 0.012240 0.012963
0 0.323785 0.274537 0.012153 0.012963
0 0.323524 0.274074 0.012153 0.012963
0 0.323524 0.274074 0.012153 0.012963
0 0.323307 0.274074 0.012240 0.012963
0 0.323307 0.274074 0.012240 0.012963
0 0.323307 0.274074 0.012240 0.012963
0 0.323307 0.274074 0.012240 0.012963
0 0.323307 0.274074 0.012240 0.012963
0 0.323307 0.274074 0.012240 0.012963
0 0.323307 0.274074 0.012240 0.012963
0 0.323307 0.274074 0.012240 0.012963
0 0.323307 0.274074 0.012240 0.012963
0 0.323307 0.274074 0.012240 0.012963
0 0.323307 0.274074 0.012240 0.012963
0 0.323307 0.274074 0.012240 0.012963
0 0.323307 0.274074 0.012240 0.012963
0 0.323307 0.274074 0.012240 0.012963
0 0.323307 0.274074 0.012240 0.012963
0 0.323307 0.274074 0.012240 0.012963
0 0.323307 0.274074 0.012240 0.012963
0 0.323307 0.274074 0.012240 0.012963
0 0.323307 0.274074 0.012240 0.012963
0 0.323307 0.274074 0.012240 0.012963
0 0.323307 0.274074 0.012240 0.012963
0 0.323307 0.274074 0.012240 0.012963
0 0.323307 0.274074 0.012240 0.012963
0 0.323307 0.274074 0.012240 0.012963
0 0.323307 0.274074 0.012240 0.012963
0 0.323307 0.274074 0.012240 0.012963
0 0.323307 0.274074 0.012240 0.012963
0 0.323307 0.274074 0.012240 0.012963
0 0.323307 0.274074 0.012240 0.012963
0 0.323307 0.274074 0.012240 0.012963
0 0.323307 0.274074 0.012240 0.012963
0 0.323307 0.274074 0.012240 0.012963
0 0.323307 0.273843 0.012240 0.012500
0 0.323307 0.273843 0.012240 0.012500
0 0.323307 0.273843 0.012240 0.012500
0 0.323307 0.273843 0.012240 0.012500
0 0.323307 0.273843 0.012240 0.012500
0 0.323307 0.273843 0.012240 0.012500
0 0.323307 0.273843 0.012240 0.012500
0 0.323307 0.273843 0.012240 0.012500
0 0.323307 0.273843 0.012240 0.012500
0 0.323307 0.273843 0.012240 0.012500
0 0.323177 0.273688 0.011979 0.012191
0 0.323177 0.273457 0.011979 0.011728
0 0.323177 0.273225 0.011979 0.011265
0 0.323047 0.272994 0.011719 0.010802
0 0.323047 0.272994 0.011719 0.010802
0 0.323047 0.272762 0.011719 0.010340
0 0.322917 0.272608 0.011458 0.010031
0 0.322917 0.272377 0.011458 0.009568
0 0.322917 0.272145 0.011458 0.009105
0 0.323047 0.272145 0.011198 0.009105
0 0.322786 0.271914 0.011198 0.009568
0 0.322786 0.271914 0.011198 0.009568
0 0.322786 0.271914 0.011198 0.009568
0 0.322786 0.271914 0.011198 0.009568
0 0.322786 0.271914 0.011198 0.009568
0 0.322786 0.271914 0.011198 0.009568
0 0.322786 0.271914 0.011198 0.009568
0 0.322786 0.271914 0.011198 0.009568
0 0.322786 0.271914 0.011198 0.009568
0 0.322786 0.271914 0.011198 0.009568
0 0.322786 0.271914 0.011198 0.009568
0 0.322786 0.271914 0.011198 0.009568
0 0.322786 0.271914 0.011198 0.009568
0 0.322786 0.271914 0.011198 0.009568
0 0.322786 0.271914 0.011198 0.009568
0 0.322786 0.271914 0.011198 0.009568
0 0.322786 0.271914 0.011198 0.009568
0 0.322786 0.271914 0.011198 0.009568
0 0.322786 0.271914 0.011198 0.009568
0 0.322786 0.271914 0.011198 0.009568
0 0.322786 0.271451 0.011198 0.009568
0 0.323047 0.271451 0.011198 0.009568
0 0.323307 0.271451 0.011198 0.009568
0 0.323524 0.271065 0.011285 0.009414
0 0.323785 0.271065 0.011285 0.009414
0 0.324002 0.271065 0.011198 0.009414
0 0.324262 0.270679 0.011198 0.009568
0 0.324523 0.270679 0.011198 0.009568
0 0.324740 0.270679 0.011285 0.009568
0 0.325000 0.270679 0.011285 0.009568
0 0.325000 0.270216 0.011285 0.009568
0 0.325000 0.270216 0.011285 0.009568
0 0.325000 0.270216 0.011285 0.009568
0 0.325000 0.270216 0.011285 0.009568
0 0.325000 0.270216 0.011285 0.009568
0 0.325000 0.270216 0.011285 0.009568
0 0.325000 0.270216 0.011285 0.009568
0 0.325000 0.270216 0.011285 0.009568
0 0.325000 0.270216 0.011285 0.009568
0 0.325000 0.270216 0.011285 0.009568
0 0.325000 0.269753 0.011285 0.009568
0 0.325217 0.269753 0.011198 0.009568
0 0.325477 0.269753 0.011198 0.009568
0 0.325738 0.269753 0.011198 0.009568
0 0.325998 0.269753 0.011198 0.009568
0 0.326215 0.269290 0.011285 0.009568
0 0.326432 0.269290 0.011198 0.009568
0 0.326693 0.269290 0.011198 0.009568
0 0.326953 0.269290 0.011198 0.009568
0 0.327214 0.269290 0.011198 0.009568
