0 0.171875 0.162346 0.004167 0.007407
0 0.171875 0.162346 0.004167 0.007407
0 0.171875 0.162346 0.004167 0.007407
0 0.171875 0.162346 0.004167 0.007407
0 0.171875 0.162346 0.004167 0.007407
0 0.171875 0.162346 0.004167 0.007407
0 0.171875 0.162346 0.004167 0.007407
0 0.171875 0.162346 0.004167 0.007407
0 0.171875 0.162346 0.004167 0.007407
0 0.171875 0.162346 0.004167 0.007407
0 0.171875 0.162346 0.004167 0.007407
0 0.171615 0.161960 0.004167 0.007253
0 0.171615 0.161960 0.004167 0.007253
0 0.171615 0.161574 0.004167 0.007407
0 0.171615 0.161574 0.004167 0.007407
0 0.171615 0.161574 0.004167 0.007407
0 0.171354 0.161111 0.004167 0.007407
0 0.171354 0.161111 0.004167 0.007407
0 0.171354 0.160648 0.004167 0.007407
0 0.171354 0.160648 0.004167 0.007407
0 0.171354 0.160648 0.004167 0.007407
0 0.171354 0.160648 0.004167 0.007407
0 0.171354 0.160648 0.004167 0.007407
0 0.171354 0.160648 0.004167 0.007407
0 0.171354 0.160648 0.004167 0.007407
0 0.171354 0.160648 0.004167 0.007407
0 0.171354 0.160648 0.004167 0.007407
0 0.171354 0.160648 0.004167 0.007407
0 0.171354 0.160648 0.004167 0.007407
0 0.171354 0.160648 0.004167 0.007407
0 0.171354 0.160648 0.004167 0.007407
0 0.171354 0.160648 0.004167 0.007407
0 0.171354 0.160648 0.004167 0.007407
0 0.171354 0.160648 0.004167 0.007407
0 0.171354 0.160648 0.004167 0.007407
0 0.171354 0.160648 0.004167 0.007407
0 0.171354 0.160648 0.004167 0.007407
0 0.171354 0.160648 0.004167 0.007407
0 0.171354 0.160648 0.004167 0.007407
0 0.171354 0.160648 0.004167 0.007407
0 0.171354 0.160648 0.004167 0.007407
0 0.171354 0.160648 0.004167 0.007407
0 0.171354 0.160648 0.004167 0.007407
0 0.171354 0.160648 0.004167 0.007407
0 0.171354 0.160648 0.004167 0.007407
0 0.171354 0.160648 0.004167 0.007407
0 0.171354 0.160648 0.004167 0.007407
0 0.171354 0.160648 0.004167 0.007407
0 0.171354 0.160648 0.004167 0.007407
0 0.171354 0.160648 0.004167 0.007407
0 0.171354 0.160648 0.004167 0.007407
0 0.171354 0.160648 0.004167 0.007407
0 0.171354 0.160648 0.004167 0.007407
0 0.171354 0.160648 0.004167 0.007407
0 0.171354 0.160648 0.004167 0.007407
0 0.171354 0.160648 0.004167 0.007407
0 0.171354 0.160648 0.004167 0.007407
0 0.171354 0.160648 0.004167 0.007407
0 0.171354 0.160648 0.004167 0.007407
0 0.171354 0.160648 0.004167 0.007407
0 0.171354 0.160648 0.004167 0.007407
0 0.171354 0.160648 0.004167 0.007407
0 0.171354 0.160648 0.004167 0.007407
0 0.171354 0.160648 0.004167 0.007407
0 0.171354 0.160648 0.004167 0.007407
0 0.171354 0.160648 0.004167 0.007407
0 0.171354 0.160648 0.004167 0.007407
0 0.171354 0.160648 0.004167 0.007407
0 0.171354 0.160648 0.004167 0.007407
0 0.171354 0.160648 0.004167 0.007407
0 0.171354 0.160648 0.004167 0.007407
0 0.171354 0.160648 0.004167 0.007407
0 0.171354 0.160648 0.004167 0.007407
0 0.171354 0.160648 0.004167 0.007407
0 0.171354 0.160648 0.004167 0.007407
0 0.171354 0.160648 0.004167 0.007407
0 0.171354 0.160648 0.004167 0.007407
0 0.171354 0.160648 0.004167 0.007407
0 0.171354 0.160648 0.004167 0.007407
0 0.171354 0.160648 0.004167 0.007407
0 0.171354 0.160648 0.004167 0.007407
0 0.171354 0.160648 0.004167 0.007407
0 0.171354 0.160648 0.004167 0.007407
0 0.171354 0.160648 0.004167 0.007407
0 0.171354 0.160648 0.004167 0.007407
0 0.171354 0.160648 0.004167 0.007407
0 0.171354 0.160648 0.004167 0.007407
0 0.171354 0.160648 0.004167 0.007407
0 0.171354 0.160648 0.004167 0.007407
0 0.171354 0.160648 0.004167 0.007407
0 0.171354 0.160648 0.004167 0.007407
0 0.171354 0.160648 0.004167 0.007407
0 0.171354 0.160648 0.004167 0.007407
0 0.171354 0.160648 0.004167 0.007407
0 0.171354 0.160648 0.004167 0.007407
0 0.171354 0.160648 0.004167 0.007407
0 0.171354 0.160648 0.004167 0.007407
0 0.171354 0.160648 0.004167 0.007407
0 0.171354 0.160648 0.004167 0.007407
0 0.171354 0.160648 0.004167 0.007407
0 0.171354 0.160648 0.004167 0.007407
0 0.171354 0.160648 0.004167 0.007407
0 0.171354 0.160648 0.004167 0.007407
0 0.171354 0.160648 0.004167 0.007407
0 0.171354 0.160648 0.004167 0.007407
0 0.171354 0.160648 0.004167 0.007407
0 0.171354 0.160648 0.004167 0.007407
0 0.171354 0.160648 0.004167 0.007407
0 0.171354 0.160648 0.004167 0.007407
0 0.171354 0.160648 0.004167 0.007407
0 0.171354 0.160648 0.004167 0.007407
0 0.171354 0.160648 0.004167 0.007407
0 0.171354 0.160648 0.004167 0.007407
0 0.171354 0.160648 0.004167 0.007407
0 0.171354 0.160648 0.004167 0.007407
0 0.171354 0.160648 0.004167 0.007407
0 0.171354 0.160648 0.004167 0.007407
0 0.171354 0.160648 0.004167 0.007407
0 0.171354 0.160648 0.004167 0.007407
0 0.171354 0.160648 0.004167 0.007407
0 0.171354 0.160648 0.004167 0.007407
0 0.171354 0.160648 0.004167 0.007407
0 0.171484 0.160648 0.003906 0.007407
0 0.171615 0.160880 0.004167 0.007870
0 0.171745 0.160880 0.003906 0.007870
0 0.171875 0.161111 0.004167 0.008333
0 0.172005 0.161111 0.003906 0.008333
0 0.172005 0.161111 0.003906 0.008333
0 0.172266 0.161265 0.003906 0.008642
0 0.172266 0.161265 0.003906 0.008642
0 0.172439 0.161497 0.003906 0.009105
0 0.172439 0.161497 0.003906 0.009105
0 0.172439 0.161728 0.003906 0.008642
0 0.172569 0.161960 0.004167 0.009105
0 0.172700 0.162191 0.003906 0.008642
0 0.172830 0.162423 0.004167 0.009105
0 0.172830 0.162654 0.004167 0.008642
0 0.172960 0.162654 0.003906 0.008642
0 0.173090 0.163040 0.004167 0.008796
0 0.173090 0.163040 0.004167 0.008796
0 0.173351 0.163426 0.004167 0.008642
0 0.173351 0.163272 0.004167 0.008333
0 0.173481 0.163272 0.004427 0.008333
0 0.173568 0.163272 0.004601 0.008333
0 0.173698 0.163272 0.004861 0.008333
0 0.173958 0.163272 0.004861 0.008333
0 0.174089 0.163272 0.005122 0.008333
0 0.174219 0.163272 0.005382 0.008333
0 0.174306 0.163272 0.005556 0.008333
0 0.174436 0.163272 0.005816 0.008333
0 0.174696 0.163272 0.005816 0.008333
0 0.174696 0.163426 0.005816 0.008642
0 0.174783 0.164120 0.005642 0.009105
0 0.174783 0.164352 0.005642 0.009568
0 0.174913 0.164969 0.005382 0.009877
0 0.175043 0.165432 0.005642 0.009877
0 0.175174 0.165895 0.005382 0.010802
0 0.175174 0.166281 0.005382 0.010957
0 0.175304 0.166667 0.005122 0.011728
0 0.175304 0.167130 0.005122 0.011728
0 0.175564 0.167824 0.005122 0.012191
0 0.175564 0.168056 0.005122 0.011728
0 0.175564 0.168287 0.005122 0.011265
0 0.175564 0.168673 0.005122 0.011420
0 0.175651 0.169136 0.004948 0.010494
0 0.175738 0.169522 0.005122 0.010340
0 0.175738 0.169753 0.005122 0.009877
0 0.175868 0.170139 0.004861 0.009105
0 0.175868 0.170602 0.004861 0.009105
0 0.175868 0.170833 0.004861 0.008642
0 0.176128 0.171528 0.004861 0.008179
0 0.176128 0.171759 0.004861 0.008642
0 0.176389 0.172299 0.004861 0.009105
0 0.176649 0.172531 0.004861 0.009568
0 0.176736 0.173225 0.004687 0.010031
0 0.176997 0.173843 0.004687 0.010340
0 0.177083 0.174074 0.004861 0.010802
0 0.177214 0.174769 0.004601 0.011265
0 0.177474 0.175000 0.004601 0.011728
0 0.177734 0.175617 0.004601 0.012037
0 0.177995 0.176235 0.004601 0.012654
