0 0.244575 0.191667 0.005642 0.018210
0 0.243880 0.191204 0.005642 0.018210
0 0.243099 0.191204 0.005642 0.018210
0 0.242405 0.190741 0.005642 0.018210
0 0.241667 0.190741 0.005556 0.018210
0 0.240929 0.190741 0.005642 0.018210
0 0.240191 0.190432 0.005556 0.018210
0 0.239453 0.190432 0.005642 0.018210
0 0.238759 0.189969 0.005642 0.018210
0 0.237977 0.189969 0.005642 0.018210
0 0.237500 0.189969 0.005556 0.018210
0 0.237023 0.189506 0.005642 0.018210
0 0.236545 0.189506 0.005556 0.018210
0 0.236285 0.189043 0.005556 0.018210
0 0.235807 0.189043 0.005642 0.018210
0 0.235547 0.189043 0.005642 0.018210
0 0.235069 0.188580 0.005556 0.018210
0 0.234592 0.188580 0.005642 0.018210
0 0.234332 0.188194 0.005642 0.018364
0 0.233854 0.188194 0.005556 0.018364
0 0.233594 0.188194 0.005556 0.018364
0 0.233377 0.188194 0.005642 0.018364
0 0.233116 0.188194 0.005642 0.018364
0 0.232856 0.188194 0.005642 0.018364
0 0.232639 0.188194 0.005556 0.018364
0 0.232639 0.188194 0.005556 0.018364
0 0.232378 0.188194 0.005556 0.018364
0 0.232161 0.188194 0.005642 0.018364
0 0.231901 0.188194 0.005642 0.018364
0 0.231641 0.188194 0.005642 0.018364
0 0.231641 0.188580 0.005642 0.018210
0 0.230946 0.188194 0.005642 0.018364
0 0.230295 0.188194 0.005903 0.018364
0 0.229601 0.187809 0.005903 0.018210
0 0.228993 0.187809 0.006076 0.018210
0 0.228342 0.187809 0.006337 0.018210
0 0.227648 0.187346 0.006337 0.018210
0 0.226997 0.187346 0.006597 0.018210
0 0.226302 0.186883 0.006597 0.018210
0 0.225651 0.186883 0.006858 0.018210
0 0.225087 0.186883 0.007118 0.018210
0 0.224219 0.186034 0.006771 0.018364
0 0.223481 0.185648 0.006858 0.018210
0 0.222743 0.184954 0.006771 0.017747
0 0.221875 0.184491 0.006597 0.017747
0 0.221181 0.184028 0.006597 0.017747
0 0.220399 0.183256 0.006597 0.017747
0 0.219575 0.182793 0.006337 0.017747
0 0.218880 0.182099 0.006337 0.017284
0 0.218099 0.181713 0.006337 0.017438
0 0.217491 0.181250 0.006163 0.017438
0 0.216536 0.180864 0.006163 0.017284
0 0.215668 0.180401 0.006337 0.017284
0 0.214714 0.180170 0.006337 0.016821
0 0.213845 0.179938 0.006510 0.017284
0 0.213108 0.179784 0.006597 0.016975
0 0.212153 0.179321 0.006597 0.016975
0 0.211285 0.179090 0.006771 0.017438
0 0.210286 0.178858 0.006858 0.016975
0 0.209462 0.178395 0.007118 0.016975
0 0.208724 0.178395 0.007031 0.016975
0 0.207726 0.178009 0.007118 0.016821
0 0.207031 0.177546 0.007118 0.016821
0 0.206293 0.177160 0.007031 0.016975
0 0.205556 0.177160 0.007118 0.016975
0 0.204818 0.176698 0.007031 0.016975
0 0.203819 0.176235 0.007118 0.016975
0 0.203125 0.176235 0.007118 0.016975
0 0.202387 0.175849 0.007031 0.016821
0 0.201649 0.175386 0.007118 0.016821
0 0.200911 0.175386 0.007031 0.016821
0 0.201172 0.175000 0.007031 0.016975
0 0.201389 0.175000 0.007118 0.016975
0 0.201649 0.175000 0.007118 0.016975
0 0.202127 0.175000 0.007031 0.016975
0 0.202387 0.175000 0.007031 0.016975
0 0.202604 0.175000 0.007118 0.016975
0 0.203125 0.175000 0.007118 0.016975
0 0.203342 0.175000 0.007031 0.016975
0 0.203602 0.175000 0.007031 0.016975
0 0.204080 0.175000 0.007118 0.016975
0 0.203819 0.174537 0.007118 0.016975
0 0.203602 0.174537 0.007031 0.016975
0 0.203342 0.174074 0.007031 0.016975
0 0.203125 0.174074 0.007118 0.016975
0 0.203125 0.174074 0.007118 0.016975
0 0.202865 0.173688 0.007118 0.016821
0 0.202604 0.173688 0.007118 0.016821
0 0.202387 0.173225 0.007031 0.016821
0 0.202127 0.173225 0.007031 0.016821
0 0.202127 0.173225 0.007031 0.016821
0 0.201389 0.172377 0.007118 0.016975
0 0.200911 0.171914 0.007031 0.016975
0 0.200434 0.171451 0.007118 0.016975
0 0.199913 0.171065 0.007118 0.016821
0 0.199436 0.170602 0.007031 0.016821
0 0.198698 0.170216 0.007118 0.016975
0 0.198220 0.169753 0.007031 0.016975
0 0.197743 0.169290 0.007118 0.016975
0 0.197266 0.168904 0.007031 0.016821
0 0.196745 0.168441 0.007031 0.016821
0 0.195790 0.167824 0.007031 0.017438
0 0.195052 0.167361 0.007118 0.017438
0 0.194314 0.166975 0.007031 0.017284
0 0.193576 0.166744 0.007118 0.017747
0 0.192839 0.166281 0.007031 0.017747
0 0.191884 0.165818 0.007031 0.017747
0 0.191146 0.165586 0.007118 0.018210
0 0.190408 0.165278 0.007031 0.018210
0 0.189670 0.164815 0.007118 0.018210
0 0.188932 0.164583 0.007031 0.018673
0 0.188108 0.163657 0.006771 0.018673
0 0.187240 0.163194 0.006597 0.018673
0 0.186415 0.162886 0.006337 0.018673
0 0.185634 0.162423 0.006337 0.018673
0 0.184809 0.161960 0.006076 0.018673
0 0.183941 0.161265 0.005903 0.018210
0 0.183203 0.160802 0.005816 0.018210
0 0.182335 0.160494 0.005642 0.018210
0 0.181510 0.160031 0.005382 0.018210
0 0.180773 0.159568 0.005295 0.018210
0 0.180295 0.159105 0.005382 0.018210
0 0.179774 0.158642 0.005382 0.018210
0 0.179340 0.158333 0.005382 0.018210
0 0.178819 0.157870 0.005382 0.018210
0 0.178342 0.157407 0.005295 0.018210
0 0.177865 0.156944 0.005382 0.018210
0 0.177344 0.156481 0.005382 0.018210
0 0.176866 0.156096 0.005295 0.018364
0 0.176389 0.155710 0.005382 0.018210
0 0.175868 0.155710 0.005382 0.018210
0 0.175174 0.155247 0.005382 0.018210
0 0.174653 0.154784 0.005382 0.018210
0 0.174219 0.154321 0.005382 0.018210
0 0.173437 0.153858 0.005382 0.018210
0 0.173003 0.153858 0.005382 0.018210
0 0.172483 0.153549 0.005382 0.018210
0 0.171745 0.153086 0.005295 0.018210
0 0.171267 0.152623 0.005382 0.018210
0 0.170747 0.152160 0.005382 0.018210
0 0.170313 0.152160 0.005382 0.018210
0 0.170313 0.151698 0.005382 0.018210
0 0.170530 0.151389 0.005295 0.018210
0 0.170530 0.150926 0.005295 0.018210
0 0.170747 0.150463 0.005382 0.018210
0 0.170747 0.150463 0.005382 0.018210
0 0.171007 0.150000 0.005382 0.018210
0 0.171007 0.149537 0.005382 0.018210
0 0.171267 0.149151 0.005382 0.018364
0 0.171267 0.148765 0.005382 0.018210
0 0.171528 0.148765 0.005382 0.018210
0 0.171267 0.148302 0.005382 0.018210
0 0.171007 0.147840 0.005382 0.018210
0 0.170747 0.147377 0.005382 0.018210
0 0.170530 0.146991 0.005295 0.018364
0 0.170313 0.146605 0.005382 0.018210
0 0.170052 0.146142 0.005382 0.018210
0 0.169792 0.145679 0.005382 0.018210
0 0.169531 0.145216 0.005382 0.018210
0 0.169314 0.144753 0.005295 0.018210
0 0.169314 0.144753 0.005295 0.018210
0 0.168837 0.144444 0.005382 0.018210
0 0.168316 0.143981 0.005382 0.018210
0 0.167839 0.143519 0.005295 0.018210
0 0.167361 0.143056 0.005382 0.018210
0 0.167101 0.142593 0.005382 0.018210
0 0.166623 0.142284 0.005295 0.018210
0 0.166146 0.141821 0.005382 0.018210
0 0.165625 0.141358 0.005382 0.018210
0 0.165191 0.140895 0.005382 0.018210
0 0.164931 0.140895 0.005382 0.018210
0 0.165191 0.140432 0.005382 0.018210
0 0.165408 0.140046 0.005295 0.018364
0 0.165625 0.139660 0.005382 0.018210
0 0.165885 0.139660 0.005382 0.018210
0 0.166146 0.139198 0.005382 0.018210
0 0.166406 0.138735 0.005382 0.018210
0 0.166623 0.138735 0.005295 0.018210
0 0.166840 0.138272 0.005382 0.018210
0 0.167101 0.137809 0.005382 0.018210
0 0.167622 0.137809 0.005382 0.018210
