0 0.208247 0.202315 0.011979 0.024691
0 0.208247 0.201852 0.011979 0.024691
0 0.208247 0.201852 0.011979 0.024691
0 0.208247 0.201852 0.011979 0.024691
0 0.208247 0.201852 0.011979 0.024691
0 0.208247 0.201852 0.011979 0.024691
0 0.208247 0.201389 0.011979 0.024691
0 0.208247 0.201389 0.011979 0.024691
0 0.208247 0.201389 0.011979 0.024691
0 0.208247 0.201389 0.011979 0.024691
0 0.208247 0.201389 0.011979 0.024691
0 0.208333 0.201003 0.012153 0.024846
0 0.208594 0.200772 0.012153 0.024383
0 0.208724 0.200540 0.012413 0.023920
0 0.208984 0.200309 0.012413 0.023457
0 0.209201 0.200077 0.012500 0.022994
0 0.209332 0.199923 0.012760 0.022685
0 0.209549 0.199691 0.012674 0.022222
0 0.209679 0.199460 0.012934 0.021759
0 0.209939 0.199228 0.012934 0.021296
0 0.210200 0.199228 0.012934 0.021296
0 0.209939 0.198843 0.012934 0.021142
0 0.209939 0.198380 0.012934 0.021142
0 0.209809 0.198380 0.012674 0.021142
0 0.209809 0.197994 0.012674 0.021296
0 0.209679 0.197994 0.012413 0.021296
0 0.209679 0.197531 0.012413 0.021296
0 0.209592 0.197068 0.012240 0.021296
0 0.209592 0.197068 0.012240 0.021296
0 0.209462 0.196605 0.011979 0.021296
0 0.209462 0.196605 0.011979 0.021296
0 0.209201 0.196605 0.011979 0.021296
0 0.209071 0.197068 0.011719 0.021296
0 0.208941 0.197068 0.011458 0.021296
0 0.208811 0.197531 0.011719 0.021296
0 0.208681 0.197531 0.011458 0.021296
0 0.208594 0.197994 0.011285 0.021296
0 0.208507 0.197994 0.011458 0.021296
0 0.208377 0.198380 0.011198 0.021142
0 0.208247 0.198380 0.010937 0.021142
0 0.208247 0.198843 0.010937 0.021142
0 0.208247 0.198611 0.010937 0.020679
0 0.208247 0.198457 0.010937 0.020370
0 0.208247 0.198225 0.010937 0.019907
0 0.208247 0.198225 0.010937 0.019907
0 0.208377 0.197994 0.011198 0.019444
0 0.208377 0.197762 0.011198 0.018981
0 0.208377 0.197762 0.011198 0.018981
0 0.208377 0.197531 0.011198 0.018519
0 0.208377 0.197377 0.011198 0.018210
0 0.208594 0.197377 0.011285 0.018210
0 0.208594 0.196451 0.011285 0.018210
0 0.208594 0.195756 0.011285 0.017747
0 0.208594 0.195139 0.011285 0.017438
0 0.208594 0.194290 0.011285 0.017284
0 0.208594 0.193596 0.011285 0.016821
0 0.208594 0.192978 0.011285 0.016512
0 0.208594 0.192052 0.011285 0.016512
0 0.208594 0.191512 0.011285 0.016049
0 0.208594 0.190818 0.011285 0.015586
0 0.208724 0.190123 0.011024 0.015123
0 0.208724 0.190123 0.011024 0.015123
0 0.208854 0.190123 0.010764 0.015123
0 0.208854 0.190123 0.010764 0.015123
0 0.208984 0.190123 0.010503 0.015123
0 0.209201 0.190123 0.010417 0.015123
0 0.209201 0.190123 0.010417 0.015123
0 0.209288 0.190123 0.010243 0.015123
0 0.209288 0.190123 0.010243 0.015123
0 0.209418 0.190123 0.009983 0.015123
0 0.209679 0.190355 0.009983 0.014660
0 0.209201 0.190355 0.010069 0.014660
0 0.208984 0.190355 0.009983 0.014660
0 0.208594 0.190586 0.010243 0.015123
0 0.208333 0.190818 0.010243 0.014660
0 0.207986 0.191049 0.010417 0.015123
0 0.207769 0.191049 0.010503 0.015123
0 0.207378 0.191204 0.010764 0.014815
0 0.207118 0.191435 0.010764 0.015278
0 0.206771 0.191435 0.010937 0.015278
0 0.206510 0.191898 0.010937 0.015278
0 0.206033 0.192052 0.011024 0.015586
0 0.205773 0.192515 0.011024 0.015586
0 0.205556 0.192978 0.010937 0.015586
0 0.205295 0.193441 0.010937 0.015586
0 0.205078 0.193827 0.011024 0.015741
0 0.204818 0.193981 0.011024 0.016049
0 0.204557 0.194444 0.011024 0.016049
0 0.204340 0.194907 0.010937 0.016049
0 0.204080 0.195370 0.010937 0.016049
0 0.203819 0.196065 0.010937 0.016512
0 0.203342 0.195833 0.011024 0.016975
0 0.203125 0.195602 0.010937 0.017438
0 0.202865 0.195525 0.010937 0.018210
0 0.202474 0.195293 0.011198 0.018673
0 0.202257 0.195370 0.011285 0.019444
0 0.201866 0.195139 0.011024 0.019907
0 0.201519 0.194907 0.011198 0.020370
0 0.201259 0.194907 0.011198 0.021296
0 0.201042 0.194676 0.011285 0.021759
0 0.200781 0.194753 0.011285 0.022531
0 0.200564 0.194290 0.011198 0.022531
0 0.200564 0.194290 0.011198 0.022531
0 0.200564 0.194290 0.011198 0.022531
0 0.200564 0.194059 0.011198 0.022068
0 0.200564 0.194059 0.011198 0.022068
0 0.200564 0.193827 0.011198 0.022531
0 0.200564 0.193596 0.011198 0.022068
0 0.200564 0.193596 0.011198 0.022068
0 0.200564 0.193596 0.011198 0.022068
0 0.200564 0.193596 0.011198 0.022068
0 0.200564 0.193441 0.011198 0.021759
0 0.200651 0.193210 0.011024 0.021296
0 0.200781 0.192978 0.011285 0.020833
0 0.200911 0.192978 0.011024 0.019907
0 0.201042 0.192747 0.011285 0.019444
0 0.201172 0.192515 0.011024 0.018981
0 0.201172 0.192593 0.011024 0.018210
0 0.201389 0.192361 0.010937 0.017747
0 0.201389 0.192130 0.010937 0.017284
0 0.201649 0.192284 0.010937 0.016975
0 0.201519 0.191898 0.010677 0.016821
0 0.201519 0.191898 0.010677 0.016821
0 0.201519 0.191667 0.010677 0.016358
0 0.201519 0.191667 0.010677 0.016358
0 0.201606 0.191512 0.010503 0.016049
0 0.201606 0.191281 0.010503 0.016512
0 0.201606 0.191049 0.010503 0.016049
0 0.201606 0.191049 0.010503 0.016049
0 0.201606 0.190818 0.010503 0.015586
0 0.201736 0.190818 0.010243 0.015586
0 0.201736 0.190355 0.010243 0.015586
0 0.201736 0.189892 0.010243 0.015586
0 0.201736 0.189892 0.010243 0.015586
0 0.201997 0.189506 0.010243 0.015741
0 0.201997 0.189506 0.010243 0.015741
0 0.201997 0.189120 0.010243 0.015586
0 0.202257 0.188657 0.010243 0.015586
0 0.202257 0.188657 0.010243 0.015586
0 0.202257 0.188194 0.010243 0.015586
0 0.202517 0.188194 0.010243 0.015586
0 0.202517 0.187731 0.010243 0.015586
0 0.202517 0.187731 0.010243 0.015586
0 0.202517 0.187346 0.010243 0.015741
0 0.202517 0.187346 0.010243 0.015741
0 0.202517 0.187346 0.010243 0.015741
0 0.202517 0.186883 0.010243 0.015741
0 0.202517 0.186883 0.010243 0.015741
0 0.202517 0.186497 0.010243 0.015586
0 0.202517 0.186497 0.010243 0.015586
0 0.202517 0.186497 0.010243 0.015586
0 0.202517 0.186034 0.010243 0.015586
0 0.202517 0.186034 0.010243 0.015586
0 0.202778 0.186034 0.010243 0.015586
0 0.202778 0.186034 0.010243 0.015586
0 0.202951 0.186034 0.010243 0.015586
0 0.202951 0.185571 0.010243 0.015586
0 0.202951 0.185571 0.010243 0.015586
0 0.203212 0.185571 0.010243 0.015586
0 0.203212 0.185571 0.010243 0.015586
0 0.203472 0.185571 0.010243 0.015586
0 0.203472 0.185340 0.010243 0.015123
0 0.203472 0.185340 0.010243 0.015123
0 0.203602 0.185340 0.009983 0.015123
0 0.203733 0.185417 0.010243 0.014352
0 0.203863 0.185417 0.009983 0.014352
0 0.203863 0.185417 0.009983 0.014352
0 0.203993 0.185417 0.010243 0.013426
0 0.204080 0.185417 0.010069 0.013426
0 0.204080 0.185417 0.010069 0.013426
0 0.204297 0.185571 0.009983 0.013117
0 0.204297 0.185571 0.009983 0.013117
0 0.204297 0.185571 0.009983 0.013117
0 0.204297 0.186034 0.009983 0.013117
0 0.204297 0.186034 0.009983 0.013117
0 0.204297 0.186420 0.009983 0.012963
0 0.204297 0.186420 0.009983 0.012963
0 0.204297 0.186420 0.009983 0.012963
0 0.204297 0.186883 0.009983 0.012963
0 0.204297 0.186883 0.009983 0.012963
0 0.204557 0.187346 0.009983 0.012963
