0 0.178212 0.215278 0.017882 0.020370
0 0.178125 0.214815 0.018056 0.020370
0 0.178125 0.214660 0.018056 0.020679
0 0.178125 0.214275 0.018056 0.020833
0 0.178212 0.214043 0.018229 0.021296
0 0.178212 0.213812 0.018229 0.020833
0 0.178212 0.213580 0.018229 0.021296
0 0.178342 0.213117 0.018490 0.021296
0 0.178342 0.212886 0.018490 0.021759
0 0.178342 0.212500 0.018490 0.021605
0 0.178472 0.212500 0.018750 0.021605
0 0.178602 0.212269 0.019010 0.021142
0 0.178733 0.212114 0.019271 0.020833
0 0.178863 0.211883 0.019531 0.020370
0 0.178950 0.211651 0.019705 0.019907
0 0.179080 0.211420 0.019965 0.019444
0 0.179210 0.211188 0.020226 0.018981
0 0.179340 0.211034 0.020486 0.018673
0 0.179470 0.210802 0.020747 0.018210
0 0.179557 0.210571 0.020920 0.017747
0 0.179688 0.210340 0.021181 0.017284
0 0.179688 0.209877 0.021181 0.017284
0 0.179688 0.209414 0.021181 0.017284
0 0.179688 0.209028 0.021181 0.017438
0 0.179688 0.208796 0.021181 0.017901
0 0.179688 0.208410 0.021181 0.017747
0 0.179688 0.207948 0.021181 0.017747
0 0.179688 0.207716 0.021181 0.018210
0 0.179688 0.207253 0.021181 0.018210
0 0.179688 0.206790 0.021181 0.018210
0 0.179905 0.206790 0.021267 0.018210
0 0.179688 0.206790 0.021181 0.018210
0 0.179688 0.206790 0.021181 0.018210
0 0.179688 0.207022 0.021181 0.017747
0 0.179557 0.207022 0.020920 0.017747
0 0.179557 0.207485 0.020920 0.017747
0 0.179557 0.207485 0.020920 0.017747
0 0.179470 0.207485 0.020747 0.017747
0 0.179470 0.207716 0.020747 0.017284
0 0.179470 0.207716 0.020747 0.017284
0 0.179470 0.208179 0.020747 0.017284
0 0.179340 0.207948 0.020486 0.017747
0 0.179340 0.207948 0.020486 0.017747
0 0.179340 0.207948 0.020486 0.017747
0 0.179340 0.207716 0.020486 0.018210
0 0.179427 0.207716 0.020312 0.018210
0 0.179297 0.207716 0.020052 0.018210
0 0.179297 0.207485 0.020052 0.018673
0 0.179297 0.207485 0.020052 0.018673
0 0.179297 0.207485 0.020052 0.018673
0 0.179427 0.207716 0.019792 0.019136
0 0.179297 0.207716 0.019531 0.019136
0 0.179297 0.207948 0.019531 0.018673
0 0.179297 0.208179 0.019531 0.018210
0 0.179297 0.208410 0.019531 0.017747
0 0.179297 0.208565 0.019531 0.017438
0 0.179297 0.208565 0.019531 0.017438
0 0.179297 0.208796 0.019531 0.016975
0 0.179297 0.209028 0.019531 0.016512
0 0.179297 0.209259 0.019531 0.016049
0 0.179427 0.209722 0.019271 0.016049
0 0.179297 0.209491 0.019010 0.016512
0 0.179297 0.209491 0.019010 0.016512
0 0.179297 0.209491 0.019010 0.016512
0 0.179297 0.209259 0.019010 0.016975
0 0.179297 0.209414 0.019010 0.017284
0 0.179210 0.209414 0.018837 0.017284
0 0.179210 0.209182 0.018837 0.017747
0 0.179210 0.209182 0.018837 0.017747
0 0.179210 0.209182 0.018837 0.017747
0 0.179210 0.209414 0.018837 0.018210
0 0.178950 0.209414 0.018837 0.018210
0 0.178950 0.209645 0.018837 0.017747
0 0.178950 0.209645 0.018837 0.017747
0 0.178689 0.209877 0.018837 0.017284
0 0.178689 0.210108 0.018837 0.017747
0 0.178689 0.210340 0.018837 0.017284
0 0.178472 0.210340 0.018750 0.017284
0 0.178472 0.210494 0.018750 0.016975
0 0.178472 0.210494 0.018750 0.016975
0 0.178472 0.210957 0.018750 0.016975
0 0.178342 0.210494 0.018490 0.016975
0 0.178342 0.210494 0.018490 0.016975
0 0.178212 0.210494 0.018229 0.016975
0 0.178212 0.210494 0.018229 0.016975
0 0.178212 0.210494 0.017882 0.016975
0 0.178212 0.210340 0.017882 0.017284
0 0.178082 0.210340 0.017622 0.017284
0 0.178082 0.210340 0.017622 0.017284
0 0.177951 0.210340 0.017361 0.017284
0 0.178082 0.210340 0.017101 0.017284
0 0.177951 0.210340 0.017361 0.017284
0 0.177951 0.210340 0.017361 0.017284
0 0.177951 0.210340 0.017361 0.017284
0 0.177951 0.210340 0.017361 0.017284
0 0.177951 0.210340 0.017361 0.017284
0 0.177951 0.210340 0.017361 0.017284
0 0.177951 0.210340 0.017361 0.017284
0 0.177951 0.210340 0.017361 0.017284
0 0.177951 0.210340 0.017361 0.017284
0 0.177951 0.210340 0.017361 0.017284
0 0.177734 0.209877 0.017274 0.017284
0 0.177734 0.209877 0.017274 0.017284
0 0.177734 0.209877 0.017274 0.017284
0 0.177734 0.209877 0.017274 0.017284
0 0.177734 0.209877 0.017274 0.017284
0 0.177474 0.209414 0.017274 0.017284
0 0.177474 0.209414 0.017274 0.017284
0 0.177474 0.209414 0.017274 0.017284
0 0.177474 0.209414 0.017274 0.017284
0 0.177474 0.209414 0.017274 0.017284
0 0.177257 0.209028 0.017361 0.017438
0 0.177257 0.209028 0.017361 0.017438
0 0.177257 0.209028 0.017361 0.017438
0 0.177257 0.208796 0.017361 0.016975
0 0.177257 0.208796 0.017361 0.016975
0 0.176997 0.208565 0.017361 0.017438
0 0.176997 0.208333 0.017361 0.016975
0 0.176997 0.208333 0.017361 0.016975
0 0.176997 0.208333 0.017361 0.016975
0 0.176997 0.208333 0.017361 0.016975
0 0.176736 0.207948 0.017361 0.016821
0 0.176736 0.207948 0.017361 0.016821
0 0.176736 0.207485 0.017361 0.016821
0 0.176736 0.207485 0.017361 0.016821
0 0.176736 0.207330 0.017361 0.016512
0 0.176606 0.207099 0.017101 0.016975
0 0.176606 0.206867 0.017101 0.016512
0 0.176606 0.206636 0.017101 0.016975
0 0.176606 0.206404 0.017101 0.016512
0 0.176606 0.206404 0.017101 0.016512
0 0.176476 0.205941 0.016840 0.016512
0 0.176389 0.205556 0.016667 0.016358
0 0.176389 0.205170 0.016146 0.016512
0 0.176259 0.204938 0.015885 0.016049
0 0.176259 0.204707 0.015365 0.016512
0 0.176128 0.204244 0.015104 0.016512
0 0.175998 0.204012 0.014844 0.016049
0 0.176042 0.203549 0.014410 0.016049
0 0.175911 0.203241 0.014149 0.016049
0 0.176042 0.203241 0.013889 0.016049
0 0.175911 0.203009 0.013628 0.015586
0 0.175781 0.203009 0.013368 0.015586
0 0.175651 0.203009 0.013108 0.015586
0 0.175651 0.202778 0.013108 0.015123
0 0.175564 0.202778 0.012934 0.015123
0 0.175434 0.202778 0.012674 0.015123
0 0.175434 0.202546 0.012674 0.014660
0 0.175304 0.202546 0.012413 0.014660
0 0.175174 0.202546 0.012153 0.014660
0 0.175174 0.202546 0.012153 0.014660
0 0.174913 0.202315 0.012153 0.014198
0 0.174913 0.202315 0.012153 0.014198
0 0.174696 0.202083 0.012240 0.013735
0 0.174696 0.202083 0.012240 0.013735
0 0.174436 0.201929 0.012240 0.013426
0 0.174436 0.201929 0.012240 0.013426
0 0.174175 0.201698 0.012240 0.012963
0 0.174175 0.201698 0.012240 0.012963
0 0.173958 0.201466 0.012153 0.012500
0 0.173958 0.201466 0.012153 0.012500
0 0.173958 0.201003 0.012153 0.012500
0 0.173958 0.201003 0.012153 0.012500
0 0.173958 0.200772 0.012153 0.012963
0 0.173958 0.200772 0.012153 0.012963
0 0.173958 0.200540 0.012153 0.013426
0 0.173958 0.200309 0.012153 0.012963
0 0.173958 0.200077 0.012153 0.013426
0 0.173958 0.200077 0.012153 0.013426
0 0.173958 0.199846 0.012153 0.013889
0 0.174089 0.199846 0.012413 0.013889
0 0.174219 0.199846 0.012674 0.013889
0 0.174349 0.199846 0.012934 0.013889
0 0.174436 0.199846 0.013108 0.013889
0 0.174653 0.199846 0.013194 0.013889
0 0.174783 0.199846 0.013455 0.013889
0 0.174913 0.199846 0.013715 0.013889
0 0.175174 0.199846 0.013715 0.013889
0 0.175260 0.199846 0.013889 0.013889
0 0.175391 0.199846 0.014149 0.013889
0 0.175781 0.199846 0.014410 0.013889
