0 0.173437 0.087963 0.004861 0.014815
0 0.173351 0.087577 0.004687 0.014660
0 0.173351 0.087577 0.004687 0.014660
0 0.173351 0.087346 0.004687 0.014198
0 0.173220 0.087346 0.004427 0.014198
0 0.173220 0.087191 0.004427 0.013889
0 0.173220 0.086960 0.004427 0.014352
0 0.173090 0.086728 0.004167 0.013889
0 0.173090 0.086728 0.004167 0.013889
0 0.173090 0.086497 0.004167 0.013426
0 0.173220 0.086497 0.003906 0.013426
0 0.173915 0.086497 0.003906 0.013426
0 0.174826 0.086728 0.004167 0.013889
0 0.175781 0.086728 0.004167 0.013889
0 0.176606 0.087191 0.004427 0.013889
0 0.177604 0.087346 0.004340 0.014198
0 0.178342 0.087346 0.004427 0.014198
0 0.179210 0.087731 0.004601 0.014352
0 0.180165 0.087731 0.004601 0.014352
0 0.180990 0.087963 0.004861 0.014815
0 0.181988 0.088426 0.004948 0.014815
0 0.182248 0.088426 0.004948 0.014815
0 0.182726 0.088889 0.004861 0.014815
0 0.182986 0.089275 0.004861 0.014660
0 0.183464 0.089275 0.004948 0.014660
0 0.183811 0.089738 0.004601 0.014660
0 0.184201 0.090123 0.004861 0.014815
0 0.184549 0.090123 0.004687 0.014815
0 0.184896 0.090586 0.004861 0.014815
0 0.185286 0.091049 0.004601 0.014815
0 0.185764 0.091435 0.004687 0.014660
0 0.187847 0.091435 0.004861 0.014660
0 0.190017 0.091898 0.004861 0.014660
0 0.192274 0.091898 0.004861 0.014660
0 0.194444 0.092284 0.004861 0.014815
0 0.196615 0.092747 0.004861 0.014815
0 0.198828 0.092747 0.004948 0.014815
0 0.201042 0.093210 0.004861 0.014815
0 0.203212 0.093210 0.004861 0.014815
0 0.205425 0.093596 0.004948 0.014660
0 0.207639 0.094059 0.004861 0.014660
0 0.209809 0.094522 0.004861 0.014660
0 0.211979 0.095370 0.004861 0.014815
0 0.214236 0.095833 0.004861 0.014815
0 0.216406 0.096682 0.004861 0.014660
0 0.218576 0.097068 0.004861 0.014815
0 0.220790 0.097994 0.004948 0.014815
0 0.223003 0.098380 0.004861 0.014660
0 0.225174 0.099228 0.004861 0.014815
0 0.227387 0.099691 0.004948 0.014815
0 0.229601 0.100540 0.004861 0.014660
0 0.229818 0.100540 0.004948 0.014660
0 0.230078 0.100540 0.004948 0.014660
0 0.230295 0.100540 0.004861 0.014660
0 0.230686 0.100540 0.005122 0.014660
0 0.230946 0.101003 0.005122 0.014660
0 0.231207 0.101003 0.005122 0.014660
0 0.231510 0.101003 0.005382 0.014660
0 0.231771 0.101003 0.005382 0.014660
0 0.232031 0.101003 0.005382 0.014660
0 0.232509 0.101466 0.005295 0.014660
0 0.232292 0.101003 0.005382 0.014660
0 0.232031 0.101003 0.005382 0.014660
0 0.232031 0.101003 0.005382 0.014660
0 0.231771 0.100540 0.005382 0.014660
0 0.231771 0.100540 0.005382 0.014660
0 0.231510 0.100540 0.005382 0.014660
0 0.231293 0.100154 0.005295 0.014815
0 0.231293 0.100154 0.005295 0.014815
0 0.231076 0.100154 0.005382 0.014815
0 0.231076 0.100154 0.005382 0.014815
0 0.230295 0.099691 0.005382 0.014815
0 0.229861 0.099228 0.005382 0.014815
0 0.229080 0.099228 0.005382 0.014815
0 0.228602 0.098843 0.005295 0.014660
0 0.227995 0.098843 0.005122 0.014660
0 0.227387 0.098380 0.005295 0.014660
0 0.226780 0.097994 0.005122 0.014815
0 0.226128 0.097994 0.005382 0.014815
0 0.225564 0.097531 0.005122 0.014815
0 0.225043 0.097531 0.005122 0.014815
0 0.224609 0.097068 0.005122 0.014815
0 0.224089 0.096914 0.005122 0.015123
0 0.223568 0.096682 0.005122 0.014660
0 0.223264 0.096451 0.005382 0.015123
0 0.222873 0.096219 0.005122 0.014660
0 0.222352 0.095988 0.005122 0.015123
0 0.222049 0.095602 0.005382 0.015278
0 0.221528 0.095602 0.005382 0.015278
0 0.221007 0.095139 0.005382 0.015278
0 0.220790 0.095139 0.005295 0.015278
0 0.220312 0.095139 0.005382 0.015278
0 0.219792 0.095602 0.005382 0.015278
0 0.219358 0.095602 0.005382 0.015278
0 0.219097 0.095988 0.005382 0.015123
0 0.218576 0.095988 0.005382 0.015123
0 0.218142 0.096451 0.005382 0.015123
0 0.217882 0.096451 0.005382 0.015123
0 0.217361 0.096914 0.005382 0.015123
0 0.216927 0.096914 0.005382 0.015123
0 0.216667 0.097299 0.005382 0.015278
0 0.216016 0.096914 0.005122 0.015123
0 0.215582 0.096682 0.005122 0.014660
0 0.214931 0.096451 0.004861 0.015123
0 0.214453 0.096219 0.004948 0.014660
0 0.213976 0.095988 0.004861 0.015123
0 0.213368 0.095833 0.004687 0.014815
0 0.212891 0.095370 0.004601 0.014815
0 0.212240 0.095370 0.004340 0.014815
0 0.211762 0.094907 0.004427 0.014815
0 0.211285 0.094907 0.004340 0.014815
0 0.210547 0.094753 0.004427 0.015123
0 0.210069 0.094753 0.004340 0.015123
0 0.209462 0.094753 0.004687 0.015123
0 0.208984 0.094753 0.004601 0.015123
0 0.208333 0.094753 0.004861 0.015123
0 0.207726 0.094753 0.004687 0.015123
0 0.207118 0.094753 0.004861 0.015123
0 0.206641 0.094753 0.004948 0.015123
0 0.206033 0.094753 0.005122 0.015123
0 0.205512 0.094753 0.005122 0.015123
0 0.205078 0.094290 0.005122 0.015123
0 0.204557 0.094290 0.005122 0.015123
0 0.204080 0.094290 0.005208 0.015123
0 0.203733 0.093827 0.004861 0.015123
0 0.203212 0.093827 0.004861 0.015123
0 0.202734 0.093827 0.004948 0.015123
0 0.202387 0.093364 0.004601 0.015123
0 0.201866 0.093364 0.004601 0.015123
0 0.201389 0.093364 0.004687 0.015123
0 0.201172 0.093364 0.004601 0.015123
0 0.200651 0.093364 0.004601 0.015123
0 0.200304 0.093827 0.004948 0.015123
0 0.199826 0.094290 0.004861 0.015123
0 0.199566 0.094753 0.004861 0.015123
0 0.199045 0.095139 0.004861 0.015278
0 0.198741 0.095139 0.005122 0.015278
0 0.198351 0.095602 0.004861 0.015278
0 0.197960 0.095988 0.005122 0.015123
0 0.197526 0.096451 0.005122 0.015123
0 0.197266 0.096914 0.005122 0.015123
0 0.196745 0.096451 0.005122 0.015123
0 0.196484 0.096451 0.005122 0.015123
0 0.196050 0.096451 0.005122 0.015123
0 0.195790 0.096451 0.005122 0.015123
0 0.195269 0.096451 0.005122 0.015123
0 0.195052 0.096451 0.005208 0.015123
0 0.194575 0.096451 0.005122 0.015123
0 0.194314 0.096451 0.005122 0.015123
0 0.193793 0.096451 0.005122 0.015123
0 0.193620 0.096451 0.005122 0.015123
0 0.194054 0.096451 0.005122 0.015123
0 0.194835 0.096914 0.005122 0.015123
0 0.195269 0.096914 0.005122 0.015123
0 0.196050 0.097299 0.005122 0.015278
0 0.196484 0.097299 0.005122 0.015278
0 0.197266 0.097762 0.005122 0.015278
0 0.197700 0.097762 0.005122 0.015278
0 0.198481 0.098148 0.005122 0.015123
0 0.198915 0.098148 0.005122 0.015123
0 0.199696 0.098611 0.005122 0.015123
0 0.199436 0.098611 0.005122 0.015123
0 0.199436 0.098611 0.005122 0.015123
0 0.199436 0.098611 0.005122 0.015123
0 0.199436 0.098611 0.005122 0.015123
0 0.199436 0.098611 0.005122 0.015123
0 0.199436 0.098611 0.005122 0.015123
0 0.199436 0.098611 0.005122 0.015123
0 0.199436 0.098611 0.005122 0.015123
0 0.199436 0.098611 0.005122 0.015123
0 0.199436 0.099074 0.005122 0.015123
0 0.199696 0.099074 0.005122 0.015123
0 0.200217 0.099460 0.005122 0.015278
0 0.200651 0.099923 0.005122 0.015278
0 0.201172 0.100309 0.005122 0.015123
0 0.201606 0.100772 0.005122 0.015123
0 0.201997 0.101235 0.005382 0.015123
0 0.202517 0.101698 0.005382 0.015123
0 0.202951 0.102083 0.005382 0.015278
0 0.203472 0.102546 0.005382 0.015278
0 0.203993 0.102932 0.005382 0.015123
