0 0.055686 0.123997 0.007552 0.027006
0 0.055469 0.124383 0.007639 0.026852
0 0.055469 0.125077 0.007639 0.027315
0 0.055339 0.126003 0.007378 0.027315
0 0.055252 0.126543 0.007552 0.027778
0 0.055252 0.127469 0.007552 0.027778
0 0.055122 0.128164 0.007292 0.028241
0 0.054991 0.128781 0.007552 0.028549
0 0.054861 0.129630 0.007292 0.028704
0 0.054861 0.130247 0.007292 0.029012
0 0.054861 0.131173 0.007292 0.029012
0 0.054601 0.131636 0.007292 0.029012
0 0.054601 0.132022 0.007292 0.029167
0 0.054601 0.132407 0.007292 0.029012
0 0.054601 0.133102 0.007292 0.028549
0 0.054601 0.133796 0.007292 0.029012
0 0.054384 0.134182 0.007378 0.029167
0 0.054384 0.134877 0.007378 0.028704
0 0.054384 0.135262 0.007378 0.028549
0 0.054384 0.135725 0.007378 0.028549
0 0.054384 0.136574 0.007378 0.028704
0 0.054253 0.137037 0.007639 0.028704
0 0.054253 0.137654 0.007639 0.029012
0 0.054253 0.138503 0.007639 0.029167
0 0.054253 0.139120 0.007639 0.029475
0 0.054253 0.140046 0.007639 0.029475
0 0.054253 0.140741 0.007639 0.029938
0 0.054253 0.141358 0.007639 0.030247
0 0.054253 0.142207 0.007639 0.030401
0 0.054253 0.142901 0.007639 0.030864
0 0.054253 0.143750 0.007639 0.030710
0 0.054036 0.144136 0.007552 0.030864
0 0.054036 0.145062 0.007552 0.030864
0 0.054036 0.145910 0.007552 0.030710
0 0.053906 0.146296 0.007292 0.030864
0 0.053906 0.147222 0.007292 0.030864
0 0.053776 0.148071 0.007552 0.030710
0 0.053646 0.148534 0.007292 0.030710
0 0.053646 0.149383 0.007292 0.030864
0 0.053646 0.150231 0.007292 0.030710
0 0.053646 0.151080 0.007292 0.030864
0 0.053646 0.151543 0.007292 0.030864
0 0.053646 0.152006 0.007292 0.030864
0 0.053646 0.152855 0.007292 0.030710
0 0.053646 0.153241 0.007292 0.030864
0 0.053776 0.154167 0.007552 0.030864
0 0.053776 0.154552 0.007552 0.030710
0 0.053776 0.155015 0.007552 0.030710
0 0.053776 0.155864 0.007552 0.030864
0 0.053776 0.156327 0.007552 0.030864
0 0.054036 0.157176 0.007552 0.030710
0 0.053776 0.158025 0.007552 0.029938
0 0.053516 0.159182 0.007552 0.029475
0 0.053255 0.160417 0.007552 0.028549
0 0.052995 0.161497 0.007552 0.028241
0 0.052821 0.162886 0.007552 0.027315
0 0.052561 0.163889 0.007552 0.026852
0 0.052300 0.164969 0.007552 0.026543
0 0.052040 0.166281 0.007552 0.025463
0 0.051780 0.167361 0.007552 0.025154
0 0.051693 0.168673 0.007378 0.024383
0 0.051432 0.169753 0.007378 0.023765
0 0.051432 0.171065 0.007378 0.022994
0 0.051432 0.172299 0.007378 0.022994
0 0.051302 0.173688 0.007118 0.022068
0 0.051302 0.174923 0.007118 0.022068
0 0.051302 0.176235 0.007118 0.021296
0 0.051172 0.177392 0.006858 0.020833
0 0.051172 0.178858 0.006858 0.020370
0 0.051172 0.179938 0.006858 0.020062
0 0.051172 0.181481 0.006858 0.019444
0 0.050955 0.182176 0.006771 0.019907
0 0.050955 0.182716 0.006771 0.020370
0 0.050955 0.183642 0.006771 0.021296
0 0.050738 0.184568 0.006858 0.021296
0 0.050738 0.185417 0.006858 0.022068
0 0.050738 0.186034 0.006858 0.022685
0 0.050477 0.186883 0.006858 0.022531
0 0.050477 0.187809 0.006858 0.023457
0 0.050477 0.188426 0.006858 0.023765
0 0.050477 0.189506 0.006858 0.024383
0 0.050217 0.190355 0.006858 0.024228
0 0.050217 0.191204 0.006858 0.024383
0 0.050087 0.192130 0.006597 0.024383
0 0.049957 0.193210 0.006858 0.023765
0 0.049957 0.194059 0.006858 0.023920
0 0.049826 0.194907 0.006597 0.023765
0 0.049740 0.195988 0.006771 0.023457
0 0.049653 0.196914 0.006597 0.023457
0 0.049653 0.197685 0.006597 0.023457
0 0.049653 0.199074 0.006597 0.023457
0 0.049392 0.200309 0.006597 0.022531
0 0.049262 0.201852 0.006337 0.021296
0 0.049132 0.203395 0.006597 0.020062
0 0.049002 0.205093 0.006337 0.019136
0 0.049002 0.206636 0.006337 0.017901
0 0.048741 0.207948 0.006337 0.016821
0 0.048611 0.209722 0.006076 0.016049
0 0.048481 0.211188 0.006337 0.014660
0 0.048394 0.212731 0.006163 0.013426
0 0.048394 0.214429 0.006163 0.012500
0 0.048177 0.215278 0.006076 0.012654
0 0.048177 0.216358 0.006076 0.012963
0 0.048047 0.217284 0.005816 0.012963
0 0.047917 0.218287 0.006076 0.013426
0 0.047917 0.219444 0.006076 0.013889
0 0.047786 0.220370 0.005816 0.013889
0 0.047656 0.221373 0.006076 0.014352
0 0.047526 0.222299 0.005816 0.014352
0 0.047526 0.223302 0.005816 0.014815
0 0.047526 0.224383 0.005816 0.015123
0 0.047309 0.225309 0.005903 0.015123
0 0.047309 0.226389 0.005903 0.014815
0 0.047309 0.227701 0.005903 0.014660
0 0.047179 0.228781 0.006163 0.014352
0 0.047179 0.230015 0.006163 0.014352
0 0.047049 0.230941 0.005903 0.014352
0 0.046962 0.231944 0.006076 0.013889
0 0.046962 0.233333 0.006076 0.013889
0 0.046962 0.234336 0.006076 0.013426
0 0.046962 0.235725 0.006076 0.013426
0 0.046701 0.236574 0.006076 0.013580
0 0.046441 0.237423 0.006076 0.013426
0 0.046441 0.238580 0.006076 0.013889
0 0.046181 0.239352 0.006076 0.013889
0 0.046181 0.240509 0.006076 0.014352
0 0.045964 0.241358 0.006163 0.014198
0 0.045703 0.242207 0.006163 0.014352
0 0.045703 0.243287 0.006163 0.014660
0 0.045486 0.244136 0.006076 0.014815
0 0.045486 0.245448 0.006076 0.014660
0 0.045226 0.246296 0.006076 0.014815
0 0.045226 0.247222 0.006076 0.014815
0 0.044965 0.248071 0.006076 0.014660
0 0.044965 0.248920 0.006076 0.014815
0 0.044835 0.249769 0.005816 0.014660
0 0.044705 0.250694 0.006076 0.014660
0 0.044618 0.251543 0.005903 0.014815
0 0.044488 0.252392 0.006163 0.014660
0 0.044358 0.253241 0.005903 0.014815
0 0.044358 0.254167 0.005903 0.014815
0 0.044141 0.254552 0.005816 0.014660
0 0.044141 0.255247 0.005816 0.015123
0 0.044141 0.255633 0.005816 0.015278
0 0.044010 0.256250 0.006076 0.015586
0 0.044010 0.256713 0.006076 0.015586
0 0.043880 0.257407 0.005816 0.016049
0 0.043750 0.257870 0.006076 0.016049
0 0.043750 0.258488 0.006076 0.016358
0 0.043750 0.258873 0.006076 0.016512
0 0.043750 0.259568 0.006076 0.016975
0 0.043620 0.259799 0.006337 0.016512
0 0.043620 0.260494 0.006337 0.016049
0 0.043620 0.261034 0.006337 0.015586
0 0.043620 0.261728 0.006337 0.015123
0 0.043620 0.262346 0.006337 0.014815
0 0.043490 0.262809 0.006597 0.014815
0 0.043490 0.263503 0.006597 0.014352
0 0.043490 0.264043 0.006597 0.013889
0 0.043490 0.264738 0.006597 0.013426
0 0.043620 0.265432 0.006858 0.012963
0 0.043403 0.265895 0.006771 0.012963
0 0.043403 0.266744 0.006771 0.013117
0 0.043142 0.267593 0.006771 0.012963
0 0.043142 0.268441 0.006771 0.013117
0 0.043142 0.269290 0.006771 0.012963
0 0.042925 0.269985 0.006858 0.013426
0 0.042925 0.270833 0.006858 0.013580
0 0.042665 0.271682 0.006858 0.013426
0 0.042665 0.272608 0.006858 0.013426
0 0.042665 0.273380 0.006858 0.013426
0 0.042405 0.273843 0.006858 0.013426
0 0.042405 0.274537 0.006858 0.012963
0 0.042274 0.275154 0.006597 0.012654
0 0.042274 0.275849 0.006597 0.012191
0 0.042274 0.276698 0.006597 0.012037
0 0.042144 0.277083 0.006337 0.012191
0 0.042144 0.277778 0.006337 0.011728
0 0.042057 0.278472 0.006163 0.011265
0 0.042057 0.279090 0.006163 0.010957
0 0.042057 0.279938 0.006163 0.010802
