0 0.252040 0.191898 0.011198 0.010957
0 0.251519 0.193673 0.011198 0.010802
0 0.251172 0.195833 0.011024 0.010802
0 0.250825 0.197994 0.011198 0.010802
0 0.250434 0.200154 0.010937 0.010802
0 0.250087 0.202315 0.011285 0.010802
0 0.249696 0.204012 0.011024 0.010802
0 0.249219 0.206173 0.010937 0.010802
0 0.249002 0.208333 0.011024 0.010802
0 0.248481 0.210494 0.011024 0.010802
0 0.248264 0.212654 0.010937 0.010802
0 0.247873 0.214429 0.010677 0.010957
0 0.247656 0.216667 0.010764 0.010802
0 0.247396 0.218827 0.010764 0.010802
0 0.247135 0.220988 0.010764 0.010802
0 0.247005 0.223148 0.010503 0.010802
0 0.246788 0.225309 0.010417 0.010802
0 0.246571 0.227469 0.010503 0.010802
0 0.246311 0.229630 0.010503 0.010802
0 0.246050 0.231790 0.010503 0.010802
0 0.245920 0.233951 0.010243 0.010802
0 0.245443 0.235880 0.010330 0.011265
0 0.245226 0.238040 0.010243 0.011265
0 0.244835 0.240046 0.010503 0.011574
0 0.244575 0.242207 0.010503 0.011574
0 0.244314 0.244444 0.010503 0.011728
0 0.243967 0.246373 0.010677 0.012191
0 0.243750 0.248534 0.010764 0.012191
0 0.243359 0.250463 0.011024 0.012654
0 0.243142 0.252623 0.010937 0.012654
0 0.242882 0.254784 0.010937 0.012654
0 0.242622 0.256944 0.010937 0.012654
0 0.242622 0.259105 0.010937 0.012654
0 0.242405 0.261497 0.011024 0.013117
0 0.242405 0.263657 0.011024 0.013117
0 0.242144 0.266127 0.011024 0.013426
0 0.242144 0.268287 0.011024 0.013426
0 0.241884 0.270448 0.011024 0.013426
0 0.241884 0.272840 0.011024 0.013889
0 0.241667 0.275000 0.010937 0.013889
0 0.241667 0.277392 0.010937 0.014352
0 0.241319 0.279090 0.010764 0.014352
0 0.241059 0.281250 0.010764 0.014352
0 0.240799 0.283410 0.010764 0.014352
0 0.240538 0.285571 0.010764 0.014352
0 0.240408 0.287731 0.010503 0.014352
0 0.240191 0.289892 0.010417 0.014352
0 0.239974 0.292052 0.010503 0.014352
0 0.239714 0.294213 0.010503 0.014352
0 0.239453 0.296451 0.010503 0.014198
0 0.239323 0.298611 0.010243 0.014198
0 0.239193 0.300540 0.009983 0.014660
0 0.239193 0.302701 0.009983 0.014660
0 0.239193 0.304938 0.009983 0.014815
0 0.239193 0.306867 0.009983 0.015278
0 0.239193 0.309182 0.009983 0.015586
0 0.239193 0.311343 0.009983 0.015586
0 0.239193 0.313426 0.009983 0.016049
0 0.239193 0.315586 0.009983 0.016049
0 0.239193 0.317747 0.009983 0.016049
0 0.239193 0.320139 0.009983 0.016512
0 0.239193 0.320139 0.009983 0.016512
0 0.239193 0.320139 0.009983 0.016512
0 0.239193 0.320139 0.009983 0.016512
0 0.239193 0.320139 0.009983 0.016512
0 0.239193 0.320139 0.009983 0.016512
0 0.239193 0.320139 0.009983 0.016512
0 0.239193 0.320139 0.009983 0.016512
0 0.239193 0.320139 0.009983 0.016512
0 0.239193 0.320139 0.009983 0.016512
0 0.239193 0.320139 0.009983 0.016512
0 0.239193 0.320139 0.009983 0.016512
0 0.239193 0.320139 0.009983 0.016512
0 0.239193 0.320139 0.009983 0.016512
0 0.239193 0.320139 0.009983 0.016512
0 0.239193 0.320139 0.009983 0.016512
0 0.239193 0.320139 0.009983 0.016512
0 0.239193 0.320139 0.009983 0.016512
0 0.239193 0.320139 0.009983 0.016512
0 0.239193 0.320139 0.009983 0.016512
0 0.239193 0.320139 0.009983 0.016512
0 0.239193 0.320139 0.009983 0.016512
0 0.239193 0.320139 0.009983 0.016512
0 0.239193 0.320139 0.009983 0.016512
0 0.239193 0.320139 0.009983 0.016512
0 0.239193 0.320139 0.009983 0.016512
0 0.239193 0.320139 0.009983 0.016512
0 0.239193 0.320139 0.009983 0.016512
0 0.239193 0.320139 0.009983 0.016512
0 0.239193 0.320139 0.009983 0.016512
0 0.239193 0.320139 0.009983 0.016512
0 0.239193 0.320139 0.009983 0.016512
0 0.239193 0.320139 0.009983 0.016512
0 0.239193 0.320139 0.009983 0.016512
0 0.239193 0.320139 0.009983 0.016512
0 0.239193 0.320139 0.009983 0.016512
0 0.239193 0.320139 0.009983 0.016512
0 0.239193 0.320139 0.009983 0.016512
0 0.239193 0.320139 0.009983 0.016512
0 0.239193 0.320139 0.009983 0.016512
0 0.239193 0.320139 0.009983 0.016512
0 0.239193 0.320139 0.009983 0.016512
0 0.239193 0.320139 0.009983 0.016512
0 0.239193 0.320139 0.009983 0.016512
0 0.239193 0.320139 0.009983 0.016512
0 0.239193 0.320139 0.009983 0.016512
0 0.239193 0.320139 0.009983 0.016512
0 0.239193 0.320139 0.009983 0.016512
0 0.239193 0.320139 0.009983 0.016512
0 0.239193 0.320139 0.009983 0.016512
0 0.239193 0.320139 0.009983 0.016512
0 0.239193 0.320139 0.009983 0.016512
0 0.239193 0.320139 0.009983 0.016512
0 0.239193 0.320139 0.009983 0.016512
0 0.239193 0.320139 0.009983 0.016512
0 0.239193 0.320139 0.009983 0.016512
0 0.239193 0.320139 0.009983 0.016512
0 0.239193 0.320139 0.009983 0.016512
0 0.239193 0.320139 0.009983 0.016512
0 0.239193 0.320139 0.009983 0.016512
0 0.239193 0.320139 0.009983 0.016512
0 0.239193 0.320139 0.009983 0.016512
0 0.239193 0.320139 0.009983 0.016512
0 0.239193 0.320139 0.009983 0.016512
0 0.239193 0.320139 0.009983 0.016512
0 0.239193 0.320139 0.009983 0.016512
0 0.239193 0.320139 0.009983 0.016512
0 0.239193 0.320139 0.009983 0.016512
0 0.239193 0.320139 0.009983 0.016512
0 0.239193 0.320139 0.009983 0.016512
0 0.239193 0.320139 0.009983 0.016512
0 0.239193 0.320139 0.009983 0.016512
0 0.239193 0.320139 0.009983 0.016512
0 0.239193 0.320139 0.009983 0.016512
0 0.239193 0.320139 0.009983 0.016512
0 0.239193 0.320139 0.009983 0.016512
0 0.239193 0.320139 0.009983 0.016512
0 0.239193 0.320139 0.009983 0.016512
0 0.239193 0.320139 0.009983 0.016512
0 0.239193 0.320139 0.009983 0.016512
0 0.239193 0.320139 0.009983 0.016512
0 0.239193 0.320139 0.009983 0.016512
0 0.239193 0.320139 0.009983 0.016512
0 0.239193 0.320139 0.009983 0.016512
0 0.239193 0.320139 0.009983 0.016512
0 0.239193 0.320139 0.009983 0.016512
0 0.239193 0.320139 0.009983 0.016512
0 0.239193 0.320139 0.009983 0.016512
0 0.239193 0.320139 0.009983 0.016512
0 0.239193 0.320139 0.009983 0.016512
0 0.239193 0.320139 0.009983 0.016512
0 0.239193 0.320139 0.009983 0.016512
0 0.239193 0.320139 0.009983 0.016512
0 0.239193 0.320139 0.009983 0.016512
0 0.239193 0.320139 0.009983 0.016512
0 0.239193 0.320139 0.009983 0.016512
0 0.239193 0.320139 0.009983 0.016512
0 0.239193 0.320139 0.009983 0.016512
0 0.239193 0.320139 0.009983 0.016512
0 0.239193 0.320139 0.009983 0.016512
0 0.239193 0.320139 0.009983 0.016512
0 0.239193 0.320139 0.009983 0.016512
0 0.239193 0.320139 0.009983 0.016512
0 0.239193 0.320139 0.009983 0.016512
0 0.239193 0.320139 0.009983 0.016512
0 0.239193 0.320139 0.009983 0.016512
0 0.239193 0.320139 0.009983 0.016512
0 0.239193 0.320139 0.009983 0.016512
0 0.239193 0.320139 0.009983 0.016512
0 0.239193 0.320139 0.009983 0.016512
0 0.239193 0.320139 0.009983 0.016512
0 0.239193 0.320139 0.009983 0.016512
0 0.239193 0.320139 0.009983 0.016512
0 0.239193 0.320139 0.009983 0.016512
0 0.239193 0.320139 0.009983 0.016512
0 0.239193 0.320139 0.009983 0.016512
0 0.239193 0.320139 0.009983 0.016512
0 0.239193 0.320139 0.009983 0.016512
0 0.239193 0.320139 0.009983 0.016512
0 0.239193 0.320139 0.009983 0.016512
0 0.239193 0.320139 0.009983 0.016512
