0 0.179818 0.245833 0.016059 0.018210
0 0.179688 0.245833 0.015799 0.018210
0 0.179688 0.245833 0.015799 0.018210
0 0.179688 0.245833 0.015799 0.018210
0 0.179688 0.245833 0.015799 0.018210
0 0.179688 0.245833 0.015799 0.018210
0 0.179688 0.245833 0.015799 0.018210
0 0.179688 0.245833 0.015799 0.018210
0 0.179688 0.245833 0.015799 0.018210
0 0.179688 0.245833 0.015799 0.018210
0 0.179688 0.245833 0.015799 0.018210
0 0.179557 0.245833 0.015538 0.018210
0 0.179557 0.245833 0.015538 0.018210
0 0.179557 0.245833 0.015538 0.018210
0 0.179557 0.245833 0.015538 0.018210
0 0.179557 0.245833 0.015538 0.018210
0 0.179557 0.245833 0.015538 0.018210
0 0.179557 0.245833 0.015538 0.018210
0 0.179557 0.245833 0.015538 0.018210
0 0.179557 0.245833 0.015538 0.018210
0 0.179557 0.245833 0.015538 0.018210
0 0.179557 0.245833 0.015538 0.018210
0 0.179557 0.245833 0.015538 0.018210
0 0.179557 0.245833 0.015538 0.018210
0 0.179557 0.245833 0.015538 0.018210
0 0.179557 0.245833 0.015538 0.018210
0 0.179557 0.245833 0.015538 0.018210
0 0.179557 0.245833 0.015538 0.018210
0 0.179557 0.245833 0.015538 0.018210
0 0.179557 0.245833 0.015538 0.018210
0 0.179557 0.245833 0.015538 0.018210
0 0.179557 0.245833 0.015538 0.018210
0 0.179557 0.245833 0.015538 0.018210
0 0.179557 0.245833 0.015538 0.018210
0 0.179557 0.245833 0.015538 0.018210
0 0.179557 0.245833 0.015538 0.018210
0 0.179557 0.245833 0.015538 0.018210
0 0.179557 0.245833 0.015538 0.018210
0 0.179557 0.245833 0.015538 0.018210
0 0.179557 0.245833 0.015538 0.018210
0 0.179557 0.245833 0.015538 0.018210
0 0.179557 0.245833 0.015538 0.018210
0 0.179557 0.245833 0.015538 0.018210
0 0.179557 0.245833 0.015538 0.018210
0 0.179557 0.245833 0.015538 0.018210
0 0.179557 0.245833 0.015538 0.018210
0 0.179557 0.245833 0.015538 0.018210
0 0.179557 0.245833 0.015538 0.018210
0 0.179557 0.245833 0.015538 0.018210
0 0.179557 0.245833 0.015538 0.018210
0 0.179557 0.245833 0.015538 0.018210
0 0.179557 0.245833 0.015538 0.018210
0 0.179557 0.245833 0.015538 0.018210
0 0.179557 0.245833 0.015538 0.018210
0 0.179557 0.245833 0.015538 0.018210
0 0.179557 0.245833 0.015538 0.018210
0 0.179557 0.245833 0.015538 0.018210
0 0.179557 0.245833 0.015538 0.018210
0 0.179557 0.245833 0.015538 0.018210
0 0.179557 0.245833 0.015538 0.018210
0 0.179557 0.245833 0.015538 0.018210
0 0.179557 0.245833 0.015538 0.018210
0 0.179557 0.245833 0.015538 0.018210
0 0.179557 0.245833 0.015538 0.018210
0 0.179557 0.245833 0.015538 0.018210
0 0.179557 0.245833 0.015538 0.018210
0 0.179557 0.245833 0.015538 0.018210
0 0.179557 0.245833 0.015538 0.018210
0 0.179557 0.245833 0.015538 0.018210
0 0.179557 0.245833 0.015538 0.018210
0 0.179557 0.245833 0.015538 0.018210
0 0.179557 0.245833 0.015538 0.018210
0 0.179557 0.245833 0.015538 0.018210
0 0.179557 0.245833 0.015538 0.018210
0 0.179557 0.245833 0.015538 0.018210
0 0.179557 0.245833 0.015538 0.018210
0 0.179557 0.245833 0.015538 0.018210
0 0.179557 0.245833 0.015538 0.018210
0 0.179557 0.245833 0.015538 0.018210
0 0.179557 0.245833 0.015538 0.018210
0 0.179557 0.245833 0.015538 0.018210
0 0.179557 0.245833 0.015538 0.018210
0 0.179557 0.245833 0.015538 0.018210
0 0.179557 0.245833 0.015538 0.018210
0 0.179557 0.245833 0.015538 0.018210
0 0.179557 0.245833 0.015538 0.018210
0 0.179557 0.245833 0.015538 0.018210
0 0.179557 0.245833 0.015538 0.018210
0 0.179557 0.245833 0.015538 0.018210
0 0.179557 0.245833 0.015538 0.018210
0 0.179557 0.245833 0.015538 0.018210
0 0.179557 0.245833 0.015538 0.018210
0 0.179557 0.245833 0.015538 0.018210
0 0.179557 0.245833 0.015538 0.018210
0 0.179557 0.245833 0.015538 0.018210
0 0.179557 0.245833 0.015538 0.018210
0 0.179557 0.245833 0.015538 0.018210
0 0.179557 0.245833 0.015538 0.018210
0 0.179557 0.245833 0.015538 0.018210
0 0.179557 0.245833 0.015538 0.018210
0 0.179557 0.245833 0.015538 0.018210
0 0.179557 0.245833 0.015538 0.018210
0 0.179557 0.245833 0.015538 0.018210
0 0.179557 0.245833 0.015538 0.018210
0 0.179557 0.245833 0.015538 0.018210
0 0.179557 0.245833 0.015538 0.018210
0 0.179557 0.245833 0.015538 0.018210
0 0.179557 0.245833 0.015538 0.018210
0 0.179557 0.245833 0.015538 0.018210
0 0.179557 0.245833 0.015538 0.018210
0 0.179557 0.245833 0.015538 0.018210
0 0.179557 0.245833 0.015538 0.018210
0 0.179557 0.245833 0.015538 0.018210
0 0.179557 0.245833 0.015538 0.018210
0 0.179557 0.245833 0.015538 0.018210
0 0.179557 0.245833 0.015538 0.018210
0 0.179557 0.245833 0.015538 0.018210
0 0.179557 0.245833 0.015538 0.018210
0 0.179557 0.245833 0.015538 0.018210
0 0.179557 0.245833 0.015538 0.018210
0 0.179557 0.245833 0.015538 0.018210
0 0.179557 0.245833 0.015538 0.018210
0 0.179557 0.245833 0.015538 0.018210
0 0.179557 0.245833 0.015538 0.018210
0 0.179557 0.245833 0.015538 0.018210
0 0.179557 0.245833 0.015538 0.018210
0 0.179557 0.245833 0.015538 0.018210
0 0.179557 0.245833 0.015538 0.018210
0 0.179557 0.245833 0.015538 0.018210
0 0.179557 0.245833 0.015538 0.018210
0 0.179557 0.245833 0.015538 0.018210
0 0.179557 0.245833 0.015538 0.018210
0 0.179557 0.245833 0.015538 0.018210
0 0.179557 0.245833 0.015538 0.018210
0 0.179557 0.245833 0.015538 0.018210
0 0.179557 0.245833 0.015538 0.018210
0 0.179557 0.245833 0.015538 0.018210
0 0.179557 0.245833 0.015538 0.018210
0 0.179557 0.245833 0.015538 0.018210
0 0.179557 0.245833 0.015538 0.018210
0 0.179557 0.245833 0.015538 0.018210
0 0.179340 0.245525 0.015625 0.018210
0 0.179340 0.245293 0.015625 0.018673
0 0.179340 0.244830 0.015625 0.018673
0 0.179340 0.244830 0.015625 0.018673
0 0.179340 0.244599 0.015625 0.019136
0 0.179210 0.244136 0.015365 0.019136
0 0.179210 0.244136 0.015365 0.019136
0 0.179210 0.243750 0.015365 0.018981
0 0.179210 0.243519 0.015365 0.019444
0 0.179210 0.243519 0.015365 0.019444
0 0.179210 0.243287 0.015365 0.018981
0 0.179210 0.243287 0.015365 0.018981
0 0.179210 0.243287 0.015365 0.018981
0 0.179210 0.243287 0.015365 0.018981
0 0.179210 0.243287 0.015365 0.018981
0 0.179210 0.243287 0.015365 0.018981
0 0.179210 0.243287 0.015365 0.018981
0 0.179210 0.243287 0.015365 0.018981
0 0.179210 0.243287 0.015365 0.018981
0 0.179210 0.243287 0.015365 0.018981
0 0.179210 0.243287 0.015365 0.018981
0 0.179210 0.243287 0.015365 0.018981
0 0.179210 0.243287 0.015365 0.018981
0 0.179210 0.243287 0.015365 0.018981
0 0.179210 0.243287 0.015365 0.018981
0 0.179210 0.243287 0.015365 0.018981
0 0.179210 0.243287 0.015365 0.018981
0 0.179210 0.243287 0.015365 0.018981
0 0.179210 0.243287 0.015365 0.018981
0 0.179210 0.243287 0.015365 0.018981
0 0.179210 0.243287 0.015365 0.018981
0 0.179210 0.243287 0.015365 0.018981
0 0.179210 0.243287 0.015365 0.018981
0 0.179210 0.243287 0.015365 0.018981
0 0.179210 0.243287 0.015365 0.018981
0 0.179210 0.243287 0.015365 0.018981
0 0.179210 0.243287 0.015365 0.018981
0 0.179210 0.243287 0.015365 0.018981
0 0.179210 0.243287 0.015365 0.018981
0 0.179210 0.243287 0.015365 0.018981
