0 0.198090 0.198765 0.003472 0.006481
0 0.198003 0.198765 0.003646 0.006481
0 0.198003 0.198765 0.003646 0.006481
0 0.198003 0.198765 0.003646 0.006481
0 0.198003 0.198765 0.003646 0.006481
0 0.198134 0.198997 0.003906 0.006944
0 0.198003 0.198997 0.004167 0.006944
0 0.198003 0.198997 0.004167 0.006944
0 0.198003 0.198997 0.004167 0.006944
0 0.198003 0.198997 0.004167 0.006944
0 0.198090 0.199228 0.004340 0.007407
0 0.198090 0.199228 0.004340 0.007407
0 0.198090 0.199228 0.004340 0.007407
0 0.198090 0.199228 0.004340 0.007407
0 0.198090 0.199228 0.004340 0.007407
0 0.198090 0.199228 0.004340 0.007407
0 0.198090 0.199228 0.004340 0.007407
0 0.198090 0.199228 0.004340 0.007407
0 0.198090 0.199228 0.004340 0.007407
0 0.198090 0.199228 0.004340 0.007407
0 0.198351 0.199460 0.004340 0.007870
0 0.198351 0.199460 0.004340 0.007870
0 0.198351 0.199460 0.004340 0.007870
0 0.198351 0.199460 0.004340 0.007870
0 0.198351 0.199460 0.004340 0.007870
0 0.198351 0.199460 0.004340 0.007870
0 0.198351 0.199460 0.004340 0.007870
0 0.198351 0.199460 0.004340 0.007870
0 0.198351 0.199460 0.004340 0.007870
0 0.198351 0.199460 0.004340 0.007870
0 0.198351 0.199460 0.004340 0.007870
0 0.198351 0.199460 0.004340 0.007870
0 0.198351 0.199923 0.004340 0.007870
0 0.198481 0.199923 0.004601 0.007870
0 0.198568 0.200386 0.004427 0.007870
0 0.198698 0.200386 0.004687 0.007870
0 0.198698 0.200772 0.004687 0.007716
0 0.198828 0.200772 0.004427 0.007716
0 0.198958 0.201235 0.004687 0.007716
0 0.198958 0.201235 0.004687 0.007716
0 0.199175 0.201620 0.004601 0.007870
0 0.199175 0.201620 0.004601 0.007870
0 0.199175 0.201620 0.004601 0.007870
0 0.199175 0.201620 0.004601 0.007870
0 0.199175 0.201620 0.004601 0.007870
0 0.199175 0.201620 0.004601 0.007870
0 0.199175 0.201620 0.004601 0.007870
0 0.199175 0.201620 0.004601 0.007870
0 0.199175 0.201620 0.004601 0.007870
0 0.199175 0.201620 0.004601 0.007870
0 0.199175 0.201620 0.004601 0.007870
0 0.199175 0.201620 0.004601 0.007870
0 0.199175 0.201620 0.004601 0.007870
0 0.199175 0.201620 0.004601 0.007870
0 0.199175 0.201620 0.004601 0.007870
0 0.199175 0.201620 0.004601 0.007870
0 0.199175 0.201620 0.004601 0.007870
0 0.199175 0.201620 0.004601 0.007870
0 0.199175 0.201620 0.004601 0.007870
0 0.199175 0.201620 0.004601 0.007870
0 0.199175 0.201620 0.004601 0.007870
0 0.198958 0.201235 0.004687 0.007716
0 0.198958 0.201235 0.004687 0.007716
0 0.198698 0.200772 0.004687 0.007716
0 0.198698 0.200772 0.004687 0.007716
0 0.198698 0.200772 0.004687 0.007716
0 0.198481 0.200386 0.004601 0.007870
0 0.198481 0.200386 0.004601 0.007870
0 0.198220 0.199923 0.004601 0.007870
0 0.198220 0.199923 0.004601 0.007870
0 0.198220 0.199923 0.004601 0.007870
0 0.198220 0.199923 0.004601 0.007870
0 0.198220 0.199923 0.004601 0.007870
0 0.198220 0.199923 0.004601 0.007870
0 0.198220 0.199923 0.004601 0.007870
0 0.198220 0.199923 0.004601 0.007870
0 0.198220 0.199923 0.004601 0.007870
0 0.198220 0.199923 0.004601 0.007870
0 0.198220 0.199923 0.004601 0.007870
0 0.198220 0.199923 0.004601 0.007870
0 0.198220 0.199923 0.004601 0.007870
0 0.198220 0.199460 0.004601 0.007870
0 0.198220 0.199460 0.004601 0.007870
0 0.198220 0.199460 0.004601 0.007870
0 0.198220 0.199460 0.004601 0.007870
0 0.198220 0.199460 0.004601 0.007870
0 0.198220 0.199306 0.004601 0.008179
0 0.198220 0.199306 0.004601 0.008179
0 0.198220 0.199306 0.004601 0.008179
0 0.198220 0.199306 0.004601 0.008179
0 0.198220 0.199306 0.004601 0.008179
0 0.198220 0.199306 0.004601 0.008179
0 0.198220 0.199306 0.004601 0.008179
0 0.198220 0.199306 0.004601 0.008179
0 0.198220 0.199306 0.004601 0.008179
0 0.198220 0.199306 0.004601 0.008179
0 0.198220 0.199306 0.004601 0.008179
0 0.198220 0.199306 0.004601 0.008179
0 0.198220 0.199306 0.004601 0.008179
0 0.198220 0.199306 0.004601 0.008179
0 0.198220 0.199306 0.004601 0.008179
0 0.198220 0.199306 0.004601 0.008179
0 0.198220 0.199306 0.004601 0.008179
0 0.198220 0.199306 0.004601 0.008179
0 0.198220 0.199306 0.004601 0.008179
0 0.198220 0.199306 0.004601 0.008179
0 0.198220 0.199306 0.004601 0.008179
0 0.198220 0.199306 0.004601 0.008179
0 0.198220 0.199306 0.004601 0.008179
0 0.198220 0.199306 0.004601 0.008179
0 0.198351 0.199460 0.004340 0.007870
0 0.198351 0.199460 0.004340 0.007870
0 0.198351 0.199460 0.004340 0.007870
0 0.198351 0.199460 0.004340 0.007870
0 0.198351 0.199460 0.004340 0.007870
0 0.198351 0.199460 0.004340 0.007870
0 0.198351 0.199460 0.004340 0.007870
0 0.198351 0.199460 0.004340 0.007870
0 0.198351 0.199460 0.004340 0.007870
0 0.198351 0.199460 0.004340 0.007870
0 0.198351 0.199460 0.004340 0.007870
0 0.198351 0.199460 0.004340 0.007870
0 0.198351 0.199460 0.004340 0.007870
0 0.198351 0.199460 0.004340 0.007870
0 0.198351 0.199460 0.004340 0.007870
0 0.198351 0.199460 0.004340 0.007870
0 0.198351 0.199460 0.004340 0.007870
0 0.198351 0.199460 0.004340 0.007870
0 0.198351 0.199460 0.004340 0.007870
0 0.198351 0.199460 0.004340 0.007870
0 0.198351 0.199460 0.004340 0.007870
0 0.198351 0.199460 0.004340 0.007870
0 0.198351 0.199460 0.004340 0.007870
0 0.198351 0.199460 0.004340 0.007870
0 0.198351 0.199460 0.004340 0.007870
0 0.198351 0.199460 0.004340 0.007870
0 0.198351 0.199460 0.004340 0.007870
0 0.198351 0.199460 0.004340 0.007870
0 0.198351 0.199460 0.004340 0.007870
0 0.198351 0.199460 0.004340 0.007870
0 0.198351 0.199460 0.004340 0.007870
0 0.198351 0.199460 0.004340 0.007870
0 0.198481 0.199460 0.004601 0.007870
0 0.198481 0.199460 0.004601 0.007870
0 0.198611 0.199460 0.004861 0.007870
0 0.198698 0.199923 0.004687 0.007870
0 0.198828 0.199923 0.004948 0.007870
0 0.198828 0.199923 0.004948 0.007870
0 0.198915 0.199923 0.005122 0.007870
0 0.198915 0.199923 0.005122 0.007870
0 0.199175 0.200386 0.005122 0.007870
0 0.198915 0.199923 0.005122 0.007870
0 0.198915 0.199923 0.005122 0.007870
0 0.198828 0.199923 0.004948 0.007870
0 0.198828 0.199923 0.004948 0.007870
0 0.198698 0.199923 0.004687 0.007870
0 0.198611 0.199460 0.004861 0.007870
0 0.198481 0.199460 0.004601 0.007870
0 0.198481 0.199460 0.004601 0.007870
0 0.198351 0.199460 0.004340 0.007870
0 0.198351 0.199460 0.004340 0.007870
0 0.198351 0.199460 0.004340 0.007870
0 0.198481 0.199923 0.004601 0.007870
0 0.198481 0.199923 0.004601 0.007870
0 0.198698 0.200386 0.004687 0.007870
0 0.198828 0.200386 0.004948 0.007870
0 0.198828 0.200772 0.004948 0.007716
0 0.199045 0.200772 0.004861 0.007716
0 0.199045 0.201235 0.004861 0.007716
0 0.199175 0.201235 0.005122 0.007716
0 0.199436 0.201620 0.005122 0.007870
0 0.199175 0.201620 0.005122 0.007870
0 0.199175 0.201620 0.005122 0.007870
0 0.199045 0.201620 0.004861 0.007870
0 0.199045 0.201620 0.004861 0.007870
0 0.198958 0.201620 0.004687 0.007870
0 0.198828 0.201620 0.004948 0.007870
0 0.198698 0.201620 0.004687 0.007870
0 0.198698 0.201620 0.004687 0.007870
0 0.198568 0.201620 0.004427 0.007870
0 0.198568 0.201620 0.004427 0.007870
