0 0.508333 0.442593 0.005729 0.014815
0 0.531380 0.467824 0.007031 0.015278
0 0.533984 0.422454 0.008594 0.015278
0 0.588932 0.559954 0.008594 0.015278
0 0.636719 0.523611 0.009896 0.014815
1 0.309505 0.830093 0.049740 0.168519
0 0.357292 0.408102 0.013021 0.017130
0 0.666146 0.518287 0.006250 0.013426
0 0.515885 0.370370 0.009896 0.017593
0 0.401172 0.646759 0.010156 0.022222
0 0.557161 0.432639 0.007552 0.015278
2 0.339453 0.885417 0.034635 0.145833
0 0.449609 0.688426 0.010677 0.019444
4 0.164453 0.029630 0.024219 0.053704
