0 0.511328 0.455787 0.007031 0.016204
0 0.531120 0.485417 0.007552 0.015278
0 0.539974 0.442130 0.008594 0.013889
0 0.584245 0.574769 0.008073 0.017130
0 0.633333 0.548611 0.007812 0.014815
0 0.557943 0.448843 0.008073 0.014352
1 0.290365 0.793287 0.048438 0.166204
0 0.366667 0.408102 0.010417 0.017130
0 0.663151 0.549074 0.006510 0.012963
0 0.391927 0.633333 0.010417 0.024074
0 0.434245 0.684722 0.009115 0.015741
0 0.524479 0.386806 0.012500 0.017130
2 0.312760 0.850694 0.038542 0.143056
4 0.203776 0.025231 0.022135 0.050463
