0 0.475000 0.325926 0.010417 0.016667
0 0.488021 0.468519 0.014583 0.018519
0 0.435156 0.444444 0.017188 0.025926
4 0.121354 0.322222 0.031250 0.072222
0 0.370573 0.386574 0.030729 0.025000
0 0.522396 0.424537 0.009375 0.021296
0 0.066146 0.630093 0.019792 0.025000
0 0.279167 0.710185 0.011458 0.020370
0 0.330208 0.557407 0.011458 0.025926
0 0.498437 0.651389 0.017708 0.030556
0 0.479687 0.814815 0.015625 0.033333
0 0.480729 0.871759 0.020833 0.025000
1 0.813281 0.105556 0.046354 0.090741
0 0.852865 0.690741 0.048438 0.027778
