0 0.396354 0.175463 0.008333 0.017593
0 0.311979 0.113426 0.009375 0.017593
4 0.479687 0.036111 0.020833 0.053704
0 0.508854 0.293981 0.012500 0.025000
0 0.494792 0.323611 0.010417 0.025000
0 0.179688 0.356944 0.010417 0.021296
0 0.155469 0.372222 0.011979 0.020370
0 0.451302 0.356481 0.009896 0.018519
0 0.219792 0.390278 0.018750 0.017593
0 0.285938 0.337500 0.010417 0.019444
0 0.367969 0.519444 0.016146 0.024074
0 0.469271 0.353241 0.013542 0.025000
0 0.185938 0.725926 0.036458 0.044444
1 0.874740 0.699537 0.089063 0.258333
