4 0.549740 0.270833 0.016146 0.041667
0 0.382812 0.356019 0.006250 0.015741
0 0.503906 0.407870 0.007812 0.015741
0 0.578906 0.461574 0.013021 0.015741
0 0.631771 0.508796 0.008333 0.015741
0 0.362760 0.502778 0.009896 0.012963
0 0.341927 0.513889 0.006771 0.014815
0 0.354427 0.534259 0.009896 0.016667
0 0.395833 0.533333 0.010417 0.018519
0 0.544271 0.529630 0.008333 0.016667
1 0.879948 0.597222 0.133854 0.131481
0 0.450000 0.685648 0.010417 0.019444
0 0.398177 0.713426 0.014063 0.017593
0 0.685156 0.598611 0.010937 0.025000
