4 0.561719 0.206944 0.017188 0.043519
0 0.388802 0.297222 0.006771 0.014815
0 0.511719 0.349537 0.006771 0.013889
0 0.583594 0.400926 0.010937 0.014815
0 0.636198 0.454630 0.006771 0.018519
0 0.377865 0.441667 0.015104 0.020370
0 0.355729 0.450463 0.006250 0.013889
0 0.367708 0.468056 0.009375 0.017593
0 0.403646 0.477778 0.009375 0.018519
0 0.545312 0.471759 0.006250 0.012037
1 0.900781 0.545370 0.138021 0.135185
0 0.467708 0.621296 0.009375 0.020370
0 0.422656 0.633796 0.011979 0.021296
0 0.651302 0.527315 0.019271 0.013889
