2 0.651393 0.652395 0.019795 0.009086
0 0.688508 0.786619 0.003849 0.007159
0 0.660191 0.832737 0.004032 0.005231
0 0.672471 0.852423 0.003299 0.005507
0 0.717742 0.873210 0.002933 0.004681
0 0.643328 0.893998 0.008798 0.010463
0 0.622617 0.882572 0.006965 0.008535
3 0.625275 0.876927 0.003849 0.005507
0 0.597232 0.894548 0.004582 0.005507
0 0.560576 0.971779 0.004216 0.005782
0 0.570839 0.967373 0.003849 0.006333
4 0.421004 0.973844 0.008065 0.011564
1 0.506782 0.603800 0.032625 0.039648
3 0.502841 0.579983 0.003482 0.005231
