1 0.704427 0.273611 0.039062 0.015741
1 0.855339 0.323611 0.020052 0.021296
0 0.754297 0.227778 0.003906 0.005556
0 0.783464 0.243287 0.003906 0.005093
0 0.805599 0.231481 0.003906 0.005556
0 0.822396 0.268287 0.005208 0.006944
1 0.984766 0.346759 0.030469 0.030556
0 0.735677 0.214815 0.003646 0.005556
0 0.710026 0.242593 0.004948 0.006481
0 0.858073 0.265972 0.004167 0.006944
0 0.866927 0.276389 0.004687 0.005556
1 0.901823 0.250694 0.022917 0.019907
0 0.822917 0.227083 0.004167 0.008796
0 0.835026 0.245139 0.004427 0.007870
0 0.876953 0.243750 0.003385 0.006944
