1 0.694922 0.278472 0.038281 0.015278
1 0.843359 0.327778 0.019531 0.021296
0 0.743880 0.234028 0.003385 0.005093
0 0.771354 0.248611 0.004687 0.006481
0 0.792839 0.237269 0.003385 0.005093
0 0.810547 0.273148 0.005469 0.007407
1 0.970833 0.348148 0.032292 0.029630
0 0.724870 0.221759 0.004427 0.006481
0 0.699870 0.247685 0.004948 0.006481
0 0.845573 0.270602 0.004167 0.006944
0 0.853776 0.281713 0.004948 0.006019
1 0.887370 0.256481 0.021615 0.020370
0 0.808984 0.232176 0.003906 0.007870
0 0.820964 0.250231 0.004427 0.007870
0 0.863021 0.249537 0.003646 0.007407
