1 0.652083 0.308565 0.034896 0.015278
1 0.784635 0.360648 0.018229 0.018519
1 0.896615 0.360648 0.026562 0.024074
0 0.692187 0.268750 0.003646 0.005093
0 0.711979 0.280787 0.004167 0.006019
0 0.732812 0.270602 0.003646 0.005093
0 0.753385 0.303704 0.005208 0.007407
0 0.674089 0.259028 0.003385 0.005093
0 0.657161 0.282407 0.003385 0.005556
0 0.786068 0.300926 0.003906 0.005556
0 0.794401 0.309722 0.004427 0.005556
1 0.820703 0.286111 0.018490 0.017593
0 0.747135 0.266667 0.003646 0.006481
0 0.754818 0.281019 0.003906 0.007407
0 0.797656 0.280324 0.003646 0.006019
