4 0.702083 0.484722 0.010937 0.025926
4 0.145182 0.099074 0.004427 0.010185
4 0.295052 0.157870 0.004687 0.011111
1 0.034766 0.551157 0.069531 0.088426
0 0.940885 0.478472 0.006250 0.008796
0 0.917318 0.479630 0.009635 0.010185
0 0.960547 0.498611 0.010156 0.010185
0 0.925521 0.505556 0.009375 0.011111
0 0.889974 0.504861 0.007552 0.010648
0 0.897526 0.511343 0.008594 0.008796
0 0.974219 0.553704 0.005729 0.009259
0 0.965234 0.551852 0.008073 0.009259
2 0.979948 0.537037 0.019271 0.023148
1 0.902474 0.068981 0.024219 0.071296
