4 0.580469 0.469444 0.010417 0.025926
4 0.152344 0.173843 0.004687 0.012500
1 0.906901 0.403704 0.040365 0.033333
0 0.798047 0.444676 0.005990 0.008796
0 0.778385 0.445833 0.005208 0.008333
0 0.818229 0.461111 0.013021 0.010185
0 0.786719 0.472222 0.007292 0.008333
0 0.752214 0.472222 0.006510 0.012037
0 0.758984 0.481019 0.009635 0.010185
2 0.834505 0.489583 0.019531 0.019907
0 0.829167 0.510185 0.005729 0.008333
0 0.819922 0.511111 0.007031 0.012037
1 0.825260 0.050000 0.020313 0.062963
1 0.746484 0.062269 0.022135 0.068981
