4 0.477604 0.467824 0.010417 0.026389
4 0.013411 0.193056 0.004948 0.014815
1 0.793229 0.384028 0.036979 0.030093
0 0.685677 0.426852 0.005729 0.007407
0 0.664974 0.429630 0.006510 0.010185
0 0.703776 0.443519 0.008594 0.010185
0 0.674219 0.453704 0.006250 0.008333
0 0.641276 0.455324 0.006510 0.012500
0 0.648828 0.464120 0.010156 0.009722
2 0.733464 0.457639 0.028385 0.016204
1 0.694271 0.047917 0.017708 0.062500
1 0.621224 0.062037 0.020573 0.065741
1 0.856771 0.018750 0.017188 0.037500
0 0.717578 0.485417 0.004948 0.008796
0 0.706771 0.488426 0.005208 0.010185
