4 0.443880 0.506944 0.010677 0.026852
1 0.788802 0.414583 0.038542 0.033796
2 0.771875 0.534954 0.011458 0.015278
0 0.661589 0.450000 0.007031 0.008333
0 0.678516 0.467361 0.008073 0.009722
0 0.638281 0.455093 0.004167 0.009259
0 0.645703 0.483333 0.006510 0.008333
0 0.613411 0.485417 0.005469 0.007870
0 0.618880 0.494213 0.008594 0.009722
1 0.652474 0.053472 0.015365 0.064352
1 0.576432 0.070139 0.019010 0.069907
1 0.813411 0.022222 0.018490 0.043519
0 0.692969 0.523148 0.005208 0.010185
0 0.676693 0.520370 0.008073 0.011111
