4 0.424870 0.586806 0.011719 0.030093
1 0.830469 0.487731 0.049479 0.035648
2 0.707161 0.730787 0.025260 0.019907
0 0.673047 0.512731 0.005990 0.007870
0 0.688932 0.531481 0.010677 0.011111
0 0.643750 0.519676 0.006771 0.009722
0 0.650521 0.551620 0.006771 0.008796
0 0.616927 0.552083 0.012500 0.009722
0 0.623698 0.561806 0.009375 0.011574
1 0.644010 0.070833 0.016667 0.066667
1 0.564453 0.089120 0.019010 0.072685
1 0.810026 0.030093 0.022135 0.059259
0 0.705729 0.599537 0.006771 0.010185
0 0.682943 0.598380 0.009115 0.009722
