1 0.527734 0.244676 0.021615 0.055093
1 0.666146 0.626620 0.026042 0.034722
1 0.257943 0.138194 0.008594 0.019907
4 0.576953 0.453009 0.008073 0.018981
2 0.487760 0.815278 0.032292 0.020370
0 0.562760 0.692130 0.006250 0.008333
0 0.522135 0.638657 0.005208 0.007870
0 0.496354 0.639120 0.003646 0.006019
0 0.498568 0.654167 0.004427 0.007407
0 0.506250 0.674074 0.006771 0.010185
0 0.475911 0.654398 0.003385 0.006944
0 0.457682 0.647917 0.003385 0.006019
0 0.457292 0.658796 0.003646 0.005556
0 0.475911 0.668750 0.004948 0.006019
4 0.604557 0.247222 0.002865 0.010185
4 0.567057 0.196991 0.003906 0.008796
