1 0.522396 0.102778 0.021875 0.059259
1 0.666797 0.489352 0.021094 0.037963
4 0.583594 0.317824 0.007812 0.018981
2 0.508724 0.682176 0.032031 0.022685
4 0.612370 0.110185 0.003906 0.009259
4 0.575130 0.057176 0.004427 0.008796
0 0.529948 0.502315 0.004687 0.006481
0 0.500651 0.509259 0.007552 0.009259
0 0.501693 0.525231 0.004948 0.007870
0 0.478516 0.523611 0.005990 0.008333
0 0.456641 0.518981 0.004948 0.008333
0 0.456250 0.531250 0.004167 0.007870
0 0.507552 0.543056 0.007812 0.010185
0 0.477344 0.542130 0.004687 0.006481
0 0.566536 0.563889 0.007031 0.009259
