1 0.631250 0.452546 0.032813 0.036574
4 0.521484 0.289583 0.008594 0.019907
2 0.528255 0.728935 0.012760 0.038426
1 0.389323 0.047917 0.024479 0.061574
0 0.463672 0.479167 0.005469 0.009259
0 0.455339 0.508565 0.005469 0.008796
0 0.451823 0.533102 0.008854 0.013426
0 0.424479 0.523611 0.005208 0.009259
0 0.511979 0.575694 0.009375 0.011574
0 0.442708 0.557639 0.005729 0.012500
0 0.416667 0.553241 0.004687 0.011111
0 0.400130 0.545602 0.013281 0.014352
0 0.394401 0.531944 0.008073 0.011111
4 0.540234 0.052315 0.003906 0.009259
