1 0.686589 0.468056 0.030990 0.037037
4 0.553906 0.303704 0.008854 0.019444
2 0.564583 0.721528 0.029167 0.033796
1 0.398828 0.052778 0.023698 0.062037
0 0.492057 0.490509 0.005469 0.008796
0 0.488021 0.524769 0.007292 0.009722
0 0.486198 0.539120 0.005208 0.007870
0 0.455990 0.533796 0.005208 0.009259
0 0.539583 0.588889 0.006250 0.008333
0 0.471615 0.565972 0.008854 0.014352
0 0.451693 0.554630 0.007031 0.012037
0 0.436849 0.552083 0.009115 0.011574
0 0.426302 0.545370 0.008333 0.010185
4 0.575911 0.057176 0.004948 0.008796
