1 0.690365 0.466667 0.030729 0.038889
4 0.556380 0.306944 0.008594 0.020370
2 0.555208 0.721991 0.030729 0.032870
1 0.401042 0.054630 0.023438 0.062037
0 0.491667 0.491204 0.005208 0.009259
0 0.488411 0.525694 0.007552 0.009722
0 0.487500 0.541204 0.006250 0.009259
0 0.455339 0.534028 0.005469 0.008796
0 0.535677 0.588657 0.005208 0.008796
0 0.472396 0.566898 0.007812 0.012500
0 0.451172 0.550694 0.005990 0.011574
0 0.435156 0.550694 0.010417 0.012500
0 0.427214 0.542593 0.008073 0.009259
4 0.582943 0.057639 0.004427 0.009722
