1 0.700000 0.488657 0.032813 0.038426
4 0.597005 0.312963 0.009115 0.019444
2 0.462500 0.700926 0.022917 0.031481
1 0.491667 0.053935 0.020833 0.059722
0 0.489714 0.478241 0.005469 0.009259
0 0.477995 0.516204 0.007552 0.008333
0 0.477604 0.526620 0.006250 0.006019
0 0.442578 0.519907 0.005990 0.009259
0 0.501042 0.578009 0.007292 0.009722
0 0.451302 0.552315 0.007292 0.011111
0 0.433333 0.525231 0.005729 0.009722
0 0.420964 0.531481 0.009115 0.011111
0 0.411979 0.527315 0.007812 0.008333
4 0.695573 0.065509 0.004687 0.009722
