1 0.632812 0.177315 0.034896 0.033333
0 0.268750 0.590972 0.011979 0.013426
0 0.372135 0.386111 0.006771 0.012037
0 0.248698 0.491204 0.017708 0.012963
0 0.235677 0.480556 0.014583 0.012963
0 0.488542 0.311806 0.006250 0.009722
0 0.380339 0.339120 0.011198 0.010648
0 0.413021 0.296528 0.007292 0.008796
0 0.293620 0.430324 0.006510 0.007870
4 0.047526 0.640046 0.024219 0.055093
1 0.453125 0.137963 0.028125 0.013889
2 0.627734 0.091667 0.009635 0.007407
3 0.419922 0.292593 0.006510 0.005556
3 0.288281 0.434722 0.006250 0.006481
