1 0.595182 0.870833 0.032552 0.057407
1 0.732682 0.646528 0.050260 0.041204
0 0.670964 0.739120 0.012760 0.013426
0 0.670964 0.739120 0.012760 0.013426
0 0.767578 0.844676 0.007552 0.012500
0 0.505078 0.937500 0.008073 0.010185
0 0.480990 0.949306 0.010417 0.012500
0 0.470964 0.924769 0.005469 0.010648
0 0.665234 0.976157 0.005990 0.011574
0 0.771484 0.881250 0.007552 0.012500
0 0.775781 0.868519 0.005208 0.009259
3 0.706510 0.761806 0.007292 0.008796
0 0.730078 0.808796 0.004948 0.008333
0 0.701562 0.764815 0.004167 0.008333
3 0.703776 0.751620 0.005990 0.006944
