1 0.629557 0.859259 0.033073 0.056481
1 0.761328 0.644907 0.050781 0.040741
0 0.706120 0.738889 0.009635 0.011111
0 0.802474 0.852778 0.008073 0.012963
0 0.534115 0.929167 0.006250 0.012963
0 0.510807 0.939352 0.012240 0.012037
0 0.494922 0.917361 0.006510 0.010648
0 0.709245 0.975926 0.012240 0.012963
0 0.807813 0.884259 0.006771 0.013889
0 0.807031 0.872685 0.005729 0.011111
3 0.742057 0.759259 0.007552 0.008333
0 0.766146 0.803472 0.005729 0.009722
4 0.253646 0.975694 0.019271 0.048611
3 0.738932 0.751852 0.005469 0.007407
