1 0.631250 0.853935 0.032292 0.056019
1 0.762370 0.640046 0.050781 0.041204
0 0.708073 0.735880 0.008854 0.010648
0 0.805990 0.851389 0.007812 0.012037
0 0.537240 0.923843 0.005729 0.014352
0 0.512891 0.934491 0.012240 0.011574
0 0.496875 0.913657 0.014063 0.011574
0 0.709245 0.972222 0.012240 0.013889
0 0.811458 0.880787 0.006771 0.013426
0 0.809896 0.869444 0.005208 0.011111
3 0.740755 0.758333 0.006510 0.007407
0 0.769141 0.797917 0.004948 0.009722
4 0.256771 0.972917 0.020313 0.052315
3 0.742188 0.749306 0.005208 0.006019
