1 0.871615 0.278241 0.065104 0.075000
0 0.680859 0.696528 0.012760 0.018056
0 0.282292 0.527083 0.010937 0.017130
0 0.258333 0.522454 0.009896 0.018981
0 0.373307 0.740509 0.015885 0.016204
0 0.661849 0.671065 0.012240 0.018981
0 0.780339 0.517130 0.018490 0.022222
0 0.737630 0.472685 0.015885 0.019444
4 0.011068 0.408102 0.021094 0.050463
3 0.717708 0.482407 0.009896 0.013889
0 0.701562 0.417593 0.006771 0.014815
0 0.234766 0.474306 0.010677 0.018056
1 0.615495 0.407870 0.053906 0.062963
0 0.665625 0.690046 0.009896 0.018056
