1 0.871745 0.266435 0.064323 0.070833
0 0.703776 0.412731 0.014844 0.020833
0 0.687891 0.697917 0.013281 0.022685
0 0.276172 0.518287 0.010677 0.014352
0 0.245443 0.523843 0.007031 0.014352
0 0.352474 0.739120 0.021615 0.024537
0 0.662109 0.667361 0.010677 0.017130
0 0.802734 0.504861 0.010677 0.013426
0 0.750651 0.469444 0.011719 0.022222
3 0.723437 0.478704 0.010417 0.013889
0 0.233724 0.477546 0.009115 0.017130
1 0.665625 0.356944 0.049479 0.061111
0 0.670703 0.690278 0.017448 0.019444
4 0.007552 0.403009 0.015104 0.051389
