1 0.873307 0.262963 0.065365 0.069444
0 0.714974 0.409259 0.014844 0.021296
0 0.701432 0.712037 0.016406 0.018519
0 0.277214 0.515278 0.012240 0.015741
0 0.240755 0.520602 0.006510 0.018056
0 0.350391 0.741435 0.029948 0.023611
0 0.667839 0.671759 0.010677 0.016667
0 0.813802 0.505787 0.009375 0.015278
0 0.760938 0.467361 0.010417 0.024537
3 0.732943 0.476157 0.011198 0.014352
0 0.234896 0.474306 0.015625 0.018056
1 0.691536 0.339815 0.047135 0.060185
0 0.677995 0.700231 0.016927 0.018981
4 0.008073 0.405556 0.016146 0.053704
