0 0.720313 0.413657 0.015104 0.020833
0 0.706641 0.706250 0.017448 0.022685
0 0.282031 0.521528 0.013021 0.016204
0 0.242839 0.531944 0.007031 0.014815
1 0.874870 0.261806 0.064844 0.070833
0 0.326823 0.736111 0.024479 0.025000
0 0.671745 0.666667 0.009115 0.016667
0 0.817057 0.504167 0.011198 0.017593
0 0.767708 0.468519 0.010417 0.025926
3 0.738542 0.478935 0.011458 0.013426
0 0.239063 0.483796 0.011979 0.015741
1 0.704036 0.332870 0.046615 0.061111
0 0.681901 0.695139 0.019010 0.019907
4 0.008203 0.403241 0.016406 0.053704
