0 0.721484 0.410417 0.014844 0.019907
0 0.704427 0.710417 0.014063 0.021759
0 0.286979 0.520139 0.012500 0.015278
0 0.245964 0.533333 0.007552 0.013889
1 0.875130 0.261806 0.064844 0.071759
0 0.319792 0.725926 0.023438 0.021296
0 0.667448 0.667593 0.009896 0.018519
0 0.823438 0.508333 0.009375 0.016667
0 0.769792 0.467824 0.010417 0.025463
3 0.740104 0.475463 0.011979 0.012963
0 0.242448 0.487269 0.009896 0.017130
1 0.714974 0.321296 0.045573 0.059259
0 0.678255 0.700000 0.019010 0.021296
4 0.008203 0.406250 0.016406 0.054167
