0 0.723828 0.410417 0.015365 0.020833
0 0.712760 0.715509 0.012500 0.022685
0 0.287240 0.516898 0.009375 0.012500
0 0.248307 0.530556 0.010677 0.013889
1 0.876693 0.262963 0.064844 0.071296
0 0.307161 0.716898 0.027865 0.020833
0 0.673958 0.671991 0.009375 0.017130
0 0.828255 0.510880 0.010156 0.012500
0 0.774349 0.469444 0.010677 0.026852
3 0.744141 0.479398 0.012240 0.013426
0 0.244922 0.486343 0.011719 0.018981
1 0.718229 0.318519 0.044792 0.060185
0 0.685547 0.703472 0.016927 0.019907
4 0.008594 0.408333 0.017188 0.053704
