0 0.733984 0.412963 0.013802 0.019444
0 0.715625 0.712731 0.014583 0.019907
0 0.241797 0.523380 0.007552 0.014352
1 0.883464 0.250000 0.065885 0.068519
0 0.286198 0.710648 0.028646 0.025926
0 0.683464 0.667593 0.008594 0.018519
0 0.283203 0.503009 0.009115 0.019907
0 0.835938 0.507639 0.013542 0.018056
0 0.783984 0.468519 0.010156 0.025000
3 0.755078 0.478241 0.012240 0.012963
0 0.240885 0.478704 0.010417 0.017593
1 0.733333 0.312731 0.043750 0.058796
0 0.694271 0.696991 0.018229 0.022685
4 0.010026 0.403241 0.020052 0.050926
