0.0 0.381849 0.516550 0.012365 0.046644
0.0 0.345799 0.524070 0.013937 0.028881
0.0 0.356513 0.515189 0.011255 0.024771
0.0 0.528864 0.524070 0.011215 0.026146
0.0 0.537358 0.532951 0.011215 0.024784
0.0 0.557900 0.512453 0.012100 0.027507
0.0 0.299709 0.629757 0.011546 0.042062
0.0 0.315337 0.615404 0.024042 0.037965
0.0 0.269802 0.615404 0.013329 0.037965
0.0 0.282853 0.618369 0.014003 0.032951
0.0 0.289221 0.600593 0.017345 0.027466
0.0 0.278732 0.589191 0.012444 0.023827
0.0 0.288547 0.575297 0.016011 0.031563
0.0 0.286433 0.553086 0.010423 0.024030
0.0 0.318917 0.531092 0.009749 0.036105
0.0 0.309538 0.519704 0.012431 0.032453
0.0 0.566962 0.535876 0.015495 0.026536
