0.0 0.016928 0.764735 0.033856 0.165151
0.0 0.033113 0.755484 0.045524 0.174391
0.0 0.157192 0.763871 0.042345 0.166878
0.0 0.074855 0.780635 0.055632 0.144911
0.0 0.111090 0.771956 0.043708 0.141446
0.0 0.114302 0.767045 0.020776 0.142019
0.0 0.277597 0.678866 0.046507 0.114808
0.0 0.525756 0.669032 0.040140 0.150656
0.0 0.471858 0.684069 0.035087 0.125213
0.0 0.452362 0.668460 0.032783 0.128678
0.0 0.689513 0.599646 0.026424 0.108991
0.0 0.727589 0.601384 0.032857 0.098585
0.0 0.766119 0.597045 0.027358 0.107253
0.0 0.792494 0.579407 0.026903 0.089324
0.0 0.823452 0.612071 0.039298 0.088762
0.0 0.996385 0.547898 0.007230 0.092206
0.0 0.944781 0.570739 0.030611 0.113611
0.0 0.912444 0.574787 0.026474 0.100885
0.0 0.890429 0.581426 0.031974 0.096847
0.0 0.874145 0.553091 0.023254 0.060978
