0.0 0.783164 0.408135 0.055409 0.083754
0.0 0.557258 0.326966 0.067742 0.058808
0.0 0.488623 0.276116 0.052159 0.062149
0.0 0.484380 0.323436 0.063474 0.069917
0.0 0.428474 0.366375 0.040819 0.109339
0.0 0.452891 0.457308 0.055682 0.056836
0.0 0.544851 0.740295 0.056464 0.099551
0.0 0.386352 0.907013 0.067742 0.097592
0.0 0.349020 0.979115 0.034119 0.041771
0.0 0.286576 0.976077 0.038002 0.047845
0.0 0.403151 0.641452 0.036253 0.081653
0.0 0.399789 0.595136 0.053598 0.092078
0.0 0.349194 0.586718 0.035893 0.071192
0.0 0.316998 0.606423 0.040844 0.100508
0.0 0.140806 0.728335 0.057779 0.089776
0.0 0.102233 0.721771 0.033002 0.054404
0.0 0.015313 0.709481 0.030627 0.088418
