0.0 0.902641 0.749897 0.127832 0.109192
0.0 0.166443 0.394210 0.035023 0.066357
0.0 0.229344 0.387182 0.049817 0.080412
0.0 0.108153 0.394983 0.040595 0.083540
0.0 0.122489 0.383797 0.030412 0.064261
0.0 0.083634 0.402285 0.035969 0.079364
0.0 0.298275 0.367388 0.048870 0.053316
0.0 0.499496 0.370258 0.040504 0.099674
0.0 0.354015 0.341340 0.035450 0.057474
0.0 0.385939 0.353058 0.049313 0.046546
0.0 0.438672 0.364519 0.027099 0.088213
0.0 0.621160 0.366082 0.033985 0.103832
0.0 0.684076 0.365825 0.032122 0.081443
0.0 0.752534 0.343436 0.030260 0.080395
0.0 0.839496 0.342904 0.043191 0.054347
0.0 0.909588 0.337698 0.036229 0.056426
0.0 0.981511 0.319210 0.027420 0.072560
