0.0 0.259585 0.429044 0.027040 0.032558
0.0 0.251698 0.467704 0.031827 0.080375
0.0 0.277134 0.479747 0.044960 0.100837
0.0 0.313473 0.497146 0.038085 0.083946
0.0 0.325740 0.476520 0.020006 0.052064
0.0 0.339953 0.490478 0.031244 0.079610
0.0 0.355481 0.486050 0.026949 0.065210
0.0 0.372112 0.476075 0.036538 0.079200
0.0 0.538343 0.383724 0.039554 0.079301
0.0 0.679833 0.467745 0.036220 0.064436
0.0 0.732505 0.489014 0.048828 0.078760
0.0 0.737515 0.555452 0.052420 0.077792
0.0 0.781751 0.559385 0.053441 0.093202
0.0 0.853878 0.578805 0.046613 0.097421
0.0 0.933470 0.595198 0.048946 0.083520
0.0 0.486333 0.732132 0.038111 0.104626
0.0 0.497240 0.755048 0.035826 0.074728
0.0 0.507962 0.807852 0.052009 0.077815
0.0 0.523022 0.760154 0.035608 0.048099
0.0 0.523625 0.855841 0.054468 0.082229
