0.0 0.004174 0.513119 0.008349 0.011433
0.0 0.165227 0.846582 0.008917 0.010806
0.0 0.173262 0.857821 0.009118 0.010134
0.0 0.161364 0.864179 0.013382 0.011955
0.0 0.316524 0.825582 0.016190 0.011030
0.0 0.305949 0.789687 0.007246 0.012836
0.0 0.320388 0.799463 0.006845 0.010567
0.0 0.288062 0.728940 0.012955 0.012582
0.0 0.286738 0.741433 0.011524 0.010313
0.0 0.289987 0.753806 0.005829 0.009179
0.0 0.283075 0.775955 0.011524 0.013955
0.0 0.394104 0.783672 0.011497 0.013060
0.0 0.390040 0.798552 0.008249 0.006015
0.0 0.390949 0.813657 0.006417 0.007612
0.0 0.359225 0.825910 0.008864 0.013075
0.0 0.372861 0.825463 0.009265 0.009433
0.0 0.386885 0.830000 0.008048 0.010343
0.0 0.518463 0.752000 0.010040 0.011000
0.0 0.936003 0.633672 0.016564 0.016866
0.0 0.897166 0.550896 0.014532 0.016149
0.0 0.909051 0.534209 0.017580 0.014090
