0.0 0.031397 0.785927 0.016677 0.028165
0.0 0.563127 0.972229 0.011948 0.033704
0.0 0.587888 0.966520 0.019379 0.036797
0.0 0.601168 0.987963 0.017614 0.024073
0.0 0.577793 0.980978 0.012873 0.029871
0.0 0.711194 0.992499 0.012906 0.015002
0.0 0.891038 0.859616 0.013207 0.034519
0.0 0.987786 0.876381 0.014226 0.033080
0.0 0.995326 0.867482 0.009348 0.029949
0.0 0.920369 0.738804 0.013394 0.019653
0.0 0.936984 0.736624 0.014227 0.031151
0.0 0.966806 0.738077 0.008441 0.024918
0.0 0.973549 0.740988 0.011885 0.029318
0.0 0.649930 0.589482 0.008259 0.018728
0.0 0.666062 0.589840 0.010098 0.023773
0.0 0.685118 0.600054 0.011575 0.022850
0.0 0.711891 0.590833 0.010938 0.023370
0.0 0.844439 0.657563 0.012292 0.029595
0.0 0.863636 0.669158 0.015285 0.024222
0.0 0.881771 0.678545 0.011406 0.021327
0.0 0.287819 0.407814 0.010790 0.022122
0.0 0.619406 0.392806 0.009918 0.016160
0.0 0.454694 0.399156 0.009713 0.018591
0.0 0.592004 0.467461 0.008935 0.014009
0.0 0.422451 0.403045 0.009707 0.017665
0.0 0.413384 0.409219 0.008469 0.016264
0.0 0.968937 0.501383 0.006979 0.028262
0.0 0.982877 0.496878 0.011304 0.024216
