0.0 0.127562 0.321083 0.085513 0.137990
0.0 0.357280 0.172219 0.083079 0.100554
0.0 0.416741 0.077253 0.065885 0.090019
0.0 0.427689 0.148891 0.080884 0.118733
0.0 0.490866 0.209863 0.069827 0.172814
0.0 0.481252 0.344274 0.068087 0.083874
0.0 0.429729 0.779141 0.083578 0.154322
0.0 0.557708 0.543729 0.076846 0.154745
0.0 0.555898 0.607058 0.060380 0.128219
0.0 0.601838 0.520417 0.050658 0.110059
0.0 0.634234 0.546841 0.062616 0.159567
0.0 0.820336 0.692302 0.075559 0.153828
0.0 0.844497 0.670986 0.041035 0.074031
0.0 0.933532 0.638253 0.068330 0.119732
0.0 0.614591 0.958354 0.077790 0.083291
