0.0 0.548415 0.540735 0.067346 0.211111
0.0 0.585467 0.524134 0.060369 0.200752
0.0 0.410639 0.521127 0.025209 0.099967
0.0 0.383206 0.538284 0.039128 0.085278
0.0 0.332224 0.520310 0.042826 0.121225
0.0 0.300283 0.520033 0.042838 0.110866
0.0 0.291278 0.551078 0.034644 0.081471
0.0 0.040700 0.594118 0.044533 0.108726
0.0 0.087985 0.567696 0.048206 0.111438
0.0 0.108047 0.524657 0.024459 0.051487
0.0 0.129349 0.553529 0.022813 0.122320
0.0 0.139373 0.508578 0.015848 0.035686
0.0 0.162912 0.543186 0.050651 0.088546
0.0 0.222494 0.546176 0.054324 0.078186
0.0 0.241732 0.555163 0.033845 0.073301
