0.0 0.965409 0.648849 0.069182 0.153491
0.0 0.931761 0.640251 0.057788 0.162079
0.0 0.774256 0.648046 0.053753 0.155097
0.0 0.878774 0.663627 0.070618 0.134681
0.0 0.832778 0.655561 0.055482 0.131460
0.0 0.828700 0.650996 0.026373 0.131992
0.0 0.621415 0.569043 0.059036 0.106702
0.0 0.306405 0.559903 0.050954 0.140019
0.0 0.374822 0.573878 0.044539 0.116373
0.0 0.399570 0.559371 0.041614 0.119594
0.0 0.098532 0.495416 0.033543 0.101296
0.0 0.050199 0.497031 0.041709 0.091625
0.0 0.009327 0.492998 0.018653 0.099681
