0 0.261867 0.063308 0.017477 0.037494
0 0.290994 0.042093 0.015356 0.038910
0 0.261069 0.091967 0.018002 0.035376
0 0.284906 0.088070 0.016942 0.038910
0 0.294962 0.113534 0.016942 0.036078
0 0.317205 0.085602 0.013771 0.042444
0 0.308358 0.121767 0.014137 0.039737
0 0.318959 0.132581 0.012955 0.040125
0 0.331623 0.158747 0.014137 0.031867
0 0.344437 0.080852 0.017964 0.035802
0 0.352242 0.123734 0.018846 0.034223
0 0.547505 0.143596 0.007655 0.034624
0 0.575929 0.131203 0.010310 0.031867
0 0.568565 0.151466 0.007955 0.041704
0 0.581079 0.153246 0.008246 0.038947
0 0.592861 0.148120 0.006482 0.035013
0 0.562523 0.194160 0.012373 0.035802
0 0.578724 0.195927 0.011191 0.036190
0 0.710760 0.297707 0.013977 0.039787
0 0.723780 0.300025 0.013396 0.035150
0 0.744231 0.292293 0.014934 0.035138
0 0.872317 0.237130 0.024156 0.034085
0 0.875591 0.304148 0.025319 0.037206
0 0.760844 0.124010 0.021923 0.033609
0 0.816013 0.067556 0.017280 0.034098
0 0.875235 0.096429 0.017645 0.039273
0 0.899343 0.087932 0.019568 0.037719
0 0.918921 0.083409 0.013583 0.030238
0 0.891820 0.133033 0.023049 0.038258
0 0.885460 0.173759 0.019578 0.033120
0 0.904653 0.256754 0.019765 0.032118
0 0.917092 0.242581 0.013396 0.022318
0 0.498771 0.205589 0.021745 0.039561
