0.0 0.268018 0.047776 0.030000 0.035066
0.0 0.290837 0.034184 0.032489 0.032250
0.0 0.314570 0.067158 0.041498 0.028816
0.0 0.280441 0.074197 0.042291 0.029763
0.0 0.270374 0.145855 0.031575 0.037132
0.0 0.295022 0.153053 0.031432 0.038395
0.0 0.330077 0.145316 0.026200 0.042605
0.0 0.360419 0.149447 0.033513 0.046197
0.0 0.394218 0.151013 0.042269 0.032447
0.0 0.276597 0.213895 0.031465 0.037276
0.0 0.303998 0.194355 0.036817 0.035697
0.0 0.337280 0.190145 0.031971 0.038513
0.0 0.417048 0.183737 0.040848 0.038816
0.0 0.456806 0.179987 0.027753 0.046316
0.0 0.378932 0.282434 0.036013 0.036513
0.0 0.417313 0.285474 0.046079 0.030421
0.0 0.290782 0.253908 0.035518 0.038539
0.0 0.007536 0.484855 0.015072 0.019461
0.0 0.028623 0.482118 0.034615 0.029921
0.0 0.046663 0.405776 0.028337 0.039434
0.0 0.037247 0.446961 0.034615 0.028974
0.0 0.027764 0.516592 0.036839 0.037908
0.0 0.044637 0.531829 0.036046 0.020566
0.0 0.068899 0.545500 0.036696 0.050737
0.0 0.069747 0.499158 0.037610 0.035868
0.0 0.104868 0.366079 0.037996 0.035039
0.0 0.104670 0.423750 0.033678 0.030368
0.0 0.148733 0.466421 0.030793 0.023829
0.0 0.156123 0.582776 0.038502 0.024961
0.0 0.173458 0.356618 0.039416 0.032066
0.0 0.156971 0.383895 0.044130 0.040671
0.0 0.237401 0.556908 0.029207 0.030421
0.0 0.100617 0.621592 0.024802 0.034145
0.0 0.159736 0.657066 0.034725 0.024474
0.0 0.248150 0.372750 0.035000 0.033395
0.0 0.280319 0.363447 0.034989 0.025105
0.0 0.285485 0.327737 0.031982 0.031500
0.0 0.325650 0.467645 0.033822 0.039408
0.0 0.352907 0.500776 0.027930 0.056934
0.0 0.328855 0.550092 0.030022 0.034592
0.0 0.314791 0.585724 0.027808 0.030868
0.0 0.341597 0.598224 0.040617 0.022118
0.0 0.312368 0.624724 0.033172 0.038539
0.0 0.330551 0.672237 0.027148 0.036053
0.0 0.369846 0.551263 0.028051 0.041632
0.0 0.407643 0.576974 0.029879 0.037737
0.0 0.400903 0.612763 0.029747 0.032434
0.0 0.399868 0.705658 0.033932 0.027895
0.0 0.602830 0.982273 0.036520 0.035454
0.0 0.509207 0.542671 0.025044 0.028197
0.0 0.548436 0.438342 0.023458 0.030500
0.0 0.587544 0.466171 0.026333 0.028013
0.0 0.583877 0.402013 0.053535 0.039395
0.0 0.647830 0.428737 0.033899 0.042224
0.0 0.547401 0.186789 0.020606 0.028987
0.0 0.742808 0.068566 0.026619 0.060697
0.0 0.741949 0.131553 0.023612 0.040395
0.0 0.726256 0.177658 0.017335 0.061355
0.0 0.710892 0.232355 0.025055 0.043250
0.0 0.650870 0.226816 0.039978 0.033092
0.0 0.835529 0.104355 0.016916 0.051645
0.0 0.814020 0.228026 0.035110 0.042092
0.0 0.776024 0.269684 0.039956 0.045711
0.0 0.692919 0.286645 0.034615 0.029921
0.0 0.666167 0.316724 0.043128 0.038539
0.0 0.626740 0.370803 0.043524 0.039803
0.0 0.766024 0.334079 0.030154 0.030105
0.0 0.822577 0.302974 0.021641 0.039158
0.0 0.816498 0.342355 0.025958 0.033539
0.0 0.791850 0.462750 0.027665 0.050237
0.0 0.831079 0.536908 0.022940 0.040105
0.0 0.749284 0.607053 0.024141 0.029461
0.0 0.699923 0.841855 0.037632 0.049961
0.0 0.730716 0.903421 0.026255 0.035263
0.0 0.784273 0.827303 0.028987 0.038658
0.0 0.784537 0.855513 0.037357 0.049145
0.0 0.792181 0.896066 0.024670 0.044947
0.0 0.821211 0.900447 0.033029 0.033066
0.0 0.805000 0.952487 0.028844 0.030276
0.0 0.817357 0.780960 0.022963 0.033171
0.0 0.883007 0.733132 0.030264 0.035026
0.0 0.828932 0.810421 0.031200 0.036776
0.0 0.823051 0.835658 0.038260 0.039447
0.0 0.883007 0.809487 0.036542 0.042408
0.0 0.860969 0.851921 0.038778 0.056961
0.0 0.837885 0.875987 0.026355 0.031961
0.0 0.864042 0.888184 0.033150 0.043224
0.0 0.868888 0.921934 0.036553 0.034487
0.0 0.891509 0.876763 0.025297 0.042908
0.0 0.902555 0.837934 0.042952 0.031171
0.0 0.916883 0.874263 0.036960 0.042750
0.0 0.697247 0.656263 0.024438 0.039724
0.0 0.721960 0.659066 0.028359 0.026605
0.0 0.555132 0.670566 0.018789 0.037395
0.0 0.704405 0.696974 0.023073 0.037724
0.0 0.981960 0.700790 0.030419 0.049092
0.0 0.993381 0.740645 0.013238 0.038789
0.0 0.990245 0.794882 0.019510 0.051632
0.0 0.983205 0.820039 0.030551 0.043829
0.0 0.987888 0.855355 0.024224 0.035710
