0.0 0.019848 0.052262 0.039697 0.029317
0.0 0.032818 0.131780 0.034379 0.043347
0.0 0.072630 0.135984 0.043974 0.047001
0.0 0.116980 0.137577 0.055462 0.033012
0.0 0.011376 0.181673 0.022753 0.036319
0.0 0.042269 0.177390 0.041951 0.039183
0.0 0.146936 0.170870 0.053598 0.039491
0.0 0.199104 0.167055 0.036416 0.047122
0.0 0.096922 0.271285 0.047254 0.037149
0.0 0.147283 0.274377 0.060462 0.030950
0.0 0.027009 0.459719 0.044379 0.040094
0.0 0.062775 0.493427 0.036647 0.057925
0.0 0.031214 0.543601 0.039393 0.035194
0.0 0.015502 0.579853 0.031004 0.031406
0.0 0.047934 0.592570 0.053295 0.022503
0.0 0.015672 0.619531 0.031344 0.039210
0.0 0.033439 0.667871 0.035621 0.036680
0.0 0.085000 0.544792 0.036806 0.042356
0.0 0.134595 0.570950 0.039205 0.038394
0.0 0.125751 0.607363 0.039032 0.032999
0.0 0.124393 0.701874 0.044523 0.028380
0.0 0.390708 0.982634 0.047919 0.034732
0.0 0.267861 0.536051 0.032861 0.028688
0.0 0.319335 0.429906 0.030780 0.031031
0.0 0.370650 0.458220 0.034552 0.028501
0.0 0.365838 0.392945 0.070246 0.040080
0.0 0.449754 0.420134 0.044480 0.042959
0.0 0.317977 0.173976 0.027038 0.029491
0.0 0.574379 0.053695 0.034928 0.061754
0.0 0.573251 0.117778 0.030983 0.041098
0.0 0.552659 0.164685 0.022746 0.062423
0.0 0.532500 0.220335 0.032876 0.044003
0.0 0.453743 0.214699 0.052457 0.033668
0.0 0.696041 0.090107 0.022197 0.052544
0.0 0.667818 0.215930 0.046069 0.042825
0.0 0.617962 0.258313 0.052428 0.046506
0.0 0.508916 0.275569 0.045419 0.030442
0.0 0.473815 0.306171 0.056590 0.039210
0.0 0.422081 0.361191 0.057110 0.040495
0.0 0.604841 0.323829 0.039566 0.030629
0.0 0.679046 0.292182 0.028396 0.039839
0.0 0.671069 0.332249 0.034061 0.034123
0.0 0.638728 0.454739 0.036301 0.051111
0.0 0.690202 0.530187 0.030101 0.040803
0.0 0.582876 0.601553 0.031676 0.029973
0.0 0.518107 0.840442 0.049379 0.050830
0.0 0.558512 0.903079 0.034451 0.035877
0.0 0.628786 0.825636 0.038035 0.039331
0.0 0.629133 0.854337 0.049017 0.050000
0.0 0.639162 0.895596 0.032370 0.045730
0.0 0.677254 0.900054 0.043338 0.033641
0.0 0.655983 0.952999 0.037847 0.030803
0.0 0.672196 0.778487 0.030130 0.033748
0.0 0.758338 0.729826 0.039711 0.035636
0.0 0.687384 0.808460 0.040939 0.037416
0.0 0.679668 0.834137 0.050202 0.040134
0.0 0.758338 0.807510 0.047948 0.043146
0.0 0.729422 0.850683 0.050881 0.057952
0.0 0.699133 0.875167 0.034581 0.032517
0.0 0.733454 0.887577 0.043497 0.043976
0.0 0.739812 0.921914 0.047962 0.035087
0.0 0.769494 0.875957 0.033194 0.043655
0.0 0.783988 0.836452 0.056358 0.031714
0.0 0.802789 0.873414 0.048497 0.043494
0.0 0.514595 0.651620 0.032067 0.040415
0.0 0.547023 0.654471 0.037211 0.027068
0.0 0.328121 0.666171 0.024653 0.038045
0.0 0.523988 0.693039 0.030275 0.038380
0.0 0.888179 0.696921 0.039913 0.049946
0.0 0.928251 0.705582 0.032529 0.037711
0.0 0.912977 0.737470 0.036994 0.039465
0.0 0.910925 0.792651 0.049350 0.052530
0.0 0.889812 0.818246 0.040087 0.044592
0.0 0.897876 0.854177 0.035621 0.036332
