0.0 0.056019 0.533433 0.078692 0.144631
0.0 0.056250 0.462794 0.066365 0.083174
0.0 0.267519 0.504770 0.053981 0.160998
0.0 0.319058 0.489920 0.029808 0.076008
0.0 0.021063 0.780200 0.042125 0.331058
0.0 0.086327 0.789920 0.091000 0.313653
0.0 0.094712 0.638643 0.062404 0.149281
0.0 0.154865 0.636088 0.062385 0.193293
0.0 0.247558 0.682675 0.064346 0.218902
0.0 0.277885 0.602016 0.021442 0.042276
0.0 0.285769 0.687006 0.029327 0.169261
0.0 0.343942 0.641956 0.052981 0.097565
0.0 0.351596 0.795549 0.102769 0.269641
0.0 0.397923 0.777645 0.086981 0.305449
0.0 0.441077 0.756128 0.075635 0.276786
0.0 0.500731 0.744351 0.070692 0.240938
0.0 0.611173 0.763293 0.143635 0.272695
