0.0 0.121192 0.137532 0.242384 0.275065
0.0 0.197398 0.105926 0.280946 0.211852
0.0 0.223791 0.346769 0.447581 0.522235
0.0 0.325431 0.114276 0.116917 0.128212
0.0 0.347323 0.241083 0.344243 0.357308
0.0 0.530377 0.174245 0.255096 0.316771
0.0 0.506263 0.289677 0.219297 0.245729
0.0 0.680376 0.262298 0.195904 0.200318
0.0 0.674770 0.364076 0.217038 0.284075
0.0 0.796425 0.399004 0.187467 0.259207
0.0 0.887507 0.442556 0.224985 0.317939
0.0 0.911739 0.277012 0.079025 0.085836
0.0 0.874020 0.552940 0.251959 0.523334
0.0 0.950660 0.488598 0.098680 0.548908
