0 0.171521 0.566629 0.017397 0.054186
0 0.191484 0.560549 0.019878 0.039129
0 0.204745 0.563939 0.014574 0.028447
0 0.251521 0.558125 0.022044 0.034261
0 0.284428 0.552784 0.014866 0.029413
0 0.299404 0.553996 0.018601 0.023087
0 0.373637 0.525095 0.049781 0.137235
0 0.373783 0.458068 0.041983 0.078920
0 0.507433 0.497898 0.034148 0.152765
0 0.540036 0.483807 0.018856 0.072121
0 0.086058 0.739564 0.056083 0.225227
0 0.144854 0.763125 0.070730 0.281098
0 0.210036 0.755114 0.055122 0.267973
0 0.333090 0.759242 0.063516 0.314129
0 0.392810 0.768466 0.057567 0.297614
0 0.398114 0.624924 0.039477 0.141648
0 0.436168 0.622500 0.039465 0.183409
0 0.494805 0.666705 0.040706 0.207708
0 0.513990 0.590170 0.013564 0.040114
0 0.518978 0.670814 0.018552 0.160606
0 0.555779 0.628068 0.033516 0.092576
0 0.560620 0.773807 0.065012 0.255852
0 0.589927 0.756818 0.055024 0.289830
0 0.617226 0.736402 0.047847 0.262633
0 0.654964 0.725227 0.044720 0.228617
0 0.724830 0.743201 0.090864 0.258750
