0 0.464844 0.332407 0.009896 0.016667
0 0.478385 0.463889 0.013021 0.018519
0 0.422656 0.440278 0.014063 0.023148
4 0.125260 0.311574 0.031771 0.073148
0 0.367708 0.400926 0.014583 0.025926
0 0.514062 0.434259 0.009375 0.018519
0 0.076823 0.642593 0.017188 0.016667
0 0.275781 0.708333 0.013021 0.022222
0 0.333594 0.567130 0.011979 0.026852
0 0.486198 0.660185 0.010937 0.027778
0 0.480208 0.812500 0.014583 0.032407
0 0.474219 0.864815 0.013021 0.024074
1 0.829688 0.087963 0.073958 0.072222
0 0.872656 0.697685 0.045312 0.030556
