0 0.461719 0.332870 0.011979 0.015741
0 0.472656 0.469907 0.016146 0.019444
0 0.416146 0.443056 0.015625 0.026852
4 0.116146 0.322685 0.031250 0.073148
0 0.363542 0.400463 0.009375 0.021296
0 0.507812 0.429167 0.008333 0.017593
0 0.063542 0.632407 0.015625 0.027778
0 0.264323 0.704630 0.011979 0.022222
0 0.320833 0.567593 0.010417 0.027778
0 0.478646 0.657870 0.010417 0.032407
0 0.467187 0.818056 0.014583 0.032407
0 0.464844 0.871759 0.023438 0.025000
1 0.819010 0.095370 0.060937 0.081481
0 0.855729 0.697222 0.050000 0.031481
