0 0.504948 0.322222 0.010937 0.016667
0 0.525521 0.450463 0.014583 0.017593
0 0.467187 0.423148 0.009375 0.020370
4 0.172396 0.313889 0.031250 0.072222
0 0.415625 0.393519 0.014583 0.027778
0 0.560937 0.422685 0.013542 0.017593
0 0.139063 0.622685 0.016667 0.026852
0 0.336458 0.686574 0.010417 0.019444
0 0.388542 0.555093 0.011458 0.030556
0 0.544531 0.641204 0.007812 0.025000
0 0.548698 0.794907 0.015104 0.026852
0 0.544271 0.855093 0.012500 0.023148
1 0.870313 0.078704 0.081250 0.072222
0 0.933073 0.691667 0.048438 0.033333
