4 0.478385 0.297685 0.018229 0.047222
0 0.308594 0.803704 0.024479 0.029630
0 0.160938 0.965278 0.021875 0.030556
1 0.816927 0.697685 0.129688 0.162037
1 0.817448 0.696296 0.130729 0.157407
0 0.304948 0.391204 0.009896 0.015741
0 0.416146 0.437500 0.008333 0.017593
0 0.455208 0.604630 0.006250 0.024074
0 0.531250 0.572685 0.009375 0.021296
0 0.484115 0.578704 0.008854 0.020370
0 0.264583 0.597222 0.007292 0.016667
0 0.211458 0.614815 0.008333 0.016667
0 0.172917 0.600000 0.009375 0.016667
0 0.207813 0.587037 0.006250 0.016667
