4 0.522917 0.280556 0.016667 0.042593
0 0.342708 0.366667 0.006250 0.012963
0 0.460677 0.422685 0.008854 0.017593
4 0.522917 0.280556 0.016667 0.042593
0 0.533073 0.487963 0.010937 0.016667
0 0.584115 0.528704 0.008854 0.016667
0 0.309115 0.518519 0.007812 0.014815
0 0.284896 0.533333 0.008333 0.014815
0 0.297135 0.551852 0.007812 0.014815
0 0.341146 0.552315 0.009375 0.019444
0 0.496094 0.550926 0.009896 0.016667
1 0.834375 0.627778 0.136458 0.140741
0 0.386458 0.717593 0.012500 0.020370
0 0.325781 0.756944 0.015104 0.017593
