1 0.280837 0.557001 0.012665 0.019428
0 0.315666 0.560667 0.013491 0.002199
0 0.299972 0.539864 0.007985 0.007148
0 0.301624 0.434109 0.006333 0.007881
0 0.337004 0.451521 0.006608 0.005315
0 0.339758 0.483229 0.011564 0.006048
0 0.359581 0.433651 0.007159 0.005865
0 0.410242 0.426686 0.005507 0.006965
1 0.453469 0.462243 0.015969 0.020528
0 0.345815 0.376466 0.006057 0.006598
0 0.395787 0.404234 0.008535 0.006782
1 0.387803 0.331928 0.027808 0.015762
0 0.292952 0.274652 0.005507 0.003482
1 0.305341 0.269062 0.027533 0.017229
