1 0.754427 0.242824 0.043229 0.018056
0 0.817708 0.192130 0.004167 0.006481
0 0.846484 0.211111 0.005469 0.006481
0 0.879036 0.197222 0.003906 0.005556
0 0.889844 0.238657 0.005208 0.007870
0 0.796875 0.177315 0.004167 0.006481
0 0.772396 0.206944 0.003125 0.005556
0 0.927474 0.235880 0.004948 0.007870
0 0.939453 0.248148 0.004427 0.006481
1 0.981120 0.221528 0.027865 0.024537
1 0.908854 0.299074 0.034375 0.031481
0 0.898828 0.191667 0.002865 0.005556
0 0.914062 0.212500 0.004167 0.007407
0 0.957422 0.213657 0.003906 0.007870
