1 0.712630 0.266204 0.039844 0.015741
1 0.864844 0.318287 0.021875 0.023611
0 0.764323 0.218519 0.003646 0.005556
0 0.794141 0.236574 0.003906 0.005556
0 0.817578 0.223380 0.003906 0.006019
0 0.833203 0.261574 0.004948 0.006481
0 0.746224 0.206713 0.003906 0.006019
0 0.720443 0.235880 0.005469 0.009722
0 0.869401 0.259259 0.003906 0.006481
0 0.878906 0.269444 0.004687 0.006481
1 0.915104 0.244213 0.023438 0.020833
0 0.835026 0.218750 0.003906 0.007870
0 0.847786 0.237731 0.004427 0.007870
0 0.890104 0.236574 0.003646 0.007407
