1 0.640365 0.319444 0.033333 0.014815
1 0.767708 0.375231 0.018750 0.018981
1 0.876563 0.367361 0.025521 0.022685
0 0.678255 0.281713 0.003385 0.005093
0 0.695052 0.292361 0.003646 0.005093
0 0.716536 0.283102 0.003385 0.005093
0 0.738281 0.314352 0.004687 0.006481
0 0.660937 0.272222 0.003646 0.005556
0 0.646484 0.294907 0.003385 0.005556
0 0.769922 0.311574 0.003906 0.005556
0 0.778125 0.320602 0.004167 0.005093
1 0.802604 0.298148 0.017708 0.016667
0 0.730990 0.279167 0.003646 0.006481
0 0.737760 0.292824 0.003646 0.006944
0 0.780208 0.291898 0.003646 0.006019
