1 0.642708 0.356250 0.033333 0.015278
1 0.675651 0.459491 0.033073 0.026389
1 0.868880 0.410880 0.025260 0.023611
0 0.687891 0.319907 0.003906 0.005556
0 0.699349 0.330556 0.003385 0.004630
0 0.725260 0.321296 0.003646 0.005556
0 0.742708 0.356713 0.005208 0.006944
0 0.677865 0.311574 0.003646 0.005556
0 0.776042 0.356250 0.004167 0.006019
1 0.813411 0.339583 0.014323 0.016204
0 0.741276 0.318287 0.003385 0.006019
0 0.745443 0.335417 0.003906 0.005093
0 0.788802 0.332639 0.004167 0.006944
0 0.785026 0.364583 0.003906 0.005093
0 0.670964 0.336111 0.003385 0.006481
