4 0.451693 0.373380 0.011719 0.027315
1 0.572786 0.710880 0.055990 0.080093
0 0.200260 0.700231 0.012500 0.015278
0 0.382292 0.518750 0.016667 0.009722
0 0.311328 0.521528 0.007031 0.009722
0 0.298438 0.543056 0.006250 0.008333
0 0.272005 0.578935 0.007031 0.011574
0 0.312630 0.639583 0.007031 0.012500
0 0.340365 0.693056 0.014583 0.017593
0 0.429948 0.693287 0.006250 0.010648
1 0.186068 0.182407 0.069010 0.037963
1 0.450781 0.014352 0.018229 0.016667
2 0.060807 0.216435 0.009115 0.012500
4 0.960547 0.062037 0.005990 0.013889
