4 0.440885 0.364815 0.011458 0.026852
1 0.550521 0.705787 0.058854 0.081019
0 0.180990 0.685648 0.011979 0.013889
0 0.366667 0.511574 0.013021 0.009259
0 0.297005 0.520833 0.006510 0.008333
0 0.283073 0.539352 0.008333 0.014815
0 0.253125 0.571528 0.006771 0.008796
0 0.294010 0.633565 0.008854 0.011574
0 0.320312 0.685880 0.015625 0.015278
0 0.408984 0.682870 0.006510 0.011111
1 0.182812 0.174537 0.067187 0.035185
1 0.442057 0.008102 0.017969 0.016204
2 0.056771 0.204861 0.010417 0.015278
4 0.954297 0.056713 0.005469 0.014352
