4 0.439844 0.359259 0.011979 0.026852
1 0.548698 0.715509 0.060417 0.076389
0 0.168620 0.685880 0.011719 0.015278
0 0.363411 0.506019 0.012760 0.008333
0 0.298958 0.515509 0.007292 0.008796
0 0.282682 0.538657 0.007031 0.010648
0 0.252734 0.572685 0.005990 0.008333
0 0.293490 0.637037 0.006250 0.011111
0 0.313542 0.682176 0.017188 0.016204
0 0.407552 0.680093 0.006250 0.011111
1 0.190234 0.166898 0.067448 0.035648
1 0.436849 0.005556 0.019010 0.011111
2 0.066146 0.191204 0.012500 0.017593
4 0.953516 0.057407 0.004948 0.014815
