4 0.438672 0.358796 0.011719 0.026852
1 0.546875 0.714352 0.059896 0.079630
0 0.163281 0.687269 0.011458 0.015278
0 0.361979 0.503241 0.013021 0.008333
0 0.298047 0.513889 0.007031 0.008333
0 0.280729 0.534491 0.005729 0.007870
0 0.252344 0.570370 0.005208 0.007407
0 0.292057 0.635417 0.008594 0.008796
0 0.313151 0.681713 0.017448 0.017130
0 0.405078 0.679398 0.007031 0.012500
1 0.191667 0.164352 0.067187 0.036111
1 0.435417 0.004861 0.018750 0.009722
2 0.068229 0.188426 0.011979 0.016667
4 0.953255 0.058796 0.004948 0.014815
