1 0.532813 0.243287 0.020833 0.056019
1 0.654818 0.625694 0.027344 0.033796
1 0.236719 0.140972 0.008854 0.019907
4 0.558203 0.444907 0.007552 0.017593
2 0.441016 0.782639 0.029427 0.019907
0 0.546484 0.677778 0.005469 0.007407
0 0.500260 0.628241 0.003125 0.005556
0 0.481641 0.623611 0.003385 0.006481
0 0.484245 0.636343 0.003906 0.006944
0 0.498437 0.664352 0.007292 0.010185
0 0.463672 0.635880 0.003906 0.006944
0 0.449479 0.634722 0.003646 0.006481
0 0.446745 0.642593 0.003385 0.006481
0 0.464583 0.652546 0.003646 0.006944
4 0.587109 0.246528 0.002865 0.010648
4 0.552083 0.196991 0.004167 0.008796
