1 0.518880 0.103009 0.022135 0.058796
1 0.666667 0.489120 0.019792 0.040278
4 0.583594 0.318750 0.007812 0.018056
2 0.511589 0.686111 0.032552 0.023148
4 0.612109 0.110417 0.003906 0.008796
4 0.574870 0.056250 0.003385 0.008796
0 0.529427 0.501620 0.004687 0.006019
0 0.500130 0.509722 0.007552 0.009259
0 0.501172 0.527315 0.004427 0.007407
0 0.478516 0.524537 0.005990 0.008333
0 0.456250 0.522454 0.004687 0.008796
0 0.455339 0.534028 0.004427 0.007870
0 0.506120 0.544907 0.007552 0.009259
0 0.476953 0.546528 0.004948 0.006944
0 0.565625 0.566204 0.006250 0.008333
