1 0.686458 0.442824 0.026042 0.040278
4 0.596224 0.259259 0.008594 0.020370
2 0.560547 0.711111 0.030990 0.034259
0 0.579818 0.547222 0.009115 0.012037
1 0.498177 0.022222 0.022396 0.044444
0 0.533984 0.465972 0.005469 0.007870
0 0.514453 0.476620 0.005469 0.007870
0 0.511979 0.498611 0.006250 0.008333
0 0.488802 0.490509 0.005208 0.009722
0 0.459115 0.493056 0.008854 0.011111
0 0.510938 0.524306 0.008333 0.014352
0 0.478906 0.527315 0.009375 0.012963
0 0.459115 0.511111 0.009896 0.011111
4 0.623177 0.018981 0.004167 0.010185
