1 0.698438 0.474769 0.030729 0.039352
4 0.600391 0.296991 0.008594 0.019907
2 0.584635 0.747222 0.025000 0.038889
0 0.583464 0.585880 0.012760 0.014352
1 0.490104 0.053241 0.024479 0.061111
0 0.535937 0.493981 0.005208 0.008333
0 0.523438 0.511574 0.005729 0.009259
0 0.519401 0.537037 0.005990 0.011111
0 0.496615 0.529398 0.005729 0.009722
0 0.515755 0.561111 0.007031 0.014815
0 0.483854 0.562731 0.010937 0.011574
0 0.465755 0.532639 0.009115 0.011574
4 0.626953 0.057176 0.004427 0.010648
0 0.466406 0.548611 0.008854 0.011111
