1 0.693099 0.466204 0.030990 0.042593
4 0.559245 0.305787 0.008594 0.019907
2 0.562370 0.722222 0.030469 0.032407
1 0.403906 0.053241 0.023958 0.062037
0 0.495573 0.490509 0.004687 0.009722
0 0.491797 0.526620 0.007031 0.009722
0 0.491146 0.540509 0.005729 0.007870
0 0.459635 0.533333 0.005208 0.009259
0 0.541276 0.589815 0.005990 0.009259
0 0.476562 0.564352 0.009375 0.013889
0 0.455859 0.553472 0.006510 0.012500
0 0.439583 0.551389 0.009375 0.012037
0 0.429948 0.544444 0.007292 0.012037
4 0.583594 0.058333 0.004167 0.009259
