1 0.877214 0.136806 0.050781 0.042130
0 0.335417 0.694676 0.026042 0.030093
0 0.649740 0.325926 0.009896 0.014815
0 0.339714 0.531481 0.017969 0.014815
0 0.522005 0.334259 0.012760 0.014815
0 0.559505 0.280324 0.012240 0.010648
0 0.329297 0.506481 0.011198 0.016667
0 0.387240 0.462731 0.006771 0.011574
1 0.617188 0.055787 0.027083 0.020833
4 0.081380 0.707407 0.025781 0.062963
0 0.501172 0.403935 0.016927 0.016204
2 0.858594 0.021065 0.020313 0.015278
3 0.568490 0.278704 0.008333 0.007407
3 0.381510 0.462037 0.007812 0.009259
