1 0.611328 0.877315 0.033073 0.059259
1 0.750130 0.649769 0.051302 0.042130
0 0.691276 0.748843 0.011198 0.012500
0 0.691276 0.748843 0.011198 0.012500
0 0.791536 0.857407 0.008073 0.012963
0 0.518750 0.944444 0.007812 0.009259
0 0.495964 0.955324 0.010156 0.013426
0 0.483854 0.931944 0.007292 0.012037
0 0.690234 0.992824 0.008073 0.010648
0 0.796224 0.893519 0.007552 0.012963
0 0.799349 0.881019 0.004948 0.010185
3 0.728906 0.770139 0.007292 0.008796
0 0.751432 0.815741 0.004948 0.008333
0 0.722917 0.773611 0.003646 0.006481
3 0.725781 0.760185 0.006250 0.006481
