1 0.630729 0.856250 0.032813 0.056944
1 0.761979 0.643056 0.051042 0.041667
0 0.707292 0.737731 0.009375 0.010648
0 0.803516 0.852315 0.008073 0.012963
0 0.535677 0.926620 0.005729 0.014352
0 0.511458 0.936111 0.013021 0.012037
0 0.496745 0.915741 0.008594 0.012037
0 0.709115 0.973148 0.011458 0.013889
0 0.809115 0.883796 0.006771 0.013889
0 0.808073 0.870833 0.005208 0.010185
3 0.740495 0.757870 0.006510 0.007407
0 0.767448 0.800694 0.004687 0.009722
4 0.255729 0.974306 0.020313 0.051389
3 0.740625 0.750926 0.005208 0.006481
