1 0.604818 0.847222 0.033594 0.055556
1 0.741146 0.637963 0.050521 0.042593
0 0.686458 0.734722 0.007292 0.010185
0 0.783333 0.843519 0.007292 0.012037
0 0.506510 0.918981 0.007292 0.013889
0 0.483854 0.928009 0.013542 0.012500
0 0.467578 0.908333 0.011719 0.010185
0 0.678646 0.969213 0.010417 0.013426
0 0.787109 0.869676 0.007031 0.012500
4 0.225391 0.972222 0.019531 0.051852
0 0.784766 0.859028 0.005469 0.012500
3 0.719141 0.758796 0.008073 0.006481
0 0.750781 0.788194 0.005729 0.009722
0 0.724219 0.753704 0.003646 0.008333
3 0.721745 0.746759 0.004427 0.005556
