1 0.588542 0.494676 0.036979 0.056019
1 0.736719 0.268750 0.051562 0.043056
0 0.678906 0.378704 0.010937 0.012037
0 0.475521 0.577778 0.006771 0.014815
0 0.450651 0.590972 0.009635 0.011574
0 0.429297 0.567130 0.010156 0.012963
0 0.654427 0.631481 0.011458 0.013889
0 0.768750 0.510417 0.003646 0.007870
0 0.770312 0.524537 0.007292 0.012963
0 0.753906 0.433796 0.006250 0.010185
3 0.713151 0.408333 0.008594 0.007407
4 0.179818 0.639583 0.019531 0.056944
0 0.719010 0.398380 0.003125 0.006019
3 0.707031 0.400000 0.005208 0.006481
0 0.773568 0.505093 0.008594 0.012963
