1 0.592318 0.503472 0.039323 0.056019
1 0.741276 0.273611 0.052344 0.043519
0 0.682292 0.382176 0.010417 0.011574
0 0.474349 0.593750 0.005469 0.014352
0 0.448177 0.605324 0.008854 0.018981
0 0.426042 0.580556 0.009375 0.010185
0 0.658594 0.651852 0.010937 0.012037
0 0.773568 0.524306 0.003906 0.007870
0 0.775781 0.538426 0.007292 0.012037
0 0.759115 0.443056 0.006771 0.010185
3 0.717448 0.413194 0.008854 0.007870
4 0.174870 0.653704 0.020052 0.057407
0 0.718359 0.406713 0.002865 0.006019
3 0.709375 0.406019 0.005208 0.006481
0 0.779167 0.520833 0.007292 0.012037
