1 0.957812 0.284954 0.067708 0.078241
0 0.800130 0.413426 0.011198 0.010185
0 0.802344 0.678472 0.009375 0.014352
0 0.394531 0.520833 0.011458 0.015741
0 0.372005 0.520139 0.013281 0.015278
0 0.529427 0.744213 0.016146 0.026389
0 0.787891 0.664815 0.013281 0.019444
0 0.872526 0.523611 0.013281 0.024074
4 0.123698 0.409028 0.020833 0.052315
3 0.815234 0.475694 0.010156 0.013426
0 0.350781 0.472454 0.010937 0.018981
1 0.641016 0.467824 0.057031 0.068056
0 0.782552 0.680093 0.016667 0.014815
0 0.826953 0.468056 0.012760 0.018519
