1 0.867578 0.271991 0.064844 0.073611
0 0.676432 0.702083 0.013802 0.021759
0 0.273698 0.524074 0.013021 0.014815
0 0.249089 0.522222 0.007552 0.016667
0 0.367057 0.739352 0.012760 0.023148
0 0.657813 0.676157 0.012500 0.018981
0 0.786198 0.512269 0.018750 0.022685
0 0.740365 0.473380 0.014583 0.019907
3 0.717578 0.482870 0.010156 0.013889
0 0.700000 0.416204 0.007292 0.013889
0 0.229427 0.473611 0.009896 0.016667
1 0.632552 0.388889 0.052604 0.062037
0 0.663542 0.694907 0.010417 0.018519
4 0.008333 0.406250 0.016667 0.048611
