1 0.874609 0.263426 0.065365 0.071296
0 0.718620 0.415509 0.014323 0.019907
0 0.707422 0.706944 0.016927 0.021296
0 0.281641 0.521296 0.011719 0.014815
0 0.242969 0.530324 0.007812 0.014352
0 0.326432 0.737269 0.029427 0.024537
0 0.673307 0.668750 0.010156 0.017130
0 0.817448 0.505556 0.010937 0.016667
0 0.767188 0.470370 0.010417 0.025000
3 0.737630 0.480556 0.011719 0.013889
0 0.238542 0.482870 0.015104 0.021296
1 0.701172 0.335880 0.046094 0.059722
0 0.683333 0.698380 0.019792 0.018981
4 0.008073 0.403935 0.016146 0.054167
