0 0.722005 0.408565 0.015365 0.020833
0 0.703776 0.700231 0.012240 0.025463
0 0.283984 0.522222 0.012760 0.015741
0 0.241927 0.533796 0.005729 0.015741
1 0.874609 0.259259 0.064844 0.068519
0 0.324740 0.736111 0.029687 0.023148
0 0.669141 0.661343 0.009635 0.016204
0 0.818750 0.504630 0.011979 0.018519
0 0.768359 0.465509 0.010156 0.025463
3 0.739453 0.474769 0.011719 0.013426
0 0.240104 0.486574 0.010417 0.015741
1 0.709635 0.328241 0.045833 0.059259
0 0.678255 0.689352 0.017969 0.019444
4 0.008203 0.403704 0.016406 0.053704
