0 0.722396 0.410880 0.015104 0.019907
0 0.708594 0.714352 0.013021 0.022222
0 0.287630 0.518981 0.011198 0.014815
0 0.246224 0.531944 0.008073 0.013889
1 0.875391 0.262963 0.064844 0.071296
0 0.316797 0.722454 0.024740 0.021759
0 0.669792 0.670139 0.009375 0.017130
0 0.825781 0.510417 0.010417 0.014352
0 0.771875 0.468750 0.010417 0.026389
3 0.741667 0.477315 0.011979 0.012963
0 0.243490 0.486574 0.010937 0.018519
1 0.716406 0.319444 0.045312 0.060185
0 0.681380 0.702315 0.016406 0.020370
4 0.008464 0.406944 0.016927 0.053704
