0 0.739323 0.405093 0.016146 0.020370
0 0.708203 0.720370 0.031510 0.021296
0 0.236979 0.532176 0.009375 0.023611
1 0.884635 0.244213 0.065104 0.068056
0 0.260677 0.680093 0.021354 0.019444
0 0.690755 0.667130 0.011198 0.021296
0 0.292318 0.496759 0.007552 0.024074
0 0.847396 0.506944 0.010937 0.012963
3 0.764323 0.471065 0.013021 0.012500
0 0.777214 0.469676 0.014844 0.010648
0 0.248828 0.484722 0.009635 0.017593
1 0.750651 0.290278 0.041406 0.057407
0 0.701172 0.695139 0.016927 0.018056
3 0.786849 0.465741 0.004948 0.012037
4 0.007943 0.400231 0.015885 0.054167
