0 0.740495 0.406944 0.015885 0.020370
0 0.706510 0.718056 0.030208 0.020370
0 0.234766 0.529630 0.010156 0.025000
1 0.885417 0.243287 0.064583 0.068981
0 0.255078 0.677315 0.017969 0.024074
0 0.692839 0.665972 0.011719 0.021759
0 0.291406 0.495139 0.007812 0.023611
0 0.847526 0.506713 0.011198 0.013426
3 0.765625 0.473148 0.012500 0.012037
0 0.777865 0.471991 0.013542 0.010648
0 0.247656 0.484722 0.010417 0.020370
1 0.752995 0.289120 0.041406 0.056944
0 0.704427 0.691667 0.015104 0.019444
3 0.786979 0.469907 0.005208 0.011111
4 0.008594 0.401852 0.017188 0.053704
