0 0.996088 0.770106 0.007825 0.013657
0 0.590767 0.613809 0.020344 0.013657
0 0.151017 0.152504 0.004695 0.004552
0 0.818466 0.160850 0.037559 0.033384
0 0.276213 0.309560 0.004695 0.006070
0 0.782473 0.822458 0.021909 0.027314
0 0.575900 0.718513 0.003130 0.007587
0 0.214397 0.462064 0.018779 0.022762
0 0.121283 0.151745 0.004695 0.009105
0 0.269171 0.267071 0.015649 0.024279
0 0.408451 0.296662 0.015649 0.022762
0 0.758216 0.748862 0.010955 0.028832
0 0.111894 0.217754 0.010955 0.016692
0 0.750391 0.234446 0.007825 0.010622
0 0.938967 0.593323 0.053208 0.024279
0 0.731612 0.311836 0.017214 0.004552
0 0.576682 0.344461 0.007825 0.018209
0 0.625978 0.886950 0.003130 0.007587
0 0.413146 0.047041 0.046948 0.027314
0 0.323161 0.132018 0.026604 0.030349
0 0.302817 0.873293 0.014085 0.028832
0 0.704225 0.654780 0.025039 0.040971
0 0.845853 0.459788 0.014085 0.012140
0 0.420970 0.779970 0.003130 0.009105
0 0.832551 0.978756 0.003130 0.009105
0 0.173709 0.559181 0.006260 0.016692
0 0.838811 0.190440 0.012520 0.010622
0 0.199531 0.470410 0.032864 0.066768
0 0.690141 0.937026 0.028169 0.028832
0 0.979656 0.213961 0.028169 0.036419
0 0.798122 0.858877 0.021909 0.027314
0 0.336463 0.469651 0.031299 0.040971
0 0.832551 0.852807 0.015649 0.030349
0 0.446792 0.355842 0.045383 0.040971
0 0.230047 0.464340 0.028169 0.054628
0 0.794992 0.949924 0.021909 0.027314
0 0.739437 0.908194 0.023474 0.022762
0 0.459311 0.518209 0.026604 0.034901
0 0.331768 0.489378 0.034429 0.044006
0 0.939750 0.323217 0.023474 0.045524
0 0.354460 0.764036 0.020344 0.031866
0 0.418623 0.477997 0.023474 0.030349
0 0.395149 0.513657 0.029734 0.044006
0 0.501565 0.404401 0.023474 0.037936
0 0.737872 0.962822 0.026604 0.022762
0 0.799687 0.675266 0.021909 0.030349
0 0.737089 0.824734 0.025039 0.028832
0 0.888106 0.659332 0.026604 0.031866
0 0.419405 0.522762 0.034429 0.037936
0 0.360720 0.452959 0.035994 0.050076
0 0.653365 0.506070 0.023474 0.031866
0 0.498435 0.823976 0.020344 0.027314
