0 0.265372 0.245312 0.006472 0.009375
0 0.557443 0.178125 0.004854 0.015625
0 0.432848 0.218750 0.050162 0.025000
0 0.901294 0.260937 0.006472 0.015625
0 0.663430 0.992969 0.006472 0.010937
0 0.766181 0.785156 0.033981 0.035937
0 0.397249 0.796875 0.043689 0.028125
0 0.993528 0.689844 0.009709 0.014063
0 0.928803 0.877344 0.016181 0.017188
0 0.319579 0.614062 0.040453 0.031250
0 0.165858 0.706250 0.004854 0.015625
0 0.835761 0.824219 0.001618 0.001563
0 0.814725 0.192188 0.011327 0.003125
0 0.726537 0.628125 0.067961 0.018750
0 0.775081 0.099219 0.022654 0.014063
0 0.848706 0.514844 0.001618 0.004687
0 0.984628 0.610938 0.017799 0.025000
0 0.067961 0.205469 0.003236 0.004687
0 0.157767 0.460938 0.017799 0.018750
0 0.891586 0.746875 0.003236 0.012500
0 0.025081 0.192969 0.001618 0.004687
0 0.677994 0.654687 0.032362 0.031250
0 0.995146 0.104688 0.006472 0.009375
0 0.585761 0.478125 0.006472 0.012500
0 0.713592 0.785937 0.009709 0.009375
0 0.609223 0.409375 0.004854 0.009375
0 0.292071 0.509375 0.030744 0.025000
0 0.977346 0.899219 0.029126 0.064062
0 0.969256 0.825781 0.032362 0.064062
0 0.899676 0.894531 0.029126 0.079687
0 0.917476 0.878906 0.025890 0.070312
0 0.949029 0.968750 0.037217 0.062500
0 0.930421 0.778125 0.022654 0.062500
0 0.915049 0.796875 0.024272 0.062500
0 0.732201 0.702344 0.033981 0.089063
0 0.918285 0.914062 0.033981 0.075000
0 0.834142 0.782031 0.027508 0.067187
0 0.777508 0.753906 0.030744 0.079687
0 0.788026 0.718750 0.029126 0.068750
0 0.764563 0.717969 0.024272 0.057813
0 0.851942 0.850781 0.027508 0.082812
0 0.974919 0.971875 0.033981 0.056250
0 0.895631 0.807813 0.021036 0.056250
0 0.956311 0.915625 0.029126 0.065625
0 0.884304 0.775781 0.024272 0.064062
0 0.812298 0.745313 0.032362 0.065625
0 0.911812 0.976562 0.046926 0.046875
0 0.665049 0.572656 0.025890 0.070312
0 0.872977 0.979688 0.030744 0.040625
0 0.868123 0.885938 0.043689 0.093750
0 0.803398 0.910937 0.033981 0.084375
0 0.855987 0.961719 0.038835 0.076563
