0 0.311209 0.155763 0.038348 0.037383
0 0.722714 0.154206 0.011799 0.028037
0 0.199115 0.668224 0.026549 0.034268
0 0.622419 0.817757 0.005900 0.015576
0 0.377581 0.210280 0.053097 0.090343
0 0.594395 0.623053 0.008850 0.012461
0 0.721239 0.059190 0.050147 0.049844
0 0.615044 0.909657 0.050147 0.062305
0 0.210914 0.451713 0.044248 0.062305
0 0.067847 0.574766 0.005900 0.015576
0 0.166667 0.436137 0.032448 0.031153
0 0.929204 0.168224 0.029499 0.037383
0 0.197640 0.724299 0.005900 0.015576
0 0.398230 0.403427 0.035398 0.034268
0 0.805310 0.219626 0.017699 0.021807
0 0.356932 0.512461 0.053097 0.065421
0 0.026549 0.152648 0.017699 0.018692
0 0.355457 0.736760 0.008850 0.015576
0 0.588496 0.557632 0.050147 0.031153
0 0.294985 0.246106 0.035398 0.037383
0 0.445428 0.098131 0.082596 0.052960
0 0.911504 0.543614 0.011799 0.034268
0 0.862832 0.255452 0.067847 0.043614
0 0.460177 0.214953 0.070796 0.037383
0 0.098820 0.744548 0.056047 0.031153
0 0.840708 0.224299 0.041298 0.012461
0 0.799410 0.677570 0.011799 0.015576
0 0.793510 0.855140 0.017699 0.046729
0 0.892330 0.825545 0.038348 0.068536
0 0.600295 0.294393 0.032448 0.084112
0 0.994100 0.778816 0.011799 0.024922
0 0.168142 0.900312 0.017699 0.024922
0 0.974926 0.017134 0.014749 0.028037
0 0.973451 0.961059 0.011799 0.028037
0 0.821534 0.836449 0.014749 0.034268
0 0.938053 0.979751 0.011799 0.028037
0 0.054572 0.962617 0.020649 0.031153
0 0.949853 0.808411 0.017699 0.028037
0 0.016224 0.908100 0.014749 0.034268
0 0.061947 0.926791 0.017699 0.034268
0 0.278761 0.911215 0.014749 0.040498
0 0.917404 0.802181 0.011799 0.028037
0 0.986726 0.959502 0.008850 0.024922
0 0.264012 0.892523 0.014749 0.034268
0 0.923304 0.721184 0.017699 0.034268
