0 0.212329 0.071212 0.004566 0.009091
0 0.918950 0.410606 0.066210 0.051515
0 0.034247 0.545455 0.045662 0.072727
0 0.023973 0.237879 0.025114 0.051515
0 0.345890 0.686364 0.020548 0.021212
0 0.634703 0.703030 0.009132 0.042424
0 0.916667 0.021212 0.002283 0.012121
0 0.453196 0.081818 0.006849 0.024242
0 0.021689 0.040909 0.020548 0.015152
0 0.558219 0.513636 0.057078 0.057576
0 0.544521 0.463636 0.002283 0.006061
0 0.849315 0.204545 0.050228 0.045455
0 0.497717 0.457576 0.077626 0.042424
0 0.136986 0.095455 0.004566 0.009091
0 0.174658 0.312121 0.029680 0.030303
0 0.348174 0.218182 0.061644 0.036364
0 0.268265 0.439394 0.107306 0.030303
0 0.142694 0.356061 0.025114 0.075758
0 0.664384 0.774242 0.068493 0.039394
0 0.444064 0.015152 0.006849 0.012121
0 0.639269 0.740909 0.009132 0.021212
0 0.073059 0.162121 0.009132 0.009091
0 0.452055 0.812121 0.004566 0.012121
0 0.901826 0.286364 0.068493 0.051515
0 0.168950 0.356061 0.004566 0.015152
0 0.173516 0.584848 0.018265 0.072727
0 0.094749 0.568182 0.020548 0.069697
0 0.111872 0.560606 0.018265 0.060606
0 0.224886 0.590909 0.025114 0.078788
0 0.066210 0.616667 0.018265 0.075758
0 0.092466 0.868182 0.025114 0.118182
0 0.494292 0.898485 0.034247 0.124242
0 0.117580 0.884848 0.034247 0.096970
0 0.578767 0.242424 0.011416 0.042424
0 0.163242 0.639394 0.020548 0.084848
0 0.132420 0.857576 0.036530 0.103030
0 0.302511 0.954545 0.025114 0.084848
0 0.052511 0.624242 0.027397 0.084848
0 0.079909 0.653030 0.022831 0.075758
0 0.196347 0.651515 0.027397 0.084848
0 0.063927 0.719697 0.027397 0.087879
0 0.128995 0.645455 0.029680 0.084848
0 0.086758 0.754545 0.027397 0.084848
0 0.012557 0.671212 0.025114 0.081818
