0 0.514648 0.803807 0.021484 0.035139
0 0.533691 0.095168 0.006836 0.008785
0 0.934570 0.510981 0.001953 0.008785
0 0.619629 0.820644 0.008789 0.013177
0 0.994141 0.018302 0.005859 0.013177
0 0.443359 0.661054 0.003906 0.007321
0 0.248535 0.564422 0.006836 0.016105
0 0.298340 0.644217 0.010742 0.008785
0 0.509277 0.288433 0.008789 0.008785
0 0.486816 0.778184 0.008789 0.019034
0 0.984863 0.570278 0.010742 0.030747
0 0.317871 0.736457 0.008789 0.014641
0 0.816406 0.347731 0.007812 0.024890
0 0.625488 0.400439 0.002930 0.004392
0 0.475586 0.034407 0.001953 0.007321
0 0.600098 0.212299 0.002930 0.005857
0 0.905762 0.824305 0.008789 0.017570
0 0.458008 0.759151 0.013672 0.027818
0 0.770020 0.136164 0.008789 0.020498
0 0.308594 0.875549 0.013672 0.023426
0 0.808594 0.460469 0.001953 0.007321
0 0.976074 0.257687 0.002930 0.005857
0 0.676270 0.745974 0.030273 0.024890
0 0.966309 0.858712 0.016602 0.051245
0 0.653320 0.872621 0.017578 0.058565
0 0.019043 0.683016 0.012695 0.051245
0 0.033691 0.756223 0.014648 0.060029
0 0.485352 0.217423 0.011719 0.030747
0 0.349609 0.152269 0.007812 0.032211
0 0.429688 0.142753 0.007812 0.036603
0 0.109375 0.982430 0.017578 0.035139
0 0.546387 0.133236 0.008789 0.038067
0 0.884277 0.800878 0.016602 0.058565
0 0.107422 0.983163 0.017578 0.033675
0 0.077148 0.978770 0.017578 0.042460
0 0.801758 0.784773 0.015625 0.052709
0 0.721680 0.832357 0.015625 0.057101
0 0.433594 0.300878 0.011719 0.051245
0 0.312500 0.128111 0.007812 0.030747
0 0.688477 0.271596 0.015625 0.048316
0 0.224609 0.988287 0.015625 0.023426
0 0.420410 0.255490 0.010742 0.036603
0 0.431152 0.259883 0.010742 0.039531
0 0.791504 0.978770 0.014648 0.039531
0 0.042969 0.677160 0.011719 0.057101
0 0.651855 0.929722 0.014648 0.070278
0 0.462891 0.242313 0.009766 0.042460
0 0.872070 0.274524 0.011719 0.048316
0 0.620117 0.985359 0.015625 0.026354
0 0.037598 0.988287 0.016602 0.023426
0 0.814453 0.823572 0.019531 0.071742
0 0.810059 0.286237 0.016602 0.054173
0 0.850586 0.278917 0.011719 0.048316
0 0.453125 0.696925 0.013672 0.046852
0 0.752930 0.733529 0.015625 0.058565
0 0.832031 0.880673 0.017578 0.062958
0 0.630859 0.952416 0.015625 0.051245
0 0.251465 0.980966 0.018555 0.035139
0 0.154785 0.983163 0.014648 0.033675
0 0.778809 0.983895 0.016602 0.032211
0 0.470703 0.706442 0.011719 0.048316
0 0.506836 0.298682 0.009766 0.043924
0 0.278320 0.902635 0.019531 0.083455
0 0.077148 0.979502 0.015625 0.040996
0 0.458008 0.729868 0.013672 0.060029
0 0.796875 0.815520 0.015625 0.064422
0 0.165527 0.982430 0.016602 0.035139
0 0.374023 0.901903 0.015625 0.076135
0 0.844238 0.851391 0.016602 0.051245
0 0.807129 0.740849 0.014648 0.052709
0 0.426270 0.142753 0.008789 0.036603
0 0.685547 0.835286 0.013672 0.060029
0 0.960449 0.278917 0.012695 0.048316
0 0.453613 0.263543 0.010742 0.046852
0 0.172852 0.972914 0.017578 0.054173
0 0.008301 0.688873 0.012695 0.051245
0 0.699219 0.759883 0.013672 0.052709
0 0.300781 0.990483 0.009766 0.019034
0 0.224121 0.988287 0.016602 0.023426
0 0.908203 0.820644 0.017578 0.054173
0 0.710449 0.745242 0.014648 0.052709
0 0.777344 0.745242 0.015625 0.052709
0 0.779297 0.907028 0.019531 0.057101
0 0.657715 0.908492 0.018555 0.060029
0 0.854004 0.829429 0.014648 0.057101
0 0.520996 0.149341 0.008789 0.035139
0 0.596191 0.172767 0.010742 0.035139
0 0.966797 0.277452 0.013672 0.051245
0 0.717285 0.792094 0.012695 0.055637
0 0.589844 0.879941 0.019531 0.067350
0 0.833984 0.297218 0.011719 0.046852
0 0.834961 0.736457 0.015625 0.046852
0 0.361816 0.916545 0.014648 0.067350
0 0.500488 0.147877 0.008789 0.040996
0 0.833984 0.598097 0.013672 0.048316
0 0.420898 0.256955 0.009766 0.036603
0 0.722656 0.746706 0.013672 0.052709
0 0.783203 0.313324 0.015625 0.052709
0 0.291992 0.137628 0.007812 0.035139
0 0.371582 0.981698 0.018555 0.036603
0 0.776855 0.859444 0.016602 0.058565
0 0.497559 0.271596 0.012695 0.042460
0 0.994629 0.812592 0.010742 0.061493
0 0.867188 0.826501 0.017578 0.062958
0 0.972168 0.278184 0.012695 0.049780
0 0.298340 0.862372 0.018555 0.064422
0 0.044434 0.780381 0.012695 0.058565
0 0.937012 0.184480 0.014648 0.052709
0 0.491699 0.214495 0.010742 0.039531
0 0.138184 0.982430 0.016602 0.035139
0 0.382812 0.704246 0.015625 0.061493
0 0.197754 0.969985 0.016602 0.057101
0 0.114258 0.978770 0.021484 0.042460
0 0.354492 0.876281 0.015625 0.057101
0 0.882324 0.718887 0.016602 0.052709
0 0.029785 0.781113 0.016602 0.062958
0 0.988281 0.278184 0.011719 0.052709
0 0.333008 0.885798 0.015625 0.061493
0 0.268555 0.984627 0.017578 0.030747
0 0.495117 0.338214 0.011719 0.049780
0 0.047363 0.739385 0.014648 0.061493
0 0.438965 0.260615 0.010742 0.043924
0 0.302734 0.143485 0.007812 0.032211
0 0.973145 0.180088 0.012695 0.055637
0 0.687500 0.765739 0.013672 0.055637
0 0.469238 0.262079 0.010742 0.046852
0 0.148926 0.927526 0.016602 0.065886
0 0.376465 0.879941 0.016602 0.067350
0 0.961426 0.184480 0.010742 0.049780
0 0.119629 0.627379 0.012695 0.060029
0 0.187988 0.912884 0.018555 0.065886
0 0.684570 0.983163 0.017578 0.033675
0 0.830566 0.840410 0.016602 0.061493
0 0.283691 0.128111 0.008789 0.033675
0 0.746094 0.818448 0.015625 0.064422
0 0.251465 0.981698 0.018555 0.033675
0 0.728027 0.887994 0.016602 0.051245
0 0.129395 0.940703 0.014648 0.062958
0 0.977051 0.279649 0.010742 0.046852
0 0.698242 0.833821 0.015625 0.065886
0 0.811523 0.887994 0.017578 0.057101
0 0.891602 0.846266 0.017578 0.058565
0 0.792480 0.881406 0.016602 0.061493
0 0.164551 0.893119 0.018555 0.058565
0 0.103027 0.674963 0.014648 0.055637
0 0.860840 0.715959 0.012695 0.049780
0 0.769531 0.896047 0.019531 0.067350
0 0.688965 0.866032 0.016602 0.057101
0 0.333984 0.912884 0.017578 0.071742
0 0.168945 0.935578 0.015625 0.064422
0 0.056641 0.981698 0.019531 0.036603
0 0.387695 0.905564 0.015625 0.060029
0 0.347656 0.925329 0.019531 0.070278
0 0.506348 0.343338 0.010742 0.051245
0 0.029785 0.693265 0.012695 0.054173
0 0.741699 0.880673 0.016602 0.062958
0 0.846680 0.710835 0.013672 0.062958
0 0.051758 0.758419 0.013672 0.055637
0 0.144531 0.954612 0.015625 0.067350
0 0.369141 0.839678 0.015625 0.057101
0 0.120605 0.973646 0.014648 0.049780
0 0.529785 0.254026 0.010742 0.048316
0 0.061523 0.739385 0.015625 0.058565
0 0.116211 0.944363 0.013672 0.052709
0 0.737305 0.932650 0.021484 0.076135
0 0.378418 0.953880 0.018555 0.068814
0 0.186523 0.931918 0.017578 0.062958
0 0.438477 0.737921 0.013672 0.061493
0 0.632812 0.972914 0.015625 0.051245
0 0.710449 0.926794 0.018555 0.067350
0 0.212891 0.880673 0.021484 0.083455
0 0.286133 0.980966 0.015625 0.038067
0 0.292969 0.896779 0.015625 0.068814
0 0.389648 0.745242 0.015625 0.064422
0 0.711914 0.861640 0.019531 0.068814
0 0.014160 0.808199 0.016602 0.067350
0 0.121582 0.859444 0.016602 0.067350
0 0.388672 0.844802 0.017578 0.067350
0 0.099121 0.824305 0.018555 0.073206
0 0.126953 0.797218 0.017578 0.062958
0 0.322266 0.920937 0.017578 0.076135
0 0.693359 0.913616 0.019531 0.070278
0 0.309082 0.899707 0.014648 0.071742
0 0.228027 0.924597 0.018555 0.077599
0 0.209961 0.924597 0.017578 0.071742
0 0.314941 0.970717 0.022461 0.055637
0 0.137695 0.860176 0.017578 0.068814
0 0.396484 0.970717 0.017578 0.055637
0 0.455566 0.971449 0.016602 0.054173
0 0.417480 0.972914 0.016602 0.051245
0 0.435059 0.974378 0.014648 0.048316
