0 0.958108 0.033537 0.008108 0.018293
0 0.282432 0.605183 0.056757 0.064024
0 0.304054 0.231707 0.045946 0.079268
0 0.817568 0.469512 0.013514 0.030488
0 0.633784 0.827744 0.040541 0.070122
0 0.691892 0.871951 0.070270 0.054878
0 0.151351 0.126524 0.043243 0.100610
0 0.378378 0.227134 0.048649 0.027439
0 0.210811 0.541159 0.010811 0.015244
0 0.025676 0.452744 0.008108 0.021341
0 0.750000 0.253049 0.018919 0.042683
0 0.498649 0.254573 0.013514 0.015244
0 0.579730 0.827744 0.056757 0.076220
0 0.809459 0.411585 0.056757 0.079268
0 0.697297 0.047256 0.043243 0.051829
0 0.117568 0.623476 0.029730 0.070122
0 0.652703 0.524390 0.040541 0.060976
0 0.598649 0.908537 0.035135 0.024390
0 0.885135 0.967988 0.008108 0.021341
0 0.345946 0.076220 0.027027 0.042683
0 0.574324 0.015244 0.008108 0.018293
0 0.541892 0.237805 0.008108 0.018293
0 0.721622 0.806402 0.037838 0.070122
0 0.450000 0.048780 0.008108 0.024390
0 0.308108 0.829268 0.032432 0.036585
0 0.941892 0.303354 0.067568 0.033537
0 0.120270 0.568598 0.035135 0.033537
0 0.852703 0.297256 0.024324 0.015244
0 0.716216 0.742378 0.081081 0.051829
0 0.044595 0.204268 0.051351 0.042683
0 0.070270 0.318598 0.097297 0.045732
0 0.493243 0.734756 0.008108 0.018293
0 0.887838 0.486280 0.008108 0.027439
0 0.060811 0.269817 0.045946 0.045732
0 0.729730 0.650915 0.075676 0.057927
0 0.668919 0.190549 0.035135 0.039634
0 0.272973 0.818598 0.032432 0.094512
0 0.444595 0.911585 0.040541 0.073171
0 0.555405 0.196646 0.072973 0.057927
0 0.963514 0.246951 0.067568 0.067073
0 0.091892 0.932927 0.016216 0.024390
0 0.622973 0.533537 0.013514 0.030488
0 0.890541 0.077744 0.008108 0.027439
0 0.914865 0.195122 0.013514 0.018293
0 0.743243 0.388720 0.021622 0.051829
0 0.743243 0.310976 0.016216 0.042683
0 0.260811 0.847561 0.018919 0.042683
0 0.714865 0.315549 0.013514 0.045732
0 0.390541 0.545732 0.013514 0.048780
0 0.590541 0.466463 0.013514 0.042683
0 0.720270 0.289634 0.013514 0.036585
0 0.647297 0.434451 0.013514 0.045732
0 0.359459 0.545732 0.016216 0.054878
0 0.659459 0.367378 0.016216 0.045732
0 0.344595 0.560976 0.018919 0.054878
0 0.670270 0.469512 0.016216 0.048780
0 0.124324 0.717988 0.016216 0.051829
0 0.381081 0.551829 0.016216 0.048780
0 0.756757 0.291159 0.016216 0.045732
0 0.847297 0.189024 0.013514 0.048780
0 0.643243 0.356707 0.016216 0.048780
0 0.771622 0.268293 0.013514 0.042683
0 0.689189 0.250000 0.016216 0.048780
0 0.656757 0.448171 0.016216 0.048780
0 0.706757 0.408537 0.018919 0.042683
0 0.728378 0.382622 0.013514 0.045732
0 0.586486 0.375000 0.016216 0.048780
0 0.460811 0.603659 0.018919 0.048780
0 0.658108 0.344512 0.013514 0.042683
0 0.551351 0.371951 0.016216 0.054878
0 0.675676 0.336890 0.016216 0.039634
0 0.683784 0.304878 0.016216 0.042683
0 0.794595 0.259146 0.016216 0.048780
0 0.566216 0.378049 0.013514 0.042683
0 0.629730 0.396341 0.016216 0.042683
0 0.816216 0.219512 0.016216 0.048780
0 0.360811 0.625000 0.018919 0.054878
0 0.672973 0.432927 0.016216 0.048780
0 0.232432 0.855183 0.016216 0.051829
0 0.081081 0.966463 0.021622 0.054878
