0 0.399610 0.592902 0.007797 0.020877
0 0.494152 0.934238 0.001949 0.010438
0 0.662768 0.860125 0.035088 0.029228
0 0.487329 0.734864 0.011696 0.008351
0 0.678363 0.063674 0.027290 0.043841
0 0.323587 0.318372 0.003899 0.010438
0 0.809942 0.140919 0.009747 0.022965
0 0.297271 0.321503 0.040936 0.029228
0 0.240741 0.490605 0.060429 0.033403
0 0.168616 0.141962 0.040936 0.037578
0 0.377193 0.245303 0.009747 0.010438
0 0.641326 0.537578 0.027290 0.035491
0 0.640351 0.826722 0.056530 0.033403
0 0.031189 0.558455 0.015595 0.018789
0 0.796296 0.892484 0.029240 0.010438
0 0.713450 0.086639 0.003899 0.014614
0 0.848928 0.368476 0.013645 0.031315
0 0.569201 0.024008 0.003899 0.006263
0 0.803119 0.361169 0.023392 0.066806
0 0.839181 0.665971 0.025341 0.066806
0 0.782651 0.368476 0.025341 0.077244
0 0.243665 0.201461 0.023392 0.068894
0 0.264133 0.212944 0.025341 0.066806
0 0.838207 0.374739 0.031189 0.064718
0 0.878168 0.783925 0.021442 0.073069
0 0.831384 0.776618 0.025341 0.070981
0 0.806043 0.315240 0.033138 0.075157
0 0.891813 0.253653 0.029240 0.068894
0 0.155945 0.361169 0.027290 0.066806
0 0.849903 0.791232 0.031189 0.070981
