0 0.220551 0.225333 0.010025 0.013333
0 0.715539 0.992000 0.007519 0.016000
0 0.082707 0.718667 0.010025 0.013333
0 0.508772 0.605333 0.035088 0.074667
0 0.602757 0.988000 0.007519 0.018667
0 0.854637 0.584000 0.070175 0.048000
0 0.047619 0.722667 0.040100 0.021333
0 0.345865 0.518667 0.015038 0.013333
0 0.827068 0.304000 0.050125 0.021333
0 0.274436 0.309333 0.042607 0.053333
0 0.735589 0.306667 0.007519 0.016000
0 0.324561 0.113333 0.037594 0.034667
0 0.343358 0.869333 0.020050 0.037333
0 0.620301 0.438667 0.012531 0.029333
0 0.179198 0.837333 0.032581 0.026667
0 0.942356 0.893333 0.070175 0.048000
0 0.873434 0.394667 0.047619 0.048000
0 0.013784 0.898667 0.007519 0.016000
0 0.085213 0.509333 0.035088 0.037333
0 0.535088 0.888000 0.022556 0.026667
0 0.944862 0.109333 0.035088 0.042667
0 0.161654 0.492000 0.027569 0.040000
0 0.759398 0.584000 0.055138 0.064000
0 0.033835 0.621333 0.007519 0.021333
0 0.327068 0.088000 0.012531 0.010667
0 0.058897 0.456000 0.062657 0.026667
0 0.923559 0.445333 0.067669 0.048000
0 0.644110 0.842667 0.060150 0.058667
0 0.286967 0.361333 0.077694 0.045333
0 0.649123 0.164000 0.025063 0.018667
0 0.187970 0.882667 0.065163 0.053333
0 0.166667 0.584000 0.007519 0.016000
0 0.122807 0.788000 0.020050 0.056000
0 0.644110 0.745333 0.020050 0.056000
0 0.419799 0.554667 0.012531 0.042667
0 0.218045 0.645333 0.015038 0.053333
0 0.830827 0.908000 0.032581 0.061333
0 0.735589 0.618667 0.017544 0.058667
0 0.284461 0.766667 0.017544 0.050667
0 0.444862 0.776000 0.027569 0.074667
0 0.961153 0.766667 0.017544 0.050667
0 0.295739 0.602667 0.015038 0.053333
0 0.057644 0.841333 0.025063 0.056000
0 0.629073 0.776000 0.020050 0.058667
0 0.828321 0.569333 0.012531 0.045333
0 0.690476 0.534667 0.017544 0.045333
0 0.483709 0.710667 0.020050 0.056000
0 0.270677 0.580000 0.015038 0.045333
0 0.406015 0.786667 0.020050 0.064000
0 0.101504 0.853333 0.017544 0.048000
0 0.770677 0.842667 0.022556 0.058667
0 0.218045 0.600000 0.015038 0.048000
0 0.984962 0.985333 0.025063 0.029333
0 0.636591 0.969333 0.025063 0.056000
0 0.817043 0.697333 0.020050 0.056000
0 0.786967 0.588000 0.015038 0.045333
0 0.161654 0.724000 0.017544 0.045333
0 0.255639 0.645333 0.015038 0.053333
0 0.343358 0.678667 0.020050 0.061333
0 0.375940 0.750667 0.020050 0.056000
0 0.991228 0.669333 0.017544 0.048000
0 0.954887 0.614667 0.020050 0.056000
0 0.233083 0.977333 0.020050 0.040000
0 0.105263 0.645333 0.020050 0.048000
0 0.459900 0.978667 0.022556 0.042667
0 0.941103 0.589333 0.017544 0.048000
0 0.144110 0.605333 0.017544 0.048000
0 0.913534 0.609333 0.017544 0.050667
0 0.967419 0.665333 0.015038 0.045333
0 0.684211 0.632000 0.020050 0.053333
0 0.005013 0.649333 0.010025 0.056000
0 0.868421 0.769333 0.022556 0.061333
0 0.304511 0.668000 0.017544 0.050667
0 0.558897 0.682667 0.020050 0.053333
0 0.631579 0.672000 0.020050 0.058667
0 0.704261 0.788000 0.025063 0.056000
0 0.697995 0.965333 0.027569 0.064000
0 0.072682 0.768000 0.025063 0.058667
0 0.972431 0.718667 0.025063 0.040000
0 0.670426 0.768000 0.022556 0.053333
0 0.508772 0.654667 0.020050 0.050667
0 0.766917 0.604000 0.015038 0.056000
0 0.715539 0.936000 0.022556 0.064000
0 0.127820 0.861333 0.020050 0.058667
0 0.130326 0.616000 0.020050 0.053333
0 0.097744 0.754667 0.025063 0.064000
0 0.749373 0.617333 0.015038 0.050667
0 0.390977 0.804000 0.020050 0.050667
0 0.721805 0.666667 0.015038 0.048000
0 0.159148 0.706667 0.022556 0.058667
0 0.746867 0.700000 0.020050 0.061333
0 0.005013 0.704000 0.010025 0.053333
0 0.279449 0.724000 0.017544 0.045333
0 0.770677 0.920000 0.017544 0.053333
0 0.477444 0.793333 0.017544 0.050667
0 0.632832 0.849333 0.022556 0.056000
0 0.053885 0.974667 0.027569 0.050667
0 0.192982 0.716000 0.020050 0.061333
0 0.176692 0.641333 0.017544 0.056000
0 0.165414 0.765333 0.020050 0.053333
0 0.129073 0.796000 0.022556 0.061333
0 0.254386 0.620000 0.017544 0.050667
0 0.976190 0.764000 0.017544 0.050667
0 0.407268 0.662667 0.022556 0.050667
0 0.751880 0.978667 0.025063 0.042667
0 0.310777 0.696000 0.020050 0.058667
0 0.444862 0.945333 0.027569 0.077333
0 0.261905 0.716000 0.017544 0.050667
0 0.838346 0.677333 0.017544 0.053333
0 0.037594 0.888000 0.025063 0.058667
0 0.557644 0.886667 0.027569 0.061333
0 0.840852 0.816000 0.022556 0.053333
0 0.443609 0.554667 0.015038 0.042667
0 0.110276 0.702667 0.020050 0.050667
0 0.957393 0.782667 0.020050 0.056000
0 0.576441 0.757333 0.020050 0.069333
0 0.360902 0.716000 0.015038 0.050667
0 0.288221 0.781333 0.020050 0.064000
0 0.279449 0.621333 0.017544 0.053333
0 0.820802 0.905333 0.022556 0.061333
0 0.730576 0.708000 0.022556 0.056000
0 0.703008 0.661333 0.017544 0.058667
0 0.800752 0.802667 0.022556 0.064000
0 0.850877 0.640000 0.017544 0.048000
0 0.738095 0.826667 0.022556 0.058667
0 0.869674 0.740000 0.020050 0.061333
0 0.547619 0.749333 0.017544 0.048000
0 0.210526 0.972000 0.025063 0.056000
0 0.992481 0.813333 0.015038 0.058667
0 0.243108 0.909333 0.025063 0.074667
0 0.176692 0.824000 0.022556 0.048000
0 0.409774 0.620000 0.017544 0.050667
0 0.035088 0.714667 0.020050 0.048000
0 0.367168 0.697333 0.017544 0.050667
0 0.030075 0.748000 0.020050 0.050667
0 0.771930 0.805333 0.025063 0.058667
0 0.768170 0.677333 0.017544 0.053333
0 0.467419 0.641333 0.017544 0.045333
0 0.922306 0.980000 0.030075 0.040000
0 0.933584 0.821333 0.022556 0.058667
0 0.798246 0.681333 0.022556 0.061333
0 0.365915 0.792000 0.020050 0.048000
0 0.256892 0.780000 0.017544 0.056000
0 0.748120 0.868000 0.022556 0.056000
0 0.901003 0.845333 0.022556 0.058667
0 0.226817 0.726667 0.017544 0.056000
0 0.384712 0.728000 0.017544 0.048000
0 0.245614 0.785333 0.015038 0.056000
0 0.724311 0.918667 0.020050 0.061333
0 0.922306 0.718667 0.020050 0.056000
0 0.216792 0.866667 0.022556 0.058667
0 0.824561 0.808000 0.020050 0.058667
0 0.205514 0.825333 0.020050 0.050667
0 0.491228 0.780000 0.020050 0.061333
0 0.185464 0.772000 0.020050 0.050667
0 0.695489 0.721333 0.022556 0.056000
0 0.412281 0.970667 0.027569 0.058667
0 0.928571 0.882667 0.027569 0.064000
0 0.152882 0.813333 0.020050 0.053333
0 0.107769 0.966667 0.025063 0.050667
0 0.844612 0.906667 0.025063 0.064000
0 0.868421 0.660000 0.022556 0.050667
0 0.139098 0.970667 0.027569 0.053333
0 0.291980 0.884000 0.022556 0.050667
0 0.339599 0.897333 0.022556 0.066667
0 0.357143 0.957333 0.027569 0.058667
0 0.882206 0.888000 0.025063 0.058667
0 0.194236 0.920000 0.022556 0.064000
0 0.082707 0.873333 0.020050 0.056000
0 0.962406 0.929333 0.035088 0.066667
0 0.073935 0.972000 0.027569 0.056000
0 0.127820 0.745333 0.020050 0.056000
0 0.318296 0.950667 0.025063 0.066667
0 0.166667 0.866667 0.022556 0.064000
0 0.226817 0.825333 0.022556 0.056000
0 0.677945 0.937333 0.022556 0.066667
0 0.334586 0.793333 0.022556 0.056000
0 0.110276 0.892000 0.035088 0.066667
0 0.364662 0.860000 0.022556 0.056000
0 0.315789 0.848000 0.020050 0.053333
