0 0.500000 0.570364 0.005797 0.014901
0 0.824638 0.525662 0.014493 0.018212
0 0.386232 0.532285 0.010145 0.021523
0 0.462319 0.903146 0.002899 0.004967
0 0.047101 0.682947 0.007246 0.014901
0 0.397826 0.582781 0.024638 0.023179
0 0.614493 0.781457 0.011594 0.013245
0 0.226812 0.324503 0.010145 0.029801
0 0.228261 0.437086 0.039130 0.026490
0 0.546377 0.042219 0.005797 0.004967
0 0.110870 0.294702 0.018841 0.019868
0 0.635507 0.802152 0.010145 0.014901
0 0.471014 0.740894 0.037681 0.031457
0 0.489130 0.201987 0.033333 0.033113
0 0.066667 0.252483 0.052174 0.021523
0 0.967391 0.615894 0.024638 0.023179
0 0.868116 0.632450 0.002899 0.006623
0 0.422464 0.038079 0.004348 0.009934
0 0.724638 0.840232 0.014493 0.031457
0 0.567391 0.721026 0.027536 0.044702
0 0.796377 0.927980 0.001449 0.004967
0 0.925362 0.522351 0.044928 0.024834
0 0.046377 0.181291 0.028986 0.024834
0 0.702174 0.763245 0.036232 0.089404
0 0.534058 0.193709 0.053623 0.076159
0 0.026812 0.083609 0.036232 0.071192
0 0.650725 0.783113 0.026087 0.069536
0 0.688406 0.834437 0.028986 0.082781
0 0.742029 0.764073 0.031884 0.087748
0 0.776812 0.820364 0.037681 0.100993
0 0.251449 0.225166 0.036232 0.096026
0 0.715942 0.793874 0.026087 0.081126
0 0.010145 0.337748 0.020290 0.092715
0 0.189130 0.110099 0.033333 0.091060
0 0.017391 0.251656 0.031884 0.086093
0 0.128986 0.167219 0.034783 0.089404
