0 0.161415 0.224846 0.005122 0.017901
0 0.160286 0.223071 0.004948 0.017747
0 0.159288 0.221836 0.004861 0.017747
0 0.158333 0.220370 0.004861 0.018210
0 0.157465 0.218981 0.004687 0.018210
0 0.156510 0.217747 0.004687 0.018210
0 0.155512 0.215895 0.004601 0.018210
0 0.154644 0.214660 0.004427 0.018210
0 0.153689 0.213194 0.004427 0.018673
0 0.152734 0.211806 0.004427 0.018673
0 0.151866 0.210571 0.004080 0.018673
0 0.151128 0.208796 0.004167 0.018519
0 0.150391 0.207022 0.004080 0.018673
0 0.149653 0.205324 0.004167 0.018673
0 0.149175 0.203627 0.004080 0.018673
0 0.148438 0.202083 0.004167 0.018981
0 0.147743 0.200309 0.004167 0.019136
0 0.147222 0.198611 0.004167 0.019136
0 0.146484 0.196914 0.004080 0.019136
0 0.145747 0.195139 0.004167 0.018981
0 0.145269 0.193827 0.004080 0.019136
0 0.144922 0.191667 0.004427 0.019136
0 0.144531 0.189738 0.004687 0.019599
0 0.144184 0.187809 0.004861 0.019136
0 0.143793 0.185802 0.005122 0.019444
0 0.143446 0.184105 0.005295 0.019444
0 0.143099 0.181944 0.005642 0.019444
0 0.142708 0.179938 0.005903 0.020062
0 0.142361 0.178009 0.006076 0.019599
0 0.141970 0.176003 0.006337 0.019907
0 0.141840 0.174306 0.006597 0.019907
0 0.142101 0.171914 0.006597 0.019444
0 0.142491 0.169522 0.006337 0.018981
0 0.142839 0.167207 0.006163 0.018673
0 0.143186 0.165046 0.005816 0.018673
0 0.143707 0.162654 0.005816 0.018210
0 0.143924 0.160262 0.005903 0.017747
0 0.144314 0.158102 0.005642 0.017747
0 0.144661 0.155633 0.005295 0.017438
0 0.145009 0.153241 0.005122 0.016975
0 0.145530 0.151312 0.005122 0.016512
0 0.145790 0.149383 0.005122 0.016975
0 0.146224 0.147685 0.005122 0.016975
0 0.146745 0.145910 0.005122 0.016821
0 0.147135 0.144136 0.005382 0.016975
0 0.147569 0.142438 0.005382 0.016975
0 0.147960 0.140741 0.005122 0.016975
0 0.148351 0.138966 0.005382 0.016821
0 0.148785 0.137191 0.005382 0.016975
0 0.149306 0.135494 0.005382 0.016975
0 0.149783 0.133796 0.005295 0.016975
0 0.150260 0.132022 0.005382 0.016821
0 0.151042 0.130247 0.005382 0.016975
0 0.151476 0.128549 0.005382 0.016975
0 0.152257 0.127238 0.005382 0.016821
0 0.152951 0.125540 0.005382 0.016821
0 0.153472 0.123765 0.005382 0.016975
0 0.154167 0.122454 0.005382 0.016821
0 0.154687 0.120756 0.005382 0.016821
0 0.155382 0.118981 0.005382 0.016975
0 0.156163 0.117747 0.005382 0.016975
0 0.157118 0.115972 0.005382 0.016821
0 0.158333 0.114660 0.005382 0.016975
0 0.159288 0.113349 0.005382 0.016821
0 0.160503 0.112037 0.005382 0.016975
0 0.161502 0.110802 0.005295 0.016975
0 0.162717 0.109028 0.005295 0.016821
0 0.163715 0.107716 0.005382 0.016975
0 0.164931 0.106404 0.005382 0.016821
0 0.165885 0.105093 0.005382 0.016975
0 0.167101 0.103858 0.005382 0.016975
0 0.168446 0.102701 0.005642 0.016512
0 0.169922 0.101929 0.005642 0.016512
0 0.171398 0.101003 0.005642 0.016512
0 0.172873 0.100077 0.005642 0.016512
0 0.174306 0.099306 0.005556 0.016512
0 0.175781 0.098148 0.005556 0.016049
0 0.177214 0.097377 0.005642 0.016049
0 0.178689 0.096451 0.005642 0.016049
0 0.180165 0.095525 0.005642 0.016049
0 0.181641 0.094985 0.005642 0.015586
0 0.183333 0.094522 0.005556 0.015586
0 0.185026 0.094290 0.005642 0.016049
0 0.186762 0.093827 0.005642 0.016049
0 0.188455 0.093827 0.005556 0.016049
0 0.190408 0.093364 0.005642 0.016049
0 0.192144 0.093133 0.005642 0.016512
0 0.193837 0.092901 0.005556 0.016049
0 0.195530 0.092747 0.005642 0.016358
0 0.197266 0.092361 0.005642 0.016512
0 0.199175 0.092361 0.005642 0.016512
0 0.200781 0.092361 0.005903 0.016512
0 0.202604 0.092593 0.006076 0.016049
0 0.204210 0.092901 0.006337 0.016049
0 0.206033 0.092901 0.006510 0.016049
0 0.207595 0.093364 0.006858 0.016049
0 0.209462 0.093596 0.007118 0.015586
0 0.211024 0.093596 0.007292 0.015586
0 0.212891 0.094059 0.007552 0.015586
0 0.214453 0.094290 0.007726 0.015123
0 0.216276 0.094753 0.008073 0.015123
0 0.217882 0.095139 0.008333 0.015278
0 0.219575 0.095988 0.008247 0.015123
0 0.221267 0.096682 0.008333 0.015586
0 0.222873 0.097531 0.008594 0.015741
0 0.224566 0.098148 0.008507 0.016049
0 0.226302 0.099074 0.008507 0.016049
0 0.227865 0.099691 0.008854 0.016358
0 0.229557 0.100540 0.008767 0.016512
0 0.231293 0.101235 0.008767 0.016975
0 0.233160 0.102083 0.009028 0.016821
0 0.233247 0.101929 0.008854 0.016512
0 0.233377 0.101929 0.008594 0.016512
0 0.233724 0.101929 0.008247 0.016512
0 0.233854 0.102160 0.007986 0.016049
0 0.234201 0.102160 0.007812 0.016049
0 0.234332 0.101929 0.007552 0.015586
0 0.234462 0.102083 0.007292 0.015278
0 0.234809 0.102083 0.007118 0.015278
0 0.234939 0.102083 0.006858 0.015278
0 0.235330 0.102315 0.006597 0.014815
0 0.234809 0.101852 0.006597 0.014815
0 0.234462 0.101466 0.006771 0.014660
0 0.233984 0.101003 0.006858 0.014660
0 0.233594 0.100540 0.007118 0.014660
0 0.233247 0.100540 0.007292 0.014660
0 0.232726 0.100154 0.007292 0.014815
0 0.232422 0.099691 0.007552 0.014815
0 0.231901 0.099228 0.007552 0.014815
0 0.231510 0.098843 0.007812 0.014660
0 0.231163 0.098843 0.007986 0.014660
0 0.230556 0.097994 0.007812 0.014815
0 0.230035 0.097531 0.007812 0.014815
0 0.229601 0.097068 0.007292 0.014815
0 0.229080 0.096682 0.007292 0.014660
0 0.228733 0.096219 0.007118 0.014660
0 0.228125 0.095370 0.006771 0.014815
0 0.227648 0.094907 0.006858 0.014815
0 0.227127 0.094522 0.006337 0.014660
0 0.226649 0.094059 0.006424 0.014660
0 0.226302 0.093596 0.006076 0.014660
0 0.225564 0.093210 0.006163 0.014815
0 0.224957 0.092747 0.006337 0.014815
0 0.224175 0.092284 0.006337 0.014815
0 0.223611 0.092052 0.006597 0.014352
0 0.223090 0.091667 0.006597 0.014198
0 0.222396 0.091281 0.006597 0.014352
0 0.221745 0.091049 0.006858 0.013889
0 0.221050 0.090586 0.006858 0.013889
0 0.220443 0.090123 0.007031 0.013889
0 0.219922 0.090123 0.007031 0.013889
0 0.219097 0.089660 0.006771 0.013889
0 0.218490 0.089506 0.006597 0.014198
0 0.217708 0.089275 0.006597 0.014660
0 0.217144 0.088889 0.006337 0.014815
0 0.216406 0.088657 0.006424 0.015278
0 0.215799 0.088426 0.006076 0.015741
0 0.215061 0.088040 0.006163 0.015586
0 0.214453 0.087809 0.005816 0.016049
0 0.213715 0.087577 0.005903 0.016512
0 0.213108 0.087577 0.005556 0.016512
0 0.212370 0.087114 0.005642 0.016512
0 0.211892 0.087114 0.005556 0.016512
0 0.211415 0.086651 0.005642 0.016512
0 0.210894 0.086651 0.005642 0.016512
0 0.210417 0.086265 0.005556 0.016358
0 0.209679 0.086265 0.005642 0.016358
0 0.209201 0.085880 0.005556 0.016512
0 0.208724 0.085880 0.005642 0.016512
0 0.208203 0.085417 0.005642 0.016512
0 0.207769 0.085417 0.005642 0.016512
0 0.207248 0.084954 0.005642 0.016512
0 0.206988 0.084954 0.005642 0.016512
0 0.206510 0.084954 0.005556 0.016512
0 0.206293 0.084954 0.005642 0.016512
0 0.205773 0.084954 0.005642 0.016512
0 0.205556 0.084954 0.005556 0.016512
0 0.205078 0.084954 0.005642 0.016512
0 0.204818 0.084954 0.005642 0.016512
0 0.204297 0.084954 0.005642 0.016512
0 0.204080 0.084954 0.005556 0.016512
