0 0.000477 0.000849 0.000955 0.001698
0 0.000477 0.000849 0.000955 0.001698
0 0.000477 0.000849 0.000955 0.001698
0 0.000477 0.000849 0.000955 0.001698
0 0.000477 0.000849 0.000955 0.001698
0 0.000477 0.000849 0.000955 0.001698
0 0.000477 0.000849 0.000955 0.001698
0 0.000477 0.000849 0.000955 0.001698
0 0.000477 0.000849 0.000955 0.001698
0 0.000477 0.000849 0.000955 0.001698
0 0.000477 0.000849 0.000955 0.001698
0 0.000477 0.000849 0.000955 0.001698
0 0.000477 0.000849 0.000955 0.001698
0 0.000477 0.000849 0.000955 0.001698
0 0.000477 0.000849 0.000955 0.001698
0 0.000477 0.000849 0.000955 0.001698
0 0.000477 0.000849 0.000955 0.001698
0 0.000477 0.000849 0.000955 0.001698
0 0.000477 0.000849 0.000955 0.001698
0 0.000477 0.000849 0.000955 0.001698
0 0.000477 0.000849 0.000955 0.001698
0 0.000477 0.000849 0.000955 0.001698
0 0.000477 0.000849 0.000955 0.001698
0 0.000477 0.000849 0.000955 0.001698
0 0.000477 0.000849 0.000955 0.001698
0 0.000477 0.000849 0.000955 0.001698
0 0.000477 0.000849 0.000955 0.001698
0 0.000477 0.000849 0.000955 0.001698
0 0.000477 0.000849 0.000955 0.001698
0 0.000477 0.000849 0.000955 0.001698
0 0.000477 0.000849 0.000955 0.001698
0 0.000477 0.000849 0.000955 0.001698
0 0.000477 0.000849 0.000955 0.001698
0 0.000477 0.000849 0.000955 0.001698
0 0.000477 0.000849 0.000955 0.001698
0 0.000477 0.000849 0.000955 0.001698
0 0.000477 0.000849 0.000955 0.001698
0 0.000477 0.000849 0.000955 0.001698
0 0.000477 0.000849 0.000955 0.001698
0 0.000477 0.000849 0.000955 0.001698
0 0.000477 0.000849 0.000955 0.001698
0 0.000477 0.000849 0.000955 0.001698
0 0.000477 0.000849 0.000955 0.001698
0 0.000477 0.000849 0.000955 0.001698
0 0.000477 0.000849 0.000955 0.001698
0 0.000477 0.000849 0.000955 0.001698
0 0.000477 0.000849 0.000955 0.001698
0 0.000477 0.000849 0.000955 0.001698
0 0.000477 0.000849 0.000955 0.001698
0 0.000477 0.000849 0.000955 0.001698
0 0.000477 0.000849 0.000955 0.001698
0 0.000477 0.000849 0.000955 0.001698
0 0.000477 0.000849 0.000955 0.001698
0 0.000477 0.000849 0.000955 0.001698
0 0.000477 0.000849 0.000955 0.001698
0 0.000477 0.000849 0.000955 0.001698
0 0.000477 0.000849 0.000955 0.001698
0 0.000477 0.000849 0.000955 0.001698
0 0.000477 0.000849 0.000955 0.001698
0 0.000477 0.000849 0.000955 0.001698
0 0.000477 0.000849 0.000955 0.001698
0 0.000477 0.000849 0.000955 0.001698
0 0.000477 0.000849 0.000955 0.001698
0 0.000477 0.000849 0.000955 0.001698
0 0.000477 0.000849 0.000955 0.001698
0 0.000477 0.000849 0.000955 0.001698
0 0.000477 0.000849 0.000955 0.001698
0 0.000477 0.000849 0.000955 0.001698
0 0.000477 0.000849 0.000955 0.001698
0 0.000477 0.000849 0.000955 0.001698
0 0.000477 0.000849 0.000955 0.001698
0 0.000477 0.000849 0.000955 0.001698
0 0.000477 0.000849 0.000955 0.001698
0 0.000477 0.000849 0.000955 0.001698
0 0.000477 0.000849 0.000955 0.001698
0 0.000477 0.000849 0.000955 0.001698
0 0.000477 0.000849 0.000955 0.001698
0 0.000477 0.000849 0.000955 0.001698
0 0.000477 0.000849 0.000955 0.001698
0 0.000477 0.000849 0.000955 0.001698
0 0.000477 0.000849 0.000955 0.001698
0 0.000477 0.000849 0.000955 0.001698
0 0.000477 0.000849 0.000955 0.001698
0 0.000477 0.000849 0.000955 0.001698
0 0.000477 0.000849 0.000955 0.001698
0 0.000477 0.000849 0.000955 0.001698
0 0.000477 0.000849 0.000955 0.001698
0 0.000477 0.000849 0.000955 0.001698
0 0.000477 0.000849 0.000955 0.001698
0 0.000477 0.000849 0.000955 0.001698
0 0.000477 0.000849 0.000955 0.001698
0 0.012153 0.032870 0.001910 0.003395
0 0.024132 0.065201 0.002951 0.004784
0 0.035937 0.097531 0.004167 0.006173
0 0.047873 0.129861 0.005122 0.008179
0 0.059852 0.162191 0.006163 0.009568
0 0.071701 0.194444 0.007292 0.010802
0 0.083681 0.226852 0.008333 0.012963
0 0.095486 0.259182 0.009549 0.014352
0 0.107422 0.291435 0.010503 0.015586
0 0.119401 0.323997 0.011545 0.017438
0 0.120530 0.323148 0.011719 0.018210
0 0.121615 0.322454 0.011979 0.019599
0 0.122830 0.321836 0.011979 0.020833
0 0.123915 0.321373 0.012240 0.021759
0 0.125130 0.320756 0.012240 0.022994
0 0.126259 0.320062 0.012413 0.024383
0 0.127344 0.319676 0.012674 0.025154
0 0.128559 0.318981 0.012674 0.026543
0 0.129644 0.318364 0.012934 0.027778
0 0.130990 0.317901 0.013194 0.028704
0 0.131944 0.315741 0.013194 0.029630
0 0.132943 0.313735 0.013108 0.029938
0 0.133941 0.311806 0.013194 0.030401
0 0.134896 0.310108 0.013194 0.031327
0 0.135851 0.308102 0.013194 0.031636
0 0.136849 0.306173 0.013108 0.032099
0 0.137847 0.304475 0.013194 0.033025
0 0.138802 0.302469 0.013194 0.033333
0 0.139757 0.300540 0.013194 0.033796
0 0.140842 0.298843 0.012934 0.034722
0 0.140842 0.295988 0.012934 0.035185
0 0.140842 0.293364 0.012934 0.035185
0 0.140972 0.290818 0.012674 0.035031
0 0.140972 0.288426 0.012674 0.035494
0 0.141102 0.285802 0.012413 0.035494
0 0.141102 0.283179 0.012413 0.035494
0 0.141102 0.280787 0.012413 0.035957
0 0.141233 0.278241 0.012153 0.036111
0 0.141233 0.275617 0.012153 0.036111
0 0.141363 0.273225 0.011892 0.036574
0 0.141276 0.271528 0.011719 0.035648
0 0.141363 0.269985 0.011545 0.035031
0 0.141363 0.268210 0.011545 0.034259
0 0.141493 0.266744 0.011285 0.033796
0 0.141493 0.264969 0.011285 0.033025
0 0.141493 0.263503 0.010764 0.032562
0 0.141493 0.261728 0.010764 0.031790
0 0.141623 0.260185 0.010503 0.031173
0 0.141623 0.258488 0.010503 0.030247
0 0.141753 0.257176 0.010243 0.029475
0 0.141623 0.256019 0.009983 0.029938
0 0.141623 0.255247 0.009983 0.029938
0 0.141623 0.254321 0.009983 0.030864
0 0.141623 0.253472 0.009983 0.030710
0 0.141623 0.252623 0.009983 0.031790
0 0.141623 0.251775 0.009983 0.031636
0 0.141623 0.250617 0.009983 0.032099
0 0.141623 0.250077 0.009983 0.032562
0 0.141623 0.248920 0.009983 0.033025
0 0.141623 0.248302 0.009983 0.033333
0 0.141884 0.247222 0.009983 0.033025
0 0.142101 0.246528 0.010069 0.032562
0 0.142318 0.245679 0.009983 0.032407
0 0.142578 0.244830 0.009983 0.031636
0 0.142839 0.243904 0.009983 0.031636
0 0.143099 0.243287 0.009983 0.031327
0 0.143316 0.242207 0.010069 0.030710
0 0.143533 0.241590 0.009983 0.030401
0 0.143793 0.240664 0.009983 0.030401
0 0.144184 0.239969 0.009722 0.029938
0 0.144401 0.239198 0.009809 0.029938
0 0.144922 0.238272 0.009809 0.029938
0 0.145139 0.237809 0.009722 0.029938
0 0.145660 0.237037 0.009722 0.029938
0 0.145877 0.236574 0.009809 0.029938
0 0.146354 0.235648 0.009722 0.029938
0 0.146615 0.234877 0.009722 0.029938
0 0.147092 0.234414 0.009809 0.029938
0 0.147352 0.233488 0.009809 0.029938
0 0.147830 0.233025 0.009722 0.029938
0 0.148698 0.232253 0.009549 0.029938
0 0.149653 0.231559 0.009549 0.030401
0 0.150651 0.231096 0.009462 0.030401
0 0.151606 0.230478 0.009462 0.030710
0 0.152604 0.230093 0.009549 0.030864
0 0.153559 0.229398 0.009549 0.031327
0 0.154557 0.229012 0.009462 0.031173
0 0.155512 0.228318 0.009462 0.031636
0 0.156510 0.227855 0.009549 0.031636
0 0.157465 0.227315 0.009549 0.032099
