0 0.103516 0.181250 0.005122 0.007870
0 0.103385 0.181250 0.005382 0.007870
0 0.103385 0.181250 0.005382 0.007870
0 0.103385 0.181250 0.005382 0.007870
0 0.103385 0.181250 0.005382 0.007870
0 0.103385 0.181250 0.005382 0.007870
0 0.103385 0.181250 0.005382 0.007870
0 0.103385 0.181250 0.005382 0.007870
0 0.103385 0.181250 0.005382 0.007870
0 0.103385 0.181250 0.005382 0.007870
0 0.103385 0.181250 0.005382 0.007870
0 0.103299 0.181250 0.005556 0.007870
0 0.103299 0.181250 0.005556 0.007870
0 0.103168 0.181250 0.005816 0.007870
0 0.103168 0.181250 0.005816 0.007870
0 0.103168 0.181250 0.005816 0.007870
0 0.103038 0.181250 0.006076 0.007870
0 0.103038 0.181250 0.006076 0.007870
0 0.102908 0.181250 0.006337 0.007870
0 0.102908 0.181250 0.006337 0.007870
0 0.102908 0.181481 0.006337 0.008333
0 0.102908 0.181250 0.006337 0.008796
0 0.102908 0.181250 0.006337 0.008796
0 0.102908 0.181250 0.006337 0.008796
0 0.102908 0.181404 0.006337 0.009105
0 0.102908 0.181404 0.006337 0.009105
0 0.102908 0.181404 0.006337 0.009105
0 0.102908 0.181636 0.006337 0.009568
0 0.102908 0.181636 0.006337 0.009568
0 0.102908 0.181636 0.006337 0.009568
0 0.102908 0.181867 0.006337 0.010031
0 0.102821 0.181867 0.006163 0.010031
0 0.102821 0.181867 0.006163 0.010031
0 0.102821 0.181867 0.006163 0.010031
0 0.102951 0.182099 0.005903 0.009568
0 0.102951 0.182330 0.005903 0.010031
0 0.102821 0.182330 0.005642 0.010031
0 0.102951 0.182562 0.005382 0.009568
0 0.102951 0.182562 0.005382 0.009568
0 0.102951 0.182562 0.005382 0.009568
0 0.103082 0.183025 0.005122 0.009568
0 0.102821 0.182793 0.005122 0.009105
0 0.102821 0.182793 0.005122 0.009105
0 0.102561 0.183025 0.005122 0.008642
0 0.102561 0.183025 0.005122 0.008642
0 0.102561 0.183179 0.005122 0.008333
0 0.102300 0.183179 0.005122 0.008333
0 0.102300 0.183179 0.005122 0.008333
0 0.102040 0.183410 0.005122 0.007870
0 0.102040 0.183410 0.005122 0.007870
0 0.102040 0.183642 0.005122 0.007407
0 0.102040 0.183642 0.005122 0.007407
0 0.102040 0.183642 0.005122 0.007407
0 0.102300 0.183642 0.005122 0.007407
0 0.102300 0.183642 0.005122 0.007407
0 0.102561 0.183642 0.005122 0.007407
0 0.102561 0.183642 0.005122 0.007407
0 0.102561 0.183642 0.005122 0.007407
0 0.102821 0.183642 0.005122 0.007407
0 0.102821 0.183642 0.005122 0.007407
0 0.103082 0.184105 0.005122 0.007407
0 0.102821 0.184568 0.005122 0.007407
0 0.102821 0.184954 0.005122 0.007253
0 0.102561 0.185340 0.005122 0.007407
0 0.102561 0.186265 0.005122 0.007407
0 0.102561 0.186728 0.005122 0.007407
0 0.102300 0.187114 0.005122 0.007253
0 0.102300 0.187963 0.005122 0.007407
0 0.102040 0.188426 0.005122 0.007407
0 0.102040 0.188889 0.005122 0.007407
0 0.102040 0.189660 0.005122 0.007407
0 0.102040 0.189660 0.005122 0.007407
0 0.102040 0.190123 0.005122 0.007407
0 0.102040 0.190586 0.005122 0.007407
0 0.102040 0.191049 0.005122 0.007407
0 0.102040 0.191512 0.005122 0.007407
0 0.102040 0.191512 0.005122 0.007407
0 0.102040 0.191898 0.005122 0.007253
0 0.102040 0.192284 0.005122 0.007407
0 0.102040 0.192747 0.005122 0.007407
0 0.102040 0.193210 0.005122 0.007407
0 0.101866 0.193673 0.005122 0.007407
0 0.101866 0.194059 0.005122 0.007253
0 0.101866 0.194444 0.005122 0.007407
0 0.101606 0.194907 0.005122 0.007407
0 0.101606 0.195370 0.005122 0.007407
0 0.101606 0.195833 0.005122 0.007407
0 0.101345 0.196219 0.005122 0.007253
0 0.101345 0.196605 0.005122 0.007407
0 0.101345 0.197068 0.005122 0.007407
0 0.101345 0.197531 0.005122 0.007407
0 0.101345 0.197994 0.005122 0.007407
0 0.101345 0.198380 0.005122 0.007253
0 0.101345 0.199228 0.005122 0.007407
0 0.101345 0.199691 0.005122 0.007407
0 0.101345 0.200617 0.005122 0.007407
0 0.101345 0.201003 0.005122 0.007253
0 0.101345 0.201389 0.005122 0.007407
0 0.101345 0.202315 0.005122 0.007407
0 0.101345 0.202778 0.005122 0.007407
0 0.101345 0.203549 0.005122 0.007407
0 0.101085 0.203549 0.005122 0.007407
0 0.101085 0.204012 0.005122 0.007407
0 0.101085 0.204475 0.005122 0.007407
0 0.100955 0.204938 0.005382 0.007407
0 0.100955 0.205324 0.005382 0.007253
0 0.100825 0.205710 0.005122 0.007407
0 0.100738 0.206173 0.005295 0.007407
0 0.100738 0.206636 0.005295 0.007407
0 0.100738 0.207099 0.005295 0.007407
0 0.100738 0.207562 0.005295 0.007407
0 0.100521 0.207948 0.005382 0.007253
0 0.100521 0.208333 0.005382 0.007407
0 0.100521 0.208796 0.005382 0.007407
0 0.100521 0.209259 0.005382 0.007407
0 0.100521 0.209722 0.005382 0.007407
0 0.100521 0.210108 0.005382 0.007253
0 0.100521 0.210494 0.005382 0.007407
0 0.100521 0.210957 0.005382 0.007407
0 0.100521 0.211420 0.005382 0.007407
0 0.100521 0.212037 0.005382 0.007716
0 0.100260 0.212500 0.005382 0.007716
0 0.100260 0.213349 0.005382 0.007870
0 0.100260 0.213966 0.005382 0.008179
0 0.100260 0.214660 0.005382 0.007716
0 0.100260 0.215509 0.005382 0.007870
0 0.100260 0.216204 0.005382 0.008333
0 0.100260 0.216821 0.005382 0.007716
0 0.100260 0.217515 0.005382 0.008179
0 0.100260 0.218364 0.005382 0.008333
0 0.100260 0.219213 0.005382 0.008179
0 0.100260 0.219676 0.005382 0.008179
0 0.100260 0.220062 0.005382 0.008333
0 0.100260 0.220525 0.005382 0.008333
0 0.100260 0.220910 0.005382 0.008179
0 0.100260 0.221373 0.005382 0.008179
0 0.100260 0.221836 0.005382 0.008179
0 0.100260 0.222222 0.005382 0.008333
0 0.100260 0.222685 0.005382 0.008333
0 0.100260 0.223148 0.005382 0.008333
0 0.100260 0.223997 0.005382 0.008179
0 0.100000 0.223997 0.005382 0.008179
0 0.100000 0.224228 0.005382 0.008642
0 0.100000 0.224691 0.005382 0.008642
0 0.100000 0.224691 0.005382 0.008642
0 0.100000 0.225077 0.005382 0.008796
0 0.100000 0.225231 0.005382 0.009105
0 0.100000 0.225231 0.005382 0.009105
0 0.100000 0.225694 0.005382 0.009105
0 0.100000 0.225926 0.005382 0.009568
0 0.100000 0.226389 0.005382 0.009568
0 0.100000 0.226852 0.005382 0.009568
0 0.100000 0.227238 0.005382 0.009414
0 0.100000 0.227623 0.005382 0.009568
0 0.100260 0.228549 0.005382 0.009568
0 0.100260 0.229012 0.005382 0.009568
0 0.100260 0.229475 0.005382 0.009568
0 0.100521 0.230247 0.005382 0.009568
0 0.100521 0.230710 0.005382 0.009568
0 0.100521 0.231173 0.005382 0.009568
0 0.100738 0.232022 0.005295 0.009414
0 0.100521 0.232407 0.005382 0.009568
0 0.100521 0.233333 0.005382 0.009568
0 0.100521 0.234182 0.005382 0.009414
0 0.100521 0.235031 0.005382 0.009568
0 0.100521 0.235957 0.005382 0.009568
0 0.100260 0.236343 0.005382 0.009414
0 0.100260 0.237191 0.005382 0.009568
0 0.100260 0.238117 0.005382 0.009568
0 0.100260 0.238966 0.005382 0.009414
0 0.100260 0.239815 0.005382 0.009568
0 0.100260 0.239815 0.005382 0.009568
0 0.100260 0.240278 0.005382 0.009568
0 0.100260 0.240741 0.005382 0.009568
0 0.100260 0.240741 0.005382 0.009568
0 0.100260 0.241127 0.005382 0.009414
0 0.100260 0.241512 0.005382 0.009568
0 0.100260 0.241512 0.005382 0.009568
0 0.100260 0.241975 0.005382 0.009568
0 0.100260 0.242438 0.005382 0.009568
0 0.100260 0.242901 0.005382 0.009568
