0 0.174306 0.037809 0.006076 0.016049
0 0.173958 0.037809 0.005903 0.016049
0 0.173698 0.038040 0.005903 0.016512
0 0.173437 0.038272 0.005903 0.016049
0 0.173220 0.038503 0.005816 0.016512
0 0.172960 0.038735 0.005816 0.016049
0 0.172613 0.038966 0.005642 0.016512
0 0.172352 0.038966 0.005642 0.016512
0 0.172092 0.039429 0.005642 0.016512
0 0.171875 0.039429 0.005556 0.016512
0 0.171745 0.039892 0.005295 0.016512
0 0.171137 0.039892 0.005122 0.016512
0 0.170616 0.039892 0.005122 0.016512
0 0.170182 0.040123 0.005122 0.016049
0 0.169661 0.040278 0.005122 0.016358
0 0.169227 0.040432 0.005122 0.016049
0 0.168707 0.040432 0.005122 0.016049
0 0.168186 0.040664 0.005122 0.016512
0 0.167752 0.040895 0.005122 0.016049
0 0.167231 0.040895 0.005122 0.016049
0 0.166840 0.041358 0.004861 0.016049
0 0.166016 0.041127 0.004601 0.016512
0 0.165278 0.041127 0.004687 0.016512
0 0.164540 0.041127 0.004601 0.016512
0 0.163802 0.040895 0.004687 0.016975
0 0.163064 0.040895 0.004601 0.016975
0 0.162370 0.040895 0.004601 0.016975
0 0.161632 0.040741 0.004687 0.017284
0 0.160894 0.040741 0.004601 0.017284
0 0.160156 0.040741 0.004687 0.017284
0 0.159418 0.040741 0.004601 0.017284
0 0.158681 0.040741 0.004687 0.017284
0 0.157943 0.040741 0.004601 0.017284
0 0.157248 0.040895 0.004601 0.016975
0 0.156641 0.040895 0.004427 0.016975
0 0.155903 0.041358 0.004340 0.016975
0 0.155165 0.041358 0.004427 0.016975
0 0.154514 0.041358 0.004167 0.016975
0 0.153819 0.041590 0.004167 0.016512
0 0.153082 0.041590 0.004080 0.016512
0 0.152604 0.042052 0.004167 0.016512
0 0.151649 0.041590 0.004167 0.016512
0 0.150868 0.041590 0.004167 0.016512
0 0.150043 0.041590 0.004427 0.016512
0 0.149306 0.041590 0.004340 0.016512
0 0.148438 0.041590 0.004687 0.016512
0 0.147613 0.041358 0.004427 0.016049
0 0.146745 0.041358 0.004601 0.016049
0 0.146007 0.041358 0.004687 0.016049
0 0.145139 0.041358 0.004861 0.016049
0 0.144444 0.041358 0.004861 0.016049
0 0.143446 0.041358 0.004948 0.016049
0 0.142578 0.041358 0.004601 0.016049
0 0.141623 0.041358 0.004601 0.016049
0 0.140885 0.041358 0.004687 0.016049
0 0.139887 0.041358 0.004601 0.016049
0 0.139062 0.041358 0.004340 0.016049
0 0.138194 0.041358 0.004687 0.016049
0 0.137326 0.041358 0.004340 0.016049
0 0.136372 0.041358 0.004340 0.016049
0 0.135634 0.041358 0.004427 0.016049
0 0.134679 0.040895 0.004427 0.016049
0 0.133941 0.040664 0.004340 0.015586
0 0.133073 0.040432 0.004687 0.016049
0 0.132205 0.040278 0.004340 0.015741
0 0.131380 0.040123 0.004601 0.016049
0 0.130642 0.039892 0.004687 0.015586
0 0.129644 0.039429 0.004601 0.015586
0 0.128906 0.039429 0.004687 0.015586
0 0.128038 0.038966 0.004861 0.015586
0 0.127344 0.038966 0.004861 0.015586
0 0.126953 0.038503 0.004601 0.015586
0 0.126736 0.038503 0.004687 0.015586
0 0.126476 0.038272 0.004687 0.015123
0 0.126259 0.038040 0.004601 0.015586
0 0.125998 0.037886 0.004601 0.015278
0 0.125738 0.037886 0.004601 0.015278
0 0.125521 0.037423 0.004687 0.015278
0 0.125260 0.037423 0.004687 0.015278
0 0.125000 0.037191 0.004687 0.014815
0 0.124870 0.037191 0.004427 0.014815
0 0.126128 0.036574 0.004340 0.015123
0 0.127344 0.036111 0.004340 0.015123
0 0.128646 0.035725 0.004167 0.015278
0 0.129905 0.035262 0.004080 0.015278
0 0.131337 0.034877 0.004167 0.015123
0 0.132552 0.034414 0.004167 0.015123
0 0.133811 0.033951 0.004080 0.015123
0 0.135113 0.033565 0.003906 0.015278
0 0.136328 0.033102 0.003906 0.015278
0 0.137804 0.032716 0.003906 0.015123
0 0.140495 0.032253 0.003906 0.015123
0 0.143186 0.031790 0.003906 0.015123
0 0.146007 0.031790 0.004167 0.015123
0 0.148698 0.031404 0.004167 0.015278
0 0.151649 0.031404 0.004167 0.015278
0 0.154297 0.030941 0.004080 0.015278
0 0.156988 0.030478 0.004080 0.015278
0 0.159766 0.030478 0.004427 0.015278
0 0.162457 0.030093 0.004427 0.015123
0 0.165408 0.030093 0.004427 0.015123
0 0.168576 0.030093 0.004340 0.015123
0 0.171875 0.030093 0.004687 0.015123
0 0.175043 0.030247 0.004601 0.014815
0 0.178472 0.030478 0.004687 0.015278
0 0.181641 0.030710 0.004601 0.014815
0 0.184896 0.030710 0.004861 0.014815
0 0.188238 0.030941 0.004601 0.015278
0 0.191493 0.031173 0.004861 0.014815
0 0.194705 0.031173 0.004861 0.014815
0 0.198090 0.031636 0.004861 0.014815
0 0.199826 0.031636 0.004861 0.014815
0 0.201519 0.032022 0.004948 0.014660
0 0.203212 0.032253 0.004861 0.015123
0 0.205078 0.032485 0.004601 0.014660
0 0.206771 0.032870 0.004687 0.014815
0 0.208464 0.033102 0.004601 0.015278
0 0.210286 0.033333 0.004427 0.014815
0 0.212023 0.033565 0.004427 0.015278
0 0.213715 0.033951 0.004340 0.015123
0 0.215668 0.034414 0.004427 0.015123
0 0.216146 0.034414 0.004340 0.015123
0 0.216623 0.034414 0.004427 0.015123
0 0.217144 0.034414 0.004427 0.015123
0 0.217752 0.034414 0.004601 0.015123
0 0.218359 0.034414 0.004427 0.015123
0 0.218837 0.034414 0.004340 0.015123
0 0.219444 0.034414 0.004687 0.015123
0 0.219922 0.034414 0.004601 0.015123
0 0.220443 0.034414 0.004601 0.015123
0 0.221137 0.034414 0.004601 0.015123
0 0.221137 0.034414 0.004601 0.015123
0 0.221398 0.034414 0.004601 0.015123
0 0.221528 0.034414 0.004340 0.015123
0 0.221658 0.034414 0.004601 0.015123
0 0.221918 0.034414 0.004601 0.015123
0 0.222005 0.034414 0.004427 0.015123
0 0.222135 0.034414 0.004687 0.015123
0 0.222266 0.034414 0.004427 0.015123
0 0.222526 0.034414 0.004427 0.015123
0 0.222743 0.034877 0.004340 0.015123
0 0.223611 0.034877 0.004687 0.015123
0 0.224566 0.035262 0.004687 0.015278
0 0.225564 0.035494 0.004601 0.014815
0 0.226519 0.035725 0.004601 0.015278
0 0.227517 0.036111 0.004687 0.015123
0 0.228472 0.036343 0.004687 0.014660
0 0.229470 0.036574 0.004601 0.015123
0 0.230425 0.036806 0.004601 0.014660
0 0.231424 0.037191 0.004687 0.014815
0 0.232509 0.037654 0.004948 0.014815
0 0.232509 0.037654 0.004948 0.014815
0 0.232639 0.037654 0.004687 0.014815
0 0.232726 0.037654 0.004861 0.014815
0 0.232856 0.037654 0.004601 0.014815
0 0.233116 0.037654 0.004601 0.014815
0 0.233116 0.037654 0.004601 0.014815
0 0.233247 0.037654 0.004340 0.014815
0 0.233377 0.037654 0.004601 0.014815
0 0.233464 0.037654 0.004427 0.014815
0 0.233724 0.037654 0.004427 0.014815
0 0.233247 0.037654 0.004340 0.014815
0 0.232986 0.037654 0.004340 0.014815
0 0.232769 0.037654 0.004427 0.014815
0 0.232509 0.037654 0.004427 0.014815
0 0.232248 0.037886 0.004427 0.015278
0 0.231901 0.037886 0.004601 0.015278
0 0.231641 0.037886 0.004601 0.015278
0 0.231424 0.037886 0.004687 0.015278
0 0.231163 0.037886 0.004687 0.015278
0 0.230946 0.038272 0.004601 0.015123
0 0.231033 0.038272 0.004427 0.015123
0 0.231293 0.038272 0.004427 0.015123
0 0.231554 0.038272 0.004427 0.015123
0 0.231771 0.038735 0.004340 0.015123
0 0.232031 0.038735 0.004340 0.015123
0 0.232248 0.038735 0.004427 0.015123
0 0.232509 0.038735 0.004427 0.015123
0 0.232769 0.039198 0.004427 0.015123
0 0.232986 0.039198 0.004340 0.015123
0 0.233247 0.039198 0.004340 0.015123
