0 0.174913 0.204012 0.009722 0.010802
0 0.175174 0.204012 0.009722 0.010802
0 0.175391 0.204012 0.009809 0.010802
0 0.175651 0.204012 0.009809 0.010802
0 0.175911 0.204012 0.009809 0.010802
0 0.176259 0.204012 0.009462 0.010802
0 0.176519 0.204012 0.009462 0.010802
0 0.176736 0.204012 0.009549 0.010802
0 0.176997 0.204012 0.009549 0.010802
0 0.177257 0.204012 0.009549 0.010802
0 0.177734 0.204244 0.009462 0.011265
0 0.177951 0.204244 0.009549 0.011265
0 0.178212 0.204244 0.009549 0.011265
0 0.178472 0.204244 0.009549 0.011265
0 0.178689 0.204244 0.009462 0.011265
0 0.179167 0.204707 0.009549 0.011265
0 0.179427 0.204707 0.009549 0.011265
0 0.179688 0.204707 0.009549 0.011265
0 0.179948 0.204707 0.009549 0.011265
0 0.180165 0.204707 0.009462 0.011265
0 0.180642 0.205170 0.009549 0.011265
0 0.180642 0.204707 0.009549 0.011265
0 0.180903 0.204707 0.009549 0.011265
0 0.181163 0.204707 0.009549 0.011265
0 0.181293 0.204707 0.009288 0.011265
0 0.181510 0.204707 0.009201 0.011265
0 0.181727 0.204475 0.009288 0.010802
0 0.181858 0.204475 0.009028 0.010802
0 0.182118 0.204475 0.009028 0.010802
0 0.182378 0.204475 0.009028 0.010802
0 0.182639 0.204475 0.009028 0.010802
0 0.182812 0.204475 0.009028 0.010802
0 0.183073 0.204475 0.009028 0.010802
0 0.183333 0.204475 0.009028 0.010802
0 0.183594 0.204475 0.009028 0.010802
0 0.184071 0.204475 0.009115 0.010802
0 0.184288 0.204475 0.009028 0.010802
0 0.184549 0.204475 0.009028 0.010802
0 0.184809 0.204475 0.009028 0.010802
0 0.185069 0.204475 0.009028 0.010802
0 0.185503 0.204938 0.009028 0.010802
0 0.185764 0.204475 0.009028 0.010802
0 0.186024 0.204475 0.009028 0.010802
0 0.186285 0.204475 0.009028 0.010802
0 0.186545 0.204475 0.009028 0.010802
0 0.186719 0.204475 0.009028 0.010802
0 0.186979 0.204475 0.009028 0.010802
0 0.187240 0.204475 0.009028 0.010802
0 0.187500 0.204475 0.009028 0.010802
0 0.187760 0.204475 0.009028 0.010802
0 0.188194 0.204475 0.009028 0.010802
0 0.188325 0.204012 0.008767 0.010802
0 0.188715 0.204012 0.008507 0.010802
0 0.189062 0.204012 0.008333 0.010802
0 0.189323 0.204012 0.008333 0.010802
0 0.189714 0.204012 0.008073 0.010802
0 0.189931 0.203781 0.007639 0.010340
0 0.190148 0.203781 0.007552 0.010340
0 0.190538 0.203781 0.007292 0.010340
0 0.190885 0.203781 0.007118 0.010340
0 0.191276 0.203781 0.006858 0.010340
0 0.191276 0.203781 0.006858 0.010340
0 0.191536 0.203781 0.006858 0.010340
0 0.191753 0.203781 0.006771 0.010340
0 0.192014 0.203781 0.006771 0.010340
0 0.192231 0.203781 0.006858 0.010340
0 0.192491 0.203781 0.006858 0.010340
0 0.192752 0.203781 0.006858 0.010340
0 0.192969 0.203781 0.006771 0.010340
0 0.193229 0.203781 0.006771 0.010340
0 0.193446 0.204244 0.006858 0.010340
0 0.193446 0.203781 0.006858 0.010340
0 0.193707 0.203781 0.006858 0.010340
0 0.193967 0.203781 0.006858 0.010340
0 0.194227 0.203781 0.006858 0.010340
0 0.194444 0.203781 0.006771 0.010340
0 0.194444 0.203781 0.006771 0.010340
0 0.194661 0.203781 0.006858 0.010340
0 0.194922 0.203781 0.006858 0.010340
0 0.195182 0.203781 0.006858 0.010340
0 0.195443 0.203781 0.006858 0.010340
0 0.195443 0.203781 0.006858 0.010340
0 0.195443 0.203781 0.006858 0.010340
0 0.195660 0.203781 0.006771 0.010340
0 0.195660 0.203781 0.006771 0.010340
0 0.195877 0.203781 0.006858 0.010340
0 0.195877 0.203781 0.006858 0.010340
0 0.195877 0.203781 0.006858 0.010340
0 0.196137 0.203781 0.006858 0.010340
0 0.196137 0.203781 0.006858 0.010340
0 0.196398 0.203781 0.006858 0.010340
0 0.196398 0.203781 0.006858 0.010340
0 0.196398 0.203781 0.006858 0.010340
0 0.196398 0.203781 0.006858 0.010340
0 0.196398 0.203781 0.006858 0.010340
0 0.196658 0.203781 0.006858 0.010340
0 0.196658 0.203781 0.006858 0.010340
0 0.196658 0.203781 0.006858 0.010340
0 0.196658 0.203781 0.006858 0.010340
0 0.196658 0.203781 0.006858 0.010340
0 0.196875 0.203781 0.006771 0.010340
0 0.197005 0.203781 0.006510 0.010340
0 0.197222 0.204012 0.006597 0.009877
0 0.197352 0.204244 0.006337 0.010340
0 0.197613 0.204475 0.006337 0.009877
0 0.197873 0.204861 0.005816 0.010031
0 0.198090 0.204861 0.005903 0.010031
0 0.198220 0.205093 0.005642 0.009568
0 0.198481 0.205324 0.005642 0.010031
0 0.198611 0.205556 0.005382 0.009568
0 0.198915 0.206019 0.005122 0.009568
0 0.198741 0.206019 0.005122 0.009568
0 0.198741 0.206019 0.005122 0.009568
0 0.198741 0.206019 0.005122 0.009568
0 0.198741 0.206019 0.005122 0.009568
0 0.198741 0.206019 0.005122 0.009568
0 0.198741 0.206019 0.005122 0.009568
0 0.198741 0.206019 0.005122 0.009568
0 0.198741 0.206019 0.005122 0.009568
0 0.198741 0.206019 0.005122 0.009568
0 0.198741 0.206481 0.005122 0.009568
0 0.198741 0.206250 0.005122 0.009105
0 0.198741 0.206250 0.005122 0.009105
0 0.198741 0.206250 0.005122 0.009105
0 0.198828 0.206250 0.005295 0.009105
0 0.198915 0.206404 0.005122 0.008796
0 0.198915 0.206404 0.005122 0.008796
0 0.199045 0.206404 0.005382 0.008796
0 0.199045 0.206404 0.005382 0.008796
0 0.199045 0.206404 0.005382 0.008796
0 0.199306 0.206636 0.005382 0.008333
0 0.199306 0.206404 0.005382 0.008796
0 0.199306 0.206404 0.005382 0.008796
0 0.199306 0.206404 0.005382 0.008796
0 0.199306 0.206404 0.005382 0.008796
0 0.199306 0.206404 0.005382 0.008796
0 0.199306 0.206250 0.005382 0.009105
0 0.199306 0.206250 0.005382 0.009105
0 0.199306 0.206250 0.005382 0.009105
0 0.199306 0.206250 0.005382 0.009105
0 0.199436 0.206481 0.005122 0.009568
0 0.199436 0.206481 0.005122 0.009568
0 0.199436 0.206481 0.005122 0.009568
0 0.199436 0.206481 0.005122 0.009568
0 0.199436 0.206481 0.005122 0.009568
0 0.199436 0.206481 0.005122 0.009568
0 0.199436 0.206481 0.005122 0.009568
0 0.199436 0.206481 0.005122 0.009568
0 0.199436 0.206481 0.005122 0.009568
0 0.199436 0.206481 0.005122 0.009568
0 0.199436 0.206481 0.005122 0.009568
0 0.199175 0.206481 0.005122 0.009568
0 0.199175 0.206481 0.005122 0.009568
0 0.198915 0.206481 0.005122 0.009568
0 0.198915 0.206481 0.005122 0.009568
0 0.198741 0.206481 0.005122 0.009568
0 0.198741 0.206481 0.005122 0.009568
0 0.198481 0.206481 0.005122 0.009568
0 0.198481 0.206481 0.005122 0.009568
0 0.198220 0.206481 0.005122 0.009568
0 0.198220 0.206790 0.005122 0.009568
0 0.197960 0.206481 0.005122 0.009568
0 0.197960 0.206481 0.005122 0.009568
0 0.197960 0.206481 0.005122 0.009568
0 0.197700 0.206481 0.005122 0.009568
0 0.197700 0.206481 0.005122 0.009568
0 0.197700 0.206019 0.005122 0.009568
0 0.197526 0.206019 0.005122 0.009568
0 0.197526 0.206019 0.005122 0.009568
0 0.197526 0.206019 0.005122 0.009568
0 0.197526 0.206019 0.005122 0.009568
0 0.197266 0.205556 0.005122 0.009568
0 0.197266 0.205556 0.005122 0.009568
0 0.197005 0.205556 0.005122 0.009568
0 0.197005 0.205556 0.005122 0.009568
0 0.197005 0.205556 0.005122 0.009568
0 0.196745 0.205556 0.005122 0.009568
0 0.196745 0.205556 0.005122 0.009568
0 0.196484 0.205556 0.005122 0.009568
0 0.196484 0.205556 0.005122 0.009568
0 0.196484 0.205556 0.005122 0.009568
