0 0.072092 0.178627 0.009983 0.025154
0 0.071832 0.179090 0.009983 0.025154
0 0.071832 0.180015 0.009983 0.025154
0 0.071832 0.180787 0.009983 0.025154
0 0.071832 0.181481 0.009983 0.025617
0 0.071832 0.182407 0.009983 0.025617
0 0.071832 0.182948 0.009983 0.025154
0 0.071832 0.183642 0.009983 0.025617
0 0.071832 0.184568 0.009983 0.025617
0 0.071832 0.185340 0.009983 0.025617
0 0.071832 0.186265 0.009983 0.025617
0 0.071832 0.186728 0.009983 0.025617
0 0.071832 0.187500 0.009983 0.025617
0 0.071832 0.188426 0.009983 0.025617
0 0.071832 0.189275 0.009983 0.025463
0 0.071832 0.190123 0.009983 0.025617
0 0.071832 0.190818 0.009983 0.026080
0 0.071832 0.191667 0.009983 0.025926
0 0.071832 0.192515 0.009983 0.026080
0 0.071832 0.193441 0.009983 0.026080
0 0.071832 0.194290 0.009983 0.025926
0 0.071571 0.194290 0.009983 0.025926
0 0.071571 0.194290 0.009983 0.025926
0 0.071571 0.194290 0.009983 0.025926
0 0.071571 0.194290 0.009983 0.025926
0 0.071571 0.194290 0.009983 0.025926
0 0.071571 0.194290 0.009983 0.025926
0 0.071571 0.194290 0.009983 0.025926
0 0.071571 0.194290 0.009983 0.025926
0 0.071571 0.194290 0.009983 0.025926
0 0.071571 0.194444 0.009983 0.025617
0 0.071311 0.194290 0.009983 0.025926
0 0.071311 0.194290 0.009983 0.025926
0 0.071311 0.194290 0.009983 0.025926
0 0.071311 0.194290 0.009983 0.025926
0 0.071311 0.194290 0.009983 0.025926
0 0.071311 0.194059 0.009983 0.026389
0 0.071311 0.194059 0.009983 0.026389
0 0.071311 0.194059 0.009983 0.026389
0 0.071311 0.194059 0.009983 0.026389
0 0.071311 0.194290 0.009983 0.026852
0 0.071311 0.193827 0.009983 0.026852
0 0.071571 0.193827 0.009983 0.026852
0 0.071832 0.193596 0.009983 0.026389
0 0.072092 0.193596 0.009983 0.026389
0 0.072309 0.193441 0.010069 0.026080
0 0.072309 0.193441 0.010069 0.026080
0 0.072526 0.193210 0.009983 0.025617
0 0.072786 0.193210 0.009983 0.025617
0 0.073047 0.192978 0.009983 0.025154
0 0.073307 0.192978 0.009983 0.025154
0 0.073307 0.192978 0.009983 0.025154
0 0.073307 0.192978 0.009983 0.025154
0 0.073307 0.192978 0.009983 0.025154
0 0.073307 0.192978 0.009983 0.025154
0 0.073307 0.192978 0.009983 0.025154
0 0.073307 0.192978 0.009983 0.025154
0 0.073307 0.192978 0.009983 0.025154
0 0.073307 0.192978 0.009983 0.025154
0 0.073307 0.192978 0.009983 0.025154
0 0.073307 0.192978 0.009983 0.025154
0 0.073307 0.192978 0.009983 0.025154
0 0.073524 0.192978 0.010069 0.025154
0 0.073741 0.192978 0.009983 0.025154
0 0.074002 0.192978 0.009983 0.025154
0 0.074262 0.192978 0.009983 0.025154
0 0.074262 0.192978 0.009983 0.025154
0 0.074523 0.192978 0.009983 0.025154
0 0.074740 0.192978 0.010069 0.025154
0 0.075000 0.192978 0.010069 0.025154
0 0.075217 0.192978 0.009983 0.025154
0 0.075477 0.192515 0.009983 0.025154
0 0.075738 0.192515 0.009983 0.025154
0 0.075998 0.192515 0.009983 0.025154
0 0.076215 0.192515 0.010069 0.025154
0 0.076693 0.192515 0.009983 0.025154
0 0.076953 0.192515 0.009983 0.025154
0 0.077214 0.192515 0.009983 0.025154
0 0.077431 0.192515 0.010069 0.025154
0 0.077648 0.192515 0.009983 0.025154
0 0.078168 0.192515 0.009983 0.025154
0 0.078168 0.192515 0.009983 0.025154
0 0.078168 0.192515 0.009983 0.025154
0 0.078168 0.192515 0.009983 0.025154
0 0.078168 0.192515 0.009983 0.025154
0 0.078168 0.192515 0.009983 0.025154
0 0.078168 0.192515 0.009983 0.025154
0 0.078168 0.192515 0.009983 0.025154
0 0.078168 0.192515 0.009983 0.025154
0 0.078168 0.192515 0.009983 0.025154
0 0.078168 0.192515 0.009983 0.025154
0 0.077908 0.192052 0.009983 0.025154
0 0.077908 0.192052 0.009983 0.025154
0 0.077648 0.192052 0.009983 0.025154
0 0.077648 0.192052 0.009983 0.025154
0 0.077648 0.192052 0.009983 0.025154
0 0.077431 0.192052 0.010069 0.025154
0 0.077431 0.192052 0.010069 0.025154
0 0.077214 0.192052 0.009983 0.025154
0 0.077214 0.192052 0.009983 0.025154
0 0.077214 0.192052 0.009983 0.025154
0 0.076432 0.192052 0.009983 0.025154
0 0.075998 0.192284 0.009983 0.025617
0 0.075477 0.192284 0.009983 0.025617
0 0.075000 0.192515 0.010069 0.026080
0 0.074523 0.192978 0.009983 0.026080
0 0.073741 0.192978 0.009983 0.026080
0 0.073307 0.193210 0.009983 0.026543
0 0.072786 0.193210 0.009983 0.026543
0 0.072309 0.193364 0.010069 0.026852
0 0.071832 0.193827 0.009983 0.026852
0 0.071311 0.193827 0.009983 0.026852
0 0.071007 0.194290 0.010243 0.026852
0 0.070747 0.194753 0.010243 0.026852
0 0.070356 0.194753 0.010503 0.026852
0 0.070095 0.195139 0.010503 0.027006
0 0.069661 0.195525 0.010503 0.026852
0 0.069271 0.195525 0.010764 0.026852
0 0.069010 0.195988 0.010764 0.026852
0 0.068663 0.196451 0.010937 0.026852
0 0.068403 0.196914 0.010937 0.026852
0 0.068403 0.196914 0.010937 0.026852
0 0.068403 0.196914 0.010937 0.026852
0 0.068403 0.196914 0.010937 0.026852
0 0.068403 0.196914 0.010937 0.026852
0 0.068663 0.196914 0.010937 0.026852
0 0.068663 0.196914 0.010937 0.026852
0 0.068663 0.196914 0.010937 0.026852
0 0.068663 0.196914 0.010937 0.026852
0 0.068663 0.196914 0.010937 0.026852
0 0.068880 0.196914 0.011024 0.026852
0 0.069141 0.196914 0.011024 0.026852
0 0.069401 0.196914 0.011024 0.026852
0 0.069618 0.196914 0.010937 0.026852
0 0.069878 0.196914 0.010937 0.026852
0 0.070095 0.196914 0.011024 0.026852
0 0.070356 0.196914 0.011024 0.026852
0 0.070616 0.196914 0.011024 0.026852
0 0.070833 0.196914 0.010937 0.026852
0 0.071094 0.196914 0.010937 0.026852
0 0.071571 0.196914 0.011024 0.026852
0 0.071832 0.196451 0.011024 0.026852
0 0.072309 0.195988 0.010937 0.026852
0 0.072569 0.195525 0.010937 0.026852
0 0.073047 0.195525 0.011024 0.026852
0 0.073524 0.195139 0.010937 0.027006
0 0.073785 0.194753 0.010937 0.026852
0 0.074262 0.194753 0.011024 0.026852
0 0.074523 0.194290 0.011024 0.026852
0 0.075000 0.193827 0.010937 0.026852
0 0.075477 0.193827 0.011024 0.026852
0 0.075738 0.193364 0.011024 0.026852
0 0.076215 0.193364 0.010937 0.026852
0 0.076476 0.193364 0.010937 0.026852
0 0.076953 0.193364 0.011024 0.026852
0 0.077170 0.193364 0.010937 0.026852
0 0.077691 0.193364 0.010937 0.026852
0 0.077908 0.193364 0.011024 0.026852
0 0.078429 0.193364 0.011024 0.026852
0 0.078646 0.193364 0.010937 0.026852
0 0.079123 0.193364 0.011024 0.026852
0 0.079123 0.192978 0.011024 0.027006
0 0.079384 0.192515 0.011024 0.027006
0 0.079644 0.192515 0.011024 0.027006
0 0.079861 0.192130 0.010937 0.026852
0 0.080122 0.192130 0.010937 0.026852
0 0.080122 0.191667 0.010937 0.026852
0 0.080382 0.191204 0.010937 0.026852
0 0.080599 0.191204 0.011024 0.026852
0 0.080859 0.190818 0.011024 0.027006
0 0.081076 0.190818 0.010937 0.027006
0 0.080729 0.190818 0.010764 0.027006
0 0.080469 0.191049 0.010764 0.026543
0 0.080252 0.191049 0.010677 0.026543
0 0.079905 0.191281 0.010503 0.026080
0 0.079644 0.191281 0.010503 0.026080
0 0.079384 0.191667 0.010503 0.025926
0 0.079123 0.191667 0.010503 0.025926
0 0.078776 0.191821 0.010330 0.025617
0 0.078559 0.191821 0.010243 0.025617
0 0.078299 0.192052 0.010243 0.025154
