0 0.174306 0.101003 0.004687 0.013117
0 0.173568 0.100617 0.004601 0.012963
0 0.172830 0.100617 0.004687 0.012963
0 0.172352 0.100154 0.004601 0.012963
0 0.171615 0.100154 0.004687 0.012963
0 0.171137 0.100154 0.004601 0.012963
0 0.170399 0.099691 0.004687 0.012963
0 0.169661 0.099691 0.004601 0.012963
0 0.169184 0.099228 0.004687 0.012963
0 0.168446 0.099228 0.004601 0.012963
0 0.167969 0.099228 0.004687 0.012963
0 0.166753 0.098843 0.004687 0.013117
0 0.165755 0.098843 0.004601 0.013117
0 0.164540 0.098843 0.004601 0.013117
0 0.163585 0.098380 0.004601 0.013117
0 0.162587 0.098380 0.004687 0.013117
0 0.161372 0.098380 0.004687 0.013117
0 0.160417 0.097994 0.004687 0.012963
0 0.159158 0.097994 0.004601 0.012963
0 0.158203 0.097994 0.004601 0.012963
0 0.157248 0.097994 0.004601 0.012963
0 0.156033 0.097531 0.004601 0.012963
0 0.154774 0.097531 0.004687 0.012963
0 0.153559 0.097068 0.004687 0.012963
0 0.152344 0.097068 0.004687 0.012963
0 0.151128 0.097068 0.004687 0.012963
0 0.149913 0.096682 0.004687 0.013117
0 0.148698 0.096682 0.004687 0.013117
0 0.147483 0.096219 0.004687 0.013117
0 0.146224 0.096219 0.004601 0.013117
0 0.145009 0.096219 0.004601 0.013117
0 0.143576 0.095833 0.004687 0.012963
0 0.142318 0.095833 0.004601 0.012963
0 0.141102 0.095833 0.004601 0.012963
0 0.139887 0.095833 0.004601 0.012963
0 0.138672 0.095833 0.004601 0.012963
0 0.137457 0.095833 0.004601 0.012963
0 0.136241 0.095833 0.004601 0.012963
0 0.135026 0.095833 0.004601 0.012963
0 0.133811 0.095833 0.004601 0.012963
0 0.132595 0.095833 0.004601 0.012963
0 0.131380 0.095370 0.004601 0.012963
0 0.130165 0.095370 0.004601 0.012963
0 0.128906 0.095370 0.004687 0.012963
0 0.127691 0.094907 0.004687 0.012963
0 0.126736 0.094907 0.004687 0.012963
0 0.125521 0.094907 0.004687 0.012963
0 0.124262 0.094444 0.004601 0.012963
0 0.123047 0.094444 0.004601 0.012963
0 0.121832 0.094444 0.004601 0.012963
0 0.120877 0.094444 0.004601 0.012963
0 0.119878 0.094059 0.004687 0.013117
0 0.118924 0.094059 0.004687 0.013117
0 0.117925 0.094059 0.004601 0.013117
0 0.116970 0.094059 0.004601 0.013117
0 0.115972 0.094059 0.004687 0.013117
0 0.115017 0.094059 0.004687 0.013117
0 0.114019 0.094059 0.004601 0.013117
0 0.113064 0.094059 0.004601 0.013117
0 0.112109 0.094059 0.004601 0.013117
0 0.111111 0.094059 0.004687 0.013117
0 0.110113 0.094059 0.004601 0.013117
0 0.109418 0.094059 0.004601 0.013117
0 0.108420 0.094059 0.004687 0.013117
0 0.107682 0.094059 0.004601 0.013117
0 0.106944 0.094059 0.004687 0.013117
0 0.105990 0.094059 0.004687 0.013117
0 0.105252 0.094059 0.004601 0.013117
0 0.104297 0.094059 0.004601 0.013117
0 0.103559 0.094059 0.004687 0.013117
0 0.102821 0.094059 0.004601 0.013117
0 0.102083 0.094059 0.004687 0.013117
0 0.101345 0.094059 0.004601 0.013117
0 0.100608 0.094059 0.004687 0.013117
0 0.099870 0.094059 0.004601 0.013117
0 0.099175 0.094059 0.004601 0.013117
0 0.098394 0.094059 0.004601 0.013117
0 0.097700 0.094059 0.004601 0.013117
0 0.096962 0.094059 0.004687 0.013117
0 0.096224 0.094059 0.004601 0.013117
0 0.095747 0.094059 0.004687 0.013117
0 0.095009 0.093673 0.004601 0.012963
0 0.094531 0.093210 0.004687 0.012963
0 0.094010 0.092747 0.004687 0.012963
0 0.093273 0.092284 0.004601 0.012963
0 0.092795 0.092284 0.004687 0.012963
0 0.092318 0.091898 0.004601 0.013117
0 0.091580 0.091435 0.004687 0.013117
0 0.091102 0.091049 0.004601 0.012963
0 0.090625 0.090586 0.004687 0.012963
0 0.090148 0.090586 0.004601 0.012963
0 0.089627 0.090123 0.004601 0.012963
0 0.089366 0.089738 0.004601 0.013117
0 0.088889 0.089275 0.004687 0.013117
0 0.088672 0.088889 0.004601 0.012963
0 0.088151 0.088426 0.004601 0.012963
0 0.087934 0.087963 0.004687 0.012963
0 0.087457 0.087577 0.004601 0.013117
0 0.087196 0.087114 0.004601 0.013117
0 0.086719 0.086728 0.004687 0.012963
0 0.086458 0.086265 0.004687 0.012963
0 0.086111 0.085340 0.004340 0.012963
0 0.085851 0.084954 0.004340 0.013117
0 0.085634 0.084568 0.004427 0.012963
0 0.085373 0.084105 0.004427 0.012963
0 0.085113 0.083642 0.004427 0.012963
0 0.084852 0.083179 0.004427 0.012963
0 0.084635 0.082793 0.004340 0.013117
0 0.084375 0.082330 0.004340 0.013117
0 0.084158 0.081944 0.004427 0.012963
0 0.083898 0.081481 0.004427 0.012963
0 0.083637 0.080864 0.004427 0.012654
0 0.083420 0.080401 0.004340 0.012654
0 0.083160 0.079938 0.004340 0.012654
0 0.082943 0.079552 0.004427 0.012500
0 0.082682 0.079090 0.004427 0.012500
0 0.082422 0.078627 0.004427 0.012500
0 0.082205 0.078241 0.004340 0.012654
0 0.081944 0.077778 0.004340 0.012654
0 0.081727 0.077392 0.004427 0.012500
0 0.081727 0.076929 0.004427 0.012500
0 0.081727 0.076466 0.004427 0.012500
0 0.081727 0.076080 0.004427 0.012654
0 0.081727 0.075617 0.004427 0.012654
0 0.081727 0.075617 0.004427 0.012654
0 0.081944 0.075154 0.004340 0.012654
0 0.081944 0.074769 0.004340 0.012500
0 0.081944 0.074769 0.004340 0.012500
0 0.081944 0.074306 0.004340 0.012500
0 0.081944 0.073920 0.004340 0.012654
0 0.082205 0.073920 0.004340 0.012654
0 0.082205 0.073457 0.004340 0.012654
0 0.082205 0.073457 0.004340 0.012654
0 0.082205 0.073457 0.004340 0.012654
0 0.082205 0.072994 0.004340 0.012654
0 0.082205 0.072994 0.004340 0.012654
0 0.082205 0.072994 0.004340 0.012654
0 0.082205 0.072608 0.004340 0.012500
0 0.082205 0.072608 0.004340 0.012500
0 0.082205 0.072608 0.004340 0.012500
0 0.082205 0.072608 0.004340 0.012500
0 0.081944 0.072145 0.004340 0.012500
0 0.081944 0.072145 0.004340 0.012500
0 0.081944 0.072145 0.004340 0.012500
0 0.081944 0.072145 0.004340 0.012500
0 0.081944 0.072145 0.004340 0.012500
0 0.081944 0.071759 0.004340 0.012654
0 0.081944 0.071759 0.004340 0.012654
0 0.081944 0.071759 0.004340 0.012654
0 0.081944 0.071759 0.004340 0.012654
0 0.081944 0.071759 0.004340 0.012654
0 0.081727 0.071759 0.004427 0.012654
0 0.081727 0.071759 0.004427 0.012654
0 0.081467 0.071759 0.004427 0.012654
0 0.081467 0.071759 0.004427 0.012654
0 0.081467 0.071759 0.004427 0.012654
0 0.081207 0.071759 0.004427 0.012654
0 0.081207 0.071759 0.004427 0.012654
0 0.080946 0.071759 0.004427 0.012654
0 0.080946 0.071759 0.004427 0.012654
0 0.080946 0.071759 0.004427 0.012654
0 0.080729 0.071296 0.004340 0.012654
0 0.080729 0.070833 0.004340 0.012654
0 0.080729 0.070448 0.004340 0.012500
0 0.080469 0.069985 0.004340 0.012500
0 0.080469 0.069985 0.004340 0.012500
0 0.080469 0.069522 0.004340 0.012500
0 0.080252 0.069136 0.004427 0.012654
0 0.080252 0.068673 0.004427 0.012654
0 0.080252 0.068210 0.004427 0.012654
0 0.080252 0.068210 0.004427 0.012654
0 0.079991 0.067824 0.004427 0.012500
0 0.079991 0.067824 0.004427 0.012500
0 0.079991 0.067824 0.004427 0.012500
0 0.079991 0.067824 0.004427 0.012500
0 0.079991 0.067824 0.004427 0.012500
0 0.079991 0.067361 0.004427 0.012500
0 0.079991 0.067361 0.004427 0.012500
0 0.079991 0.067361 0.004427 0.012500
0 0.079991 0.067361 0.004427 0.012500
0 0.079991 0.067361 0.004427 0.012500
