0 0.155556 0.149769 0.006597 0.018673
0 0.155165 0.149769 0.006337 0.018673
0 0.154905 0.150231 0.006337 0.018673
0 0.154514 0.150694 0.006076 0.018673
0 0.154297 0.151157 0.006163 0.018673
0 0.153950 0.151543 0.005816 0.018519
0 0.153689 0.151698 0.005816 0.018210
0 0.153342 0.152160 0.005642 0.018210
0 0.153082 0.152623 0.005642 0.018210
0 0.152691 0.153086 0.005382 0.018210
0 0.152474 0.153549 0.005295 0.018210
0 0.151997 0.153549 0.005382 0.018210
0 0.151736 0.153858 0.005382 0.018210
0 0.151215 0.154321 0.005382 0.018210
0 0.151042 0.154784 0.005382 0.018210
0 0.150521 0.155247 0.005382 0.018210
0 0.150260 0.155247 0.005382 0.018210
0 0.149783 0.155710 0.005295 0.018210
0 0.149566 0.156096 0.005382 0.018364
0 0.149045 0.156481 0.005382 0.018210
0 0.148785 0.156944 0.005382 0.018210
0 0.148351 0.157407 0.005382 0.018210
0 0.148090 0.157870 0.005382 0.018210
0 0.147830 0.158333 0.005382 0.018210
0 0.147569 0.158642 0.005382 0.018210
0 0.147309 0.159105 0.005382 0.018210
0 0.146875 0.159568 0.005382 0.018210
0 0.146615 0.160031 0.005382 0.018210
0 0.146354 0.160494 0.005382 0.018210
0 0.146094 0.160802 0.005382 0.018210
0 0.145877 0.161265 0.005295 0.018210
0 0.145530 0.161265 0.005642 0.018210
0 0.145269 0.161497 0.005642 0.018673
0 0.144922 0.161960 0.005816 0.018673
0 0.144661 0.162191 0.005816 0.019136
0 0.144401 0.162654 0.006337 0.019136
0 0.144141 0.162654 0.006337 0.019136
0 0.143837 0.162809 0.006597 0.019444
0 0.143576 0.163272 0.006597 0.019444
0 0.143186 0.163503 0.006858 0.019907
0 0.143056 0.163889 0.007118 0.020062
0 0.142578 0.163889 0.007031 0.020062
0 0.142231 0.164352 0.006858 0.020062
0 0.141840 0.164738 0.006597 0.019907
0 0.141450 0.165201 0.006337 0.019907
0 0.141276 0.165664 0.006337 0.019907
0 0.140755 0.166127 0.006337 0.019907
0 0.140365 0.166512 0.006076 0.020062
0 0.140017 0.166898 0.005903 0.019907
0 0.139670 0.167361 0.005556 0.019907
0 0.139410 0.167824 0.005556 0.019907
0 0.139193 0.167824 0.005642 0.019907
0 0.138932 0.168287 0.005642 0.019907
0 0.138672 0.168287 0.005642 0.019907
0 0.138411 0.168673 0.005642 0.020062
0 0.138194 0.169059 0.005556 0.019907
0 0.137977 0.169059 0.005642 0.019907
0 0.137717 0.169522 0.005642 0.019907
0 0.137457 0.169522 0.005642 0.019907
0 0.137196 0.169985 0.005642 0.019907
0 0.136979 0.170448 0.005556 0.019907
0 0.136589 0.170448 0.005816 0.019907
0 0.136458 0.170679 0.006076 0.020370
0 0.136241 0.170833 0.006163 0.020062
0 0.136155 0.171065 0.006337 0.020525
0 0.135894 0.171451 0.006337 0.020370
0 0.135634 0.171451 0.006858 0.020370
0 0.135373 0.171682 0.006858 0.020833
0 0.135286 0.171914 0.007031 0.020370
0 0.135026 0.172145 0.007031 0.020833
0 0.134896 0.172608 0.007292 0.020833
0 0.134418 0.172608 0.007378 0.020833
0 0.134158 0.172608 0.007378 0.020833
0 0.133681 0.172608 0.007292 0.020833
0 0.133420 0.173071 0.007292 0.020833
0 0.133203 0.173071 0.007378 0.020833
0 0.132726 0.173071 0.007292 0.020833
0 0.132465 0.173380 0.007292 0.020833
0 0.131944 0.173380 0.007292 0.020833
0 0.131727 0.173380 0.007378 0.020833
0 0.131510 0.173843 0.007292 0.020833
0 0.130990 0.173843 0.007292 0.020833
0 0.130729 0.174306 0.007292 0.020833
0 0.130512 0.174306 0.007378 0.020833
0 0.130035 0.174769 0.007292 0.020833
0 0.129774 0.174769 0.007292 0.020833
0 0.129514 0.175231 0.007292 0.020833
0 0.129036 0.175231 0.007378 0.020833
0 0.128819 0.175617 0.007292 0.020679
0 0.128559 0.175617 0.007292 0.020679
0 0.128299 0.176003 0.007292 0.020833
0 0.127821 0.176003 0.007378 0.020833
0 0.127604 0.176466 0.007292 0.020833
0 0.127344 0.176929 0.007292 0.020833
0 0.127083 0.177392 0.007292 0.020833
0 0.126823 0.177855 0.007292 0.020833
0 0.126606 0.177855 0.007378 0.020833
0 0.126345 0.178164 0.007378 0.020833
0 0.126128 0.178627 0.007292 0.020833
0 0.125868 0.179090 0.007292 0.020833
0 0.125608 0.179552 0.007292 0.020833
0 0.125130 0.179552 0.007378 0.020833
0 0.124653 0.180015 0.007292 0.020833
0 0.124175 0.180015 0.007378 0.020833
0 0.123698 0.180324 0.007292 0.020833
0 0.123177 0.180787 0.007292 0.020833
0 0.122700 0.180787 0.007378 0.020833
0 0.122222 0.181250 0.007292 0.020833
0 0.121701 0.181250 0.007292 0.020833
0 0.121224 0.181713 0.007378 0.020833
0 0.121007 0.182176 0.007292 0.020833
0 0.120747 0.182176 0.007292 0.020833
0 0.120486 0.182562 0.007292 0.020679
0 0.120269 0.182562 0.007378 0.020679
0 0.120009 0.182948 0.007378 0.020833
0 0.119792 0.182948 0.007292 0.020833
0 0.119531 0.183410 0.007292 0.020833
0 0.119271 0.183410 0.007292 0.020833
0 0.119010 0.183873 0.007292 0.020833
0 0.118793 0.183873 0.007378 0.020833
0 0.118576 0.184336 0.007292 0.020833
0 0.118056 0.184336 0.007292 0.020833
0 0.117665 0.184799 0.007552 0.020833
0 0.117231 0.184954 0.007552 0.020525
0 0.116970 0.185108 0.007552 0.020833
0 0.116580 0.185571 0.007812 0.020833
0 0.116146 0.185802 0.007812 0.020370
0 0.115885 0.186034 0.007812 0.020833
0 0.115365 0.186265 0.007812 0.020370
0 0.115017 0.186728 0.007986 0.020370
0 0.114800 0.187114 0.008073 0.020525
0 0.114280 0.187114 0.008073 0.020525
0 0.114019 0.187500 0.008073 0.020370
0 0.113802 0.187500 0.007986 0.020370
0 0.113542 0.187963 0.007986 0.020370
0 0.113325 0.188426 0.008073 0.020370
0 0.112804 0.188426 0.008073 0.020370
0 0.112543 0.188889 0.008073 0.020370
0 0.112326 0.188889 0.007986 0.020370
0 0.112109 0.189275 0.008073 0.020525
0 0.111849 0.189660 0.008073 0.020370
0 0.111458 0.189660 0.008333 0.020370
0 0.111241 0.189892 0.008247 0.020833
0 0.111111 0.189892 0.008507 0.020833
0 0.110851 0.190123 0.008507 0.021296
0 0.110720 0.190355 0.008767 0.020833
0 0.110417 0.190586 0.009028 0.021296
0 0.110156 0.190586 0.009028 0.021296
0 0.110026 0.190818 0.009288 0.021759
0 0.109766 0.190818 0.009288 0.021759
0 0.109635 0.191204 0.009549 0.021605
0 0.109896 0.191204 0.009549 0.021605
0 0.110373 0.191204 0.009462 0.021605
0 0.110851 0.191204 0.009549 0.021605
0 0.111372 0.191204 0.009549 0.021605
0 0.111849 0.191204 0.009462 0.021605
0 0.112066 0.191204 0.009549 0.021605
0 0.112587 0.191204 0.009549 0.021605
0 0.113064 0.191204 0.009462 0.021605
0 0.113542 0.191204 0.009549 0.021605
0 0.114062 0.191667 0.009549 0.021605
0 0.114149 0.191435 0.009722 0.022068
0 0.114410 0.191667 0.009722 0.022531
0 0.114540 0.191667 0.009983 0.022531
0 0.114800 0.191667 0.009983 0.023457
0 0.114931 0.191667 0.010243 0.023457
0 0.115104 0.191898 0.010243 0.023920
0 0.115234 0.191667 0.010503 0.024383
0 0.115495 0.191898 0.010503 0.024846
0 0.115625 0.191898 0.010764 0.024846
0 0.115972 0.192052 0.010937 0.025154
0 0.115755 0.192052 0.011024 0.025154
0 0.115755 0.192284 0.011024 0.024691
0 0.115755 0.192284 0.011024 0.024691
0 0.115625 0.192747 0.010764 0.024691
0 0.115625 0.192978 0.010764 0.024228
0 0.115495 0.192978 0.011024 0.024228
0 0.115495 0.193210 0.011024 0.023765
0 0.115365 0.193596 0.010764 0.023920
0 0.115365 0.193596 0.010764 0.023920
0 0.115365 0.193827 0.010764 0.023457
