0 0.181858 0.030478 0.003125 0.010031
0 0.181858 0.031404 0.003125 0.010031
0 0.181858 0.032639 0.003125 0.010031
0 0.181858 0.033796 0.003125 0.009568
0 0.181858 0.034799 0.003125 0.010031
0 0.181858 0.036188 0.003125 0.010031
0 0.181858 0.037191 0.003125 0.009568
0 0.181858 0.038349 0.003125 0.010031
0 0.181858 0.039352 0.003125 0.009568
0 0.181858 0.040741 0.003125 0.009568
0 0.181988 0.041975 0.003385 0.009568
0 0.181988 0.041975 0.003385 0.009568
0 0.181988 0.041975 0.003385 0.009568
0 0.181988 0.041975 0.003385 0.009568
0 0.181988 0.041975 0.003385 0.009568
0 0.181988 0.041975 0.003385 0.009568
0 0.181988 0.041975 0.003385 0.009568
0 0.181988 0.041975 0.003385 0.009568
0 0.181988 0.041975 0.003385 0.009568
0 0.181988 0.041975 0.003385 0.009568
0 0.181988 0.042207 0.003385 0.010031
0 0.181858 0.042207 0.003125 0.010031
0 0.181858 0.042670 0.003125 0.010031
0 0.181858 0.043133 0.003125 0.010031
0 0.181858 0.043133 0.003125 0.010031
0 0.181858 0.043519 0.003125 0.009877
0 0.181858 0.043981 0.003125 0.009877
0 0.181858 0.043981 0.003125 0.009877
0 0.181858 0.044367 0.003125 0.010031
0 0.181858 0.044830 0.003125 0.010031
0 0.181858 0.045293 0.003125 0.010031
0 0.181858 0.045293 0.003125 0.010031
0 0.181858 0.045679 0.003125 0.009877
0 0.181858 0.046142 0.003125 0.009877
0 0.181988 0.046528 0.003385 0.010031
0 0.182118 0.046991 0.003125 0.010031
0 0.182118 0.046991 0.003125 0.010031
0 0.182248 0.047454 0.003385 0.010031
0 0.182248 0.047840 0.003385 0.009877
0 0.182248 0.048302 0.003385 0.009877
0 0.182509 0.048688 0.003385 0.010031
0 0.182378 0.049151 0.003125 0.010031
0 0.182378 0.049614 0.003125 0.010031
0 0.182378 0.050077 0.003125 0.010031
0 0.182378 0.050463 0.003125 0.009877
0 0.182378 0.050849 0.003125 0.010031
0 0.182378 0.051312 0.003125 0.010031
0 0.182378 0.051775 0.003125 0.010031
0 0.182378 0.052238 0.003125 0.010031
0 0.182378 0.052623 0.003125 0.009877
0 0.182378 0.053472 0.003125 0.010031
0 0.182378 0.053472 0.003125 0.010031
0 0.182378 0.053935 0.003125 0.010031
0 0.182378 0.054398 0.003125 0.010031
0 0.182378 0.054784 0.003125 0.009877
0 0.182378 0.055247 0.003125 0.009877
0 0.182378 0.055633 0.003125 0.010031
0 0.182378 0.056096 0.003125 0.010031
0 0.182378 0.056559 0.003125 0.010031
0 0.182378 0.056944 0.003125 0.009877
0 0.182595 0.057407 0.003212 0.009877
0 0.182595 0.057793 0.003212 0.010031
0 0.182595 0.058256 0.003212 0.010031
0 0.182595 0.058719 0.003212 0.010031
0 0.182595 0.059182 0.003212 0.010031
0 0.182595 0.059568 0.003212 0.009877
0 0.182595 0.060031 0.003212 0.009877
0 0.182595 0.060417 0.003212 0.010031
0 0.182595 0.060880 0.003212 0.010031
0 0.182595 0.061343 0.003212 0.010031
0 0.182856 0.061728 0.003212 0.009877
0 0.182856 0.061728 0.003212 0.009877
0 0.182856 0.062191 0.003212 0.009877
0 0.182856 0.062577 0.003212 0.010031
0 0.182856 0.063040 0.003212 0.010031
0 0.182856 0.063503 0.003212 0.010031
0 0.182856 0.063503 0.003212 0.010031
0 0.182856 0.063889 0.003212 0.009877
0 0.182856 0.064352 0.003212 0.009877
0 0.182856 0.064738 0.003212 0.010031
0 0.182856 0.065201 0.003212 0.010031
0 0.182856 0.065664 0.003212 0.010031
0 0.182856 0.066127 0.003212 0.010031
0 0.182856 0.066512 0.003212 0.009877
0 0.182856 0.066898 0.003212 0.010031
0 0.182856 0.067824 0.003212 0.010031
0 0.182856 0.068287 0.003212 0.010031
0 0.182856 0.068673 0.003212 0.009877
0 0.182856 0.069136 0.003212 0.009877
0 0.182856 0.069522 0.003212 0.010031
0 0.182856 0.070448 0.003212 0.010031
0 0.182856 0.070448 0.003212 0.010031
0 0.182856 0.070833 0.003212 0.009877
0 0.182856 0.071296 0.003212 0.009877
0 0.182856 0.071451 0.003212 0.009568
0 0.182856 0.071914 0.003212 0.009568
0 0.182856 0.072145 0.003212 0.010031
0 0.182856 0.072377 0.003212 0.009568
0 0.182856 0.072840 0.003212 0.009568
0 0.182856 0.073302 0.003212 0.009568
0 0.182856 0.073611 0.003212 0.009568
0 0.182856 0.073611 0.003212 0.009568
0 0.182856 0.074074 0.003212 0.009568
0 0.182856 0.074074 0.003212 0.009568
0 0.182856 0.074537 0.003212 0.009568
0 0.182856 0.075000 0.003212 0.009568
0 0.182856 0.075000 0.003212 0.009568
0 0.182856 0.075463 0.003212 0.009568
0 0.182856 0.075463 0.003212 0.009568
0 0.182856 0.075849 0.003212 0.009414
0 0.182856 0.076235 0.003212 0.009568
0 0.182856 0.076235 0.003212 0.009568
0 0.182856 0.076235 0.003212 0.009568
0 0.182856 0.076698 0.003212 0.009568
0 0.182856 0.076698 0.003212 0.009568
0 0.182856 0.077160 0.003212 0.009568
0 0.182856 0.077160 0.003212 0.009568
0 0.182856 0.077160 0.003212 0.009568
0 0.182856 0.077623 0.003212 0.009568
0 0.182856 0.077623 0.003212 0.009568
0 0.183116 0.078009 0.003212 0.009414
0 0.183116 0.078009 0.003212 0.009414
0 0.183116 0.078009 0.003212 0.009414
0 0.183116 0.078009 0.003212 0.009414
0 0.183116 0.078009 0.003212 0.009414
0 0.183116 0.078009 0.003212 0.009414
0 0.183116 0.078009 0.003212 0.009414
0 0.183116 0.078009 0.003212 0.009414
0 0.183116 0.078009 0.003212 0.009414
0 0.183116 0.078009 0.003212 0.009414
0 0.183333 0.078009 0.003125 0.009414
0 0.183333 0.078009 0.003125 0.009414
0 0.183333 0.078395 0.003125 0.009568
0 0.183333 0.078395 0.003125 0.009568
0 0.183333 0.078858 0.003125 0.009568
0 0.183333 0.079321 0.003125 0.009568
0 0.183333 0.079321 0.003125 0.009568
0 0.183333 0.079784 0.003125 0.009568
0 0.183333 0.079784 0.003125 0.009568
0 0.183333 0.080170 0.003125 0.009414
0 0.183594 0.080556 0.003125 0.009568
0 0.183333 0.081019 0.003125 0.009568
0 0.183333 0.081944 0.003125 0.009568
0 0.183333 0.082407 0.003125 0.009568
0 0.183333 0.083179 0.003125 0.009568
0 0.183333 0.083642 0.003125 0.009568
0 0.183116 0.084568 0.003212 0.009568
0 0.183116 0.084954 0.003212 0.009414
0 0.183116 0.085802 0.003212 0.009568
0 0.183116 0.086265 0.003212 0.009568
0 0.183116 0.087114 0.003212 0.009414
0 0.182986 0.087500 0.002951 0.009568
0 0.182986 0.087963 0.002951 0.009568
0 0.182986 0.088426 0.002951 0.009568
0 0.182986 0.089120 0.002951 0.009105
0 0.182986 0.089660 0.002951 0.009568
0 0.182986 0.090123 0.002951 0.009568
0 0.182986 0.090818 0.002951 0.009105
0 0.182986 0.091281 0.002951 0.009105
0 0.182986 0.091744 0.002951 0.009105
0 0.182986 0.092515 0.002951 0.009105
0 0.182986 0.092978 0.002951 0.009105
0 0.182986 0.093673 0.002951 0.009568
0 0.182986 0.094213 0.002951 0.009105
0 0.182986 0.094907 0.002951 0.009568
0 0.182986 0.095833 0.002951 0.009568
