0 0.132465 0.141975 0.004340 0.016049
0 0.132682 0.141512 0.004427 0.016049
0 0.133073 0.141204 0.004167 0.016049
0 0.133464 0.140741 0.003906 0.016049
0 0.133811 0.140278 0.004080 0.016049
0 0.134158 0.139815 0.003906 0.016049
0 0.134549 0.139352 0.003646 0.016049
0 0.134939 0.138889 0.003906 0.016049
0 0.135243 0.138580 0.003646 0.016049
0 0.135634 0.138117 0.003385 0.016049
0 0.136111 0.137654 0.003472 0.016049
0 0.136458 0.136960 0.003646 0.016512
0 0.136849 0.136574 0.003906 0.016358
0 0.137240 0.136188 0.004167 0.016512
0 0.137587 0.135725 0.004340 0.016512
0 0.137934 0.135262 0.004687 0.016512
0 0.138325 0.134799 0.004948 0.016512
0 0.138672 0.134414 0.005122 0.016358
0 0.139062 0.134028 0.005382 0.016512
0 0.139410 0.133565 0.005556 0.016512
0 0.139800 0.133102 0.005816 0.016512
0 0.140017 0.132176 0.005903 0.016512
0 0.140408 0.131404 0.005642 0.016512
0 0.140755 0.130478 0.005295 0.016512
0 0.141102 0.129630 0.005122 0.016358
0 0.141493 0.128781 0.004861 0.016512
0 0.141840 0.127855 0.004687 0.016512
0 0.142231 0.127083 0.004427 0.016512
0 0.142578 0.126157 0.004080 0.016512
0 0.142925 0.125309 0.003906 0.016358
0 0.143446 0.124691 0.003906 0.016049
0 0.143707 0.124228 0.003906 0.016049
0 0.143967 0.123765 0.003906 0.016049
0 0.144141 0.123302 0.003906 0.016049
0 0.144401 0.122840 0.003906 0.016049
0 0.144792 0.122531 0.003646 0.016049
0 0.145052 0.122068 0.003646 0.016049
0 0.145269 0.121605 0.003733 0.016049
0 0.145486 0.121142 0.003646 0.016049
0 0.145747 0.120679 0.003646 0.016049
0 0.146267 0.120370 0.003646 0.016049
0 0.146484 0.119907 0.003733 0.016049
0 0.146701 0.119444 0.003646 0.016049
0 0.146962 0.118981 0.003646 0.016049
0 0.147222 0.118519 0.003646 0.016049
0 0.147613 0.118210 0.003906 0.016049
0 0.147873 0.117747 0.003906 0.016049
0 0.148047 0.117284 0.003906 0.016049
0 0.148307 0.116821 0.003906 0.016049
0 0.148568 0.116358 0.003906 0.016049
0 0.149089 0.115895 0.003906 0.016049
0 0.149262 0.115586 0.003906 0.016049
0 0.149523 0.115586 0.003906 0.016049
0 0.149783 0.115123 0.003906 0.016049
0 0.150043 0.115123 0.003906 0.016049
0 0.150391 0.114660 0.003733 0.016049
0 0.150608 0.114660 0.003646 0.016049
0 0.150868 0.114198 0.003646 0.016049
0 0.151128 0.114198 0.003646 0.016049
0 0.151389 0.113735 0.003646 0.016049
0 0.151866 0.113735 0.003733 0.016049
0 0.151997 0.113426 0.003472 0.016049
0 0.152127 0.113194 0.003212 0.015586
0 0.152344 0.112731 0.003125 0.015586
0 0.152474 0.112500 0.002865 0.015123
0 0.152691 0.112500 0.002951 0.015123
0 0.152821 0.112037 0.002691 0.015123
0 0.152951 0.111883 0.002431 0.014815
0 0.153212 0.111420 0.002431 0.014815
0 0.153342 0.111188 0.002170 0.014352
0 0.153559 0.111188 0.002257 0.014352
0 0.153559 0.110725 0.002257 0.014352
0 0.153559 0.110571 0.002257 0.014660
0 0.153689 0.110571 0.002517 0.014660
0 0.153689 0.110340 0.002517 0.015123
0 0.153776 0.110340 0.002691 0.015123
0 0.153776 0.109877 0.002691 0.015123
0 0.153776 0.109645 0.002691 0.015586
0 0.153906 0.109645 0.002951 0.015586
0 0.153906 0.109414 0.002951 0.016049
0 0.154036 0.109414 0.003212 0.016049
0 0.154036 0.109028 0.003212 0.016204
0 0.154036 0.108642 0.003212 0.016049
0 0.154167 0.108179 0.003472 0.016049
0 0.154167 0.107716 0.003472 0.016049
0 0.154427 0.107716 0.003472 0.016049
0 0.154427 0.107253 0.003472 0.016049
0 0.154427 0.106790 0.003472 0.016049
0 0.154514 0.106481 0.003646 0.016049
0 0.154514 0.106019 0.003646 0.016049
0 0.154774 0.106019 0.003646 0.016049
0 0.154774 0.105556 0.003646 0.016049
0 0.154774 0.105093 0.003646 0.016049
0 0.154774 0.104630 0.003646 0.016049
0 0.154905 0.104321 0.003385 0.016049
0 0.154905 0.104321 0.003385 0.016049
0 0.154905 0.103858 0.003385 0.016049
0 0.155035 0.103395 0.003125 0.016049
0 0.155035 0.102932 0.003125 0.016049
0 0.155035 0.102469 0.003125 0.016049
0 0.155165 0.102469 0.002865 0.016049
0 0.154905 0.102160 0.002865 0.016049
0 0.154905 0.101698 0.002865 0.016049
0 0.154774 0.101698 0.003125 0.016049
0 0.154687 0.101235 0.002951 0.016049
0 0.154557 0.101235 0.003212 0.016049
0 0.154557 0.100772 0.003212 0.016049
0 0.154297 0.100309 0.003212 0.016049
0 0.154297 0.100309 0.003212 0.016049
0 0.154167 0.099846 0.003472 0.016049
0 0.154167 0.099846 0.003472 0.016049
0 0.153950 0.099537 0.003385 0.016049
0 0.153950 0.099537 0.003385 0.016049
0 0.153950 0.099537 0.003385 0.016049
0 0.153819 0.099537 0.003646 0.016049
0 0.153819 0.099537 0.003646 0.016049
0 0.153819 0.099074 0.003646 0.016049
0 0.153689 0.099074 0.003906 0.016049
0 0.153689 0.099074 0.003906 0.016049
0 0.153689 0.099074 0.003906 0.016049
0 0.153689 0.099074 0.003906 0.016049
0 0.153429 0.098611 0.003906 0.016049
0 0.153429 0.098148 0.003906 0.016049
0 0.153429 0.097685 0.003906 0.016049
0 0.153429 0.097377 0.003906 0.016049
0 0.153429 0.097377 0.003906 0.016049
0 0.153168 0.096914 0.003906 0.016049
0 0.153168 0.096451 0.003906 0.016049
0 0.153168 0.095988 0.003906 0.016049
0 0.153168 0.095525 0.003906 0.016049
0 0.153168 0.095525 0.003906 0.016049
0 0.153168 0.095216 0.003906 0.016049
0 0.153168 0.094753 0.003906 0.016049
0 0.153168 0.094290 0.003906 0.016049
0 0.153168 0.093827 0.003906 0.016049
0 0.153168 0.093827 0.003906 0.016049
0 0.153168 0.093364 0.003906 0.016049
0 0.153168 0.092901 0.003906 0.016049
0 0.153168 0.092593 0.003906 0.016049
0 0.153168 0.092130 0.003906 0.016049
0 0.153299 0.092130 0.003646 0.016049
0 0.153082 0.092130 0.003733 0.016049
0 0.153082 0.092130 0.003733 0.016049
0 0.152995 0.092130 0.003906 0.016049
0 0.152995 0.092130 0.003906 0.016049
0 0.152865 0.092130 0.004167 0.016049
0 0.152734 0.092130 0.003906 0.016049
0 0.152604 0.092130 0.004167 0.016049
0 0.152604 0.092130 0.004167 0.016049
0 0.152474 0.092130 0.004427 0.016049
0 0.152474 0.092130 0.004427 0.016049
0 0.152214 0.091667 0.004427 0.016049
0 0.152214 0.091667 0.004427 0.016049
0 0.152214 0.091204 0.004427 0.016049
0 0.152214 0.091204 0.004427 0.016049
0 0.152214 0.091204 0.004427 0.016049
0 0.152127 0.090741 0.004601 0.016049
0 0.152127 0.090741 0.004601 0.016049
0 0.152127 0.090432 0.004601 0.016049
0 0.152127 0.090432 0.004601 0.016049
0 0.152127 0.090432 0.004601 0.016049
0 0.152127 0.089969 0.004601 0.016049
0 0.152127 0.089506 0.004601 0.016049
0 0.152127 0.089043 0.004601 0.016049
0 0.152127 0.088580 0.004601 0.016049
0 0.152344 0.088272 0.004687 0.016049
0 0.152344 0.087809 0.004687 0.016049
0 0.152344 0.087346 0.004687 0.016049
0 0.152344 0.086883 0.004687 0.016049
0 0.152344 0.086420 0.004687 0.016049
0 0.152604 0.086420 0.004687 0.016049
0 0.152604 0.086111 0.004687 0.016049
0 0.152734 0.085648 0.004427 0.016049
0 0.152734 0.085185 0.004427 0.016049
0 0.152865 0.084954 0.004167 0.015586
0 0.152995 0.084491 0.003906 0.015586
0 0.152995 0.084028 0.003906 0.015586
0 0.153082 0.083873 0.003733 0.015278
0 0.153082 0.083410 0.003733 0.015278
0 0.153212 0.083025 0.003472 0.015123
0 0.153429 0.082793 0.003385 0.014660
