0 0.193837 0.201620 0.007639 0.011265
0 0.193620 0.201620 0.007552 0.011265
0 0.193620 0.201620 0.007552 0.011265
0 0.193490 0.201620 0.007812 0.011265
0 0.193359 0.201620 0.007552 0.011265
0 0.193359 0.201620 0.007552 0.011265
0 0.193229 0.201620 0.007812 0.011265
0 0.193099 0.201620 0.007552 0.011265
0 0.192969 0.201620 0.007812 0.011265
0 0.192969 0.201620 0.007812 0.011265
0 0.192969 0.201852 0.007812 0.010802
0 0.192969 0.201852 0.007812 0.010802
0 0.192969 0.201852 0.007812 0.010802
0 0.192969 0.201852 0.007812 0.010802
0 0.192969 0.201852 0.007812 0.010802
0 0.192969 0.201852 0.007812 0.010802
0 0.192969 0.201852 0.007812 0.010802
0 0.192969 0.201852 0.007812 0.010802
0 0.192969 0.201852 0.007812 0.010802
0 0.192969 0.201852 0.007812 0.010802
0 0.193229 0.202083 0.007812 0.011265
0 0.192969 0.201620 0.007812 0.011265
0 0.192708 0.201620 0.007812 0.011265
0 0.192491 0.201620 0.007726 0.011265
0 0.192405 0.201620 0.007552 0.011265
0 0.192274 0.201620 0.007812 0.011265
0 0.192014 0.201157 0.007812 0.011265
0 0.191884 0.201157 0.007552 0.011265
0 0.191623 0.201157 0.007552 0.011265
0 0.191363 0.201157 0.007552 0.011265
0 0.191363 0.201157 0.007552 0.011265
0 0.191363 0.201157 0.007552 0.011265
0 0.191363 0.201157 0.007552 0.011265
0 0.191363 0.201157 0.007552 0.011265
0 0.191623 0.201620 0.007552 0.011265
0 0.191623 0.201620 0.007552 0.011265
0 0.191623 0.201620 0.007552 0.011265
0 0.191884 0.202083 0.007552 0.011265
0 0.191884 0.202083 0.007552 0.011265
0 0.191884 0.202083 0.007552 0.011265
0 0.192144 0.202546 0.007552 0.011265
0 0.191884 0.202083 0.007552 0.011265
0 0.191753 0.202083 0.007812 0.011265
0 0.191623 0.202083 0.007552 0.011265
0 0.191493 0.201620 0.007812 0.011265
0 0.191363 0.201620 0.007552 0.011265
0 0.191233 0.201620 0.007812 0.011265
0 0.191059 0.201157 0.007812 0.011265
0 0.191059 0.201157 0.007812 0.011265
0 0.190799 0.201157 0.007812 0.011265
0 0.190799 0.201157 0.007812 0.011265
0 0.190538 0.200849 0.007812 0.011265
0 0.190538 0.200849 0.007812 0.011265
0 0.190538 0.200849 0.007812 0.011265
0 0.190538 0.200849 0.007812 0.011265
0 0.190538 0.200849 0.007812 0.011265
0 0.190538 0.200849 0.007812 0.011265
0 0.190538 0.200849 0.007812 0.011265
0 0.190538 0.200849 0.007812 0.011265
0 0.190538 0.200849 0.007812 0.011265
0 0.190538 0.200849 0.007812 0.011265
0 0.190278 0.200386 0.007812 0.011265
0 0.190017 0.200386 0.007812 0.011265
0 0.189844 0.200386 0.007812 0.011265
0 0.189583 0.199923 0.007812 0.011265
0 0.189323 0.199923 0.007812 0.011265
0 0.189062 0.199923 0.007812 0.011265
0 0.188802 0.199460 0.007812 0.011265
0 0.188585 0.199460 0.007726 0.011265
0 0.188368 0.199460 0.007812 0.011265
0 0.188368 0.199460 0.007812 0.011265
0 0.188108 0.199228 0.007812 0.011728
0 0.188108 0.199228 0.007812 0.011728
0 0.188108 0.199228 0.007812 0.011728
0 0.188108 0.199228 0.007812 0.011728
0 0.188108 0.199460 0.007812 0.012191
0 0.187977 0.199228 0.007552 0.012654
0 0.187977 0.199228 0.007552 0.012654
0 0.187977 0.199228 0.007552 0.012654
0 0.187977 0.199228 0.007552 0.012654
0 0.187977 0.199460 0.007552 0.013117
0 0.187977 0.199228 0.007552 0.012654
0 0.187977 0.199228 0.007552 0.012654
0 0.187977 0.199228 0.007552 0.012654
0 0.187977 0.198997 0.007552 0.012191
0 0.188108 0.198997 0.007812 0.012191
0 0.188108 0.198997 0.007812 0.012191
0 0.188108 0.198765 0.007812 0.011728
0 0.188108 0.198765 0.007812 0.011728
0 0.188108 0.198765 0.007812 0.011728
0 0.188368 0.198997 0.007812 0.011265
0 0.188108 0.198611 0.007812 0.011420
0 0.187847 0.198611 0.007812 0.011420
0 0.187847 0.198611 0.007812 0.011420
0 0.187587 0.198225 0.007812 0.011265
0 0.187587 0.198225 0.007812 0.011265
0 0.187326 0.198225 0.007812 0.011265
0 0.187153 0.197762 0.007812 0.011265
0 0.187153 0.197762 0.007812 0.011265
0 0.186892 0.197762 0.007812 0.011265
0 0.186892 0.197762 0.007812 0.011265
0 0.186632 0.197299 0.007812 0.011265
0 0.186632 0.197299 0.007812 0.011265
0 0.186632 0.196836 0.007812 0.011265
0 0.186632 0.196836 0.007812 0.011265
0 0.186632 0.196373 0.007812 0.011265
0 0.186372 0.196373 0.007812 0.011265
0 0.186372 0.196065 0.007812 0.011265
0 0.186372 0.196065 0.007812 0.011265
0 0.186372 0.195602 0.007812 0.011265
0 0.186372 0.195602 0.007812 0.011265
0 0.186024 0.195602 0.007639 0.011265
0 0.185894 0.195602 0.007378 0.011265
0 0.185677 0.195602 0.007292 0.011265
0 0.185547 0.195602 0.007031 0.011265
0 0.185286 0.195602 0.007031 0.011265
0 0.185200 0.195602 0.006858 0.011265
0 0.184939 0.195602 0.006858 0.011265
0 0.184809 0.195602 0.006597 0.011265
0 0.184549 0.195602 0.006597 0.011265
0 0.184418 0.195602 0.006337 0.011265
0 0.184158 0.195602 0.006337 0.011265
0 0.184158 0.195602 0.006337 0.011265
0 0.184158 0.195602 0.006337 0.011265
0 0.184158 0.195602 0.006337 0.011265
0 0.184158 0.195602 0.006337 0.011265
0 0.183984 0.195602 0.006337 0.011265
0 0.183984 0.195602 0.006337 0.011265
0 0.183984 0.195602 0.006337 0.011265
0 0.183984 0.195602 0.006337 0.011265
0 0.183984 0.195602 0.006337 0.011265
0 0.183724 0.195602 0.006337 0.011265
0 0.183724 0.195602 0.006337 0.011265
0 0.183724 0.195602 0.006337 0.011265
0 0.183724 0.195602 0.006337 0.011265
0 0.183724 0.195602 0.006337 0.011265
0 0.183464 0.195602 0.006337 0.011265
0 0.183464 0.195602 0.006337 0.011265
0 0.183464 0.195602 0.006337 0.011265
0 0.183464 0.195602 0.006337 0.011265
0 0.183464 0.195602 0.006337 0.011265
0 0.183464 0.195602 0.006337 0.011265
0 0.183464 0.195602 0.006337 0.011265
0 0.183464 0.195602 0.006337 0.011265
0 0.183464 0.195602 0.006337 0.011265
0 0.183464 0.195602 0.006337 0.011265
0 0.183464 0.195602 0.006337 0.011265
0 0.183464 0.195602 0.006337 0.011265
0 0.183464 0.195602 0.006337 0.011265
0 0.183464 0.195602 0.006337 0.011265
0 0.183464 0.195602 0.006337 0.011265
0 0.183464 0.195139 0.006337 0.011265
0 0.183464 0.195139 0.006337 0.011265
0 0.183464 0.195139 0.006337 0.011265
0 0.183464 0.195139 0.006337 0.011265
0 0.183464 0.195139 0.006337 0.011265
0 0.183464 0.194676 0.006337 0.011265
0 0.183464 0.194676 0.006337 0.011265
0 0.183464 0.194676 0.006337 0.011265
0 0.183464 0.194676 0.006337 0.011265
0 0.183464 0.194676 0.006337 0.011265
0 0.183203 0.194676 0.006337 0.011265
0 0.183203 0.194676 0.006337 0.011265
0 0.183203 0.194676 0.006337 0.011265
0 0.183203 0.194676 0.006337 0.011265
0 0.183203 0.194676 0.006337 0.011265
0 0.182943 0.194676 0.006337 0.011265
0 0.182943 0.194676 0.006337 0.011265
0 0.182943 0.194676 0.006337 0.011265
0 0.182943 0.194676 0.006337 0.011265
0 0.182943 0.194676 0.006337 0.011265
0 0.182726 0.194676 0.006424 0.011265
0 0.182726 0.194676 0.006424 0.011265
0 0.182509 0.194676 0.006337 0.011265
0 0.182509 0.194676 0.006337 0.011265
0 0.182509 0.194676 0.006337 0.011265
0 0.182248 0.194676 0.006337 0.011265
0 0.182248 0.194676 0.006337 0.011265
0 0.181988 0.194676 0.006337 0.011265
0 0.181988 0.194676 0.006337 0.011265
0 0.181988 0.194676 0.006337 0.011265
