0 0.235720 0.178241 0.006337 0.012963
0 0.235330 0.177546 0.006597 0.013426
0 0.235069 0.177083 0.006597 0.013426
0 0.234809 0.176852 0.006597 0.013889
0 0.234549 0.176543 0.006597 0.013889
0 0.234375 0.176312 0.006597 0.014352
0 0.234115 0.175849 0.006597 0.014352
0 0.233854 0.175386 0.006597 0.014352
0 0.233594 0.175154 0.006597 0.014815
0 0.233333 0.174769 0.006597 0.014660
0 0.233116 0.174537 0.006510 0.015123
0 0.233030 0.174306 0.006337 0.014660
0 0.233116 0.174306 0.006163 0.014660
0 0.232986 0.174151 0.005903 0.014352
0 0.233116 0.174151 0.005642 0.014352
0 0.232986 0.173920 0.005382 0.013889
0 0.233116 0.173920 0.005122 0.013889
0 0.232986 0.173688 0.004861 0.013426
0 0.233116 0.173688 0.004601 0.013426
0 0.232986 0.173457 0.004340 0.012963
0 0.233116 0.173457 0.004080 0.012963
0 0.232986 0.173225 0.004340 0.013426
0 0.232856 0.173225 0.004601 0.013426
0 0.232856 0.173225 0.004601 0.013426
0 0.232726 0.173457 0.004861 0.013889
0 0.232856 0.173457 0.005122 0.013889
0 0.232726 0.173457 0.005382 0.013889
0 0.232639 0.173688 0.005556 0.014352
0 0.232639 0.173688 0.005556 0.014352
0 0.232509 0.173688 0.005816 0.014352
0 0.232639 0.173920 0.006076 0.014815
0 0.232639 0.173457 0.006076 0.014815
0 0.232899 0.173225 0.006076 0.014352
0 0.233030 0.172994 0.006337 0.014815
0 0.233203 0.172762 0.006337 0.014352
0 0.233333 0.172762 0.006597 0.014352
0 0.233594 0.172377 0.006597 0.014198
0 0.233724 0.172145 0.006858 0.013735
0 0.233984 0.171914 0.006858 0.014198
0 0.234115 0.171759 0.007118 0.013889
0 0.234332 0.171759 0.007031 0.013889
0 0.234332 0.171991 0.007031 0.013426
0 0.234332 0.172299 0.007031 0.013426
0 0.234462 0.172762 0.006771 0.013426
0 0.234462 0.172994 0.006771 0.012963
0 0.234679 0.173457 0.006858 0.012963
0 0.234679 0.173920 0.006858 0.012963
0 0.234679 0.174074 0.006858 0.012654
0 0.234809 0.174537 0.006597 0.012654
0 0.234809 0.175000 0.006597 0.012654
0 0.235069 0.175617 0.006597 0.012037
0 0.235069 0.175231 0.006597 0.012191
0 0.235069 0.175231 0.006597 0.012191
0 0.235200 0.175000 0.006858 0.012654
0 0.235200 0.175000 0.006858 0.012654
0 0.235460 0.175000 0.006858 0.012654
0 0.235460 0.174769 0.006858 0.013117
0 0.235460 0.174769 0.006858 0.013117
0 0.235547 0.174537 0.007031 0.013580
0 0.235547 0.174537 0.007031 0.013580
0 0.235807 0.174537 0.007031 0.013580
0 0.235547 0.174306 0.007031 0.013117
0 0.235547 0.174306 0.007031 0.013117
0 0.235547 0.174306 0.007031 0.013117
0 0.235547 0.174306 0.007031 0.013117
0 0.235547 0.174306 0.007031 0.013117
0 0.235330 0.174306 0.007118 0.013117
0 0.235330 0.174306 0.007118 0.013117
0 0.235330 0.174306 0.007118 0.013117
0 0.235330 0.174306 0.007118 0.013117
0 0.235330 0.174306 0.007118 0.013117
0 0.235330 0.174151 0.007118 0.013426
0 0.235330 0.174383 0.007118 0.013889
0 0.235330 0.174151 0.007118 0.014352
0 0.235330 0.174306 0.007118 0.014660
0 0.235330 0.174306 0.007118 0.014660
0 0.235330 0.174306 0.007118 0.015586
0 0.235330 0.174306 0.007118 0.015586
0 0.235330 0.174306 0.007118 0.016512
0 0.235330 0.174306 0.007118 0.016512
0 0.235547 0.174537 0.007031 0.016975
0 0.235330 0.174537 0.007118 0.016975
0 0.235330 0.174537 0.007118 0.016975
0 0.235069 0.174537 0.007118 0.016975
0 0.235069 0.174537 0.007118 0.016975
0 0.235069 0.174537 0.007118 0.016975
0 0.234809 0.174537 0.007118 0.016975
0 0.234809 0.174537 0.007118 0.016975
0 0.234592 0.174537 0.007031 0.016975
0 0.234592 0.174537 0.007031 0.016975
0 0.234592 0.174537 0.007031 0.016975
0 0.234332 0.174306 0.007031 0.017438
0 0.234332 0.174306 0.007031 0.017438
0 0.234332 0.174306 0.007031 0.017438
0 0.234332 0.174306 0.007031 0.017438
0 0.234332 0.174306 0.007031 0.017438
0 0.234115 0.174306 0.007118 0.017438
0 0.234115 0.174306 0.007118 0.017438
0 0.234115 0.174306 0.007118 0.017438
0 0.234115 0.174306 0.007118 0.017438
0 0.234115 0.174306 0.007118 0.017438
0 0.234332 0.174306 0.007031 0.017438
0 0.234592 0.174306 0.007031 0.017438
0 0.234809 0.174306 0.007118 0.017438
0 0.235069 0.174769 0.007118 0.017438
0 0.235330 0.174769 0.007118 0.017438
0 0.235547 0.174769 0.007031 0.017438
0 0.235807 0.175154 0.007031 0.017284
0 0.236068 0.175154 0.007031 0.017284
0 0.236285 0.175154 0.007118 0.017284
0 0.236545 0.175617 0.007118 0.017284
0 0.236545 0.176080 0.007118 0.017284
0 0.236762 0.176466 0.007031 0.017438
0 0.236762 0.176929 0.007031 0.017438
0 0.237023 0.177315 0.007031 0.017284
0 0.237023 0.177778 0.007031 0.017284
0 0.237283 0.178241 0.007031 0.017284
0 0.237283 0.178627 0.007031 0.017438
0 0.237500 0.179090 0.007118 0.017438
0 0.237500 0.179552 0.007118 0.017438
0 0.237760 0.180401 0.007118 0.017284
0 0.237760 0.180864 0.007118 0.017284
0 0.237760 0.181250 0.007118 0.017438
0 0.237760 0.182099 0.007118 0.017284
0 0.237760 0.182562 0.007118 0.017284
0 0.237760 0.183410 0.007118 0.017438
0 0.237760 0.183873 0.007118 0.017438
0 0.237760 0.184259 0.007118 0.017284
0 0.237760 0.185185 0.007118 0.017284
0 0.237760 0.185571 0.007118 0.017438
0 0.237760 0.186497 0.007118 0.017438
0 0.237760 0.186883 0.007118 0.017284
0 0.238021 0.187346 0.007118 0.017284
0 0.238238 0.187731 0.007031 0.017438
0 0.238238 0.188194 0.007031 0.017438
0 0.238498 0.188657 0.007031 0.017438
0 0.238715 0.189043 0.007118 0.017284
0 0.238715 0.189506 0.007118 0.017284
0 0.238976 0.189969 0.007118 0.017284
0 0.239236 0.190355 0.007118 0.017438
0 0.239453 0.191204 0.007031 0.017284
0 0.239714 0.191667 0.007031 0.017284
0 0.239931 0.192130 0.007118 0.017284
0 0.240191 0.192515 0.007118 0.017438
0 0.240451 0.193210 0.007118 0.016975
0 0.240668 0.193827 0.007031 0.017284
0 0.240929 0.194290 0.007031 0.017284
0 0.241189 0.194907 0.007031 0.016975
0 0.241406 0.195370 0.007118 0.016975
0 0.241667 0.195833 0.007118 0.016975
0 0.241884 0.196682 0.007031 0.016821
0 0.241884 0.197068 0.007031 0.016975
0 0.242144 0.197531 0.007031 0.016975
0 0.242405 0.197994 0.007031 0.016975
0 0.242622 0.198380 0.007118 0.016821
0 0.242882 0.199228 0.007118 0.016975
0 0.242882 0.199691 0.007118 0.016975
0 0.243142 0.200154 0.007118 0.016975
0 0.243359 0.200540 0.007031 0.016821
0 0.243620 0.201003 0.007031 0.016821
0 0.243837 0.201852 0.007118 0.016975
0 0.243837 0.202315 0.007118 0.016975
0 0.244097 0.203164 0.007118 0.016821
0 0.244358 0.203627 0.007118 0.016821
0 0.244575 0.204475 0.007031 0.016975
0 0.244835 0.204938 0.007031 0.016975
0 0.244835 0.205787 0.007031 0.016821
0 0.245095 0.206173 0.007031 0.016975
0 0.245312 0.207099 0.007118 0.016975
0 0.245573 0.207485 0.007118 0.016821
0 0.245790 0.208333 0.007031 0.016975
0 0.245790 0.208796 0.007031 0.016975
0 0.246050 0.209259 0.007031 0.016975
0 0.246311 0.209645 0.007031 0.016821
0 0.246441 0.210340 0.007292 0.017284
0 0.246658 0.210957 0.007378 0.016975
0 0.246788 0.211420 0.007118 0.016975
0 0.246918 0.212037 0.007378 0.017284
0 0.247135 0.212500 0.007292 0.017284
0 0.247396 0.212963 0.007292 0.017284
0 0.247656 0.213812 0.007292 0.017438
