0 0.200825 0.004012 0.006337 0.007407
0 0.180642 0.003395 0.005556 0.006790
0 0.160634 0.003241 0.005122 0.006481
0 0.140625 0.002778 0.004687 0.005556
0 0.120616 0.002546 0.004080 0.005093
0 0.100608 0.002315 0.003646 0.004630
0 0.080469 0.001929 0.002951 0.003858
0 0.060503 0.001698 0.002431 0.003395
0 0.040451 0.001235 0.001910 0.002469
0 0.020443 0.001080 0.001476 0.002160
0 0.000477 0.000849 0.000955 0.001698
0 0.000477 0.000849 0.000955 0.001698
0 0.000477 0.000849 0.000955 0.001698
0 0.000477 0.000849 0.000955 0.001698
0 0.000477 0.000849 0.000955 0.001698
0 0.000477 0.000849 0.000955 0.001698
0 0.000477 0.000849 0.000955 0.001698
0 0.000477 0.000849 0.000955 0.001698
0 0.000477 0.000849 0.000955 0.001698
0 0.000477 0.000849 0.000955 0.001698
0 0.000477 0.000849 0.000955 0.001698
0 0.000477 0.000849 0.000955 0.001698
0 0.000477 0.000849 0.000955 0.001698
0 0.000477 0.000849 0.000955 0.001698
0 0.000477 0.000849 0.000955 0.001698
0 0.000477 0.000849 0.000955 0.001698
0 0.000477 0.000849 0.000955 0.001698
0 0.000477 0.000849 0.000955 0.001698
0 0.000477 0.000849 0.000955 0.001698
0 0.000477 0.000849 0.000955 0.001698
0 0.000477 0.000849 0.000955 0.001698
0 0.000477 0.000849 0.000955 0.001698
0 0.000477 0.000849 0.000955 0.001698
0 0.000477 0.000849 0.000955 0.001698
0 0.000477 0.000849 0.000955 0.001698
0 0.000477 0.000849 0.000955 0.001698
0 0.000477 0.000849 0.000955 0.001698
0 0.000477 0.000849 0.000955 0.001698
0 0.000477 0.000849 0.000955 0.001698
0 0.000477 0.000849 0.000955 0.001698
0 0.000477 0.000849 0.000955 0.001698
0 0.000477 0.000849 0.000955 0.001698
0 0.000477 0.000849 0.000955 0.001698
0 0.000477 0.000849 0.000955 0.001698
0 0.000477 0.000849 0.000955 0.001698
0 0.000477 0.000849 0.000955 0.001698
0 0.000477 0.000849 0.000955 0.001698
0 0.000477 0.000849 0.000955 0.001698
0 0.000477 0.000849 0.000955 0.001698
0 0.000477 0.000849 0.000955 0.001698
0 0.000477 0.000849 0.000955 0.001698
0 0.000477 0.000849 0.000955 0.001698
0 0.000477 0.000849 0.000955 0.001698
0 0.000477 0.000849 0.000955 0.001698
0 0.000477 0.000849 0.000955 0.001698
0 0.000477 0.000849 0.000955 0.001698
0 0.000477 0.000849 0.000955 0.001698
0 0.000477 0.000849 0.000955 0.001698
0 0.000477 0.000849 0.000955 0.001698
0 0.000477 0.000849 0.000955 0.001698
0 0.000477 0.000849 0.000955 0.001698
0 0.000477 0.000849 0.000955 0.001698
0 0.000477 0.000849 0.000955 0.001698
0 0.000477 0.000849 0.000955 0.001698
0 0.000477 0.000849 0.000955 0.001698
0 0.000477 0.000849 0.000955 0.001698
0 0.000477 0.000849 0.000955 0.001698
0 0.000477 0.000849 0.000955 0.001698
0 0.000477 0.000849 0.000955 0.001698
0 0.000477 0.000849 0.000955 0.001698
0 0.000477 0.000849 0.000955 0.001698
0 0.000477 0.000849 0.000955 0.001698
0 0.000477 0.000849 0.000955 0.001698
0 0.000477 0.000849 0.000955 0.001698
0 0.000477 0.000849 0.000955 0.001698
0 0.000477 0.000849 0.000955 0.001698
0 0.000477 0.000849 0.000955 0.001698
0 0.000477 0.000849 0.000955 0.001698
0 0.000477 0.000849 0.000955 0.001698
0 0.000477 0.000849 0.000955 0.001698
0 0.000477 0.000849 0.000955 0.001698
0 0.000477 0.000849 0.000955 0.001698
0 0.000477 0.000849 0.000955 0.001698
0 0.000477 0.000849 0.000955 0.001698
0 0.000477 0.000849 0.000955 0.001698
0 0.000477 0.000849 0.000955 0.001698
0 0.000477 0.000849 0.000955 0.001698
0 0.000477 0.000849 0.000955 0.001698
0 0.000477 0.000849 0.000955 0.001698
0 0.000477 0.000849 0.000955 0.001698
0 0.000477 0.000849 0.000955 0.001698
0 0.000477 0.000849 0.000955 0.001698
0 0.000477 0.000849 0.000955 0.001698
0 0.000477 0.000849 0.000955 0.001698
0 0.000477 0.000849 0.000955 0.001698
0 0.000477 0.000849 0.000955 0.001698
0 0.000477 0.000849 0.000955 0.001698
0 0.000477 0.000849 0.000955 0.001698
0 0.000477 0.000849 0.000955 0.001698
0 0.000477 0.000849 0.000955 0.001698
0 0.000477 0.000849 0.000955 0.001698
0 0.000477 0.000849 0.000955 0.001698
0 0.000477 0.000849 0.000955 0.001698
0 0.000477 0.000849 0.000955 0.001698
0 0.000477 0.000849 0.000955 0.001698
0 0.000477 0.000849 0.000955 0.001698
0 0.000477 0.000849 0.000955 0.001698
0 0.000477 0.000849 0.000955 0.001698
0 0.000477 0.000849 0.000955 0.001698
0 0.000477 0.000849 0.000955 0.001698
0 0.000477 0.000849 0.000955 0.001698
0 0.020443 0.001080 0.001476 0.002160
0 0.040451 0.001235 0.001910 0.002469
0 0.060503 0.001466 0.002431 0.002932
0 0.080599 0.001698 0.003212 0.003395
0 0.100738 0.001929 0.003385 0.003858
0 0.120747 0.002160 0.003819 0.004321
0 0.140885 0.002315 0.004687 0.004630
0 0.160894 0.002546 0.005122 0.005093
0 0.180903 0.002778 0.005556 0.005556
0 0.201128 0.003009 0.006076 0.006019
0 0.201128 0.004475 0.006076 0.007407
0 0.201259 0.006250 0.006337 0.009105
0 0.201259 0.007716 0.006337 0.010494
0 0.201389 0.009491 0.006597 0.012191
0 0.201389 0.011265 0.006597 0.013889
0 0.201519 0.012731 0.006858 0.015278
0 0.201519 0.014429 0.006858 0.016821
0 0.201649 0.015972 0.007118 0.018364
0 0.201649 0.017670 0.007118 0.019907
0 0.201736 0.019676 0.007292 0.021142
0 0.201736 0.021219 0.007292 0.020833
0 0.201736 0.022917 0.007292 0.019907
0 0.201736 0.024846 0.007292 0.019444
0 0.201866 0.026620 0.007031 0.018673
0 0.201997 0.028549 0.007292 0.018210
0 0.201997 0.030324 0.007292 0.017438
0 0.202127 0.032022 0.007031 0.016512
0 0.202127 0.033951 0.007031 0.016049
0 0.202127 0.035725 0.007031 0.015278
0 0.202387 0.037654 0.007031 0.014815
0 0.202387 0.039429 0.007031 0.014660
0 0.202387 0.041590 0.007031 0.014660
0 0.202387 0.043750 0.007031 0.014660
0 0.202387 0.045910 0.007031 0.014660
0 0.202387 0.048071 0.007031 0.014660
0 0.202387 0.050231 0.007031 0.014660
0 0.202387 0.052392 0.007031 0.014660
0 0.202387 0.054552 0.007031 0.014660
0 0.202387 0.056790 0.007031 0.014815
0 0.202604 0.058951 0.007118 0.014815
0 0.202604 0.061111 0.007118 0.014815
0 0.202865 0.063272 0.007118 0.014815
0 0.202865 0.065664 0.007118 0.015278
0 0.203125 0.068056 0.007118 0.014815
0 0.203125 0.070448 0.007118 0.015278
0 0.203342 0.072608 0.007031 0.015278
0 0.203342 0.075000 0.007031 0.014815
0 0.203602 0.077315 0.007031 0.015123
0 0.203602 0.079552 0.007031 0.015278
0 0.203819 0.082099 0.007118 0.015123
0 0.203819 0.083642 0.007118 0.014815
0 0.203819 0.085571 0.007118 0.014352
0 0.203819 0.087500 0.007118 0.013889
0 0.203819 0.089352 0.007118 0.013889
0 0.204080 0.091281 0.007118 0.013426
0 0.204080 0.092978 0.007118 0.012500
0 0.204080 0.094676 0.007118 0.012500
0 0.204080 0.096682 0.007118 0.012191
0 0.204080 0.098611 0.007118 0.011728
0 0.204340 0.100540 0.007118 0.011265
0 0.204340 0.102238 0.007118 0.011265
0 0.204340 0.104475 0.007118 0.011420
0 0.204427 0.106481 0.007292 0.011728
0 0.204427 0.108642 0.007292 0.011728
0 0.204427 0.110802 0.007292 0.011728
0 0.204557 0.112500 0.007552 0.011728
0 0.204557 0.114660 0.007552 0.011728
0 0.204557 0.116821 0.007552 0.011728
0 0.204687 0.118750 0.007812 0.012191
0 0.204687 0.120910 0.007812 0.012191
