0 0.194444 0.236806 0.007812 0.033796
0 0.194314 0.236574 0.007552 0.034259
0 0.194444 0.236574 0.007292 0.034259
0 0.194575 0.236574 0.007031 0.034259
0 0.194575 0.236574 0.007031 0.034259
0 0.194661 0.236574 0.006858 0.034259
0 0.194792 0.236574 0.006597 0.034259
0 0.194792 0.236574 0.006597 0.034259
0 0.194922 0.236574 0.006337 0.034259
0 0.195052 0.236574 0.006076 0.034259
0 0.195182 0.236574 0.005816 0.034259
0 0.195182 0.236574 0.005816 0.034259
0 0.195182 0.236574 0.005816 0.034259
0 0.195182 0.236574 0.005816 0.034259
0 0.195182 0.236574 0.005816 0.034259
0 0.195399 0.236806 0.005903 0.033796
0 0.195399 0.236806 0.005903 0.033796
0 0.195399 0.236806 0.005903 0.033796
0 0.195399 0.236806 0.005903 0.033796
0 0.195399 0.236806 0.005903 0.033796
0 0.195660 0.237269 0.005903 0.033796
0 0.195660 0.237269 0.005903 0.033796
0 0.195790 0.237269 0.006163 0.033796
0 0.195790 0.237269 0.006163 0.033796
0 0.195877 0.237269 0.006337 0.033796
0 0.195877 0.237500 0.006337 0.034259
0 0.196007 0.237500 0.006597 0.034259
0 0.196007 0.237500 0.006597 0.034259
0 0.196137 0.237500 0.006858 0.034259
0 0.196137 0.237500 0.006858 0.034259
0 0.196398 0.237809 0.006858 0.034259
0 0.196398 0.238272 0.006858 0.034259
0 0.196528 0.238735 0.007118 0.034259
0 0.196615 0.239198 0.007292 0.034259
0 0.196875 0.239815 0.007292 0.033951
0 0.197005 0.240432 0.007552 0.034259
0 0.197135 0.240895 0.007812 0.034259
0 0.197396 0.241590 0.007812 0.033796
0 0.197483 0.241975 0.007986 0.033951
0 0.197613 0.242438 0.008247 0.033951
0 0.197873 0.243287 0.008247 0.033796
0 0.197873 0.243287 0.008247 0.033796
0 0.197960 0.243750 0.008073 0.033796
0 0.198090 0.244213 0.007812 0.033796
0 0.198090 0.244444 0.007812 0.034259
0 0.198220 0.244753 0.007552 0.034259
0 0.198351 0.244985 0.007292 0.033796
0 0.198351 0.245216 0.007292 0.034259
0 0.198481 0.245679 0.007031 0.034259
0 0.198568 0.246142 0.006858 0.034259
0 0.198698 0.246605 0.006597 0.034259
0 0.198958 0.246914 0.006597 0.034259
0 0.199219 0.247377 0.006597 0.034259
0 0.199479 0.247840 0.006597 0.034259
0 0.199913 0.248765 0.006597 0.034259
0 0.200174 0.249151 0.006597 0.034414
0 0.200434 0.249537 0.006597 0.034259
0 0.200911 0.250463 0.006510 0.034259
0 0.201128 0.250926 0.006597 0.034259
0 0.201389 0.251389 0.006597 0.034259
0 0.201910 0.252160 0.006597 0.034259
0 0.201997 0.252160 0.006771 0.034259
0 0.202127 0.252623 0.007031 0.034259
0 0.202257 0.253086 0.007292 0.034259
0 0.202387 0.253318 0.007552 0.033796
0 0.202648 0.253704 0.007552 0.033951
0 0.202778 0.253858 0.007812 0.034259
0 0.202865 0.254090 0.007986 0.033796
0 0.202995 0.254552 0.008247 0.033796
0 0.203125 0.255015 0.008507 0.033796
0 0.203342 0.255478 0.008594 0.033796
0 0.203602 0.255478 0.008594 0.033796
0 0.203819 0.255864 0.008507 0.033951
0 0.204210 0.255864 0.008767 0.033951
0 0.204557 0.256327 0.008594 0.033951
0 0.204905 0.256713 0.008767 0.033796
0 0.205165 0.256713 0.008767 0.033796
0 0.205556 0.257176 0.008507 0.033796
0 0.205903 0.257176 0.008854 0.033796
0 0.206163 0.257639 0.008854 0.033796
0 0.206641 0.258025 0.008767 0.033951
0 0.206641 0.258025 0.008767 0.033951
0 0.206771 0.258488 0.008507 0.033951
0 0.207031 0.258873 0.008507 0.033796
0 0.207031 0.259336 0.008507 0.033796
0 0.207248 0.259799 0.008594 0.033796
0 0.207378 0.259799 0.008333 0.033796
0 0.207378 0.260262 0.008333 0.033796
0 0.207639 0.260648 0.008333 0.033951
0 0.207769 0.261034 0.008073 0.033796
0 0.207986 0.261497 0.007986 0.033796
0 0.207986 0.261497 0.007986 0.033796
0 0.208116 0.261497 0.008247 0.033796
0 0.208247 0.261497 0.008507 0.033796
0 0.208247 0.261497 0.008507 0.033796
0 0.208377 0.261497 0.008767 0.033796
0 0.208507 0.261497 0.009028 0.033796
0 0.208507 0.261497 0.009028 0.033796
0 0.208594 0.261497 0.009201 0.033796
0 0.208724 0.261497 0.009462 0.033796
0 0.208854 0.261497 0.009722 0.033796
0 0.209071 0.261497 0.009809 0.033796
0 0.209462 0.261960 0.009549 0.033796
0 0.209809 0.261960 0.009201 0.033796
0 0.210156 0.262423 0.009028 0.033796
0 0.210547 0.262809 0.008767 0.033951
0 0.210807 0.262809 0.008767 0.033951
0 0.211155 0.263194 0.008594 0.033796
0 0.211545 0.263194 0.008333 0.033796
0 0.211892 0.263657 0.007986 0.033796
0 0.212370 0.264120 0.008073 0.033796
0 0.212370 0.264120 0.008073 0.033796
0 0.212370 0.264583 0.008073 0.033796
0 0.212370 0.264738 0.008073 0.033488
0 0.212370 0.264969 0.008073 0.033951
0 0.212500 0.265432 0.008333 0.033951
0 0.212500 0.265664 0.008333 0.033488
0 0.212500 0.265818 0.008333 0.033796
0 0.212500 0.266049 0.008333 0.033333
0 0.212500 0.266512 0.008333 0.033333
0 0.212760 0.266975 0.008333 0.033333
0 0.212630 0.266975 0.008594 0.033333
0 0.212630 0.266975 0.008594 0.033333
0 0.212630 0.266975 0.008594 0.033333
0 0.212630 0.266975 0.008594 0.033333
0 0.212630 0.266975 0.008594 0.033333
0 0.212630 0.266975 0.008594 0.033333
0 0.212630 0.266975 0.008594 0.033333
0 0.212630 0.266975 0.008594 0.033333
0 0.212630 0.266975 0.008594 0.033333
0 0.212630 0.267207 0.008594 0.033796
0 0.212630 0.267207 0.008594 0.033796
0 0.212847 0.267207 0.008507 0.033796
0 0.213108 0.267207 0.008507 0.033796
0 0.213368 0.267207 0.008507 0.033796
0 0.213585 0.267207 0.008594 0.033796
0 0.213845 0.267207 0.008594 0.033796
0 0.214062 0.267207 0.008507 0.033796
0 0.214323 0.267207 0.008507 0.033796
0 0.214583 0.267207 0.008507 0.033796
0 0.214844 0.267593 0.008507 0.033951
0 0.213976 0.266975 0.008333 0.033333
0 0.213238 0.266744 0.008247 0.032870
0 0.212500 0.266358 0.008333 0.032099
0 0.211762 0.266127 0.008247 0.031636
0 0.211024 0.265664 0.008333 0.030710
0 0.210200 0.265201 0.008073 0.030710
0 0.209418 0.264815 0.008073 0.029938
0 0.208724 0.264583 0.008073 0.029475
0 0.207986 0.264120 0.007986 0.028549
0 0.207248 0.263889 0.008073 0.028086
0 0.206033 0.263503 0.008073 0.027315
0 0.204818 0.263272 0.008073 0.026852
0 0.203863 0.263040 0.008073 0.026389
0 0.202648 0.262809 0.008073 0.025926
0 0.201649 0.262654 0.007986 0.025617
0 0.200391 0.262191 0.008073 0.024691
0 0.199175 0.261960 0.008073 0.024228
0 0.198220 0.261728 0.008073 0.023765
0 0.197005 0.261574 0.008073 0.023457
0 0.196050 0.261343 0.008073 0.022994
0 0.194835 0.260648 0.008073 0.023457
0 0.193620 0.259954 0.008073 0.023920
0 0.192622 0.259336 0.007986 0.024228
0 0.191363 0.258642 0.008073 0.024691
0 0.190408 0.258256 0.008073 0.025463
0 0.189193 0.257639 0.008073 0.026080
0 0.187977 0.256944 0.008073 0.026543
0 0.187023 0.256327 0.008073 0.026852
0 0.185807 0.255633 0.008073 0.027315
0 0.184809 0.255401 0.007986 0.027778
0 0.184332 0.254938 0.008073 0.027778
0 0.184071 0.254784 0.008073 0.028086
0 0.183550 0.254552 0.008073 0.028549
0 0.183333 0.254321 0.007986 0.029012
0 0.182986 0.254090 0.008333 0.029475
0 0.182595 0.253858 0.008073 0.029938
0 0.182248 0.253704 0.008247 0.030247
0 0.181901 0.253472 0.008073 0.030710
0 0.181510 0.253241 0.008333 0.031173
0 0.181250 0.253009 0.008333 0.031636
