0 0.195920 0.189429 0.004340 0.006944
0 0.195660 0.189429 0.004340 0.006944
0 0.195660 0.189429 0.004340 0.006944
0 0.195660 0.189429 0.004340 0.006944
0 0.195660 0.189660 0.004340 0.007407
0 0.195660 0.189660 0.004340 0.007407
0 0.195660 0.189660 0.004340 0.007407
0 0.195660 0.189892 0.004340 0.007870
0 0.195660 0.189892 0.004340 0.007870
0 0.195660 0.189892 0.004340 0.007870
0 0.195660 0.190355 0.004340 0.007870
0 0.195660 0.190355 0.004340 0.007870
0 0.195790 0.190355 0.004080 0.007870
0 0.195920 0.190355 0.004340 0.007870
0 0.196007 0.190355 0.004167 0.007870
0 0.196137 0.190818 0.004427 0.007870
0 0.196267 0.190818 0.004167 0.007870
0 0.196267 0.190818 0.004167 0.007870
0 0.196528 0.190818 0.004167 0.007870
0 0.196528 0.190818 0.004167 0.007870
0 0.196788 0.191281 0.004167 0.007870
0 0.196528 0.190818 0.004167 0.007870
0 0.196528 0.190818 0.004167 0.007870
0 0.196528 0.190818 0.004167 0.007870
0 0.196528 0.190818 0.004167 0.007870
0 0.196528 0.190818 0.004167 0.007870
0 0.196528 0.190355 0.004167 0.007870
0 0.196528 0.190355 0.004167 0.007870
0 0.196528 0.190355 0.004167 0.007870
0 0.196528 0.190355 0.004167 0.007870
0 0.196528 0.190355 0.004167 0.007870
0 0.196267 0.189892 0.004167 0.007870
0 0.196267 0.189892 0.004167 0.007870
0 0.196267 0.189506 0.004167 0.007716
0 0.196137 0.189506 0.004427 0.007716
0 0.196137 0.189506 0.004427 0.007716
0 0.196007 0.189043 0.004167 0.007716
0 0.195920 0.189043 0.004340 0.007716
0 0.195920 0.188657 0.004340 0.007870
0 0.195920 0.188657 0.004340 0.007870
0 0.195920 0.188657 0.004340 0.007870
0 0.195660 0.188194 0.004340 0.007870
0 0.195660 0.188194 0.004340 0.007870
0 0.195660 0.188194 0.004340 0.007870
0 0.195660 0.188194 0.004340 0.007870
0 0.195660 0.188194 0.004340 0.007870
0 0.195660 0.188194 0.004340 0.007870
0 0.195660 0.188194 0.004340 0.007870
0 0.195660 0.188194 0.004340 0.007870
0 0.195660 0.188194 0.004340 0.007870
0 0.195660 0.188194 0.004340 0.007870
0 0.195660 0.188194 0.004340 0.007870
0 0.195660 0.188194 0.004340 0.007870
0 0.195660 0.188194 0.004340 0.007870
0 0.195920 0.188657 0.004340 0.007870
0 0.195920 0.188657 0.004340 0.007870
0 0.195920 0.188657 0.004340 0.007870
0 0.196137 0.189043 0.004427 0.007716
0 0.196137 0.189043 0.004427 0.007716
0 0.196137 0.189043 0.004427 0.007716
0 0.196398 0.189506 0.004427 0.007716
0 0.196398 0.189506 0.004427 0.007716
0 0.196398 0.189506 0.004427 0.007716
0 0.196398 0.189506 0.004427 0.007716
0 0.196398 0.189506 0.004427 0.007716
0 0.196398 0.189506 0.004427 0.007716
0 0.196398 0.189506 0.004427 0.007716
0 0.196398 0.189506 0.004427 0.007716
0 0.196398 0.189506 0.004427 0.007716
0 0.196398 0.189506 0.004427 0.007716
0 0.196398 0.189506 0.004427 0.007716
0 0.196398 0.189506 0.004427 0.007716
0 0.196398 0.189506 0.004427 0.007716
0 0.196398 0.189506 0.004427 0.007716
0 0.196398 0.189506 0.004427 0.007716
0 0.196398 0.189506 0.004427 0.007716
0 0.196398 0.189506 0.004427 0.007716
0 0.196398 0.189506 0.004427 0.007716
0 0.196398 0.189506 0.004427 0.007716
0 0.196398 0.189506 0.004427 0.007716
0 0.196398 0.189506 0.004427 0.007716
0 0.196398 0.189506 0.004427 0.007716
0 0.196398 0.189506 0.004427 0.007716
0 0.196398 0.189506 0.004427 0.007716
0 0.196398 0.189506 0.004427 0.007716
0 0.196398 0.189506 0.004427 0.007716
0 0.196398 0.189506 0.004427 0.007716
0 0.196398 0.189506 0.004427 0.007716
0 0.196398 0.189506 0.004427 0.007716
0 0.196398 0.189506 0.004427 0.007716
0 0.196398 0.189506 0.004427 0.007716
0 0.196267 0.189506 0.004167 0.007716
0 0.196267 0.189892 0.004167 0.007870
0 0.196267 0.189892 0.004167 0.007870
0 0.196267 0.190355 0.004167 0.007870
0 0.196267 0.190355 0.004167 0.007870
0 0.196267 0.190818 0.004167 0.007870
0 0.196267 0.190818 0.004167 0.007870
0 0.196267 0.191281 0.004167 0.007870
0 0.196267 0.191281 0.004167 0.007870
0 0.196267 0.191667 0.004167 0.007716
0 0.196267 0.191281 0.004167 0.007870
0 0.196267 0.191281 0.004167 0.007870
0 0.196267 0.190818 0.004167 0.007870
0 0.196267 0.190818 0.004167 0.007870
0 0.196267 0.190818 0.004167 0.007870
0 0.196267 0.190355 0.004167 0.007870
0 0.196267 0.190355 0.004167 0.007870
0 0.196267 0.189892 0.004167 0.007870
0 0.196267 0.189892 0.004167 0.007870
0 0.196528 0.189892 0.004167 0.007870
0 0.196528 0.189892 0.004167 0.007870
0 0.196528 0.189892 0.004167 0.007870
0 0.196528 0.189892 0.004167 0.007870
0 0.196528 0.189892 0.004167 0.007870
0 0.196528 0.189892 0.004167 0.007870
0 0.196528 0.189892 0.004167 0.007870
0 0.196528 0.189892 0.004167 0.007870
0 0.196528 0.189892 0.004167 0.007870
0 0.196528 0.189892 0.004167 0.007870
0 0.196528 0.189892 0.004167 0.007870
0 0.196528 0.189892 0.004167 0.007870
0 0.196528 0.189892 0.004167 0.007870
0 0.196528 0.189892 0.004167 0.007870
0 0.196528 0.189892 0.004167 0.007870
0 0.196528 0.189892 0.004167 0.007870
0 0.196528 0.189892 0.004167 0.007870
0 0.196528 0.189892 0.004167 0.007870
0 0.196528 0.189892 0.004167 0.007870
0 0.196528 0.189892 0.004167 0.007870
0 0.196528 0.189892 0.004167 0.007870
0 0.196528 0.189892 0.004167 0.007870
0 0.196528 0.189892 0.004167 0.007870
0 0.196528 0.189892 0.004167 0.007870
0 0.196528 0.189892 0.004167 0.007870
0 0.196528 0.189892 0.004167 0.007870
0 0.196528 0.189892 0.004167 0.007870
0 0.196528 0.189892 0.004167 0.007870
0 0.196528 0.189892 0.004167 0.007870
0 0.196528 0.189892 0.004167 0.007870
0 0.196528 0.189892 0.004167 0.007870
0 0.196528 0.189892 0.004167 0.007870
0 0.196528 0.189892 0.004167 0.007870
0 0.196528 0.189892 0.004167 0.007870
0 0.196528 0.189892 0.004167 0.007870
0 0.196528 0.189892 0.004167 0.007870
0 0.196528 0.189892 0.004167 0.007870
0 0.196528 0.189892 0.004167 0.007870
0 0.196528 0.189892 0.004167 0.007870
0 0.196528 0.189892 0.004167 0.007870
0 0.196528 0.189892 0.004167 0.007870
0 0.196528 0.189892 0.004167 0.007870
0 0.196528 0.189892 0.004167 0.007870
0 0.196528 0.189892 0.004167 0.007870
0 0.196528 0.189892 0.004167 0.007870
0 0.196528 0.189892 0.004167 0.007870
0 0.196528 0.189892 0.004167 0.007870
0 0.196528 0.189892 0.004167 0.007870
0 0.196528 0.189892 0.004167 0.007870
0 0.196528 0.189892 0.004167 0.007870
0 0.196528 0.189892 0.004167 0.007870
0 0.196528 0.189892 0.004167 0.007870
0 0.196528 0.189892 0.004167 0.007870
0 0.196528 0.189892 0.004167 0.007870
0 0.196528 0.189892 0.004167 0.007870
0 0.196528 0.189892 0.004167 0.007870
0 0.196528 0.189892 0.004167 0.007870
0 0.196528 0.189892 0.004167 0.007870
0 0.196528 0.189892 0.004167 0.007870
0 0.196528 0.189892 0.004167 0.007870
0 0.196528 0.189892 0.004167 0.007870
0 0.196528 0.189892 0.004167 0.007870
0 0.196528 0.189892 0.004167 0.007870
0 0.196528 0.189892 0.004167 0.007870
0 0.196528 0.189892 0.004167 0.007870
0 0.196528 0.189892 0.004167 0.007870
0 0.196528 0.189892 0.004167 0.007870
0 0.196528 0.189892 0.004167 0.007870
0 0.196528 0.189892 0.004167 0.007870
0 0.196528 0.189892 0.004167 0.007870
0 0.196528 0.189892 0.004167 0.007870
