0 0.238976 0.053472 0.003125 0.012500
0 0.238976 0.053472 0.003125 0.012500
0 0.238976 0.053935 0.003125 0.012500
0 0.238976 0.054398 0.003125 0.012500
0 0.238976 0.054784 0.003125 0.012654
0 0.239236 0.055247 0.003125 0.012654
0 0.239236 0.055633 0.003125 0.012500
0 0.239236 0.056096 0.003125 0.012500
0 0.239236 0.056559 0.003125 0.012500
0 0.239236 0.056944 0.003125 0.012654
0 0.239453 0.057407 0.003212 0.012654
0 0.239453 0.057407 0.003212 0.012654
0 0.239453 0.057870 0.003212 0.012654
0 0.239453 0.058256 0.003212 0.012500
0 0.239453 0.058719 0.003212 0.012500
0 0.239453 0.059105 0.003212 0.012654
0 0.239453 0.059568 0.003212 0.012654
0 0.239453 0.060031 0.003212 0.012654
0 0.239453 0.060417 0.003212 0.012500
0 0.239453 0.060880 0.003212 0.012500
0 0.239453 0.061343 0.003212 0.012500
0 0.239453 0.061343 0.003212 0.012500
0 0.239453 0.061728 0.003212 0.012654
0 0.239453 0.061728 0.003212 0.012654
0 0.239453 0.062191 0.003212 0.012654
0 0.239453 0.062577 0.003212 0.012500
0 0.239453 0.062577 0.003212 0.012500
0 0.239453 0.063040 0.003212 0.012500
0 0.239453 0.063040 0.003212 0.012500
0 0.239453 0.063503 0.003212 0.012500
0 0.239714 0.063889 0.003212 0.012654
0 0.239714 0.063889 0.003212 0.012654
0 0.239714 0.063889 0.003212 0.012654
0 0.239714 0.063889 0.003212 0.012654
0 0.239714 0.064352 0.003212 0.012654
0 0.239714 0.064352 0.003212 0.012654
0 0.239714 0.064352 0.003212 0.012654
0 0.239714 0.064815 0.003212 0.012654
0 0.239714 0.064815 0.003212 0.012654
0 0.239714 0.064815 0.003212 0.012654
0 0.239714 0.065201 0.003212 0.012500
0 0.239714 0.065201 0.003212 0.012500
0 0.239714 0.065664 0.003212 0.012500
0 0.239714 0.065664 0.003212 0.012500
0 0.239714 0.066049 0.003212 0.012654
0 0.239974 0.066512 0.003212 0.012654
0 0.239974 0.066512 0.003212 0.012654
0 0.239974 0.066975 0.003212 0.012654
0 0.239974 0.066975 0.003212 0.012654
0 0.239974 0.067361 0.003212 0.012500
0 0.240191 0.067824 0.003125 0.012500
0 0.240191 0.067824 0.003125 0.012500
0 0.240191 0.067824 0.003125 0.012500
0 0.240191 0.067824 0.003125 0.012500
0 0.240191 0.068210 0.003125 0.012654
0 0.240191 0.068210 0.003125 0.012654
0 0.240191 0.068210 0.003125 0.012654
0 0.240191 0.068673 0.003125 0.012654
0 0.240191 0.068673 0.003125 0.012654
0 0.240191 0.068673 0.003125 0.012654
0 0.240191 0.069136 0.003125 0.012654
0 0.240191 0.069136 0.003125 0.012654
0 0.240191 0.069136 0.003125 0.012654
0 0.240191 0.069522 0.003125 0.012500
0 0.240451 0.069522 0.003125 0.012500
0 0.240451 0.069985 0.003125 0.012500
0 0.240451 0.069985 0.003125 0.012500
0 0.240668 0.069985 0.003212 0.012500
0 0.240668 0.070448 0.003212 0.012500
0 0.240668 0.070448 0.003212 0.012500
0 0.240929 0.070833 0.003212 0.012654
0 0.240929 0.070833 0.003212 0.012654
0 0.240929 0.070833 0.003212 0.012654
0 0.240929 0.070833 0.003212 0.012654
0 0.241189 0.071296 0.003212 0.012654
0 0.241189 0.071296 0.003212 0.012654
0 0.241189 0.071296 0.003212 0.012654
0 0.241406 0.071759 0.003125 0.012654
0 0.241406 0.071759 0.003125 0.012654
0 0.241406 0.071759 0.003125 0.012654
0 0.241667 0.072145 0.003125 0.012500
0 0.241667 0.072145 0.003125 0.012500
0 0.241667 0.072145 0.003125 0.012500
0 0.241667 0.072145 0.003125 0.012500
0 0.241884 0.072145 0.003212 0.012500
0 0.241884 0.072608 0.003212 0.012500
0 0.241884 0.072608 0.003212 0.012500
0 0.242144 0.072608 0.003212 0.012500
0 0.242144 0.072608 0.003212 0.012500
0 0.242144 0.072608 0.003212 0.012500
0 0.242405 0.072994 0.003212 0.012654
0 0.242405 0.072994 0.003212 0.012654
0 0.242405 0.072994 0.003212 0.012654
0 0.242405 0.073457 0.003212 0.012654
0 0.242405 0.073457 0.003212 0.012654
0 0.242622 0.073920 0.003125 0.012654
0 0.242622 0.073920 0.003125 0.012654
0 0.242622 0.073920 0.003125 0.012654
0 0.242622 0.074306 0.003125 0.012500
0 0.242622 0.074306 0.003125 0.012500
0 0.242882 0.074769 0.003125 0.012500
0 0.242882 0.074769 0.003125 0.012500
0 0.242882 0.074769 0.003125 0.012500
0 0.242882 0.074769 0.003125 0.012500
0 0.242882 0.075154 0.003125 0.012654
0 0.242882 0.075154 0.003125 0.012654
0 0.242882 0.075154 0.003125 0.012654
0 0.242882 0.075617 0.003125 0.012654
0 0.242882 0.075617 0.003125 0.012654
0 0.242882 0.075617 0.003125 0.012654
0 0.243142 0.076080 0.003125 0.012654
0 0.243142 0.076080 0.003125 0.012654
0 0.243142 0.076080 0.003125 0.012654
0 0.243142 0.076080 0.003125 0.012654
0 0.243142 0.076466 0.003125 0.012500
0 0.243359 0.076466 0.003212 0.012500
0 0.243359 0.076466 0.003212 0.012500
0 0.243359 0.076929 0.003212 0.012500
0 0.243359 0.076929 0.003212 0.012500
0 0.243359 0.076929 0.003212 0.012500
0 0.243620 0.077392 0.003212 0.012500
0 0.243620 0.077392 0.003212 0.012500
0 0.243620 0.077392 0.003212 0.012500
0 0.243620 0.077392 0.003212 0.012500
0 0.243620 0.077392 0.003212 0.012500
0 0.243620 0.077392 0.003212 0.012500
0 0.243620 0.077392 0.003212 0.012500
0 0.243620 0.077392 0.003212 0.012500
0 0.243620 0.077392 0.003212 0.012500
0 0.243620 0.077392 0.003212 0.012500
0 0.243837 0.077392 0.003125 0.012500
0 0.243837 0.077392 0.003125 0.012500
0 0.243837 0.077392 0.003125 0.012500
0 0.243837 0.077392 0.003125 0.012500
0 0.243837 0.077392 0.003125 0.012500
0 0.243837 0.077392 0.003125 0.012500
0 0.243837 0.077392 0.003125 0.012500
0 0.243837 0.077392 0.003125 0.012500
0 0.243837 0.077392 0.003125 0.012500
0 0.243837 0.077392 0.003125 0.012500
0 0.243837 0.077392 0.003125 0.012500
0 0.243837 0.077392 0.003125 0.012500
0 0.243837 0.077778 0.003125 0.012654
0 0.243837 0.078009 0.003125 0.013117
0 0.243837 0.078241 0.003125 0.012654
0 0.244097 0.078627 0.003125 0.012500
0 0.244097 0.078858 0.003125 0.012963
0 0.244097 0.079090 0.003125 0.012500
0 0.244097 0.079321 0.003125 0.012963
0 0.244097 0.079784 0.003125 0.012963
0 0.244358 0.080170 0.003125 0.013117
0 0.244358 0.079938 0.003125 0.012654
0 0.244358 0.079938 0.003125 0.012654
0 0.244358 0.079938 0.003125 0.012654
0 0.244358 0.079938 0.003125 0.012654
0 0.244358 0.079938 0.003125 0.012654
0 0.244358 0.079938 0.003125 0.012654
0 0.244358 0.079938 0.003125 0.012654
0 0.244358 0.079938 0.003125 0.012654
0 0.244358 0.079938 0.003125 0.012654
0 0.244575 0.079938 0.003212 0.012654
0 0.244575 0.079938 0.003212 0.012654
0 0.244575 0.079938 0.003212 0.012654
0 0.244575 0.079938 0.003212 0.012654
0 0.244575 0.079938 0.003212 0.012654
0 0.244575 0.079938 0.003212 0.012654
0 0.244575 0.079938 0.003212 0.012654
0 0.244575 0.079938 0.003212 0.012654
0 0.244575 0.079938 0.003212 0.012654
0 0.244575 0.079938 0.003212 0.012654
0 0.244835 0.079938 0.003212 0.012654
0 0.244835 0.079552 0.003212 0.012500
0 0.244835 0.079321 0.003212 0.012963
0 0.244835 0.079090 0.003212 0.012500
0 0.244835 0.078858 0.003212 0.012963
0 0.244835 0.078627 0.003212 0.012500
0 0.244835 0.078395 0.003212 0.012963
0 0.244835 0.078009 0.003212 0.013117
0 0.244835 0.078009 0.003212 0.013117
0 0.244835 0.077623 0.003212 0.012963
0 0.244835 0.077623 0.003212 0.012963
