0 0.162587 0.161111 0.005556 0.015123
0 0.162109 0.161497 0.005642 0.015278
0 0.161719 0.161960 0.005382 0.015278
0 0.161372 0.162346 0.005556 0.015123
0 0.161024 0.162809 0.005382 0.015123
0 0.160764 0.163272 0.005382 0.015123
0 0.160243 0.163735 0.005382 0.015123
0 0.159939 0.164120 0.005122 0.015278
0 0.159549 0.164583 0.005382 0.015278
0 0.159158 0.164969 0.005122 0.015123
0 0.158898 0.165664 0.005122 0.014660
0 0.158724 0.166512 0.005122 0.014815
0 0.158464 0.167361 0.005122 0.014660
0 0.158203 0.168210 0.005122 0.014815
0 0.157943 0.169136 0.005122 0.014815
0 0.157812 0.170216 0.005382 0.015123
0 0.157595 0.171065 0.005295 0.015278
0 0.157378 0.171914 0.005382 0.015123
0 0.157118 0.172840 0.005382 0.015123
0 0.156858 0.173688 0.005382 0.015278
0 0.156727 0.174769 0.005642 0.015586
0 0.156510 0.175231 0.005556 0.015586
0 0.156510 0.176003 0.005556 0.015586
0 0.156510 0.176466 0.005556 0.015586
0 0.156510 0.177392 0.005556 0.015586
0 0.156510 0.178164 0.005556 0.015586
0 0.156250 0.178627 0.005556 0.015586
0 0.156250 0.179552 0.005556 0.015586
0 0.156250 0.180015 0.005556 0.015586
0 0.156250 0.180787 0.005556 0.015586
0 0.156250 0.181713 0.005556 0.015586
0 0.156033 0.182330 0.005642 0.015278
0 0.155773 0.183179 0.005642 0.015123
0 0.155642 0.184105 0.005382 0.015123
0 0.155512 0.184954 0.005642 0.015278
0 0.155382 0.185802 0.005382 0.015123
0 0.155122 0.186651 0.005382 0.015278
0 0.155035 0.187577 0.005556 0.015278
0 0.154905 0.188426 0.005295 0.015123
0 0.154687 0.189275 0.005382 0.015278
0 0.154687 0.190123 0.005382 0.015123
0 0.154427 0.190586 0.005382 0.015123
0 0.154297 0.191435 0.005642 0.015278
0 0.154167 0.192284 0.005382 0.015123
0 0.154036 0.193210 0.005642 0.015123
0 0.153906 0.194059 0.005382 0.015278
0 0.153819 0.194444 0.005556 0.015123
0 0.153559 0.195370 0.005556 0.015123
0 0.153559 0.196219 0.005556 0.015278
0 0.153342 0.197068 0.005642 0.015123
0 0.153342 0.197994 0.005642 0.015123
0 0.153082 0.198380 0.005642 0.015278
0 0.153082 0.199228 0.005642 0.015123
0 0.153082 0.200154 0.005642 0.015123
0 0.153082 0.201003 0.005642 0.015278
0 0.153082 0.201852 0.005642 0.015123
0 0.152821 0.202315 0.005642 0.015123
0 0.152821 0.203164 0.005642 0.015278
0 0.152821 0.204012 0.005642 0.015123
0 0.152821 0.204938 0.005642 0.015123
0 0.152821 0.205787 0.005642 0.015278
0 0.152821 0.206173 0.005642 0.015123
0 0.152821 0.207099 0.005642 0.015123
0 0.152821 0.207948 0.005642 0.015278
0 0.153082 0.208796 0.005642 0.015123
0 0.153082 0.209645 0.005642 0.015278
0 0.153082 0.210108 0.005642 0.015278
0 0.153342 0.210957 0.005642 0.015123
0 0.153342 0.211883 0.005642 0.015123
0 0.153342 0.212731 0.005642 0.015278
0 0.153559 0.213580 0.005556 0.015123
0 0.153819 0.214043 0.005556 0.015123
0 0.154297 0.214892 0.005642 0.015278
0 0.154557 0.215278 0.005642 0.015123
0 0.155035 0.216204 0.005556 0.015123
0 0.155252 0.217052 0.005642 0.015278
0 0.155773 0.217438 0.005642 0.015123
0 0.156033 0.218364 0.005642 0.015123
0 0.156510 0.218827 0.005556 0.015123
0 0.156727 0.219676 0.005642 0.015278
0 0.157248 0.220525 0.005642 0.015123
0 0.157248 0.220988 0.005642 0.015123
0 0.157465 0.221836 0.005556 0.015278
0 0.157726 0.222222 0.005556 0.015123
0 0.157943 0.223148 0.005642 0.015123
0 0.158203 0.223765 0.005642 0.014815
0 0.158333 0.224383 0.005382 0.015123
0 0.158594 0.225077 0.005382 0.014660
0 0.158811 0.225694 0.005295 0.015278
0 0.159028 0.226389 0.005382 0.014815
0 0.159288 0.227238 0.005382 0.014660
0 0.159288 0.225926 0.005382 0.014815
0 0.159288 0.225077 0.005382 0.014660
0 0.159288 0.223765 0.005382 0.014815
0 0.159288 0.222917 0.005382 0.014660
0 0.159288 0.222068 0.005382 0.014815
0 0.159288 0.220756 0.005382 0.014660
0 0.159288 0.219907 0.005382 0.014815
0 0.159288 0.218596 0.005382 0.014660
0 0.159288 0.217670 0.005382 0.014660
0 0.159288 0.216821 0.005382 0.014815
0 0.159028 0.212500 0.005382 0.014815
0 0.159028 0.208333 0.005382 0.015123
0 0.159028 0.204012 0.005382 0.015123
0 0.159028 0.200154 0.005382 0.015123
0 0.159028 0.195833 0.005382 0.015123
0 0.158941 0.191667 0.005556 0.015741
0 0.158941 0.187577 0.005556 0.015278
0 0.158941 0.183410 0.005556 0.015586
0 0.158941 0.179090 0.005556 0.015586
0 0.158941 0.175231 0.005556 0.015586
0 0.158941 0.171219 0.005556 0.015586
0 0.159028 0.167361 0.005382 0.015586
0 0.159028 0.163503 0.005382 0.015586
0 0.159158 0.159568 0.005122 0.015741
0 0.159418 0.155864 0.005122 0.015123
0 0.159418 0.152006 0.005122 0.015123
0 0.159549 0.148071 0.004861 0.015278
0 0.159549 0.144136 0.004861 0.015123
0 0.159679 0.140278 0.004601 0.015123
0 0.159896 0.136806 0.004687 0.015278
0 0.160286 0.136806 0.004948 0.015278
0 0.160764 0.136960 0.004861 0.015586
0 0.161285 0.137191 0.004861 0.015123
0 0.161719 0.137423 0.004861 0.015586
0 0.162240 0.137654 0.004861 0.015123
0 0.162630 0.137886 0.005122 0.015586
0 0.163064 0.137886 0.005122 0.015586
0 0.163585 0.138349 0.005122 0.015586
0 0.164062 0.138349 0.005208 0.015586
0 0.164540 0.138735 0.005122 0.015741
0 0.165061 0.138735 0.005122 0.015741
0 0.165495 0.138735 0.005122 0.015741
0 0.166016 0.138735 0.005122 0.015741
0 0.166710 0.138735 0.005122 0.015741
0 0.167231 0.138735 0.005122 0.015741
0 0.167752 0.138735 0.005122 0.015741
0 0.168446 0.138735 0.005122 0.015741
0 0.168967 0.138735 0.005122 0.015741
0 0.169401 0.138735 0.005122 0.015741
0 0.170182 0.139120 0.005122 0.015586
0 0.170182 0.138349 0.005122 0.015586
0 0.170313 0.137886 0.004861 0.015586
0 0.170443 0.137423 0.005122 0.015586
0 0.170530 0.136960 0.004948 0.015586
0 0.170747 0.136574 0.004861 0.015741
0 0.170747 0.136188 0.004861 0.015586
0 0.170877 0.135725 0.004601 0.015586
0 0.171007 0.135262 0.004861 0.015586
0 0.171137 0.134799 0.004601 0.015586
0 0.171398 0.134414 0.004601 0.015741
0 0.171398 0.133102 0.004601 0.015586
0 0.171398 0.132176 0.004601 0.015586
0 0.171398 0.130941 0.004601 0.015586
0 0.171398 0.130015 0.004601 0.015586
0 0.171398 0.128781 0.004601 0.015586
0 0.171398 0.127855 0.004601 0.015586
0 0.171398 0.126620 0.004601 0.015586
0 0.171398 0.125694 0.004601 0.015586
0 0.171398 0.124460 0.004601 0.015586
0 0.171398 0.123534 0.004601 0.015586
0 0.171137 0.123534 0.004601 0.015586
0 0.170877 0.123534 0.004601 0.015586
0 0.170660 0.123534 0.004687 0.015586
0 0.170660 0.123534 0.004687 0.015586
0 0.170399 0.123534 0.004687 0.015586
0 0.170182 0.123534 0.004601 0.015586
0 0.170182 0.123534 0.004601 0.015586
0 0.169922 0.123534 0.004601 0.015586
0 0.169661 0.123534 0.004601 0.015586
0 0.169661 0.123997 0.004601 0.015586
0 0.169575 0.123997 0.004427 0.015586
0 0.169575 0.123997 0.004427 0.015586
0 0.169575 0.123997 0.004427 0.015586
0 0.169575 0.123997 0.004427 0.015586
0 0.169575 0.123997 0.004427 0.015586
0 0.169575 0.123997 0.004427 0.015586
0 0.169575 0.123997 0.004427 0.015586
0 0.169575 0.123997 0.004427 0.015586
0 0.169575 0.123997 0.004427 0.015586
0 0.169575 0.123997 0.004427 0.015586
