0 0.144792 0.279552 0.009028 0.012500
0 0.143837 0.280170 0.009028 0.013117
0 0.143056 0.281019 0.009028 0.013889
0 0.142231 0.281944 0.008767 0.014815
0 0.141493 0.282793 0.008854 0.015586
0 0.140755 0.283796 0.008767 0.016049
0 0.139800 0.284491 0.008767 0.016512
0 0.139019 0.285340 0.008767 0.017284
0 0.138194 0.286265 0.008507 0.018210
0 0.137457 0.287114 0.008594 0.018981
0 0.136719 0.288194 0.008507 0.019599
0 0.135894 0.288426 0.008767 0.020062
0 0.135243 0.288812 0.009028 0.019907
0 0.134549 0.289275 0.009028 0.019907
0 0.133811 0.289738 0.009462 0.019907
0 0.133073 0.290355 0.009549 0.020525
0 0.132465 0.290509 0.009722 0.020833
0 0.131597 0.290972 0.010069 0.020833
0 0.130990 0.291435 0.010243 0.020833
0 0.130295 0.291898 0.010243 0.020833
0 0.129644 0.292515 0.010503 0.021142
0 0.128950 0.292515 0.010503 0.021142
0 0.128168 0.292978 0.010503 0.021142
0 0.127474 0.292978 0.010503 0.021142
0 0.126693 0.293364 0.010503 0.021296
0 0.125998 0.293827 0.010503 0.021296
0 0.125260 0.293827 0.010417 0.021296
0 0.124523 0.294290 0.010503 0.021296
0 0.123828 0.294290 0.010503 0.021296
0 0.123047 0.294753 0.010503 0.021296
0 0.122352 0.295139 0.010503 0.021142
0 0.121137 0.294753 0.010503 0.021296
0 0.119922 0.294753 0.010503 0.021296
0 0.118707 0.294290 0.010503 0.021296
0 0.117448 0.294290 0.010417 0.021296
0 0.116233 0.294290 0.010417 0.021296
0 0.115017 0.293827 0.010417 0.021296
0 0.113759 0.293827 0.010503 0.021296
0 0.112543 0.293364 0.010503 0.021296
0 0.111328 0.293364 0.010503 0.021296
0 0.110113 0.293364 0.010503 0.021296
0 0.108637 0.293364 0.010503 0.021296
0 0.107205 0.293364 0.010417 0.021296
0 0.105773 0.293827 0.010503 0.021296
0 0.104297 0.293827 0.010503 0.021296
0 0.102821 0.294290 0.010503 0.021296
0 0.101345 0.294290 0.010503 0.021296
0 0.099870 0.294290 0.010503 0.021296
0 0.098394 0.294753 0.010503 0.021296
0 0.096918 0.294753 0.010503 0.021296
0 0.095486 0.295139 0.010417 0.021142
0 0.094054 0.295139 0.010503 0.021142
0 0.092578 0.295139 0.010503 0.021142
0 0.091102 0.295139 0.010503 0.021142
0 0.089627 0.295139 0.010503 0.021142
0 0.088411 0.295525 0.010503 0.021296
0 0.086936 0.295525 0.010503 0.021296
0 0.085460 0.295525 0.010503 0.021296
0 0.083984 0.295525 0.010503 0.021296
0 0.082595 0.295525 0.010503 0.021296
0 0.081337 0.295988 0.010417 0.021296
0 0.079774 0.295293 0.010764 0.020833
0 0.078299 0.294985 0.010764 0.020833
0 0.076823 0.294522 0.010764 0.020833
0 0.075477 0.294059 0.011024 0.020833
0 0.074002 0.293596 0.011024 0.020833
0 0.072569 0.293133 0.010937 0.020833
0 0.071224 0.292747 0.011198 0.020679
0 0.069748 0.292361 0.011198 0.020833
0 0.068273 0.291898 0.011198 0.020833
0 0.066927 0.291667 0.011458 0.020370
0 0.066450 0.289506 0.011545 0.020370
0 0.065972 0.287809 0.011458 0.020370
0 0.065451 0.285648 0.011458 0.020370
0 0.065017 0.283796 0.011458 0.020370
0 0.064757 0.282099 0.011458 0.020370
0 0.064236 0.279938 0.011458 0.020370
0 0.063802 0.278241 0.011458 0.020370
0 0.063281 0.276080 0.011458 0.020370
0 0.062760 0.274306 0.011458 0.020525
0 0.062543 0.272531 0.011545 0.020370
0 0.061545 0.271296 0.011458 0.020370
0 0.060851 0.269907 0.011458 0.020370
0 0.060113 0.268673 0.011545 0.020370
0 0.059375 0.267361 0.011458 0.020525
0 0.058681 0.266049 0.011458 0.020370
0 0.057639 0.264815 0.011458 0.020370
0 0.056944 0.263426 0.011458 0.020370
0 0.056207 0.262191 0.011545 0.020370
0 0.055469 0.260802 0.011458 0.020370
0 0.054774 0.259568 0.011458 0.020370
0 0.053516 0.258642 0.011545 0.020370
0 0.052517 0.257870 0.011458 0.020370
0 0.051302 0.256944 0.011458 0.020370
0 0.050347 0.256096 0.011458 0.020525
0 0.049132 0.255710 0.011458 0.020370
0 0.048177 0.254784 0.011458 0.020370
0 0.046962 0.253858 0.011458 0.020370
0 0.045920 0.253086 0.011458 0.020370
0 0.044705 0.252160 0.011458 0.020370
0 0.043750 0.251698 0.011458 0.020370
0 0.042535 0.250926 0.011458 0.020370
0 0.041580 0.250000 0.011458 0.020370
0 0.040365 0.249151 0.011458 0.020525
0 0.039366 0.248765 0.011545 0.020370
0 0.038151 0.247840 0.011545 0.020370
0 0.037153 0.246914 0.011458 0.020370
0 0.035937 0.246605 0.011458 0.020370
0 0.034983 0.245679 0.011458 0.020370
0 0.033767 0.244753 0.011458 0.020370
0 0.032812 0.244444 0.011458 0.020370
0 0.031554 0.243519 0.011545 0.020370
0 0.030556 0.243056 0.011458 0.020370
0 0.029601 0.242593 0.011458 0.020370
0 0.028646 0.241821 0.011458 0.020370
0 0.027691 0.241358 0.011458 0.020370
0 0.026432 0.240895 0.011545 0.020370
0 0.025434 0.240046 0.011458 0.020525
0 0.024479 0.239660 0.011458 0.020370
0 0.023524 0.239198 0.011458 0.020370
0 0.022526 0.238735 0.011545 0.020370
0 0.021788 0.237500 0.011458 0.020370
0 0.021094 0.236574 0.011458 0.020370
0 0.020573 0.235262 0.011458 0.020525
0 0.019878 0.234414 0.011458 0.020370
0 0.019358 0.233488 0.011458 0.020370
0 0.018620 0.232253 0.011545 0.020370
0 0.017882 0.231327 0.011458 0.020370
0 0.017405 0.230093 0.011545 0.020370
0 0.016667 0.229167 0.011458 0.020370
0 0.016189 0.228318 0.011545 0.020525
0 0.015582 0.227238 0.011198 0.019907
0 0.015191 0.226389 0.010937 0.020062
0 0.014583 0.225694 0.010764 0.019599
0 0.014236 0.224846 0.010417 0.019444
0 0.013759 0.224228 0.010503 0.019136
0 0.013238 0.223302 0.009983 0.019136
0 0.012760 0.222454 0.010069 0.018981
0 0.012283 0.221836 0.009462 0.018673
0 0.011806 0.220910 0.009549 0.018673
0 0.011415 0.220370 0.009288 0.018210
0 0.011936 0.218133 0.009288 0.018364
0 0.012370 0.216358 0.009288 0.018210
0 0.012891 0.214660 0.009288 0.018210
0 0.013411 0.212963 0.009288 0.018210
0 0.013845 0.211188 0.009288 0.018364
0 0.014366 0.209414 0.009288 0.018210
0 0.014844 0.207716 0.009201 0.018210
0 0.015321 0.206019 0.009288 0.018210
0 0.015842 0.204321 0.009288 0.018210
0 0.016536 0.202469 0.009288 0.018210
0 0.016536 0.201235 0.009288 0.018210
0 0.016536 0.200309 0.009288 0.018210
0 0.016536 0.199537 0.009288 0.018210
0 0.016536 0.198380 0.009288 0.018673
0 0.016797 0.197531 0.009288 0.018519
0 0.016797 0.196451 0.009288 0.018210
0 0.016797 0.195293 0.009288 0.018673
0 0.016797 0.194522 0.009288 0.018673
0 0.016797 0.193596 0.009288 0.018673
0 0.017057 0.192747 0.009288 0.018519
0 0.017057 0.191898 0.009288 0.018673
0 0.017057 0.190972 0.009288 0.018673
0 0.017057 0.190201 0.009288 0.018673
0 0.017057 0.189275 0.009288 0.018673
0 0.017057 0.188349 0.009288 0.018673
0 0.017057 0.187577 0.009288 0.018673
0 0.017057 0.186651 0.009288 0.018673
0 0.017057 0.185880 0.009288 0.018673
0 0.017057 0.184954 0.009288 0.018673
0 0.017057 0.184491 0.009288 0.018673
0 0.018012 0.182793 0.009288 0.018673
0 0.018967 0.181481 0.009288 0.018519
0 0.019965 0.180170 0.009201 0.018673
0 0.021181 0.178935 0.009201 0.018673
0 0.022179 0.177546 0.009288 0.018673
0 0.023134 0.175849 0.009288 0.018673
0 0.024349 0.174537 0.009288 0.018519
0 0.025304 0.173225 0.009288 0.018673
0 0.026345 0.171991 0.009288 0.018673
0 0.027561 0.170602 0.009288 0.018673
