0 0.164540 0.274306 0.005122 0.022068
0 0.164410 0.273843 0.005382 0.022068
0 0.164280 0.273843 0.005642 0.022068
0 0.164193 0.273843 0.005816 0.022068
0 0.164193 0.273843 0.005816 0.022068
0 0.164062 0.273843 0.006076 0.022068
0 0.163932 0.273843 0.006337 0.022068
0 0.163932 0.273843 0.006337 0.022068
0 0.163802 0.273843 0.006597 0.022068
0 0.163672 0.273843 0.006858 0.022068
0 0.163672 0.273843 0.006858 0.022068
0 0.163238 0.273843 0.006858 0.022068
0 0.162977 0.273843 0.006858 0.022068
0 0.162717 0.273843 0.006858 0.022068
0 0.162457 0.273843 0.006858 0.022068
0 0.162240 0.274306 0.006771 0.022068
0 0.161762 0.274306 0.006858 0.022068
0 0.161502 0.274306 0.006858 0.022068
0 0.161241 0.274306 0.006858 0.022068
0 0.160981 0.274306 0.006858 0.022068
0 0.160764 0.274769 0.006771 0.022068
0 0.160286 0.274306 0.006858 0.022068
0 0.159766 0.274074 0.006858 0.021605
0 0.159332 0.273843 0.006858 0.022068
0 0.158811 0.273688 0.006858 0.021759
0 0.158550 0.273457 0.006858 0.022222
0 0.158073 0.273225 0.006771 0.021759
0 0.157595 0.272762 0.006858 0.021759
0 0.157118 0.272762 0.006771 0.021759
0 0.156641 0.272377 0.006858 0.021605
0 0.156380 0.272377 0.006858 0.021605
0 0.155859 0.271914 0.006858 0.021605
0 0.155425 0.271682 0.006858 0.022068
0 0.154905 0.271682 0.006858 0.022068
0 0.154514 0.271451 0.006597 0.022531
0 0.154167 0.271451 0.006771 0.022531
0 0.153689 0.271219 0.006858 0.022994
0 0.153299 0.271065 0.006597 0.023302
0 0.152865 0.271065 0.006597 0.023302
0 0.152344 0.270833 0.006597 0.023765
0 0.152083 0.270833 0.006597 0.023765
0 0.151649 0.270833 0.006597 0.023765
0 0.151389 0.270833 0.006597 0.023765
0 0.151128 0.270833 0.006597 0.023765
0 0.150868 0.270833 0.006597 0.023765
0 0.150608 0.270833 0.006597 0.023765
0 0.150174 0.270833 0.006597 0.023765
0 0.149913 0.270833 0.006597 0.023765
0 0.149653 0.270833 0.006597 0.023765
0 0.149392 0.270833 0.006597 0.023765
0 0.149175 0.270833 0.006510 0.023765
0 0.148958 0.270833 0.006597 0.023765
0 0.148698 0.271296 0.006597 0.023765
0 0.148698 0.271296 0.006597 0.023765
0 0.148438 0.271682 0.006597 0.023920
0 0.148438 0.272145 0.006597 0.023920
0 0.148177 0.272145 0.006597 0.023920
0 0.147917 0.272608 0.006597 0.023920
0 0.147917 0.272608 0.006597 0.023920
0 0.147743 0.272994 0.006597 0.023765
0 0.147743 0.273457 0.006597 0.023765
0 0.147483 0.272994 0.006597 0.023765
0 0.147222 0.272994 0.006597 0.023765
0 0.146962 0.272994 0.006597 0.023765
0 0.146962 0.272994 0.006597 0.023765
0 0.146701 0.272994 0.006597 0.023765
0 0.146528 0.272994 0.006597 0.023765
0 0.146528 0.272994 0.006597 0.023765
0 0.146267 0.272994 0.006597 0.023765
0 0.146007 0.272994 0.006597 0.023765
0 0.146007 0.272994 0.006597 0.023765
0 0.145486 0.272608 0.006597 0.023920
0 0.145269 0.272608 0.006510 0.023920
0 0.145052 0.272608 0.006597 0.023920
0 0.144661 0.272608 0.006337 0.023920
0 0.144401 0.272608 0.006337 0.023920
0 0.144054 0.272608 0.006510 0.023920
0 0.143707 0.272608 0.006337 0.023920
0 0.143446 0.272608 0.006337 0.023920
0 0.143186 0.272608 0.006337 0.023920
0 0.142925 0.272608 0.006337 0.023920
0 0.142708 0.272145 0.006424 0.023920
0 0.142491 0.272145 0.006337 0.023920
0 0.142231 0.272145 0.006337 0.023920
0 0.141970 0.271682 0.006337 0.023920
0 0.141840 0.271682 0.006597 0.023920
0 0.141580 0.271682 0.006597 0.023920
0 0.141363 0.271296 0.006510 0.023765
0 0.141146 0.271296 0.006597 0.023765
0 0.140885 0.271296 0.006597 0.023765
0 0.140885 0.271296 0.006597 0.023765
0 0.140625 0.271296 0.006597 0.023765
0 0.140365 0.271296 0.006597 0.023765
0 0.140148 0.271296 0.006510 0.023765
0 0.140148 0.271296 0.006510 0.023765
0 0.139931 0.271528 0.006597 0.024228
0 0.139670 0.271528 0.006597 0.024228
0 0.139670 0.271528 0.006597 0.024228
0 0.139410 0.271528 0.006597 0.024228
0 0.139149 0.271528 0.006597 0.024228
0 0.139149 0.271914 0.006597 0.024383
0 0.138715 0.271914 0.006597 0.024383
0 0.138194 0.271914 0.006597 0.024383
0 0.137674 0.271914 0.006597 0.024383
0 0.137500 0.271914 0.006597 0.024383
0 0.136979 0.271914 0.006597 0.024383
0 0.136458 0.271914 0.006597 0.024383
0 0.136241 0.271914 0.006510 0.024383
0 0.135764 0.271914 0.006597 0.024383
0 0.135243 0.271914 0.006597 0.024383
0 0.135026 0.271914 0.006510 0.024383
0 0.134549 0.271528 0.006597 0.024228
0 0.134028 0.271528 0.006597 0.024228
0 0.133594 0.271296 0.006597 0.023765
0 0.133073 0.271065 0.006597 0.024228
0 0.132812 0.271065 0.006597 0.024228
0 0.132335 0.270833 0.006510 0.023765
0 0.131858 0.270602 0.006597 0.024228
0 0.131337 0.270448 0.006597 0.023920
0 0.130903 0.270448 0.006597 0.023920
0 0.130642 0.270448 0.006597 0.023920
0 0.129991 0.269753 0.006858 0.024383
0 0.129557 0.269522 0.006858 0.024846
0 0.128906 0.268904 0.007118 0.025154
0 0.128429 0.268673 0.007031 0.025617
0 0.127951 0.268210 0.007118 0.026543
0 0.127344 0.267824 0.007292 0.026389
0 0.126823 0.267361 0.007292 0.027315
0 0.126259 0.266898 0.007552 0.027315
0 0.125738 0.266512 0.007552 0.028086
0 0.125260 0.266281 0.007639 0.028549
0 0.124523 0.265432 0.007552 0.028704
0 0.124045 0.264969 0.007639 0.028704
0 0.123437 0.264583 0.007292 0.028549
0 0.122786 0.264120 0.007552 0.028549
0 0.122352 0.263657 0.007552 0.028549
0 0.121701 0.263040 0.007292 0.029167
0 0.121137 0.262577 0.007552 0.029167
0 0.120486 0.262191 0.007292 0.029012
0 0.120009 0.261728 0.007378 0.029012
0 0.119531 0.261265 0.007292 0.029012
0 0.119010 0.260880 0.007292 0.029167
0 0.118576 0.260880 0.007292 0.029167
0 0.118056 0.260417 0.007292 0.029167
0 0.117578 0.260417 0.007378 0.029167
0 0.117101 0.260417 0.007292 0.029167
0 0.116580 0.260031 0.007292 0.029012
0 0.116102 0.260031 0.007378 0.029012
0 0.115625 0.259568 0.007292 0.029012
0 0.115148 0.259568 0.007378 0.029012
0 0.114757 0.259568 0.007118 0.029012
0 0.114280 0.259568 0.007031 0.029012
0 0.113802 0.259568 0.007118 0.029012
0 0.113325 0.259568 0.007031 0.029012
0 0.112804 0.259568 0.007031 0.029012
0 0.112587 0.259568 0.007118 0.029012
0 0.112066 0.259568 0.007118 0.029012
0 0.111589 0.259568 0.007031 0.029012
0 0.111111 0.259568 0.007118 0.029012
0 0.110634 0.259568 0.007031 0.029012
0 0.110373 0.259568 0.007031 0.029012
0 0.109635 0.259568 0.007118 0.029012
0 0.109158 0.259568 0.007031 0.029012
0 0.108681 0.260031 0.007118 0.029012
0 0.108073 0.260031 0.007292 0.029012
0 0.107552 0.260417 0.007292 0.029167
0 0.106944 0.260417 0.007118 0.029167
0 0.106337 0.260417 0.007292 0.029167
0 0.105859 0.260880 0.007378 0.029167
0 0.105382 0.260880 0.007292 0.029167
0 0.104861 0.261265 0.007292 0.029012
0 0.104384 0.260880 0.007378 0.029167
0 0.104167 0.260880 0.007292 0.029167
0 0.103906 0.260880 0.007292 0.029167
0 0.103646 0.260648 0.007292 0.029630
0 0.103429 0.260648 0.007378 0.029630
0 0.103168 0.260417 0.007378 0.029167
0 0.102951 0.260262 0.007292 0.029475
0 0.102691 0.260262 0.007292 0.029475
0 0.102431 0.260262 0.007292 0.029475
0 0.102214 0.260262 0.007378 0.029475
