0 0.306554 0.192747 0.007552 0.016975
0 0.305599 0.192284 0.007552 0.016975
0 0.304861 0.192284 0.007639 0.016975
0 0.304123 0.192284 0.007552 0.016975
0 0.303429 0.192284 0.007552 0.016975
0 0.302648 0.192284 0.007552 0.016975
0 0.301693 0.191898 0.007552 0.016821
0 0.300955 0.191898 0.007639 0.016821
0 0.300217 0.191898 0.007552 0.016821
0 0.299523 0.191898 0.007552 0.016821
0 0.298741 0.191898 0.007552 0.016821
0 0.297786 0.191898 0.007552 0.016821
0 0.297049 0.192130 0.007639 0.017284
0 0.296050 0.192130 0.007552 0.017284
0 0.295356 0.192515 0.007552 0.017438
0 0.294401 0.192515 0.007552 0.017438
0 0.293620 0.192747 0.007552 0.017901
0 0.292665 0.192978 0.007552 0.017438
0 0.291927 0.193133 0.007639 0.017747
0 0.290929 0.193133 0.007552 0.017747
0 0.290234 0.193596 0.007552 0.017747
0 0.289453 0.193596 0.007552 0.017747
0 0.288759 0.193596 0.007552 0.017747
0 0.288021 0.194059 0.007639 0.017747
0 0.287283 0.194059 0.007552 0.017747
0 0.286589 0.194522 0.007552 0.017747
0 0.285807 0.194522 0.007552 0.017747
0 0.285113 0.194522 0.007552 0.017747
0 0.284332 0.194907 0.007552 0.017901
0 0.283637 0.194907 0.007552 0.017901
0 0.282899 0.195370 0.007639 0.017901
0 0.282161 0.194907 0.007552 0.017901
0 0.281467 0.194907 0.007552 0.017901
0 0.280686 0.194907 0.007552 0.017901
0 0.279991 0.194907 0.007552 0.017901
0 0.279340 0.194907 0.007812 0.017901
0 0.278646 0.194907 0.007812 0.017901
0 0.277865 0.194907 0.007812 0.017901
0 0.277170 0.194907 0.007812 0.017901
0 0.276432 0.194907 0.007726 0.017901
0 0.275955 0.194907 0.007812 0.017901
0 0.275434 0.194907 0.007812 0.017901
0 0.275000 0.195370 0.007812 0.017901
0 0.274479 0.195370 0.007812 0.017901
0 0.273958 0.195756 0.007812 0.017747
0 0.273524 0.195756 0.007812 0.017747
0 0.273003 0.196219 0.007812 0.017747
0 0.272569 0.196219 0.007812 0.017747
0 0.272049 0.196682 0.007812 0.017747
0 0.271528 0.196682 0.007812 0.017747
0 0.271094 0.197145 0.007812 0.017747
0 0.270312 0.197531 0.007812 0.017901
0 0.269878 0.198380 0.007812 0.017747
0 0.269358 0.199306 0.007812 0.017747
0 0.268837 0.200077 0.007812 0.017747
0 0.268403 0.201003 0.007812 0.017747
0 0.267882 0.201466 0.007812 0.017747
0 0.267405 0.202315 0.007726 0.017901
0 0.266927 0.203164 0.007812 0.017747
0 0.266406 0.204090 0.007812 0.017747
0 0.265972 0.204861 0.007812 0.017747
0 0.265972 0.206250 0.007812 0.017747
0 0.266146 0.207485 0.007812 0.017747
0 0.266276 0.208796 0.007552 0.017901
0 0.266406 0.210108 0.007812 0.017747
0 0.266536 0.211420 0.007552 0.017901
0 0.266797 0.212731 0.007552 0.017747
0 0.266797 0.213966 0.007552 0.017747
0 0.267057 0.215355 0.007552 0.017747
0 0.267187 0.216590 0.007292 0.017747
0 0.267405 0.217901 0.007378 0.017901
0 0.266927 0.219213 0.007292 0.017747
0 0.266406 0.220525 0.007292 0.017901
0 0.265929 0.221836 0.007378 0.017747
0 0.265451 0.223071 0.007292 0.017747
0 0.264974 0.224460 0.007378 0.017747
0 0.264497 0.225694 0.007292 0.017747
0 0.263976 0.227006 0.007292 0.017901
0 0.263498 0.228318 0.007378 0.017747
0 0.263021 0.229630 0.007292 0.017901
0 0.262760 0.230941 0.007292 0.017747
0 0.263281 0.233102 0.007292 0.017747
0 0.263976 0.235262 0.007292 0.017747
0 0.264497 0.237423 0.007292 0.017747
0 0.265191 0.239583 0.007292 0.017747
0 0.265929 0.241744 0.007378 0.017747
0 0.266406 0.243904 0.007292 0.017747
0 0.267187 0.246065 0.007292 0.017747
0 0.267622 0.248225 0.007292 0.017747
0 0.268403 0.250463 0.007292 0.017901
0 0.269097 0.252623 0.007292 0.017901
0 0.268533 0.253704 0.007552 0.017284
0 0.268012 0.255015 0.007552 0.017438
0 0.267491 0.256327 0.007552 0.017284
0 0.267187 0.257639 0.007812 0.017438
0 0.266667 0.258951 0.007812 0.017284
0 0.266059 0.260185 0.007986 0.017284
0 0.265712 0.261497 0.008333 0.017438
0 0.265191 0.262809 0.008333 0.017284
0 0.264714 0.264120 0.008247 0.017438
0 0.264366 0.265432 0.008594 0.017284
0 0.264583 0.266744 0.008507 0.017438
0 0.264844 0.268441 0.008507 0.017438
0 0.265104 0.269753 0.008507 0.017284
0 0.265321 0.271451 0.008594 0.017284
0 0.265582 0.273225 0.008594 0.017438
0 0.265799 0.274537 0.008507 0.017284
0 0.266059 0.276235 0.008507 0.017284
0 0.266319 0.277546 0.008507 0.017438
0 0.266536 0.279321 0.008594 0.017284
0 0.266797 0.281019 0.008594 0.017284
0 0.268359 0.284954 0.008767 0.017438
0 0.270226 0.289275 0.009028 0.017438
0 0.272005 0.293596 0.009288 0.017438
0 0.273872 0.297994 0.009549 0.017284
0 0.275694 0.302315 0.009722 0.017284
0 0.277431 0.306404 0.010243 0.017747
0 0.279210 0.310725 0.010503 0.017747
0 0.281076 0.315046 0.010764 0.017747
0 0.282899 0.319444 0.010937 0.017901
0 0.284722 0.323765 0.011285 0.017901
0 0.284722 0.323765 0.011285 0.017901
0 0.284722 0.323765 0.011285 0.017901
0 0.284722 0.323765 0.011285 0.017901
0 0.284722 0.323765 0.011285 0.017901
0 0.284722 0.323765 0.011285 0.017901
0 0.284722 0.323765 0.011285 0.017901
0 0.284722 0.323765 0.011285 0.017901
0 0.284722 0.323765 0.011285 0.017901
0 0.284722 0.323765 0.011285 0.017901
0 0.284722 0.323765 0.011285 0.017901
0 0.284722 0.323765 0.011285 0.017901
0 0.284722 0.323765 0.011285 0.017901
0 0.284722 0.323765 0.011285 0.017901
0 0.284722 0.323765 0.011285 0.017901
0 0.284722 0.323765 0.011285 0.017901
0 0.284722 0.323765 0.011285 0.017901
0 0.284722 0.323765 0.011285 0.017901
0 0.284722 0.323765 0.011285 0.017901
0 0.284722 0.323765 0.011285 0.017901
0 0.284722 0.323765 0.011285 0.017901
0 0.284722 0.323765 0.011285 0.017901
0 0.284722 0.323765 0.011285 0.017901
0 0.284722 0.323765 0.011285 0.017901
0 0.284722 0.323765 0.011285 0.017901
0 0.284722 0.323765 0.011285 0.017901
0 0.284722 0.323765 0.011285 0.017901
0 0.284722 0.323765 0.011285 0.017901
0 0.284722 0.323765 0.011285 0.017901
0 0.284722 0.323765 0.011285 0.017901
0 0.284722 0.323765 0.011285 0.017901
0 0.284722 0.323765 0.011285 0.017901
0 0.284722 0.323765 0.011285 0.017901
0 0.284722 0.323765 0.011285 0.017901
0 0.284722 0.323765 0.011285 0.017901
0 0.284722 0.323765 0.011285 0.017901
0 0.284722 0.323765 0.011285 0.017901
0 0.284722 0.323765 0.011285 0.017901
0 0.284722 0.323765 0.011285 0.017901
0 0.284722 0.323765 0.011285 0.017901
0 0.284722 0.323765 0.011285 0.017901
0 0.284722 0.323765 0.011285 0.017901
0 0.284722 0.323765 0.011285 0.017901
0 0.284722 0.323765 0.011285 0.017901
0 0.284722 0.323765 0.011285 0.017901
0 0.284722 0.323765 0.011285 0.017901
0 0.284722 0.323765 0.011285 0.017901
0 0.284722 0.323765 0.011285 0.017901
0 0.284722 0.323765 0.011285 0.017901
0 0.284722 0.323765 0.011285 0.017901
0 0.284722 0.323765 0.011285 0.017901
0 0.284722 0.323765 0.011285 0.017901
0 0.284722 0.323765 0.011285 0.017901
0 0.284722 0.323765 0.011285 0.017901
0 0.284722 0.323765 0.011285 0.017901
0 0.284722 0.323765 0.011285 0.017901
0 0.284722 0.323765 0.011285 0.017901
0 0.284722 0.323765 0.011285 0.017901
0 0.284722 0.323765 0.011285 0.017901
0 0.284722 0.323765 0.011285 0.017901
0 0.284722 0.323765 0.011285 0.017901
