0 0.221875 0.225772 0.006597 0.025617
0 0.220920 0.224846 0.006597 0.025617
0 0.219965 0.224228 0.006597 0.025926
0 0.219097 0.223380 0.006771 0.026080
0 0.218099 0.222917 0.006858 0.026080
0 0.217405 0.221991 0.006858 0.026080
0 0.216406 0.221373 0.006771 0.026389
0 0.215408 0.220756 0.006858 0.026080
0 0.214583 0.220062 0.007118 0.026543
0 0.213585 0.219213 0.007031 0.026389
0 0.212847 0.218750 0.007118 0.026389
0 0.211892 0.217901 0.007118 0.026543
0 0.210894 0.217515 0.007031 0.026389
0 0.209939 0.216590 0.007031 0.026389
0 0.208941 0.216204 0.007118 0.026543
0 0.208247 0.215741 0.007118 0.026543
0 0.207248 0.214892 0.007031 0.026389
0 0.206293 0.214429 0.007031 0.026389
0 0.205295 0.213580 0.007118 0.026543
0 0.204340 0.213117 0.007118 0.026543
0 0.203602 0.212731 0.007031 0.026389
0 0.202604 0.211806 0.007118 0.026389
0 0.201866 0.210957 0.007031 0.026543
0 0.201172 0.210571 0.007031 0.026389
0 0.200174 0.209645 0.007118 0.026389
0 0.199436 0.209259 0.007031 0.026543
0 0.198698 0.208410 0.007118 0.026389
0 0.197743 0.207485 0.007118 0.026389
0 0.197005 0.207099 0.007031 0.026543
0 0.196267 0.206173 0.007118 0.026543
0 0.195530 0.205787 0.007031 0.026389
0 0.194575 0.204861 0.007031 0.026389
0 0.193837 0.204475 0.007118 0.026543
0 0.193099 0.203627 0.007031 0.026389
0 0.192361 0.203164 0.007118 0.026389
0 0.191623 0.202701 0.007031 0.026389
0 0.190668 0.201852 0.007031 0.026543
0 0.189931 0.201466 0.007118 0.026389
0 0.189193 0.200540 0.007031 0.026389
0 0.188455 0.200154 0.007118 0.026543
0 0.187717 0.199691 0.007031 0.026543
0 0.186979 0.198843 0.007118 0.026389
0 0.186285 0.198380 0.007118 0.026389
0 0.185547 0.197531 0.007031 0.026543
0 0.184809 0.197068 0.007118 0.026543
0 0.184201 0.196451 0.007292 0.026852
0 0.183464 0.195756 0.007378 0.026389
0 0.182726 0.195139 0.007292 0.027006
0 0.181988 0.194522 0.007378 0.026389
0 0.181250 0.193827 0.007292 0.026852
0 0.180773 0.193364 0.007378 0.026852
0 0.179905 0.192515 0.007031 0.027006
0 0.179210 0.191667 0.007031 0.026852
0 0.178472 0.191204 0.007118 0.026852
0 0.177604 0.190355 0.006771 0.027006
0 0.176866 0.189969 0.006858 0.026852
0 0.176128 0.189043 0.006771 0.026852
0 0.175260 0.188194 0.006597 0.027006
0 0.174566 0.187809 0.006597 0.026852
0 0.173785 0.186883 0.006597 0.026852
0 0.173090 0.186420 0.006597 0.026852
0 0.172569 0.185648 0.006597 0.026852
0 0.172396 0.185185 0.006597 0.026852
0 0.171875 0.184722 0.006597 0.026852
0 0.171615 0.184259 0.006597 0.026852
0 0.171354 0.183873 0.006597 0.027006
0 0.170920 0.183025 0.006597 0.026852
0 0.170660 0.182562 0.006597 0.026852
0 0.170139 0.182099 0.006597 0.026852
0 0.169922 0.181713 0.006510 0.027006
0 0.169705 0.181250 0.006597 0.027006
0 0.169444 0.180401 0.006597 0.026852
0 0.169444 0.179938 0.006597 0.026852
0 0.169444 0.179475 0.006597 0.026852
0 0.169444 0.178704 0.006597 0.026852
0 0.169444 0.178241 0.006597 0.026852
0 0.169444 0.177778 0.006597 0.026852
0 0.169444 0.176929 0.006597 0.027006
0 0.169444 0.176466 0.006597 0.027006
0 0.169444 0.176080 0.006597 0.026852
0 0.169444 0.175617 0.006597 0.026852
0 0.169444 0.175000 0.006597 0.026543
0 0.169705 0.174306 0.006597 0.026080
0 0.169835 0.173843 0.006337 0.026080
0 0.169922 0.173225 0.006510 0.025463
0 0.170139 0.172840 0.006597 0.025617
0 0.170269 0.172145 0.006337 0.025154
0 0.170399 0.171451 0.006597 0.024691
0 0.170530 0.171065 0.006337 0.024846
0 0.170790 0.170448 0.006337 0.024228
0 0.171050 0.170216 0.006337 0.023765
0 0.171050 0.169367 0.006337 0.023920
0 0.171137 0.168673 0.006163 0.023457
0 0.171267 0.168210 0.005903 0.023457
0 0.171398 0.167593 0.005642 0.022840
0 0.171528 0.167207 0.005382 0.022994
0 0.171528 0.166512 0.005382 0.022531
0 0.171658 0.165818 0.005122 0.022068
0 0.171745 0.165432 0.004948 0.022222
0 0.171875 0.164738 0.004687 0.021759
0 0.172092 0.164352 0.004601 0.021605
0 0.171875 0.163889 0.004687 0.021605
0 0.171615 0.163503 0.004687 0.021759
0 0.171398 0.163040 0.004601 0.021759
0 0.171398 0.162577 0.004601 0.021759
0 0.171137 0.162191 0.004601 0.021605
0 0.170877 0.161728 0.004601 0.021605
0 0.170877 0.161343 0.004601 0.021759
0 0.170660 0.160880 0.004687 0.021759
0 0.170399 0.160417 0.004687 0.021759
0 0.170399 0.160031 0.004687 0.021605
0 0.170182 0.159105 0.004601 0.021605
0 0.169922 0.158719 0.004601 0.021759
0 0.169661 0.158256 0.004601 0.021759
0 0.169444 0.157407 0.004687 0.021605
0 0.169184 0.156944 0.004687 0.021605
0 0.168967 0.156559 0.004601 0.021759
0 0.168707 0.155633 0.004601 0.021759
0 0.168446 0.155247 0.004601 0.021605
0 0.168186 0.154784 0.004601 0.021605
0 0.168186 0.154398 0.004601 0.021759
0 0.167839 0.153472 0.004948 0.021759
0 0.167622 0.153086 0.004861 0.021605
0 0.167361 0.152623 0.004861 0.021605
0 0.167101 0.152160 0.004861 0.021605
0 0.166840 0.151775 0.004861 0.021759
0 0.166536 0.151312 0.005122 0.021759
0 0.166276 0.150849 0.005122 0.021759
0 0.166016 0.150463 0.005122 0.021605
0 0.165755 0.150000 0.005122 0.021605
0 0.165495 0.149614 0.005122 0.021759
0 0.165061 0.149151 0.005122 0.021759
0 0.164800 0.148688 0.005122 0.021759
0 0.164540 0.148688 0.005122 0.021759
0 0.164062 0.148302 0.005208 0.021605
0 0.163845 0.148302 0.005122 0.021605
0 0.163585 0.147840 0.005122 0.021605
0 0.163064 0.147454 0.005122 0.021759
0 0.162804 0.147454 0.005122 0.021759
0 0.162630 0.146991 0.005122 0.021759
0 0.162370 0.146991 0.005122 0.021759
0 0.161849 0.146528 0.005122 0.021759
0 0.161589 0.146142 0.005122 0.021605
0 0.161415 0.145679 0.005122 0.021605
0 0.161155 0.145679 0.005122 0.021605
0 0.160894 0.145293 0.005122 0.021759
0 0.160634 0.144830 0.005122 0.021759
0 0.160373 0.144830 0.005122 0.021759
0 0.160156 0.144367 0.005208 0.021759
0 0.159939 0.143981 0.005122 0.021605
0 0.159679 0.143981 0.005122 0.021605
0 0.159158 0.143519 0.005122 0.021605
0 0.158898 0.143056 0.005122 0.021605
0 0.158464 0.142670 0.005122 0.021759
0 0.158203 0.142207 0.005122 0.021759
0 0.157682 0.141744 0.005122 0.021759
0 0.157509 0.141358 0.005122 0.021605
0 0.156988 0.140895 0.005122 0.021605
0 0.156727 0.140509 0.005122 0.021759
0 0.156293 0.140046 0.005122 0.021759
0 0.156033 0.139583 0.005122 0.021759
0 0.155512 0.139198 0.005122 0.021605
0 0.155122 0.138966 0.004861 0.021142
0 0.154687 0.138580 0.004861 0.021296
0 0.154297 0.138349 0.004601 0.020833
0 0.153906 0.138117 0.004861 0.020370
0 0.153559 0.137654 0.004687 0.020370
0 0.153082 0.137423 0.004601 0.019907
0 0.152734 0.136960 0.004427 0.019907
0 0.152214 0.136806 0.004427 0.019599
0 0.151997 0.136574 0.004340 0.019136
0 0.151519 0.136111 0.004427 0.019136
0 0.151259 0.136111 0.004427 0.019136
0 0.150998 0.135880 0.004427 0.018673
0 0.150651 0.135725 0.004601 0.018981
0 0.150391 0.135494 0.004601 0.018519
0 0.150043 0.135494 0.004427 0.018519
0 0.149783 0.135340 0.004427 0.018210
0 0.149436 0.135108 0.004601 0.018673
0 0.149175 0.134877 0.004601 0.018210
0 0.148915 0.134877 0.004601 0.018210
