0 0.241189 0.153472 0.007031 0.014660
0 0.240668 0.153472 0.007031 0.014660
0 0.240191 0.153935 0.007118 0.014660
0 0.239714 0.153935 0.007031 0.014660
0 0.239236 0.154321 0.007118 0.014815
0 0.238976 0.154321 0.007118 0.014815
0 0.238498 0.154784 0.007031 0.014815
0 0.238021 0.154784 0.007118 0.014815
0 0.237500 0.155247 0.007118 0.014815
0 0.237023 0.155247 0.007031 0.014815
0 0.236762 0.155633 0.007031 0.014660
0 0.236762 0.156096 0.007031 0.014660
0 0.236762 0.156559 0.007031 0.014660
0 0.236762 0.156944 0.007031 0.014815
0 0.236762 0.157407 0.007031 0.014815
0 0.236762 0.157870 0.007031 0.014815
0 0.236762 0.158256 0.007031 0.014660
0 0.236762 0.158719 0.007031 0.014660
0 0.236762 0.159105 0.007031 0.014815
0 0.236762 0.159568 0.007031 0.014815
0 0.237023 0.160417 0.007031 0.014660
0 0.237023 0.161265 0.007031 0.014815
0 0.237023 0.162191 0.007031 0.014815
0 0.237023 0.163040 0.007031 0.014660
0 0.237023 0.163889 0.007031 0.014815
0 0.237023 0.164815 0.007031 0.014815
0 0.237023 0.165664 0.007031 0.014660
0 0.237023 0.166512 0.007031 0.014815
0 0.237023 0.167361 0.007031 0.014660
0 0.237023 0.168210 0.007031 0.014815
0 0.237023 0.169136 0.007031 0.014815
0 0.236762 0.169522 0.007031 0.014660
0 0.236545 0.170370 0.007118 0.014815
0 0.236285 0.170833 0.007118 0.014815
0 0.236068 0.171682 0.007031 0.014660
0 0.235807 0.172145 0.007031 0.014660
0 0.235547 0.172994 0.007031 0.014815
0 0.235330 0.173457 0.007118 0.014815
0 0.235069 0.174306 0.007118 0.014660
0 0.234809 0.174769 0.007118 0.014660
0 0.234809 0.175617 0.007118 0.014815
0 0.234115 0.175617 0.007118 0.014815
0 0.233377 0.176080 0.007031 0.014815
0 0.232639 0.176080 0.007118 0.014815
0 0.231901 0.176466 0.007031 0.014660
0 0.231163 0.176466 0.007118 0.014660
0 0.230425 0.176929 0.007031 0.014660
0 0.229687 0.176929 0.007118 0.014660
0 0.228993 0.177315 0.007118 0.014815
0 0.228255 0.177315 0.007031 0.014815
0 0.227734 0.177778 0.007031 0.014815
0 0.227517 0.178241 0.007118 0.014815
0 0.227257 0.178627 0.007118 0.014660
0 0.226997 0.179090 0.007118 0.014660
0 0.226780 0.179938 0.007031 0.014815
0 0.226519 0.180401 0.007031 0.014815
0 0.226302 0.180864 0.007118 0.014815
0 0.226042 0.181713 0.007118 0.014660
0 0.225781 0.182099 0.007118 0.014815
0 0.225564 0.182562 0.007031 0.014815
0 0.225304 0.183410 0.007031 0.014660
0 0.224826 0.183410 0.007118 0.014660
0 0.224349 0.183873 0.007031 0.014660
0 0.223828 0.184259 0.007031 0.014815
0 0.223351 0.184259 0.007118 0.014815
0 0.222873 0.184722 0.007031 0.014815
0 0.222396 0.185185 0.007118 0.014815
0 0.221875 0.185185 0.007118 0.014815
0 0.221398 0.185571 0.007031 0.014660
0 0.220920 0.186034 0.007118 0.014660
0 0.220660 0.186420 0.007118 0.014815
0 0.219922 0.186420 0.007031 0.014815
0 0.219227 0.186420 0.007031 0.014815
0 0.218707 0.186883 0.007031 0.014815
0 0.217969 0.186883 0.007118 0.014815
0 0.217491 0.187346 0.007031 0.014815
0 0.216753 0.187346 0.007118 0.014815
0 0.216059 0.187346 0.007118 0.014815
0 0.215538 0.187809 0.007118 0.014815
0 0.214800 0.187809 0.007031 0.014815
0 0.214323 0.188194 0.007118 0.014660
0 0.213368 0.188194 0.007118 0.014660
0 0.212630 0.188194 0.007031 0.014660
0 0.211892 0.188194 0.007118 0.014660
0 0.211155 0.188194 0.007031 0.014660
0 0.210417 0.188194 0.007118 0.014660
0 0.209679 0.188194 0.007031 0.014660
0 0.208941 0.188194 0.007118 0.014660
0 0.208247 0.188194 0.007118 0.014660
0 0.207509 0.188194 0.007031 0.014660
0 0.206771 0.188194 0.007118 0.014660
0 0.206033 0.188194 0.007031 0.014660
0 0.205295 0.188194 0.007118 0.014660
0 0.204818 0.188194 0.007031 0.014660
0 0.204080 0.188657 0.007118 0.014660
0 0.203602 0.188657 0.007031 0.014660
0 0.202865 0.188657 0.007118 0.014660
0 0.202127 0.189043 0.007031 0.014815
0 0.201649 0.189043 0.007118 0.014815
0 0.200911 0.189043 0.007031 0.014815
0 0.200434 0.189506 0.007118 0.014815
0 0.199913 0.189506 0.007118 0.014815
0 0.199436 0.189506 0.007031 0.014815
0 0.198958 0.189506 0.007118 0.014815
0 0.198481 0.189969 0.007031 0.014815
0 0.197960 0.189969 0.007031 0.014815
0 0.197483 0.189969 0.007118 0.014815
0 0.197005 0.190355 0.007031 0.014660
0 0.196528 0.190355 0.007118 0.014660
0 0.196007 0.190355 0.007118 0.014660
0 0.195790 0.190818 0.007031 0.014660
0 0.195530 0.190818 0.007031 0.014660
0 0.195530 0.190818 0.007031 0.014660
0 0.195312 0.190818 0.007118 0.014660
0 0.195312 0.190818 0.007118 0.014660
0 0.195052 0.190818 0.007118 0.014660
0 0.195052 0.190818 0.007118 0.014660
0 0.194792 0.190818 0.007118 0.014660
0 0.194792 0.190818 0.007118 0.014660
0 0.194575 0.190818 0.007031 0.014660
0 0.194575 0.191204 0.007031 0.014815
0 0.194314 0.190818 0.007031 0.014660
0 0.194314 0.190818 0.007031 0.014660
0 0.194314 0.190818 0.007031 0.014660
0 0.194314 0.190818 0.007031 0.014660
0 0.194314 0.190818 0.007031 0.014660
0 0.194097 0.190355 0.007118 0.014660
0 0.194097 0.190355 0.007118 0.014660
0 0.194097 0.190355 0.007118 0.014660
0 0.194097 0.190355 0.007118 0.014660
0 0.194097 0.190355 0.007118 0.014660
0 0.193837 0.189969 0.007118 0.014815
0 0.193576 0.189969 0.007118 0.014815
0 0.193576 0.189506 0.007118 0.014815
0 0.193359 0.189506 0.007031 0.014815
0 0.193359 0.189506 0.007031 0.014815
0 0.193099 0.189043 0.007031 0.014815
0 0.192839 0.189043 0.007031 0.014815
0 0.192839 0.188657 0.007031 0.014660
0 0.192622 0.188657 0.007118 0.014660
0 0.192622 0.188657 0.007118 0.014660
0 0.192361 0.188657 0.007118 0.014660
0 0.192361 0.188657 0.007118 0.014660
0 0.192361 0.188657 0.007118 0.014660
0 0.192144 0.188657 0.007031 0.014660
0 0.192144 0.188657 0.007031 0.014660
0 0.192144 0.188657 0.007031 0.014660
0 0.191884 0.188657 0.007031 0.014660
0 0.191884 0.188657 0.007031 0.014660
0 0.191884 0.188657 0.007031 0.014660
0 0.191884 0.188657 0.007031 0.014660
0 0.191884 0.188657 0.007031 0.014660
0 0.191884 0.188657 0.007031 0.014660
0 0.191884 0.188657 0.007031 0.014660
0 0.192144 0.188657 0.007031 0.014660
0 0.192144 0.188657 0.007031 0.014660
0 0.192144 0.188657 0.007031 0.014660
0 0.192361 0.188657 0.007118 0.014660
0 0.192361 0.188657 0.007118 0.014660
0 0.192361 0.188657 0.007118 0.014660
0 0.192622 0.189043 0.007118 0.014815
0 0.192622 0.189043 0.007118 0.014815
0 0.192622 0.189043 0.007118 0.014815
0 0.192622 0.189043 0.007118 0.014815
0 0.192839 0.189043 0.007031 0.014815
0 0.192839 0.189043 0.007031 0.014815
0 0.192839 0.189043 0.007031 0.014815
0 0.193099 0.189043 0.007031 0.014815
0 0.193099 0.189043 0.007031 0.014815
0 0.193099 0.189043 0.007031 0.014815
0 0.193359 0.189043 0.007031 0.014815
0 0.193229 0.190355 0.006771 0.014660
0 0.193229 0.191667 0.006771 0.014815
0 0.193229 0.193364 0.006771 0.014815
0 0.193316 0.194676 0.006597 0.014660
0 0.193316 0.196219 0.006597 0.014352
0 0.193186 0.197762 0.006337 0.014660
0 0.193186 0.199306 0.006337 0.014352
0 0.193316 0.200540 0.006076 0.014352
0 0.193316 0.202315 0.006076 0.014198
0 0.193316 0.203627 0.006076 0.014352
