0 0.253125 0.231636 0.006597 0.018210
0 0.253385 0.231944 0.006597 0.018210
0 0.253646 0.232870 0.006597 0.018210
0 0.253863 0.233796 0.006510 0.018210
0 0.254080 0.234182 0.006597 0.018364
0 0.254340 0.235031 0.006597 0.018210
0 0.254601 0.235957 0.006597 0.018210
0 0.254861 0.236420 0.006597 0.018210
0 0.255078 0.237191 0.006510 0.018210
0 0.255295 0.238117 0.006597 0.018210
0 0.255556 0.238889 0.006597 0.018210
0 0.255816 0.239815 0.006597 0.018210
0 0.256076 0.240741 0.006597 0.018210
0 0.256337 0.241512 0.006597 0.018210
0 0.256510 0.242901 0.006597 0.018210
0 0.257031 0.243673 0.006597 0.018210
0 0.257292 0.244599 0.006597 0.018210
0 0.257552 0.245833 0.006597 0.018210
0 0.257769 0.246759 0.006510 0.018210
0 0.257986 0.247685 0.006597 0.018210
0 0.258507 0.248920 0.006597 0.018210
0 0.258767 0.249846 0.006597 0.018210
0 0.259201 0.250617 0.006597 0.018210
0 0.259462 0.251543 0.006597 0.018210
0 0.259983 0.252469 0.006597 0.018210
0 0.260243 0.253241 0.006597 0.018210
0 0.260677 0.254167 0.006597 0.018210
0 0.260937 0.254938 0.006597 0.018210
0 0.261458 0.255864 0.006597 0.018210
0 0.261632 0.256790 0.006597 0.018210
0 0.262153 0.258025 0.006597 0.018210
0 0.262153 0.258951 0.006597 0.018210
0 0.262413 0.260185 0.006597 0.018210
0 0.262543 0.261574 0.006337 0.018210
0 0.262674 0.262577 0.006597 0.017747
0 0.262804 0.263889 0.006337 0.017901
0 0.262977 0.264969 0.006337 0.018210
0 0.262977 0.266049 0.006337 0.017901
0 0.263238 0.267361 0.006337 0.017747
0 0.263368 0.268673 0.006076 0.017901
0 0.263628 0.269985 0.006076 0.017747
0 0.263628 0.270833 0.006076 0.017901
0 0.263889 0.272145 0.006076 0.017747
0 0.264106 0.273457 0.006163 0.017901
0 0.264236 0.274769 0.005903 0.017747
0 0.264453 0.276003 0.005816 0.017747
0 0.264714 0.277160 0.005816 0.018210
0 0.264844 0.278395 0.005556 0.018210
0 0.265061 0.279784 0.005642 0.018210
0 0.265321 0.281019 0.005642 0.018210
0 0.265582 0.282407 0.005642 0.018210
0 0.265582 0.283179 0.005642 0.018210
0 0.265842 0.284568 0.005642 0.018210
0 0.266059 0.285802 0.005556 0.018210
0 0.266319 0.286728 0.005556 0.018210
0 0.266536 0.287963 0.005642 0.018210
0 0.266797 0.289275 0.005642 0.018364
0 0.267057 0.290123 0.005642 0.018210
0 0.267274 0.291512 0.005556 0.018210
0 0.267535 0.292747 0.005556 0.018210
0 0.267752 0.293981 0.005642 0.018210
0 0.267752 0.295370 0.005642 0.018210
0 0.268012 0.297068 0.005642 0.018210
0 0.268012 0.298765 0.005642 0.018210
0 0.268273 0.300386 0.005642 0.018673
0 0.268490 0.302083 0.005556 0.018673
0 0.268490 0.303781 0.005556 0.018673
0 0.268750 0.305324 0.005556 0.018981
0 0.268750 0.307099 0.005556 0.019136
0 0.268967 0.308796 0.005642 0.019136
0 0.269227 0.310494 0.005642 0.019136
0 0.269227 0.311420 0.005642 0.019136
0 0.269488 0.312654 0.005642 0.019136
0 0.269748 0.314043 0.005642 0.019136
0 0.269965 0.315046 0.005556 0.018673
0 0.270182 0.316435 0.005642 0.018673
0 0.270182 0.317670 0.005642 0.018673
0 0.270443 0.318827 0.005642 0.018210
0 0.270703 0.320062 0.005642 0.018210
0 0.270964 0.321451 0.005642 0.018210
0 0.271181 0.322685 0.005556 0.018210
0 0.271181 0.322685 0.005556 0.018210
0 0.271181 0.322685 0.005556 0.018210
0 0.271181 0.322685 0.005556 0.018210
0 0.271181 0.322685 0.005556 0.018210
0 0.271181 0.322685 0.005556 0.018210
0 0.271181 0.322685 0.005556 0.018210
0 0.271181 0.322685 0.005556 0.018210
0 0.271181 0.322685 0.005556 0.018210
0 0.271181 0.322685 0.005556 0.018210
0 0.271181 0.322685 0.005556 0.018210
0 0.271181 0.322685 0.005556 0.018210
0 0.271181 0.322685 0.005556 0.018210
0 0.271181 0.322685 0.005556 0.018210
0 0.271181 0.322685 0.005556 0.018210
0 0.271181 0.322685 0.005556 0.018210
0 0.271181 0.322685 0.005556 0.018210
0 0.271181 0.322685 0.005556 0.018210
0 0.271181 0.322685 0.005556 0.018210
0 0.271181 0.322685 0.005556 0.018210
0 0.271181 0.322685 0.005556 0.018210
0 0.271181 0.322685 0.005556 0.018210
0 0.271181 0.322685 0.005556 0.018210
0 0.271181 0.322685 0.005556 0.018210
0 0.271181 0.322685 0.005556 0.018210
0 0.271181 0.322685 0.005556 0.018210
0 0.271181 0.322685 0.005556 0.018210
0 0.271181 0.322685 0.005556 0.018210
0 0.271181 0.322685 0.005556 0.018210
0 0.271181 0.322685 0.005556 0.018210
0 0.271181 0.322685 0.005556 0.018210
0 0.271181 0.322685 0.005556 0.018210
0 0.271181 0.322685 0.005556 0.018210
0 0.271181 0.322685 0.005556 0.018210
0 0.271181 0.322685 0.005556 0.018210
0 0.271181 0.322685 0.005556 0.018210
0 0.271181 0.322685 0.005556 0.018210
0 0.271181 0.322685 0.005556 0.018210
0 0.271181 0.322685 0.005556 0.018210
0 0.271181 0.322685 0.005556 0.018210
0 0.271181 0.322685 0.005556 0.018210
0 0.271181 0.322685 0.005556 0.018210
0 0.271181 0.322685 0.005556 0.018210
0 0.271181 0.322685 0.005556 0.018210
0 0.271181 0.322685 0.005556 0.018210
0 0.271181 0.322685 0.005556 0.018210
0 0.271181 0.322685 0.005556 0.018210
0 0.271181 0.322685 0.005556 0.018210
0 0.271181 0.322685 0.005556 0.018210
0 0.271181 0.322685 0.005556 0.018210
0 0.271181 0.322685 0.005556 0.018210
0 0.271181 0.322685 0.005556 0.018210
0 0.271181 0.322685 0.005556 0.018210
0 0.271181 0.322685 0.005556 0.018210
0 0.271181 0.322685 0.005556 0.018210
0 0.271181 0.322685 0.005556 0.018210
0 0.271181 0.322685 0.005556 0.018210
0 0.271181 0.322685 0.005556 0.018210
0 0.271181 0.322685 0.005556 0.018210
0 0.271181 0.322685 0.005556 0.018210
0 0.271181 0.322685 0.005556 0.018210
0 0.271181 0.322685 0.005556 0.018210
0 0.271181 0.322685 0.005556 0.018210
0 0.271181 0.322685 0.005556 0.018210
0 0.271181 0.322685 0.005556 0.018210
0 0.271181 0.322685 0.005556 0.018210
0 0.271181 0.322685 0.005556 0.018210
0 0.271181 0.322685 0.005556 0.018210
0 0.271181 0.322685 0.005556 0.018210
0 0.271181 0.322685 0.005556 0.018210
0 0.271181 0.322685 0.005556 0.018210
0 0.271181 0.322685 0.005556 0.018210
0 0.271181 0.322685 0.005556 0.018210
0 0.271181 0.322685 0.005556 0.018210
0 0.271181 0.322685 0.005556 0.018210
0 0.271181 0.322685 0.005556 0.018210
0 0.271181 0.322685 0.005556 0.018210
0 0.271181 0.322685 0.005556 0.018210
0 0.271181 0.322685 0.005556 0.018210
0 0.271181 0.322685 0.005556 0.018210
0 0.271181 0.322685 0.005556 0.018210
0 0.271181 0.322685 0.005556 0.018210
0 0.271181 0.322685 0.005556 0.018210
0 0.271181 0.322685 0.005556 0.018210
0 0.271181 0.322685 0.005556 0.018210
0 0.271181 0.322685 0.005556 0.018210
0 0.271181 0.322685 0.005556 0.018210
0 0.271181 0.322685 0.005556 0.018210
0 0.271181 0.322685 0.005556 0.018210
0 0.271181 0.322685 0.005556 0.018210
0 0.271181 0.322685 0.005556 0.018210
0 0.271181 0.322685 0.005556 0.018210
0 0.271181 0.322685 0.005556 0.018210
0 0.271181 0.322685 0.005556 0.018210
0 0.271181 0.322685 0.005556 0.018210
0 0.271181 0.322685 0.005556 0.018210
0 0.271181 0.322685 0.005556 0.018210
0 0.271181 0.322685 0.005556 0.018210
0 0.271181 0.322685 0.005556 0.018210
0 0.271181 0.322685 0.005556 0.018210
0 0.271181 0.322685 0.005556 0.018210
