0 0.043750 0.127932 0.007986 0.022531
0 0.043533 0.127932 0.008073 0.022531
0 0.043533 0.127932 0.008073 0.022531
0 0.043533 0.127932 0.008073 0.022531
0 0.043403 0.127932 0.008333 0.022531
0 0.043403 0.127932 0.008333 0.022531
0 0.043273 0.127932 0.008073 0.022531
0 0.043142 0.127932 0.008333 0.022531
0 0.043142 0.127932 0.008333 0.022531
0 0.043142 0.127932 0.008333 0.022531
0 0.043142 0.127932 0.008333 0.022531
0 0.042882 0.127469 0.008333 0.022531
0 0.042882 0.127006 0.008333 0.022531
0 0.042665 0.126543 0.008247 0.022531
0 0.042665 0.126543 0.008247 0.022531
0 0.042665 0.126157 0.008247 0.022685
0 0.042405 0.125772 0.008247 0.022531
0 0.042405 0.125772 0.008247 0.022531
0 0.042187 0.125309 0.008333 0.022531
0 0.042187 0.124846 0.008333 0.022531
0 0.042187 0.124846 0.008333 0.022531
0 0.041927 0.124383 0.008333 0.022531
0 0.041927 0.124383 0.008333 0.022531
0 0.041927 0.124383 0.008333 0.022531
0 0.041927 0.124383 0.008333 0.022531
0 0.041927 0.124383 0.008333 0.022531
0 0.041667 0.124383 0.008333 0.022531
0 0.041667 0.124383 0.008333 0.022531
0 0.041667 0.124383 0.008333 0.022531
0 0.041667 0.124383 0.008333 0.022531
0 0.041667 0.124383 0.008333 0.022531
0 0.041667 0.123997 0.008333 0.022685
0 0.041667 0.123997 0.008333 0.022685
0 0.041667 0.123997 0.008333 0.022685
0 0.041667 0.123997 0.008333 0.022685
0 0.041667 0.123997 0.008333 0.022685
0 0.041667 0.123611 0.008333 0.022531
0 0.041667 0.123611 0.008333 0.022531
0 0.041667 0.123611 0.008333 0.022531
0 0.041667 0.123611 0.008333 0.022531
0 0.041927 0.123611 0.008333 0.022531
0 0.041927 0.123611 0.008333 0.022531
0 0.041927 0.123611 0.008333 0.022531
0 0.041927 0.123997 0.008333 0.022685
0 0.041927 0.123997 0.008333 0.022685
0 0.041927 0.124383 0.008333 0.022531
0 0.041927 0.124383 0.008333 0.022531
0 0.041927 0.124383 0.008333 0.022531
0 0.041927 0.124846 0.008333 0.022531
0 0.041927 0.124846 0.008333 0.022531
0 0.041927 0.125309 0.008333 0.022531
0 0.041927 0.125309 0.008333 0.022531
0 0.041927 0.125309 0.008333 0.022531
0 0.041927 0.125309 0.008333 0.022531
0 0.041927 0.125309 0.008333 0.022531
0 0.042187 0.125309 0.008333 0.022531
0 0.042187 0.125309 0.008333 0.022531
0 0.042187 0.125309 0.008333 0.022531
0 0.042187 0.125309 0.008333 0.022531
0 0.042187 0.125309 0.008333 0.022531
0 0.042405 0.125309 0.008247 0.022531
0 0.042405 0.125309 0.008247 0.022531
0 0.042405 0.125772 0.008247 0.022531
0 0.042405 0.125772 0.008247 0.022531
0 0.042665 0.126157 0.008247 0.022685
0 0.042665 0.126543 0.008247 0.022531
0 0.042665 0.126543 0.008247 0.022531
0 0.042882 0.127006 0.008333 0.022531
0 0.042882 0.127006 0.008333 0.022531
0 0.042882 0.127469 0.008333 0.022531
0 0.043142 0.127932 0.008333 0.022531
0 0.043142 0.127932 0.008333 0.022531
0 0.043142 0.127932 0.008333 0.022531
0 0.043142 0.127932 0.008333 0.022531
0 0.043142 0.127932 0.008333 0.022531
0 0.043142 0.127932 0.008333 0.022531
0 0.043142 0.127932 0.008333 0.022531
0 0.043142 0.127932 0.008333 0.022531
0 0.043142 0.127932 0.008333 0.022531
0 0.043142 0.127932 0.008333 0.022531
0 0.043142 0.127932 0.008333 0.022531
0 0.043142 0.127932 0.008333 0.022531
0 0.043142 0.127932 0.008333 0.022531
0 0.043142 0.127932 0.008333 0.022531
0 0.043142 0.127932 0.008333 0.022531
0 0.043142 0.127932 0.008333 0.022531
0 0.043142 0.127932 0.008333 0.022531
0 0.043142 0.127932 0.008333 0.022531
0 0.043142 0.127932 0.008333 0.022531
0 0.043142 0.127932 0.008333 0.022531
0 0.043142 0.127932 0.008333 0.022531
0 0.043142 0.127932 0.008333 0.022531
0 0.043142 0.127932 0.008333 0.022531
0 0.043142 0.127932 0.008333 0.022531
0 0.043142 0.127932 0.008333 0.022531
0 0.043142 0.127932 0.008333 0.022531
0 0.043142 0.127932 0.008333 0.022531
0 0.043142 0.127932 0.008333 0.022531
0 0.043142 0.127932 0.008333 0.022531
0 0.043142 0.127932 0.008333 0.022531
0 0.043142 0.127932 0.008333 0.022531
0 0.043142 0.127932 0.008333 0.022531
0 0.043142 0.127932 0.008333 0.022531
0 0.043142 0.127932 0.008333 0.022531
0 0.043142 0.127932 0.008333 0.022531
0 0.043142 0.127932 0.008333 0.022531
0 0.043142 0.127932 0.008333 0.022531
0 0.043142 0.127932 0.008333 0.022531
0 0.043142 0.127932 0.008333 0.022531
0 0.043142 0.127932 0.008333 0.022531
0 0.043142 0.127932 0.008333 0.022531
0 0.043142 0.127932 0.008333 0.022531
0 0.043142 0.127932 0.008333 0.022531
0 0.043142 0.127932 0.008333 0.022531
0 0.043142 0.127932 0.008333 0.022531
0 0.043142 0.127932 0.008333 0.022531
0 0.043142 0.127932 0.008333 0.022531
0 0.043142 0.127932 0.008333 0.022531
0 0.043142 0.127932 0.008333 0.022531
0 0.043142 0.127932 0.008333 0.022531
0 0.043142 0.127932 0.008333 0.022531
0 0.043142 0.127932 0.008333 0.022531
0 0.043142 0.127932 0.008333 0.022531
0 0.043142 0.127932 0.008333 0.022531
0 0.043142 0.127932 0.008333 0.022531
0 0.043142 0.127932 0.008333 0.022531
0 0.043142 0.127932 0.008333 0.022531
0 0.043142 0.127932 0.008333 0.022531
0 0.043142 0.127932 0.008333 0.022531
0 0.043142 0.127932 0.008333 0.022531
0 0.043142 0.127932 0.008333 0.022531
0 0.043142 0.127932 0.008333 0.022531
0 0.043142 0.127932 0.008333 0.022531
0 0.043142 0.127932 0.008333 0.022531
0 0.043142 0.127932 0.008333 0.022531
0 0.043142 0.127932 0.008333 0.022531
0 0.043142 0.127932 0.008333 0.022531
0 0.043142 0.127932 0.008333 0.022531
0 0.043142 0.127932 0.008333 0.022531
0 0.043142 0.127932 0.008333 0.022531
0 0.043142 0.127932 0.008333 0.022531
0 0.043142 0.127932 0.008333 0.022531
0 0.043142 0.127932 0.008333 0.022531
0 0.043142 0.127932 0.008333 0.022531
0 0.043142 0.127932 0.008333 0.022531
0 0.043142 0.127932 0.008333 0.022531
0 0.043142 0.127932 0.008333 0.022531
0 0.043142 0.127932 0.008333 0.022531
0 0.043142 0.127932 0.008333 0.022531
0 0.043142 0.127932 0.008333 0.022531
0 0.043142 0.127932 0.008333 0.022531
0 0.043142 0.127932 0.008333 0.022531
0 0.043142 0.127932 0.008333 0.022531
0 0.043142 0.127932 0.008333 0.022531
0 0.043142 0.127932 0.008333 0.022531
0 0.043142 0.127932 0.008333 0.022531
0 0.043142 0.127932 0.008333 0.022531
0 0.043142 0.127932 0.008333 0.022531
0 0.043142 0.127932 0.008333 0.022531
0 0.043142 0.127932 0.008333 0.022531
0 0.043142 0.127932 0.008333 0.022531
0 0.043142 0.127932 0.008333 0.022531
0 0.043403 0.128395 0.008333 0.022531
0 0.043620 0.128704 0.008247 0.022531
0 0.043620 0.129167 0.008247 0.022531
0 0.043880 0.129630 0.008247 0.022531
0 0.044141 0.129630 0.008247 0.022531
0 0.044141 0.130093 0.008247 0.022531
0 0.044358 0.130556 0.008333 0.022531
0 0.044618 0.130941 0.008333 0.022685
0 0.044878 0.131327 0.008333 0.022531
0 0.044618 0.131173 0.008333 0.022222
0 0.044618 0.131173 0.008333 0.022222
0 0.044358 0.131173 0.008333 0.022222
0 0.044358 0.131173 0.008333 0.022222
0 0.044358 0.131173 0.008333 0.022222
0 0.044141 0.131173 0.008247 0.022222
0 0.044141 0.131173 0.008247 0.022222
0 0.043880 0.131173 0.008247 0.022222
0 0.043880 0.131173 0.008247 0.022222
0 0.043880 0.131404 0.008247 0.021759
