0 0.247135 0.068210 0.004340 0.015123
0 0.246918 0.064815 0.004427 0.015123
0 0.246658 0.061728 0.004427 0.015123
0 0.246658 0.058719 0.004427 0.015278
0 0.246398 0.055710 0.004427 0.015123
0 0.246398 0.052623 0.004427 0.015123
0 0.246181 0.049614 0.004340 0.015278
0 0.245920 0.046605 0.004340 0.015123
0 0.245920 0.043519 0.004340 0.015123
0 0.245703 0.040509 0.004427 0.015278
0 0.245703 0.037423 0.004427 0.015278
0 0.245312 0.037037 0.004687 0.015123
0 0.245095 0.037037 0.004601 0.015123
0 0.244835 0.037037 0.004601 0.015123
0 0.244575 0.036574 0.004601 0.015123
0 0.244358 0.036574 0.004687 0.015123
0 0.244097 0.036574 0.004687 0.015123
0 0.243880 0.036111 0.004601 0.015123
0 0.243620 0.036111 0.004601 0.015123
0 0.243359 0.036111 0.004601 0.015123
0 0.243099 0.036111 0.004601 0.015123
0 0.242882 0.034877 0.004687 0.015123
0 0.242622 0.033565 0.004687 0.015278
0 0.242405 0.032253 0.004601 0.015123
0 0.242144 0.030941 0.004601 0.015278
0 0.241884 0.029630 0.004601 0.015123
0 0.241667 0.028318 0.004687 0.015278
0 0.241406 0.027006 0.004687 0.015123
0 0.241189 0.025772 0.004601 0.015123
0 0.240929 0.024460 0.004601 0.015278
0 0.240929 0.023611 0.004601 0.015123
0 0.240668 0.023148 0.004601 0.015123
0 0.240668 0.023148 0.004601 0.015123
0 0.240668 0.022685 0.004601 0.015123
0 0.240668 0.022685 0.004601 0.015123
0 0.240668 0.022685 0.004601 0.015123
0 0.240668 0.022222 0.004601 0.015123
0 0.240668 0.022222 0.004601 0.015123
0 0.240668 0.021836 0.004601 0.015278
0 0.240668 0.021836 0.004601 0.015278
0 0.240668 0.021836 0.004601 0.015278
0 0.240451 0.021373 0.004687 0.015278
0 0.240191 0.020988 0.004687 0.015123
0 0.239974 0.020525 0.004601 0.015123
0 0.239844 0.020525 0.004861 0.015123
0 0.239583 0.020062 0.004861 0.015123
0 0.239323 0.019676 0.004861 0.015278
0 0.239193 0.019676 0.005122 0.015278
0 0.238976 0.019213 0.005208 0.015278
0 0.238759 0.018827 0.005122 0.015123
0 0.238759 0.018827 0.005122 0.015123
0 0.238238 0.018827 0.005122 0.015123
0 0.237977 0.018827 0.005122 0.015123
0 0.237717 0.018827 0.005122 0.015123
0 0.237413 0.018827 0.004861 0.015123
0 0.237153 0.018827 0.004861 0.015123
0 0.236892 0.018827 0.004861 0.015123
0 0.236545 0.018827 0.004687 0.015123
0 0.236285 0.018827 0.004687 0.015123
0 0.236068 0.018827 0.004601 0.015123
0 0.235807 0.018827 0.004601 0.015123
0 0.235547 0.018364 0.004601 0.015123
0 0.235330 0.018364 0.004687 0.015123
0 0.235330 0.018364 0.004687 0.015123
0 0.235069 0.018364 0.004687 0.015123
0 0.235069 0.018364 0.004687 0.015123
0 0.234852 0.017901 0.004601 0.015123
0 0.234592 0.017901 0.004601 0.015123
0 0.234592 0.017901 0.004601 0.015123
0 0.234332 0.017901 0.004601 0.015123
0 0.234332 0.017901 0.004601 0.015123
0 0.233594 0.017052 0.004687 0.015278
0 0.232856 0.016667 0.004601 0.015123
0 0.232161 0.016204 0.004601 0.015123
0 0.231424 0.015741 0.004687 0.015123
0 0.230946 0.015278 0.004601 0.015123
0 0.230208 0.014892 0.004687 0.015278
0 0.229470 0.014429 0.004601 0.015278
0 0.228733 0.014043 0.004687 0.015123
0 0.227995 0.013580 0.004601 0.015123
0 0.227517 0.013117 0.004687 0.015123
0 0.227040 0.012731 0.004601 0.015278
0 0.226780 0.012731 0.004601 0.015278
0 0.226302 0.012269 0.004687 0.015278
0 0.226042 0.012269 0.004687 0.015278
0 0.225564 0.012269 0.004601 0.015278
0 0.225304 0.011883 0.004601 0.015123
0 0.224826 0.011883 0.004687 0.015123
0 0.224566 0.011420 0.004687 0.015123
0 0.224089 0.011420 0.004601 0.015123
0 0.223828 0.011420 0.004601 0.015123
0 0.223134 0.010957 0.004601 0.015123
0 0.222613 0.010957 0.004601 0.015123
0 0.221918 0.010957 0.004601 0.015123
0 0.221398 0.010957 0.004601 0.015123
0 0.220920 0.010957 0.004687 0.015123
0 0.220182 0.010957 0.004601 0.015123
0 0.219705 0.010957 0.004687 0.015123
0 0.218967 0.010957 0.004601 0.015123
0 0.218490 0.010957 0.004687 0.015123
0 0.218012 0.010957 0.004601 0.015123
0 0.217491 0.010571 0.004601 0.015278
0 0.217274 0.010571 0.004687 0.015278
0 0.217014 0.010571 0.004687 0.015278
0 0.216753 0.010571 0.004687 0.015278
0 0.216536 0.010571 0.004601 0.015278
0 0.216016 0.010108 0.004601 0.015278
0 0.215799 0.010108 0.004687 0.015278
0 0.215538 0.010108 0.004687 0.015278
0 0.215321 0.010108 0.004601 0.015278
0 0.215061 0.010108 0.004601 0.015278
0 0.214323 0.009722 0.004687 0.015123
0 0.213845 0.009722 0.004601 0.015123
0 0.213108 0.009722 0.004687 0.015123
0 0.212630 0.009722 0.004601 0.015123
0 0.212109 0.009722 0.004601 0.015123
0 0.211415 0.009259 0.004601 0.015123
0 0.210894 0.009259 0.004601 0.015123
0 0.210200 0.009259 0.004601 0.015123
0 0.209679 0.009259 0.004601 0.015123
0 0.209201 0.009259 0.004687 0.015123
0 0.209201 0.009259 0.004687 0.015123
0 0.209201 0.009259 0.004687 0.015123
0 0.209201 0.009259 0.004687 0.015123
0 0.209201 0.009259 0.004687 0.015123
0 0.209201 0.009259 0.004687 0.015123
0 0.209201 0.009259 0.004687 0.015123
0 0.209201 0.009259 0.004687 0.015123
0 0.209201 0.009259 0.004687 0.015123
0 0.209201 0.009259 0.004687 0.015123
0 0.209201 0.009259 0.004687 0.015123
0 0.206901 0.008642 0.004427 0.014815
0 0.204601 0.008410 0.004167 0.014352
0 0.202214 0.007948 0.003906 0.014352
0 0.199913 0.007485 0.003646 0.013426
0 0.197873 0.007253 0.003385 0.012963
0 0.195530 0.006867 0.003212 0.013117
0 0.193229 0.006404 0.002951 0.012191
0 0.190929 0.006019 0.002691 0.012037
0 0.188585 0.005787 0.002517 0.011574
0 0.186502 0.005633 0.002170 0.011265
0 0.186502 0.005633 0.002170 0.011265
0 0.186502 0.005633 0.002170 0.011265
0 0.186502 0.005633 0.002170 0.011265
0 0.186502 0.005633 0.002170 0.011265
0 0.186502 0.005633 0.002170 0.011265
0 0.186502 0.005633 0.002170 0.011265
0 0.186502 0.005633 0.002170 0.011265
0 0.186502 0.005633 0.002170 0.011265
0 0.186502 0.005633 0.002170 0.011265
0 0.186502 0.005633 0.002170 0.011265
0 0.186502 0.005633 0.002170 0.011265
0 0.186502 0.005633 0.002170 0.011265
0 0.186502 0.005633 0.002170 0.011265
0 0.186502 0.005633 0.002170 0.011265
0 0.186502 0.005633 0.002170 0.011265
0 0.186502 0.005633 0.002170 0.011265
0 0.186502 0.005633 0.002170 0.011265
0 0.186502 0.005633 0.002170 0.011265
0 0.186502 0.005633 0.002170 0.011265
0 0.186502 0.005633 0.002170 0.011265
0 0.186502 0.005633 0.002170 0.011265
0 0.186502 0.005633 0.002170 0.011265
0 0.186502 0.005633 0.002170 0.011265
0 0.186502 0.005633 0.002170 0.011265
0 0.186502 0.005633 0.002170 0.011265
0 0.186502 0.005633 0.002170 0.011265
0 0.186502 0.005633 0.002170 0.011265
0 0.186502 0.005633 0.002170 0.011265
0 0.186502 0.005633 0.002170 0.011265
0 0.186502 0.005633 0.002170 0.011265
0 0.186502 0.005633 0.002170 0.011265
0 0.186502 0.005633 0.002170 0.011265
0 0.186502 0.005633 0.002170 0.011265
0 0.186502 0.005633 0.002170 0.011265
0 0.186502 0.005633 0.002170 0.011265
0 0.186502 0.005633 0.002170 0.011265
0 0.186502 0.005633 0.002170 0.011265
0 0.186502 0.005633 0.002170 0.011265
0 0.186502 0.005633 0.002170 0.011265
0 0.186502 0.005633 0.002170 0.011265
