0 0.309722 0.097531 0.004167 0.007716
0 0.309722 0.097531 0.004167 0.007716
0 0.309722 0.097531 0.004167 0.007716
0 0.309722 0.097531 0.004167 0.007716
0 0.309722 0.097531 0.004167 0.007716
0 0.309722 0.097531 0.004167 0.007716
0 0.309722 0.097531 0.004167 0.007716
0 0.309722 0.097531 0.004167 0.007716
0 0.309722 0.097531 0.004167 0.007716
0 0.309722 0.097531 0.004167 0.007716
0 0.309722 0.097531 0.004167 0.007716
0 0.309722 0.097531 0.004167 0.007716
0 0.309722 0.097531 0.004167 0.007716
0 0.309722 0.097531 0.004167 0.007716
0 0.309722 0.097531 0.004167 0.007716
0 0.309722 0.097531 0.004167 0.007716
0 0.309722 0.097531 0.004167 0.007716
0 0.309722 0.097531 0.004167 0.007716
0 0.309722 0.097531 0.004167 0.007716
0 0.309722 0.097531 0.004167 0.007716
0 0.309722 0.097531 0.004167 0.007716
0 0.309722 0.097531 0.004167 0.007716
0 0.309722 0.097531 0.004167 0.007716
0 0.309722 0.097531 0.004167 0.007716
0 0.309722 0.097531 0.004167 0.007716
0 0.309722 0.097531 0.004167 0.007716
0 0.309722 0.097531 0.004167 0.007716
0 0.309722 0.097531 0.004167 0.007716
0 0.309722 0.097531 0.004167 0.007716
0 0.309722 0.097531 0.004167 0.007716
0 0.309722 0.097531 0.004167 0.007716
0 0.309722 0.097531 0.004167 0.007716
0 0.309722 0.097531 0.004167 0.007716
0 0.309722 0.097531 0.004167 0.007716
0 0.309722 0.097531 0.004167 0.007716
0 0.309722 0.097531 0.004167 0.007716
0 0.309722 0.097531 0.004167 0.007716
0 0.309722 0.097531 0.004167 0.007716
0 0.309722 0.097531 0.004167 0.007716
0 0.309722 0.097531 0.004167 0.007716
0 0.309722 0.097531 0.004167 0.007716
0 0.309722 0.097531 0.004167 0.007716
0 0.309722 0.097531 0.004167 0.007716
0 0.309722 0.097531 0.004167 0.007716
0 0.309722 0.097531 0.004167 0.007716
0 0.309722 0.097531 0.004167 0.007716
0 0.309722 0.097531 0.004167 0.007716
0 0.309722 0.097531 0.004167 0.007716
0 0.309722 0.097531 0.004167 0.007716
0 0.309722 0.097531 0.004167 0.007716
0 0.309722 0.097531 0.004167 0.007716
0 0.278602 0.087809 0.003906 0.007407
0 0.247743 0.078009 0.003646 0.006944
0 0.216753 0.068441 0.003125 0.006019
0 0.185894 0.058719 0.002865 0.005710
0 0.155035 0.049151 0.002604 0.004784
0 0.124045 0.039352 0.002257 0.004321
0 0.093186 0.029630 0.001997 0.004012
0 0.062196 0.020062 0.001476 0.003086
0 0.031337 0.010340 0.001215 0.002469
0 0.000477 0.000849 0.000955 0.001698
0 0.033507 0.010725 0.001215 0.002623
0 0.066580 0.020988 0.001389 0.003086
0 0.099783 0.031404 0.001476 0.003858
0 0.132812 0.041512 0.001736 0.004321
0 0.166146 0.052006 0.001910 0.005247
0 0.199175 0.062191 0.002170 0.005556
0 0.232292 0.072377 0.002431 0.006173
0 0.265451 0.082793 0.002431 0.006944
0 0.298481 0.092978 0.002691 0.007253
0 0.331858 0.103395 0.002951 0.008333
0 0.330382 0.102932 0.002951 0.008333
0 0.329167 0.102546 0.002951 0.008179
0 0.327951 0.102083 0.002951 0.008179
0 0.326476 0.101620 0.002951 0.008179
0 0.325260 0.101235 0.002951 0.008333
0 0.324045 0.100772 0.002951 0.008333
0 0.322569 0.100386 0.002951 0.008179
0 0.321354 0.099923 0.002951 0.008179
0 0.320139 0.099460 0.002951 0.008179
0 0.318924 0.099460 0.002951 0.008179
0 0.318142 0.099074 0.002951 0.008333
0 0.317665 0.099074 0.002865 0.008333
0 0.317057 0.099074 0.003212 0.008333
0 0.316580 0.099074 0.003125 0.008333
0 0.316102 0.099074 0.003212 0.008333
0 0.315365 0.098843 0.003125 0.008796
0 0.314887 0.098843 0.003212 0.008796
0 0.314280 0.098843 0.003385 0.008796
0 0.313759 0.098843 0.003385 0.008796
0 0.313281 0.098843 0.003472 0.008796
0 0.313021 0.098457 0.003472 0.008642
0 0.312804 0.098457 0.003385 0.008642
0 0.312543 0.098457 0.003385 0.008642
0 0.312543 0.097994 0.003385 0.008642
0 0.312283 0.097994 0.003385 0.008642
0 0.312066 0.097994 0.003472 0.008642
0 0.312066 0.097531 0.003472 0.008642
0 0.311806 0.097531 0.003472 0.008642
0 0.311589 0.097531 0.003385 0.008642
0 0.311589 0.097531 0.003385 0.008642
0 0.311328 0.097299 0.003385 0.008179
0 0.311198 0.097299 0.003646 0.008179
0 0.310937 0.097299 0.003646 0.008179
0 0.310937 0.097299 0.003646 0.008179
0 0.310807 0.097299 0.003906 0.008179
0 0.310634 0.097299 0.003906 0.008179
0 0.310634 0.097299 0.003906 0.008179
0 0.310373 0.097299 0.003906 0.008179
0 0.310243 0.097299 0.004167 0.008179
0 0.310243 0.097531 0.004167 0.007716
0 0.309983 0.097531 0.004167 0.007716
0 0.309722 0.097531 0.004167 0.007716
0 0.309722 0.097531 0.004167 0.007716
