0 0.085243 0.114429 0.004167 0.012191
0 0.084983 0.114429 0.004167 0.012191
0 0.084983 0.114892 0.004167 0.012191
0 0.084983 0.115123 0.004167 0.011728
0 0.084983 0.115355 0.004167 0.012191
0 0.084983 0.115741 0.004167 0.012037
0 0.084983 0.115972 0.004167 0.011574
0 0.084983 0.116204 0.004167 0.012037
0 0.084983 0.116358 0.004167 0.011728
0 0.084983 0.116821 0.004167 0.011728
0 0.084983 0.117284 0.004167 0.011728
0 0.084852 0.117284 0.003906 0.011728
0 0.084852 0.117284 0.003906 0.011728
0 0.084852 0.117284 0.003906 0.011728
0 0.084722 0.117284 0.003646 0.011728
0 0.084722 0.117747 0.003646 0.011728
0 0.084722 0.117747 0.003646 0.011728
0 0.084635 0.117747 0.003472 0.011728
0 0.084635 0.117747 0.003472 0.011728
0 0.084635 0.117747 0.003472 0.011728
0 0.084766 0.118133 0.003212 0.011574
0 0.084505 0.118133 0.003212 0.011574
0 0.084245 0.118133 0.003212 0.011574
0 0.084028 0.118364 0.003125 0.012037
0 0.083767 0.118519 0.003125 0.011728
0 0.083550 0.118750 0.003212 0.012191
0 0.083290 0.118750 0.003212 0.012191
0 0.083030 0.118981 0.003212 0.011728
0 0.082812 0.119213 0.003125 0.012191
0 0.082552 0.119213 0.003125 0.012191
0 0.082552 0.119676 0.003125 0.012191
0 0.082335 0.119676 0.003212 0.012191
0 0.082075 0.119676 0.003212 0.012191
0 0.082075 0.119676 0.003212 0.012191
0 0.081814 0.119676 0.003212 0.012191
0 0.081814 0.119676 0.003212 0.012191
0 0.081597 0.119676 0.003125 0.012191
0 0.081337 0.119676 0.003125 0.012191
0 0.081337 0.119676 0.003125 0.012191
0 0.081076 0.119676 0.003125 0.012191
0 0.081076 0.120139 0.003125 0.012191
0 0.080599 0.116590 0.003212 0.012191
0 0.080339 0.113194 0.003212 0.012191
0 0.079861 0.109645 0.003125 0.012191
0 0.079644 0.106481 0.003212 0.011728
0 0.079384 0.103164 0.003212 0.012191
0 0.078906 0.099691 0.003125 0.012037
0 0.078646 0.096451 0.003125 0.011728
0 0.078168 0.092978 0.003212 0.011574
0 0.077908 0.089506 0.003212 0.011728
0 0.077691 0.086420 0.003125 0.011728
0 0.077170 0.085648 0.003125 0.011728
0 0.076953 0.084722 0.003212 0.011728
0 0.076693 0.083873 0.003212 0.011574
0 0.076215 0.083025 0.003125 0.011728
0 0.075955 0.082330 0.003125 0.011265
0 0.075738 0.081481 0.003212 0.011420
0 0.075217 0.080633 0.003212 0.011265
0 0.075000 0.079707 0.003125 0.011265
0 0.074740 0.078935 0.003125 0.011265
0 0.074523 0.078241 0.003212 0.010802
0 0.074262 0.078472 0.003212 0.011265
0 0.074002 0.078704 0.003212 0.011728
0 0.073785 0.078858 0.003125 0.012037
0 0.073524 0.079090 0.003125 0.012500
0 0.073307 0.079552 0.003212 0.012500
0 0.073047 0.079784 0.003212 0.012963
0 0.072786 0.080015 0.003212 0.013426
0 0.072569 0.080247 0.003125 0.013889
0 0.072309 0.080401 0.003125 0.014198
0 0.072309 0.080787 0.003125 0.014352
0 0.072049 0.081250 0.003125 0.014352
0 0.071832 0.081713 0.003212 0.014352
0 0.071571 0.082176 0.003212 0.014352
0 0.071311 0.082562 0.003212 0.014198
0 0.071094 0.083179 0.003125 0.014815
0 0.070833 0.083642 0.003125 0.014815
0 0.070616 0.084105 0.003212 0.014815
0 0.070356 0.084491 0.003212 0.014660
0 0.070095 0.084954 0.003212 0.014660
0 0.069878 0.085802 0.003125 0.014815
0 0.069401 0.086265 0.003212 0.014815
0 0.069141 0.086728 0.003212 0.014815
0 0.068880 0.087114 0.003212 0.014660
0 0.068663 0.087577 0.003125 0.014660
0 0.068403 0.088426 0.003125 0.014815
0 0.067925 0.088889 0.003212 0.014815
0 0.067665 0.089275 0.003212 0.014660
0 0.067448 0.089738 0.003125 0.014660
0 0.067187 0.090123 0.003125 0.014815
0 0.066927 0.091049 0.003125 0.014815
0 0.066710 0.091435 0.003212 0.014660
0 0.066450 0.091898 0.003212 0.014660
0 0.066189 0.092284 0.003212 0.014815
0 0.065972 0.092747 0.003125 0.014815
0 0.065842 0.093210 0.003385 0.014815
0 0.065582 0.093596 0.003385 0.014660
0 0.065365 0.094059 0.003472 0.014660
0 0.065104 0.094522 0.003472 0.014660
0 0.064887 0.094907 0.003385 0.014815
0 0.064887 0.095833 0.003385 0.014815
0 0.064627 0.095833 0.003385 0.014815
0 0.064497 0.096219 0.003125 0.014660
0 0.064366 0.096682 0.003385 0.014660
0 0.064280 0.097068 0.003212 0.014815
0 0.064149 0.097531 0.003472 0.014815
0 0.064019 0.097994 0.003212 0.014815
0 0.063759 0.098380 0.003212 0.014660
0 0.063759 0.098843 0.003212 0.014660
0 0.063542 0.099228 0.003125 0.014815
0 0.063542 0.099691 0.003125 0.014815
0 0.063021 0.100154 0.003125 0.014815
0 0.062804 0.100540 0.003212 0.014660
0 0.062543 0.101003 0.003212 0.014660
0 0.062066 0.101466 0.003125 0.014660
0 0.061806 0.101852 0.003125 0.014815
0 0.061589 0.102315 0.003212 0.014815
0 0.061068 0.102778 0.003212 0.014815
0 0.060851 0.103164 0.003125 0.014660
0 0.060590 0.103627 0.003125 0.014660
0 0.060373 0.104475 0.003212 0.014815
0 0.060113 0.104475 0.003212 0.014815
0 0.059983 0.104938 0.003472 0.014815
0 0.059766 0.105093 0.003385 0.015123
0 0.059635 0.105556 0.003646 0.015123
0 0.059635 0.105787 0.003646 0.015586
0 0.059375 0.106250 0.003646 0.015586
0 0.059245 0.106481 0.003906 0.016049
0 0.058984 0.106790 0.003906 0.016049
0 0.058854 0.107022 0.004167 0.016512
0 0.058854 0.107485 0.004167 0.016512
0 0.058420 0.107485 0.004167 0.016512
0 0.058160 0.107948 0.004167 0.016512
0 0.057639 0.108410 0.004167 0.016512
0 0.057422 0.108873 0.004080 0.016512
0 0.056944 0.109182 0.004167 0.016512
0 0.056684 0.109182 0.004167 0.016512
0 0.056207 0.109645 0.004080 0.016512
0 0.055990 0.110108 0.004167 0.016512
0 0.055469 0.110571 0.004167 0.016512
0 0.055208 0.111034 0.004167 0.016512
0 0.054731 0.111420 0.004080 0.016358
0 0.054514 0.111806 0.004167 0.016512
0 0.054253 0.112269 0.004167 0.016512
0 0.053993 0.113194 0.004167 0.016512
0 0.053733 0.113580 0.004167 0.016358
0 0.053299 0.113966 0.004167 0.016512
0 0.053038 0.114892 0.004167 0.016512
0 0.052778 0.115355 0.004167 0.016512
0 0.052517 0.115741 0.004167 0.016358
0 0.052300 0.116590 0.004080 0.016512
0 0.051953 0.117052 0.003906 0.016512
0 0.051693 0.117515 0.003906 0.016512
0 0.051432 0.117978 0.003906 0.016512
0 0.051172 0.118364 0.003906 0.016358
0 0.051085 0.118750 0.003733 0.016512
0 0.050738 0.119213 0.003385 0.016512
0 0.050477 0.119676 0.003385 0.016512
0 0.050217 0.120139 0.003385 0.016512
0 0.049957 0.120525 0.003385 0.016358
0 0.049870 0.121373 0.003212 0.016512
0 0.049870 0.121373 0.003212 0.016512
0 0.050087 0.121373 0.003125 0.016512
0 0.050347 0.121836 0.003125 0.016512
0 0.050608 0.121836 0.003125 0.016512
0 0.050825 0.122299 0.003212 0.016512
0 0.051085 0.122299 0.003212 0.016512
0 0.051345 0.122299 0.003212 0.016512
0 0.051562 0.122685 0.003125 0.016358
0 0.051823 0.122685 0.003125 0.016358
0 0.052040 0.123071 0.003212 0.016512
0 0.051693 0.123534 0.003385 0.016512
0 0.051432 0.123997 0.003385 0.016512
0 0.051302 0.124691 0.003646 0.016975
0 0.051085 0.125077 0.003733 0.016821
0 0.050868 0.125540 0.003646 0.016821
0 0.050738 0.126157 0.003906 0.017438
0 0.050477 0.126620 0.003906 0.017438
0 0.050217 0.127006 0.003906 0.017284
0 0.050087 0.127701 0.004167 0.017747
0 0.049826 0.128164 0.004167 0.017747
