0 0.132205 0.061960 0.004861 0.017438
0 0.132465 0.061497 0.004861 0.017438
0 0.132726 0.061497 0.004861 0.017438
0 0.132943 0.061111 0.004948 0.017284
0 0.133160 0.061111 0.004861 0.017284
0 0.133420 0.061111 0.004861 0.017284
0 0.133681 0.060648 0.004861 0.017284
0 0.133941 0.060648 0.004861 0.017284
0 0.134201 0.060185 0.004861 0.017284
0 0.134418 0.060185 0.004948 0.017284
0 0.134635 0.060185 0.004861 0.017284
0 0.135634 0.059799 0.004948 0.017438
0 0.136632 0.059799 0.004861 0.017438
0 0.137587 0.059568 0.004861 0.017901
0 0.138542 0.059336 0.004861 0.017438
0 0.139540 0.059182 0.004948 0.017747
0 0.140538 0.059182 0.004861 0.017747
0 0.141493 0.058719 0.004861 0.017747
0 0.142448 0.058719 0.004861 0.017747
0 0.143446 0.058488 0.004948 0.018210
0 0.144661 0.058488 0.004948 0.018210
0 0.145009 0.058025 0.004601 0.018210
0 0.145530 0.058025 0.004601 0.018210
0 0.146007 0.058025 0.004687 0.018210
0 0.146484 0.057562 0.004601 0.018210
0 0.146962 0.057562 0.004687 0.018210
0 0.147483 0.057562 0.004687 0.018210
0 0.147960 0.057253 0.004601 0.018210
0 0.148438 0.057253 0.004687 0.018210
0 0.148915 0.057253 0.004601 0.018210
0 0.149436 0.057253 0.004601 0.018210
0 0.151606 0.056790 0.004601 0.018210
0 0.153819 0.056790 0.004687 0.018210
0 0.156163 0.056327 0.004861 0.018210
0 0.158464 0.056327 0.004601 0.018210
0 0.160764 0.055864 0.004861 0.018210
0 0.162934 0.055864 0.004861 0.018210
0 0.165278 0.055401 0.004687 0.018210
0 0.167622 0.055401 0.004861 0.018210
0 0.169792 0.055015 0.004861 0.018364
0 0.172222 0.055015 0.004861 0.018364
0 0.174653 0.055015 0.004861 0.018364
0 0.177344 0.055401 0.004861 0.018210
0 0.179774 0.055401 0.004861 0.018210
0 0.182465 0.055864 0.004861 0.018210
0 0.185156 0.055864 0.004861 0.018210
0 0.187587 0.056327 0.004861 0.018210
0 0.190278 0.056327 0.004861 0.018210
0 0.192708 0.056790 0.004861 0.018210
0 0.195399 0.056790 0.004861 0.018210
0 0.198090 0.057253 0.004861 0.018210
0 0.198481 0.057253 0.004601 0.018210
0 0.198958 0.057253 0.004687 0.018210
0 0.199436 0.057253 0.004601 0.018210
0 0.199957 0.057407 0.004601 0.017901
0 0.200434 0.057562 0.004687 0.018210
0 0.200911 0.057562 0.004601 0.018210
0 0.201389 0.057793 0.004687 0.017747
0 0.201866 0.057793 0.004601 0.017747
0 0.202387 0.057793 0.004601 0.017747
0 0.202865 0.058256 0.004687 0.017747
0 0.202604 0.058256 0.004687 0.017747
0 0.202604 0.058256 0.004687 0.017747
0 0.202387 0.058256 0.004601 0.017747
0 0.202387 0.058256 0.004601 0.017747
0 0.202257 0.058488 0.004861 0.018210
0 0.202127 0.058488 0.004601 0.018210
0 0.201997 0.058488 0.004861 0.018210
0 0.201866 0.058488 0.004601 0.018210
0 0.201736 0.058488 0.004861 0.018210
0 0.201736 0.058951 0.004861 0.018210
0 0.201042 0.058488 0.004861 0.018210
0 0.200521 0.058025 0.004861 0.018210
0 0.199826 0.057562 0.004861 0.018210
0 0.199306 0.057253 0.004861 0.018210
0 0.198611 0.057253 0.004861 0.018210
0 0.198090 0.056790 0.004861 0.018210
0 0.197396 0.056327 0.004861 0.018210
0 0.196875 0.055864 0.004861 0.018210
0 0.196181 0.055401 0.004861 0.018210
0 0.195660 0.055401 0.004861 0.018210
0 0.195182 0.055401 0.004948 0.018210
0 0.194922 0.055633 0.004948 0.017747
0 0.194575 0.055633 0.004601 0.017747
0 0.194314 0.055864 0.004601 0.017284
0 0.194054 0.055864 0.004601 0.017284
0 0.193576 0.056096 0.004687 0.016821
0 0.193359 0.056096 0.004601 0.016821
0 0.192969 0.056327 0.004340 0.016358
0 0.192752 0.056327 0.004427 0.016358
0 0.192491 0.056481 0.004427 0.016049
0 0.192014 0.056327 0.004340 0.015741
0 0.191753 0.056327 0.004340 0.015741
0 0.191406 0.056096 0.004687 0.015278
0 0.191016 0.056327 0.004427 0.014815
0 0.190799 0.056096 0.004340 0.014352
0 0.190408 0.056096 0.004601 0.014352
0 0.190061 0.056096 0.004427 0.013426
0 0.189670 0.056096 0.004687 0.013426
0 0.189453 0.055864 0.004601 0.012963
0 0.189193 0.056096 0.004601 0.012500
0 0.188715 0.055864 0.004687 0.012963
0 0.188455 0.055864 0.004687 0.012963
0 0.188238 0.055864 0.004601 0.012963
0 0.187847 0.055633 0.004340 0.013426
0 0.187630 0.055633 0.004427 0.013426
0 0.187240 0.055633 0.004687 0.013426
0 0.186892 0.055401 0.004340 0.013889
0 0.186632 0.055401 0.004340 0.013889
0 0.186415 0.055401 0.004427 0.013889
0 0.186155 0.055401 0.004427 0.013889
0 0.185634 0.055401 0.004427 0.013889
0 0.185156 0.055401 0.004340 0.013889
0 0.184679 0.055401 0.004427 0.013889
0 0.184201 0.055401 0.004340 0.013889
0 0.183724 0.055401 0.004427 0.013889
0 0.183203 0.055401 0.004427 0.013889
0 0.182726 0.055401 0.004340 0.013889
0 0.182248 0.055401 0.004427 0.013889
0 0.181727 0.055401 0.004427 0.013889
0 0.181250 0.055401 0.004340 0.013889
0 0.180773 0.055401 0.004427 0.013889
0 0.180382 0.055401 0.004167 0.013889
0 0.180035 0.055401 0.004340 0.013889
0 0.179688 0.055401 0.004167 0.013889
0 0.179427 0.055401 0.004167 0.013889
0 0.178950 0.055401 0.004080 0.013889
0 0.178602 0.055401 0.003906 0.013889
0 0.178212 0.055401 0.004167 0.013889
0 0.177821 0.055401 0.003906 0.013889
0 0.177604 0.055864 0.003819 0.013889
0 0.177127 0.055401 0.003906 0.013889
0 0.176866 0.055401 0.003906 0.013889
0 0.176606 0.055247 0.003906 0.014198
0 0.176259 0.055247 0.004080 0.014198
0 0.176042 0.055015 0.004167 0.014660
0 0.175651 0.054784 0.003906 0.014198
0 0.175260 0.054552 0.004167 0.014660
0 0.175043 0.054552 0.004080 0.014660
0 0.174826 0.054321 0.004167 0.015123
0 0.174566 0.054321 0.004167 0.015123
0 0.174045 0.054321 0.004167 0.015123
0 0.173828 0.054321 0.004080 0.015123
0 0.173611 0.054321 0.004167 0.015123
0 0.173351 0.054552 0.004167 0.015586
0 0.173090 0.054552 0.004167 0.015586
0 0.172830 0.054552 0.004167 0.015586
0 0.172569 0.054784 0.004167 0.016049
0 0.172352 0.054784 0.004080 0.016049
0 0.172135 0.054784 0.004167 0.016049
0 0.171875 0.055015 0.004167 0.016512
0 0.172569 0.054784 0.004167 0.016049
0 0.173351 0.054552 0.004167 0.015586
0 0.174045 0.054321 0.004167 0.015123
0 0.174957 0.054321 0.003906 0.015123
0 0.175781 0.054167 0.004167 0.014815
0 0.176476 0.053935 0.004167 0.014352
0 0.177387 0.053935 0.003906 0.014352
0 0.178082 0.053704 0.003906 0.013889
0 0.178863 0.053472 0.003906 0.013426
0 0.179818 0.053472 0.003906 0.013426
0 0.179818 0.053472 0.003906 0.013426
0 0.180078 0.053472 0.003906 0.013426
0 0.180252 0.053704 0.003906 0.013889
0 0.180512 0.053704 0.003906 0.013889
0 0.180773 0.054167 0.003906 0.013889
0 0.181033 0.054167 0.003906 0.013889
0 0.181293 0.054167 0.003906 0.013889
0 0.181467 0.054398 0.003906 0.014352
0 0.181727 0.054398 0.003906 0.014352
0 0.181988 0.054784 0.003906 0.014198
0 0.182509 0.054784 0.003906 0.014198
0 0.183203 0.054784 0.003906 0.014198
0 0.183724 0.054784 0.003906 0.014198
0 0.184418 0.054784 0.003906 0.014198
0 0.185069 0.055015 0.004167 0.013735
0 0.185634 0.055015 0.003906 0.013735
0 0.186285 0.055015 0.004167 0.013735
0 0.186849 0.055015 0.003906 0.013735
0 0.187500 0.055015 0.004167 0.013735
0 0.188194 0.055401 0.004167 0.013889
