0 0.155773 0.059105 0.004080 0.012654
0 0.155773 0.059105 0.004080 0.012654
0 0.155773 0.059336 0.004080 0.013117
0 0.155773 0.059568 0.004080 0.013580
0 0.155990 0.059722 0.004167 0.013889
0 0.155990 0.059954 0.004167 0.014352
0 0.155990 0.060185 0.004167 0.014815
0 0.156250 0.060417 0.004167 0.015278
0 0.156250 0.060648 0.004167 0.015741
0 0.156250 0.060802 0.004167 0.016049
0 0.156510 0.061265 0.004167 0.016049
0 0.156510 0.060802 0.004167 0.016049
0 0.156510 0.060802 0.004167 0.016049
0 0.156510 0.060802 0.004167 0.016049
0 0.156510 0.060802 0.004167 0.016049
0 0.156510 0.060802 0.004167 0.016049
0 0.156510 0.060802 0.004167 0.016049
0 0.156510 0.060802 0.004167 0.016049
0 0.156510 0.060802 0.004167 0.016049
0 0.156510 0.060802 0.004167 0.016049
0 0.156510 0.060802 0.004167 0.016049
0 0.156250 0.060802 0.004167 0.016049
0 0.156250 0.060802 0.004167 0.016049
0 0.156250 0.060802 0.004167 0.016049
0 0.155990 0.060802 0.004167 0.016049
0 0.155990 0.060802 0.004167 0.016049
0 0.155990 0.060802 0.004167 0.016049
0 0.155773 0.060802 0.004080 0.016049
0 0.155773 0.060802 0.004080 0.016049
0 0.155773 0.060802 0.004080 0.016049
0 0.155773 0.060802 0.004080 0.016049
0 0.155512 0.060494 0.004080 0.016049
0 0.155295 0.060494 0.004167 0.016049
0 0.155035 0.060494 0.004167 0.016049
0 0.154774 0.060494 0.004167 0.016049
0 0.154514 0.060494 0.004167 0.016049
0 0.154297 0.060494 0.004080 0.016049
0 0.154080 0.060494 0.004167 0.016049
0 0.153819 0.060494 0.004167 0.016049
0 0.153559 0.060494 0.004167 0.016049
0 0.153299 0.060494 0.004167 0.016049
0 0.153082 0.060031 0.004080 0.016049
0 0.152865 0.060031 0.004167 0.016049
0 0.152604 0.060031 0.004167 0.016049
0 0.152344 0.059568 0.004167 0.016049
0 0.152344 0.059568 0.004167 0.016049
0 0.152083 0.059568 0.004167 0.016049
0 0.151866 0.059105 0.004080 0.016049
0 0.151649 0.059105 0.004167 0.016049
0 0.151389 0.059105 0.004167 0.016049
0 0.151389 0.059105 0.004167 0.016049
0 0.151128 0.059105 0.004167 0.016049
0 0.150868 0.059105 0.004167 0.016049
0 0.150868 0.059105 0.004167 0.016049
0 0.150608 0.059105 0.004167 0.016049
0 0.150608 0.059105 0.004167 0.016049
0 0.150391 0.059105 0.004080 0.016049
0 0.150174 0.059105 0.004167 0.016049
0 0.150174 0.059105 0.004167 0.016049
0 0.149913 0.059105 0.004167 0.016049
0 0.149913 0.059568 0.004167 0.016049
0 0.149653 0.059568 0.004167 0.016049
0 0.149653 0.059568 0.004167 0.016049
0 0.149392 0.059568 0.004167 0.016049
0 0.149392 0.059568 0.004167 0.016049
0 0.149175 0.059568 0.004080 0.016049
0 0.149175 0.059568 0.004080 0.016049
0 0.148958 0.059568 0.004167 0.016049
0 0.148958 0.059568 0.004167 0.016049
0 0.148698 0.059568 0.004167 0.016049
0 0.148698 0.059568 0.004167 0.016049
0 0.148438 0.059568 0.004167 0.016049
0 0.148177 0.059568 0.004167 0.016049
0 0.147960 0.059568 0.004080 0.016049
0 0.147743 0.059568 0.004167 0.016049
0 0.147743 0.059568 0.004167 0.016049
0 0.147483 0.059568 0.004167 0.016049
0 0.147222 0.059568 0.004167 0.016049
0 0.146962 0.059568 0.004167 0.016049
0 0.146701 0.059568 0.004167 0.016049
0 0.146701 0.060031 0.004167 0.016049
0 0.146267 0.060031 0.004167 0.016049
0 0.146007 0.060031 0.004167 0.016049
0 0.145747 0.060031 0.004167 0.016049
0 0.145486 0.060494 0.004167 0.016049
0 0.145269 0.060494 0.004080 0.016049
0 0.145052 0.060494 0.004167 0.016049
0 0.144792 0.060802 0.004167 0.016049
0 0.144531 0.060802 0.004167 0.016049
0 0.144271 0.060802 0.004167 0.016049
0 0.144054 0.061265 0.004080 0.016049
0 0.143837 0.061265 0.004167 0.016049
0 0.143576 0.061265 0.004167 0.016049
0 0.143316 0.061265 0.004167 0.016049
0 0.143056 0.061265 0.004167 0.016049
0 0.142839 0.061265 0.004080 0.016049
0 0.142578 0.061265 0.004080 0.016049
0 0.142361 0.061265 0.004167 0.016049
0 0.142101 0.061265 0.004167 0.016049
0 0.141840 0.061265 0.004167 0.016049
0 0.141580 0.061265 0.004167 0.016049
0 0.141363 0.061265 0.004080 0.016049
0 0.141363 0.061265 0.004080 0.016049
0 0.141146 0.061265 0.004167 0.016049
0 0.141146 0.061265 0.004167 0.016049
0 0.140885 0.061265 0.004167 0.016049
0 0.140885 0.061265 0.004167 0.016049
0 0.140625 0.061265 0.004167 0.016049
0 0.140625 0.061265 0.004167 0.016049
0 0.140365 0.061265 0.004167 0.016049
0 0.140365 0.061265 0.004167 0.016049
0 0.140148 0.061265 0.004080 0.016049
0 0.139931 0.061265 0.004167 0.016049
0 0.139670 0.061265 0.004167 0.016049
0 0.139670 0.061265 0.004167 0.016049
0 0.139410 0.061265 0.004167 0.016049
0 0.139149 0.061265 0.004167 0.016049
0 0.139149 0.061265 0.004167 0.016049
0 0.138932 0.061265 0.004080 0.016049
0 0.138715 0.061265 0.004167 0.016049
0 0.138715 0.061728 0.004167 0.016049
0 0.138455 0.061265 0.004167 0.016049
0 0.138455 0.061265 0.004167 0.016049
0 0.138455 0.061265 0.004167 0.016049
0 0.138194 0.061265 0.004167 0.016049
0 0.138194 0.061265 0.004167 0.016049
0 0.138194 0.061265 0.004167 0.016049
0 0.137934 0.061265 0.004167 0.016049
0 0.137934 0.061265 0.004167 0.016049
0 0.137934 0.061265 0.004167 0.016049
0 0.137934 0.061265 0.004167 0.016049
0 0.137674 0.061265 0.004167 0.016049
0 0.137674 0.061265 0.004167 0.016049
0 0.137457 0.061265 0.004080 0.016049
0 0.137457 0.061265 0.004080 0.016049
0 0.137457 0.061265 0.004080 0.016049
0 0.137240 0.061265 0.004167 0.016049
0 0.137240 0.061265 0.004167 0.016049
0 0.136979 0.061265 0.004167 0.016049
0 0.136979 0.061265 0.004167 0.016049
0 0.136979 0.061265 0.004167 0.016049
0 0.136719 0.061265 0.004167 0.016049
0 0.136458 0.061265 0.004167 0.016049
0 0.136458 0.061265 0.004167 0.016049
0 0.136241 0.061265 0.004080 0.016049
0 0.136241 0.061728 0.004080 0.016049
0 0.136024 0.061728 0.004167 0.016049
0 0.135764 0.061728 0.004167 0.016049
0 0.135764 0.061728 0.004167 0.016049
0 0.135503 0.061728 0.004167 0.016049
0 0.135503 0.062191 0.004167 0.016049
0 0.135026 0.062191 0.004080 0.016049
0 0.134809 0.062191 0.004167 0.016049
0 0.134549 0.062191 0.004167 0.016049
0 0.134288 0.062191 0.004167 0.016049
0 0.134028 0.062191 0.004167 0.016049
0 0.133550 0.062191 0.004080 0.016049
0 0.133333 0.062191 0.004167 0.016049
0 0.133073 0.062191 0.004167 0.016049
0 0.132812 0.062191 0.004167 0.016049
0 0.132552 0.062191 0.004167 0.016049
0 0.132335 0.061728 0.004080 0.016049
0 0.132118 0.061728 0.004167 0.016049
0 0.131858 0.061728 0.004167 0.016049
0 0.131597 0.061265 0.004167 0.016049
0 0.131337 0.061265 0.004167 0.016049
0 0.131120 0.061265 0.004080 0.016049
0 0.130903 0.060802 0.004167 0.016049
0 0.130642 0.060802 0.004167 0.016049
0 0.130382 0.060802 0.004167 0.016049
0 0.130122 0.060802 0.004167 0.016049
0 0.129774 0.060648 0.004340 0.016358
0 0.129557 0.060648 0.004427 0.016358
0 0.129297 0.060648 0.004427 0.016358
0 0.129036 0.060648 0.004427 0.016358
0 0.128776 0.060648 0.004427 0.016358
0 0.128559 0.060648 0.004340 0.016358
0 0.128299 0.060648 0.004340 0.016358
0 0.128082 0.060648 0.004427 0.016358
0 0.127821 0.060648 0.004427 0.016358
0 0.127561 0.060648 0.004427 0.016358
