0 0.038759 0.214275 0.005295 0.016512
0 0.038542 0.214660 0.005382 0.016358
0 0.038281 0.215509 0.005382 0.016512
0 0.038021 0.216435 0.005382 0.016512
0 0.038021 0.217207 0.005382 0.016512
0 0.037760 0.218133 0.005382 0.016512
0 0.037500 0.218827 0.005382 0.016975
0 0.037500 0.219676 0.005382 0.016821
0 0.037326 0.220525 0.005382 0.016975
0 0.037066 0.221373 0.005382 0.016821
0 0.037066 0.222222 0.005382 0.016975
0 0.036675 0.222222 0.005642 0.016975
0 0.036415 0.222685 0.005642 0.016975
0 0.036198 0.222917 0.005556 0.016512
0 0.035807 0.223380 0.005816 0.016512
0 0.035590 0.223765 0.005903 0.016358
0 0.035330 0.223765 0.005903 0.016358
0 0.034983 0.224151 0.006076 0.016512
0 0.034722 0.224383 0.006076 0.016049
0 0.034462 0.224846 0.006076 0.016049
0 0.034332 0.225309 0.006337 0.016049
0 0.033898 0.225309 0.006337 0.016049
0 0.033637 0.225540 0.006337 0.016512
0 0.033247 0.225540 0.006076 0.016512
0 0.033030 0.226003 0.006163 0.016512
0 0.032639 0.226003 0.005903 0.016512
0 0.032422 0.226157 0.005816 0.016821
0 0.032031 0.226312 0.005556 0.016512
0 0.031814 0.226543 0.005642 0.016975
0 0.031424 0.226543 0.005382 0.016975
0 0.031163 0.227006 0.005382 0.016975
0 0.030729 0.227006 0.005382 0.016975
0 0.030469 0.227469 0.005382 0.016975
0 0.030208 0.227469 0.005382 0.016975
0 0.029948 0.227932 0.005382 0.016975
0 0.029731 0.228318 0.005295 0.016821
0 0.029253 0.228318 0.005382 0.016821
0 0.028993 0.228781 0.005382 0.016821
0 0.028733 0.228781 0.005382 0.016821
0 0.028472 0.229167 0.005382 0.016975
0 0.028299 0.229630 0.005382 0.016975
0 0.028038 0.229630 0.005382 0.016975
0 0.027778 0.229630 0.005382 0.016975
0 0.027517 0.229630 0.005382 0.016975
0 0.027257 0.229630 0.005382 0.016975
0 0.027040 0.230093 0.005295 0.016975
0 0.026823 0.230093 0.005382 0.016975
0 0.026562 0.230093 0.005382 0.016975
0 0.026302 0.230093 0.005382 0.016975
0 0.026042 0.230093 0.005382 0.016975
0 0.025825 0.230478 0.005295 0.016821
0 0.025608 0.230478 0.005382 0.016821
0 0.025477 0.230941 0.005122 0.016821
0 0.025347 0.231327 0.005382 0.016975
0 0.025217 0.231790 0.005122 0.016975
0 0.025087 0.232253 0.005382 0.016975
0 0.024957 0.232253 0.005122 0.016975
0 0.024696 0.232639 0.005122 0.016821
0 0.024696 0.233102 0.005122 0.016821
0 0.024523 0.233488 0.005122 0.016975
0 0.024523 0.233951 0.005122 0.016975
0 0.024262 0.233951 0.005122 0.016975
0 0.024262 0.233951 0.005122 0.016975
0 0.024002 0.233951 0.005122 0.016975
0 0.024002 0.234182 0.005122 0.016512
0 0.023872 0.234414 0.005382 0.016975
0 0.023741 0.234414 0.005122 0.016975
0 0.023611 0.234645 0.005382 0.016512
0 0.023481 0.234645 0.005122 0.016512
0 0.023351 0.234645 0.005382 0.016512
0 0.023351 0.235108 0.005382 0.016512
0 0.023351 0.235108 0.005382 0.016512
0 0.023351 0.235108 0.005382 0.016512
0 0.023351 0.235108 0.005382 0.016512
0 0.023351 0.235108 0.005382 0.016512
0 0.023611 0.235108 0.005382 0.016512
0 0.023611 0.235108 0.005382 0.016512
0 0.023611 0.235108 0.005382 0.016512
0 0.023611 0.235108 0.005382 0.016512
0 0.023611 0.235108 0.005382 0.016512
0 0.023872 0.235108 0.005382 0.016512
0 0.023872 0.234182 0.005382 0.016512
0 0.024132 0.233719 0.005382 0.016512
0 0.024132 0.233256 0.005382 0.016512
0 0.024392 0.232870 0.005382 0.016358
0 0.024523 0.232485 0.005122 0.016512
0 0.024609 0.232022 0.005295 0.016512
0 0.024696 0.231559 0.005122 0.016512
0 0.024826 0.231096 0.005382 0.016512
0 0.024957 0.230710 0.005122 0.016358
0 0.025217 0.230324 0.005122 0.016512
0 0.025217 0.229398 0.005122 0.016512
0 0.025477 0.228935 0.005122 0.016512
0 0.025608 0.228549 0.005382 0.016358
0 0.025738 0.228164 0.005122 0.016512
0 0.025911 0.227701 0.005122 0.016512
0 0.026042 0.226775 0.005382 0.016512
0 0.026172 0.226312 0.005122 0.016512
0 0.026302 0.226003 0.005382 0.016512
0 0.026562 0.225540 0.005382 0.016512
0 0.026823 0.225077 0.005382 0.016512
0 0.026823 0.224151 0.005382 0.016512
0 0.026953 0.223380 0.005122 0.016512
0 0.027040 0.222454 0.005295 0.016512
0 0.027127 0.221605 0.005122 0.016358
0 0.027257 0.221219 0.005382 0.016512
0 0.027387 0.220293 0.005122 0.016512
0 0.027387 0.219444 0.005122 0.016358
0 0.027648 0.218596 0.005122 0.016512
0 0.027648 0.217670 0.005122 0.016512
0 0.027908 0.217207 0.005122 0.016512
0 0.027648 0.216435 0.005122 0.016512
0 0.027387 0.215509 0.005122 0.016512
0 0.027387 0.214660 0.005122 0.016358
0 0.027127 0.213812 0.005122 0.016512
0 0.027127 0.212886 0.005122 0.016512
0 0.026953 0.212114 0.005122 0.016512
0 0.026693 0.211188 0.005122 0.016512
0 0.026693 0.210262 0.005122 0.016512
0 0.026432 0.209491 0.005122 0.016512
0 0.026432 0.209028 0.005122 0.016512
0 0.026172 0.208102 0.005122 0.016512
0 0.026172 0.207330 0.005122 0.016512
0 0.025911 0.206404 0.005122 0.016512
0 0.025911 0.205556 0.005122 0.016358
0 0.025911 0.205170 0.005122 0.016512
0 0.025738 0.204244 0.005122 0.016512
0 0.025738 0.203395 0.005122 0.016358
0 0.025477 0.202546 0.005122 0.016512
0 0.025477 0.201620 0.005122 0.016512
0 0.025477 0.201157 0.005122 0.016512
0 0.025217 0.200386 0.005122 0.016512
0 0.024957 0.199923 0.005122 0.016512
0 0.024696 0.199460 0.005122 0.016512
0 0.024609 0.198843 0.005295 0.016821
0 0.024523 0.198380 0.005122 0.016821
0 0.024262 0.197762 0.005122 0.016512
0 0.024132 0.197068 0.005382 0.016975
0 0.023872 0.196682 0.005382 0.016821
0 0.023611 0.196219 0.005382 0.016821
0 0.023611 0.195833 0.005382 0.016975
0 0.023351 0.195370 0.005382 0.016975
0 0.023220 0.194907 0.005122 0.016975
0 0.023134 0.194444 0.005295 0.016975
0 0.023047 0.194059 0.005122 0.016821
0 0.022917 0.193596 0.005382 0.016821
0 0.022786 0.193210 0.005122 0.016975
0 0.022526 0.192747 0.005122 0.016975
0 0.022526 0.192284 0.005122 0.016975
0 0.022266 0.191898 0.005122 0.016821
0 0.022266 0.191898 0.005122 0.016821
0 0.022135 0.191435 0.005382 0.016821
0 0.022135 0.191435 0.005382 0.016821
0 0.022135 0.191435 0.005382 0.016821
0 0.022135 0.191435 0.005382 0.016821
0 0.022135 0.191435 0.005382 0.016821
0 0.022135 0.191049 0.005382 0.016975
0 0.022135 0.191049 0.005382 0.016975
0 0.022135 0.191049 0.005382 0.016975
0 0.022135 0.191049 0.005382 0.016975
0 0.022135 0.191049 0.005382 0.016975
0 0.021918 0.190586 0.005295 0.016975
0 0.021918 0.190586 0.005295 0.016975
0 0.021918 0.190586 0.005295 0.016975
0 0.021918 0.190586 0.005295 0.016975
0 0.021918 0.190586 0.005295 0.016975
0 0.021918 0.190586 0.005295 0.016975
0 0.021918 0.190586 0.005295 0.016975
0 0.021918 0.190586 0.005295 0.016975
0 0.021918 0.190586 0.005295 0.016975
0 0.021918 0.190586 0.005295 0.016975
0 0.021918 0.190586 0.005295 0.016975
