0 0.080122 0.069830 0.010069 0.020833
0 0.079861 0.069599 0.009549 0.020370
0 0.079731 0.069599 0.009288 0.020370
0 0.079601 0.069599 0.009028 0.020370
0 0.079514 0.069599 0.008854 0.020370
0 0.079384 0.069599 0.008594 0.020370
0 0.079123 0.069599 0.008073 0.020370
0 0.078993 0.069599 0.007812 0.020370
0 0.078863 0.069599 0.007552 0.020370
0 0.078776 0.069599 0.007378 0.020370
0 0.078776 0.069599 0.006858 0.020370
0 0.078559 0.069136 0.007292 0.020370
0 0.078429 0.068673 0.007552 0.020370
0 0.078299 0.068210 0.007812 0.020370
0 0.078168 0.067824 0.008073 0.020525
0 0.078038 0.067670 0.008333 0.020833
0 0.077821 0.067207 0.008767 0.020833
0 0.077691 0.066744 0.009028 0.020833
0 0.077561 0.066281 0.009288 0.020833
0 0.077431 0.065818 0.009549 0.020833
0 0.077431 0.065818 0.010069 0.020833
0 0.077908 0.065046 0.009983 0.020833
0 0.078429 0.064583 0.009983 0.020833
0 0.078906 0.063657 0.010069 0.020833
0 0.079644 0.063194 0.009983 0.020833
0 0.080122 0.062423 0.010069 0.020833
0 0.080599 0.061960 0.009983 0.020833
0 0.081337 0.061034 0.010069 0.020833
0 0.081814 0.060725 0.009983 0.020833
0 0.082335 0.059799 0.009983 0.020833
0 0.083030 0.059336 0.009983 0.020833
0 0.083290 0.058488 0.009983 0.020679
0 0.083550 0.057639 0.009983 0.020833
0 0.084028 0.056713 0.010069 0.020833
0 0.084245 0.055941 0.009983 0.020833
0 0.084766 0.055015 0.009983 0.020833
0 0.085026 0.054090 0.009983 0.020833
0 0.085243 0.053318 0.010069 0.020833
0 0.085720 0.052392 0.009983 0.020833
0 0.085981 0.051543 0.009983 0.020679
0 0.086458 0.051157 0.010069 0.020833
0 0.086241 0.050694 0.009983 0.020833
0 0.086241 0.050694 0.009983 0.020833
0 0.086241 0.050463 0.009983 0.020370
0 0.086241 0.050231 0.009983 0.020833
0 0.086241 0.050231 0.009983 0.020833
0 0.086241 0.050000 0.009983 0.020370
0 0.086241 0.049769 0.009983 0.020833
0 0.086241 0.049537 0.009983 0.020370
0 0.086241 0.049537 0.009983 0.020370
0 0.086241 0.049537 0.009983 0.020370
0 0.085720 0.049228 0.009983 0.020370
0 0.085243 0.049228 0.010069 0.020370
0 0.085026 0.048765 0.009983 0.020370
0 0.084505 0.048765 0.009983 0.020370
0 0.084245 0.048765 0.009983 0.020370
0 0.083767 0.048302 0.010069 0.020370
0 0.083290 0.048302 0.009983 0.020370
0 0.083030 0.047840 0.009983 0.020370
0 0.082552 0.047840 0.010069 0.020370
0 0.082335 0.047840 0.009983 0.020370
0 0.082335 0.047840 0.009983 0.020370
0 0.082335 0.047840 0.009983 0.020370
0 0.082335 0.047840 0.009983 0.020370
0 0.082335 0.047840 0.009983 0.020370
0 0.082335 0.047840 0.009983 0.020370
0 0.082335 0.047840 0.009983 0.020370
0 0.082335 0.047840 0.009983 0.020370
0 0.082335 0.047840 0.009983 0.020370
0 0.082335 0.047840 0.009983 0.020370
0 0.082335 0.047840 0.009983 0.020370
0 0.082075 0.047377 0.009983 0.020370
0 0.082075 0.046991 0.009983 0.020525
0 0.081814 0.046836 0.009983 0.020833
0 0.081814 0.046605 0.009983 0.020370
0 0.081554 0.046373 0.009983 0.020833
0 0.081554 0.045910 0.009983 0.020833
0 0.081337 0.045679 0.010069 0.020370
0 0.081337 0.045448 0.010069 0.020833
0 0.081120 0.044985 0.009983 0.020833
0 0.081120 0.044985 0.009983 0.020833
0 0.081554 0.043750 0.009983 0.020833
0 0.082075 0.042824 0.009983 0.020833
0 0.082552 0.042052 0.010069 0.020833
0 0.083290 0.040895 0.009983 0.020370
0 0.083767 0.040046 0.010069 0.020525
0 0.084245 0.038966 0.009983 0.020833
0 0.085026 0.037886 0.009983 0.020525
0 0.085460 0.037037 0.009983 0.020370
0 0.085981 0.036111 0.009983 0.020370
0 0.086675 0.035340 0.009983 0.020370
0 0.087934 0.033951 0.010069 0.020370
0 0.089149 0.032716 0.010069 0.020370
0 0.090582 0.031559 0.009983 0.020833
0 0.091840 0.030556 0.010069 0.020370
0 0.093273 0.029398 0.009983 0.020833
0 0.094488 0.028164 0.009983 0.020833
0 0.095703 0.027006 0.009983 0.020370
0 0.097179 0.026003 0.009983 0.020833
0 0.098394 0.024614 0.009983 0.020833
0 0.099870 0.023843 0.009983 0.020833
0 0.100477 0.023148 0.009809 0.021296
0 0.101345 0.022917 0.009462 0.021759
0 0.102083 0.022685 0.009028 0.022222
0 0.102778 0.022299 0.009028 0.022994
0 0.103689 0.022068 0.008767 0.023457
0 0.104384 0.021605 0.008247 0.023457
0 0.105122 0.021219 0.008333 0.024228
0 0.105903 0.020988 0.007812 0.024691
0 0.106727 0.020756 0.007552 0.025154
0 0.107552 0.020525 0.007292 0.025617
0 0.107552 0.019830 0.007292 0.025154
0 0.107552 0.019213 0.007292 0.024846
0 0.107552 0.018596 0.007292 0.024228
0 0.107552 0.017901 0.007292 0.023765
0 0.107812 0.017515 0.007292 0.022994
0 0.107812 0.016821 0.007292 0.022531
0 0.107812 0.016204 0.007292 0.022222
0 0.107812 0.015509 0.007292 0.021759
0 0.107812 0.014892 0.007292 0.021142
0 0.108073 0.014506 0.007292 0.020370
0 0.107682 0.014043 0.007031 0.020370
0 0.107465 0.013580 0.007118 0.020370
0 0.107075 0.013117 0.006858 0.020370
0 0.106814 0.013117 0.006858 0.020370
0 0.106510 0.012654 0.006597 0.020370
0 0.106250 0.012346 0.006597 0.020370
0 0.105859 0.012346 0.006337 0.020370
0 0.105599 0.011883 0.006337 0.020370
0 0.105252 0.011420 0.006163 0.020370
0 0.105122 0.011420 0.005903 0.020370
0 0.104905 0.010957 0.005816 0.020370
0 0.104774 0.010725 0.005556 0.019907
0 0.104644 0.010571 0.005816 0.019599
0 0.104514 0.010108 0.005556 0.019599
0 0.104514 0.009877 0.005556 0.019136
0 0.104297 0.009645 0.005642 0.018673
0 0.104167 0.009259 0.005382 0.018519
0 0.104036 0.009105 0.005642 0.018210
0 0.103906 0.008873 0.005382 0.017747
0 0.103906 0.008642 0.005382 0.017284
0 0.103646 0.008410 0.005382 0.016821
0 0.103516 0.008179 0.005122 0.016358
0 0.103429 0.008025 0.004948 0.016049
0 0.103429 0.008025 0.004948 0.016049
0 0.103299 0.007793 0.004687 0.015586
0 0.103168 0.007562 0.004427 0.015123
0 0.103168 0.007562 0.004427 0.015123
0 0.103038 0.007330 0.004167 0.014660
0 0.102908 0.007099 0.003906 0.014198
0 0.102908 0.007099 0.003906 0.014198
0 0.102908 0.007099 0.003906 0.014198
0 0.102908 0.007099 0.003906 0.014198
0 0.102908 0.007099 0.003906 0.014198
0 0.102908 0.007099 0.003906 0.014198
0 0.102908 0.007099 0.003906 0.014198
0 0.102908 0.007099 0.003906 0.014198
0 0.102908 0.007099 0.003906 0.014198
0 0.102908 0.007099 0.003906 0.014198
0 0.102908 0.007099 0.003906 0.014198
0 0.102908 0.007099 0.003906 0.014198
0 0.102908 0.007099 0.003906 0.014198
0 0.102908 0.007099 0.003906 0.014198
0 0.102908 0.007099 0.003906 0.014198
0 0.102908 0.007099 0.003906 0.014198
0 0.102908 0.007099 0.003906 0.014198
0 0.102908 0.007099 0.003906 0.014198
0 0.102908 0.007099 0.003906 0.014198
0 0.102908 0.007099 0.003906 0.014198
0 0.102908 0.007099 0.003906 0.014198
0 0.102908 0.007099 0.003906 0.014198
0 0.102908 0.007099 0.003906 0.014198
0 0.102908 0.007099 0.003906 0.014198
0 0.102908 0.007099 0.003906 0.014198
0 0.102908 0.007099 0.003906 0.014198
0 0.102908 0.007099 0.003906 0.014198
0 0.102908 0.007099 0.003906 0.014198
0 0.102908 0.007099 0.003906 0.014198
0 0.102908 0.007099 0.003906 0.014198
0 0.102908 0.007099 0.003906 0.014198
0 0.102908 0.007099 0.003906 0.014198
