0 0.208203 0.275849 0.012934 0.024228
0 0.208594 0.275386 0.013194 0.024228
0 0.208984 0.275386 0.013455 0.024228
0 0.209332 0.274923 0.013628 0.024228
0 0.209852 0.274923 0.014149 0.024228
0 0.210286 0.274923 0.014149 0.024228
0 0.210677 0.274537 0.014410 0.024383
0 0.211155 0.274537 0.014844 0.024383
0 0.211545 0.274074 0.015104 0.024383
0 0.211892 0.274074 0.015451 0.024383
0 0.212500 0.274074 0.015625 0.024383
0 0.213021 0.272994 0.015625 0.024691
0 0.213585 0.271991 0.015885 0.025154
0 0.214106 0.270833 0.015885 0.025617
0 0.214714 0.269753 0.016059 0.025926
0 0.215321 0.268904 0.015885 0.027006
0 0.215929 0.267824 0.016059 0.027315
0 0.216406 0.266667 0.016146 0.027778
0 0.217014 0.265664 0.016319 0.028241
0 0.217491 0.264583 0.016406 0.028549
0 0.218229 0.263657 0.016319 0.029475
0 0.218490 0.263272 0.015799 0.028704
0 0.218707 0.262809 0.015365 0.027778
0 0.219097 0.262346 0.015104 0.026852
0 0.219314 0.261960 0.014670 0.026080
0 0.219705 0.261728 0.014410 0.025617
0 0.219965 0.261265 0.013889 0.024691
0 0.220182 0.260880 0.013455 0.023920
0 0.220573 0.260417 0.013194 0.022994
0 0.220790 0.259954 0.012760 0.022068
0 0.221267 0.259799 0.012153 0.021759
0 0.221398 0.259105 0.012413 0.022222
0 0.221658 0.258488 0.012413 0.022531
0 0.221918 0.257793 0.012413 0.022994
0 0.222135 0.257330 0.012500 0.022994
0 0.222483 0.256790 0.012674 0.023457
0 0.222613 0.256096 0.012934 0.023920
0 0.222873 0.255633 0.012934 0.023920
0 0.223134 0.255015 0.012934 0.024228
0 0.223394 0.254321 0.012934 0.024691
0 0.223698 0.253935 0.013194 0.024846
0 0.223958 0.253086 0.013194 0.024691
0 0.224219 0.252392 0.013194 0.024228
0 0.224479 0.251775 0.013194 0.023920
0 0.224696 0.250849 0.013108 0.023920
0 0.225043 0.250231 0.012934 0.023302
0 0.225304 0.249614 0.012934 0.022994
0 0.225564 0.248688 0.012934 0.022994
0 0.225825 0.248071 0.012934 0.022685
0 0.226085 0.247454 0.012934 0.022068
0 0.226519 0.246991 0.012934 0.022068
0 0.226649 0.245833 0.013194 0.022531
0 0.227040 0.244830 0.013455 0.022994
0 0.227257 0.243673 0.013368 0.023457
0 0.227648 0.242824 0.013628 0.024228
0 0.227865 0.241821 0.013715 0.024691
0 0.228212 0.240664 0.013889 0.025154
0 0.228472 0.239815 0.013889 0.025926
0 0.228863 0.238735 0.014149 0.026543
0 0.229123 0.237654 0.014149 0.026852
0 0.229427 0.236960 0.014410 0.027315
0 0.229297 0.236188 0.014149 0.027315
0 0.229427 0.235494 0.013889 0.026852
0 0.229427 0.234799 0.013889 0.026389
0 0.229557 0.234182 0.013628 0.026080
0 0.229687 0.233488 0.013368 0.025617
0 0.229601 0.232948 0.013194 0.025154
0 0.229731 0.232253 0.012934 0.024691
0 0.229731 0.231559 0.012934 0.024228
0 0.229818 0.230941 0.012760 0.023920
0 0.229948 0.230247 0.012500 0.023457
0 0.229948 0.229398 0.012500 0.023302
0 0.230035 0.228781 0.012674 0.022994
0 0.230165 0.227855 0.012934 0.022994
0 0.230295 0.227238 0.013194 0.022685
0 0.230425 0.226852 0.013455 0.022531
0 0.230425 0.225926 0.013455 0.022531
0 0.230556 0.225309 0.013715 0.022222
0 0.230686 0.224460 0.013976 0.022068
0 0.230773 0.223765 0.014149 0.021605
0 0.231033 0.223380 0.014149 0.021759
0 0.231163 0.222454 0.014410 0.021759
0 0.231293 0.221836 0.014670 0.021142
0 0.231424 0.221219 0.014931 0.020833
0 0.231510 0.220756 0.015104 0.020833
0 0.231641 0.220062 0.015365 0.020370
0 0.231771 0.219444 0.015625 0.020062
0 0.231901 0.218981 0.015885 0.020062
0 0.232031 0.218364 0.016146 0.019444
0 0.232118 0.217747 0.016319 0.019136
0 0.232378 0.217284 0.016840 0.019136
0 0.232639 0.216204 0.016840 0.019444
0 0.233030 0.215278 0.016580 0.020370
0 0.233377 0.214429 0.016406 0.021142
0 0.233854 0.213580 0.016319 0.022222
0 0.234201 0.212731 0.016146 0.022994
0 0.234592 0.211574 0.015885 0.023457
0 0.235069 0.210725 0.015799 0.024228
0 0.235417 0.209954 0.015625 0.025154
0 0.235807 0.209028 0.015365 0.026080
0 0.236328 0.208179 0.015365 0.026852
0 0.236502 0.207716 0.015365 0.025926
0 0.236762 0.207330 0.015365 0.025154
0 0.237153 0.206867 0.015625 0.024228
0 0.237543 0.206404 0.015365 0.023302
0 0.237847 0.206250 0.015625 0.022994
0 0.238108 0.205787 0.015625 0.022068
0 0.238498 0.205324 0.015365 0.021142
0 0.238889 0.204938 0.015625 0.020370
0 0.239062 0.204475 0.015625 0.019444
0 0.239583 0.204244 0.015625 0.018981
0 0.239714 0.203627 0.015885 0.019599
0 0.240061 0.202932 0.016059 0.020062
0 0.240451 0.202315 0.016319 0.020370
0 0.240842 0.201620 0.016580 0.020833
0 0.241146 0.201003 0.016840 0.021142
0 0.241276 0.200386 0.017101 0.021759
0 0.241667 0.199691 0.017361 0.022222
0 0.242014 0.199074 0.017535 0.022531
0 0.242405 0.198380 0.017795 0.022994
0 0.242795 0.198148 0.018056 0.023457
0 0.243229 0.197917 0.018056 0.022994
0 0.243880 0.197917 0.018316 0.022994
0 0.244314 0.197917 0.018316 0.022994
0 0.244965 0.197917 0.018576 0.022994
0 0.245573 0.197917 0.018750 0.022994
0 0.246050 0.197685 0.018837 0.022531
0 0.246658 0.197685 0.019010 0.022531
0 0.247179 0.197685 0.019010 0.022531
0 0.247743 0.197685 0.019271 0.022531
0 0.248524 0.197917 0.019271 0.022068
0 0.248698 0.197068 0.019271 0.022222
0 0.249219 0.196682 0.019271 0.022068
0 0.249740 0.196219 0.019271 0.022068
0 0.250174 0.195756 0.019271 0.022068
0 0.250694 0.195370 0.019271 0.022222
0 0.251215 0.194907 0.019271 0.022222
0 0.251649 0.194522 0.019271 0.022068
0 0.252170 0.194059 0.019271 0.022068
0 0.252604 0.193596 0.019271 0.022068
0 0.253125 0.193210 0.019271 0.022222
0 0.253646 0.192747 0.019271 0.022222
0 0.254340 0.192361 0.019271 0.022068
0 0.254861 0.191898 0.019271 0.022068
0 0.255556 0.191435 0.019271 0.022068
0 0.256076 0.190972 0.019271 0.022068
0 0.256771 0.190586 0.019271 0.022222
0 0.257292 0.190123 0.019271 0.022222
0 0.257986 0.189738 0.019271 0.022068
0 0.258507 0.189275 0.019271 0.022068
0 0.259201 0.189275 0.019271 0.022068
0 0.259462 0.189043 0.019792 0.022531
0 0.259722 0.188812 0.020312 0.022994
0 0.260069 0.188580 0.020486 0.023457
0 0.260330 0.188580 0.021007 0.023457
0 0.260677 0.188426 0.021181 0.023765
0 0.260937 0.188194 0.021701 0.024228
0 0.261198 0.188194 0.022222 0.024228
0 0.261545 0.187963 0.022396 0.024691
0 0.261806 0.187731 0.022917 0.025154
0 0.262283 0.187731 0.023351 0.025154
0 0.262891 0.187500 0.023177 0.024691
0 0.263628 0.187731 0.022743 0.024228
0 0.264236 0.187577 0.022396 0.023920
0 0.264974 0.187809 0.021962 0.023457
0 0.265582 0.187809 0.021788 0.023457
0 0.266319 0.187809 0.021181 0.022531
0 0.266927 0.187809 0.021007 0.022531
0 0.267622 0.187731 0.020486 0.021759
0 0.268273 0.187731 0.020226 0.021759
0 0.269010 0.187963 0.019792 0.021296
0 0.269097 0.187500 0.019965 0.021296
0 0.269488 0.187500 0.020226 0.021296
0 0.269748 0.187269 0.020747 0.020833
0 0.270095 0.187114 0.020920 0.021142
0 0.270356 0.187114 0.021441 0.021142
0 0.270573 0.186960 0.021528 0.020833
0 0.270790 0.186728 0.021962 0.021296
0 0.271181 0.186497 0.022222 0.020833
0 0.271441 0.186497 0.022743 0.020833
0 0.271788 0.186497 0.022917 0.020833
