0 0.164800 0.208796 0.007031 0.014198
0 0.164800 0.208796 0.007031 0.014198
0 0.164800 0.209028 0.007031 0.014660
0 0.164800 0.209259 0.007031 0.015123
0 0.164800 0.209259 0.007031 0.015123
0 0.165017 0.209645 0.007118 0.015278
0 0.165017 0.209877 0.007118 0.015741
0 0.165017 0.209877 0.007118 0.015741
0 0.165017 0.210031 0.007118 0.016049
0 0.165017 0.210262 0.007118 0.016512
0 0.165278 0.210725 0.007118 0.016512
0 0.165148 0.210725 0.007378 0.016512
0 0.165148 0.211188 0.007378 0.016512
0 0.165148 0.211188 0.007378 0.016512
0 0.165148 0.211651 0.007378 0.016512
0 0.165148 0.211883 0.007378 0.016049
0 0.165148 0.212114 0.007378 0.016512
0 0.165148 0.212346 0.007378 0.016049
0 0.165148 0.212500 0.007378 0.016358
0 0.165148 0.212654 0.007378 0.016049
0 0.165148 0.213117 0.007378 0.016049
0 0.164931 0.213117 0.007292 0.016049
0 0.164931 0.213580 0.007292 0.016049
0 0.164931 0.213580 0.007292 0.016049
0 0.164931 0.214043 0.007292 0.016049
0 0.164931 0.214043 0.007292 0.016049
0 0.164931 0.214506 0.007292 0.016049
0 0.164931 0.214506 0.007292 0.016049
0 0.164931 0.214815 0.007292 0.016049
0 0.164931 0.214815 0.007292 0.016049
0 0.164931 0.215278 0.007292 0.016049
0 0.164931 0.215278 0.007292 0.016049
0 0.164931 0.215741 0.007292 0.016049
0 0.164931 0.215741 0.007292 0.016049
0 0.164931 0.216204 0.007292 0.016049
0 0.165148 0.216667 0.007378 0.016049
0 0.165148 0.216667 0.007378 0.016049
0 0.165148 0.216975 0.007378 0.016049
0 0.165148 0.216975 0.007378 0.016049
0 0.165148 0.217438 0.007378 0.016049
0 0.165408 0.217901 0.007378 0.016049
0 0.165148 0.216975 0.007378 0.016049
0 0.165148 0.216667 0.007378 0.016049
0 0.165148 0.215741 0.007378 0.016049
0 0.165148 0.215278 0.007378 0.016049
0 0.165148 0.214506 0.007378 0.016049
0 0.165148 0.214043 0.007378 0.016049
0 0.165148 0.213117 0.007378 0.016049
0 0.165148 0.212654 0.007378 0.016049
0 0.165148 0.211883 0.007378 0.016049
0 0.165148 0.211420 0.007378 0.016049
0 0.165148 0.210957 0.007378 0.016049
0 0.165148 0.210725 0.007378 0.015586
0 0.165148 0.210494 0.007378 0.015123
0 0.165148 0.210340 0.007378 0.014815
0 0.165148 0.210340 0.007378 0.014815
0 0.165148 0.209877 0.007378 0.014815
0 0.165148 0.209645 0.007378 0.014352
0 0.165148 0.209414 0.007378 0.013889
0 0.165148 0.209182 0.007378 0.013426
0 0.165278 0.209182 0.007118 0.013426
0 0.165278 0.209182 0.007118 0.013426
0 0.165278 0.209645 0.007118 0.013426
0 0.165278 0.210108 0.007118 0.013426
0 0.165538 0.210571 0.007118 0.013426
0 0.165538 0.211034 0.007118 0.013426
0 0.165538 0.211188 0.007118 0.013735
0 0.165755 0.211574 0.007031 0.013889
0 0.165755 0.212037 0.007031 0.013889
0 0.165755 0.212500 0.007031 0.013889
0 0.166016 0.212963 0.007031 0.013889
0 0.165755 0.213735 0.007031 0.013889
0 0.165755 0.214660 0.007031 0.013889
0 0.165625 0.215586 0.007292 0.013889
0 0.165538 0.216358 0.007118 0.013889
0 0.165538 0.217284 0.007118 0.013889
0 0.165408 0.218133 0.007378 0.013735
0 0.165278 0.218981 0.007118 0.013889
0 0.165148 0.219907 0.007378 0.013889
0 0.165148 0.220679 0.007378 0.013889
0 0.165148 0.221836 0.007378 0.013426
0 0.165148 0.222299 0.007378 0.013426
0 0.165408 0.223071 0.007378 0.013426
0 0.165408 0.223534 0.007378 0.013426
0 0.165625 0.224460 0.007292 0.013426
0 0.165625 0.225231 0.007292 0.013426
0 0.165885 0.225694 0.007292 0.013426
0 0.165885 0.226620 0.007292 0.013426
0 0.166146 0.227083 0.007292 0.013426
0 0.166146 0.227855 0.007292 0.013426
0 0.166406 0.228781 0.007292 0.013426
0 0.166406 0.228781 0.007292 0.013426
0 0.166406 0.228781 0.007292 0.013426
0 0.166406 0.229244 0.007292 0.013426
0 0.166623 0.229244 0.007378 0.013426
0 0.166623 0.229630 0.007378 0.013580
0 0.166623 0.229630 0.007378 0.013580
0 0.166840 0.229630 0.007292 0.013580
0 0.166840 0.230015 0.007292 0.013426
0 0.166840 0.230015 0.007292 0.013426
0 0.167101 0.230478 0.007292 0.013426
0 0.166840 0.230015 0.007292 0.013426
0 0.166840 0.229630 0.007292 0.013580
0 0.166840 0.229244 0.007292 0.013426
0 0.166840 0.229012 0.007292 0.013889
0 0.166840 0.228781 0.007292 0.013426
0 0.166623 0.228318 0.007378 0.013426
0 0.166623 0.228086 0.007378 0.013889
0 0.166623 0.227623 0.007378 0.013889
0 0.166623 0.227315 0.007378 0.013889
0 0.166623 0.227315 0.007378 0.013889
0 0.166623 0.226852 0.007378 0.013889
0 0.166840 0.226620 0.007292 0.014352
0 0.167101 0.226389 0.007292 0.014815
0 0.167231 0.225926 0.007031 0.014815
0 0.167491 0.225694 0.007031 0.015278
0 0.167622 0.225540 0.007292 0.015586
0 0.167708 0.225077 0.007118 0.015586
0 0.167969 0.224846 0.007118 0.016049
0 0.168229 0.224614 0.007118 0.016512
0 0.168446 0.224614 0.007031 0.016512
0 0.168446 0.224614 0.007031 0.016512
0 0.168446 0.224614 0.007031 0.016512
0 0.168446 0.224614 0.007031 0.016512
0 0.168446 0.224846 0.007031 0.016975
0 0.168707 0.224846 0.007031 0.016975
0 0.168707 0.224846 0.007031 0.016975
0 0.168707 0.225077 0.007031 0.017438
0 0.168707 0.225077 0.007031 0.017438
0 0.168707 0.225077 0.007031 0.017438
0 0.168924 0.225309 0.007118 0.017901
0 0.168924 0.224846 0.007118 0.017901
0 0.168924 0.224460 0.007118 0.017747
0 0.168924 0.224228 0.007118 0.017284
0 0.169054 0.223765 0.006858 0.017284
0 0.169054 0.223765 0.006858 0.017284
0 0.169054 0.223302 0.006858 0.017284
0 0.169184 0.222917 0.006597 0.017438
0 0.169184 0.222685 0.006597 0.016975
0 0.169184 0.222222 0.006597 0.016975
0 0.169444 0.222222 0.006597 0.016975
0 0.169444 0.222068 0.006597 0.017284
0 0.169705 0.222068 0.006597 0.017284
0 0.169705 0.222068 0.006597 0.018210
0 0.169922 0.222068 0.006510 0.018210
0 0.170009 0.222068 0.006337 0.019136
0 0.170139 0.222068 0.006597 0.019136
0 0.170269 0.221836 0.006337 0.019599
0 0.170399 0.221991 0.006597 0.019907
0 0.170530 0.221759 0.006337 0.020370
0 0.170790 0.221991 0.006337 0.020833
0 0.170660 0.221605 0.006597 0.020679
0 0.170660 0.221605 0.006597 0.020679
0 0.170660 0.221605 0.006597 0.020679
0 0.170660 0.221605 0.006597 0.020679
0 0.170660 0.221605 0.006597 0.020679
0 0.170660 0.221219 0.006597 0.020833
0 0.170660 0.221219 0.006597 0.020833
0 0.170660 0.221219 0.006597 0.020833
0 0.170660 0.221219 0.006597 0.020833
0 0.170660 0.221219 0.006597 0.020833
0 0.170399 0.221219 0.006597 0.020833
0 0.170269 0.221219 0.006858 0.020833
0 0.170052 0.221219 0.006771 0.020833
0 0.169922 0.221219 0.007031 0.020833
0 0.169792 0.221219 0.006771 0.020833
0 0.169661 0.221219 0.007031 0.020833
0 0.169444 0.221219 0.007118 0.020833
0 0.169314 0.221219 0.007378 0.020833
0 0.169054 0.221219 0.007378 0.020833
0 0.169054 0.221219 0.007378 0.020833
0 0.169054 0.220988 0.007378 0.021296
0 0.169054 0.220988 0.007378 0.021296
0 0.169054 0.220988 0.007378 0.021296
0 0.169054 0.220988 0.007378 0.021296
0 0.169054 0.220988 0.007378 0.021296
0 0.169054 0.220988 0.007378 0.021296
0 0.169054 0.220988 0.007378 0.021296
0 0.169054 0.220988 0.007378 0.021296
0 0.169054 0.220988 0.007378 0.021296
0 0.169054 0.220988 0.007378 0.021296
