0 0.080208 0.002160 0.002951 0.004321
0 0.079991 0.001929 0.002865 0.003858
0 0.079991 0.001929 0.002865 0.003858
0 0.079991 0.001929 0.002865 0.003858
0 0.079991 0.001929 0.002865 0.003858
0 0.079991 0.001929 0.002865 0.003858
0 0.079991 0.001929 0.002865 0.003858
0 0.079991 0.001929 0.002865 0.003858
0 0.079991 0.001929 0.002865 0.003858
0 0.079991 0.001929 0.002865 0.003858
0 0.079991 0.001929 0.002865 0.003858
0 0.079991 0.002160 0.002865 0.004321
0 0.079991 0.002315 0.002865 0.004630
0 0.079991 0.002546 0.002865 0.005093
0 0.079991 0.002778 0.002865 0.005556
0 0.079991 0.003009 0.002865 0.006019
0 0.079991 0.003241 0.002865 0.006481
0 0.079991 0.003395 0.002865 0.006790
0 0.079991 0.003627 0.002865 0.007253
0 0.079991 0.003858 0.002865 0.007716
0 0.079991 0.004321 0.002865 0.008642
0 0.079991 0.004321 0.002865 0.008642
0 0.079991 0.004321 0.002865 0.008642
0 0.079991 0.004321 0.002865 0.008642
0 0.079991 0.004321 0.002865 0.008642
0 0.079991 0.004321 0.002865 0.008642
0 0.079991 0.004321 0.002865 0.008642
0 0.079991 0.004321 0.002865 0.008642
0 0.079991 0.004321 0.002865 0.008642
0 0.079991 0.004321 0.002865 0.008642
0 0.080208 0.004552 0.002951 0.009105
0 0.079991 0.004552 0.002865 0.009105
0 0.079991 0.004552 0.002865 0.009105
0 0.079991 0.004552 0.002865 0.009105
0 0.079991 0.004552 0.002865 0.009105
0 0.079991 0.004552 0.002865 0.009105
0 0.079991 0.004552 0.002865 0.009105
0 0.079991 0.004552 0.002865 0.009105
0 0.079991 0.004552 0.002865 0.009105
0 0.079991 0.004552 0.002865 0.009105
0 0.079991 0.004552 0.002865 0.009105
0 0.079905 0.004552 0.002691 0.009105
0 0.079905 0.004552 0.002691 0.009105
0 0.079905 0.004552 0.002691 0.009105
0 0.079905 0.004552 0.002691 0.009105
0 0.079905 0.004552 0.002691 0.009105
0 0.079905 0.004552 0.002691 0.009105
0 0.079905 0.004552 0.002691 0.009105
0 0.079905 0.004552 0.002691 0.009105
0 0.079905 0.004552 0.002691 0.009105
0 0.079905 0.004552 0.002691 0.009105
0 0.079905 0.004552 0.002691 0.009105
0 0.079991 0.004552 0.002865 0.009105
0 0.079991 0.004552 0.002865 0.009105
0 0.080122 0.004552 0.003125 0.009105
0 0.080208 0.004707 0.002951 0.009414
0 0.080339 0.004707 0.003212 0.009414
0 0.080339 0.004707 0.003212 0.009414
0 0.080469 0.004707 0.003472 0.009414
0 0.080469 0.004707 0.003472 0.009414
0 0.080729 0.005093 0.003472 0.009568
0 0.080729 0.004861 0.003472 0.009105
0 0.080729 0.004861 0.003472 0.009105
0 0.080729 0.004861 0.003472 0.009105
0 0.080729 0.004861 0.003472 0.009105
0 0.080729 0.004861 0.003472 0.009105
0 0.080729 0.004861 0.003472 0.009105
0 0.080729 0.004861 0.003472 0.009105
0 0.080729 0.004861 0.003472 0.009105
0 0.080729 0.004861 0.003472 0.009105
0 0.080946 0.004861 0.003385 0.009105
0 0.080816 0.004707 0.003646 0.008796
0 0.080816 0.004707 0.003646 0.008796
0 0.080816 0.004707 0.003646 0.008796
0 0.080816 0.004707 0.003646 0.008796
0 0.080816 0.004938 0.003646 0.008333
0 0.080686 0.004938 0.003906 0.008333
0 0.080686 0.004938 0.003906 0.008333
0 0.080686 0.004938 0.003906 0.008333
0 0.080686 0.004938 0.003906 0.008333
0 0.080686 0.005170 0.003906 0.007870
0 0.080512 0.005170 0.003906 0.007870
0 0.080512 0.005170 0.003906 0.007870
0 0.080512 0.005170 0.003906 0.007870
0 0.080382 0.005170 0.003646 0.007870
0 0.080382 0.005170 0.003646 0.007870
0 0.080252 0.005170 0.003906 0.007870
0 0.080122 0.005170 0.003646 0.007870
0 0.080122 0.005170 0.003646 0.007870
0 0.080122 0.005170 0.003646 0.007870
0 0.080122 0.005170 0.003646 0.007870
0 0.080122 0.004938 0.003646 0.008333
0 0.080122 0.004938 0.003646 0.008333
0 0.080122 0.004938 0.003646 0.008333
0 0.080122 0.004707 0.003646 0.008796
0 0.080122 0.004861 0.003646 0.009105
0 0.080122 0.004861 0.003646 0.009105
0 0.080122 0.004707 0.003646 0.009414
0 0.080122 0.004707 0.003646 0.009414
0 0.080122 0.004707 0.003646 0.009414
0 0.080252 0.004938 0.003385 0.009877
0 0.080252 0.004938 0.003385 0.009877
0 0.080252 0.004938 0.003385 0.009877
0 0.080252 0.004938 0.003385 0.009877
0 0.080252 0.004938 0.003385 0.009877
0 0.080252 0.005170 0.003385 0.010340
0 0.080252 0.005170 0.003385 0.010340
0 0.080252 0.005170 0.003385 0.010340
0 0.080252 0.005170 0.003385 0.010340
0 0.080252 0.005170 0.003385 0.010340
0 0.080252 0.005401 0.003385 0.010802
0 0.080252 0.005170 0.003385 0.010340
0 0.080252 0.005170 0.003385 0.010340
0 0.080252 0.005170 0.003385 0.010340
0 0.080252 0.005170 0.003385 0.010340
0 0.080252 0.005170 0.003385 0.010340
0 0.080252 0.005170 0.003385 0.010340
0 0.080252 0.005170 0.003385 0.010340
0 0.080252 0.005170 0.003385 0.010340
0 0.080252 0.005170 0.003385 0.010340
0 0.080252 0.005170 0.003385 0.010340
0 0.080252 0.005170 0.003385 0.010340
0 0.080252 0.005170 0.003385 0.010340
0 0.080252 0.005170 0.003385 0.010340
0 0.080252 0.005170 0.003385 0.010340
0 0.080252 0.005170 0.003385 0.010340
0 0.080252 0.005170 0.003385 0.010340
0 0.080252 0.005170 0.003385 0.010340
0 0.080252 0.005170 0.003385 0.010340
0 0.080252 0.005170 0.003385 0.010340
0 0.080252 0.005170 0.003385 0.010340
0 0.080252 0.005170 0.003385 0.010340
0 0.080252 0.005170 0.003385 0.010340
0 0.080252 0.005170 0.003385 0.010340
0 0.080252 0.005170 0.003385 0.010340
0 0.080252 0.005170 0.003385 0.010340
0 0.080252 0.005170 0.003385 0.010340
0 0.080252 0.005170 0.003385 0.010340
0 0.080252 0.005170 0.003385 0.010340
0 0.080252 0.005170 0.003385 0.010340
0 0.080252 0.005170 0.003385 0.010340
0 0.079991 0.005170 0.003385 0.010340
0 0.079991 0.005170 0.003385 0.010340
0 0.079861 0.005170 0.003125 0.010340
0 0.079861 0.005170 0.003125 0.010340
0 0.079774 0.005170 0.002951 0.010340
0 0.079644 0.005170 0.003212 0.010340
0 0.079514 0.005170 0.002951 0.010340
0 0.079514 0.005170 0.002951 0.010340
0 0.079384 0.005170 0.002691 0.010340
0 0.079384 0.005170 0.002691 0.010340
0 0.079253 0.004938 0.002951 0.009877
0 0.079253 0.004938 0.002951 0.009877
0 0.079253 0.004938 0.002951 0.009877
0 0.079253 0.004938 0.002951 0.009877
0 0.079384 0.004938 0.003212 0.009877
0 0.079384 0.004707 0.003212 0.009414
0 0.079384 0.004707 0.003212 0.009414
0 0.079384 0.004707 0.003212 0.009414
0 0.079384 0.004707 0.003212 0.009414
0 0.079514 0.004707 0.003472 0.009414
0 0.079384 0.004707 0.003212 0.009414
0 0.079384 0.004707 0.003212 0.009414
0 0.079384 0.004707 0.003212 0.009414
0 0.079384 0.004707 0.003212 0.009414
0 0.079384 0.004938 0.003212 0.009877
0 0.079253 0.004938 0.002951 0.009877
0 0.079253 0.004938 0.002951 0.009877
0 0.079253 0.004938 0.002951 0.009877
0 0.079253 0.004938 0.002951 0.009877
0 0.079384 0.005170 0.002691 0.010340
0 0.079123 0.005170 0.002691 0.010340
0 0.079123 0.005170 0.002691 0.010340
0 0.079123 0.005170 0.002691 0.010340
0 0.079123 0.005170 0.002691 0.010340
0 0.079123 0.005170 0.002691 0.010340
0 0.078993 0.005170 0.002951 0.010340
0 0.078993 0.005170 0.002951 0.010340
0 0.078993 0.005170 0.002951 0.010340
0 0.078993 0.005170 0.002951 0.010340
0 0.078993 0.005170 0.002951 0.010340
