0 0.184288 0.109491 0.006076 0.023920
0 0.184288 0.109491 0.006076 0.023920
0 0.184288 0.109491 0.006076 0.023920
0 0.184288 0.109491 0.006076 0.023920
0 0.184549 0.109491 0.006076 0.023920
0 0.184549 0.109491 0.006076 0.023920
0 0.184549 0.109491 0.006076 0.023920
0 0.184809 0.109491 0.006076 0.023920
0 0.184809 0.109491 0.006076 0.023920
0 0.184809 0.109491 0.006076 0.023920
0 0.185069 0.109491 0.006076 0.023920
0 0.185286 0.109491 0.006163 0.023920
0 0.185547 0.109877 0.006163 0.023765
0 0.185764 0.109877 0.006076 0.023765
0 0.186285 0.110340 0.006076 0.023765
0 0.186502 0.110340 0.006163 0.023765
0 0.186762 0.110725 0.006163 0.023920
0 0.187240 0.110725 0.006076 0.023920
0 0.187500 0.111188 0.006076 0.023920
0 0.187760 0.111188 0.006076 0.023920
0 0.188194 0.111651 0.006076 0.023920
0 0.188455 0.111188 0.006076 0.023920
0 0.188976 0.111188 0.006076 0.023920
0 0.189410 0.110725 0.006076 0.023920
0 0.189670 0.110725 0.006076 0.023920
0 0.190191 0.110725 0.006076 0.023920
0 0.190668 0.110340 0.006163 0.023765
0 0.190885 0.110340 0.006076 0.023765
0 0.191406 0.109877 0.006076 0.023765
0 0.191884 0.109877 0.006163 0.023765
0 0.192361 0.109877 0.006076 0.023765
0 0.192882 0.109722 0.006076 0.023457
0 0.193576 0.109954 0.006076 0.022994
0 0.194314 0.109954 0.006163 0.022994
0 0.194922 0.110108 0.005816 0.022685
0 0.195660 0.110340 0.005903 0.022222
0 0.196267 0.110340 0.006076 0.022222
0 0.196875 0.110571 0.005903 0.021759
0 0.197613 0.110571 0.005816 0.021759
0 0.198351 0.110802 0.005903 0.021296
0 0.199089 0.111034 0.005816 0.020833
0 0.199566 0.111034 0.005903 0.020833
0 0.200043 0.111343 0.005816 0.020833
0 0.200781 0.111806 0.005903 0.020833
0 0.201259 0.112269 0.005816 0.020833
0 0.201997 0.112731 0.005903 0.020833
0 0.202474 0.112731 0.005816 0.020833
0 0.202995 0.113194 0.005816 0.020833
0 0.203733 0.113580 0.005903 0.020679
0 0.204210 0.113966 0.005816 0.020833
0 0.204948 0.114429 0.005903 0.020833
0 0.205425 0.114429 0.005816 0.020833
0 0.206033 0.114429 0.006163 0.020833
0 0.206771 0.114429 0.006076 0.020833
0 0.207378 0.114429 0.006424 0.020833
0 0.208116 0.114429 0.006337 0.020833
0 0.208681 0.114429 0.006597 0.020833
0 0.209332 0.114429 0.006858 0.020833
0 0.210069 0.114429 0.006771 0.020833
0 0.210677 0.114429 0.007118 0.020833
0 0.211415 0.114660 0.007031 0.020370
0 0.212153 0.114660 0.007118 0.020370
0 0.212847 0.115123 0.007118 0.020370
0 0.213715 0.115586 0.007292 0.020370
0 0.214583 0.115972 0.007118 0.020525
0 0.215451 0.116358 0.007292 0.020370
0 0.216146 0.116590 0.007292 0.019907
0 0.217014 0.117052 0.007118 0.019907
0 0.217882 0.117515 0.007292 0.019907
0 0.218576 0.117901 0.007292 0.020062
0 0.219575 0.118364 0.007378 0.020062
0 0.220312 0.118364 0.007292 0.020062
0 0.221050 0.118750 0.007378 0.019907
0 0.221788 0.118750 0.007292 0.019907
0 0.222483 0.119213 0.007292 0.019907
0 0.223264 0.119676 0.007292 0.019907
0 0.223958 0.119676 0.007292 0.019907
0 0.224696 0.120139 0.007378 0.019907
0 0.225434 0.120139 0.007292 0.019907
0 0.226172 0.120525 0.007378 0.020062
0 0.227127 0.120910 0.007378 0.019907
0 0.227865 0.121142 0.007292 0.020370
0 0.228733 0.121605 0.007118 0.020370
0 0.229601 0.122068 0.007292 0.020370
0 0.230425 0.122299 0.007031 0.020833
0 0.231293 0.122917 0.007378 0.021142
0 0.232161 0.123302 0.007031 0.021296
0 0.232856 0.123534 0.007031 0.021759
0 0.233854 0.123997 0.007118 0.021759
0 0.234592 0.124460 0.007031 0.021759
0 0.235547 0.125077 0.007031 0.022068
0 0.236285 0.125077 0.007118 0.022068
0 0.237023 0.125540 0.007031 0.022068
0 0.237760 0.125926 0.007118 0.022222
0 0.238715 0.125926 0.007118 0.022222
0 0.239453 0.126389 0.007031 0.022222
0 0.240191 0.126775 0.007118 0.022068
0 0.241189 0.126775 0.007031 0.022068
0 0.241884 0.127238 0.007031 0.022068
0 0.242622 0.127701 0.007118 0.022068
0 0.243620 0.128164 0.007031 0.022068
0 0.244097 0.128549 0.007118 0.022222
0 0.244835 0.128935 0.007031 0.022068
0 0.245573 0.129398 0.007118 0.022068
0 0.246050 0.129861 0.007031 0.022068
0 0.246788 0.130710 0.007118 0.022222
0 0.247526 0.131173 0.007031 0.022222
0 0.248003 0.131559 0.007118 0.022068
0 0.248741 0.132022 0.007031 0.022068
0 0.249479 0.132485 0.007118 0.022068
0 0.250217 0.133333 0.007031 0.022222
0 0.250694 0.133719 0.007118 0.022068
0 0.251172 0.134182 0.007031 0.022068
0 0.251649 0.134645 0.007118 0.022068
0 0.252170 0.135494 0.007118 0.022222
0 0.252648 0.135880 0.007031 0.022068
0 0.253125 0.136343 0.007118 0.022068
0 0.253602 0.137269 0.007031 0.022068
0 0.254123 0.137654 0.007031 0.022222
0 0.254601 0.138117 0.007118 0.022222
0 0.255339 0.138966 0.007031 0.022068
0 0.255816 0.139198 0.007118 0.022531
0 0.256554 0.139660 0.007031 0.022531
0 0.257031 0.140046 0.007118 0.022685
0 0.257769 0.140201 0.007031 0.022994
0 0.258247 0.140895 0.007118 0.023457
0 0.258984 0.141358 0.007031 0.023457
0 0.259462 0.141590 0.007118 0.023920
0 0.260200 0.141975 0.007031 0.023765
0 0.260677 0.142438 0.007118 0.023765
0 0.261415 0.143056 0.007031 0.024383
0 0.262023 0.143519 0.007378 0.024383
0 0.262891 0.143981 0.007552 0.024383
0 0.263628 0.144367 0.007986 0.024228
0 0.264497 0.144830 0.008333 0.024228
0 0.265321 0.145293 0.008594 0.024228
0 0.266059 0.145679 0.009028 0.024383
0 0.266884 0.146142 0.009288 0.024383
0 0.267665 0.146528 0.009809 0.024228
0 0.268533 0.146991 0.009983 0.024228
0 0.269358 0.147608 0.010243 0.023920
0 0.269878 0.148071 0.010243 0.023920
0 0.270573 0.148534 0.010243 0.023920
0 0.271311 0.148920 0.010330 0.023765
0 0.272049 0.149383 0.010243 0.023765
0 0.272743 0.150231 0.010243 0.023920
0 0.273524 0.150694 0.010243 0.023920
0 0.274219 0.151080 0.010243 0.023765
0 0.275000 0.151543 0.010243 0.023765
0 0.275694 0.151929 0.010243 0.023920
0 0.276432 0.152855 0.010330 0.023920
0 0.277431 0.153318 0.009722 0.023920
0 0.278385 0.153704 0.009201 0.023765
0 0.279384 0.154167 0.008767 0.023765
0 0.280339 0.154552 0.008247 0.023920
0 0.281467 0.155247 0.008073 0.023457
0 0.282422 0.155710 0.007552 0.023457
0 0.283377 0.156096 0.007031 0.023302
0 0.284375 0.156481 0.006597 0.023457
0 0.285330 0.156944 0.006076 0.023457
0 0.286415 0.157870 0.005816 0.023457
0 0.286675 0.157870 0.006337 0.023457
0 0.287196 0.158256 0.006858 0.023302
0 0.287543 0.158256 0.007031 0.023302
0 0.287934 0.158642 0.007812 0.023457
0 0.288238 0.158873 0.008073 0.023920
0 0.288759 0.159105 0.008594 0.023457
0 0.288976 0.159336 0.009028 0.023920
0 0.289497 0.159568 0.009549 0.023457
0 0.289844 0.159799 0.009722 0.023920
0 0.290365 0.160262 0.010243 0.023920
0 0.290104 0.160031 0.010243 0.024383
0 0.289974 0.160031 0.009983 0.024383
0 0.289714 0.159799 0.009983 0.024846
0 0.289627 0.159799 0.009809 0.024846
0 0.289366 0.159799 0.009809 0.024846
0 0.289236 0.159568 0.009549 0.025309
0 0.288976 0.159568 0.009549 0.025309
0 0.288845 0.159568 0.009288 0.025309
0 0.288628 0.159414 0.009201 0.025617
0 0.288542 0.159414 0.009028 0.025617
