0 0.141102 0.073843 0.004601 0.022068
0 0.140885 0.072994 0.004687 0.022222
0 0.140625 0.072608 0.004687 0.022068
0 0.140625 0.071682 0.004687 0.022068
0 0.140408 0.071296 0.004601 0.022222
0 0.140408 0.070833 0.004601 0.022222
0 0.140148 0.069985 0.004601 0.022068
0 0.139887 0.069522 0.004601 0.022068
0 0.139887 0.068673 0.004601 0.022222
0 0.139670 0.068287 0.004687 0.022068
0 0.139670 0.067824 0.004687 0.022068
0 0.139540 0.066744 0.004948 0.021759
0 0.139540 0.065895 0.004948 0.021605
0 0.139453 0.064969 0.005122 0.021605
0 0.139453 0.064120 0.005122 0.021759
0 0.139540 0.063272 0.005295 0.021605
0 0.139410 0.062423 0.005556 0.021759
0 0.139410 0.061497 0.005556 0.021759
0 0.139280 0.060648 0.005816 0.021605
0 0.139280 0.059799 0.005816 0.021759
0 0.139410 0.058951 0.006076 0.021605
0 0.139149 0.058025 0.006076 0.021605
0 0.139019 0.057639 0.006337 0.021759
0 0.138889 0.056944 0.006597 0.021296
0 0.138889 0.056327 0.006597 0.021605
0 0.138802 0.055864 0.006771 0.021605
0 0.138672 0.055247 0.007031 0.021296
0 0.138672 0.054552 0.007031 0.021759
0 0.138542 0.053935 0.007292 0.021142
0 0.138411 0.053549 0.007552 0.021296
0 0.138411 0.053086 0.007552 0.021296
0 0.138411 0.052623 0.007552 0.021296
0 0.138411 0.052623 0.007552 0.021296
0 0.138411 0.052392 0.007552 0.021759
0 0.138411 0.052392 0.007552 0.021759
0 0.138542 0.052238 0.007292 0.022068
0 0.138542 0.052238 0.007292 0.022068
0 0.138542 0.052006 0.007292 0.022531
0 0.138542 0.052006 0.007292 0.022531
0 0.138542 0.051775 0.007292 0.022994
0 0.138802 0.051775 0.007292 0.022994
0 0.138672 0.053935 0.007031 0.022994
0 0.138672 0.056327 0.007031 0.023457
0 0.138585 0.058488 0.006858 0.023457
0 0.138585 0.061111 0.006858 0.023457
0 0.138585 0.063272 0.006858 0.023457
0 0.138455 0.065664 0.006597 0.023920
0 0.138455 0.068056 0.006597 0.023457
0 0.138325 0.070448 0.006337 0.023920
0 0.138325 0.072608 0.006337 0.023920
0 0.138325 0.075231 0.006337 0.023920
0 0.138325 0.079938 0.006337 0.023765
0 0.138325 0.084722 0.006337 0.023765
0 0.138325 0.089738 0.006337 0.024228
0 0.138585 0.094676 0.006337 0.023920
0 0.138585 0.099691 0.006337 0.024383
0 0.138585 0.104475 0.006337 0.024383
0 0.138802 0.109491 0.006424 0.023920
0 0.138802 0.114429 0.006424 0.024228
0 0.138802 0.119213 0.006424 0.024228
0 0.139019 0.124460 0.006337 0.024228
0 0.139019 0.124460 0.006337 0.024228
0 0.139019 0.124460 0.006337 0.024228
0 0.139019 0.124460 0.006337 0.024228
0 0.139019 0.124460 0.006337 0.024228
0 0.139019 0.124460 0.006337 0.024228
0 0.139019 0.124460 0.006337 0.024228
0 0.139019 0.124460 0.006337 0.024228
0 0.139019 0.124460 0.006337 0.024228
0 0.139019 0.124460 0.006337 0.024228
0 0.139019 0.124460 0.006337 0.024228
0 0.138932 0.125077 0.006163 0.023920
0 0.138932 0.125926 0.006163 0.023765
0 0.138932 0.126775 0.006163 0.023920
0 0.139062 0.127469 0.005903 0.023457
0 0.139062 0.128318 0.005903 0.023302
0 0.139062 0.129167 0.005903 0.023457
0 0.139193 0.129861 0.005642 0.022994
0 0.139193 0.130787 0.005642 0.022994
0 0.139193 0.131559 0.005642 0.022994
0 0.139323 0.132716 0.005382 0.022531
0 0.139323 0.133102 0.005382 0.022685
0 0.139323 0.133488 0.005382 0.022531
0 0.139323 0.133951 0.005382 0.022531
0 0.139323 0.134414 0.005382 0.022531
0 0.139323 0.135031 0.005382 0.022222
0 0.139323 0.135494 0.005382 0.022222
0 0.139323 0.135880 0.005382 0.022068
0 0.139323 0.136343 0.005382 0.022068
0 0.139323 0.136806 0.005382 0.022068
0 0.139453 0.137423 0.005122 0.021759
0 0.139193 0.137423 0.005122 0.021759
0 0.139193 0.137423 0.005122 0.021759
0 0.138932 0.137423 0.005122 0.021759
0 0.138932 0.137886 0.005122 0.021759
0 0.138672 0.137886 0.005122 0.021759
0 0.138672 0.137886 0.005122 0.021759
0 0.138411 0.138349 0.005122 0.021759
0 0.138411 0.138349 0.005122 0.021759
0 0.138194 0.138349 0.005208 0.021759
0 0.138194 0.138735 0.005208 0.021605
0 0.138194 0.138349 0.005208 0.021759
0 0.138194 0.138349 0.005208 0.021759
0 0.138411 0.138349 0.005122 0.021759
0 0.138411 0.138349 0.005122 0.021759
0 0.138672 0.138349 0.005122 0.021759
0 0.138672 0.137886 0.005122 0.021759
0 0.138672 0.137886 0.005122 0.021759
0 0.138932 0.137886 0.005122 0.021759
0 0.138932 0.137886 0.005122 0.021759
0 0.139193 0.137886 0.005122 0.021759
0 0.139453 0.137423 0.005122 0.021759
0 0.139627 0.137037 0.005122 0.021605
0 0.139887 0.137037 0.005122 0.021605
0 0.140408 0.136574 0.005122 0.021605
0 0.140668 0.136574 0.005122 0.021605
0 0.140842 0.136111 0.005122 0.021605
0 0.141363 0.135725 0.005122 0.021759
0 0.141623 0.135725 0.005122 0.021759
0 0.141884 0.135262 0.005122 0.021759
0 0.142318 0.135262 0.005122 0.021759
0 0.143099 0.134799 0.005122 0.021759
0 0.144054 0.134799 0.005122 0.021759
0 0.144748 0.134799 0.005122 0.021759
0 0.145790 0.134414 0.005122 0.021605
0 0.146745 0.134414 0.005122 0.021605
0 0.147439 0.134414 0.005122 0.021605
0 0.148481 0.133951 0.005122 0.021605
0 0.149175 0.133951 0.005122 0.021605
0 0.150130 0.133951 0.005122 0.021605
0 0.151128 0.133951 0.005208 0.021605
0 0.151345 0.133951 0.005122 0.021605
0 0.151606 0.133951 0.005122 0.021605
0 0.151866 0.133951 0.005122 0.021605
0 0.152127 0.133951 0.005122 0.021605
0 0.152561 0.133951 0.005122 0.021605
0 0.152821 0.133951 0.005122 0.021605
0 0.153082 0.133951 0.005122 0.021605
0 0.153342 0.133951 0.005122 0.021605
0 0.153602 0.133951 0.005122 0.021605
0 0.154036 0.133951 0.005122 0.021605
0 0.154297 0.133951 0.005122 0.021605
0 0.154557 0.133951 0.005122 0.021605
0 0.154991 0.133951 0.005122 0.021605
0 0.155252 0.133951 0.005122 0.021605
0 0.155773 0.134182 0.005122 0.021142
0 0.156033 0.134182 0.005122 0.021142
0 0.156293 0.134182 0.005122 0.021142
0 0.156727 0.134182 0.005122 0.021142
0 0.156988 0.134182 0.005122 0.021142
0 0.157509 0.134336 0.005122 0.020833
0 0.157943 0.134028 0.005122 0.020833
0 0.158464 0.134028 0.005122 0.020833
0 0.158898 0.134028 0.005122 0.020833
0 0.159418 0.134028 0.005122 0.020833
0 0.159939 0.134028 0.005122 0.020833
0 0.160373 0.133565 0.005122 0.020833
0 0.160894 0.133565 0.005122 0.020833
0 0.161415 0.133565 0.005122 0.020833
0 0.161849 0.133565 0.005122 0.020833
0 0.162370 0.133565 0.005122 0.020833
0 0.162370 0.133102 0.005122 0.020833
0 0.162500 0.133102 0.004861 0.020833
0 0.162587 0.133102 0.004687 0.020833
0 0.162717 0.132870 0.004948 0.020370
0 0.162847 0.132870 0.004687 0.020370
0 0.162977 0.132639 0.004427 0.020833
0 0.163064 0.132407 0.004601 0.020370
0 0.163194 0.132407 0.004340 0.020370
0 0.163325 0.132407 0.004080 0.020370
0 0.163542 0.132407 0.004167 0.020370
0 0.163325 0.132022 0.004080 0.020525
0 0.163325 0.131867 0.004080 0.020833
0 0.163325 0.131867 0.004080 0.020833
0 0.163325 0.131404 0.004080 0.020833
0 0.163325 0.131404 0.004080 0.020833
0 0.163325 0.131173 0.004080 0.021296
0 0.163325 0.131173 0.004080 0.021296
0 0.163325 0.130710 0.004080 0.021296
0 0.163325 0.130710 0.004080 0.021296
0 0.163325 0.130478 0.004080 0.021759
