0 0.226649 0.061960 0.002431 0.009414
0 0.226649 0.061574 0.002431 0.009568
0 0.226910 0.061574 0.002431 0.009568
0 0.226910 0.061574 0.002431 0.009568
0 0.227170 0.061574 0.002431 0.009568
0 0.227300 0.061574 0.002691 0.009568
0 0.227387 0.061574 0.002517 0.009568
0 0.227474 0.061574 0.002691 0.009568
0 0.227604 0.061574 0.002431 0.009568
0 0.227734 0.061574 0.002691 0.009568
0 0.227995 0.061574 0.002691 0.009568
0 0.227995 0.061111 0.002691 0.009568
0 0.227995 0.061111 0.002691 0.009568
0 0.227995 0.061111 0.002691 0.009568
0 0.227995 0.060648 0.002691 0.009568
0 0.227995 0.060648 0.002691 0.009568
0 0.227995 0.060648 0.002691 0.009568
0 0.227995 0.060185 0.002691 0.009568
0 0.227995 0.060185 0.002691 0.009568
0 0.227995 0.060185 0.002691 0.009568
0 0.227995 0.060185 0.002691 0.009568
0 0.227995 0.060185 0.002691 0.009568
0 0.227995 0.060185 0.002691 0.009568
0 0.227995 0.060185 0.002691 0.009568
0 0.228255 0.060185 0.002691 0.009568
0 0.228255 0.060648 0.002691 0.009568
0 0.228255 0.060648 0.002691 0.009568
0 0.228516 0.060648 0.002691 0.009568
0 0.228516 0.060648 0.002691 0.009568
0 0.228516 0.060648 0.002691 0.009568
0 0.228689 0.061111 0.002691 0.009568
0 0.228602 0.060648 0.002865 0.009568
0 0.228472 0.060648 0.003125 0.009568
0 0.228342 0.060648 0.003385 0.009568
0 0.228212 0.060648 0.003646 0.009568
0 0.228212 0.060648 0.003646 0.009568
0 0.228082 0.060417 0.003906 0.009105
0 0.227995 0.060417 0.004080 0.009105
0 0.227865 0.060417 0.004340 0.009105
0 0.227734 0.060417 0.004601 0.009105
0 0.227734 0.060417 0.004601 0.009105
0 0.227734 0.060417 0.004601 0.009105
0 0.227865 0.060417 0.004340 0.009105
0 0.227995 0.060417 0.004080 0.009105
0 0.228082 0.060417 0.003906 0.009105
0 0.228212 0.060417 0.003646 0.009105
0 0.228212 0.060417 0.003646 0.009105
0 0.228342 0.060417 0.003385 0.009105
0 0.228472 0.060417 0.003125 0.009105
0 0.228602 0.060417 0.002865 0.009105
0 0.228689 0.060648 0.002691 0.009568
0 0.228516 0.060648 0.002691 0.009568
0 0.228255 0.060648 0.002691 0.009568
0 0.227995 0.060648 0.002691 0.009568
0 0.227734 0.060648 0.002691 0.009568
0 0.227734 0.060648 0.002691 0.009568
0 0.227474 0.060648 0.002691 0.009568
0 0.227300 0.060648 0.002691 0.009568
0 0.227040 0.060648 0.002691 0.009568
0 0.226780 0.060648 0.002691 0.009568
0 0.226780 0.061111 0.002691 0.009568
0 0.226780 0.060648 0.002691 0.009568
0 0.227040 0.060648 0.002691 0.009568
0 0.227040 0.060648 0.002691 0.009568
0 0.227300 0.060648 0.002691 0.009568
0 0.227300 0.060648 0.002691 0.009568
0 0.227474 0.060648 0.002691 0.009568
0 0.227474 0.060648 0.002691 0.009568
0 0.227734 0.060648 0.002691 0.009568
0 0.227734 0.060648 0.002691 0.009568
0 0.227995 0.060648 0.002691 0.009568
0 0.227995 0.060648 0.002691 0.009568
0 0.227995 0.060648 0.002691 0.009568
0 0.227995 0.060648 0.002691 0.009568
0 0.227995 0.060648 0.002691 0.009568
0 0.227995 0.060648 0.002691 0.009568
0 0.227995 0.060648 0.002691 0.009568
0 0.227995 0.060648 0.002691 0.009568
0 0.227995 0.060648 0.002691 0.009568
0 0.227995 0.060648 0.002691 0.009568
0 0.227995 0.060648 0.002691 0.009568
0 0.227734 0.060648 0.002691 0.009568
0 0.227734 0.060648 0.002691 0.009568
0 0.227474 0.060648 0.002691 0.009568
0 0.227474 0.060648 0.002691 0.009568
0 0.227300 0.060648 0.002691 0.009568
0 0.227300 0.060648 0.002691 0.009568
0 0.227040 0.060648 0.002691 0.009568
0 0.227040 0.060648 0.002691 0.009568
0 0.226780 0.060648 0.002691 0.009568
0 0.226780 0.060648 0.002691 0.009568
0 0.226780 0.060648 0.002691 0.009568
0 0.226780 0.060648 0.002691 0.009568
0 0.226780 0.060648 0.002691 0.009568
0 0.226780 0.060648 0.002691 0.009568
0 0.226780 0.060648 0.002691 0.009568
0 0.226780 0.060648 0.002691 0.009568
0 0.226780 0.060648 0.002691 0.009568
0 0.226780 0.060648 0.002691 0.009568
0 0.226780 0.060648 0.002691 0.009568
0 0.226780 0.060648 0.002691 0.009568
0 0.226780 0.060417 0.002691 0.009105
0 0.226780 0.060417 0.002691 0.009105
0 0.226780 0.060417 0.002691 0.009105
0 0.226910 0.060417 0.002951 0.009105
0 0.226910 0.060417 0.002951 0.009105
0 0.226910 0.060417 0.002951 0.009105
0 0.227040 0.060417 0.003212 0.009105
0 0.227040 0.060417 0.003212 0.009105
0 0.227040 0.060417 0.003212 0.009105
0 0.227127 0.060417 0.003385 0.009105
0 0.227127 0.060417 0.003385 0.009105
0 0.227127 0.060417 0.003385 0.009105
0 0.227257 0.060417 0.003125 0.009105
0 0.227257 0.060417 0.003125 0.009105
0 0.227387 0.060417 0.002865 0.009105
0 0.227387 0.060417 0.002865 0.009105
0 0.227387 0.060417 0.002865 0.009105
0 0.227474 0.060417 0.002691 0.009105
0 0.227474 0.060417 0.002691 0.009105
0 0.227734 0.060648 0.002691 0.009568
0 0.227474 0.060185 0.002691 0.009568
0 0.227474 0.060185 0.002691 0.009568
0 0.227474 0.060185 0.002691 0.009568
0 0.227300 0.060185 0.002691 0.009568
0 0.227300 0.060185 0.002691 0.009568
0 0.227300 0.059799 0.002691 0.009414
0 0.227040 0.059799 0.002691 0.009414
0 0.227040 0.059799 0.002691 0.009414
0 0.227040 0.059799 0.002691 0.009414
0 0.227040 0.059799 0.002691 0.009414
0 0.227040 0.059799 0.002691 0.009414
0 0.227040 0.059799 0.002691 0.009414
0 0.227040 0.059799 0.002691 0.009414
0 0.227040 0.059799 0.002691 0.009414
0 0.227040 0.059799 0.002691 0.009414
0 0.227040 0.059799 0.002691 0.009414
0 0.227040 0.059799 0.002691 0.009414
0 0.227040 0.059799 0.002691 0.009414
0 0.227040 0.059799 0.002691 0.009414
0 0.227040 0.059799 0.002691 0.009414
0 0.227040 0.059799 0.002691 0.009414
0 0.227040 0.059799 0.002691 0.009414
0 0.227040 0.059799 0.002691 0.009414
0 0.227040 0.059799 0.002691 0.009414
0 0.227040 0.059799 0.002691 0.009414
0 0.227040 0.059799 0.002691 0.009414
0 0.227040 0.059799 0.002691 0.009414
0 0.227040 0.059799 0.002691 0.009414
0 0.227040 0.059799 0.002691 0.009414
0 0.227040 0.059799 0.002691 0.009414
0 0.227040 0.059799 0.002691 0.009414
0 0.227040 0.059799 0.002691 0.009414
0 0.227040 0.059799 0.002691 0.009414
0 0.227040 0.059799 0.002691 0.009414
0 0.227040 0.059799 0.002691 0.009414
0 0.227040 0.059799 0.002691 0.009414
0 0.227040 0.059799 0.002691 0.009414
0 0.227040 0.059799 0.002691 0.009414
0 0.227040 0.059799 0.002691 0.009414
0 0.227040 0.060185 0.002691 0.009568
0 0.226780 0.060185 0.002691 0.009568
0 0.226780 0.060185 0.002691 0.009568
0 0.226780 0.060185 0.002691 0.009568
0 0.226780 0.060417 0.002691 0.009105
0 0.226780 0.060648 0.002691 0.009568
0 0.226519 0.060648 0.002691 0.009568
0 0.226519 0.060880 0.002691 0.009105
0 0.226519 0.060880 0.002691 0.009105
0 0.226519 0.060880 0.002691 0.009105
0 0.226519 0.061343 0.002691 0.009105
0 0.226519 0.061343 0.002691 0.009105
0 0.226519 0.061343 0.002691 0.009105
0 0.226519 0.061343 0.002691 0.009105
0 0.226519 0.061343 0.002691 0.009105
0 0.226519 0.061343 0.002691 0.009105
0 0.226519 0.061343 0.002691 0.009105
0 0.226519 0.061343 0.002691 0.009105
0 0.226519 0.061343 0.002691 0.009105
0 0.226519 0.061343 0.002691 0.009105
0 0.226519 0.061574 0.002691 0.009568
