0 0.100260 0.150463 0.011285 0.009568
0 0.099262 0.150000 0.011198 0.009568
0 0.098568 0.149537 0.011198 0.009568
0 0.097786 0.149151 0.011198 0.009414
0 0.097092 0.148765 0.011198 0.009568
0 0.096354 0.148302 0.011285 0.009568
0 0.095616 0.147840 0.011198 0.009568
0 0.094878 0.147377 0.011285 0.009568
0 0.094141 0.146991 0.011198 0.009414
0 0.093446 0.146605 0.011198 0.009568
0 0.092665 0.146142 0.011198 0.009568
0 0.091450 0.145679 0.011198 0.009568
0 0.090234 0.145216 0.011198 0.009568
0 0.089019 0.144753 0.011198 0.009568
0 0.087804 0.144753 0.011198 0.009568
0 0.086589 0.144444 0.011198 0.009568
0 0.085373 0.143981 0.011198 0.009568
0 0.084158 0.143981 0.011198 0.009568
0 0.082943 0.143519 0.011198 0.009568
0 0.081727 0.143056 0.011198 0.009568
0 0.080729 0.143056 0.011285 0.009568
0 0.079253 0.142593 0.011285 0.009568
0 0.078038 0.142207 0.011285 0.009414
0 0.076606 0.142207 0.011198 0.009414
0 0.075347 0.141821 0.011285 0.009568
0 0.074132 0.141821 0.011285 0.009568
0 0.072700 0.141358 0.011198 0.009568
0 0.071484 0.140895 0.011198 0.009568
0 0.070009 0.140895 0.011198 0.009568
0 0.068793 0.140432 0.011198 0.009568
0 0.067578 0.140432 0.011198 0.009568
0 0.066102 0.140046 0.011198 0.009414
0 0.064627 0.140046 0.011198 0.009414
0 0.063151 0.139660 0.011198 0.009568
0 0.061675 0.139660 0.011198 0.009568
0 0.060243 0.139660 0.011285 0.009568
0 0.058767 0.139198 0.011285 0.009568
0 0.057292 0.139198 0.011285 0.009568
0 0.055859 0.138735 0.011198 0.009568
0 0.054384 0.138735 0.011198 0.009568
0 0.052908 0.138735 0.011198 0.009568
0 0.051693 0.138272 0.011198 0.009568
0 0.050477 0.137886 0.011198 0.009414
0 0.049262 0.137886 0.011198 0.009414
0 0.048047 0.137500 0.011198 0.009568
0 0.046832 0.137500 0.011198 0.009568
0 0.045616 0.137037 0.011198 0.009568
0 0.044358 0.136574 0.011285 0.009568
0 0.043142 0.136574 0.011285 0.009568
0 0.041927 0.136111 0.011285 0.009568
0 0.040712 0.136111 0.011285 0.009568
0 0.039497 0.135648 0.011285 0.009568
0 0.038498 0.135648 0.011198 0.009568
0 0.037283 0.135648 0.011198 0.009568
0 0.036328 0.135262 0.011198 0.009414
0 0.035113 0.135262 0.011198 0.009414
0 0.034115 0.135262 0.011285 0.009414
0 0.032899 0.134877 0.011285 0.009568
0 0.031901 0.134877 0.011198 0.009568
0 0.030686 0.134877 0.011198 0.009568
0 0.029731 0.134877 0.011198 0.009568
0 0.028776 0.134414 0.011198 0.009568
0 0.027778 0.134414 0.011285 0.009568
0 0.026780 0.133951 0.011198 0.009568
0 0.026085 0.133951 0.011198 0.009568
0 0.025087 0.133951 0.011285 0.009568
0 0.024089 0.133488 0.011198 0.009568
0 0.023394 0.133488 0.011198 0.009568
0 0.022396 0.133102 0.011285 0.009414
0 0.021441 0.133102 0.011285 0.009414
0 0.020703 0.133102 0.011198 0.009414
0 0.019748 0.132716 0.011198 0.009568
0 0.018967 0.132716 0.011198 0.009568
0 0.018012 0.132716 0.011198 0.009568
0 0.017274 0.132253 0.011285 0.009568
0 0.016536 0.132253 0.011198 0.009568
0 0.015582 0.132253 0.011198 0.009568
0 0.014844 0.131790 0.011285 0.009568
0 0.013845 0.131790 0.011198 0.009568
0 0.013151 0.131790 0.011198 0.009568
0 0.012413 0.131790 0.011285 0.009568
0 0.011675 0.131327 0.011198 0.009568
0 0.010937 0.130941 0.011285 0.009414
0 0.010200 0.130556 0.011198 0.009568
0 0.009722 0.130093 0.011285 0.009568
0 0.008984 0.129630 0.011198 0.009568
0 0.008247 0.129167 0.011285 0.009568
0 0.007769 0.128704 0.011198 0.009568
0 0.007031 0.128395 0.011285 0.009568
0 0.006293 0.127932 0.011198 0.009568
0 0.005816 0.127932 0.011285 0.009568
0 0.005469 0.127006 0.010937 0.009568
0 0.005208 0.126312 0.010417 0.009105
0 0.004991 0.125540 0.009983 0.009105
0 0.004731 0.125077 0.009462 0.009105
0 0.004514 0.124383 0.009028 0.008642
0 0.004253 0.123611 0.008507 0.008642
0 0.003993 0.123148 0.007986 0.008642
0 0.003776 0.122222 0.007552 0.008642
0 0.003516 0.121605 0.007031 0.008333
0 0.003385 0.121219 0.006771 0.008179
0 0.003385 0.121219 0.006771 0.008179
0 0.003385 0.121219 0.006771 0.008179
0 0.003385 0.121219 0.006771 0.008179
0 0.003385 0.121219 0.006771 0.008179
0 0.003385 0.121219 0.006771 0.008179
0 0.003385 0.121219 0.006771 0.008179
0 0.003385 0.121219 0.006771 0.008179
0 0.003385 0.121219 0.006771 0.008179
0 0.003385 0.121219 0.006771 0.008179
0 0.003516 0.121219 0.007031 0.008179
0 0.003516 0.121219 0.007031 0.008179
0 0.003516 0.121219 0.007031 0.008179
0 0.003516 0.121219 0.007031 0.008179
0 0.003516 0.121219 0.007031 0.008179
0 0.003516 0.121219 0.007031 0.008179
0 0.003516 0.121219 0.007031 0.008179
0 0.003516 0.121219 0.007031 0.008179
0 0.003516 0.121219 0.007031 0.008179
0 0.003516 0.121219 0.007031 0.008179
0 0.003516 0.121219 0.007031 0.008179
0 0.003516 0.121219 0.007031 0.008179
0 0.003516 0.121219 0.007031 0.008179
0 0.003516 0.121219 0.007031 0.008179
0 0.003516 0.121219 0.007031 0.008179
0 0.003516 0.121219 0.007031 0.008179
0 0.003516 0.121219 0.007031 0.008179
0 0.003516 0.121219 0.007031 0.008179
0 0.003516 0.121219 0.007031 0.008179
0 0.003516 0.121219 0.007031 0.008179
0 0.003516 0.121219 0.007031 0.008179
0 0.003516 0.121219 0.007031 0.008179
0 0.003516 0.121219 0.007031 0.008179
0 0.003516 0.121219 0.007031 0.008179
0 0.003516 0.121219 0.007031 0.008179
0 0.003516 0.121219 0.007031 0.008179
0 0.003516 0.121219 0.007031 0.008179
0 0.003516 0.121219 0.007031 0.008179
0 0.003516 0.121219 0.007031 0.008179
0 0.003516 0.121219 0.007031 0.008179
0 0.003516 0.121219 0.007031 0.008179
0 0.003516 0.121219 0.007031 0.008179
0 0.003516 0.121219 0.007031 0.008179
0 0.003516 0.121219 0.007031 0.008179
0 0.003516 0.121219 0.007031 0.008179
0 0.003516 0.121219 0.007031 0.008179
0 0.003516 0.121219 0.007031 0.008179
0 0.003516 0.121219 0.007031 0.008179
0 0.003516 0.121219 0.007031 0.008179
0 0.003516 0.121219 0.007031 0.008179
0 0.003516 0.121219 0.007031 0.008179
0 0.003516 0.121219 0.007031 0.008179
0 0.003516 0.121219 0.007031 0.008179
0 0.003516 0.121219 0.007031 0.008179
0 0.003516 0.121219 0.007031 0.008179
0 0.003516 0.121219 0.007031 0.008179
0 0.003516 0.121219 0.007031 0.008179
0 0.003516 0.121219 0.007031 0.008179
0 0.003516 0.121219 0.007031 0.008179
0 0.003516 0.121219 0.007031 0.008179
0 0.003516 0.121219 0.007031 0.008179
0 0.003516 0.121219 0.007031 0.008179
0 0.003516 0.121219 0.007031 0.008179
0 0.003516 0.121219 0.007031 0.008179
0 0.003516 0.121219 0.007031 0.008179
0 0.003516 0.121219 0.007031 0.008179
0 0.003516 0.121219 0.007031 0.008179
0 0.003516 0.121219 0.007031 0.008179
0 0.003516 0.121219 0.007031 0.008179
0 0.003516 0.121219 0.007031 0.008179
0 0.003516 0.121219 0.007031 0.008179
0 0.003516 0.121219 0.007031 0.008179
0 0.003516 0.121219 0.007031 0.008179
0 0.003516 0.121219 0.007031 0.008179
0 0.003516 0.121219 0.007031 0.008179
0 0.003516 0.121219 0.007031 0.008179
0 0.003516 0.121219 0.007031 0.008179
0 0.003516 0.121219 0.007031 0.008179
0 0.003516 0.121219 0.007031 0.008179
0 0.003516 0.121219 0.007031 0.008179
0 0.003516 0.121219 0.007031 0.008179
