0 0.215538 0.019290 0.004687 0.016049
0 0.215061 0.018827 0.004601 0.016049
0 0.214800 0.018596 0.004601 0.016512
0 0.214583 0.018364 0.004687 0.016049
0 0.214106 0.018133 0.004601 0.016512
0 0.213845 0.017901 0.004601 0.016049
0 0.213585 0.017670 0.004601 0.016512
0 0.213108 0.017284 0.004687 0.016358
0 0.212891 0.017284 0.004601 0.016358
0 0.212630 0.016898 0.004601 0.016512
0 0.212370 0.016898 0.004601 0.016512
0 0.211415 0.016435 0.004601 0.016512
0 0.210417 0.015972 0.004687 0.016512
0 0.209679 0.015509 0.004601 0.016512
0 0.208724 0.015046 0.004601 0.016512
0 0.207986 0.014660 0.004687 0.016358
0 0.206988 0.014275 0.004601 0.016512
0 0.206033 0.013812 0.004601 0.016512
0 0.205295 0.013349 0.004687 0.016512
0 0.204340 0.012886 0.004687 0.016512
0 0.203602 0.012886 0.004601 0.016512
0 0.202865 0.012500 0.004687 0.016358
0 0.202127 0.012114 0.004601 0.016512
0 0.201389 0.012114 0.004687 0.016512
0 0.200911 0.011651 0.004601 0.016512
0 0.200174 0.011651 0.004687 0.016512
0 0.199436 0.011188 0.004601 0.016512
0 0.198958 0.010725 0.004687 0.016512
0 0.198220 0.010725 0.004601 0.016512
0 0.197483 0.010340 0.004687 0.016358
0 0.197005 0.010340 0.004601 0.016358
0 0.196267 0.009954 0.004687 0.016512
0 0.195530 0.009722 0.004601 0.016049
0 0.194792 0.009259 0.004687 0.016049
0 0.194054 0.009028 0.004601 0.015586
0 0.193359 0.008796 0.004601 0.016049
0 0.192622 0.008565 0.004687 0.015586
0 0.191884 0.008179 0.004601 0.015741
0 0.191146 0.007948 0.004687 0.015278
0 0.190408 0.007562 0.004601 0.015123
0 0.189670 0.007562 0.004687 0.015123
0 0.188715 0.007330 0.004687 0.014660
0 0.187977 0.007330 0.004601 0.014660
0 0.187240 0.007330 0.004687 0.014660
0 0.186502 0.007330 0.004601 0.014660
0 0.185764 0.007330 0.004687 0.014660
0 0.185026 0.007330 0.004601 0.014660
0 0.184332 0.007330 0.004601 0.014660
0 0.183594 0.007330 0.004687 0.014660
0 0.182856 0.007330 0.004601 0.014660
0 0.182118 0.007330 0.004687 0.014660
0 0.181380 0.007099 0.004601 0.014198
0 0.180903 0.007099 0.004687 0.014198
0 0.180425 0.007099 0.004601 0.014198
0 0.179688 0.007099 0.004687 0.014198
0 0.179210 0.007099 0.004601 0.014198
0 0.178689 0.007099 0.004601 0.014198
0 0.177995 0.007099 0.004601 0.014198
0 0.177474 0.007099 0.004601 0.014198
0 0.176997 0.007099 0.004687 0.014198
0 0.176519 0.007099 0.004601 0.014198
0 0.175998 0.006713 0.004601 0.013426
0 0.175521 0.006481 0.004687 0.012963
0 0.175043 0.006250 0.004601 0.012500
0 0.174566 0.006019 0.004687 0.012037
0 0.174089 0.005787 0.004601 0.011574
0 0.173568 0.005633 0.004601 0.011265
0 0.173090 0.005401 0.004687 0.010802
0 0.172613 0.005170 0.004601 0.010340
0 0.172092 0.004938 0.004601 0.009877
0 0.171615 0.004707 0.004687 0.009414
0 0.171137 0.004552 0.004601 0.009105
0 0.170877 0.004552 0.004601 0.009105
0 0.170399 0.004321 0.004687 0.008642
0 0.170182 0.004321 0.004601 0.008642
0 0.169922 0.004321 0.004601 0.008642
0 0.169444 0.004090 0.004687 0.008179
0 0.169184 0.004090 0.004687 0.008179
0 0.168707 0.003858 0.004601 0.007716
0 0.168446 0.003858 0.004601 0.007716
0 0.168186 0.003858 0.004601 0.007716
0 0.168186 0.003858 0.004601 0.007716
0 0.168186 0.003858 0.004601 0.007716
0 0.168186 0.003858 0.004601 0.007716
0 0.168186 0.003858 0.004601 0.007716
0 0.168186 0.003858 0.004601 0.007716
0 0.168186 0.003858 0.004601 0.007716
0 0.168186 0.003858 0.004601 0.007716
0 0.168186 0.003858 0.004601 0.007716
0 0.168186 0.003858 0.004601 0.007716
0 0.168186 0.003858 0.004601 0.007716
0 0.168186 0.003858 0.004601 0.007716
0 0.168186 0.003858 0.004601 0.007716
0 0.168186 0.003858 0.004601 0.007716
0 0.168186 0.003858 0.004601 0.007716
0 0.168186 0.003858 0.004601 0.007716
0 0.168186 0.003858 0.004601 0.007716
0 0.168186 0.003858 0.004601 0.007716
0 0.168186 0.003858 0.004601 0.007716
0 0.168186 0.003858 0.004601 0.007716
0 0.168186 0.003858 0.004601 0.007716
0 0.168186 0.003858 0.004601 0.007716
0 0.168186 0.003858 0.004601 0.007716
0 0.168186 0.003858 0.004601 0.007716
0 0.168186 0.003858 0.004601 0.007716
0 0.168186 0.003858 0.004601 0.007716
0 0.168186 0.003858 0.004601 0.007716
0 0.168186 0.003858 0.004601 0.007716
0 0.168186 0.003858 0.004601 0.007716
0 0.168186 0.003858 0.004601 0.007716
0 0.168186 0.003858 0.004601 0.007716
0 0.168186 0.003858 0.004601 0.007716
0 0.168186 0.003858 0.004601 0.007716
0 0.168186 0.003858 0.004601 0.007716
0 0.168186 0.003858 0.004601 0.007716
0 0.168186 0.003858 0.004601 0.007716
0 0.168186 0.003858 0.004601 0.007716
0 0.168186 0.003858 0.004601 0.007716
0 0.168186 0.003858 0.004601 0.007716
0 0.168186 0.003858 0.004601 0.007716
0 0.168186 0.003858 0.004601 0.007716
0 0.168186 0.003858 0.004601 0.007716
0 0.168186 0.003858 0.004601 0.007716
0 0.168186 0.003858 0.004601 0.007716
0 0.168186 0.003858 0.004601 0.007716
0 0.168186 0.003858 0.004601 0.007716
0 0.168186 0.003858 0.004601 0.007716
0 0.168186 0.003858 0.004601 0.007716
0 0.168186 0.003858 0.004601 0.007716
0 0.168186 0.003858 0.004601 0.007716
0 0.168186 0.003858 0.004601 0.007716
0 0.168186 0.003858 0.004601 0.007716
0 0.168186 0.003858 0.004601 0.007716
0 0.168186 0.003858 0.004601 0.007716
0 0.168186 0.003858 0.004601 0.007716
0 0.168186 0.003858 0.004601 0.007716
0 0.168186 0.003858 0.004601 0.007716
0 0.168186 0.003858 0.004601 0.007716
0 0.168186 0.003858 0.004601 0.007716
0 0.168186 0.003858 0.004601 0.007716
0 0.168186 0.003858 0.004601 0.007716
0 0.168186 0.003858 0.004601 0.007716
0 0.168186 0.003858 0.004601 0.007716
0 0.168186 0.003858 0.004601 0.007716
0 0.168186 0.003858 0.004601 0.007716
0 0.168186 0.003858 0.004601 0.007716
0 0.168186 0.003858 0.004601 0.007716
0 0.168186 0.003858 0.004601 0.007716
0 0.168186 0.003858 0.004601 0.007716
0 0.168186 0.003858 0.004601 0.007716
0 0.168186 0.003858 0.004601 0.007716
0 0.168186 0.003858 0.004601 0.007716
0 0.168186 0.003858 0.004601 0.007716
0 0.168186 0.003858 0.004601 0.007716
0 0.168186 0.003858 0.004601 0.007716
0 0.168186 0.003858 0.004601 0.007716
0 0.168186 0.003858 0.004601 0.007716
0 0.168186 0.003858 0.004601 0.007716
0 0.168186 0.003858 0.004601 0.007716
0 0.168186 0.003858 0.004601 0.007716
0 0.168186 0.003858 0.004601 0.007716
0 0.168186 0.003858 0.004601 0.007716
0 0.168186 0.003858 0.004601 0.007716
0 0.168186 0.003858 0.004601 0.007716
0 0.168186 0.003858 0.004601 0.007716
0 0.168186 0.003858 0.004601 0.007716
0 0.168186 0.003858 0.004601 0.007716
0 0.168186 0.003858 0.004601 0.007716
0 0.168186 0.003858 0.004601 0.007716
0 0.168186 0.003858 0.004601 0.007716
0 0.168186 0.003858 0.004601 0.007716
0 0.168186 0.003858 0.004601 0.007716
0 0.168186 0.003858 0.004601 0.007716
0 0.168186 0.003858 0.004601 0.007716
0 0.168186 0.003858 0.004601 0.007716
0 0.168186 0.003858 0.004601 0.007716
0 0.168186 0.003858 0.004601 0.007716
0 0.168186 0.003858 0.004601 0.007716
0 0.168186 0.003858 0.004601 0.007716
0 0.168186 0.003858 0.004601 0.007716
0 0.168186 0.003858 0.004601 0.007716
