0 0.157943 0.143133 0.005122 0.020833
0 0.159158 0.142670 0.005122 0.020833
0 0.160373 0.142670 0.005122 0.020833
0 0.161589 0.142670 0.005122 0.020833
0 0.163064 0.142670 0.005122 0.020833
0 0.164280 0.142670 0.005122 0.020833
0 0.165495 0.142207 0.005122 0.020833
0 0.166970 0.142207 0.005122 0.020833
0 0.168186 0.142207 0.005122 0.020833
0 0.169401 0.142207 0.005122 0.020833
0 0.170877 0.142207 0.005122 0.020833
0 0.171962 0.142207 0.005382 0.020833
0 0.173307 0.142438 0.005642 0.020370
0 0.174566 0.142438 0.005556 0.020370
0 0.175911 0.142901 0.005816 0.020370
0 0.177257 0.142901 0.006076 0.020370
0 0.178342 0.143133 0.006337 0.019907
0 0.179688 0.143364 0.006597 0.020370
0 0.180903 0.143519 0.006597 0.020062
0 0.182248 0.143519 0.006858 0.020062
0 0.183594 0.143904 0.007118 0.019907
0 0.184332 0.143904 0.007031 0.019907
0 0.185286 0.144367 0.007031 0.019907
0 0.186024 0.144830 0.007118 0.019907
0 0.186979 0.144830 0.007118 0.019907
0 0.187717 0.145293 0.007031 0.019907
0 0.188715 0.145679 0.007118 0.020062
0 0.189453 0.145679 0.007031 0.020062
0 0.190408 0.146142 0.007031 0.020062
0 0.191146 0.146528 0.007118 0.019907
0 0.192144 0.146991 0.007031 0.019907
0 0.191884 0.146759 0.007031 0.019444
0 0.191884 0.146759 0.007031 0.019444
0 0.191753 0.146759 0.006771 0.019444
0 0.191753 0.146759 0.006771 0.019444
0 0.191667 0.146759 0.006597 0.019444
0 0.191667 0.146759 0.006597 0.019444
0 0.191536 0.146759 0.006337 0.019444
0 0.191536 0.146759 0.006337 0.019444
0 0.191406 0.146759 0.006076 0.019444
0 0.191406 0.146759 0.006076 0.019444
0 0.191146 0.146373 0.006076 0.019599
0 0.191016 0.146373 0.006337 0.019599
0 0.190755 0.146373 0.006337 0.019599
0 0.190625 0.146373 0.006597 0.019599
0 0.190451 0.146373 0.006597 0.019599
0 0.190321 0.146142 0.006858 0.020062
0 0.190061 0.146142 0.006858 0.020062
0 0.189931 0.146142 0.007118 0.020062
0 0.189670 0.146142 0.007118 0.020062
0 0.189670 0.146142 0.007118 0.020062
0 0.189670 0.146142 0.007118 0.020062
0 0.189670 0.146142 0.007118 0.020062
0 0.189670 0.146142 0.007118 0.020062
0 0.189670 0.146142 0.007118 0.020062
0 0.189670 0.146142 0.007118 0.020062
0 0.189670 0.146142 0.007118 0.020062
0 0.189670 0.146142 0.007118 0.020062
0 0.189670 0.146142 0.007118 0.020062
0 0.189670 0.146142 0.007118 0.020062
0 0.189670 0.146142 0.007118 0.020062
0 0.189323 0.145679 0.006771 0.020062
0 0.189062 0.145679 0.006771 0.020062
0 0.188715 0.145448 0.006597 0.019599
0 0.188455 0.145293 0.006597 0.019907
0 0.188194 0.145293 0.006597 0.019907
0 0.187891 0.145062 0.006337 0.019444
0 0.187630 0.144830 0.006337 0.019907
0 0.187240 0.144599 0.006076 0.019444
0 0.186979 0.144599 0.006076 0.019444
0 0.186892 0.144599 0.005903 0.019444
0 0.186372 0.144136 0.005903 0.019444
0 0.186024 0.144136 0.006076 0.019444
0 0.185634 0.143904 0.006337 0.019907
0 0.185200 0.143750 0.006337 0.019599
0 0.184939 0.143750 0.006337 0.019599
0 0.184549 0.143519 0.006597 0.020062
0 0.184071 0.143287 0.006510 0.019599
0 0.183724 0.143133 0.006858 0.019907
0 0.183333 0.143133 0.007118 0.019907
0 0.183073 0.143133 0.007118 0.019907
0 0.182856 0.142670 0.007031 0.019907
0 0.182595 0.142670 0.007031 0.019907
0 0.182378 0.142207 0.007118 0.019907
0 0.182118 0.142207 0.007118 0.019907
0 0.182118 0.142207 0.007118 0.019907
0 0.181858 0.141744 0.007118 0.019907
0 0.181641 0.141744 0.007031 0.019907
0 0.181380 0.141358 0.007031 0.020062
0 0.181163 0.141358 0.007118 0.020062
0 0.181163 0.141358 0.007118 0.020062
0 0.180642 0.140895 0.007118 0.020062
0 0.180165 0.140895 0.007031 0.020062
0 0.179905 0.140895 0.007031 0.020062
0 0.179427 0.140895 0.007118 0.020062
0 0.179210 0.140895 0.007031 0.020062
0 0.178689 0.140895 0.007031 0.020062
0 0.178212 0.140895 0.007118 0.020062
0 0.177951 0.140895 0.007118 0.020062
0 0.177474 0.140895 0.007031 0.020062
0 0.177257 0.140895 0.007118 0.020062
0 0.176997 0.140509 0.007118 0.019907
0 0.176736 0.140046 0.007118 0.019907
0 0.176736 0.140046 0.007118 0.019907
0 0.176519 0.139583 0.007031 0.019907
0 0.176519 0.139583 0.007031 0.019907
0 0.176259 0.139198 0.007031 0.020062
0 0.175998 0.138735 0.007031 0.020062
0 0.175998 0.138735 0.007031 0.020062
0 0.175781 0.138349 0.007118 0.019907
0 0.175781 0.138349 0.007118 0.019907
0 0.175304 0.137886 0.007031 0.019907
0 0.174783 0.137886 0.007031 0.019907
0 0.174566 0.137886 0.007118 0.019907
0 0.174045 0.137423 0.007118 0.019907
0 0.173828 0.137423 0.007031 0.019907
0 0.173351 0.137423 0.007118 0.019907
0 0.172830 0.136960 0.007118 0.019907
0 0.172613 0.136960 0.007031 0.019907
0 0.172135 0.136960 0.007118 0.019907
0 0.171875 0.136960 0.007118 0.019907
0 0.171398 0.136574 0.007031 0.020062
0 0.171137 0.136574 0.007031 0.020062
0 0.170660 0.136574 0.007118 0.020062
0 0.170399 0.136574 0.007118 0.020062
0 0.169922 0.136574 0.007031 0.020062
0 0.169661 0.136188 0.007031 0.019907
0 0.169184 0.136188 0.007118 0.019907
0 0.168924 0.136188 0.007118 0.019907
0 0.168446 0.136188 0.007031 0.019907
0 0.168229 0.136188 0.007118 0.019907
0 0.167708 0.135725 0.007118 0.019907
0 0.167361 0.135494 0.006771 0.020370
0 0.167014 0.135262 0.006597 0.020833
0 0.166753 0.134799 0.006597 0.020833
0 0.166363 0.134799 0.006337 0.020833
0 0.165929 0.134568 0.006337 0.021296
0 0.165668 0.134182 0.006337 0.021142
0 0.165278 0.133951 0.006076 0.021605
0 0.164931 0.133719 0.005903 0.022068
0 0.164670 0.133719 0.005903 0.022068
0 0.164193 0.133333 0.005816 0.022222
0 0.163802 0.133333 0.006076 0.022222
0 0.163325 0.133333 0.006163 0.022222
0 0.163108 0.133102 0.006076 0.021759
0 0.162587 0.133102 0.006076 0.021759
0 0.162196 0.132870 0.006337 0.022222
0 0.161892 0.132639 0.006076 0.021759
0 0.161502 0.132639 0.006337 0.021759
0 0.160981 0.132639 0.006337 0.021759
0 0.160764 0.132639 0.006424 0.021759
0 0.160286 0.132253 0.006337 0.021605
0 0.160026 0.132253 0.006337 0.021605
0 0.159549 0.132253 0.006424 0.021605
0 0.159332 0.131790 0.006337 0.021605
0 0.158811 0.131790 0.006337 0.021605
0 0.158550 0.131790 0.006337 0.021605
0 0.158116 0.131404 0.006337 0.021759
0 0.157856 0.131404 0.006337 0.021759
0 0.157335 0.131404 0.006337 0.021759
0 0.157075 0.131404 0.006337 0.021759
0 0.156641 0.130941 0.006337 0.021759
0 0.156120 0.130941 0.006337 0.021759
0 0.155642 0.130941 0.006424 0.021759
0 0.155165 0.130478 0.006337 0.021759
0 0.154905 0.130478 0.006337 0.021759
0 0.154384 0.130478 0.006337 0.021759
0 0.153950 0.130093 0.006337 0.021605
0 0.153429 0.130093 0.006337 0.021605
0 0.152995 0.130093 0.006337 0.021605
0 0.152734 0.130093 0.006337 0.021605
0 0.152995 0.129630 0.006337 0.021605
0 0.153429 0.129167 0.006337 0.021605
0 0.153950 0.128781 0.006337 0.021759
0 0.154384 0.128318 0.006337 0.021759
0 0.154905 0.127932 0.006337 0.021605
0 0.155165 0.127469 0.006337 0.021605
0 0.155642 0.127006 0.006424 0.021605
0 0.156120 0.126620 0.006337 0.021759
0 0.156641 0.126157 0.006337 0.021759
0 0.157075 0.126157 0.006337 0.021759
