0 0.223828 0.016821 0.012934 0.022531
0 0.201389 0.014892 0.011979 0.020525
0 0.179080 0.013426 0.010764 0.018210
0 0.156727 0.011883 0.009462 0.016049
0 0.134418 0.010108 0.008247 0.014352
0 0.112066 0.008565 0.007118 0.012191
0 0.089757 0.007099 0.005903 0.009877
0 0.067405 0.005324 0.004601 0.008179
0 0.045095 0.003781 0.003385 0.006019
0 0.022786 0.002315 0.002170 0.004012
0 0.000477 0.000849 0.000955 0.001698
0 0.022786 0.002315 0.002170 0.004012
0 0.045095 0.003781 0.003385 0.006019
0 0.067405 0.005324 0.004601 0.008179
0 0.089757 0.007099 0.005903 0.009877
0 0.112066 0.008565 0.007118 0.012191
0 0.134418 0.010108 0.008247 0.014352
0 0.156727 0.011883 0.009462 0.016049
0 0.179080 0.013426 0.010764 0.018210
0 0.201389 0.014892 0.011979 0.020525
0 0.223828 0.016821 0.012934 0.022531
0 0.223828 0.016821 0.012934 0.022531
0 0.223828 0.016821 0.012934 0.022531
0 0.223828 0.016821 0.012934 0.022531
0 0.223828 0.016821 0.012934 0.022531
0 0.223828 0.016821 0.012934 0.022531
0 0.223828 0.016821 0.012934 0.022531
0 0.223828 0.016821 0.012934 0.022531
0 0.223828 0.016821 0.012934 0.022531
0 0.223828 0.016821 0.012934 0.022531
0 0.223828 0.016821 0.012934 0.022531
0 0.223828 0.016821 0.012934 0.022531
0 0.223828 0.016821 0.012934 0.022531
0 0.223828 0.016821 0.012934 0.022531
0 0.223828 0.016821 0.012934 0.022531
0 0.223828 0.016821 0.012934 0.022531
0 0.223828 0.016821 0.012934 0.022531
0 0.223828 0.016821 0.012934 0.022531
0 0.223828 0.016821 0.012934 0.022531
0 0.223828 0.016821 0.012934 0.022531
0 0.223828 0.016821 0.012934 0.022531
0 0.223828 0.016821 0.012934 0.022531
0 0.223828 0.016821 0.012934 0.022531
0 0.223828 0.016821 0.012934 0.022531
0 0.223828 0.016821 0.012934 0.022531
0 0.223828 0.016821 0.012934 0.022531
0 0.223828 0.016821 0.012934 0.022531
0 0.223828 0.016821 0.012934 0.022531
0 0.223828 0.016821 0.012934 0.022531
0 0.223828 0.016821 0.012934 0.022531
0 0.223828 0.016821 0.012934 0.022531
0 0.223828 0.016821 0.012934 0.022531
0 0.223828 0.016821 0.012934 0.022531
0 0.223828 0.016821 0.012934 0.022531
0 0.223828 0.016821 0.012934 0.022531
0 0.223828 0.016821 0.012934 0.022531
0 0.223828 0.016821 0.012934 0.022531
0 0.223828 0.016821 0.012934 0.022531
0 0.223828 0.016821 0.012934 0.022531
0 0.223828 0.016821 0.012934 0.022531
0 0.223828 0.016821 0.012934 0.022531
0 0.223828 0.016821 0.012934 0.022531
0 0.223828 0.016821 0.012934 0.022531
0 0.223828 0.016821 0.012934 0.022531
0 0.223828 0.016821 0.012934 0.022531
0 0.223828 0.016821 0.012934 0.022531
0 0.223828 0.016821 0.012934 0.022531
0 0.223828 0.016821 0.012934 0.022531
0 0.223828 0.016821 0.012934 0.022531
0 0.223828 0.016821 0.012934 0.022531
0 0.223828 0.016821 0.012934 0.022531
0 0.223828 0.016821 0.012934 0.022531
0 0.223828 0.016821 0.012934 0.022531
0 0.223828 0.016821 0.012934 0.022531
0 0.223828 0.016821 0.012934 0.022531
0 0.223828 0.016821 0.012934 0.022531
0 0.223828 0.016821 0.012934 0.022531
0 0.223828 0.016821 0.012934 0.022531
0 0.223828 0.016821 0.012934 0.022531
0 0.223828 0.016821 0.012934 0.022531
0 0.223828 0.016821 0.012934 0.022531
0 0.223828 0.016821 0.012934 0.022531
0 0.223828 0.016821 0.012934 0.022531
0 0.223828 0.016821 0.012934 0.022531
0 0.223828 0.016821 0.012934 0.022531
0 0.223828 0.016821 0.012934 0.022531
0 0.223828 0.016821 0.012934 0.022531
0 0.223828 0.016821 0.012934 0.022531
0 0.223828 0.016821 0.012934 0.022531
0 0.223828 0.016821 0.012934 0.022531
0 0.223828 0.016821 0.012934 0.022531
0 0.223828 0.016821 0.012934 0.022531
0 0.223828 0.016821 0.012934 0.022531
0 0.223828 0.016821 0.012934 0.022531
0 0.223828 0.016821 0.012934 0.022531
0 0.223828 0.016821 0.012934 0.022531
0 0.223828 0.016821 0.012934 0.022531
0 0.223828 0.016821 0.012934 0.022531
0 0.223828 0.016821 0.012934 0.022531
0 0.223828 0.016821 0.012934 0.022531
0 0.223828 0.016821 0.012934 0.022531
0 0.223828 0.016821 0.012934 0.022531
0 0.223828 0.016821 0.012934 0.022531
0 0.223828 0.016821 0.012934 0.022531
0 0.223828 0.016821 0.012934 0.022531
0 0.223828 0.016821 0.012934 0.022531
0 0.223828 0.016821 0.012934 0.022531
0 0.223828 0.016821 0.012934 0.022531
0 0.223828 0.016821 0.012934 0.022531
0 0.223828 0.016821 0.012934 0.022531
0 0.223828 0.016821 0.012934 0.022531
0 0.223828 0.016821 0.012934 0.022531
0 0.223828 0.016821 0.012934 0.022531
0 0.223828 0.016821 0.012934 0.022531
0 0.223828 0.016821 0.012934 0.022531
0 0.223828 0.016821 0.012934 0.022531
0 0.223828 0.016821 0.012934 0.022531
0 0.223828 0.016821 0.012934 0.022531
0 0.223828 0.016821 0.012934 0.022531
0 0.223828 0.016821 0.012934 0.022531
0 0.223828 0.016821 0.012934 0.022531
0 0.223828 0.016821 0.012934 0.022531
0 0.223828 0.016821 0.012934 0.022531
0 0.223828 0.016821 0.012934 0.022531
0 0.223828 0.016821 0.012934 0.022531
0 0.223828 0.016821 0.012934 0.022531
0 0.223828 0.016821 0.012934 0.022531
0 0.223828 0.016821 0.012934 0.022531
0 0.223828 0.016821 0.012934 0.022531
0 0.223828 0.016821 0.012934 0.022531
0 0.223828 0.016821 0.012934 0.022531
0 0.223958 0.020370 0.013194 0.022531
0 0.224089 0.023765 0.013455 0.022531
0 0.224219 0.027315 0.013715 0.022531
0 0.224306 0.030941 0.013889 0.022068
0 0.224566 0.034568 0.014410 0.022531
0 0.224696 0.038117 0.014670 0.022531
0 0.224826 0.041744 0.014931 0.022068
0 0.224957 0.045293 0.015191 0.022068
0 0.225043 0.048688 0.015365 0.022068
0 0.225434 0.052623 0.015625 0.022222
0 0.225174 0.056559 0.015625 0.022068
0 0.224913 0.060880 0.015625 0.022068
0 0.224826 0.064738 0.015451 0.022068
0 0.224740 0.069136 0.015625 0.022222
0 0.224609 0.073457 0.015365 0.022222
0 0.224349 0.077392 0.015365 0.022068
0 0.224219 0.081713 0.015625 0.022068
0 0.224089 0.085571 0.015365 0.022068
0 0.223828 0.089892 0.015365 0.022068
0 0.223828 0.094290 0.015365 0.022222
0 0.223568 0.098225 0.015365 0.022068
0 0.223394 0.102083 0.015365 0.022068
0 0.223134 0.106250 0.015365 0.021759
0 0.222873 0.110340 0.015365 0.022222
0 0.222873 0.114429 0.015365 0.021759
0 0.222613 0.118364 0.015365 0.021605
0 0.222352 0.122454 0.015365 0.022068
0 0.222135 0.126620 0.015451 0.021759
0 0.221918 0.130478 0.015365 0.021759
0 0.221918 0.134799 0.015365 0.021759
0 0.221398 0.141358 0.015365 0.021605
0 0.221007 0.147840 0.015625 0.021605
0 0.220703 0.154398 0.015885 0.021759
0 0.220182 0.161111 0.015885 0.021296
0 0.219835 0.167824 0.016059 0.021759
0 0.219444 0.174306 0.016319 0.021759
0 0.218967 0.181019 0.016406 0.021296
0 0.218620 0.187500 0.016580 0.021296
0 0.218229 0.194059 0.016840 0.021142
0 0.217839 0.201003 0.017101 0.021142
0 0.215668 0.206636 0.017101 0.021296
0 0.213498 0.212654 0.017101 0.021296
0 0.211285 0.218364 0.017014 0.021296
0 0.209071 0.224383 0.017101 0.021296
0 0.206901 0.230093 0.017101 0.021296
0 0.204687 0.236111 0.017014 0.021296
0 0.202474 0.241821 0.017101 0.021296
0 0.200304 0.247840 0.017101 0.021296
0 0.198134 0.253472 0.017101 0.021142
0 0.195877 0.259568 0.017101 0.021296
