0 0.016189 0.124383 0.008594 0.023457
0 0.016189 0.124383 0.008594 0.023457
0 0.016189 0.124383 0.008594 0.023457
0 0.016189 0.124383 0.008594 0.023457
0 0.016189 0.124383 0.008594 0.023457
0 0.016189 0.124383 0.008594 0.023457
0 0.016189 0.124383 0.008594 0.023457
0 0.016189 0.124383 0.008594 0.023457
0 0.016189 0.124383 0.008594 0.023457
0 0.016189 0.124383 0.008594 0.023457
0 0.016189 0.124383 0.008594 0.023457
0 0.016189 0.124383 0.008594 0.023457
0 0.016189 0.124383 0.008594 0.023457
0 0.016189 0.124383 0.008594 0.023457
0 0.016189 0.124383 0.008594 0.023457
0 0.016189 0.124383 0.008594 0.023457
0 0.016189 0.124383 0.008594 0.023457
0 0.016189 0.124383 0.008594 0.023457
0 0.016189 0.124383 0.008594 0.023457
0 0.016189 0.124383 0.008594 0.023457
0 0.016189 0.124383 0.008594 0.023457
0 0.040234 0.121451 0.008247 0.023457
0 0.064366 0.118827 0.008247 0.023457
0 0.088411 0.116204 0.008073 0.023457
0 0.112674 0.113349 0.007812 0.022994
0 0.136892 0.110725 0.007812 0.022994
0 0.160894 0.108102 0.007552 0.022994
0 0.185156 0.105401 0.007292 0.022531
0 0.209201 0.102778 0.007118 0.022531
0 0.233377 0.100154 0.007031 0.022531
0 0.257639 0.097531 0.006771 0.022531
0 0.252300 0.096219 0.006858 0.022685
0 0.247179 0.095139 0.006858 0.022068
0 0.241927 0.094059 0.006597 0.021759
0 0.236806 0.092978 0.006597 0.021142
0 0.231554 0.091898 0.006337 0.020833
0 0.226432 0.090586 0.006337 0.020679
0 0.221181 0.089506 0.006076 0.020370
0 0.216059 0.088426 0.006076 0.020062
0 0.210807 0.087346 0.005816 0.019444
0 0.205686 0.086497 0.005816 0.019599
0 0.204427 0.086497 0.005903 0.019599
0 0.203212 0.086497 0.005903 0.019599
0 0.202127 0.086497 0.006163 0.019599
0 0.201042 0.086497 0.005903 0.019599
0 0.199913 0.086497 0.006076 0.019599
0 0.198698 0.086497 0.006076 0.019599
0 0.197613 0.086497 0.005816 0.019599
0 0.196528 0.086497 0.006076 0.019599
0 0.195312 0.086497 0.006076 0.019599
0 0.194314 0.086497 0.006163 0.019599
0 0.194314 0.086497 0.006163 0.019599
0 0.194314 0.086497 0.006163 0.019599
0 0.194314 0.086497 0.006163 0.019599
0 0.194314 0.086497 0.006163 0.019599
0 0.194314 0.086497 0.006163 0.019599
0 0.194314 0.086497 0.006163 0.019599
0 0.194314 0.086497 0.006163 0.019599
0 0.194314 0.086497 0.006163 0.019599
0 0.194314 0.086497 0.006163 0.019599
0 0.194314 0.086728 0.006163 0.019136
0 0.194097 0.086728 0.006076 0.019136
0 0.193837 0.086728 0.006076 0.019136
0 0.193576 0.086728 0.006076 0.019136
0 0.193316 0.086728 0.006076 0.019136
0 0.193099 0.087114 0.006163 0.018981
0 0.192882 0.087114 0.006076 0.018981
0 0.192622 0.087114 0.006076 0.018981
0 0.192361 0.087114 0.006076 0.018981
0 0.192101 0.087114 0.006076 0.018981
0 0.192101 0.087577 0.006076 0.018981
0 0.190885 0.087114 0.006076 0.018981
0 0.189931 0.086883 0.006076 0.019444
0 0.188715 0.086883 0.006076 0.019444
0 0.187760 0.086651 0.006076 0.019907
0 0.186502 0.086651 0.006163 0.019907
0 0.185547 0.086420 0.006163 0.020370
0 0.184288 0.086188 0.006076 0.020833
0 0.183333 0.086188 0.006076 0.020833
0 0.182118 0.086034 0.006076 0.021142
0 0.181163 0.086034 0.006076 0.021142
0 0.180165 0.086034 0.006163 0.021142
0 0.179167 0.086034 0.006076 0.021142
0 0.178212 0.086034 0.006076 0.021142
0 0.177257 0.086034 0.006076 0.021142
0 0.176259 0.086034 0.006163 0.021142
0 0.175260 0.086034 0.006076 0.021142
0 0.174306 0.086034 0.006076 0.021142
0 0.173351 0.086034 0.006076 0.021142
0 0.172352 0.086034 0.006163 0.021142
0 0.171354 0.086188 0.006076 0.020833
0 0.168924 0.086188 0.006076 0.020833
0 0.166493 0.086188 0.006076 0.020833
0 0.164062 0.086651 0.006076 0.020833
0 0.161632 0.086651 0.006076 0.020833
0 0.159201 0.087114 0.006076 0.020833
0 0.156771 0.087114 0.006076 0.020833
0 0.154297 0.087114 0.006163 0.020833
0 0.151866 0.087577 0.006163 0.020833
0 0.149392 0.087577 0.006076 0.020833
0 0.147222 0.088040 0.006076 0.020833
0 0.143576 0.088426 0.006076 0.020679
0 0.140148 0.088812 0.006163 0.020833
0 0.136458 0.089275 0.006076 0.020833
0 0.133073 0.089738 0.006076 0.020833
0 0.129557 0.090201 0.006337 0.020833
0 0.125998 0.090586 0.006163 0.020679
0 0.122439 0.090972 0.006337 0.020833
0 0.118924 0.091435 0.006076 0.020833
0 0.115408 0.091898 0.006337 0.020833
0 0.111936 0.092361 0.006337 0.020833
0 0.107205 0.093596 0.006076 0.020833
0 0.102561 0.094985 0.006163 0.020833
0 0.097917 0.096219 0.006076 0.020833
0 0.093316 0.097531 0.006076 0.020679
0 0.088628 0.098843 0.006076 0.020833
0 0.084028 0.100077 0.006076 0.020833
0 0.079384 0.101466 0.006163 0.020833
0 0.074740 0.102701 0.006076 0.020833
0 0.070139 0.104090 0.006076 0.020833
0 0.065451 0.105556 0.006076 0.021296
0 0.060460 0.107253 0.006337 0.021296
0 0.055469 0.109259 0.006597 0.021605
0 0.050477 0.110957 0.006858 0.021605
0 0.045703 0.112886 0.007031 0.022068
0 0.040712 0.114892 0.007292 0.022685
0 0.035720 0.116667 0.007552 0.022531
0 0.030946 0.118596 0.007726 0.022994
0 0.025955 0.120293 0.007986 0.022994
0 0.020920 0.122222 0.008333 0.023457
0 0.016189 0.124383 0.008594 0.023457
0 0.016189 0.124383 0.008594 0.023457
0 0.016189 0.124383 0.008594 0.023457
0 0.016189 0.124383 0.008594 0.023457
0 0.016189 0.124383 0.008594 0.023457
0 0.016189 0.124383 0.008594 0.023457
0 0.016189 0.124383 0.008594 0.023457
0 0.016189 0.124383 0.008594 0.023457
0 0.016189 0.124383 0.008594 0.023457
0 0.016189 0.124383 0.008594 0.023457
0 0.016189 0.124383 0.008594 0.023457
0 0.016189 0.124383 0.008594 0.023457
0 0.016189 0.124383 0.008594 0.023457
0 0.016189 0.124383 0.008594 0.023457
0 0.016189 0.124383 0.008594 0.023457
0 0.016189 0.124383 0.008594 0.023457
0 0.016189 0.124383 0.008594 0.023457
0 0.016189 0.124383 0.008594 0.023457
0 0.016189 0.124383 0.008594 0.023457
0 0.016189 0.124383 0.008594 0.023457
0 0.016189 0.124383 0.008594 0.023457
0 0.016189 0.124383 0.008594 0.023457
0 0.016189 0.124383 0.008594 0.023457
0 0.016189 0.124383 0.008594 0.023457
0 0.016189 0.124383 0.008594 0.023457
0 0.016189 0.124383 0.008594 0.023457
0 0.016189 0.124383 0.008594 0.023457
0 0.016189 0.124383 0.008594 0.023457
0 0.016189 0.124383 0.008594 0.023457
0 0.016189 0.124383 0.008594 0.023457
0 0.016189 0.124383 0.008594 0.023457
0 0.016189 0.124383 0.008594 0.023457
0 0.016189 0.124383 0.008594 0.023457
0 0.016189 0.124383 0.008594 0.023457
0 0.016189 0.124383 0.008594 0.023457
0 0.016189 0.124383 0.008594 0.023457
0 0.016189 0.124383 0.008594 0.023457
0 0.016189 0.124383 0.008594 0.023457
0 0.016189 0.124383 0.008594 0.023457
0 0.016189 0.124383 0.008594 0.023457
0 0.016189 0.124383 0.008594 0.023457
0 0.016189 0.124383 0.008594 0.023457
0 0.016189 0.124383 0.008594 0.023457
0 0.016189 0.124383 0.008594 0.023457
0 0.016189 0.124383 0.008594 0.023457
0 0.016189 0.124383 0.008594 0.023457
0 0.016189 0.124383 0.008594 0.023457
0 0.016189 0.124383 0.008594 0.023457
0 0.016189 0.124383 0.008594 0.023457
0 0.016189 0.124383 0.008594 0.023457
0 0.016189 0.124383 0.008594 0.023457
