0 0.157595 0.235648 0.002865 0.006481
0 0.157595 0.235648 0.002865 0.006481
0 0.157595 0.235648 0.002865 0.006481
0 0.157595 0.235648 0.002865 0.006481
0 0.157595 0.235648 0.002865 0.006481
0 0.157595 0.235648 0.002865 0.006481
0 0.157595 0.235648 0.002865 0.006481
0 0.157595 0.235648 0.002865 0.006481
0 0.157595 0.235648 0.002865 0.006481
0 0.157595 0.235648 0.002865 0.006481
0 0.157595 0.235648 0.002865 0.006481
0 0.157595 0.235648 0.002865 0.006481
0 0.157595 0.235648 0.002865 0.006481
0 0.157595 0.235648 0.002865 0.006481
0 0.157595 0.235648 0.002865 0.006481
0 0.157595 0.235648 0.002865 0.006481
0 0.157595 0.235648 0.002865 0.006481
0 0.157595 0.235648 0.002865 0.006481
0 0.157595 0.235648 0.002865 0.006481
0 0.157595 0.235648 0.002865 0.006481
0 0.157595 0.235648 0.002865 0.006481
0 0.157595 0.235648 0.002865 0.006481
0 0.157595 0.235648 0.002865 0.006481
0 0.157595 0.235648 0.002865 0.006481
0 0.157595 0.235648 0.002865 0.006481
0 0.157595 0.235648 0.002865 0.006481
0 0.157595 0.235648 0.002865 0.006481
0 0.157595 0.235648 0.002865 0.006481
0 0.157595 0.235648 0.002865 0.006481
0 0.157595 0.235648 0.002865 0.006481
0 0.157595 0.235648 0.002865 0.006481
0 0.157595 0.235648 0.002865 0.006481
0 0.157595 0.235648 0.002865 0.006481
0 0.157595 0.235648 0.002865 0.006481
0 0.157595 0.235648 0.002865 0.006481
0 0.157595 0.235648 0.002865 0.006481
0 0.157595 0.235648 0.002865 0.006481
0 0.157595 0.235648 0.002865 0.006481
0 0.157595 0.235648 0.002865 0.006481
0 0.157595 0.235648 0.002865 0.006481
0 0.157595 0.235648 0.002865 0.006481
0 0.157595 0.235648 0.002865 0.006481
0 0.157595 0.235648 0.002865 0.006481
0 0.157595 0.235648 0.002865 0.006481
0 0.157595 0.235648 0.002865 0.006481
0 0.157595 0.235648 0.002865 0.006481
0 0.157595 0.235648 0.002865 0.006481
0 0.157595 0.235648 0.002865 0.006481
0 0.157595 0.235648 0.002865 0.006481
0 0.157595 0.235648 0.002865 0.006481
0 0.157595 0.235648 0.002865 0.006481
0 0.157595 0.235648 0.002865 0.006481
0 0.157595 0.235648 0.002865 0.006481
0 0.157595 0.235648 0.002865 0.006481
0 0.157595 0.235648 0.002865 0.006481
0 0.157595 0.235648 0.002865 0.006481
0 0.157595 0.235648 0.002865 0.006481
0 0.157595 0.235648 0.002865 0.006481
0 0.157595 0.235648 0.002865 0.006481
0 0.157595 0.235648 0.002865 0.006481
0 0.157595 0.235648 0.002865 0.006481
0 0.157595 0.235648 0.002865 0.006481
0 0.157595 0.235648 0.002865 0.006481
0 0.157595 0.235648 0.002865 0.006481
0 0.157595 0.235648 0.002865 0.006481
0 0.157595 0.235648 0.002865 0.006481
0 0.157595 0.235648 0.002865 0.006481
0 0.157595 0.235648 0.002865 0.006481
0 0.157595 0.235648 0.002865 0.006481
0 0.157595 0.235648 0.002865 0.006481
0 0.157595 0.235648 0.002865 0.006481
0 0.157595 0.235648 0.002865 0.006481
0 0.157595 0.235648 0.002865 0.006481
0 0.157595 0.235648 0.002865 0.006481
0 0.157595 0.235648 0.002865 0.006481
0 0.157595 0.235648 0.002865 0.006481
0 0.157595 0.235648 0.002865 0.006481
0 0.157595 0.235648 0.002865 0.006481
0 0.157595 0.235648 0.002865 0.006481
0 0.157595 0.235648 0.002865 0.006481
0 0.157812 0.236111 0.002951 0.006481
0 0.157595 0.235648 0.002865 0.006481
0 0.157595 0.235648 0.002865 0.006481
0 0.157595 0.235648 0.002865 0.006481
0 0.157595 0.235262 0.002865 0.006636
0 0.157595 0.235262 0.002865 0.006636
0 0.157378 0.235262 0.002951 0.006636
0 0.157378 0.234877 0.002951 0.006481
0 0.157378 0.234877 0.002951 0.006481
0 0.157378 0.234877 0.002951 0.006481
0 0.157378 0.234877 0.002951 0.006481
0 0.157118 0.234414 0.003472 0.006481
0 0.156988 0.234182 0.004080 0.006944
0 0.156858 0.233951 0.004861 0.006481
0 0.156597 0.233719 0.005382 0.006944
0 0.156510 0.233719 0.006076 0.006944
0 0.156380 0.233256 0.006858 0.006944
0 0.156120 0.233102 0.007378 0.007253
0 0.156033 0.232948 0.008073 0.006944
0 0.155859 0.232716 0.008767 0.007407
0 0.155859 0.232716 0.009288 0.007407
0 0.155729 0.232485 0.009028 0.007870
0 0.155729 0.232253 0.009028 0.008333
0 0.155729 0.232022 0.009028 0.008796
0 0.155729 0.232022 0.009028 0.008796
0 0.155729 0.231867 0.009028 0.009105
0 0.155642 0.231636 0.008854 0.009568
0 0.155642 0.231636 0.008854 0.009568
0 0.155642 0.231404 0.008854 0.010031
0 0.155642 0.231173 0.008854 0.010494
0 0.155773 0.231327 0.008594 0.010802
0 0.155512 0.230941 0.008594 0.010957
0 0.155382 0.230710 0.008333 0.011420
0 0.155382 0.230324 0.008333 0.011265
0 0.155165 0.230093 0.008247 0.011728
0 0.155165 0.229861 0.008247 0.012191
0 0.155035 0.229398 0.007986 0.012191
0 0.154818 0.229167 0.008073 0.012654
0 0.154818 0.228781 0.008073 0.012500
0 0.154687 0.228549 0.007812 0.012963
0 0.154687 0.228549 0.007812 0.012963
0 0.154818 0.228086 0.007552 0.012963
0 0.155035 0.227701 0.007639 0.013117
0 0.155252 0.227469 0.007552 0.012654
0 0.155382 0.227006 0.007292 0.012654
0 0.155642 0.227006 0.007292 0.012654
0 0.155903 0.226620 0.007292 0.012500
0 0.155990 0.226157 0.007118 0.012500
0 0.156250 0.225926 0.007118 0.012037
0 0.156510 0.225540 0.007118 0.012191
0 0.156858 0.225540 0.006771 0.012191
0 0.156858 0.225077 0.006771 0.012191
0 0.156858 0.225077 0.006771 0.012191
0 0.156988 0.225077 0.007031 0.012191
0 0.156988 0.224846 0.007031 0.012654
0 0.157118 0.224846 0.007292 0.012654
0 0.157118 0.224846 0.007292 0.012654
0 0.157118 0.224614 0.007292 0.013117
0 0.157248 0.224614 0.007552 0.013117
0 0.157248 0.224614 0.007552 0.013117
0 0.157378 0.224614 0.007812 0.013117
0 0.157378 0.224460 0.007812 0.013426
0 0.157378 0.224460 0.007812 0.013426
0 0.157378 0.224228 0.007812 0.013889
0 0.157378 0.224228 0.007812 0.013889
0 0.157378 0.224228 0.007812 0.014815
0 0.157378 0.224228 0.007812 0.014815
0 0.157378 0.223997 0.007812 0.015278
0 0.157378 0.223997 0.007812 0.015278
0 0.157378 0.223765 0.007812 0.015741
0 0.157509 0.223920 0.007552 0.016049
0 0.157595 0.223920 0.007726 0.016049
0 0.157812 0.224151 0.007812 0.015586
0 0.158073 0.224151 0.007812 0.015586
0 0.158333 0.224383 0.007812 0.015123
0 0.158594 0.224614 0.007812 0.014660
0 0.158724 0.224614 0.008073 0.014660
0 0.158941 0.224846 0.007986 0.014198
0 0.159158 0.224846 0.008073 0.014198
0 0.159418 0.225000 0.008073 0.013889
0 0.159679 0.225231 0.008073 0.013426
0 0.159939 0.225231 0.008073 0.013426
0 0.160156 0.225231 0.007986 0.013426
0 0.160503 0.225231 0.007812 0.013426
0 0.160894 0.225463 0.008073 0.012963
0 0.161285 0.225463 0.007812 0.012963
0 0.161458 0.225463 0.007812 0.012963
0 0.161849 0.225694 0.008073 0.012500
0 0.162240 0.225694 0.007812 0.012500
0 0.162500 0.225694 0.007812 0.012500
0 0.162934 0.225926 0.007812 0.012037
0 0.163194 0.225926 0.007812 0.012037
0 0.163455 0.225926 0.007812 0.012037
0 0.163715 0.226157 0.007812 0.012500
0 0.164062 0.226157 0.007639 0.012500
0 0.164280 0.226620 0.007552 0.012500
0 0.164540 0.226620 0.007552 0.012500
0 0.164931 0.226620 0.007292 0.012500
0 0.165148 0.226852 0.007378 0.012963
0 0.165408 0.226852 0.007378 0.012963
0 0.165755 0.227238 0.007031 0.013117
