0 0.074870 0.161111 0.011198 0.011728
0 0.074262 0.162809 0.011024 0.011728
0 0.073785 0.164506 0.010937 0.011728
0 0.073264 0.166358 0.010937 0.011728
0 0.072786 0.168056 0.011024 0.011728
0 0.072309 0.169753 0.010937 0.011728
0 0.071832 0.171451 0.011024 0.011728
0 0.071354 0.173225 0.010937 0.011574
0 0.070833 0.175000 0.010937 0.011728
0 0.070356 0.176698 0.011024 0.011728
0 0.069878 0.178858 0.010937 0.011728
0 0.069618 0.180556 0.010937 0.011728
0 0.069401 0.182407 0.011024 0.011728
0 0.069141 0.184105 0.011024 0.011728
0 0.068880 0.185802 0.011024 0.011728
0 0.068663 0.187731 0.010937 0.011265
0 0.068403 0.189506 0.010937 0.011420
0 0.068142 0.191281 0.010937 0.011265
0 0.067925 0.192978 0.011024 0.011265
0 0.067665 0.194676 0.011024 0.011265
0 0.067665 0.196836 0.011024 0.011265
0 0.067448 0.198457 0.010937 0.011728
0 0.067187 0.199923 0.010937 0.012191
0 0.066927 0.201466 0.010937 0.012500
0 0.066710 0.202932 0.011024 0.012963
0 0.066710 0.204630 0.011024 0.013889
0 0.066450 0.206250 0.011024 0.014352
0 0.066189 0.207716 0.011024 0.014815
0 0.065972 0.209259 0.010937 0.015123
0 0.065712 0.210725 0.010937 0.015586
0 0.065712 0.212654 0.010937 0.016049
0 0.065495 0.214043 0.011024 0.016049
0 0.065365 0.215741 0.010764 0.016049
0 0.065104 0.217207 0.010764 0.015586
0 0.064974 0.219059 0.010503 0.015586
0 0.064974 0.220525 0.010503 0.015123
0 0.064714 0.222222 0.010503 0.015123
0 0.064583 0.223765 0.010243 0.014815
0 0.064410 0.225463 0.010243 0.014815
0 0.064280 0.227083 0.009983 0.014352
0 0.064280 0.228781 0.009983 0.014352
0 0.064019 0.230015 0.009983 0.014352
0 0.063759 0.231790 0.009983 0.014198
0 0.063759 0.233102 0.009983 0.014352
0 0.063498 0.234799 0.009983 0.014352
0 0.063498 0.236574 0.009983 0.014198
0 0.063281 0.237886 0.010069 0.014352
0 0.063064 0.239583 0.009983 0.014352
0 0.063064 0.240895 0.009983 0.014198
0 0.062804 0.242670 0.009983 0.014352
0 0.062804 0.244367 0.009983 0.014352
0 0.062543 0.245679 0.009983 0.014198
0 0.062543 0.246991 0.009983 0.014352
0 0.062543 0.248688 0.009983 0.014352
0 0.062283 0.250000 0.009983 0.014198
0 0.062283 0.251775 0.009983 0.014352
0 0.062283 0.253009 0.009983 0.014352
0 0.062066 0.254398 0.010069 0.014352
0 0.062066 0.256096 0.010069 0.014352
0 0.062066 0.257407 0.010069 0.014198
0 0.062066 0.259182 0.010069 0.014352
0 0.062066 0.260417 0.010069 0.014352
0 0.062066 0.261728 0.010069 0.014198
0 0.062066 0.263040 0.010069 0.014352
0 0.062066 0.264275 0.010069 0.014352
0 0.062283 0.265664 0.009983 0.014352
0 0.062283 0.266898 0.009983 0.014352
0 0.062283 0.268287 0.009983 0.014352
0 0.062283 0.269522 0.009983 0.014352
0 0.062283 0.270833 0.009983 0.014198
0 0.062543 0.272608 0.009983 0.014352
0 0.062543 0.273457 0.009983 0.014198
0 0.062543 0.274306 0.009983 0.014352
0 0.062543 0.275617 0.009983 0.014198
0 0.062543 0.276466 0.009983 0.014352
0 0.062543 0.277778 0.009983 0.014198
0 0.062543 0.278627 0.009983 0.014352
0 0.062543 0.279552 0.009983 0.014352
0 0.062543 0.280787 0.009983 0.014352
0 0.062543 0.281713 0.009983 0.014352
0 0.062543 0.282948 0.009983 0.014352
0 0.062804 0.283873 0.009983 0.014352
0 0.063064 0.284722 0.009983 0.014198
0 0.063281 0.285571 0.010069 0.014352
0 0.063498 0.286497 0.009983 0.014352
0 0.063759 0.287269 0.009983 0.014352
0 0.064019 0.288194 0.009983 0.014352
0 0.064280 0.289120 0.009983 0.014352
0 0.064497 0.289892 0.010069 0.014352
0 0.064714 0.290818 0.009983 0.014352
0 0.064974 0.291667 0.009983 0.014198
0 0.065495 0.292284 0.009983 0.014815
0 0.065972 0.293133 0.010069 0.015586
0 0.066450 0.293827 0.009983 0.016049
0 0.066970 0.294676 0.009983 0.016821
0 0.067405 0.295525 0.009983 0.016975
0 0.067925 0.296451 0.009983 0.017901
0 0.068403 0.297068 0.010069 0.018210
0 0.068880 0.297994 0.009983 0.019136
0 0.069401 0.298611 0.009983 0.019444
0 0.070095 0.299691 0.009983 0.020062
0 0.070877 0.300077 0.009983 0.019907
0 0.071571 0.301003 0.009983 0.019907
0 0.072309 0.301620 0.010069 0.019599
0 0.073047 0.302315 0.009983 0.020062
0 0.073741 0.303164 0.009983 0.019907
0 0.074523 0.303781 0.009983 0.019599
0 0.075217 0.304475 0.009983 0.020062
0 0.075998 0.305093 0.009983 0.019444
0 0.076693 0.306019 0.009983 0.019444
0 0.077648 0.306867 0.009983 0.019599
0 0.078429 0.307253 0.009983 0.019444
0 0.079123 0.308179 0.009983 0.019444
0 0.079905 0.308565 0.009983 0.019599
0 0.080599 0.309414 0.009983 0.019444
0 0.081337 0.310340 0.010069 0.019444
0 0.082075 0.310725 0.009983 0.019599
0 0.082812 0.311651 0.010069 0.019599
0 0.083550 0.312037 0.009983 0.019444
0 0.084245 0.312886 0.009983 0.019599
0 0.085243 0.313812 0.010069 0.019599
0 0.085720 0.313812 0.009983 0.019599
0 0.086458 0.314198 0.010069 0.019444
0 0.087196 0.314198 0.009983 0.019444
0 0.087674 0.314660 0.010069 0.019444
0 0.088411 0.315123 0.009983 0.019444
0 0.089149 0.315123 0.010069 0.019444
0 0.089627 0.315509 0.009983 0.019599
0 0.090365 0.315509 0.010069 0.019599
0 0.091102 0.315972 0.009983 0.019599
0 0.091840 0.316358 0.010069 0.019444
0 0.092057 0.316821 0.009983 0.019444
0 0.092578 0.317438 0.009983 0.019136
0 0.093056 0.317901 0.010069 0.019136
0 0.093533 0.318827 0.009983 0.019136
0 0.094054 0.319367 0.009983 0.018673
0 0.094488 0.319830 0.009983 0.018673
0 0.095009 0.320756 0.009983 0.018673
0 0.095486 0.321219 0.010069 0.018673
0 0.095964 0.321759 0.009983 0.018210
0 0.096484 0.322685 0.009983 0.018210
0 0.096962 0.323148 0.010069 0.017284
0 0.097439 0.323765 0.009983 0.016049
0 0.097960 0.324383 0.009983 0.014815
0 0.098655 0.325077 0.009983 0.013426
0 0.099175 0.325694 0.009983 0.012191
0 0.099609 0.326389 0.009983 0.010802
0 0.100391 0.327006 0.009983 0.009568
0 0.100868 0.327701 0.010069 0.008179
0 0.101345 0.328318 0.009983 0.006944
0 0.102083 0.328935 0.010069 0.005710
0 0.102083 0.328935 0.010069 0.005710
0 0.102083 0.328935 0.010069 0.005710
0 0.102083 0.328935 0.010069 0.005710
0 0.102083 0.328935 0.010069 0.005710
0 0.102083 0.328935 0.010069 0.005710
0 0.102083 0.328935 0.010069 0.005710
0 0.102083 0.328935 0.010069 0.005710
0 0.102083 0.328935 0.010069 0.005710
0 0.102083 0.328935 0.010069 0.005710
0 0.102083 0.328935 0.010069 0.005710
0 0.102083 0.328935 0.010069 0.005710
0 0.102083 0.328935 0.010069 0.005710
0 0.102083 0.328935 0.010069 0.005710
0 0.102083 0.328935 0.010069 0.005710
0 0.102083 0.328935 0.010069 0.005710
0 0.102083 0.328935 0.010069 0.005710
0 0.102083 0.328935 0.010069 0.005710
0 0.102083 0.328935 0.010069 0.005710
0 0.102083 0.328935 0.010069 0.005710
0 0.102083 0.328935 0.010069 0.005710
0 0.102083 0.328935 0.010069 0.005710
0 0.102083 0.328935 0.010069 0.005710
0 0.102083 0.328935 0.010069 0.005710
0 0.102083 0.328935 0.010069 0.005710
0 0.102083 0.328935 0.010069 0.005710
0 0.102083 0.328935 0.010069 0.005710
0 0.102083 0.328935 0.010069 0.005710
0 0.102083 0.328935 0.010069 0.005710
0 0.102083 0.328935 0.010069 0.005710
0 0.102083 0.328935 0.010069 0.005710
