0 0.204210 0.166512 0.006337 0.019136
0 0.203950 0.165664 0.006337 0.018981
0 0.203689 0.165201 0.006337 0.018981
0 0.203472 0.164352 0.006424 0.019136
0 0.203385 0.163889 0.006597 0.019136
0 0.203255 0.163040 0.006337 0.018981
0 0.202995 0.162654 0.006337 0.019136
0 0.202865 0.161728 0.006597 0.019136
0 0.202604 0.161265 0.006597 0.019136
0 0.202344 0.160417 0.006597 0.018981
0 0.202344 0.160031 0.006597 0.019136
0 0.202127 0.161265 0.006510 0.019136
0 0.201910 0.162654 0.006597 0.019136
0 0.201780 0.163889 0.006337 0.019136
0 0.201649 0.165201 0.006597 0.018981
0 0.201519 0.166744 0.006337 0.018673
0 0.201259 0.167978 0.006337 0.018673
0 0.201128 0.169367 0.006597 0.018673
0 0.200998 0.170602 0.006337 0.018673
0 0.200825 0.171991 0.006337 0.018673
0 0.200825 0.173457 0.006337 0.018210
0 0.199913 0.176852 0.006076 0.018210
0 0.199219 0.180401 0.006076 0.018210
0 0.198437 0.184028 0.006076 0.018673
0 0.197743 0.187577 0.006076 0.018673
0 0.197005 0.191435 0.006163 0.018673
0 0.196267 0.194985 0.006076 0.018673
0 0.195530 0.198380 0.006163 0.018673
0 0.194792 0.202083 0.006076 0.018981
0 0.194097 0.205556 0.006076 0.019136
0 0.193446 0.209414 0.005816 0.019136
0 0.192752 0.211034 0.005816 0.018673
0 0.192231 0.212731 0.005816 0.018673
0 0.191667 0.214429 0.006076 0.018673
0 0.191146 0.216127 0.006076 0.018673
0 0.190538 0.218133 0.006424 0.018364
0 0.189931 0.219676 0.006076 0.017747
0 0.189280 0.221373 0.006337 0.017747
0 0.188845 0.223071 0.006337 0.017747
0 0.188194 0.224846 0.006597 0.017901
0 0.187760 0.226775 0.006597 0.017438
0 0.187240 0.227469 0.006597 0.016975
0 0.186719 0.228318 0.006597 0.016821
0 0.186285 0.228935 0.006597 0.016512
0 0.185894 0.229861 0.006337 0.016512
0 0.185417 0.230556 0.006424 0.016049
0 0.184939 0.231327 0.006337 0.016049
0 0.184549 0.232022 0.006076 0.015586
0 0.184071 0.232870 0.006163 0.015741
0 0.183594 0.233488 0.006076 0.015123
0 0.183203 0.234645 0.005816 0.014660
0 0.182986 0.235494 0.005903 0.014815
0 0.182856 0.236343 0.006163 0.014660
0 0.182726 0.237191 0.006424 0.014815
0 0.182639 0.238117 0.006597 0.014815
0 0.182639 0.238966 0.006597 0.014660
0 0.182509 0.239815 0.006858 0.014815
0 0.182378 0.240664 0.007118 0.014660
0 0.182248 0.241590 0.007378 0.014660
0 0.182118 0.242438 0.007639 0.014815
0 0.182118 0.243287 0.007639 0.014660
0 0.182118 0.243287 0.007639 0.014660
0 0.182118 0.243519 0.007639 0.014198
0 0.182118 0.243519 0.007639 0.014198
0 0.182248 0.243904 0.007378 0.014352
0 0.182335 0.243904 0.007552 0.014352
0 0.182335 0.244136 0.007552 0.013889
0 0.182465 0.244367 0.007292 0.014352
0 0.182465 0.244599 0.007292 0.013889
0 0.182465 0.244599 0.007292 0.013889
0 0.182726 0.245062 0.007292 0.013889
0 0.182726 0.245062 0.007292 0.013889
0 0.182726 0.245525 0.007292 0.013889
0 0.182726 0.245679 0.007292 0.014198
0 0.182726 0.246065 0.007292 0.014352
0 0.182726 0.246528 0.007292 0.014352
0 0.182726 0.246528 0.007292 0.014352
0 0.182726 0.246991 0.007292 0.014352
0 0.182726 0.247222 0.007292 0.014815
0 0.182726 0.247608 0.007292 0.014660
0 0.182986 0.248071 0.007292 0.014660
0 0.182726 0.248071 0.007292 0.014660
0 0.182726 0.248071 0.007292 0.014660
0 0.182726 0.248225 0.007292 0.014352
0 0.182726 0.248225 0.007292 0.014352
0 0.182726 0.248688 0.007292 0.014352
0 0.182726 0.248688 0.007292 0.014352
0 0.182726 0.248688 0.007292 0.014352
0 0.182726 0.248920 0.007292 0.013889
0 0.182726 0.248920 0.007292 0.013889
0 0.182726 0.249383 0.007292 0.013889
0 0.182726 0.249383 0.007292 0.013889
0 0.182726 0.249383 0.007292 0.013889
0 0.182986 0.249383 0.007292 0.013889
0 0.182986 0.249383 0.007292 0.013889
0 0.183203 0.249383 0.007378 0.013889
0 0.183203 0.249383 0.007378 0.013889
0 0.183203 0.249383 0.007378 0.013889
0 0.183464 0.249383 0.007378 0.013889
0 0.183464 0.249383 0.007378 0.013889
0 0.183681 0.249846 0.007292 0.013889
0 0.183550 0.250231 0.007552 0.013735
0 0.183550 0.250617 0.007552 0.013889
0 0.183550 0.251080 0.007552 0.013889
0 0.183681 0.251543 0.007812 0.013889
0 0.183681 0.252238 0.007812 0.014352
0 0.183681 0.252623 0.007812 0.014198
0 0.183811 0.253009 0.008073 0.014352
0 0.183811 0.253472 0.008073 0.014352
0 0.183811 0.253935 0.008073 0.014352
0 0.183941 0.254784 0.008333 0.014198
0 0.183594 0.254784 0.008507 0.014198
0 0.183333 0.255015 0.008507 0.014660
0 0.183073 0.255015 0.008507 0.014660
0 0.182726 0.255247 0.008854 0.015123
0 0.182509 0.255247 0.008767 0.015123
0 0.182248 0.255478 0.008767 0.015586
0 0.181858 0.255478 0.009028 0.015586
0 0.181597 0.255710 0.009028 0.016049
0 0.181424 0.255710 0.009028 0.016049
0 0.181293 0.255864 0.009288 0.016358
0 0.180773 0.255710 0.009288 0.016049
0 0.180382 0.255864 0.009028 0.015741
0 0.179948 0.256096 0.009028 0.015278
0 0.179557 0.255864 0.008767 0.014815
0 0.179167 0.256096 0.008507 0.014352
0 0.178689 0.256327 0.008594 0.013889
0 0.178342 0.256096 0.008247 0.013426
0 0.177865 0.256327 0.008333 0.012963
0 0.177474 0.256559 0.008073 0.012500
0 0.177083 0.256713 0.007812 0.012191
0 0.176649 0.256327 0.007812 0.012037
0 0.176389 0.256327 0.007812 0.012037
0 0.176128 0.256327 0.007812 0.012037
0 0.175868 0.256327 0.007812 0.012037
0 0.175651 0.256327 0.007726 0.012037
0 0.175304 0.256327 0.008073 0.012037
0 0.175043 0.256327 0.008073 0.012037
0 0.174783 0.256327 0.008073 0.012037
0 0.174523 0.256327 0.008073 0.012037
0 0.174306 0.256327 0.007986 0.012037
0 0.173568 0.256096 0.008073 0.012500
0 0.173090 0.256096 0.007986 0.012500
0 0.172613 0.256096 0.008073 0.012500
0 0.172005 0.256096 0.008247 0.012500
0 0.171528 0.256096 0.008333 0.012500
0 0.170877 0.255864 0.008073 0.012963
0 0.170269 0.255864 0.008247 0.012963
0 0.169792 0.255864 0.008333 0.012963
0 0.169314 0.255864 0.008247 0.012963
0 0.168837 0.255864 0.008333 0.012963
0 0.168316 0.255401 0.008333 0.012963
0 0.168099 0.255015 0.008247 0.013117
0 0.167752 0.254552 0.008073 0.013117
0 0.167361 0.254552 0.008333 0.013117
0 0.167101 0.254167 0.008333 0.012963
0 0.166753 0.253704 0.007986 0.012963
0 0.166363 0.253704 0.008247 0.012963
0 0.166016 0.253241 0.008073 0.012963
0 0.165755 0.252855 0.008073 0.013117
0 0.165495 0.252855 0.008073 0.013117
0 0.165061 0.252006 0.008073 0.012963
0 0.164540 0.251543 0.008073 0.012963
0 0.164062 0.250617 0.007986 0.012963
0 0.163585 0.250231 0.008073 0.013117
0 0.163064 0.249846 0.008073 0.012963
0 0.162630 0.248920 0.008073 0.012963
0 0.162109 0.248457 0.008073 0.012963
0 0.161589 0.247608 0.008073 0.013117
0 0.161155 0.247222 0.008073 0.012963
0 0.160764 0.246759 0.008333 0.012963
0 0.160286 0.246296 0.008247 0.012963
0 0.159939 0.246296 0.008073 0.012963
0 0.159549 0.246142 0.008333 0.012654
0 0.159158 0.245910 0.008073 0.013117
0 0.158811 0.245910 0.008247 0.013117
0 0.158464 0.245679 0.008073 0.012654
0 0.158073 0.245679 0.008333 0.012654
0 0.157726 0.245448 0.007986 0.013117
0 0.157335 0.245216 0.008247 0.012654
0 0.156988 0.245216 0.008073 0.012654
