0 0.180773 0.168210 0.006858 0.026852
0 0.180295 0.170448 0.006771 0.026080
0 0.179818 0.173071 0.006858 0.025154
0 0.179297 0.175386 0.006858 0.024846
0 0.178819 0.178009 0.006771 0.023920
0 0.178472 0.180633 0.006597 0.022994
0 0.177951 0.182793 0.006597 0.022068
0 0.177517 0.185340 0.006597 0.021296
0 0.176997 0.187731 0.006597 0.020833
0 0.176476 0.190355 0.006597 0.019907
0 0.176259 0.192978 0.006510 0.018981
0 0.175781 0.195139 0.006597 0.018981
0 0.175521 0.197299 0.006597 0.018981
0 0.175260 0.199691 0.006597 0.019444
0 0.174826 0.202083 0.006597 0.018981
0 0.174566 0.204475 0.006597 0.019444
0 0.174306 0.206636 0.006597 0.019444
0 0.173785 0.209028 0.006597 0.018981
0 0.173611 0.211420 0.006597 0.019444
0 0.173351 0.213580 0.006597 0.019444
0 0.173090 0.216204 0.006597 0.019444
0 0.172569 0.218750 0.006597 0.019599
0 0.172135 0.221373 0.006597 0.019599
0 0.171875 0.224460 0.006597 0.019599
0 0.171354 0.227006 0.006597 0.019444
0 0.171137 0.230093 0.006510 0.019444
0 0.170660 0.232639 0.006597 0.019599
0 0.170139 0.235262 0.006597 0.019599
0 0.169922 0.238272 0.006510 0.019444
0 0.169444 0.240895 0.006597 0.019444
0 0.169184 0.243981 0.006597 0.019444
0 0.168663 0.246528 0.006597 0.019599
0 0.168229 0.249614 0.006597 0.019599
0 0.167708 0.252160 0.006597 0.019444
0 0.167231 0.255247 0.006510 0.019444
0 0.167014 0.257793 0.006597 0.019599
0 0.166493 0.260880 0.006597 0.019599
0 0.166016 0.263503 0.006510 0.019599
0 0.165538 0.266512 0.006597 0.019444
0 0.165017 0.269136 0.006597 0.019444
0 0.164757 0.272145 0.006597 0.019599
0 0.164323 0.274306 0.006597 0.020525
0 0.163802 0.276698 0.006597 0.020679
0 0.163368 0.279321 0.006597 0.021605
0 0.162847 0.281481 0.006597 0.022531
0 0.162326 0.284105 0.006597 0.023457
0 0.161892 0.286497 0.006597 0.023920
0 0.161372 0.288580 0.006597 0.024691
0 0.160851 0.291204 0.006597 0.025617
0 0.160417 0.293596 0.006597 0.026080
0 0.160026 0.296219 0.006337 0.027006
0 0.159332 0.298380 0.006337 0.027006
0 0.158811 0.300772 0.006337 0.026543
0 0.158203 0.303164 0.006163 0.026080
0 0.157595 0.305556 0.006337 0.025617
0 0.157075 0.308179 0.006337 0.025617
0 0.156510 0.310571 0.006076 0.025154
0 0.155859 0.312963 0.006337 0.024691
0 0.155295 0.315278 0.006076 0.024383
0 0.154774 0.317670 0.006076 0.023920
0 0.154297 0.320293 0.006163 0.023920
0 0.154297 0.320293 0.006163 0.023920
0 0.154297 0.320293 0.006163 0.023920
0 0.154297 0.320293 0.006163 0.023920
0 0.154297 0.320293 0.006163 0.023920
0 0.154297 0.320293 0.006163 0.023920
0 0.154297 0.320293 0.006163 0.023920
0 0.154297 0.320293 0.006163 0.023920
0 0.154297 0.320293 0.006163 0.023920
0 0.154297 0.320293 0.006163 0.023920
0 0.154297 0.320293 0.006163 0.023920
0 0.154297 0.320293 0.006163 0.023920
0 0.154297 0.320293 0.006163 0.023920
0 0.154297 0.320293 0.006163 0.023920
0 0.154297 0.320293 0.006163 0.023920
0 0.154297 0.320293 0.006163 0.023920
0 0.154297 0.320293 0.006163 0.023920
0 0.154297 0.320293 0.006163 0.023920
0 0.154297 0.320293 0.006163 0.023920
0 0.154297 0.320293 0.006163 0.023920
0 0.154297 0.320293 0.006163 0.023920
0 0.154297 0.320293 0.006163 0.023920
0 0.154297 0.320293 0.006163 0.023920
0 0.154297 0.320293 0.006163 0.023920
0 0.154297 0.320293 0.006163 0.023920
0 0.154297 0.320293 0.006163 0.023920
0 0.154297 0.320293 0.006163 0.023920
0 0.154297 0.320293 0.006163 0.023920
0 0.154297 0.320293 0.006163 0.023920
0 0.154297 0.320293 0.006163 0.023920
0 0.154297 0.320293 0.006163 0.023920
0 0.154297 0.320293 0.006163 0.023920
0 0.154297 0.320293 0.006163 0.023920
0 0.154297 0.320293 0.006163 0.023920
0 0.154297 0.320293 0.006163 0.023920
0 0.154297 0.320293 0.006163 0.023920
0 0.154297 0.320293 0.006163 0.023920
0 0.154297 0.320293 0.006163 0.023920
0 0.154297 0.320293 0.006163 0.023920
0 0.154297 0.320293 0.006163 0.023920
0 0.154297 0.320293 0.006163 0.023920
0 0.154297 0.320293 0.006163 0.023920
0 0.154297 0.320293 0.006163 0.023920
0 0.154297 0.320293 0.006163 0.023920
0 0.154297 0.320293 0.006163 0.023920
0 0.154297 0.320293 0.006163 0.023920
0 0.154297 0.320293 0.006163 0.023920
0 0.154297 0.320293 0.006163 0.023920
0 0.154297 0.320293 0.006163 0.023920
0 0.154297 0.320293 0.006163 0.023920
0 0.154297 0.320293 0.006163 0.023920
0 0.154297 0.320293 0.006163 0.023920
0 0.154297 0.320293 0.006163 0.023920
0 0.154297 0.320293 0.006163 0.023920
0 0.154297 0.320293 0.006163 0.023920
0 0.154297 0.320293 0.006163 0.023920
0 0.154297 0.320293 0.006163 0.023920
0 0.154297 0.320293 0.006163 0.023920
0 0.154297 0.320293 0.006163 0.023920
0 0.154297 0.320293 0.006163 0.023920
0 0.154297 0.320293 0.006163 0.023920
0 0.154297 0.320293 0.006163 0.023920
0 0.154297 0.320293 0.006163 0.023920
0 0.154297 0.320293 0.006163 0.023920
0 0.154297 0.320293 0.006163 0.023920
0 0.154297 0.320293 0.006163 0.023920
0 0.154297 0.320293 0.006163 0.023920
0 0.154297 0.320293 0.006163 0.023920
0 0.154297 0.320293 0.006163 0.023920
0 0.154297 0.320293 0.006163 0.023920
0 0.154297 0.320293 0.006163 0.023920
0 0.154297 0.320293 0.006163 0.023920
0 0.154297 0.320293 0.006163 0.023920
0 0.154297 0.320293 0.006163 0.023920
0 0.154297 0.320293 0.006163 0.023920
0 0.154297 0.320293 0.006163 0.023920
0 0.154297 0.320293 0.006163 0.023920
0 0.154297 0.320293 0.006163 0.023920
0 0.154297 0.320293 0.006163 0.023920
0 0.154297 0.320293 0.006163 0.023920
0 0.154297 0.320293 0.006163 0.023920
0 0.154297 0.320293 0.006163 0.023920
0 0.154297 0.320293 0.006163 0.023920
0 0.154297 0.320293 0.006163 0.023920
0 0.154297 0.320293 0.006163 0.023920
0 0.154297 0.320293 0.006163 0.023920
0 0.154297 0.320293 0.006163 0.023920
0 0.154297 0.320293 0.006163 0.023920
0 0.154297 0.320293 0.006163 0.023920
0 0.154297 0.320293 0.006163 0.023920
0 0.154297 0.320293 0.006163 0.023920
0 0.154297 0.320293 0.006163 0.023920
0 0.154297 0.320293 0.006163 0.023920
0 0.154297 0.320293 0.006163 0.023920
0 0.154297 0.320293 0.006163 0.023920
0 0.154297 0.320293 0.006163 0.023920
0 0.154297 0.320293 0.006163 0.023920
0 0.154297 0.320293 0.006163 0.023920
0 0.154297 0.320293 0.006163 0.023920
0 0.154297 0.320293 0.006163 0.023920
0 0.154297 0.320293 0.006163 0.023920
0 0.154297 0.320293 0.006163 0.023920
0 0.154297 0.320293 0.006163 0.023920
0 0.154297 0.320293 0.006163 0.023920
0 0.154297 0.320293 0.006163 0.023920
0 0.154297 0.320293 0.006163 0.023920
0 0.154297 0.320293 0.006163 0.023920
0 0.154297 0.320293 0.006163 0.023920
0 0.154297 0.320293 0.006163 0.023920
0 0.154297 0.320293 0.006163 0.023920
0 0.154297 0.320293 0.006163 0.023920
0 0.154297 0.320293 0.006163 0.023920
0 0.154297 0.320293 0.006163 0.023920
0 0.154297 0.320293 0.006163 0.023920
0 0.154297 0.320293 0.006163 0.023920
0 0.154297 0.320293 0.006163 0.023920
0 0.154297 0.320293 0.006163 0.023920
0 0.154297 0.320293 0.006163 0.023920
0 0.154297 0.320293 0.006163 0.023920
0 0.154297 0.320293 0.006163 0.023920
0 0.154297 0.320293 0.006163 0.023920
