0 0.002908 0.009645 0.005816 0.013426
0 0.002908 0.009645 0.005816 0.013426
0 0.002908 0.009645 0.005816 0.013426
0 0.002908 0.009645 0.005816 0.013426
0 0.002908 0.009645 0.005816 0.013426
0 0.002908 0.009645 0.005816 0.013426
0 0.002908 0.009645 0.005816 0.013426
0 0.002908 0.009645 0.005816 0.013426
0 0.002908 0.009645 0.005816 0.013426
0 0.002908 0.009645 0.005816 0.013426
0 0.002908 0.009645 0.005816 0.013426
0 0.002908 0.009645 0.005816 0.013426
0 0.002908 0.009645 0.005816 0.013426
0 0.002908 0.009645 0.005816 0.013426
0 0.002908 0.009645 0.005816 0.013426
0 0.002908 0.009645 0.005816 0.013426
0 0.002908 0.009645 0.005816 0.013426
0 0.002908 0.009645 0.005816 0.013426
0 0.002908 0.009645 0.005816 0.013426
0 0.002908 0.009645 0.005816 0.013426
0 0.002908 0.009645 0.005816 0.013426
0 0.002908 0.009645 0.005816 0.013426
0 0.002908 0.009645 0.005816 0.013426
0 0.002908 0.009645 0.005816 0.013426
0 0.002908 0.009645 0.005816 0.013426
0 0.002908 0.009645 0.005816 0.013426
0 0.002908 0.009645 0.005816 0.013426
0 0.002908 0.009645 0.005816 0.013426
0 0.002908 0.009645 0.005816 0.013426
0 0.002908 0.009645 0.005816 0.013426
0 0.002908 0.009645 0.005816 0.013426
0 0.002908 0.009645 0.005816 0.013426
0 0.002908 0.009645 0.005816 0.013426
0 0.002908 0.009645 0.005816 0.013426
0 0.002908 0.009645 0.005816 0.013426
0 0.002908 0.009645 0.005816 0.013426
0 0.002908 0.009645 0.005816 0.013426
0 0.002908 0.009645 0.005816 0.013426
0 0.002908 0.009645 0.005816 0.013426
0 0.002908 0.009645 0.005816 0.013426
0 0.002908 0.009645 0.005816 0.013426
0 0.002908 0.009645 0.005816 0.013426
0 0.002908 0.009645 0.005816 0.013426
0 0.002908 0.009645 0.005816 0.013426
0 0.002908 0.009645 0.005816 0.013426
0 0.002908 0.009645 0.005816 0.013426
0 0.002908 0.009645 0.005816 0.013426
0 0.002908 0.009645 0.005816 0.013426
0 0.002908 0.009645 0.005816 0.013426
0 0.002908 0.009645 0.005816 0.013426
0 0.002908 0.009645 0.005816 0.013426
0 0.002908 0.009645 0.005816 0.013426
0 0.002908 0.009645 0.005816 0.013426
0 0.002908 0.009645 0.005816 0.013426
0 0.002908 0.009645 0.005816 0.013426
0 0.002908 0.009645 0.005816 0.013426
0 0.002908 0.009645 0.005816 0.013426
0 0.002908 0.009645 0.005816 0.013426
0 0.002908 0.009645 0.005816 0.013426
0 0.002908 0.009645 0.005816 0.013426
0 0.002908 0.009645 0.005816 0.013426
0 0.002908 0.009645 0.005816 0.013426
0 0.002908 0.009645 0.005816 0.013426
0 0.002908 0.009645 0.005816 0.013426
0 0.002908 0.009645 0.005816 0.013426
0 0.002908 0.009645 0.005816 0.013426
0 0.002908 0.009645 0.005816 0.013426
0 0.002908 0.009645 0.005816 0.013426
0 0.002908 0.009645 0.005816 0.013426
0 0.002908 0.009645 0.005816 0.013426
0 0.002908 0.009645 0.005816 0.013426
0 0.002908 0.009645 0.005816 0.013426
0 0.002908 0.009645 0.005816 0.013426
0 0.002908 0.009645 0.005816 0.013426
0 0.002908 0.009645 0.005816 0.013426
0 0.002908 0.009645 0.005816 0.013426
0 0.002908 0.009645 0.005816 0.013426
0 0.002908 0.009645 0.005816 0.013426
0 0.002908 0.009645 0.005816 0.013426
0 0.002908 0.009645 0.005816 0.013426
0 0.002908 0.009645 0.005816 0.013426
0 0.002908 0.009645 0.005816 0.013426
0 0.002908 0.009645 0.005816 0.013426
0 0.002908 0.009645 0.005816 0.013426
0 0.002908 0.009645 0.005816 0.013426
0 0.002908 0.009645 0.005816 0.013426
0 0.002908 0.009645 0.005816 0.013426
0 0.002908 0.009645 0.005816 0.013426
0 0.002908 0.009645 0.005816 0.013426
0 0.002908 0.009645 0.005816 0.013426
0 0.002908 0.009645 0.005816 0.013426
0 0.002908 0.009645 0.005816 0.013426
0 0.002908 0.009645 0.005816 0.013426
0 0.002908 0.009645 0.005816 0.013426
0 0.002908 0.009645 0.005816 0.013426
0 0.002908 0.009645 0.005816 0.013426
0 0.002908 0.009645 0.005816 0.013426
0 0.002908 0.009645 0.005816 0.013426
0 0.002908 0.009645 0.005816 0.013426
0 0.002908 0.009645 0.005816 0.013426
0 0.002908 0.009645 0.005816 0.013426
0 0.002908 0.009645 0.005816 0.013426
0 0.002908 0.009645 0.005816 0.013426
0 0.002908 0.009645 0.005816 0.013426
0 0.002908 0.009645 0.005816 0.013426
0 0.002908 0.009645 0.005816 0.013426
0 0.002908 0.009645 0.005816 0.013426
0 0.002908 0.009645 0.005816 0.013426
0 0.002908 0.009645 0.005816 0.013426
0 0.002908 0.009645 0.005816 0.013426
0 0.002908 0.009645 0.005816 0.013426
0 0.002908 0.009645 0.005816 0.013426
0 0.002908 0.009645 0.005816 0.013426
0 0.002908 0.009645 0.005816 0.013426
0 0.002908 0.009645 0.005816 0.013426
0 0.002908 0.009645 0.005816 0.013426
0 0.002908 0.009645 0.005816 0.013426
0 0.002908 0.009645 0.005816 0.013426
0 0.002908 0.009645 0.005816 0.013426
0 0.002908 0.009645 0.005816 0.013426
0 0.002908 0.009645 0.005816 0.013426
0 0.002778 0.010108 0.005556 0.013426
0 0.002778 0.011034 0.005556 0.013426
0 0.002778 0.011806 0.005556 0.013426
0 0.002778 0.012269 0.005556 0.013426
0 0.002778 0.013194 0.005556 0.013426
0 0.002778 0.013966 0.005556 0.013426
0 0.002778 0.014429 0.005556 0.013426
0 0.002778 0.015355 0.005556 0.013426
0 0.002778 0.016127 0.005556 0.013426
0 0.002778 0.017052 0.005556 0.013426
0 0.003038 0.016590 0.006076 0.013426
0 0.003255 0.016358 0.006510 0.013889
0 0.003516 0.015972 0.007031 0.013735
0 0.003776 0.015741 0.007552 0.014198
0 0.003993 0.015741 0.007986 0.014198
0 0.004253 0.015355 0.008507 0.014352
0 0.004514 0.015123 0.009028 0.014815
0 0.004731 0.014660 0.009462 0.014815
0 0.004991 0.014429 0.009983 0.015278
0 0.005425 0.014429 0.010503 0.015278
0 0.005425 0.014660 0.010503 0.015741
0 0.005686 0.015046 0.010503 0.016512
0 0.005946 0.015278 0.010503 0.016975
0 0.006076 0.015741 0.010243 0.017901
0 0.006337 0.016358 0.010243 0.018210
0 0.006510 0.016590 0.010243 0.018673
0 0.006641 0.017052 0.009983 0.019599
0 0.006901 0.017284 0.009983 0.020062
0 0.007161 0.017670 0.009983 0.020833
0 0.007422 0.018364 0.009983 0.021296
0 0.007161 0.019676 0.009983 0.021142
0 0.007031 0.020988 0.010243 0.021296
0 0.006901 0.022222 0.010503 0.021296
0 0.006771 0.023611 0.010764 0.021296
0 0.006684 0.025077 0.010937 0.020833
0 0.006554 0.026389 0.011198 0.020679
0 0.006424 0.027701 0.011458 0.020833
0 0.006293 0.028935 0.011719 0.020833
0 0.006163 0.030324 0.011979 0.020833
0 0.006163 0.032022 0.011979 0.020833
0 0.005946 0.032948 0.011892 0.020833
0 0.005946 0.034182 0.011892 0.020833
0 0.005946 0.035494 0.011892 0.020679
0 0.005946 0.036806 0.011892 0.020833
0 0.005946 0.038040 0.011892 0.020833
0 0.005946 0.039429 0.011892 0.020833
0 0.005946 0.040664 0.011892 0.020833
0 0.005946 0.042052 0.011892 0.020833
0 0.005946 0.043287 0.011892 0.020833
0 0.005946 0.044676 0.011892 0.020833
0 0.005816 0.045910 0.011632 0.020833
0 0.005816 0.047145 0.011632 0.020833
0 0.005816 0.048534 0.011632 0.020833
0 0.005816 0.049769 0.011632 0.020833
0 0.005816 0.051157 0.011632 0.020833
0 0.005729 0.052392 0.011458 0.020833
0 0.005729 0.053781 0.011458 0.020833
0 0.005729 0.055015 0.011458 0.020833
0 0.005729 0.056250 0.011458 0.020833
0 0.005729 0.057639 0.011458 0.020833
