0 0.235200 0.107330 0.004948 0.017747
0 0.211632 0.096451 0.004687 0.016049
0 0.188194 0.085802 0.004167 0.014815
0 0.164714 0.075000 0.003906 0.012963
0 0.141233 0.064583 0.003472 0.011265
0 0.117795 0.053935 0.002951 0.010031
0 0.094271 0.043133 0.002604 0.008179
0 0.070833 0.032716 0.002257 0.006481
0 0.047309 0.021836 0.001910 0.004784
0 0.023872 0.011188 0.001389 0.003549
0 0.000477 0.000849 0.000955 0.001698
0 0.000477 0.000849 0.000955 0.001698
0 0.000477 0.000849 0.000955 0.001698
0 0.000477 0.000849 0.000955 0.001698
0 0.000477 0.000849 0.000955 0.001698
0 0.000477 0.000849 0.000955 0.001698
0 0.000477 0.000849 0.000955 0.001698
0 0.000477 0.000849 0.000955 0.001698
0 0.000477 0.000849 0.000955 0.001698
0 0.000477 0.000849 0.000955 0.001698
0 0.000477 0.000849 0.000955 0.001698
0 0.000477 0.000849 0.000955 0.001698
0 0.000477 0.000849 0.000955 0.001698
0 0.000477 0.000849 0.000955 0.001698
0 0.000477 0.000849 0.000955 0.001698
0 0.000477 0.000849 0.000955 0.001698
0 0.000477 0.000849 0.000955 0.001698
0 0.000477 0.000849 0.000955 0.001698
0 0.000477 0.000849 0.000955 0.001698
0 0.000477 0.000849 0.000955 0.001698
0 0.000477 0.000849 0.000955 0.001698
0 0.000477 0.000849 0.000955 0.001698
0 0.000477 0.000849 0.000955 0.001698
0 0.000477 0.000849 0.000955 0.001698
0 0.000477 0.000849 0.000955 0.001698
0 0.000477 0.000849 0.000955 0.001698
0 0.000477 0.000849 0.000955 0.001698
0 0.000477 0.000849 0.000955 0.001698
0 0.000477 0.000849 0.000955 0.001698
0 0.000477 0.000849 0.000955 0.001698
0 0.000477 0.000849 0.000955 0.001698
0 0.000477 0.000849 0.000955 0.001698
0 0.000477 0.000849 0.000955 0.001698
0 0.000477 0.000849 0.000955 0.001698
0 0.000477 0.000849 0.000955 0.001698
0 0.000477 0.000849 0.000955 0.001698
0 0.000477 0.000849 0.000955 0.001698
0 0.000477 0.000849 0.000955 0.001698
0 0.000477 0.000849 0.000955 0.001698
0 0.000477 0.000849 0.000955 0.001698
0 0.000477 0.000849 0.000955 0.001698
0 0.000477 0.000849 0.000955 0.001698
0 0.000477 0.000849 0.000955 0.001698
0 0.000477 0.000849 0.000955 0.001698
0 0.000477 0.000849 0.000955 0.001698
0 0.000477 0.000849 0.000955 0.001698
0 0.000477 0.000849 0.000955 0.001698
0 0.000477 0.000849 0.000955 0.001698
0 0.000477 0.000849 0.000955 0.001698
0 0.000477 0.000849 0.000955 0.001698
0 0.000477 0.000849 0.000955 0.001698
0 0.000477 0.000849 0.000955 0.001698
0 0.000477 0.000849 0.000955 0.001698
0 0.000477 0.000849 0.000955 0.001698
0 0.000477 0.000849 0.000955 0.001698
0 0.000477 0.000849 0.000955 0.001698
0 0.000477 0.000849 0.000955 0.001698
0 0.000477 0.000849 0.000955 0.001698
0 0.000477 0.000849 0.000955 0.001698
0 0.000477 0.000849 0.000955 0.001698
0 0.000477 0.000849 0.000955 0.001698
0 0.000477 0.000849 0.000955 0.001698
0 0.000477 0.000849 0.000955 0.001698
0 0.000477 0.000849 0.000955 0.001698
0 0.000477 0.000849 0.000955 0.001698
0 0.000477 0.000849 0.000955 0.001698
0 0.000477 0.000849 0.000955 0.001698
0 0.000477 0.000849 0.000955 0.001698
0 0.000477 0.000849 0.000955 0.001698
0 0.000477 0.000849 0.000955 0.001698
0 0.000477 0.000849 0.000955 0.001698
0 0.000477 0.000849 0.000955 0.001698
0 0.000477 0.000849 0.000955 0.001698
0 0.000477 0.000849 0.000955 0.001698
0 0.000477 0.000849 0.000955 0.001698
0 0.000477 0.000849 0.000955 0.001698
0 0.000477 0.000849 0.000955 0.001698
0 0.000477 0.000849 0.000955 0.001698
0 0.000477 0.000849 0.000955 0.001698
0 0.000477 0.000849 0.000955 0.001698
0 0.000477 0.000849 0.000955 0.001698
0 0.000477 0.000849 0.000955 0.001698
0 0.000477 0.000849 0.000955 0.001698
0 0.000477 0.000849 0.000955 0.001698
0 0.000477 0.000849 0.000955 0.001698
0 0.000477 0.000849 0.000955 0.001698
0 0.000477 0.000849 0.000955 0.001698
0 0.000477 0.000849 0.000955 0.001698
0 0.000477 0.000849 0.000955 0.001698
0 0.000477 0.000849 0.000955 0.001698
0 0.000477 0.000849 0.000955 0.001698
0 0.032292 0.014275 0.001736 0.003549
0 0.064149 0.027932 0.002431 0.005556
0 0.096094 0.041358 0.002951 0.007407
0 0.127951 0.055170 0.003646 0.009105
0 0.159896 0.068904 0.004167 0.011265
0 0.191753 0.082330 0.004861 0.013117
0 0.223611 0.096219 0.005556 0.014660
0 0.255556 0.109645 0.006076 0.016512
0 0.287413 0.123380 0.006771 0.018673
0 0.319488 0.137191 0.007552 0.020370
0 0.316710 0.135957 0.007378 0.020370
0 0.314019 0.134568 0.007378 0.020370
0 0.311328 0.133333 0.007378 0.020370
0 0.308507 0.132022 0.007118 0.020525
0 0.305946 0.130941 0.006858 0.019907
0 0.303255 0.129630 0.006858 0.020062
0 0.300434 0.128318 0.006597 0.019907
0 0.297786 0.127083 0.006510 0.019907
0 0.295139 0.125694 0.006597 0.019907
0 0.292535 0.124846 0.006424 0.020062
0 0.289887 0.123997 0.006337 0.019907
0 0.287413 0.123148 0.006424 0.020062
0 0.284766 0.122299 0.006337 0.019907
0 0.282292 0.121373 0.006424 0.019907
0 0.279818 0.120525 0.006337 0.020062
0 0.277127 0.119676 0.006337 0.019907
0 0.274696 0.118750 0.006337 0.019907
0 0.272005 0.117901 0.006337 0.020062
0 0.269575 0.117052 0.006337 0.019907
0 0.267144 0.116204 0.006337 0.020062
0 0.264974 0.115355 0.006337 0.019907
0 0.262891 0.114660 0.006163 0.019444
0 0.260807 0.113812 0.005816 0.019599
0 0.258854 0.113117 0.005903 0.019136
0 0.256814 0.112731 0.005642 0.018981
0 0.254687 0.111883 0.005382 0.019136
0 0.252778 0.111188 0.005382 0.018673
0 0.250651 0.110262 0.005122 0.018673
0 0.248611 0.109722 0.004861 0.018210
0 0.246658 0.109259 0.004948 0.018210
0 0.245920 0.108796 0.004861 0.018210
0 0.245226 0.108796 0.004861 0.018210
0 0.244444 0.108333 0.004861 0.018210
0 0.243750 0.108333 0.004861 0.018210
0 0.242969 0.107948 0.004861 0.018364
0 0.242274 0.107948 0.004861 0.018364
0 0.241536 0.107562 0.004948 0.018210
0 0.240799 0.107562 0.004861 0.018210
0 0.240104 0.107099 0.004861 0.018210
0 0.239323 0.107099 0.004861 0.018210
0 0.238976 0.106636 0.005208 0.018210
0 0.238759 0.106636 0.005122 0.018210
0 0.238498 0.106636 0.005122 0.018210
0 0.238238 0.106636 0.005122 0.018210
0 0.237977 0.106636 0.005122 0.018210
0 0.237717 0.106636 0.005122 0.018210
0 0.237543 0.106636 0.005122 0.018210
0 0.237283 0.106636 0.005122 0.018210
0 0.237023 0.106636 0.005122 0.018210
0 0.236892 0.106636 0.005382 0.018210
0 0.236632 0.106636 0.005382 0.018210
0 0.236415 0.106636 0.005295 0.018210
0 0.236415 0.106636 0.005295 0.018210
0 0.236198 0.106636 0.005382 0.018210
0 0.236198 0.106636 0.005382 0.018210
0 0.235937 0.106636 0.005382 0.018210
0 0.235677 0.106636 0.005382 0.018210
0 0.235677 0.106636 0.005382 0.018210
0 0.235417 0.106636 0.005382 0.018210
0 0.235417 0.107099 0.005382 0.018210
0 0.235200 0.107099 0.005295 0.018210
0 0.235200 0.107099 0.005295 0.018210
0 0.235200 0.107099 0.005295 0.018210
0 0.235200 0.107099 0.005295 0.018210
0 0.235200 0.107099 0.005295 0.018210
0 0.234983 0.107099 0.005382 0.018210
0 0.234983 0.107099 0.005382 0.018210
0 0.234983 0.107099 0.005382 0.018210
0 0.234983 0.107099 0.005382 0.018210
0 0.234983 0.107099 0.005382 0.018210
