0 0.155252 0.170833 0.005122 0.008642
0 0.155252 0.170833 0.005122 0.008642
0 0.155252 0.170833 0.005122 0.008642
0 0.155252 0.170833 0.005122 0.008642
0 0.155252 0.170833 0.005122 0.008642
0 0.155252 0.170833 0.005122 0.008642
0 0.155252 0.170833 0.005122 0.008642
0 0.155252 0.170833 0.005122 0.008642
0 0.155252 0.170833 0.005122 0.008642
0 0.155252 0.170833 0.005122 0.008642
0 0.155512 0.170833 0.005122 0.008642
0 0.155252 0.170833 0.005122 0.008642
0 0.155252 0.170833 0.005122 0.008642
0 0.155252 0.170833 0.005122 0.008642
0 0.155252 0.170833 0.005122 0.008642
0 0.155252 0.171296 0.005122 0.008642
0 0.155252 0.171296 0.005122 0.008642
0 0.155252 0.171296 0.005122 0.008642
0 0.155252 0.171296 0.005122 0.008642
0 0.155252 0.171296 0.005122 0.008642
0 0.155252 0.171759 0.005122 0.008642
0 0.155252 0.171528 0.005122 0.008179
0 0.155252 0.171528 0.005122 0.008179
0 0.155252 0.171528 0.005122 0.008179
0 0.155252 0.171528 0.005122 0.008179
0 0.155252 0.171528 0.005122 0.008179
0 0.155252 0.171528 0.005122 0.008179
0 0.155252 0.171528 0.005122 0.008179
0 0.155252 0.171528 0.005122 0.008179
0 0.155252 0.171528 0.005122 0.008179
0 0.155252 0.171528 0.005122 0.008179
0 0.154991 0.171528 0.005122 0.008179
0 0.154991 0.171528 0.005122 0.008179
0 0.154991 0.171914 0.005122 0.008333
0 0.154991 0.171914 0.005122 0.008333
0 0.154991 0.172377 0.005122 0.008333
0 0.154818 0.172377 0.005122 0.008333
0 0.154818 0.172377 0.005122 0.008333
0 0.154818 0.172762 0.005122 0.008179
0 0.154818 0.172762 0.005122 0.008179
0 0.154818 0.173225 0.005122 0.008179
0 0.154818 0.172762 0.005122 0.008179
0 0.154818 0.172762 0.005122 0.008179
0 0.154818 0.172762 0.005122 0.008179
0 0.154991 0.172377 0.005122 0.008333
0 0.154991 0.172377 0.005122 0.008333
0 0.154991 0.172377 0.005122 0.008333
0 0.155252 0.171914 0.005122 0.008333
0 0.155252 0.171914 0.005122 0.008333
0 0.155252 0.171914 0.005122 0.008333
0 0.155512 0.171914 0.005122 0.008333
0 0.155382 0.171759 0.004861 0.008642
0 0.155382 0.171759 0.004861 0.008642
0 0.155382 0.171759 0.004861 0.008642
0 0.155382 0.171528 0.004861 0.009105
0 0.155382 0.171528 0.004861 0.009105
0 0.155252 0.171528 0.004601 0.009105
0 0.155252 0.171296 0.004601 0.009568
0 0.155252 0.171296 0.004601 0.009568
0 0.155252 0.171296 0.004601 0.009568
0 0.155252 0.171528 0.004601 0.010031
0 0.155252 0.171296 0.004601 0.009568
0 0.155252 0.171296 0.004601 0.009568
0 0.155252 0.171296 0.004601 0.009568
0 0.155252 0.171296 0.004601 0.009568
0 0.155382 0.171528 0.004861 0.009105
0 0.155382 0.171528 0.004861 0.009105
0 0.155382 0.171528 0.004861 0.009105
0 0.155382 0.171528 0.004861 0.009105
0 0.155382 0.171528 0.004861 0.009105
0 0.155512 0.171759 0.005122 0.008642
0 0.155512 0.171296 0.005122 0.008642
0 0.155512 0.171296 0.005122 0.008642
0 0.155512 0.171296 0.005122 0.008642
0 0.155773 0.171296 0.005122 0.008642
0 0.155773 0.171296 0.005122 0.008642
0 0.155773 0.171296 0.005122 0.008642
0 0.156033 0.171296 0.005122 0.008642
0 0.156033 0.171296 0.005122 0.008642
0 0.156033 0.171296 0.005122 0.008642
0 0.156293 0.171296 0.005122 0.008642
0 0.156293 0.170833 0.005122 0.008642
0 0.156293 0.170833 0.005122 0.008642
0 0.156293 0.170833 0.005122 0.008642
0 0.156293 0.170370 0.005122 0.008642
0 0.156293 0.170370 0.005122 0.008642
0 0.156293 0.170370 0.005122 0.008642
0 0.156293 0.169985 0.005122 0.008796
0 0.156293 0.169985 0.005122 0.008796
0 0.156293 0.169985 0.005122 0.008796
0 0.156293 0.169985 0.005122 0.008796
0 0.156033 0.169830 0.005122 0.009105
0 0.156033 0.169830 0.005122 0.009105
0 0.156033 0.169830 0.005122 0.009105
0 0.155903 0.169830 0.004861 0.009105
0 0.155903 0.169830 0.004861 0.009105
0 0.155903 0.169599 0.004861 0.009568
0 0.155773 0.169599 0.004601 0.009568
0 0.155773 0.169599 0.004601 0.009568
0 0.155773 0.169599 0.004601 0.009568
0 0.155773 0.169753 0.004601 0.009877
0 0.155773 0.169599 0.004601 0.009568
0 0.155773 0.169599 0.004601 0.009568
0 0.155773 0.169599 0.004601 0.009568
0 0.155903 0.169367 0.004861 0.009105
0 0.155903 0.169367 0.004861 0.009105
0 0.155903 0.169367 0.004861 0.009105
0 0.156033 0.169136 0.005122 0.008642
0 0.156033 0.169136 0.005122 0.008642
0 0.156033 0.169136 0.005122 0.008642
0 0.156293 0.169136 0.005122 0.008642
0 0.156163 0.169136 0.004861 0.008642
0 0.156163 0.169367 0.004861 0.009105
0 0.156163 0.169367 0.004861 0.009105
0 0.156163 0.169599 0.004861 0.009568
0 0.156163 0.169753 0.004861 0.009877
0 0.156163 0.169753 0.004861 0.009877
0 0.156163 0.169985 0.004861 0.010340
0 0.156163 0.169985 0.004861 0.010340
0 0.156163 0.170216 0.004861 0.010802
0 0.156250 0.170448 0.004687 0.011265
0 0.156163 0.170216 0.004861 0.010802
0 0.156163 0.170216 0.004861 0.010802
0 0.156163 0.170216 0.004861 0.010802
0 0.156163 0.170216 0.004861 0.009877
0 0.156163 0.170216 0.004861 0.009877
0 0.156163 0.170216 0.004861 0.009877
0 0.156163 0.170139 0.004861 0.009105
0 0.156163 0.170139 0.004861 0.009105
0 0.156163 0.170139 0.004861 0.009105
0 0.156293 0.170370 0.005122 0.008642
0 0.156033 0.170139 0.005122 0.009105
0 0.156033 0.170139 0.005122 0.009105
0 0.155903 0.170139 0.004861 0.009105
0 0.155903 0.170370 0.004861 0.009568
0 0.155903 0.170370 0.004861 0.009568
0 0.155642 0.170370 0.004861 0.009568
0 0.155642 0.170602 0.004861 0.010031
0 0.155512 0.170602 0.004601 0.010031
0 0.155512 0.170602 0.004601 0.010031
0 0.155512 0.170833 0.004601 0.010494
0 0.155512 0.170602 0.004601 0.010031
0 0.155512 0.170602 0.004601 0.010031
0 0.155512 0.170602 0.004601 0.010031
0 0.155512 0.170602 0.004601 0.010031
0 0.155512 0.170602 0.004601 0.010031
0 0.155512 0.170602 0.004601 0.010031
0 0.155512 0.170602 0.004601 0.010031
0 0.155512 0.170602 0.004601 0.010031
0 0.155512 0.170602 0.004601 0.010031
0 0.155512 0.170602 0.004601 0.010031
0 0.155252 0.170602 0.004601 0.010031
0 0.155252 0.170602 0.004601 0.010031
0 0.155252 0.170833 0.004601 0.010494
0 0.155252 0.170833 0.004601 0.010494
0 0.155252 0.171065 0.004601 0.010957
0 0.155252 0.171065 0.004601 0.010957
0 0.155252 0.171065 0.004601 0.010957
0 0.155252 0.171219 0.004601 0.011265
0 0.155252 0.171219 0.004601 0.011265
0 0.155252 0.171682 0.004601 0.011265
0 0.155035 0.171451 0.004687 0.010802
0 0.155035 0.171451 0.004687 0.010802
0 0.155035 0.171451 0.004687 0.010802
0 0.155035 0.171451 0.004687 0.010802
0 0.155035 0.171682 0.004687 0.010340
0 0.154774 0.171528 0.004687 0.010031
0 0.154774 0.171528 0.004687 0.010031
0 0.154774 0.171528 0.004687 0.010031
0 0.154774 0.171528 0.004687 0.010031
0 0.154774 0.171759 0.004687 0.009568
0 0.154557 0.171296 0.004601 0.009568
0 0.154557 0.171296 0.004601 0.009568
0 0.154557 0.170833 0.004601 0.009568
0 0.154557 0.170833 0.004601 0.009568
0 0.154557 0.170370 0.004601 0.009568
0 0.154557 0.170370 0.004601 0.009568
0 0.154557 0.169985 0.004601 0.009414
0 0.154557 0.169985 0.004601 0.009414
0 0.154557 0.169599 0.004601 0.009568
0 0.154557 0.169599 0.004601 0.009568
