0 0.182465 0.306867 0.007292 0.015278
0 0.182465 0.307022 0.007292 0.015586
0 0.182726 0.307485 0.007292 0.015586
0 0.182726 0.307716 0.007292 0.016049
0 0.182986 0.308410 0.007292 0.016512
0 0.183073 0.308796 0.007118 0.016358
0 0.183203 0.309028 0.007378 0.016821
0 0.183333 0.309645 0.007118 0.017438
0 0.183464 0.309877 0.007378 0.017901
0 0.183594 0.310262 0.007118 0.017747
0 0.183811 0.310957 0.007031 0.018210
0 0.183811 0.310494 0.007031 0.018210
0 0.184071 0.310031 0.007031 0.018210
0 0.184071 0.309722 0.007031 0.018210
0 0.184332 0.309259 0.007031 0.018210
0 0.184332 0.308796 0.007031 0.018210
0 0.184549 0.308333 0.007118 0.018210
0 0.184549 0.307870 0.007118 0.018210
0 0.184809 0.307562 0.007118 0.018210
0 0.184809 0.307099 0.007118 0.018210
0 0.185069 0.307099 0.007118 0.018210
0 0.184809 0.306404 0.007118 0.017747
0 0.184809 0.305941 0.007118 0.017747
0 0.184809 0.305324 0.007118 0.017438
0 0.184809 0.304938 0.007118 0.017284
0 0.184809 0.304475 0.007118 0.017284
0 0.184809 0.303858 0.007118 0.016975
0 0.184809 0.303395 0.007118 0.016975
0 0.184809 0.302701 0.007118 0.016512
0 0.184809 0.302238 0.007118 0.016512
0 0.184809 0.302006 0.007118 0.016049
0 0.184549 0.300772 0.007118 0.016049
0 0.184549 0.299537 0.007118 0.016049
0 0.184549 0.298148 0.007118 0.016049
0 0.184549 0.297377 0.007118 0.016049
0 0.184549 0.295988 0.007118 0.016049
0 0.184332 0.294753 0.007031 0.016049
0 0.184332 0.293827 0.007031 0.016049
0 0.184332 0.292593 0.007031 0.016049
0 0.184332 0.291204 0.007031 0.016049
0 0.184332 0.290432 0.007031 0.016049
0 0.184071 0.289043 0.007031 0.016049
0 0.184071 0.288194 0.007031 0.016204
0 0.184071 0.286883 0.007031 0.016049
0 0.184071 0.285957 0.007031 0.016049
0 0.184071 0.284954 0.007031 0.016512
0 0.183811 0.283796 0.007031 0.016049
0 0.183811 0.282793 0.007031 0.016512
0 0.183811 0.281636 0.007031 0.016049
0 0.183811 0.280633 0.007031 0.016512
0 0.183811 0.279707 0.007031 0.016512
0 0.183811 0.278858 0.007031 0.016358
0 0.183811 0.278009 0.007031 0.016512
0 0.183811 0.277083 0.007031 0.016512
0 0.183811 0.276698 0.007031 0.016358
0 0.183811 0.275849 0.007031 0.016512
0 0.183811 0.274923 0.007031 0.016512
0 0.183811 0.274537 0.007031 0.016358
0 0.183811 0.273688 0.007031 0.016512
0 0.183811 0.272762 0.007031 0.016512
0 0.183811 0.272299 0.007031 0.016512
0 0.183333 0.271528 0.007118 0.016512
0 0.183073 0.271065 0.007118 0.016512
0 0.182856 0.270602 0.007031 0.016512
0 0.182378 0.270139 0.007118 0.016512
0 0.182118 0.269753 0.007118 0.016358
0 0.181858 0.269136 0.007118 0.016049
0 0.181380 0.268673 0.007031 0.016049
0 0.181163 0.268210 0.007118 0.016049
0 0.180903 0.267747 0.007118 0.016049
0 0.180642 0.267438 0.007118 0.016049
0 0.179905 0.266975 0.007031 0.016049
0 0.179427 0.266512 0.007118 0.016049
0 0.178689 0.266049 0.007031 0.016049
0 0.178212 0.265586 0.007118 0.016049
0 0.177474 0.265586 0.007031 0.016049
0 0.176997 0.265201 0.007118 0.016204
0 0.176259 0.264815 0.007031 0.016049
0 0.175781 0.264352 0.007118 0.016049
0 0.175043 0.263889 0.007031 0.016049
0 0.174566 0.263889 0.007118 0.016049
0 0.174045 0.263426 0.007118 0.016049
0 0.173568 0.262963 0.007031 0.016049
0 0.173090 0.262654 0.007118 0.016049
0 0.172613 0.262191 0.007031 0.016049
0 0.172135 0.261960 0.007118 0.016512
0 0.171615 0.261497 0.007118 0.016512
0 0.171137 0.261034 0.007031 0.016512
0 0.170660 0.260648 0.007118 0.016358
0 0.170182 0.260262 0.007031 0.016512
0 0.169661 0.260262 0.007031 0.016512
0 0.169444 0.259799 0.007118 0.016512
0 0.169184 0.259799 0.007118 0.016512
0 0.168924 0.259799 0.007118 0.016512
0 0.168924 0.259799 0.007118 0.016512
0 0.168707 0.259799 0.007031 0.016512
0 0.168446 0.259799 0.007031 0.016512
0 0.168446 0.259799 0.007031 0.016512
0 0.168229 0.259799 0.007118 0.016512
0 0.167969 0.259799 0.007118 0.016512
0 0.167969 0.259799 0.007118 0.016512
0 0.167969 0.259799 0.007118 0.016512
0 0.168229 0.259799 0.007118 0.016512
0 0.168446 0.260031 0.007031 0.016049
0 0.168707 0.260262 0.007031 0.016512
0 0.168924 0.260494 0.007118 0.016049
0 0.169184 0.260494 0.007118 0.016049
0 0.169444 0.260648 0.007118 0.016358
0 0.169661 0.260802 0.007031 0.016049
0 0.169922 0.260802 0.007031 0.016049
0 0.170182 0.261265 0.007031 0.016049
0 0.169922 0.260494 0.007031 0.016049
0 0.169922 0.260031 0.007031 0.016049
0 0.169661 0.259568 0.007031 0.016049
0 0.169661 0.259105 0.007031 0.016049
0 0.169661 0.258642 0.007031 0.016049
0 0.169444 0.258333 0.007118 0.016049
0 0.169444 0.257870 0.007118 0.016049
0 0.169184 0.257407 0.007118 0.016049
0 0.169184 0.256944 0.007118 0.016049
0 0.169184 0.256481 0.007118 0.016049
0 0.169184 0.255478 0.007118 0.016512
0 0.169184 0.254552 0.007118 0.016512
0 0.169184 0.253704 0.007118 0.016358
0 0.169184 0.252855 0.007118 0.016512
0 0.169184 0.251929 0.007118 0.016512
0 0.169184 0.251157 0.007118 0.016512
0 0.169184 0.250231 0.007118 0.016512
0 0.169184 0.249306 0.007118 0.016512
0 0.169184 0.248534 0.007118 0.016512
0 0.169444 0.247608 0.007118 0.016512
0 0.169444 0.246373 0.007118 0.016512
0 0.169531 0.245448 0.007292 0.016512
0 0.169531 0.244599 0.007292 0.016358
0 0.169661 0.243750 0.007552 0.016512
0 0.169922 0.242824 0.007552 0.016512
0 0.169922 0.241821 0.007552 0.016049
0 0.170052 0.240895 0.007812 0.016049
0 0.170052 0.239969 0.007812 0.016049
0 0.170182 0.239198 0.008073 0.016049
0 0.170399 0.238272 0.007986 0.016049
0 0.170399 0.237037 0.007986 0.016049
0 0.170660 0.235648 0.007986 0.016049
0 0.170877 0.234877 0.008073 0.016049
0 0.171137 0.233488 0.008073 0.016049
0 0.171398 0.232716 0.008073 0.016049
0 0.171658 0.231327 0.008073 0.016049
0 0.171875 0.230093 0.007986 0.016049
0 0.172092 0.229167 0.008073 0.016049
0 0.172352 0.227932 0.008073 0.016049
0 0.172613 0.227006 0.008073 0.016049
0 0.172613 0.225772 0.008073 0.016049
0 0.172873 0.224846 0.008073 0.016049
0 0.172873 0.223920 0.008073 0.016049
0 0.173090 0.222685 0.007986 0.016049
0 0.173307 0.221759 0.008073 0.016049
0 0.173307 0.220988 0.008073 0.016049
0 0.173568 0.219599 0.008073 0.016049
0 0.173568 0.218827 0.008073 0.016049
0 0.173828 0.217901 0.008073 0.016049
0 0.174089 0.216975 0.008073 0.016049
0 0.174089 0.216204 0.008073 0.016049
0 0.174306 0.215278 0.007986 0.016049
0 0.174523 0.214506 0.008073 0.016049
0 0.174783 0.213580 0.008073 0.016049
0 0.175043 0.212654 0.008073 0.016049
0 0.175304 0.211883 0.008073 0.016049
0 0.175521 0.210957 0.007986 0.016049
0 0.175781 0.210031 0.007986 0.016049
0 0.175998 0.209259 0.008073 0.016049
0 0.176259 0.208333 0.008073 0.016049
0 0.176259 0.207562 0.008073 0.016049
0 0.176519 0.207099 0.008073 0.016049
0 0.176649 0.206404 0.008333 0.016512
0 0.176780 0.205710 0.008073 0.016049
0 0.176997 0.205401 0.007986 0.016049
0 0.177127 0.204707 0.008247 0.016512
0 0.177344 0.204244 0.008333 0.016512
0 0.177474 0.203549 0.008073 0.016049
0 0.177604 0.203009 0.008333 0.016512
0 0.177865 0.202546 0.008333 0.016512
