0 0.050694 0.005170 0.008333 0.010340
0 0.050694 0.005170 0.008333 0.010340
0 0.050694 0.005170 0.008333 0.010340
0 0.050694 0.005170 0.008333 0.010340
0 0.050694 0.005170 0.008333 0.010340
0 0.050694 0.005170 0.008333 0.010340
0 0.050694 0.005170 0.008333 0.010340
0 0.050694 0.005170 0.008333 0.010340
0 0.050694 0.005170 0.008333 0.010340
0 0.050694 0.005170 0.008333 0.010340
0 0.050694 0.005170 0.008333 0.010340
0 0.050694 0.005170 0.008333 0.010340
0 0.050694 0.005170 0.008333 0.010340
0 0.050694 0.005170 0.008333 0.010340
0 0.050694 0.005170 0.008333 0.010340
0 0.050694 0.005170 0.008333 0.010340
0 0.050694 0.005170 0.008333 0.010340
0 0.050694 0.005170 0.008333 0.010340
0 0.050694 0.005170 0.008333 0.010340
0 0.050694 0.005170 0.008333 0.010340
0 0.050694 0.005170 0.008333 0.010340
0 0.050694 0.005170 0.008333 0.010340
0 0.050694 0.005170 0.008333 0.010340
0 0.050694 0.005170 0.008333 0.010340
0 0.050694 0.005170 0.008333 0.010340
0 0.050694 0.005170 0.008333 0.010340
0 0.050694 0.005170 0.008333 0.010340
0 0.050694 0.005170 0.008333 0.010340
0 0.050694 0.005170 0.008333 0.010340
0 0.050694 0.005170 0.008333 0.010340
0 0.050694 0.005170 0.008333 0.010340
0 0.050694 0.005170 0.008333 0.010340
0 0.050694 0.005170 0.008333 0.010340
0 0.050694 0.005170 0.008333 0.010340
0 0.050694 0.005170 0.008333 0.010340
0 0.050694 0.005170 0.008333 0.010340
0 0.050694 0.005170 0.008333 0.010340
0 0.050694 0.005170 0.008333 0.010340
0 0.050694 0.005170 0.008333 0.010340
0 0.050694 0.005170 0.008333 0.010340
0 0.050694 0.005170 0.008333 0.010340
0 0.050738 0.005401 0.008767 0.010802
0 0.050955 0.005633 0.009201 0.011265
0 0.051085 0.005787 0.009462 0.011574
0 0.051345 0.006019 0.009983 0.012037
0 0.051562 0.006250 0.010417 0.012500
0 0.051693 0.006481 0.010677 0.012963
0 0.051953 0.006713 0.011198 0.013426
0 0.052083 0.006867 0.011458 0.013735
0 0.052300 0.007099 0.011892 0.014198
0 0.052561 0.007330 0.012413 0.014660
0 0.053038 0.007562 0.012500 0.015123
0 0.053516 0.007948 0.012413 0.015278
0 0.053993 0.008179 0.012500 0.015741
0 0.054731 0.008796 0.012413 0.016049
0 0.055252 0.009259 0.012413 0.016049
0 0.055729 0.009491 0.012500 0.016512
0 0.056467 0.010108 0.012413 0.016821
0 0.056944 0.010340 0.012500 0.017284
0 0.057422 0.010802 0.012413 0.017284
0 0.058160 0.011420 0.012500 0.017901
0 0.058377 0.011806 0.012413 0.017747
0 0.058637 0.012269 0.012413 0.017747
0 0.058898 0.012731 0.012413 0.017747
0 0.059375 0.013194 0.012500 0.017747
0 0.059635 0.013966 0.012500 0.017747
0 0.059852 0.014429 0.012413 0.017747
0 0.060373 0.014892 0.012413 0.017747
0 0.060590 0.015355 0.012500 0.017747
0 0.060851 0.015741 0.012500 0.017901
0 0.061328 0.016590 0.012413 0.017747
0 0.061589 0.017052 0.012413 0.017747
0 0.061806 0.017515 0.012500 0.017747
0 0.062066 0.017978 0.012500 0.017747
0 0.062283 0.018364 0.012413 0.017901
0 0.062804 0.018750 0.012413 0.017747
0 0.063021 0.019213 0.012500 0.017747
0 0.063281 0.019676 0.012500 0.017747
0 0.063498 0.020139 0.012413 0.017747
0 0.063759 0.020525 0.012413 0.017901
0 0.064280 0.020910 0.012413 0.017747
0 0.064497 0.021373 0.012500 0.017747
0 0.064757 0.022299 0.012500 0.017747
0 0.064974 0.023148 0.012413 0.017901
0 0.065234 0.023534 0.012413 0.017747
0 0.065495 0.024460 0.012413 0.017747
0 0.065712 0.025309 0.012500 0.017901
0 0.065972 0.025694 0.012500 0.017747
0 0.066189 0.026620 0.012413 0.017747
0 0.066450 0.027469 0.012413 0.017901
0 0.066927 0.028318 0.012500 0.017747
0 0.067187 0.028781 0.012500 0.017747
0 0.067665 0.029475 0.012413 0.018210
0 0.068186 0.030093 0.012413 0.017901
0 0.068663 0.030710 0.012500 0.018210
0 0.069141 0.031404 0.012413 0.017747
0 0.069618 0.032022 0.012500 0.018364
0 0.070095 0.032407 0.012413 0.018210
0 0.070616 0.033333 0.012413 0.018210
0 0.071094 0.033796 0.012500 0.018210
0 0.071571 0.034568 0.012413 0.018210
0 0.071832 0.034568 0.012413 0.018210
0 0.072179 0.035031 0.012240 0.018210
0 0.072569 0.035262 0.011979 0.017747
0 0.072917 0.035725 0.011632 0.017747
0 0.073264 0.035957 0.011458 0.017284
0 0.073524 0.036343 0.011458 0.017438
0 0.073915 0.036574 0.011198 0.016975
0 0.074262 0.037037 0.011024 0.016975
0 0.074653 0.037269 0.010764 0.016512
0 0.075087 0.037654 0.010764 0.016358
0 0.075347 0.038040 0.010764 0.016512
0 0.075608 0.038503 0.010764 0.016512
0 0.075868 0.038966 0.010764 0.016512
0 0.076085 0.039429 0.010677 0.016512
0 0.076345 0.039892 0.010677 0.016512
0 0.076562 0.040278 0.010764 0.016358
0 0.076823 0.040664 0.010764 0.016512
0 0.077083 0.041127 0.010764 0.016512
0 0.077300 0.041590 0.010677 0.016512
0 0.077778 0.042052 0.010764 0.016512
0 0.077778 0.042438 0.010764 0.016358
0 0.077908 0.042824 0.010503 0.016512
0 0.078038 0.043287 0.010243 0.016512
0 0.078168 0.044213 0.009983 0.016512
0 0.078429 0.044599 0.009983 0.016358
0 0.078429 0.044985 0.009983 0.016512
0 0.078516 0.045910 0.009809 0.016512
0 0.078646 0.046373 0.009549 0.016512
0 0.078776 0.046836 0.009288 0.016512
0 0.079036 0.047608 0.009288 0.016512
0 0.079036 0.047840 0.009288 0.016049
0 0.079297 0.048302 0.009288 0.016049
0 0.079297 0.048765 0.009288 0.016049
0 0.079514 0.049383 0.009201 0.015741
0 0.079731 0.049769 0.009288 0.015586
0 0.079731 0.050231 0.009288 0.015586
0 0.079991 0.050926 0.009288 0.015123
0 0.079991 0.051312 0.009288 0.015278
0 0.080252 0.051775 0.009288 0.015278
0 0.080512 0.052392 0.009288 0.014660
0 0.080512 0.052855 0.009288 0.014660
0 0.080729 0.053241 0.009201 0.014815
0 0.080946 0.053704 0.009288 0.014815
0 0.081207 0.054167 0.009288 0.014815
0 0.081467 0.054552 0.009288 0.014660
0 0.081727 0.055015 0.009288 0.014660
0 0.081944 0.055478 0.009201 0.014660
0 0.082161 0.055864 0.009288 0.014815
0 0.082422 0.056327 0.009288 0.014815
0 0.082682 0.057176 0.009288 0.014660
0 0.082682 0.057407 0.009288 0.014198
0 0.082812 0.057562 0.009028 0.013889
0 0.082943 0.058025 0.008767 0.013889
0 0.082943 0.058256 0.008767 0.013426
0 0.083030 0.058951 0.008594 0.012963
0 0.083160 0.059105 0.008333 0.012654
0 0.083160 0.059336 0.008333 0.012191
0 0.083290 0.059799 0.008073 0.012191
0 0.083420 0.060031 0.007812 0.011728
0 0.083681 0.060725 0.007812 0.011265
0 0.083681 0.060880 0.007812 0.010957
0 0.083941 0.061265 0.007812 0.010802
0 0.084028 0.061497 0.007639 0.010340
0 0.084115 0.062191 0.007812 0.009877
0 0.084375 0.062346 0.007812 0.009568
0 0.084505 0.062809 0.007552 0.009568
0 0.084635 0.063272 0.007812 0.008642
0 0.084766 0.063735 0.007552 0.008642
0 0.085026 0.063889 0.007552 0.008333
0 0.085243 0.064583 0.007639 0.007870
0 0.085026 0.064815 0.007552 0.007407
0 0.084896 0.065046 0.007292 0.006944
0 0.084635 0.065201 0.007292 0.006636
0 0.084505 0.065432 0.007031 0.006173
0 0.084418 0.065818 0.006858 0.006019
0 0.084158 0.066049 0.006858 0.005556
0 0.084028 0.066281 0.006597 0.005093
0 0.083767 0.066512 0.006597 0.004630
0 0.083637 0.066667 0.006337 0.004321
0 0.083637 0.067130 0.006337 0.004321
