0 0.079167 0.231404 0.009028 0.050772
0 0.079167 0.231404 0.009028 0.050772
0 0.079167 0.231404 0.009028 0.050772
0 0.079167 0.231404 0.009028 0.050772
0 0.079167 0.231404 0.009028 0.050772
0 0.079167 0.231790 0.009028 0.050617
0 0.079167 0.231790 0.009028 0.050617
0 0.079167 0.231790 0.009028 0.050617
0 0.079167 0.231790 0.009028 0.050617
0 0.079167 0.231790 0.009028 0.050617
0 0.079167 0.232176 0.009028 0.050772
0 0.079167 0.232176 0.009028 0.050772
0 0.079167 0.232176 0.009028 0.050772
0 0.079167 0.232176 0.009028 0.050772
0 0.079167 0.232176 0.009028 0.050772
0 0.079167 0.232176 0.009028 0.050772
0 0.079167 0.232176 0.009028 0.050772
0 0.079167 0.232176 0.009028 0.050772
0 0.079167 0.232176 0.009028 0.050772
0 0.079167 0.232176 0.009028 0.050772
0 0.079167 0.232639 0.009028 0.050772
0 0.079167 0.232176 0.009028 0.050772
0 0.079167 0.232176 0.009028 0.050772
0 0.079167 0.232176 0.009028 0.050772
0 0.079167 0.231790 0.009028 0.050617
0 0.079167 0.231790 0.009028 0.050617
0 0.079167 0.231790 0.009028 0.050617
0 0.079167 0.231404 0.009028 0.050772
0 0.079167 0.231404 0.009028 0.050772
0 0.079167 0.231404 0.009028 0.050772
0 0.079167 0.231404 0.009028 0.050772
0 0.079036 0.231173 0.008767 0.051235
0 0.079036 0.231173 0.008767 0.051235
0 0.079036 0.230941 0.008767 0.051698
0 0.079036 0.230941 0.008767 0.051698
0 0.079036 0.230710 0.008767 0.052160
0 0.078906 0.230710 0.008507 0.052160
0 0.078906 0.230556 0.008507 0.052469
0 0.078906 0.230556 0.008507 0.052469
0 0.078906 0.230324 0.008507 0.052932
0 0.078906 0.230324 0.008507 0.052932
0 0.078906 0.230093 0.008507 0.053395
0 0.078906 0.230093 0.008507 0.053395
0 0.078906 0.230093 0.008507 0.053395
0 0.078906 0.229861 0.008507 0.053858
0 0.078906 0.229861 0.008507 0.053858
0 0.078906 0.229861 0.008507 0.053858
0 0.078906 0.229630 0.008507 0.054321
0 0.078906 0.229630 0.008507 0.054321
0 0.078906 0.229630 0.008507 0.054321
0 0.078906 0.229630 0.008507 0.054321
0 0.078906 0.229167 0.008507 0.054321
0 0.078906 0.228935 0.008507 0.053858
0 0.078906 0.228549 0.008507 0.053704
0 0.078906 0.228549 0.008507 0.053704
0 0.078906 0.228318 0.008507 0.053241
0 0.078906 0.227932 0.008507 0.053395
0 0.078906 0.227932 0.008507 0.053395
0 0.078906 0.227469 0.008507 0.053395
0 0.078906 0.227238 0.008507 0.052932
0 0.078906 0.227238 0.008507 0.052932
0 0.078776 0.227006 0.008767 0.052469
0 0.078776 0.227006 0.008767 0.052469
0 0.078776 0.227006 0.008767 0.052469
0 0.078776 0.227006 0.008767 0.052469
0 0.078776 0.227006 0.008767 0.052469
0 0.078776 0.227006 0.008767 0.052469
0 0.078776 0.227006 0.008767 0.052469
0 0.078776 0.227006 0.008767 0.052469
0 0.078776 0.227006 0.008767 0.052469
0 0.078906 0.227006 0.009028 0.052469
0 0.078646 0.226775 0.009028 0.052006
0 0.078646 0.226775 0.009028 0.052006
0 0.078646 0.226620 0.009028 0.051698
0 0.078385 0.226620 0.009028 0.051698
0 0.078385 0.226620 0.009028 0.051698
0 0.078385 0.226389 0.009028 0.051235
0 0.078125 0.226389 0.009028 0.051235
0 0.078125 0.226157 0.009028 0.050772
0 0.078125 0.226157 0.009028 0.050772
0 0.078125 0.226157 0.009028 0.050772
0 0.077951 0.225694 0.009028 0.050772
0 0.077951 0.225694 0.009028 0.050772
0 0.077821 0.225463 0.008767 0.051235
0 0.077821 0.225463 0.008767 0.051235
0 0.077821 0.225463 0.008767 0.051235
0 0.077561 0.225309 0.008767 0.051543
0 0.077561 0.225309 0.008767 0.051543
0 0.077431 0.225077 0.008507 0.052006
0 0.077431 0.225077 0.008507 0.052006
0 0.077431 0.225077 0.008507 0.052006
0 0.077170 0.224614 0.008507 0.052006
0 0.077170 0.224614 0.008507 0.052006
0 0.077170 0.224614 0.008507 0.052006
0 0.077040 0.224383 0.008767 0.052469
0 0.077040 0.224383 0.008767 0.052469
0 0.077040 0.224383 0.008767 0.052469
0 0.076910 0.224151 0.009028 0.052932
0 0.076910 0.224151 0.009028 0.052932
0 0.076910 0.224151 0.009028 0.052932
0 0.076910 0.224151 0.009028 0.052932
0 0.076910 0.223997 0.009028 0.052623
0 0.076910 0.223997 0.009028 0.052623
0 0.076910 0.223997 0.009028 0.052623
0 0.077040 0.223997 0.008767 0.052623
0 0.077040 0.223997 0.008767 0.052623
0 0.077040 0.223765 0.008767 0.052160
0 0.077170 0.223765 0.008507 0.052160
0 0.077170 0.223765 0.008507 0.052160
0 0.077170 0.223765 0.008507 0.052160
0 0.077431 0.223765 0.008507 0.052160
0 0.077431 0.223765 0.008507 0.052160
0 0.077431 0.223765 0.008507 0.052160
0 0.077561 0.223765 0.008247 0.052160
0 0.077691 0.223997 0.008507 0.052623
0 0.077778 0.223997 0.008333 0.052623
0 0.077778 0.223997 0.008333 0.052623
0 0.077908 0.224151 0.008594 0.052932
0 0.078038 0.224151 0.008333 0.052932
0 0.078038 0.224151 0.008333 0.052932
0 0.078299 0.224614 0.008333 0.052932
0 0.078299 0.224614 0.008333 0.052932
0 0.078299 0.224614 0.008333 0.052932
0 0.078299 0.224614 0.008333 0.052932
0 0.078299 0.224614 0.008333 0.052932
0 0.078299 0.224614 0.008333 0.052932
0 0.078299 0.224614 0.008333 0.052932
0 0.078299 0.224614 0.008333 0.052932
0 0.078299 0.224614 0.008333 0.052932
0 0.078299 0.224614 0.008333 0.052932
0 0.078299 0.224614 0.008333 0.052932
0 0.078168 0.224614 0.008073 0.052932
0 0.078168 0.224846 0.008073 0.053395
0 0.078168 0.224846 0.008073 0.053395
0 0.078168 0.225077 0.008073 0.053858
0 0.078168 0.225309 0.008073 0.054321
0 0.078168 0.225309 0.008073 0.054321
0 0.078168 0.225463 0.008073 0.054630
0 0.078168 0.225463 0.008073 0.054630
0 0.078168 0.225694 0.008073 0.055093
0 0.078168 0.225926 0.008073 0.055556
0 0.078168 0.225926 0.008073 0.055556
0 0.078168 0.225926 0.008073 0.055556
0 0.078168 0.226157 0.008073 0.055093
0 0.078168 0.226157 0.008073 0.055093
0 0.078168 0.226389 0.008073 0.054630
0 0.078168 0.226389 0.008073 0.054630
0 0.078168 0.226389 0.008073 0.054630
0 0.078168 0.226620 0.008073 0.054167
0 0.078168 0.226620 0.008073 0.054167
0 0.078168 0.227006 0.008073 0.054321
0 0.078168 0.227006 0.008073 0.054321
0 0.078168 0.227006 0.008073 0.054321
0 0.078168 0.227006 0.008073 0.054321
0 0.078168 0.227006 0.008073 0.054321
0 0.078168 0.227006 0.008073 0.054321
0 0.078168 0.227006 0.008073 0.054321
0 0.078168 0.227006 0.008073 0.054321
0 0.078168 0.227006 0.008073 0.054321
0 0.078168 0.227006 0.008073 0.054321
0 0.078168 0.227006 0.008073 0.054321
0 0.077908 0.227006 0.008073 0.054321
0 0.077908 0.227469 0.008073 0.054321
0 0.077908 0.227469 0.008073 0.054321
0 0.077908 0.227855 0.008073 0.054167
0 0.077908 0.227855 0.008073 0.054167
0 0.077908 0.228318 0.008073 0.054167
0 0.077908 0.228318 0.008073 0.054167
0 0.077908 0.228781 0.008073 0.054167
0 0.077908 0.228781 0.008073 0.054167
0 0.077908 0.229167 0.008073 0.054321
0 0.077908 0.229167 0.008073 0.054321
0 0.077908 0.229167 0.008073 0.054321
0 0.077908 0.229167 0.008073 0.054321
0 0.077908 0.229167 0.008073 0.054321
0 0.077908 0.229167 0.008073 0.054321
0 0.077908 0.229167 0.008073 0.054321
0 0.077908 0.229167 0.008073 0.054321
0 0.077908 0.229167 0.008073 0.054321
0 0.077908 0.229167 0.008073 0.054321
0 0.077908 0.229167 0.008073 0.054321
