0 0.311328 0.084954 0.003385 0.009414
0 0.311328 0.084954 0.003385 0.009414
0 0.311328 0.084954 0.003385 0.009414
0 0.311328 0.084954 0.003385 0.009414
0 0.311328 0.084954 0.003385 0.009414
0 0.311328 0.084954 0.003385 0.009414
0 0.311328 0.084954 0.003385 0.009414
0 0.311328 0.084954 0.003385 0.009414
0 0.311328 0.084954 0.003385 0.009414
0 0.311328 0.084954 0.003385 0.009414
0 0.311328 0.084954 0.003385 0.009414
0 0.311328 0.084954 0.003385 0.009414
0 0.311328 0.084954 0.003385 0.009414
0 0.311328 0.084954 0.003385 0.009414
0 0.311328 0.084954 0.003385 0.009414
0 0.311328 0.084954 0.003385 0.009414
0 0.311328 0.084954 0.003385 0.009414
0 0.311328 0.084954 0.003385 0.009414
0 0.311328 0.084954 0.003385 0.009414
0 0.311328 0.084954 0.003385 0.009414
0 0.311328 0.084954 0.003385 0.009414
0 0.311328 0.084954 0.003385 0.009414
0 0.311328 0.084954 0.003385 0.009414
0 0.311328 0.084954 0.003385 0.009414
0 0.311328 0.084954 0.003385 0.009414
0 0.311328 0.084954 0.003385 0.009414
0 0.311328 0.084954 0.003385 0.009414
0 0.311328 0.084954 0.003385 0.009414
0 0.311328 0.084954 0.003385 0.009414
0 0.311328 0.084954 0.003385 0.009414
0 0.311328 0.084954 0.003385 0.009414
0 0.311328 0.084954 0.003385 0.009414
0 0.311328 0.084954 0.003385 0.009414
0 0.311328 0.084954 0.003385 0.009414
0 0.311328 0.084954 0.003385 0.009414
0 0.311328 0.084954 0.003385 0.009414
0 0.311328 0.084954 0.003385 0.009414
0 0.311328 0.084954 0.003385 0.009414
0 0.311328 0.084954 0.003385 0.009414
0 0.311328 0.084954 0.003385 0.009414
0 0.311328 0.084954 0.003385 0.009414
0 0.311328 0.084954 0.003385 0.009414
0 0.311328 0.084954 0.003385 0.009414
0 0.311328 0.084954 0.003385 0.009414
0 0.311328 0.084954 0.003385 0.009414
0 0.311328 0.084954 0.003385 0.009414
0 0.311328 0.084954 0.003385 0.009414
0 0.311328 0.084954 0.003385 0.009414
0 0.311328 0.084954 0.003385 0.009414
0 0.311328 0.084954 0.003385 0.009414
0 0.311328 0.084954 0.003385 0.009414
0 0.280208 0.076235 0.003125 0.008642
0 0.249132 0.068056 0.002951 0.007716
0 0.218012 0.059568 0.002691 0.007407
0 0.186892 0.051157 0.002431 0.006019
0 0.155773 0.042670 0.002170 0.005710
0 0.124653 0.034414 0.001910 0.004630
0 0.093533 0.025694 0.001649 0.003858
0 0.062457 0.017515 0.001476 0.002932
0 0.031337 0.009028 0.001215 0.002623
0 0.000477 0.000849 0.000955 0.001698
0 0.000477 0.000849 0.000955 0.001698
0 0.000477 0.000849 0.000955 0.001698
0 0.000477 0.000849 0.000955 0.001698
0 0.000477 0.000849 0.000955 0.001698
0 0.000477 0.000849 0.000955 0.001698
0 0.000477 0.000849 0.000955 0.001698
0 0.000477 0.000849 0.000955 0.001698
0 0.000477 0.000849 0.000955 0.001698
0 0.000477 0.000849 0.000955 0.001698
0 0.000477 0.000849 0.000955 0.001698
0 0.032292 0.009259 0.001215 0.003086
0 0.064366 0.017978 0.001476 0.003858
0 0.096441 0.026620 0.001736 0.004784
0 0.128429 0.035262 0.001649 0.005710
0 0.160503 0.043981 0.001910 0.006481
0 0.192622 0.052392 0.002257 0.007870
0 0.224566 0.061111 0.002257 0.008642
0 0.256684 0.069753 0.002431 0.009568
0 0.288759 0.078472 0.002691 0.010340
0 0.320833 0.087346 0.002951 0.011728
0 0.320139 0.086883 0.002951 0.011728
0 0.319618 0.086651 0.002951 0.011265
0 0.319141 0.086420 0.002865 0.010802
0 0.318533 0.086188 0.002691 0.011265
0 0.318012 0.086034 0.002691 0.010957
0 0.317448 0.085802 0.002951 0.010494
0 0.316797 0.085648 0.002691 0.010802
0 0.316363 0.085417 0.002691 0.010340
0 0.315842 0.085185 0.002691 0.009877
0 0.315321 0.085185 0.002691 0.009877
0 0.315148 0.085185 0.002691 0.009877
0 0.314887 0.085185 0.002691 0.009877
0 0.314627 0.085185 0.002691 0.009877
0 0.314366 0.085185 0.002691 0.009877
0 0.314366 0.085185 0.002691 0.009877
0 0.314106 0.085185 0.002691 0.009877
0 0.313889 0.085185 0.002604 0.009877
0 0.313672 0.085185 0.002691 0.009877
0 0.313411 0.085185 0.002691 0.009877
0 0.313411 0.085185 0.002691 0.009877
0 0.313151 0.084722 0.002691 0.009877
0 0.312891 0.084722 0.002691 0.009877
0 0.312891 0.084722 0.002691 0.009877
0 0.312630 0.084722 0.002691 0.009877
0 0.312630 0.084722 0.002691 0.009877
0 0.312457 0.084722 0.002691 0.009877
0 0.312196 0.084722 0.002691 0.009877
0 0.312196 0.084722 0.002691 0.009877
0 0.311936 0.084722 0.002691 0.009877
0 0.311936 0.084722 0.002691 0.009877
0 0.311545 0.084722 0.002951 0.009877
0 0.311458 0.084722 0.003125 0.009877
0 0.311328 0.084954 0.003385 0.009414
