0 0.144054 0.161728 0.005122 0.025926
0 0.143793 0.174306 0.005122 0.026080
0 0.143793 0.186883 0.005122 0.025926
0 0.143533 0.199460 0.005122 0.026080
0 0.143533 0.212037 0.005122 0.025926
0 0.143533 0.224614 0.005122 0.026080
0 0.143359 0.237269 0.005122 0.026080
0 0.143359 0.249769 0.005122 0.026080
0 0.143099 0.262423 0.005122 0.026080
0 0.143099 0.274923 0.005122 0.026080
0 0.143099 0.287963 0.005122 0.025926
0 0.143099 0.287963 0.005122 0.025926
0 0.143099 0.287963 0.005122 0.025926
0 0.143099 0.287963 0.005122 0.025926
0 0.143099 0.287963 0.005122 0.025926
0 0.143099 0.287963 0.005122 0.025926
0 0.143099 0.287963 0.005122 0.025926
0 0.143099 0.287963 0.005122 0.025926
0 0.143099 0.287963 0.005122 0.025926
0 0.143099 0.287963 0.005122 0.025926
0 0.143099 0.287963 0.005122 0.025926
0 0.142318 0.284954 0.005642 0.026080
0 0.141840 0.281867 0.006076 0.026080
0 0.141363 0.279090 0.006510 0.025463
0 0.140625 0.276080 0.007118 0.025617
0 0.140148 0.273225 0.007552 0.025154
0 0.139627 0.270139 0.008073 0.025154
0 0.138932 0.267207 0.008594 0.025154
0 0.138455 0.264352 0.009028 0.024691
0 0.137934 0.261265 0.009549 0.024691
0 0.137457 0.258642 0.009983 0.024691
0 0.137934 0.257870 0.009549 0.024691
0 0.138455 0.257407 0.009028 0.024691
0 0.138932 0.256713 0.008594 0.025154
0 0.139410 0.256250 0.007986 0.025154
0 0.140148 0.255710 0.007552 0.025617
0 0.140625 0.255015 0.007118 0.025154
0 0.141146 0.254321 0.006597 0.025617
0 0.141580 0.253858 0.006076 0.025617
0 0.142101 0.253318 0.005556 0.026080
0 0.142839 0.252855 0.005122 0.026080
0 0.142839 0.252855 0.005122 0.026080
0 0.142839 0.252855 0.005122 0.026080
0 0.142839 0.252855 0.005122 0.026080
0 0.142839 0.252855 0.005122 0.026080
0 0.142839 0.252855 0.005122 0.026080
0 0.142839 0.252855 0.005122 0.026080
0 0.142839 0.252855 0.005122 0.026080
0 0.142839 0.252855 0.005122 0.026080
0 0.142839 0.252855 0.005122 0.026080
0 0.142839 0.252855 0.005122 0.026080
0 0.142839 0.252855 0.005122 0.026080
0 0.142839 0.252855 0.005122 0.026080
0 0.142839 0.252855 0.005122 0.026080
0 0.142839 0.252855 0.005122 0.026080
0 0.142839 0.252855 0.005122 0.026080
0 0.142839 0.252855 0.005122 0.026080
0 0.142839 0.252855 0.005122 0.026080
0 0.142839 0.252855 0.005122 0.026080
0 0.142839 0.252855 0.005122 0.026080
0 0.142839 0.252855 0.005122 0.026080
0 0.142839 0.252392 0.005122 0.026080
0 0.142839 0.251929 0.005122 0.026080
0 0.142839 0.251543 0.005122 0.025926
0 0.142839 0.251080 0.005122 0.025926
0 0.142839 0.251080 0.005122 0.025926
0 0.142839 0.250694 0.005122 0.026080
0 0.142839 0.250231 0.005122 0.026080
0 0.142839 0.249769 0.005122 0.026080
0 0.142839 0.249383 0.005122 0.025926
0 0.143099 0.249383 0.005122 0.025926
0 0.143099 0.248920 0.005122 0.025926
0 0.143099 0.248534 0.005122 0.026080
0 0.143099 0.248534 0.005122 0.026080
0 0.143099 0.248071 0.005122 0.026080
0 0.143359 0.248071 0.005122 0.026080
0 0.143359 0.247608 0.005122 0.026080
0 0.143359 0.247222 0.005122 0.025926
0 0.143359 0.247222 0.005122 0.025926
0 0.143359 0.246759 0.005122 0.025926
0 0.143533 0.246759 0.005122 0.025926
0 0.143533 0.246605 0.005122 0.025617
0 0.143663 0.246605 0.005382 0.025617
0 0.143793 0.246605 0.005642 0.025617
0 0.144054 0.246605 0.005642 0.025617
0 0.144184 0.246605 0.005903 0.025617
0 0.144184 0.246605 0.005903 0.025617
0 0.144401 0.246605 0.005816 0.025617
0 0.144531 0.246605 0.006076 0.025617
0 0.144661 0.246605 0.006337 0.025617
0 0.144922 0.246605 0.006337 0.025617
0 0.144922 0.246605 0.006337 0.025617
0 0.144922 0.246605 0.006337 0.025617
0 0.144922 0.246605 0.006337 0.025617
0 0.144922 0.246605 0.006337 0.025617
0 0.145182 0.246605 0.006337 0.025617
0 0.145182 0.246605 0.006337 0.025617
0 0.145182 0.246605 0.006337 0.025617
0 0.145182 0.246605 0.006337 0.025617
0 0.145182 0.246605 0.006337 0.025617
0 0.145356 0.246605 0.006337 0.025617
0 0.145356 0.246605 0.006337 0.025617
0 0.145616 0.246605 0.006337 0.025617
0 0.145616 0.246605 0.006337 0.025617
0 0.145877 0.246605 0.006337 0.025617
0 0.146137 0.246605 0.006337 0.025617
0 0.146137 0.246605 0.006337 0.025617
0 0.146398 0.246605 0.006337 0.025617
0 0.146398 0.246605 0.006337 0.025617
0 0.146615 0.246605 0.006424 0.025617
0 0.146832 0.246991 0.006337 0.025463
0 0.146615 0.246991 0.006424 0.025463
0 0.146398 0.247377 0.006337 0.025617
0 0.146267 0.247377 0.006597 0.025617
0 0.146007 0.247840 0.006597 0.025617
0 0.145877 0.248071 0.006858 0.025154
0 0.145616 0.248302 0.006858 0.025617
0 0.145399 0.248534 0.006771 0.025154
0 0.145269 0.248765 0.007031 0.025617
0 0.145009 0.248997 0.007031 0.025154
0 0.144878 0.249306 0.007292 0.025154
0 0.144444 0.249769 0.007292 0.025154
0 0.143924 0.250231 0.007292 0.025154
0 0.143446 0.250694 0.007378 0.025154
0 0.142969 0.251157 0.007292 0.025154
0 0.142708 0.251929 0.007292 0.025154
0 0.142231 0.252392 0.007378 0.025154
0 0.141753 0.252855 0.007292 0.025154
0 0.141233 0.253318 0.007292 0.025154
0 0.140755 0.253704 0.007378 0.025309
0 0.140538 0.254552 0.007292 0.025154
0 0.140148 0.254784 0.007552 0.024691
0 0.139757 0.255247 0.007812 0.024691
0 0.139410 0.255710 0.007986 0.024691
0 0.139149 0.256096 0.008507 0.024846
0 0.138932 0.256481 0.008594 0.024691
0 0.138585 0.256944 0.008767 0.024691
0 0.138325 0.257407 0.009288 0.024691
0 0.137934 0.257870 0.009549 0.024691
0 0.137587 0.258256 0.009722 0.024846
0 0.137457 0.258642 0.009983 0.024691
0 0.136762 0.258642 0.009983 0.024691
0 0.135981 0.259105 0.009983 0.024691
0 0.135503 0.259105 0.010069 0.024691
0 0.134766 0.259568 0.009983 0.024691
0 0.134288 0.259568 0.010069 0.024691
0 0.133550 0.260031 0.009983 0.024691
0 0.132856 0.260031 0.009983 0.024691
0 0.132335 0.260417 0.009983 0.024846
0 0.131597 0.260417 0.010069 0.024846
0 0.131120 0.260880 0.009983 0.024846
0 0.130382 0.260880 0.010069 0.024846
0 0.129905 0.260880 0.009983 0.024846
0 0.129384 0.261265 0.009983 0.024691
0 0.128950 0.261265 0.009983 0.024691
0 0.128429 0.261728 0.009983 0.024691
0 0.127951 0.261728 0.010069 0.024691
0 0.127474 0.261728 0.009983 0.024691
0 0.126953 0.262191 0.009983 0.024691
0 0.126476 0.262191 0.010069 0.024691
0 0.125998 0.262654 0.009983 0.024691
0 0.125130 0.262809 0.009809 0.024383
0 0.124523 0.263272 0.009462 0.024383
0 0.123655 0.263503 0.009288 0.023920
0 0.123090 0.263889 0.009028 0.023765
0 0.122309 0.264352 0.009028 0.023765
0 0.121615 0.264506 0.008507 0.023457
0 0.120877 0.264969 0.008594 0.023457
0 0.120139 0.265201 0.007986 0.022994
0 0.119401 0.265664 0.008073 0.022994
0 0.118793 0.266127 0.007726 0.022994
0 0.118056 0.266127 0.007812 0.022994
0 0.117535 0.266127 0.007812 0.022994
0 0.116840 0.266127 0.007812 0.022994
0 0.116319 0.266435 0.007812 0.022994
0 0.115885 0.266435 0.007812 0.022994
0 0.115104 0.266435 0.007812 0.022994
0 0.114670 0.266898 0.007812 0.022994
0 0.113889 0.266898 0.007812 0.022994
0 0.113455 0.266898 0.007812 0.022994
0 0.112934 0.267361 0.007812 0.022994
