0 0.097786 0.227238 0.008767 0.024228
0 0.097700 0.227701 0.008594 0.024228
0 0.097700 0.228086 0.008594 0.024383
0 0.097700 0.228549 0.008594 0.024383
0 0.097700 0.229167 0.008594 0.023765
0 0.097700 0.229861 0.008594 0.024228
0 0.097700 0.230247 0.008594 0.024383
0 0.097700 0.230941 0.008594 0.023920
0 0.097700 0.231404 0.008594 0.023920
0 0.097700 0.231790 0.008594 0.023765
0 0.097700 0.232639 0.008594 0.023920
0 0.097352 0.233333 0.008767 0.024383
0 0.097092 0.234182 0.008767 0.024228
0 0.096962 0.235262 0.009028 0.024846
0 0.096701 0.236111 0.009028 0.024691
0 0.096571 0.237269 0.009288 0.025154
0 0.096224 0.237809 0.009462 0.025617
0 0.095964 0.238735 0.009462 0.025617
0 0.095833 0.239815 0.009722 0.025926
0 0.095616 0.240664 0.009809 0.026080
0 0.095486 0.241744 0.010069 0.026389
0 0.095139 0.242438 0.010243 0.025926
0 0.094878 0.243287 0.010243 0.026080
0 0.094618 0.243981 0.010243 0.025617
0 0.094358 0.244985 0.010243 0.025154
0 0.094184 0.245910 0.010243 0.025154
0 0.093924 0.246605 0.010243 0.024691
0 0.093663 0.247608 0.010243 0.024228
0 0.093403 0.248302 0.010243 0.023765
0 0.093142 0.249151 0.010243 0.023920
0 0.093056 0.250231 0.010417 0.023302
0 0.092578 0.250617 0.010503 0.023457
0 0.092057 0.251312 0.010503 0.023920
0 0.091623 0.251929 0.010503 0.024228
0 0.091102 0.252623 0.010503 0.024691
0 0.090582 0.253318 0.010503 0.025154
0 0.090148 0.253704 0.010503 0.025309
0 0.089627 0.254321 0.010503 0.025617
0 0.089149 0.255015 0.010417 0.026080
0 0.088672 0.255633 0.010503 0.026389
0 0.088151 0.256559 0.010503 0.026389
0 0.087891 0.256327 0.010503 0.025926
0 0.087717 0.256327 0.010503 0.025926
0 0.087457 0.256327 0.010503 0.025926
0 0.087457 0.256327 0.010503 0.025926
0 0.087196 0.256481 0.010503 0.025617
0 0.086936 0.256481 0.010503 0.025617
0 0.086936 0.256481 0.010503 0.025617
0 0.086675 0.256481 0.010503 0.025617
0 0.086458 0.256481 0.010417 0.025617
0 0.086458 0.256713 0.010417 0.025154
0 0.086111 0.256250 0.010764 0.025154
0 0.085851 0.256096 0.010764 0.025463
0 0.085590 0.256096 0.010764 0.025463
0 0.085373 0.255864 0.010677 0.025926
0 0.085113 0.255864 0.010677 0.025926
0 0.084766 0.255478 0.011024 0.026080
0 0.084505 0.255247 0.011024 0.026543
0 0.084245 0.255247 0.011024 0.026543
0 0.084028 0.255015 0.010937 0.027006
0 0.083767 0.255015 0.010937 0.027006
0 0.083681 0.254552 0.010764 0.027006
0 0.083681 0.254167 0.010764 0.026852
0 0.083681 0.253935 0.010764 0.026389
0 0.083811 0.253472 0.010503 0.026389
0 0.083811 0.253318 0.010503 0.026080
0 0.083811 0.252855 0.010503 0.026080
0 0.083898 0.252392 0.010330 0.026080
0 0.083898 0.252160 0.010330 0.025617
0 0.083898 0.251698 0.010330 0.025617
0 0.084028 0.251466 0.010069 0.025154
0 0.083767 0.251157 0.010069 0.025154
0 0.083550 0.250694 0.009983 0.025154
0 0.083290 0.250231 0.009983 0.025154
0 0.083030 0.250000 0.009983 0.025617
0 0.083030 0.249537 0.009983 0.025617
0 0.082812 0.249151 0.010069 0.025463
0 0.082552 0.248920 0.010069 0.025926
0 0.082335 0.248534 0.009983 0.026080
0 0.082075 0.248071 0.009983 0.026080
0 0.082075 0.247840 0.009983 0.026543
0 0.081944 0.247222 0.009722 0.025926
0 0.081944 0.246759 0.009722 0.025926
0 0.082075 0.246142 0.009462 0.025617
0 0.082075 0.245679 0.009462 0.025617
0 0.082161 0.245448 0.009288 0.025154
0 0.082031 0.244753 0.009028 0.024691
0 0.082031 0.244367 0.009028 0.024846
0 0.082161 0.243750 0.008767 0.024228
0 0.082161 0.243287 0.008767 0.024228
0 0.082292 0.243056 0.008507 0.023765
0 0.082075 0.242670 0.008594 0.023920
0 0.081944 0.242207 0.008854 0.023920
0 0.081858 0.241744 0.009028 0.023920
0 0.081727 0.241358 0.009288 0.023765
0 0.081597 0.240895 0.009549 0.023765
0 0.081337 0.240509 0.009549 0.023920
0 0.081207 0.240046 0.009809 0.023920
0 0.081120 0.239583 0.009983 0.023920
0 0.080990 0.239198 0.010243 0.023765
0 0.080859 0.238966 0.010503 0.023302
0 0.080599 0.238580 0.010503 0.023457
0 0.080469 0.238117 0.010243 0.023457
0 0.080339 0.237654 0.009983 0.023457
0 0.080252 0.237423 0.009809 0.023920
0 0.080122 0.237191 0.009549 0.023457
0 0.079991 0.236728 0.009288 0.023457
0 0.079861 0.236574 0.009028 0.023765
0 0.079731 0.236111 0.008767 0.023765
0 0.079644 0.235725 0.008594 0.023920
0 0.079644 0.235725 0.008594 0.023920
0 0.079297 0.235262 0.008767 0.023920
0 0.079167 0.235031 0.009028 0.023457
0 0.079036 0.234799 0.009288 0.023920
0 0.078906 0.234568 0.009549 0.023457
0 0.078776 0.234414 0.009809 0.023765
0 0.078559 0.234182 0.010243 0.023302
0 0.078429 0.233796 0.010503 0.023457
0 0.078299 0.233796 0.010764 0.023457
0 0.078168 0.233333 0.011024 0.023457
0 0.078038 0.233333 0.011285 0.023457
0 0.077431 0.233333 0.010937 0.023457
0 0.076953 0.233796 0.011024 0.023457
0 0.076476 0.233796 0.010937 0.023457
0 0.075955 0.234182 0.010937 0.023302
0 0.075608 0.234568 0.010764 0.023457
0 0.074957 0.234568 0.010503 0.023457
0 0.074523 0.235031 0.010503 0.023457
0 0.074002 0.235031 0.010503 0.023457
0 0.073524 0.235494 0.010417 0.023457
0 0.073177 0.235957 0.010243 0.023457
0 0.072526 0.236343 0.010503 0.023302
0 0.072179 0.236960 0.010677 0.023920
0 0.071832 0.237423 0.011024 0.023920
0 0.071354 0.238117 0.011458 0.024383
0 0.070964 0.238503 0.011719 0.024228
0 0.070443 0.239198 0.011719 0.024691
0 0.070009 0.239660 0.012240 0.024691
0 0.069618 0.240201 0.012500 0.025154
0 0.069271 0.240664 0.012674 0.025154
0 0.068880 0.241590 0.012934 0.025154
0 0.068316 0.242361 0.012674 0.025154
0 0.067665 0.243287 0.012413 0.025154
0 0.067057 0.244213 0.012240 0.025154
0 0.066536 0.244985 0.011719 0.025154
0 0.066102 0.246142 0.011719 0.025617
0 0.065451 0.246991 0.011458 0.025463
0 0.064974 0.247840 0.011024 0.025617
0 0.064366 0.248765 0.010677 0.025617
0 0.063759 0.249537 0.010503 0.025617
0 0.063368 0.250926 0.010243 0.025617
0 0.062804 0.251543 0.010503 0.025926
0 0.062413 0.252392 0.010764 0.026080
0 0.061936 0.253318 0.011198 0.026080
0 0.061545 0.254090 0.011458 0.026080
0 0.061241 0.255015 0.011719 0.026080
0 0.060720 0.255864 0.012240 0.025926
0 0.060373 0.256713 0.012413 0.026080
0 0.059852 0.257639 0.012934 0.026080
0 0.059505 0.258488 0.013108 0.025926
0 0.059158 0.259568 0.013455 0.026543
0 0.058377 0.260185 0.013455 0.026852
0 0.057899 0.261343 0.013368 0.027315
0 0.057422 0.261883 0.013455 0.027778
0 0.056814 0.263040 0.013108 0.028241
0 0.056337 0.263889 0.013194 0.028086
0 0.055816 0.264815 0.013194 0.029012
0 0.055252 0.265586 0.012934 0.029012
0 0.054731 0.266512 0.012934 0.029938
0 0.054210 0.267438 0.012934 0.029938
0 0.053776 0.268441 0.012934 0.030401
0 0.053385 0.268904 0.013194 0.030401
0 0.053125 0.269599 0.013194 0.029938
0 0.052778 0.270370 0.013368 0.029938
0 0.052561 0.271065 0.013455 0.029475
0 0.052170 0.271914 0.013715 0.029630
0 0.051953 0.272531 0.013628 0.029012
0 0.051562 0.273225 0.013889 0.028549
0 0.051302 0.274074 0.013889 0.028704
0 0.050998 0.274769 0.014149 0.028241
0 0.050738 0.275617 0.014149 0.028086
