0 0.206510 0.138117 0.006597 0.023765
0 0.206510 0.150231 0.006597 0.023920
0 0.206510 0.162809 0.006597 0.023765
0 0.206510 0.175386 0.006597 0.023920
0 0.206771 0.187963 0.006597 0.023765
0 0.206771 0.200540 0.006597 0.023920
0 0.206771 0.212731 0.006597 0.023920
0 0.207031 0.225309 0.006597 0.023765
0 0.207031 0.237886 0.006597 0.023920
0 0.207031 0.250463 0.006597 0.023765
0 0.207292 0.263040 0.006597 0.023920
0 0.207292 0.263040 0.006597 0.023920
0 0.207292 0.263040 0.006597 0.023920
0 0.207292 0.263040 0.006597 0.023920
0 0.207292 0.263040 0.006597 0.023920
0 0.207292 0.263040 0.006597 0.023920
0 0.207292 0.263040 0.006597 0.023920
0 0.207292 0.263040 0.006597 0.023920
0 0.207292 0.263040 0.006597 0.023920
0 0.207292 0.263040 0.006597 0.023920
0 0.207292 0.263040 0.006597 0.023920
0 0.206510 0.259105 0.006597 0.023765
0 0.206033 0.255633 0.006510 0.023920
0 0.205556 0.252160 0.006597 0.023765
0 0.204774 0.248688 0.006597 0.023920
0 0.204340 0.245216 0.006597 0.023765
0 0.203819 0.241358 0.006597 0.023765
0 0.203125 0.237886 0.006597 0.023920
0 0.202604 0.234414 0.006597 0.023765
0 0.202127 0.230941 0.006510 0.023920
0 0.201649 0.227469 0.006597 0.023765
0 0.201649 0.227006 0.006597 0.023765
0 0.201649 0.227006 0.006597 0.023765
0 0.201649 0.227006 0.006597 0.023765
0 0.201910 0.227006 0.006597 0.023765
0 0.201910 0.227006 0.006597 0.023765
0 0.201910 0.227006 0.006597 0.023765
0 0.202127 0.227006 0.006510 0.023765
0 0.202127 0.227006 0.006510 0.023765
0 0.202127 0.227006 0.006510 0.023765
0 0.202344 0.227006 0.006597 0.023765
0 0.202127 0.226620 0.006510 0.023920
0 0.202127 0.226157 0.006510 0.023920
0 0.201910 0.225694 0.006597 0.023920
0 0.201910 0.225309 0.006597 0.023765
0 0.201649 0.224846 0.006597 0.023765
0 0.201649 0.224460 0.006597 0.023920
0 0.201389 0.223997 0.006597 0.023920
0 0.201389 0.223534 0.006597 0.023920
0 0.201128 0.223148 0.006597 0.023765
0 0.201128 0.222685 0.006597 0.023765
0 0.200911 0.222685 0.006510 0.023765
0 0.200911 0.222685 0.006510 0.023765
0 0.200694 0.222685 0.006597 0.023765
0 0.200694 0.222685 0.006597 0.023765
0 0.200694 0.223148 0.006597 0.023765
0 0.200434 0.223148 0.006597 0.023765
0 0.200434 0.223148 0.006597 0.023765
0 0.200174 0.223148 0.006597 0.023765
0 0.200174 0.223148 0.006597 0.023765
0 0.200174 0.223534 0.006597 0.023920
0 0.199913 0.223148 0.006597 0.023765
0 0.199913 0.222685 0.006597 0.023765
0 0.199913 0.222685 0.006597 0.023765
0 0.199913 0.222299 0.006597 0.023920
0 0.199913 0.222299 0.006597 0.023920
0 0.199653 0.221836 0.006597 0.023920
0 0.199653 0.221373 0.006597 0.023920
0 0.199653 0.221373 0.006597 0.023920
0 0.199653 0.220910 0.006597 0.023920
0 0.199653 0.220910 0.006597 0.023920
0 0.199653 0.220525 0.006597 0.023765
0 0.199653 0.220062 0.006597 0.023765
0 0.199653 0.219676 0.006597 0.023920
0 0.199913 0.219676 0.006597 0.023920
0 0.199913 0.219213 0.006597 0.023920
0 0.199913 0.218750 0.006597 0.023920
0 0.200174 0.218750 0.006597 0.023920
0 0.200174 0.218364 0.006597 0.023765
0 0.200174 0.217901 0.006597 0.023765
0 0.200434 0.217901 0.006597 0.023765
0 0.200434 0.217901 0.006597 0.023765
0 0.200694 0.217901 0.006597 0.023765
0 0.200911 0.217901 0.006510 0.023765
0 0.200911 0.217901 0.006510 0.023765
0 0.201128 0.217901 0.006597 0.023765
0 0.201389 0.217901 0.006597 0.023765
0 0.201389 0.217901 0.006597 0.023765
0 0.201649 0.217901 0.006597 0.023765
0 0.201910 0.217901 0.006597 0.023765
0 0.202127 0.217901 0.006510 0.023765
0 0.202127 0.217901 0.006510 0.023765
0 0.202127 0.217901 0.006510 0.023765
0 0.202127 0.217901 0.006510 0.023765
0 0.202127 0.217901 0.006510 0.023765
0 0.202127 0.217901 0.006510 0.023765
0 0.202127 0.217901 0.006510 0.023765
0 0.202127 0.217901 0.006510 0.023765
0 0.202127 0.217901 0.006510 0.023765
0 0.202127 0.217901 0.006510 0.023765
0 0.202127 0.217901 0.006510 0.023765
0 0.202127 0.217515 0.006510 0.023920
0 0.202127 0.217515 0.006510 0.023920
0 0.202344 0.217515 0.006597 0.023920
0 0.202344 0.217515 0.006597 0.023920
0 0.202604 0.217515 0.006597 0.023920
0 0.202604 0.217052 0.006597 0.023920
0 0.202604 0.217052 0.006597 0.023920
0 0.202865 0.217052 0.006597 0.023920
0 0.202865 0.217052 0.006597 0.023920
0 0.203125 0.217052 0.006597 0.023920
0 0.202865 0.217052 0.006597 0.023920
0 0.202865 0.217052 0.006597 0.023920
0 0.202604 0.217052 0.006597 0.023920
0 0.202604 0.217515 0.006597 0.023920
0 0.202344 0.217515 0.006597 0.023920
0 0.202344 0.217515 0.006597 0.023920
0 0.202127 0.217901 0.006510 0.023765
0 0.202127 0.217901 0.006510 0.023765
0 0.201910 0.217901 0.006597 0.023765
0 0.201910 0.218364 0.006597 0.023765
0 0.201649 0.218750 0.006597 0.023920
0 0.201649 0.219213 0.006597 0.023920
0 0.201649 0.219676 0.006597 0.023920
0 0.201649 0.220062 0.006597 0.023765
0 0.201649 0.220525 0.006597 0.023765
0 0.201649 0.220910 0.006597 0.023920
0 0.201649 0.221373 0.006597 0.023920
0 0.201649 0.221836 0.006597 0.023920
0 0.201649 0.222299 0.006597 0.023920
0 0.201649 0.222685 0.006597 0.023765
0 0.201649 0.223148 0.006597 0.023765
0 0.201649 0.223534 0.006597 0.023920
0 0.201649 0.223997 0.006597 0.023920
0 0.201649 0.224460 0.006597 0.023920
0 0.201649 0.224846 0.006597 0.023765
0 0.201649 0.225309 0.006597 0.023765
0 0.201649 0.225694 0.006597 0.023920
0 0.201649 0.226157 0.006597 0.023920
0 0.201649 0.226620 0.006597 0.023920
0 0.201649 0.227469 0.006597 0.023765
0 0.201649 0.227469 0.006597 0.023765
0 0.201649 0.227469 0.006597 0.023765
0 0.201649 0.227469 0.006597 0.023765
0 0.201649 0.227469 0.006597 0.023765
0 0.201649 0.227469 0.006597 0.023765
0 0.201649 0.227469 0.006597 0.023765
0 0.201649 0.227469 0.006597 0.023765
0 0.201649 0.227469 0.006597 0.023765
0 0.201649 0.227469 0.006597 0.023765
0 0.201649 0.227469 0.006597 0.023765
0 0.201649 0.227469 0.006597 0.023765
0 0.201649 0.227469 0.006597 0.023765
0 0.201649 0.227469 0.006597 0.023765
0 0.201649 0.227469 0.006597 0.023765
0 0.201649 0.227469 0.006597 0.023765
0 0.201649 0.227469 0.006597 0.023765
0 0.201649 0.227469 0.006597 0.023765
0 0.201649 0.227469 0.006597 0.023765
0 0.201649 0.227469 0.006597 0.023765
0 0.201649 0.227469 0.006597 0.023765
0 0.201389 0.227469 0.006597 0.023765
0 0.201389 0.227469 0.006597 0.023765
0 0.201128 0.227855 0.006597 0.023920
0 0.201128 0.227855 0.006597 0.023920
0 0.200911 0.228318 0.006510 0.023920
0 0.200911 0.228318 0.006510 0.023920
0 0.200694 0.228318 0.006597 0.023920
0 0.200694 0.228781 0.006597 0.023920
0 0.200434 0.228781 0.006597 0.023920
0 0.200434 0.229167 0.006597 0.023765
0 0.200434 0.229167 0.006597 0.023765
0 0.200434 0.229167 0.006597 0.023765
0 0.200434 0.229167 0.006597 0.023765
0 0.200434 0.229630 0.006597 0.023765
0 0.200434 0.229630 0.006597 0.023765
0 0.200434 0.229630 0.006597 0.023765
0 0.200434 0.230015 0.006597 0.023920
0 0.200434 0.230015 0.006597 0.023920
0 0.200434 0.230015 0.006597 0.023920
0 0.200694 0.230478 0.006597 0.023920
