0 0.146267 0.025463 0.009549 0.018210
0 0.146267 0.025463 0.009549 0.018210
0 0.146267 0.025463 0.009549 0.018210
0 0.146267 0.025463 0.009549 0.018210
0 0.146267 0.025463 0.009549 0.018210
0 0.146267 0.025463 0.009549 0.018210
0 0.146267 0.025463 0.009549 0.018210
0 0.146267 0.025463 0.009549 0.018210
0 0.146267 0.025463 0.009549 0.018210
0 0.146267 0.025463 0.009549 0.018210
0 0.146267 0.025463 0.009549 0.018210
0 0.146267 0.025463 0.009549 0.018210
0 0.146267 0.025463 0.009549 0.018210
0 0.146267 0.025463 0.009549 0.018210
0 0.146267 0.025463 0.009549 0.018210
0 0.146267 0.025463 0.009549 0.018210
0 0.146267 0.025463 0.009549 0.018210
0 0.146267 0.025463 0.009549 0.018210
0 0.146267 0.025463 0.009549 0.018210
0 0.146267 0.025463 0.009549 0.018210
0 0.146267 0.025463 0.009549 0.018210
0 0.146267 0.025463 0.009549 0.018210
0 0.146267 0.025463 0.009549 0.018210
0 0.146267 0.025463 0.009549 0.018210
0 0.146267 0.025463 0.009549 0.018210
0 0.146267 0.025463 0.009549 0.018210
0 0.146267 0.025463 0.009549 0.018210
0 0.146267 0.025463 0.009549 0.018210
0 0.146267 0.025463 0.009549 0.018210
0 0.146267 0.025463 0.009549 0.018210
0 0.146267 0.025463 0.009549 0.018210
0 0.146267 0.025463 0.009549 0.018210
0 0.146267 0.025463 0.009549 0.018210
0 0.146267 0.025463 0.009549 0.018210
0 0.146267 0.025463 0.009549 0.018210
0 0.146267 0.025463 0.009549 0.018210
0 0.146267 0.025463 0.009549 0.018210
0 0.146267 0.025463 0.009549 0.018210
0 0.146267 0.025463 0.009549 0.018210
0 0.146267 0.025463 0.009549 0.018210
0 0.146267 0.025463 0.009549 0.018210
0 0.146267 0.025463 0.009549 0.018210
0 0.146267 0.025463 0.009549 0.018210
0 0.146267 0.025463 0.009549 0.018210
0 0.146267 0.025463 0.009549 0.018210
0 0.146267 0.025463 0.009549 0.018210
0 0.146267 0.025463 0.009549 0.018210
0 0.146267 0.025463 0.009549 0.018210
0 0.146267 0.025463 0.009549 0.018210
0 0.146267 0.025463 0.009549 0.018210
0 0.146267 0.025463 0.009549 0.018210
0 0.146267 0.025463 0.009549 0.018210
0 0.146267 0.025463 0.009549 0.018210
0 0.146267 0.025463 0.009549 0.018210
0 0.146267 0.025463 0.009549 0.018210
0 0.146267 0.025463 0.009549 0.018210
0 0.146267 0.025463 0.009549 0.018210
0 0.146267 0.025463 0.009549 0.018210
0 0.146267 0.025463 0.009549 0.018210
0 0.146267 0.025463 0.009549 0.018210
0 0.146267 0.025463 0.009549 0.018210
0 0.146267 0.025463 0.009549 0.018210
0 0.146267 0.025463 0.009549 0.018210
0 0.146267 0.025463 0.009549 0.018210
0 0.146267 0.025463 0.009549 0.018210
0 0.146267 0.025463 0.009549 0.018210
0 0.146267 0.025463 0.009549 0.018210
0 0.146267 0.025463 0.009549 0.018210
0 0.146267 0.025463 0.009549 0.018210
0 0.146267 0.025463 0.009549 0.018210
0 0.146267 0.025463 0.009549 0.018210
0 0.145616 0.023148 0.009288 0.016975
0 0.145052 0.020756 0.009028 0.015586
0 0.144401 0.018364 0.008767 0.014198
0 0.143793 0.016127 0.008594 0.013426
0 0.143186 0.014043 0.008247 0.011728
0 0.142578 0.011651 0.008073 0.010340
0 0.142014 0.009414 0.007812 0.009568
0 0.141363 0.007099 0.007552 0.008333
0 0.140755 0.004707 0.007378 0.006944
0 0.140278 0.002778 0.007292 0.005556
0 0.140278 0.003241 0.007812 0.006481
0 0.140408 0.003858 0.008073 0.007716
0 0.140495 0.004552 0.008247 0.009105
0 0.140625 0.005170 0.008507 0.010340
0 0.140755 0.005787 0.008767 0.011574
0 0.140885 0.006481 0.009028 0.012963
0 0.141016 0.007099 0.009288 0.014198
0 0.141146 0.007793 0.009549 0.015586
0 0.141233 0.008410 0.009722 0.016821
0 0.141363 0.009105 0.009983 0.018210
0 0.141623 0.009877 0.009983 0.018210
0 0.141884 0.010802 0.009983 0.018210
0 0.142101 0.011574 0.010069 0.018210
0 0.142318 0.012500 0.009983 0.018210
0 0.142578 0.013580 0.009983 0.018519
0 0.142839 0.014429 0.009983 0.018673
0 0.143099 0.015355 0.009983 0.018673
0 0.143316 0.016127 0.010069 0.018673
0 0.143533 0.017052 0.009983 0.018673
0 0.143924 0.018364 0.010243 0.018519
0 0.143924 0.018364 0.010243 0.018519
0 0.144054 0.018750 0.009983 0.018673
0 0.144054 0.018750 0.009983 0.018673
0 0.144314 0.019213 0.009983 0.018673
0 0.144401 0.019444 0.009809 0.018210
0 0.144401 0.019676 0.009809 0.018673
0 0.144661 0.019907 0.009809 0.018210
0 0.144661 0.020139 0.009809 0.018673
0 0.144792 0.020370 0.009549 0.018210
0 0.145052 0.020679 0.009549 0.018210
0 0.145052 0.021142 0.009549 0.018210
0 0.145269 0.021605 0.009462 0.018210
0 0.145269 0.022068 0.009462 0.018210
0 0.145530 0.022531 0.009462 0.018210
0 0.145530 0.022917 0.009462 0.018364
0 0.145747 0.023302 0.009549 0.018210
0 0.145747 0.023765 0.009549 0.018210
0 0.146007 0.024228 0.009549 0.018210
0 0.146007 0.024691 0.009549 0.018210
0 0.146267 0.025463 0.009549 0.018210
0 0.146267 0.025926 0.009549 0.018210
0 0.146267 0.026389 0.009549 0.018210
0 0.146267 0.026852 0.009549 0.018210
0 0.146484 0.027315 0.009462 0.018210
0 0.146484 0.027623 0.009462 0.018210
0 0.146484 0.028086 0.009462 0.018210
0 0.146745 0.028549 0.009462 0.018210
0 0.146745 0.029012 0.009462 0.018210
0 0.146745 0.029475 0.009462 0.018210
0 0.146962 0.030247 0.009549 0.018210
0 0.146962 0.030247 0.009549 0.018210
0 0.146962 0.030247 0.009549 0.018210
0 0.146962 0.030247 0.009549 0.018210
0 0.146962 0.030247 0.009549 0.018210
0 0.146962 0.030247 0.009549 0.018210
0 0.146962 0.030247 0.009549 0.018210
0 0.146962 0.030247 0.009549 0.018210
0 0.146962 0.030247 0.009549 0.018210
0 0.146962 0.030247 0.009549 0.018210
0 0.146962 0.030247 0.009549 0.018210
0 0.146962 0.030710 0.009549 0.018210
0 0.146962 0.031173 0.009549 0.018210
0 0.146962 0.031636 0.009549 0.018210
0 0.146962 0.032022 0.009549 0.018364
0 0.146962 0.032870 0.009549 0.018210
0 0.146962 0.033333 0.009549 0.018210
0 0.146962 0.033796 0.009549 0.018210
0 0.146962 0.034259 0.009549 0.018210
0 0.146962 0.034568 0.009549 0.018210
0 0.146962 0.035494 0.009549 0.018210
0 0.146745 0.035494 0.009983 0.018210
0 0.146615 0.035725 0.010764 0.017747
0 0.146484 0.036188 0.011024 0.017747
0 0.146398 0.036188 0.011719 0.017747
0 0.146267 0.036574 0.011979 0.017901
0 0.146094 0.036806 0.012674 0.017438
0 0.145877 0.036806 0.013108 0.017438
0 0.145877 0.037191 0.013628 0.017284
0 0.145616 0.037423 0.014149 0.016821
0 0.145616 0.037886 0.014670 0.016821
0 0.145530 0.037886 0.014844 0.016821
0 0.145660 0.037886 0.015104 0.016821
0 0.145790 0.038040 0.015365 0.016512
0 0.145920 0.038272 0.015625 0.016975
0 0.146007 0.038503 0.015799 0.016512
0 0.146007 0.038503 0.016319 0.016512
0 0.146137 0.038735 0.016580 0.016975
0 0.146267 0.038966 0.016840 0.016512
0 0.146398 0.038966 0.017101 0.016512
0 0.146484 0.039429 0.017274 0.016512
0 0.146267 0.039429 0.017361 0.016512
0 0.146267 0.039429 0.017361 0.016512
0 0.146267 0.039660 0.017361 0.016975
0 0.146007 0.039660 0.017361 0.016975
0 0.146007 0.039660 0.017361 0.016975
0 0.146007 0.040046 0.017361 0.016821
0 0.146007 0.040046 0.017361 0.016821
0 0.145747 0.040046 0.017361 0.016821
0 0.145747 0.040278 0.017361 0.017284
0 0.145747 0.040278 0.017361 0.017284
