0 0.114019 0.050694 0.005122 0.018981
0 0.114019 0.050694 0.005122 0.018981
0 0.114019 0.050694 0.005122 0.018981
0 0.114019 0.050694 0.005122 0.018981
0 0.114019 0.050694 0.005122 0.018981
0 0.114019 0.050694 0.005122 0.018981
0 0.114019 0.050694 0.005122 0.018981
0 0.114019 0.050694 0.005122 0.018981
0 0.114019 0.050694 0.005122 0.018981
0 0.114019 0.050694 0.005122 0.018981
0 0.114019 0.050694 0.005122 0.018981
0 0.114800 0.050231 0.005122 0.018981
0 0.115755 0.050231 0.005122 0.018981
0 0.116450 0.049846 0.005122 0.019136
0 0.117491 0.049846 0.005122 0.019136
0 0.118186 0.049383 0.005122 0.019136
0 0.119141 0.049383 0.005122 0.019136
0 0.119922 0.048920 0.005122 0.019136
0 0.120877 0.048920 0.005122 0.019136
0 0.121571 0.048534 0.005122 0.018981
0 0.122613 0.048534 0.005122 0.018981
0 0.125477 0.048071 0.005122 0.018981
0 0.128689 0.048071 0.005122 0.018981
0 0.131814 0.047685 0.005122 0.019136
0 0.135026 0.047685 0.005122 0.019136
0 0.138194 0.047685 0.005208 0.019136
0 0.141363 0.047222 0.005122 0.019136
0 0.144575 0.047222 0.005122 0.019136
0 0.147700 0.046759 0.005122 0.019136
0 0.150911 0.046759 0.005122 0.019136
0 0.154036 0.046759 0.005122 0.019136
0 0.161589 0.047685 0.005122 0.019136
0 0.169401 0.048534 0.005122 0.018981
0 0.176953 0.049383 0.005122 0.019136
0 0.184766 0.050231 0.005122 0.018981
0 0.192405 0.051543 0.005122 0.019136
0 0.200217 0.052392 0.005122 0.018981
0 0.207769 0.053241 0.005122 0.019136
0 0.215582 0.054167 0.005122 0.019136
0 0.223134 0.055015 0.005122 0.018981
0 0.230946 0.056327 0.005122 0.019136
0 0.230946 0.056327 0.005122 0.019136
0 0.230946 0.056327 0.005122 0.019136
0 0.230946 0.056327 0.005122 0.019136
0 0.230946 0.056327 0.005122 0.019136
0 0.230946 0.056327 0.005122 0.019136
0 0.230946 0.056327 0.005122 0.019136
0 0.230946 0.056327 0.005122 0.019136
0 0.230946 0.056327 0.005122 0.019136
0 0.230946 0.056327 0.005122 0.019136
0 0.230946 0.056327 0.005122 0.019136
0 0.230946 0.056327 0.005122 0.019136
0 0.230946 0.056327 0.005122 0.019136
0 0.230946 0.056327 0.005122 0.019136
0 0.230946 0.056327 0.005122 0.019136
0 0.230946 0.056327 0.005122 0.019136
0 0.230946 0.056327 0.005122 0.019136
0 0.230946 0.056327 0.005122 0.019136
0 0.230946 0.056327 0.005122 0.019136
0 0.230946 0.056327 0.005122 0.019136
0 0.230946 0.056327 0.005122 0.019136
0 0.230946 0.056327 0.005122 0.019136
0 0.230946 0.056327 0.005122 0.019136
0 0.230946 0.056327 0.005122 0.019136
0 0.230946 0.056327 0.005122 0.019136
0 0.230946 0.056327 0.005122 0.019136
0 0.230946 0.056327 0.005122 0.019136
0 0.230946 0.056327 0.005122 0.019136
0 0.230946 0.056327 0.005122 0.019136
0 0.230946 0.056327 0.005122 0.019136
0 0.230946 0.056327 0.005122 0.019136
0 0.230946 0.056327 0.005122 0.019136
0 0.230946 0.056327 0.005122 0.019136
0 0.230946 0.056327 0.005122 0.019136
0 0.230946 0.056327 0.005122 0.019136
0 0.230946 0.056327 0.005122 0.019136
0 0.230946 0.056327 0.005122 0.019136
0 0.230946 0.056327 0.005122 0.019136
0 0.230946 0.056327 0.005122 0.019136
0 0.230946 0.056327 0.005122 0.019136
0 0.230946 0.056327 0.005122 0.019136
0 0.230946 0.056327 0.005122 0.019136
0 0.230946 0.056327 0.005122 0.019136
0 0.230946 0.056327 0.005122 0.019136
0 0.230946 0.056327 0.005122 0.019136
0 0.230946 0.056327 0.005122 0.019136
0 0.230946 0.056327 0.005122 0.019136
0 0.230946 0.056327 0.005122 0.019136
0 0.230946 0.056327 0.005122 0.019136
0 0.230946 0.056327 0.005122 0.019136
0 0.230946 0.056327 0.005122 0.019136
0 0.230946 0.056327 0.005122 0.019136
0 0.230946 0.056327 0.005122 0.019136
0 0.230946 0.056327 0.005122 0.019136
0 0.230946 0.056327 0.005122 0.019136
0 0.230946 0.056327 0.005122 0.019136
0 0.230946 0.056327 0.005122 0.019136
0 0.230946 0.056327 0.005122 0.019136
0 0.230946 0.056327 0.005122 0.019136
0 0.230946 0.056327 0.005122 0.019136
0 0.230946 0.056327 0.005122 0.019136
0 0.230946 0.056327 0.005122 0.019136
0 0.230946 0.056327 0.005122 0.019136
0 0.230946 0.056327 0.005122 0.019136
0 0.230946 0.056327 0.005122 0.019136
0 0.230946 0.056327 0.005122 0.019136
0 0.230946 0.056327 0.005122 0.019136
0 0.230946 0.056327 0.005122 0.019136
0 0.230946 0.056327 0.005122 0.019136
0 0.230946 0.056327 0.005122 0.019136
0 0.230946 0.056327 0.005122 0.019136
0 0.230946 0.056327 0.005122 0.019136
0 0.230946 0.056327 0.005122 0.019136
0 0.230946 0.056327 0.005122 0.019136
0 0.230946 0.056327 0.005122 0.019136
0 0.230946 0.056327 0.005122 0.019136
0 0.230946 0.056327 0.005122 0.019136
0 0.230946 0.056327 0.005122 0.019136
0 0.230946 0.056327 0.005122 0.019136
0 0.230946 0.056327 0.005122 0.019136
0 0.230946 0.056327 0.005122 0.019136
0 0.230946 0.056327 0.005122 0.019136
0 0.230946 0.056327 0.005122 0.019136
0 0.230946 0.056327 0.005122 0.019136
0 0.230946 0.056327 0.005122 0.019136
0 0.230946 0.056327 0.005122 0.019136
0 0.230946 0.056327 0.005122 0.019136
0 0.230946 0.056327 0.005122 0.019136
0 0.230946 0.056327 0.005122 0.019136
0 0.230946 0.056327 0.005122 0.019136
0 0.230946 0.056327 0.005122 0.019136
0 0.230946 0.056327 0.005122 0.019136
0 0.230946 0.056327 0.005122 0.019136
0 0.230946 0.056327 0.005122 0.019136
0 0.230946 0.056327 0.005122 0.019136
0 0.230946 0.056327 0.005122 0.019136
0 0.230946 0.056327 0.005122 0.019136
0 0.230946 0.056327 0.005122 0.019136
0 0.230946 0.056327 0.005122 0.019136
0 0.230946 0.056327 0.005122 0.019136
0 0.230946 0.056327 0.005122 0.019136
0 0.230946 0.056327 0.005122 0.019136
0 0.230946 0.056327 0.005122 0.019136
0 0.230946 0.056327 0.005122 0.019136
0 0.230946 0.056327 0.005122 0.019136
0 0.230946 0.056327 0.005122 0.019136
0 0.230946 0.056327 0.005122 0.019136
0 0.230946 0.056327 0.005122 0.019136
0 0.230946 0.056327 0.005122 0.019136
0 0.230946 0.056327 0.005122 0.019136
0 0.230946 0.056327 0.005122 0.019136
0 0.230946 0.056327 0.005122 0.019136
0 0.230946 0.056327 0.005122 0.019136
0 0.230946 0.056327 0.005122 0.019136
0 0.230946 0.056327 0.005122 0.019136
0 0.230946 0.056327 0.005122 0.019136
0 0.230946 0.056327 0.005122 0.019136
0 0.230946 0.056327 0.005122 0.019136
0 0.230946 0.056327 0.005122 0.019136
0 0.230946 0.056327 0.005122 0.019136
0 0.230946 0.056327 0.005122 0.019136
0 0.230946 0.056327 0.005122 0.019136
0 0.230946 0.056327 0.005122 0.019136
0 0.230946 0.056327 0.005122 0.019136
0 0.230946 0.056327 0.005122 0.019136
0 0.230946 0.056327 0.005122 0.019136
0 0.230946 0.056327 0.005122 0.019136
0 0.230946 0.056327 0.005122 0.019136
0 0.230946 0.056327 0.005122 0.019136
0 0.230946 0.056327 0.005122 0.019136
0 0.230946 0.056327 0.005122 0.019136
0 0.230946 0.056327 0.005122 0.019136
0 0.230946 0.056327 0.005122 0.019136
0 0.230946 0.056327 0.005122 0.019136
0 0.230946 0.056327 0.005122 0.019136
0 0.230946 0.056327 0.005122 0.019136
0 0.230946 0.056327 0.005122 0.019136
0 0.230946 0.056327 0.005122 0.019136
0 0.230946 0.056327 0.005122 0.019136
0 0.230946 0.056327 0.005122 0.019136
0 0.230946 0.056327 0.005122 0.019136
