0 0.201432 0.037500 0.005122 0.010802
0 0.201606 0.037500 0.005122 0.010802
0 0.201866 0.037500 0.005122 0.010802
0 0.202127 0.037500 0.005122 0.010802
0 0.202387 0.037500 0.005122 0.010802
0 0.202648 0.037500 0.005122 0.010802
0 0.202821 0.037500 0.005122 0.010802
0 0.203082 0.037500 0.005122 0.010802
0 0.203342 0.037500 0.005122 0.010802
0 0.203602 0.037500 0.005122 0.010802
0 0.203863 0.037500 0.005122 0.010802
0 0.203863 0.037500 0.005122 0.010802
0 0.204080 0.037500 0.005208 0.010802
0 0.204080 0.037500 0.005208 0.010802
0 0.204297 0.037500 0.005122 0.010802
0 0.204297 0.037500 0.005122 0.010802
0 0.204557 0.037500 0.005122 0.010802
0 0.204557 0.037500 0.005122 0.010802
0 0.204818 0.037500 0.005122 0.010802
0 0.204818 0.037500 0.005122 0.010802
0 0.205078 0.037500 0.005122 0.010802
0 0.205078 0.037500 0.005122 0.010802
0 0.205078 0.037500 0.005122 0.010802
0 0.205078 0.037500 0.005122 0.010802
0 0.205078 0.037500 0.005122 0.010802
0 0.205078 0.037500 0.005122 0.010802
0 0.205078 0.037500 0.005122 0.010802
0 0.205078 0.037500 0.005122 0.010802
0 0.205078 0.037500 0.005122 0.010802
0 0.205078 0.037500 0.005122 0.010802
0 0.205078 0.037500 0.005122 0.010802
0 0.204818 0.037037 0.005122 0.010802
0 0.204818 0.037037 0.005122 0.010802
0 0.204818 0.037037 0.005122 0.010802
0 0.204557 0.036574 0.005122 0.010802
0 0.204557 0.036574 0.005122 0.010802
0 0.204557 0.036574 0.005122 0.010802
0 0.204297 0.036111 0.005122 0.010802
0 0.204297 0.036111 0.005122 0.010802
0 0.204297 0.036111 0.005122 0.010802
0 0.204297 0.036111 0.005122 0.010802
0 0.204080 0.036111 0.005208 0.010802
0 0.204080 0.036111 0.005208 0.010802
0 0.204080 0.036111 0.005208 0.010802
0 0.204080 0.036111 0.005208 0.010802
0 0.204080 0.036111 0.005208 0.010802
0 0.204080 0.036111 0.005208 0.010802
0 0.204080 0.036111 0.005208 0.010802
0 0.204080 0.036111 0.005208 0.010802
0 0.204080 0.036111 0.005208 0.010802
0 0.204080 0.036574 0.005208 0.010802
0 0.203863 0.036111 0.005122 0.010802
0 0.203863 0.036111 0.005122 0.010802
0 0.203863 0.036111 0.005122 0.010802
0 0.203863 0.036111 0.005122 0.010802
0 0.203863 0.036111 0.005122 0.010802
0 0.203602 0.035725 0.005122 0.010957
0 0.203602 0.035725 0.005122 0.010957
0 0.203602 0.035725 0.005122 0.010957
0 0.203602 0.035725 0.005122 0.010957
0 0.203602 0.035725 0.005122 0.010957
0 0.203602 0.035262 0.005122 0.010957
0 0.203602 0.035262 0.005122 0.010957
0 0.203602 0.035262 0.005122 0.010957
0 0.203602 0.035262 0.005122 0.010957
0 0.203602 0.035262 0.005122 0.010957
0 0.203602 0.034877 0.005122 0.010802
0 0.203602 0.034877 0.005122 0.010802
0 0.203602 0.034877 0.005122 0.010802
0 0.203602 0.034877 0.005122 0.010802
0 0.203602 0.034877 0.005122 0.010802
0 0.203342 0.034414 0.005122 0.010802
0 0.203342 0.034414 0.005122 0.010802
0 0.203342 0.034414 0.005122 0.010802
0 0.203082 0.034414 0.005122 0.010802
0 0.203082 0.034414 0.005122 0.010802
0 0.203082 0.034414 0.005122 0.010802
0 0.202821 0.034414 0.005122 0.010802
0 0.202821 0.034414 0.005122 0.010802
0 0.202821 0.034414 0.005122 0.010802
0 0.202821 0.034414 0.005122 0.010802
0 0.202648 0.033951 0.005122 0.010802
0 0.202387 0.033951 0.005122 0.010802
0 0.202127 0.033951 0.005122 0.010802
0 0.201866 0.033951 0.005122 0.010802
0 0.201606 0.033951 0.005122 0.010802
0 0.201432 0.033951 0.005122 0.010802
0 0.201172 0.033951 0.005122 0.010802
0 0.200911 0.033951 0.005122 0.010802
0 0.200651 0.033951 0.005122 0.010802
0 0.200391 0.033951 0.005122 0.010802
0 0.200217 0.033565 0.005122 0.010957
0 0.199957 0.033565 0.005122 0.010957
0 0.199957 0.033565 0.005122 0.010957
0 0.199696 0.033565 0.005122 0.010957
0 0.199696 0.033565 0.005122 0.010957
0 0.199436 0.033565 0.005122 0.010957
0 0.199175 0.033565 0.005122 0.010957
0 0.199175 0.033565 0.005122 0.010957
0 0.198915 0.033565 0.005122 0.010957
0 0.198915 0.033565 0.005122 0.010957
0 0.198915 0.033565 0.005122 0.010957
0 0.198915 0.033565 0.005122 0.010957
0 0.198915 0.033565 0.005122 0.010957
0 0.198915 0.033565 0.005122 0.010957
0 0.198915 0.033565 0.005122 0.010957
0 0.198915 0.033565 0.005122 0.010957
0 0.198915 0.033565 0.005122 0.010957
0 0.198915 0.033565 0.005122 0.010957
0 0.198915 0.033565 0.005122 0.010957
0 0.198915 0.033565 0.005122 0.010957
0 0.198741 0.033102 0.005122 0.010957
0 0.198481 0.033102 0.005122 0.010957
0 0.198481 0.033102 0.005122 0.010957
0 0.198220 0.032716 0.005122 0.010802
0 0.198220 0.032716 0.005122 0.010802
0 0.197960 0.032716 0.005122 0.010802
0 0.197700 0.032253 0.005122 0.010802
0 0.197700 0.032253 0.005122 0.010802
0 0.197526 0.032253 0.005122 0.010802
0 0.197526 0.032253 0.005122 0.010802
0 0.197266 0.031790 0.005122 0.010802
0 0.197005 0.031790 0.005122 0.010802
0 0.196745 0.031790 0.005122 0.010802
0 0.196484 0.031327 0.005122 0.010802
0 0.196311 0.031327 0.005122 0.010802
0 0.196050 0.031327 0.005122 0.010802
0 0.195790 0.030941 0.005122 0.010957
0 0.195530 0.030941 0.005122 0.010957
0 0.195269 0.030941 0.005122 0.010957
0 0.195052 0.030941 0.005208 0.010957
0 0.194835 0.030556 0.005122 0.010802
0 0.194575 0.030556 0.005122 0.010802
0 0.194314 0.030556 0.005122 0.010802
0 0.194054 0.030556 0.005122 0.010802
0 0.194054 0.030556 0.005122 0.010802
0 0.193793 0.030093 0.005122 0.010802
0 0.193620 0.030093 0.005122 0.010802
0 0.193359 0.030093 0.005122 0.010802
0 0.193099 0.030093 0.005122 0.010802
0 0.193099 0.030093 0.005122 0.010802
0 0.192578 0.029630 0.005122 0.010802
0 0.192405 0.029630 0.005122 0.010802
0 0.191884 0.029630 0.005122 0.010802
0 0.191623 0.029630 0.005122 0.010802
0 0.191363 0.029630 0.005122 0.010802
0 0.190929 0.029167 0.005122 0.010802
0 0.190668 0.029167 0.005122 0.010802
0 0.190148 0.029167 0.005122 0.010802
0 0.189887 0.029167 0.005122 0.010802
0 0.189714 0.029167 0.005122 0.010802
0 0.189193 0.028781 0.005122 0.010957
0 0.188932 0.028781 0.005122 0.010957
0 0.188498 0.028781 0.005122 0.010957
0 0.188238 0.028318 0.005122 0.010957
0 0.187977 0.028318 0.005122 0.010957
0 0.187457 0.028318 0.005122 0.010957
0 0.187283 0.027932 0.005122 0.010802
0 0.186762 0.027932 0.005122 0.010802
0 0.186502 0.027932 0.005122 0.010802
0 0.186241 0.027932 0.005122 0.010802
0 0.185807 0.027932 0.005122 0.010802
0 0.185547 0.027932 0.005122 0.010802
0 0.185286 0.027932 0.005122 0.010802
0 0.185026 0.027932 0.005122 0.010802
0 0.184766 0.027932 0.005122 0.010802
0 0.184332 0.027932 0.005122 0.010802
0 0.184071 0.027932 0.005122 0.010802
0 0.183811 0.027932 0.005122 0.010802
0 0.183550 0.027932 0.005122 0.010802
0 0.183377 0.027932 0.005122 0.010802
0 0.182856 0.027469 0.005122 0.010802
0 0.182595 0.027469 0.005122 0.010802
0 0.182335 0.027469 0.005122 0.010802
0 0.182118 0.027469 0.005208 0.010802
0 0.181901 0.027469 0.005122 0.010802
0 0.181641 0.027006 0.005122 0.010802
0 0.181380 0.027006 0.005122 0.010802
0 0.181120 0.027006 0.005122 0.010802
0 0.180859 0.027006 0.005122 0.010802
0 0.180686 0.027006 0.005122 0.010802
