0 0.200304 0.122685 0.006858 0.024383
0 0.201259 0.122917 0.006858 0.023920
0 0.202387 0.123380 0.007031 0.023920
0 0.203342 0.123765 0.007031 0.023765
0 0.204427 0.124228 0.007292 0.023765
0 0.205642 0.124614 0.007292 0.023920
0 0.206641 0.125077 0.007378 0.023920
0 0.207769 0.125540 0.007552 0.023920
0 0.208724 0.125926 0.007552 0.023765
0 0.209809 0.126389 0.007812 0.023765
0 0.211024 0.126775 0.007812 0.023920
0 0.211979 0.126775 0.007812 0.023920
0 0.213021 0.127238 0.007812 0.023920
0 0.213976 0.127701 0.007812 0.023920
0 0.214931 0.128086 0.007812 0.023765
0 0.215885 0.128549 0.007812 0.023765
0 0.216927 0.128549 0.007812 0.023765
0 0.217882 0.129012 0.007812 0.023765
0 0.218837 0.129398 0.007812 0.023920
0 0.219792 0.129861 0.007812 0.023920
0 0.221007 0.130324 0.007812 0.023920
0 0.222049 0.130324 0.007812 0.023920
0 0.223003 0.130710 0.007812 0.023765
0 0.223958 0.131173 0.007812 0.023765
0 0.224913 0.131173 0.007812 0.023765
0 0.225955 0.131559 0.007812 0.023920
0 0.226910 0.132022 0.007812 0.023920
0 0.227865 0.132022 0.007812 0.023920
0 0.228819 0.132485 0.007812 0.023920
0 0.229861 0.132870 0.007812 0.023765
0 0.231076 0.133333 0.007812 0.023765
0 0.231771 0.133333 0.007812 0.023765
0 0.232509 0.133719 0.007726 0.023920
0 0.233247 0.134182 0.007812 0.023920
0 0.234201 0.134645 0.007812 0.023920
0 0.234983 0.135031 0.007812 0.023765
0 0.235677 0.135494 0.007812 0.023765
0 0.236632 0.135880 0.007812 0.023920
0 0.237413 0.136343 0.007812 0.023920
0 0.238108 0.136806 0.007812 0.023920
0 0.239062 0.137269 0.007812 0.023920
0 0.239062 0.137269 0.007812 0.023920
0 0.239062 0.137269 0.007812 0.023920
0 0.239062 0.137269 0.007812 0.023920
0 0.239062 0.137269 0.007812 0.023920
0 0.239062 0.137269 0.007812 0.023920
0 0.239062 0.137269 0.007812 0.023920
0 0.239062 0.137269 0.007812 0.023920
0 0.239062 0.137269 0.007812 0.023920
0 0.239062 0.137269 0.007812 0.023920
0 0.239062 0.137269 0.007812 0.023920
0 0.238368 0.137269 0.007812 0.023920
0 0.237674 0.137269 0.007812 0.023920
0 0.237153 0.137269 0.007812 0.023920
0 0.236415 0.137654 0.007726 0.023765
0 0.235937 0.137654 0.007812 0.023765
0 0.235156 0.137654 0.007812 0.023765
0 0.234462 0.138117 0.007812 0.023765
0 0.233941 0.138117 0.007812 0.023765
0 0.233247 0.138117 0.007812 0.023765
0 0.232726 0.138503 0.007812 0.023920
0 0.232031 0.138117 0.007812 0.023765
0 0.231510 0.137654 0.007812 0.023765
0 0.230816 0.137654 0.007812 0.023765
0 0.230295 0.137269 0.007812 0.023920
0 0.229861 0.137269 0.007812 0.023920
0 0.229080 0.136806 0.007812 0.023920
0 0.228646 0.136343 0.007812 0.023920
0 0.227865 0.136343 0.007812 0.023920
0 0.227344 0.135880 0.007812 0.023920
0 0.226910 0.135880 0.007812 0.023920
0 0.225955 0.135494 0.007812 0.023765
0 0.224913 0.135494 0.007812 0.023765
0 0.223958 0.135494 0.007812 0.023765
0 0.223264 0.135031 0.007812 0.023765
0 0.222222 0.135031 0.007812 0.023765
0 0.221267 0.135031 0.007812 0.023765
0 0.220573 0.134645 0.007812 0.023920
0 0.219575 0.134645 0.007726 0.023920
0 0.218576 0.134645 0.007812 0.023920
0 0.217882 0.134645 0.007812 0.023920
0 0.217361 0.134414 0.007812 0.024383
0 0.217101 0.134414 0.007812 0.024383
0 0.216797 0.134414 0.008073 0.024383
0 0.216406 0.134414 0.007812 0.024383
0 0.216016 0.134414 0.008073 0.024383
0 0.215799 0.134182 0.007986 0.024846
0 0.215321 0.134182 0.008073 0.024846
0 0.215061 0.134182 0.008073 0.024846
0 0.214714 0.134182 0.008247 0.024846
0 0.214453 0.134336 0.008247 0.025154
0 0.213845 0.134336 0.008073 0.025154
0 0.213325 0.134336 0.007552 0.025154
0 0.212891 0.134568 0.007552 0.024691
0 0.212370 0.134568 0.007031 0.024691
0 0.211892 0.135031 0.007118 0.024691
0 0.211372 0.135031 0.006597 0.024691
0 0.210807 0.135031 0.006337 0.024691
0 0.210417 0.135262 0.006076 0.024228
0 0.209809 0.135262 0.005903 0.024228
0 0.209462 0.135725 0.005556 0.024228
0 0.208854 0.135725 0.005903 0.024228
0 0.208333 0.135725 0.005903 0.024228
0 0.207986 0.135725 0.006076 0.024228
0 0.207509 0.135725 0.006163 0.024228
0 0.207161 0.135725 0.006337 0.024228
0 0.206641 0.135725 0.006337 0.024228
0 0.206120 0.135725 0.006337 0.024228
0 0.205816 0.135725 0.006597 0.024228
0 0.205295 0.135725 0.006597 0.024228
0 0.204905 0.135880 0.006858 0.023920
0 0.204340 0.135648 0.007118 0.023457
0 0.203819 0.135648 0.007118 0.023457
0 0.203342 0.135648 0.007031 0.023457
0 0.202865 0.135648 0.007118 0.023457
0 0.202387 0.135648 0.007031 0.023457
0 0.201736 0.135648 0.007292 0.023457
0 0.201302 0.135648 0.007292 0.023457
0 0.200781 0.135648 0.007292 0.023457
0 0.200304 0.135648 0.007378 0.023457
0 0.199957 0.135648 0.007552 0.023457
0 0.199175 0.135262 0.007552 0.023302
0 0.198481 0.135262 0.007552 0.023302
0 0.197700 0.135262 0.007552 0.023302
0 0.197266 0.135262 0.007552 0.023302
0 0.196484 0.135262 0.007552 0.023302
0 0.195790 0.134877 0.007552 0.023457
0 0.195269 0.134877 0.007552 0.023457
0 0.194575 0.134877 0.007552 0.023457
0 0.193837 0.134877 0.007639 0.023457
0 0.193359 0.134877 0.007552 0.023457
0 0.192578 0.134877 0.007552 0.023457
0 0.192144 0.134877 0.007552 0.023457
0 0.191363 0.135262 0.007552 0.023302
0 0.190929 0.135262 0.007552 0.023302
0 0.190408 0.135648 0.007552 0.023457
0 0.189714 0.135648 0.007552 0.023457
0 0.189193 0.135648 0.007552 0.023457
0 0.188498 0.136111 0.007552 0.023457
0 0.187977 0.136111 0.007552 0.023457
0 0.187457 0.136574 0.007552 0.023457
0 0.186502 0.136111 0.007552 0.023457
0 0.185807 0.136111 0.007552 0.023457
0 0.185026 0.136111 0.007552 0.023457
0 0.184332 0.136111 0.007552 0.023457
0 0.183550 0.136111 0.007552 0.023457
0 0.182856 0.136111 0.007552 0.023457
0 0.182118 0.136111 0.007639 0.023457
0 0.181380 0.136111 0.007552 0.023457
0 0.180686 0.136111 0.007552 0.023457
0 0.179905 0.136111 0.007552 0.023457
0 0.179210 0.136111 0.007552 0.023457
0 0.178429 0.136111 0.007552 0.023457
0 0.177734 0.136111 0.007552 0.023457
0 0.176997 0.136111 0.007639 0.023457
0 0.176519 0.136111 0.007552 0.023457
0 0.175738 0.136111 0.007552 0.023457
0 0.175043 0.136111 0.007552 0.023457
0 0.174306 0.136111 0.007639 0.023457
0 0.173568 0.136111 0.007552 0.023457
0 0.173090 0.136111 0.007639 0.023457
0 0.172352 0.136111 0.007552 0.023457
0 0.171875 0.136111 0.007639 0.023457
0 0.171137 0.136111 0.007552 0.023457
0 0.170616 0.136111 0.007552 0.023457
0 0.170182 0.136111 0.007552 0.023457
0 0.169401 0.136111 0.007552 0.023457
0 0.168967 0.136111 0.007552 0.023457
0 0.168186 0.136111 0.007552 0.023457
0 0.167752 0.136111 0.007552 0.023457
0 0.167231 0.136111 0.007552 0.023457
0 0.166710 0.136111 0.007552 0.023457
0 0.166276 0.136111 0.007552 0.023457
0 0.165755 0.136111 0.007552 0.023457
0 0.165278 0.136574 0.007639 0.023457
0 0.164800 0.136574 0.007552 0.023457
0 0.164280 0.136574 0.007552 0.023457
0 0.163845 0.136574 0.007552 0.023457
0 0.163325 0.137037 0.007552 0.023457
0 0.162847 0.137037 0.007639 0.023457
0 0.162370 0.137037 0.007552 0.023457
