0 0.071224 0.076929 0.008767 0.019599
0 0.069141 0.077546 0.008594 0.019907
0 0.067187 0.078704 0.008507 0.020370
0 0.065234 0.079475 0.008594 0.021296
0 0.063281 0.080401 0.008507 0.021296
0 0.061328 0.081481 0.008594 0.021605
0 0.059245 0.082407 0.008247 0.022531
0 0.057292 0.083179 0.008333 0.022531
0 0.055339 0.084105 0.008247 0.023457
0 0.053385 0.085185 0.008333 0.023765
0 0.051432 0.086265 0.008247 0.024383
0 0.049262 0.086883 0.008247 0.023765
0 0.047309 0.087963 0.008333 0.023457
0 0.045356 0.089120 0.008247 0.022994
0 0.043273 0.089660 0.008594 0.022531
0 0.041319 0.090818 0.008507 0.022068
0 0.039366 0.091898 0.008594 0.021759
0 0.037283 0.092593 0.008767 0.021296
0 0.035373 0.093596 0.008767 0.020833
0 0.033377 0.094753 0.008767 0.020370
0 0.031467 0.095756 0.008767 0.019907
0 0.028993 0.097377 0.008854 0.020370
0 0.026780 0.099074 0.008767 0.021296
0 0.024609 0.100540 0.008767 0.021759
0 0.022439 0.102315 0.008767 0.022531
0 0.020182 0.103781 0.008767 0.022994
0 0.018012 0.105556 0.008767 0.023765
0 0.015842 0.107099 0.008767 0.024383
0 0.013628 0.108873 0.008854 0.025154
0 0.011415 0.110340 0.008767 0.025617
0 0.009245 0.112269 0.008767 0.026080
0 0.009245 0.112269 0.008767 0.026080
0 0.009245 0.112269 0.008767 0.026080
0 0.009245 0.112269 0.008767 0.026080
0 0.009245 0.112269 0.008767 0.026080
0 0.009245 0.112269 0.008767 0.026080
0 0.009245 0.112269 0.008767 0.026080
0 0.009245 0.112269 0.008767 0.026080
0 0.009245 0.112269 0.008767 0.026080
0 0.009245 0.112269 0.008767 0.026080
0 0.009245 0.112269 0.008767 0.026080
0 0.009245 0.112269 0.008767 0.026080
0 0.009245 0.112269 0.008767 0.026080
0 0.009245 0.112269 0.008767 0.026080
0 0.009245 0.112269 0.008767 0.026080
0 0.009245 0.112269 0.008767 0.026080
0 0.009245 0.112269 0.008767 0.026080
0 0.009245 0.112269 0.008767 0.026080
0 0.009245 0.112269 0.008767 0.026080
0 0.009245 0.112269 0.008767 0.026080
0 0.009245 0.112269 0.008767 0.026080
0 0.009245 0.112269 0.008767 0.026080
0 0.009245 0.112269 0.008767 0.026080
0 0.009245 0.112269 0.008767 0.026080
0 0.009245 0.112269 0.008767 0.026080
0 0.009245 0.112269 0.008767 0.026080
0 0.009245 0.112269 0.008767 0.026080
0 0.009245 0.112269 0.008767 0.026080
0 0.009245 0.112269 0.008767 0.026080
0 0.009245 0.112269 0.008767 0.026080
0 0.009245 0.112269 0.008767 0.026080
0 0.009245 0.112269 0.008767 0.026080
0 0.009245 0.112269 0.008767 0.026080
0 0.009245 0.112269 0.008767 0.026080
0 0.009245 0.112269 0.008767 0.026080
0 0.009245 0.112269 0.008767 0.026080
0 0.009245 0.112269 0.008767 0.026080
0 0.009245 0.112269 0.008767 0.026080
0 0.009245 0.112269 0.008767 0.026080
0 0.009245 0.112269 0.008767 0.026080
0 0.009245 0.112269 0.008767 0.026080
0 0.009245 0.112269 0.008767 0.026080
0 0.009245 0.112269 0.008767 0.026080
0 0.009245 0.112269 0.008767 0.026080
0 0.009245 0.112269 0.008767 0.026080
0 0.009245 0.112269 0.008767 0.026080
0 0.009245 0.112269 0.008767 0.026080
0 0.009245 0.112269 0.008767 0.026080
0 0.009245 0.112269 0.008767 0.026080
0 0.009245 0.112269 0.008767 0.026080
0 0.009245 0.112269 0.008767 0.026080
0 0.009245 0.112269 0.008767 0.026080
0 0.009245 0.112269 0.008767 0.026080
0 0.009245 0.112269 0.008767 0.026080
0 0.009245 0.112269 0.008767 0.026080
0 0.009245 0.112269 0.008767 0.026080
0 0.009245 0.112269 0.008767 0.026080
0 0.009245 0.112269 0.008767 0.026080
0 0.009245 0.112269 0.008767 0.026080
0 0.009245 0.112269 0.008767 0.026080
0 0.009245 0.112269 0.008767 0.026080
0 0.009245 0.112269 0.008767 0.026080
0 0.009245 0.112269 0.008767 0.026080
0 0.009245 0.112269 0.008767 0.026080
0 0.009245 0.112269 0.008767 0.026080
0 0.009245 0.112269 0.008767 0.026080
0 0.009245 0.112269 0.008767 0.026080
0 0.009245 0.112269 0.008767 0.026080
0 0.009245 0.112269 0.008767 0.026080
0 0.009245 0.112269 0.008767 0.026080
0 0.009245 0.112269 0.008767 0.026080
0 0.009245 0.112269 0.008767 0.026080
0 0.009245 0.112269 0.008767 0.026080
0 0.009245 0.112269 0.008767 0.026080
0 0.009245 0.112269 0.008767 0.026080
0 0.009245 0.112269 0.008767 0.026080
0 0.009245 0.112269 0.008767 0.026080
0 0.009245 0.112269 0.008767 0.026080
0 0.009245 0.112269 0.008767 0.026080
0 0.009245 0.112269 0.008767 0.026080
0 0.009245 0.112269 0.008767 0.026080
0 0.009245 0.112269 0.008767 0.026080
0 0.009245 0.112269 0.008767 0.026080
0 0.009245 0.112269 0.008767 0.026080
0 0.009245 0.112269 0.008767 0.026080
0 0.009245 0.112269 0.008767 0.026080
0 0.009245 0.112269 0.008767 0.026080
0 0.009245 0.112269 0.008767 0.026080
0 0.009245 0.112269 0.008767 0.026080
0 0.009245 0.112269 0.008767 0.026080
0 0.009245 0.112269 0.008767 0.026080
0 0.009245 0.112269 0.008767 0.026080
0 0.009245 0.112269 0.008767 0.026080
0 0.009245 0.112269 0.008767 0.026080
0 0.009245 0.112269 0.008767 0.026080
0 0.009245 0.112269 0.008767 0.026080
0 0.009245 0.112269 0.008767 0.026080
0 0.009245 0.112269 0.008767 0.026080
0 0.009245 0.112269 0.008767 0.026080
0 0.009245 0.112269 0.008767 0.026080
0 0.009245 0.112269 0.008767 0.026080
0 0.009245 0.112269 0.008767 0.026080
0 0.009245 0.112269 0.008767 0.026080
0 0.009245 0.112269 0.008767 0.026080
0 0.009245 0.112269 0.008767 0.026080
0 0.009245 0.112269 0.008767 0.026080
0 0.009245 0.112269 0.008767 0.026080
0 0.009245 0.112269 0.008767 0.026080
0 0.009245 0.112269 0.008767 0.026080
0 0.009245 0.112269 0.008767 0.026080
0 0.009245 0.112269 0.008767 0.026080
0 0.009245 0.112269 0.008767 0.026080
0 0.009245 0.112269 0.008767 0.026080
0 0.009245 0.112269 0.008767 0.026080
0 0.009245 0.112269 0.008767 0.026080
0 0.009245 0.112269 0.008767 0.026080
0 0.009245 0.112269 0.008767 0.026080
0 0.009245 0.112269 0.008767 0.026080
0 0.009245 0.112269 0.008767 0.026080
0 0.009245 0.112269 0.008767 0.026080
0 0.009245 0.112269 0.008767 0.026080
0 0.009245 0.112269 0.008767 0.026080
0 0.009245 0.112269 0.008767 0.026080
0 0.009245 0.112269 0.008767 0.026080
0 0.009245 0.112269 0.008767 0.026080
0 0.009245 0.112269 0.008767 0.026080
0 0.009245 0.112269 0.008767 0.026080
0 0.009245 0.112269 0.008767 0.026080
0 0.009245 0.112269 0.008767 0.026080
0 0.009245 0.112269 0.008767 0.026080
0 0.009245 0.112269 0.008767 0.026080
0 0.009245 0.112269 0.008767 0.026080
0 0.009245 0.112269 0.008767 0.026080
0 0.009245 0.112269 0.008767 0.026080
0 0.009245 0.112269 0.008767 0.026080
0 0.009245 0.112269 0.008767 0.026080
0 0.009245 0.112269 0.008767 0.026080
0 0.009245 0.112269 0.008767 0.026080
0 0.009245 0.112269 0.008767 0.026080
0 0.009245 0.112269 0.008767 0.026080
0 0.009245 0.112269 0.008767 0.026080
0 0.009245 0.112269 0.008767 0.026080
0 0.009245 0.112269 0.008767 0.026080
0 0.009245 0.112269 0.008767 0.026080
0 0.009245 0.112269 0.008767 0.026080
0 0.009245 0.112269 0.008767 0.026080
0 0.009245 0.112269 0.008767 0.026080
0 0.009245 0.112269 0.008767 0.026080
0 0.009245 0.112269 0.008767 0.026080
0 0.009245 0.112269 0.008767 0.026080
0 0.009245 0.112269 0.008767 0.026080
