0 0.193924 0.006713 0.004861 0.013426
0 0.195530 0.016358 0.005122 0.013889
0 0.197135 0.026620 0.005382 0.014352
0 0.198698 0.036574 0.005556 0.014198
0 0.200434 0.046605 0.005556 0.015123
0 0.202127 0.056713 0.006163 0.015586
0 0.203689 0.066744 0.006337 0.015586
0 0.205425 0.076698 0.006337 0.016358
0 0.207031 0.086651 0.006597 0.016512
0 0.208594 0.096914 0.006771 0.016975
0 0.210417 0.107099 0.007118 0.017284
0 0.208377 0.100309 0.006858 0.016975
0 0.206510 0.093596 0.006597 0.016512
0 0.204687 0.086883 0.006424 0.016049
0 0.202734 0.080401 0.006337 0.016049
0 0.200911 0.073688 0.006163 0.015586
0 0.198958 0.066975 0.005556 0.015123
0 0.197005 0.060417 0.005642 0.015278
0 0.195139 0.053704 0.005382 0.014815
0 0.193359 0.046991 0.005122 0.014352
0 0.191493 0.040741 0.004861 0.013889
0 0.192708 0.038580 0.004861 0.013889
0 0.194054 0.036728 0.005122 0.013889
0 0.195399 0.035031 0.004861 0.013889
0 0.196745 0.032870 0.005122 0.013889
0 0.198220 0.031173 0.005122 0.013889
0 0.199436 0.029475 0.005122 0.013889
0 0.200781 0.027315 0.005382 0.013889
0 0.202127 0.025463 0.005122 0.013889
0 0.203472 0.023765 0.005382 0.013889
0 0.204948 0.022068 0.005382 0.013889
0 0.204167 0.023302 0.005382 0.013889
0 0.203472 0.025154 0.005382 0.013889
0 0.202734 0.026389 0.005295 0.013889
0 0.201997 0.028086 0.005382 0.013889
0 0.201519 0.029784 0.005295 0.013889
0 0.200781 0.031173 0.005382 0.013889
0 0.200087 0.032870 0.005382 0.013889
0 0.199306 0.034259 0.005382 0.013889
0 0.198611 0.035957 0.005382 0.013889
0 0.198090 0.037654 0.005382 0.013889
0 0.197396 0.037654 0.005382 0.013889
0 0.196615 0.038117 0.005382 0.013889
0 0.196050 0.038580 0.005122 0.013889
0 0.195269 0.038580 0.005122 0.013889
0 0.194835 0.038966 0.005122 0.013735
0 0.194054 0.039352 0.005122 0.013889
0 0.193359 0.039352 0.005122 0.013889
0 0.192708 0.039815 0.004861 0.013889
0 0.192014 0.040278 0.004861 0.013889
0 0.191493 0.040741 0.004861 0.013889
0 0.191276 0.041204 0.004948 0.013889
0 0.191276 0.041975 0.004948 0.013889
0 0.191059 0.042670 0.004861 0.013426
0 0.191059 0.043364 0.004861 0.013889
0 0.190929 0.043904 0.005122 0.013426
0 0.190799 0.044830 0.004861 0.013426
0 0.190668 0.045293 0.005122 0.013426
0 0.190538 0.046065 0.004861 0.013426
0 0.190408 0.046759 0.005122 0.012963
0 0.190408 0.047685 0.005122 0.012963
0 0.190408 0.047685 0.005122 0.012963
0 0.190668 0.048071 0.005122 0.013117
0 0.190929 0.048071 0.005122 0.013117
0 0.191189 0.048534 0.005122 0.013117
0 0.191363 0.048688 0.005122 0.013426
0 0.191363 0.048920 0.005122 0.012963
0 0.191623 0.049151 0.005122 0.013426
0 0.191884 0.049383 0.005122 0.012963
0 0.192144 0.049614 0.005122 0.013426
0 0.192405 0.050077 0.005122 0.013426
0 0.192405 0.050077 0.005122 0.013426
0 0.192578 0.050077 0.005122 0.013426
0 0.192578 0.050077 0.005122 0.013426
0 0.192839 0.050309 0.005122 0.013889
0 0.193099 0.050463 0.005122 0.013580
0 0.193099 0.050463 0.005122 0.013580
0 0.193359 0.050617 0.005122 0.013889
0 0.193359 0.050617 0.005122 0.013889
0 0.193620 0.050617 0.005122 0.013889
0 0.193793 0.051080 0.005122 0.013889
0 0.193793 0.051080 0.005122 0.013889
0 0.193793 0.051543 0.005122 0.013889
0 0.193793 0.051543 0.005122 0.013889
0 0.193793 0.052006 0.005122 0.013889
0 0.193793 0.052469 0.005122 0.013889
0 0.193793 0.052469 0.005122 0.013889
0 0.193793 0.052778 0.005122 0.013889
0 0.193793 0.052778 0.005122 0.013889
0 0.193793 0.053241 0.005122 0.013889
0 0.193793 0.053704 0.005122 0.013889
0 0.193620 0.053704 0.005122 0.013889
0 0.193359 0.053704 0.005122 0.013889
0 0.193099 0.054167 0.005122 0.013889
0 0.192839 0.054167 0.005122 0.013889
0 0.192578 0.054630 0.005122 0.013889
0 0.192405 0.054630 0.005122 0.013889
0 0.192144 0.054630 0.005122 0.013889
0 0.191884 0.055015 0.005122 0.013735
0 0.191623 0.055015 0.005122 0.013735
0 0.191493 0.055401 0.004861 0.013889
0 0.191753 0.055401 0.004861 0.013889
0 0.192014 0.055864 0.004861 0.013889
0 0.192274 0.056327 0.004861 0.013889
0 0.192491 0.056790 0.004948 0.013889
0 0.192839 0.057253 0.005122 0.013889
0 0.193099 0.057562 0.005122 0.013889
0 0.193359 0.058025 0.005122 0.013889
0 0.193620 0.058488 0.005122 0.013889
0 0.193793 0.058951 0.005122 0.013889
0 0.194314 0.059414 0.005122 0.013889
0 0.194314 0.059722 0.005122 0.013889
0 0.194314 0.060185 0.005122 0.013889
0 0.194314 0.060880 0.005122 0.013426
0 0.194314 0.061343 0.005122 0.013426
0 0.194575 0.062114 0.005122 0.013426
0 0.194575 0.062577 0.005122 0.013426
0 0.194575 0.063040 0.005122 0.013426
0 0.194575 0.063735 0.005122 0.012963
0 0.194575 0.064120 0.005122 0.013117
0 0.194835 0.064969 0.005122 0.012963
0 0.195052 0.065432 0.005208 0.012963
0 0.195530 0.066281 0.005122 0.013117
0 0.195790 0.066898 0.005122 0.013426
0 0.196311 0.067824 0.005122 0.013426
0 0.196745 0.068673 0.005122 0.013580
0 0.197005 0.069059 0.005122 0.013426
0 0.197526 0.069985 0.005122 0.013426
0 0.197700 0.070679 0.005122 0.013889
0 0.198220 0.071451 0.005122 0.013889
0 0.198741 0.072377 0.005122 0.013889
0 0.199436 0.073302 0.005122 0.013889
0 0.200391 0.074537 0.005122 0.013889
0 0.201172 0.075463 0.005122 0.013889
0 0.202127 0.076698 0.005122 0.013889
0 0.203082 0.078009 0.005122 0.013735
0 0.203863 0.078858 0.005122 0.013889
0 0.204818 0.080247 0.005122 0.013889
0 0.205512 0.081019 0.005122 0.013889
0 0.206554 0.082407 0.005122 0.013889
0 0.207509 0.083642 0.005122 0.013889
0 0.207509 0.084105 0.005122 0.013889
0 0.207769 0.084954 0.005122 0.013735
0 0.207986 0.085802 0.005208 0.013889
0 0.208203 0.086728 0.005122 0.013889
0 0.208464 0.087500 0.005122 0.013889
0 0.208724 0.087963 0.005122 0.013889
0 0.208984 0.088889 0.005122 0.013889
0 0.209245 0.089660 0.005122 0.013889
0 0.209418 0.090586 0.005122 0.013889
0 0.209679 0.091512 0.005122 0.013889
0 0.209939 0.092052 0.005122 0.014352
0 0.210330 0.092978 0.005382 0.014352
0 0.210634 0.093827 0.005122 0.014198
0 0.211024 0.094676 0.005382 0.014352
0 0.211415 0.095602 0.005122 0.014352
0 0.211762 0.096219 0.005295 0.014660
0 0.211979 0.097068 0.005382 0.014815
0 0.212500 0.097994 0.005382 0.014815
0 0.212760 0.098843 0.005382 0.014660
0 0.213238 0.099691 0.005295 0.014815
0 0.213238 0.100154 0.005295 0.014815
0 0.213238 0.100772 0.005295 0.015123
0 0.213368 0.101235 0.005556 0.015123
0 0.213368 0.101929 0.005556 0.015586
0 0.213585 0.102469 0.005642 0.016049
0 0.213585 0.102932 0.005642 0.016049
0 0.213585 0.103627 0.005642 0.016512
0 0.213715 0.104090 0.005903 0.016512
0 0.213715 0.104707 0.005903 0.016821
0 0.213976 0.105324 0.005903 0.017438
0 0.213628 0.105324 0.006076 0.017438
0 0.213368 0.105324 0.006076 0.017438
0 0.213108 0.105324 0.006076 0.017438
0 0.212717 0.105787 0.006337 0.017438
0 0.212500 0.105787 0.006424 0.017438
0 0.212413 0.105787 0.006597 0.017438
0 0.212153 0.105787 0.006597 0.017438
0 0.211762 0.106173 0.006858 0.017284
0 0.211502 0.106173 0.006858 0.017284
0 0.211285 0.106173 0.006771 0.017284
