0 0.171267 0.111883 0.005382 0.023457
0 0.171007 0.112269 0.005382 0.023302
0 0.171007 0.113117 0.005382 0.023457
0 0.171007 0.113580 0.005382 0.023457
0 0.171007 0.114506 0.005382 0.023457
0 0.171007 0.115123 0.005382 0.023765
0 0.170747 0.115741 0.005382 0.023457
0 0.170747 0.116435 0.005382 0.023920
0 0.170747 0.117052 0.005382 0.023302
0 0.170747 0.117670 0.005382 0.023920
0 0.170747 0.118596 0.005382 0.023920
0 0.171007 0.119444 0.005382 0.023765
0 0.171267 0.120293 0.005382 0.023920
0 0.171528 0.121219 0.005382 0.023920
0 0.171962 0.122068 0.005382 0.023765
0 0.172222 0.123380 0.005382 0.023920
0 0.172483 0.124228 0.005382 0.023765
0 0.173003 0.125077 0.005382 0.023920
0 0.173177 0.125926 0.005382 0.023765
0 0.173437 0.126775 0.005382 0.023920
0 0.173958 0.128086 0.005382 0.023765
0 0.173958 0.128549 0.005382 0.023765
0 0.173958 0.129398 0.005382 0.023920
0 0.173958 0.130324 0.005382 0.023920
0 0.173958 0.131173 0.005382 0.023765
0 0.174219 0.132022 0.005382 0.023920
0 0.174219 0.132870 0.005382 0.023765
0 0.174219 0.133719 0.005382 0.023920
0 0.174219 0.134645 0.005382 0.023920
0 0.174219 0.135494 0.005382 0.023765
0 0.174436 0.136343 0.005295 0.023920
0 0.174436 0.133333 0.005295 0.023765
0 0.174436 0.130710 0.005295 0.023765
0 0.174566 0.128086 0.005556 0.023765
0 0.174653 0.125540 0.005382 0.023920
0 0.174783 0.122917 0.005642 0.023920
0 0.174783 0.119830 0.005642 0.023920
0 0.174913 0.117284 0.005382 0.023765
0 0.175043 0.114660 0.005642 0.023765
0 0.175043 0.112037 0.005642 0.023765
0 0.175304 0.109491 0.005642 0.023920
0 0.175304 0.109028 0.005642 0.023920
0 0.175521 0.109028 0.005556 0.023920
0 0.175651 0.109028 0.005295 0.023920
0 0.175781 0.109028 0.005556 0.023920
0 0.175998 0.109028 0.005642 0.023920
0 0.176128 0.108565 0.005382 0.023920
0 0.176259 0.108565 0.005642 0.023920
0 0.176389 0.108565 0.005382 0.023920
0 0.176649 0.108565 0.005382 0.023920
0 0.176866 0.108565 0.005295 0.023920
0 0.176866 0.109491 0.005295 0.023920
0 0.177083 0.110340 0.005382 0.023765
0 0.177344 0.111188 0.005382 0.023920
0 0.177474 0.112037 0.005642 0.023765
0 0.177734 0.112886 0.005642 0.023920
0 0.177865 0.113812 0.005382 0.023920
0 0.177995 0.114660 0.005642 0.023765
0 0.178212 0.115509 0.005556 0.023920
0 0.178472 0.116435 0.005556 0.023920
0 0.178689 0.117284 0.005642 0.023765
0 0.178689 0.118133 0.005642 0.023920
0 0.178819 0.119213 0.005903 0.024228
0 0.178950 0.120062 0.006163 0.024383
0 0.179167 0.121142 0.006076 0.024691
0 0.179297 0.122299 0.006337 0.025154
0 0.179427 0.123071 0.006597 0.025154
0 0.179688 0.124228 0.006597 0.025617
0 0.179818 0.125077 0.006858 0.025463
0 0.179905 0.126157 0.007031 0.026080
0 0.180165 0.127469 0.007031 0.025926
0 0.180295 0.127855 0.006771 0.026080
0 0.180642 0.128781 0.006597 0.026080
0 0.180903 0.129630 0.006597 0.025926
0 0.181293 0.130324 0.006337 0.026389
0 0.181510 0.131173 0.006424 0.026543
0 0.181771 0.132022 0.005903 0.026389
0 0.181988 0.132716 0.005816 0.026852
0 0.182335 0.133488 0.005642 0.026852
0 0.182595 0.134414 0.005642 0.026852
0 0.182986 0.135262 0.005382 0.027006
0 0.183247 0.135262 0.005382 0.027006
0 0.183464 0.135725 0.005295 0.027006
0 0.183681 0.136111 0.005382 0.026852
0 0.183941 0.136574 0.005382 0.026852
0 0.184201 0.137037 0.005382 0.026852
0 0.184462 0.137423 0.005382 0.027006
0 0.184679 0.137886 0.005295 0.027006
0 0.184896 0.138272 0.005382 0.026852
0 0.185156 0.138735 0.005382 0.026852
0 0.185417 0.139198 0.005382 0.026852
0 0.185547 0.139198 0.005642 0.026852
0 0.185807 0.139198 0.005642 0.026852
0 0.185894 0.139198 0.005816 0.026852
0 0.186155 0.139198 0.005816 0.026852
0 0.186415 0.139198 0.006337 0.026852
0 0.186632 0.139198 0.006424 0.026852
0 0.186719 0.139198 0.006597 0.026852
0 0.186979 0.139198 0.006597 0.026852
0 0.187109 0.139198 0.006858 0.026852
0 0.187500 0.139429 0.007118 0.026389
0 0.187717 0.139429 0.007031 0.026389
0 0.187977 0.139429 0.007031 0.026389
0 0.188238 0.139429 0.007031 0.026389
0 0.188455 0.139429 0.007118 0.026389
0 0.188715 0.139815 0.007118 0.026543
0 0.188932 0.139815 0.007031 0.026543
0 0.189193 0.139815 0.007031 0.026543
0 0.189453 0.139815 0.007031 0.026543
0 0.189670 0.139815 0.007118 0.026543
0 0.190191 0.140278 0.007118 0.026543
0 0.190191 0.140278 0.007118 0.026543
0 0.190408 0.140278 0.007031 0.026543
0 0.190408 0.140278 0.007031 0.026543
0 0.190668 0.140278 0.007031 0.026543
0 0.190755 0.140278 0.006858 0.026543
0 0.190885 0.140278 0.007118 0.026543
0 0.191016 0.140278 0.006858 0.026543
0 0.191146 0.140278 0.007118 0.026543
0 0.191276 0.140278 0.006858 0.026543
0 0.191536 0.140278 0.006858 0.026543
0 0.191536 0.139815 0.006858 0.026543
0 0.191753 0.139815 0.006771 0.026543
0 0.191753 0.139429 0.006771 0.026389
0 0.192014 0.139429 0.006771 0.026389
0 0.192144 0.138966 0.007031 0.026389
0 0.192231 0.138966 0.006858 0.026389
0 0.192361 0.138503 0.007118 0.026389
0 0.192491 0.138503 0.006858 0.026389
0 0.192622 0.138117 0.007118 0.026543
0 0.192839 0.138117 0.007031 0.026543
0 0.191406 0.137654 0.007118 0.026543
0 0.190191 0.137423 0.007118 0.027006
0 0.188932 0.137191 0.007031 0.026543
0 0.187500 0.137037 0.007118 0.026852
0 0.186285 0.136806 0.007118 0.026389
0 0.185069 0.136574 0.007118 0.026852
0 0.183594 0.136111 0.007118 0.026852
0 0.182378 0.136111 0.007118 0.026852
0 0.181163 0.135725 0.007118 0.027006
0 0.179905 0.135725 0.007031 0.027006
0 0.177257 0.135262 0.007118 0.027006
0 0.174783 0.135262 0.007031 0.027006
0 0.172352 0.135262 0.007031 0.027006
0 0.169661 0.134877 0.007031 0.026852
0 0.167231 0.134877 0.007031 0.026852
0 0.164800 0.134877 0.007031 0.026852
0 0.162109 0.134414 0.007031 0.026852
0 0.159679 0.134414 0.007031 0.026852
0 0.157248 0.134414 0.007031 0.026852
0 0.154774 0.134414 0.007118 0.026852
0 0.153559 0.134414 0.007118 0.026852
0 0.152344 0.134414 0.007118 0.026852
0 0.151389 0.134414 0.007118 0.026852
0 0.150174 0.134877 0.007118 0.026852
0 0.149175 0.134877 0.007031 0.026852
0 0.147960 0.134877 0.007031 0.026852
0 0.146745 0.135262 0.007031 0.027006
0 0.145747 0.135262 0.007118 0.027006
0 0.144531 0.135262 0.007118 0.027006
0 0.143576 0.135725 0.007118 0.027006
0 0.143056 0.135725 0.007118 0.027006
0 0.142839 0.135725 0.007031 0.027006
0 0.142361 0.135725 0.007118 0.027006
0 0.142101 0.135725 0.007118 0.027006
0 0.141623 0.135725 0.007031 0.027006
0 0.141363 0.135725 0.007031 0.027006
0 0.140885 0.135725 0.007118 0.027006
0 0.140625 0.135725 0.007118 0.027006
0 0.140148 0.135725 0.007031 0.027006
0 0.139887 0.135957 0.007031 0.026543
0 0.139670 0.135957 0.007118 0.026543
0 0.139670 0.135957 0.007118 0.026543
0 0.139540 0.135957 0.006858 0.026543
0 0.139410 0.136343 0.007118 0.026389
0 0.139280 0.136343 0.006858 0.026389
0 0.139280 0.136343 0.006858 0.026389
0 0.139280 0.136806 0.006858 0.026389
