0 0.275825 0.125540 0.006163 0.018673
0 0.275608 0.125540 0.006076 0.018673
0 0.275347 0.125540 0.006076 0.018673
0 0.275087 0.125540 0.006076 0.018673
0 0.274826 0.126003 0.006076 0.018673
0 0.274609 0.126003 0.006163 0.018673
0 0.274349 0.126003 0.006163 0.018673
0 0.274132 0.126389 0.006076 0.018519
0 0.273872 0.126389 0.006076 0.018519
0 0.273611 0.126389 0.006076 0.018519
0 0.273611 0.126775 0.006076 0.018673
0 0.273134 0.126775 0.006163 0.018673
0 0.272917 0.126775 0.006076 0.018673
0 0.272396 0.126775 0.006076 0.018673
0 0.272135 0.126775 0.006076 0.018673
0 0.271701 0.126775 0.006076 0.018673
0 0.271441 0.126775 0.006076 0.018673
0 0.270920 0.126775 0.006076 0.018673
0 0.270703 0.126775 0.006163 0.018673
0 0.270226 0.126775 0.006076 0.018673
0 0.269965 0.126775 0.006076 0.018673
0 0.269965 0.126775 0.006076 0.018673
0 0.269965 0.126775 0.006076 0.018673
0 0.269965 0.126775 0.006076 0.018673
0 0.269965 0.126775 0.006076 0.018673
0 0.269965 0.126775 0.006076 0.018673
0 0.269965 0.126775 0.006076 0.018673
0 0.269965 0.126775 0.006076 0.018673
0 0.269965 0.126775 0.006076 0.018673
0 0.269965 0.126775 0.006076 0.018673
0 0.269965 0.126775 0.006076 0.018673
0 0.269705 0.126389 0.006076 0.018519
0 0.269488 0.126389 0.006163 0.018519
0 0.269227 0.126389 0.006163 0.018519
0 0.269010 0.126389 0.006076 0.018519
0 0.269010 0.126389 0.006076 0.018519
0 0.268750 0.126389 0.006076 0.018519
0 0.268490 0.126389 0.006076 0.018519
0 0.268229 0.126389 0.006076 0.018519
0 0.268012 0.126389 0.006163 0.018519
0 0.268012 0.126389 0.006163 0.018519
0 0.268012 0.126157 0.006163 0.018981
0 0.268012 0.126157 0.006163 0.018981
0 0.268229 0.126157 0.006076 0.018981
0 0.268229 0.126157 0.006076 0.018981
0 0.268490 0.126157 0.006076 0.018981
0 0.268490 0.126157 0.006076 0.018981
0 0.268490 0.126157 0.006076 0.018981
0 0.268750 0.126157 0.006076 0.018981
0 0.268750 0.126157 0.006076 0.018981
0 0.269010 0.126157 0.006076 0.018981
0 0.269010 0.126157 0.006076 0.018981
0 0.269010 0.126157 0.006076 0.018981
0 0.269010 0.126157 0.006076 0.018981
0 0.269010 0.126157 0.006076 0.018981
0 0.269010 0.126157 0.006076 0.018981
0 0.269010 0.126157 0.006076 0.018981
0 0.269010 0.126157 0.006076 0.018981
0 0.269010 0.126157 0.006076 0.018981
0 0.269010 0.126157 0.006076 0.018981
0 0.269010 0.126157 0.006076 0.018981
0 0.269010 0.126003 0.006076 0.018673
0 0.269010 0.126003 0.006076 0.018673
0 0.269010 0.126003 0.006076 0.018673
0 0.269010 0.126003 0.006076 0.018673
0 0.269010 0.126003 0.006076 0.018673
0 0.269010 0.126003 0.006076 0.018673
0 0.269010 0.126003 0.006076 0.018673
0 0.269010 0.126003 0.006076 0.018673
0 0.269010 0.126003 0.006076 0.018673
0 0.269010 0.126003 0.006076 0.018673
0 0.269010 0.126389 0.006076 0.018519
0 0.269010 0.127238 0.006076 0.018673
0 0.269010 0.127701 0.006076 0.018673
0 0.269010 0.128549 0.006076 0.018519
0 0.269010 0.128935 0.006076 0.018673
0 0.269010 0.129861 0.006076 0.018673
0 0.269010 0.130324 0.006076 0.018673
0 0.269010 0.131096 0.006076 0.018673
0 0.269010 0.131559 0.006076 0.018673
0 0.269227 0.132485 0.006163 0.018673
0 0.269010 0.132485 0.006076 0.018673
0 0.268750 0.132948 0.006076 0.018673
0 0.268490 0.133256 0.006076 0.018673
0 0.268229 0.133719 0.006076 0.018673
0 0.268012 0.134182 0.006163 0.018673
0 0.267795 0.134645 0.006076 0.018673
0 0.267535 0.135108 0.006076 0.018673
0 0.267274 0.135494 0.006076 0.018519
0 0.267014 0.135880 0.006076 0.018673
0 0.267014 0.136343 0.006076 0.018673
0 0.267014 0.136343 0.006076 0.018673
0 0.267014 0.136806 0.006076 0.018673
0 0.267274 0.136806 0.006076 0.018673
0 0.267274 0.137269 0.006076 0.018673
0 0.267535 0.137269 0.006076 0.018673
0 0.267535 0.137654 0.006076 0.018519
0 0.267535 0.137654 0.006076 0.018519
0 0.267795 0.138040 0.006076 0.018673
0 0.267795 0.138040 0.006076 0.018673
0 0.268012 0.138503 0.006163 0.018673
0 0.268012 0.138503 0.006163 0.018673
0 0.268012 0.138503 0.006163 0.018673
0 0.268012 0.138503 0.006163 0.018673
0 0.268012 0.138503 0.006163 0.018673
0 0.268012 0.138503 0.006163 0.018673
0 0.268012 0.138503 0.006163 0.018673
0 0.268012 0.138503 0.006163 0.018673
0 0.268012 0.138503 0.006163 0.018673
0 0.268012 0.138503 0.006163 0.018673
0 0.268012 0.138503 0.006163 0.018673
0 0.268012 0.138966 0.006163 0.018673
0 0.268012 0.139429 0.006163 0.018673
0 0.268012 0.139892 0.006163 0.018673
0 0.268012 0.140201 0.006163 0.018673
0 0.268012 0.140895 0.006163 0.019136
0 0.268012 0.141358 0.006163 0.019136
0 0.268012 0.141821 0.006163 0.019136
0 0.268012 0.142207 0.006163 0.018981
0 0.268012 0.142670 0.006163 0.018981
0 0.268229 0.143519 0.006076 0.019136
0 0.268229 0.143519 0.006076 0.019136
0 0.268229 0.143519 0.006076 0.019136
0 0.268229 0.143519 0.006076 0.019136
0 0.268229 0.143519 0.006076 0.019136
0 0.268229 0.143519 0.006076 0.019136
0 0.268229 0.143519 0.006076 0.019136
0 0.268229 0.143519 0.006076 0.019136
0 0.268229 0.143519 0.006076 0.019136
0 0.268229 0.143519 0.006076 0.019136
0 0.268229 0.143519 0.006076 0.019136
0 0.267535 0.143519 0.006076 0.019136
0 0.267014 0.143519 0.006076 0.019136
0 0.266580 0.143519 0.006076 0.019136
0 0.266059 0.143750 0.006076 0.018673
0 0.265582 0.143981 0.006163 0.019136
0 0.265104 0.143981 0.006076 0.019136
0 0.264583 0.144213 0.006076 0.018673
0 0.264106 0.144213 0.006163 0.018673
0 0.263628 0.144213 0.006076 0.018673
0 0.263108 0.144599 0.006076 0.018519
0 0.261415 0.143750 0.006163 0.018673
0 0.259983 0.143287 0.006076 0.018673
0 0.258507 0.142438 0.006076 0.018519
0 0.257031 0.142052 0.006076 0.018673
0 0.255556 0.141590 0.006076 0.018673
0 0.254080 0.140664 0.006076 0.018673
0 0.252648 0.140201 0.006163 0.018673
0 0.251172 0.139429 0.006163 0.018673
0 0.249740 0.138966 0.006076 0.018673
0 0.248264 0.138503 0.006076 0.018673
0 0.246050 0.137654 0.006163 0.018519
0 0.244097 0.137269 0.006076 0.018673
0 0.241927 0.136806 0.006076 0.018673
0 0.239931 0.136343 0.006076 0.018673
0 0.237760 0.135880 0.006076 0.018673
0 0.235807 0.135108 0.006163 0.018673
0 0.233594 0.134645 0.006076 0.018673
0 0.231684 0.134182 0.006076 0.018673
0 0.229470 0.133719 0.006163 0.018673
0 0.227517 0.133256 0.006076 0.018673
0 0.226302 0.132485 0.006076 0.018673
0 0.225087 0.132022 0.006076 0.018673
0 0.223872 0.131559 0.006076 0.018673
0 0.222656 0.131096 0.006076 0.018673
0 0.221398 0.130710 0.006163 0.018519
0 0.220182 0.129861 0.006163 0.018673
0 0.218967 0.129398 0.006163 0.018673
0 0.217752 0.128935 0.006163 0.018673
0 0.216536 0.128549 0.006163 0.018519
0 0.215278 0.128164 0.006076 0.018673
0 0.214844 0.127701 0.006076 0.018673
0 0.214323 0.127701 0.006076 0.018673
0 0.213845 0.127701 0.006163 0.018673
0 0.213498 0.127469 0.006337 0.018210
0 0.212977 0.127469 0.006337 0.018210
0 0.212630 0.127238 0.006163 0.018673
0 0.212153 0.127238 0.006076 0.018673
0 0.211762 0.127006 0.006337 0.018210
0 0.211241 0.127006 0.006337 0.018210
0 0.210807 0.127006 0.006337 0.018210
