0 0.246181 0.080015 0.004340 0.014352
0 0.245920 0.079552 0.004340 0.014352
0 0.245703 0.079552 0.004427 0.014352
0 0.245443 0.079552 0.004427 0.014352
0 0.245182 0.079552 0.004427 0.014352
0 0.244965 0.079552 0.004340 0.014352
0 0.244705 0.079321 0.004340 0.014815
0 0.244488 0.079321 0.004427 0.014815
0 0.244227 0.079321 0.004427 0.014815
0 0.243967 0.079321 0.004427 0.014815
0 0.243967 0.079321 0.004427 0.014815
0 0.243750 0.078858 0.004340 0.014815
0 0.243750 0.078858 0.004340 0.014815
0 0.243750 0.078858 0.004340 0.014815
0 0.243490 0.078858 0.004340 0.014815
0 0.243490 0.078858 0.004340 0.014815
0 0.243490 0.078858 0.004340 0.014815
0 0.243229 0.078858 0.004340 0.014815
0 0.243229 0.078858 0.004340 0.014815
0 0.243229 0.078858 0.004340 0.014815
0 0.243229 0.078858 0.004340 0.014815
0 0.243012 0.078858 0.004427 0.014815
0 0.242882 0.079321 0.004167 0.014815
0 0.242622 0.079321 0.004167 0.014815
0 0.242491 0.079784 0.003906 0.014815
0 0.242491 0.079784 0.003906 0.014815
0 0.242231 0.080170 0.003906 0.014660
0 0.242144 0.080170 0.003733 0.014660
0 0.241927 0.080633 0.003646 0.014660
0 0.241797 0.080633 0.003385 0.014660
0 0.241797 0.081019 0.003385 0.014815
0 0.241927 0.081019 0.003646 0.014815
0 0.242144 0.081481 0.003733 0.014815
0 0.242361 0.081944 0.003646 0.014815
0 0.242622 0.082176 0.003646 0.014352
0 0.243012 0.082562 0.003906 0.014198
0 0.243142 0.082793 0.004167 0.014660
0 0.243359 0.082948 0.004080 0.014352
0 0.243620 0.083410 0.004080 0.014352
0 0.243837 0.083873 0.004167 0.014352
0 0.244227 0.084336 0.004427 0.014352
0 0.244227 0.084722 0.004427 0.014198
0 0.244227 0.085185 0.004427 0.014198
0 0.244358 0.085571 0.004167 0.014352
0 0.244358 0.086034 0.004167 0.014352
0 0.244488 0.086960 0.003906 0.014352
0 0.244488 0.087346 0.003906 0.014198
0 0.244488 0.087731 0.003906 0.014352
0 0.244618 0.088194 0.003646 0.014352
0 0.244618 0.088657 0.003646 0.014352
0 0.244705 0.089506 0.003472 0.014198
0 0.244835 0.089892 0.003733 0.014352
0 0.245052 0.090355 0.003646 0.014352
0 0.245182 0.090818 0.003906 0.014352
0 0.245443 0.091281 0.003906 0.014352
0 0.245573 0.092052 0.004167 0.014352
0 0.245833 0.092515 0.004167 0.014352
0 0.245920 0.092978 0.004340 0.014352
0 0.246181 0.093441 0.004340 0.014352
0 0.246311 0.093827 0.004601 0.014198
0 0.246528 0.094676 0.004687 0.014352
0 0.246788 0.095602 0.004687 0.014352
0 0.247266 0.096451 0.004601 0.014198
0 0.247743 0.097299 0.004687 0.014352
0 0.248264 0.098225 0.004687 0.014352
0 0.248741 0.098997 0.004601 0.014352
0 0.249089 0.099923 0.004427 0.014352
0 0.249609 0.100772 0.004427 0.014198
0 0.250087 0.101620 0.004340 0.014352
0 0.250564 0.102546 0.004427 0.014352
0 0.251042 0.103781 0.004340 0.014352
0 0.251780 0.104938 0.004427 0.014815
0 0.252517 0.106173 0.004340 0.014815
0 0.253255 0.107485 0.004427 0.014660
0 0.253993 0.108565 0.004340 0.015278
0 0.254948 0.109877 0.004340 0.015123
0 0.255686 0.111188 0.004427 0.015278
0 0.256424 0.112269 0.004340 0.015586
0 0.257161 0.113580 0.004427 0.015741
0 0.257899 0.114892 0.004340 0.015586
0 0.258854 0.116358 0.004340 0.016049
0 0.259115 0.116821 0.004340 0.016049
0 0.259332 0.117284 0.004427 0.016049
0 0.259592 0.117747 0.004427 0.016049
0 0.259852 0.118210 0.004427 0.016049
0 0.260330 0.118981 0.004340 0.016049
0 0.260547 0.119444 0.004427 0.016049
0 0.260807 0.119907 0.004427 0.016049
0 0.261068 0.120370 0.004427 0.016049
0 0.261328 0.120679 0.004427 0.016049
0 0.261806 0.121605 0.004340 0.016049
0 0.262760 0.122299 0.004340 0.016512
0 0.263976 0.123071 0.004340 0.016512
0 0.265191 0.123997 0.004340 0.016512
0 0.266450 0.124923 0.004427 0.016512
0 0.267665 0.125694 0.004427 0.016512
0 0.268750 0.126620 0.004687 0.016512
0 0.269965 0.127469 0.004687 0.016358
0 0.271181 0.128318 0.004687 0.016512
0 0.272396 0.129244 0.004687 0.016512
0 0.273611 0.130015 0.004687 0.016512
0 0.274132 0.130478 0.004687 0.016512
0 0.274870 0.130941 0.004601 0.016512
0 0.275564 0.131636 0.004601 0.016049
0 0.276215 0.131944 0.004861 0.016049
0 0.276910 0.132639 0.004861 0.015586
0 0.277648 0.133102 0.004948 0.015586
0 0.278255 0.133565 0.005122 0.015586
0 0.279036 0.134182 0.005122 0.015278
0 0.279731 0.134645 0.005122 0.015278
0 0.280425 0.135262 0.005122 0.014660
0 0.281641 0.136111 0.005122 0.014815
0 0.282899 0.137037 0.005208 0.014815
0 0.284158 0.137886 0.005122 0.014660
0 0.285373 0.138735 0.005122 0.014815
0 0.286675 0.140046 0.005295 0.014660
0 0.287934 0.140895 0.005382 0.014815
0 0.289149 0.141821 0.005382 0.014815
0 0.290365 0.142670 0.005382 0.014660
0 0.291580 0.143519 0.005382 0.014815
0 0.293056 0.144830 0.005382 0.014660
0 0.293273 0.145062 0.005295 0.015123
0 0.293490 0.145448 0.005382 0.015278
0 0.293750 0.145910 0.005382 0.015278
0 0.294010 0.146528 0.005382 0.015586
0 0.294488 0.146991 0.005295 0.015586
0 0.294705 0.147454 0.005382 0.015586
0 0.294965 0.148071 0.005382 0.016204
0 0.295226 0.148457 0.005382 0.016049
0 0.295486 0.148920 0.005382 0.016049
0 0.295920 0.149614 0.005382 0.016512
0 0.296962 0.150463 0.005382 0.016358
0 0.298177 0.151543 0.005382 0.016975
0 0.299132 0.152623 0.005382 0.016358
0 0.300347 0.153704 0.005382 0.016975
0 0.301302 0.154784 0.005382 0.016358
0 0.302517 0.155864 0.005382 0.016975
0 0.303516 0.156790 0.005295 0.016975
0 0.304774 0.158025 0.005382 0.016975
0 0.305729 0.158951 0.005382 0.016975
0 0.306944 0.160185 0.005382 0.016975
0 0.307422 0.160648 0.005295 0.016975
0 0.308030 0.161497 0.005642 0.016821
0 0.308637 0.162114 0.005816 0.016512
0 0.309245 0.162809 0.006163 0.016975
0 0.309983 0.163503 0.006076 0.016512
0 0.310503 0.164352 0.006076 0.016358
0 0.311068 0.164738 0.006337 0.016512
0 0.311719 0.165664 0.006597 0.016512
0 0.312283 0.166358 0.006858 0.016049
0 0.313064 0.167130 0.006858 0.016049
0 0.313281 0.167593 0.006771 0.016049
0 0.313759 0.168519 0.006858 0.016049
0 0.314280 0.168827 0.006858 0.016049
0 0.314714 0.169753 0.006858 0.016049
0 0.315234 0.170448 0.006858 0.016512
0 0.315712 0.170988 0.006771 0.016049
0 0.316189 0.171682 0.006858 0.016512
0 0.316710 0.172377 0.006858 0.016049
0 0.317187 0.173071 0.006771 0.016512
0 0.317665 0.173843 0.006858 0.016512
0 0.317925 0.174306 0.006858 0.016512
0 0.318273 0.174769 0.007031 0.016512
0 0.318533 0.175231 0.007031 0.016512
0 0.319010 0.175772 0.007118 0.016049
0 0.319271 0.176466 0.007118 0.016512
0 0.319618 0.176929 0.007292 0.016512
0 0.320009 0.177623 0.007031 0.016049
0 0.320356 0.177932 0.007378 0.016049
0 0.320573 0.178395 0.007292 0.016049
0 0.321094 0.179321 0.007292 0.016049
0 0.321094 0.179321 0.007292 0.016049
0 0.321354 0.179784 0.007292 0.016049
0 0.321571 0.180247 0.007378 0.016049
0 0.321701 0.180401 0.007118 0.016358
0 0.321962 0.180787 0.007118 0.016512
0 0.322179 0.181250 0.007031 0.016512
0 0.322439 0.181713 0.007031 0.016512
0 0.322526 0.181944 0.006858 0.016975
0 0.322786 0.182330 0.006858 0.016821
0 0.323047 0.182793 0.006858 0.016821
