0 0.164583 0.146528 0.009028 0.024228
0 0.163802 0.146991 0.009028 0.024228
0 0.163108 0.147454 0.009028 0.024228
0 0.162587 0.147840 0.009028 0.024383
0 0.161892 0.148302 0.009028 0.024383
0 0.161372 0.148688 0.009028 0.024228
0 0.160677 0.149151 0.009028 0.024228
0 0.159896 0.149614 0.009028 0.024228
0 0.159462 0.150000 0.009028 0.024383
0 0.158681 0.150463 0.009028 0.024383
0 0.158247 0.150849 0.009028 0.024228
0 0.157726 0.151312 0.009028 0.024228
0 0.157205 0.151775 0.009028 0.024228
0 0.156771 0.152160 0.009028 0.024383
0 0.156250 0.152623 0.009028 0.024383
0 0.155729 0.153086 0.009028 0.024383
0 0.155295 0.153472 0.009028 0.024228
0 0.154774 0.153935 0.009028 0.024228
0 0.154340 0.154398 0.009028 0.024228
0 0.153819 0.154784 0.009028 0.024383
0 0.153559 0.155247 0.009028 0.024383
0 0.152865 0.155247 0.009028 0.024383
0 0.152344 0.155633 0.009028 0.024228
0 0.151823 0.156096 0.009028 0.024228
0 0.151128 0.156327 0.009028 0.023765
0 0.150608 0.156713 0.009028 0.023920
0 0.150174 0.156944 0.009028 0.024383
0 0.149392 0.157176 0.009028 0.023920
0 0.148958 0.157639 0.009028 0.023920
0 0.148438 0.158025 0.009028 0.023765
0 0.147917 0.158488 0.009028 0.023765
0 0.147483 0.159336 0.009028 0.023920
0 0.147222 0.160262 0.009028 0.023920
0 0.146962 0.161111 0.009028 0.023765
0 0.146701 0.161960 0.009028 0.023920
0 0.146528 0.162809 0.009028 0.023765
0 0.146007 0.163657 0.009028 0.023920
0 0.145747 0.164583 0.009028 0.023920
0 0.145486 0.165432 0.009028 0.023765
0 0.145312 0.166281 0.009028 0.023920
0 0.145052 0.167361 0.009028 0.024228
0 0.144792 0.167361 0.009028 0.024228
0 0.144792 0.167824 0.009028 0.024228
0 0.144531 0.168287 0.009028 0.024228
0 0.144531 0.168673 0.009028 0.024383
0 0.144531 0.169136 0.009028 0.024383
0 0.144271 0.169522 0.009028 0.024228
0 0.144271 0.169985 0.009028 0.024228
0 0.144010 0.170448 0.009028 0.024228
0 0.144010 0.170833 0.009028 0.024383
0 0.144010 0.171296 0.009028 0.024383
0 0.143924 0.171682 0.008854 0.024228
0 0.143924 0.172608 0.008854 0.024228
0 0.143924 0.173225 0.008854 0.024846
0 0.143924 0.174074 0.008854 0.024691
0 0.143924 0.175000 0.008854 0.024691
0 0.143793 0.175386 0.008594 0.024846
0 0.143793 0.176235 0.008594 0.024691
0 0.143793 0.176929 0.008594 0.025154
0 0.143793 0.177855 0.008594 0.025154
0 0.143924 0.178627 0.008333 0.025154
0 0.143663 0.178164 0.008333 0.025154
0 0.143663 0.178164 0.008333 0.025154
0 0.143446 0.178164 0.008247 0.025154
0 0.143446 0.178164 0.008247 0.025154
0 0.143446 0.178164 0.008247 0.025154
0 0.143186 0.178164 0.008247 0.025154
0 0.143186 0.178164 0.008247 0.025154
0 0.142969 0.178164 0.008333 0.025154
0 0.142969 0.178164 0.008333 0.025154
0 0.142969 0.178164 0.008333 0.025154
0 0.142708 0.178627 0.008333 0.025154
0 0.142448 0.179552 0.008333 0.025154
0 0.142448 0.180015 0.008333 0.025154
0 0.142231 0.180787 0.008247 0.025154
0 0.142231 0.181713 0.008247 0.025154
0 0.141970 0.182176 0.008247 0.025154
0 0.141753 0.182948 0.008333 0.025154
0 0.141753 0.183410 0.008333 0.025154
0 0.141493 0.184336 0.008333 0.025154
0 0.141493 0.185108 0.008333 0.025154
0 0.141016 0.184799 0.008247 0.025154
0 0.140755 0.184568 0.008247 0.025617
0 0.140278 0.184336 0.008333 0.026080
0 0.140017 0.183873 0.008333 0.026080
0 0.139627 0.183873 0.008073 0.026080
0 0.139280 0.183642 0.008247 0.026543
0 0.138932 0.183179 0.008073 0.026543
0 0.138542 0.183025 0.008333 0.026852
0 0.138194 0.182793 0.007986 0.027315
0 0.137977 0.182793 0.008073 0.027315
0 0.137717 0.183256 0.008073 0.027315
0 0.137717 0.183642 0.008073 0.027469
0 0.137457 0.184028 0.008073 0.027315
0 0.137457 0.184491 0.008073 0.027315
0 0.137196 0.184954 0.008073 0.027315
0 0.137196 0.185417 0.008073 0.027315
0 0.136979 0.185880 0.007986 0.027315
0 0.136979 0.186188 0.007986 0.027315
0 0.136762 0.186651 0.008073 0.027315
0 0.136762 0.187577 0.008073 0.027315
0 0.136502 0.187114 0.008073 0.027315
0 0.136241 0.187114 0.008073 0.027315
0 0.135981 0.187114 0.008073 0.027315
0 0.135764 0.186651 0.007986 0.027315
0 0.135503 0.186651 0.007986 0.027315
0 0.135286 0.186651 0.008073 0.027315
0 0.135026 0.186188 0.008073 0.027315
0 0.134766 0.186188 0.008073 0.027315
0 0.134505 0.186188 0.008073 0.027315
0 0.134288 0.186188 0.007986 0.027315
0 0.133941 0.185880 0.008333 0.027315
0 0.133550 0.185880 0.008594 0.027315
0 0.133203 0.185880 0.008767 0.027315
0 0.132812 0.185880 0.009028 0.027315
0 0.132552 0.185880 0.009028 0.027315
0 0.132248 0.185648 0.009288 0.026852
0 0.131858 0.185648 0.009549 0.026852
0 0.131467 0.185648 0.009809 0.026852
0 0.131120 0.185648 0.009983 0.026852
0 0.130859 0.185648 0.009983 0.026852
0 0.130165 0.185648 0.009983 0.026852
0 0.129644 0.185802 0.009983 0.026543
0 0.129167 0.185802 0.010069 0.026543
0 0.128689 0.186034 0.009983 0.026080
0 0.128168 0.186497 0.009983 0.026080
0 0.127691 0.186497 0.010069 0.026080
0 0.127214 0.186728 0.009983 0.025617
0 0.126736 0.186728 0.010069 0.025617
0 0.126259 0.186960 0.009983 0.025154
0 0.125738 0.187269 0.009983 0.025154
0 0.125260 0.187269 0.010069 0.025154
0 0.125043 0.187500 0.009983 0.024691
0 0.124523 0.187731 0.009983 0.025154
0 0.124262 0.187963 0.009983 0.024691
0 0.123828 0.188194 0.009983 0.025154
0 0.123568 0.188426 0.009983 0.024691
0 0.123047 0.188426 0.009983 0.024691
0 0.122830 0.188889 0.010069 0.024691
0 0.122352 0.188889 0.009983 0.024691
0 0.122092 0.189275 0.009983 0.024846
0 0.121571 0.188889 0.009983 0.024691
0 0.121137 0.188657 0.009983 0.025154
0 0.120616 0.188426 0.009983 0.024691
0 0.120139 0.188194 0.010069 0.025154
0 0.119661 0.187963 0.009983 0.024691
0 0.119141 0.187731 0.009983 0.025154
0 0.118663 0.187269 0.010069 0.025154
0 0.118186 0.187269 0.009983 0.025154
0 0.117665 0.186960 0.009983 0.025154
0 0.117448 0.186960 0.010069 0.025154
0 0.116710 0.186497 0.009983 0.025154
0 0.116233 0.186497 0.010069 0.025154
0 0.115755 0.186034 0.009983 0.025154
0 0.115017 0.186034 0.010069 0.025154
0 0.114540 0.185571 0.009983 0.025154
0 0.114019 0.185571 0.009983 0.025154
0 0.113325 0.185108 0.009983 0.025154
0 0.112804 0.185108 0.009983 0.025154
0 0.112326 0.184799 0.010069 0.025154
0 0.111849 0.184799 0.009983 0.025154
0 0.111589 0.184336 0.009983 0.025154
0 0.111328 0.183873 0.009983 0.025154
0 0.111111 0.183410 0.010069 0.025154
0 0.111111 0.182948 0.010069 0.025154
0 0.110894 0.182562 0.009983 0.025309
0 0.110634 0.182176 0.009983 0.025154
0 0.110634 0.181713 0.009983 0.025154
0 0.110373 0.181250 0.009983 0.025154
0 0.110113 0.180787 0.009983 0.025154
0 0.110113 0.180324 0.009983 0.025154
0 0.110113 0.180015 0.009983 0.025154
0 0.110113 0.179552 0.009983 0.025154
0 0.110113 0.179552 0.009983 0.025154
0 0.110113 0.179090 0.009983 0.025154
0 0.110113 0.178627 0.009983 0.025154
0 0.110113 0.178627 0.009983 0.025154
0 0.110113 0.178164 0.009983 0.025154
0 0.110113 0.177855 0.009983 0.025154
0 0.110113 0.177855 0.009983 0.025154
0 0.110113 0.177392 0.009983 0.025154
