0 0.082812 0.132485 0.006076 0.014352
0 0.082812 0.132485 0.006076 0.014352
0 0.082812 0.132485 0.006076 0.014352
0 0.082812 0.132485 0.006076 0.014352
0 0.082812 0.132485 0.006076 0.014352
0 0.082812 0.132485 0.006076 0.014352
0 0.082812 0.132485 0.006076 0.014352
0 0.082812 0.132485 0.006076 0.014352
0 0.082812 0.132485 0.006076 0.014352
0 0.082812 0.132485 0.006076 0.014352
0 0.082812 0.132485 0.006076 0.014352
0 0.083073 0.132870 0.006076 0.014198
0 0.083290 0.133333 0.006163 0.014198
0 0.083507 0.134182 0.006076 0.014352
0 0.083767 0.134645 0.006076 0.014352
0 0.084028 0.135494 0.006076 0.014198
0 0.084288 0.135880 0.006076 0.014352
0 0.084505 0.136343 0.006163 0.014352
0 0.084766 0.137269 0.006163 0.014352
0 0.084983 0.137654 0.006076 0.014198
0 0.085243 0.138503 0.006076 0.014352
0 0.085243 0.137654 0.006076 0.014198
0 0.085503 0.137269 0.006076 0.014352
0 0.085503 0.136343 0.006076 0.014352
0 0.085720 0.135880 0.006163 0.014352
0 0.085981 0.135108 0.006163 0.014352
0 0.085981 0.134645 0.006163 0.014352
0 0.086198 0.133719 0.006076 0.014352
0 0.086198 0.133333 0.006076 0.014198
0 0.086458 0.132485 0.006076 0.014352
0 0.086719 0.132022 0.006076 0.014352
0 0.086719 0.132022 0.006076 0.014352
0 0.086979 0.132485 0.006076 0.014352
0 0.086979 0.132870 0.006076 0.014198
0 0.087196 0.132870 0.006163 0.014198
0 0.087196 0.133333 0.006163 0.014198
0 0.087413 0.133719 0.006076 0.014352
0 0.087413 0.133719 0.006076 0.014352
0 0.087674 0.134182 0.006076 0.014352
0 0.087674 0.134645 0.006076 0.014352
0 0.087934 0.135108 0.006076 0.014352
0 0.087934 0.135108 0.006076 0.014352
0 0.088194 0.135494 0.006076 0.014198
0 0.088194 0.135880 0.006076 0.014352
0 0.088411 0.135880 0.006163 0.014352
0 0.088411 0.136343 0.006163 0.014352
0 0.088628 0.136806 0.006076 0.014352
0 0.088628 0.136806 0.006076 0.014352
0 0.088889 0.137269 0.006076 0.014352
0 0.088889 0.137654 0.006076 0.014198
0 0.089149 0.138040 0.006076 0.014352
0 0.089149 0.138040 0.006076 0.014352
0 0.089149 0.138040 0.006076 0.014352
0 0.089149 0.138040 0.006076 0.014352
0 0.089149 0.138040 0.006076 0.014352
0 0.089149 0.138040 0.006076 0.014352
0 0.089149 0.138040 0.006076 0.014352
0 0.089149 0.138040 0.006076 0.014352
0 0.089149 0.138040 0.006076 0.014352
0 0.089149 0.138040 0.006076 0.014352
0 0.089149 0.138040 0.006076 0.014352
0 0.089149 0.138040 0.006076 0.014352
0 0.089149 0.138272 0.006076 0.013889
0 0.089149 0.138503 0.006076 0.013426
0 0.089149 0.138503 0.006076 0.013426
0 0.089280 0.138735 0.005816 0.012963
0 0.089280 0.138966 0.005816 0.012500
0 0.089280 0.138966 0.005816 0.012500
0 0.089280 0.139198 0.005816 0.012037
0 0.089280 0.139352 0.005816 0.011728
0 0.089497 0.139583 0.005903 0.011265
0 0.089497 0.139583 0.005903 0.011265
0 0.089497 0.139583 0.005903 0.011265
0 0.089497 0.139583 0.005903 0.011265
0 0.089497 0.139583 0.005903 0.011265
0 0.089497 0.139583 0.005903 0.011265
0 0.089497 0.139583 0.005903 0.011265
0 0.089497 0.139583 0.005903 0.011265
0 0.089497 0.139583 0.005903 0.011265
0 0.089497 0.139583 0.005903 0.011265
0 0.089497 0.139583 0.005903 0.011265
0 0.089497 0.139583 0.005903 0.011265
0 0.089497 0.139583 0.005903 0.011265
0 0.089497 0.139583 0.005903 0.011265
0 0.089497 0.139583 0.005903 0.011265
0 0.089497 0.139583 0.005903 0.011265
0 0.089497 0.139583 0.005903 0.011265
0 0.089497 0.139583 0.005903 0.011265
0 0.089497 0.139583 0.005903 0.011265
0 0.089497 0.139583 0.005903 0.011265
0 0.089497 0.139583 0.005903 0.011265
0 0.089497 0.139583 0.005903 0.011265
0 0.089497 0.139583 0.005903 0.011265
0 0.089497 0.139583 0.005903 0.011265
0 0.089497 0.139583 0.005903 0.011265
0 0.089497 0.139583 0.005903 0.011265
0 0.089497 0.139583 0.005903 0.011265
0 0.089497 0.139583 0.005903 0.011265
0 0.089497 0.139583 0.005903 0.011265
0 0.089497 0.139583 0.005903 0.011265
0 0.089497 0.139583 0.005903 0.011265
0 0.090234 0.138812 0.005816 0.011265
0 0.090972 0.138349 0.005903 0.011265
0 0.091970 0.137886 0.005816 0.011265
0 0.092665 0.136960 0.005816 0.011265
0 0.093663 0.136574 0.005903 0.011420
0 0.094401 0.136188 0.005816 0.011265
0 0.095139 0.135262 0.005903 0.011265
0 0.096094 0.134799 0.005903 0.011265
0 0.096832 0.134336 0.005816 0.011265
0 0.097786 0.134028 0.005816 0.011265
0 0.098785 0.133565 0.005903 0.011265
0 0.100000 0.133102 0.005903 0.011265
0 0.100998 0.132639 0.005816 0.011265
0 0.102214 0.132176 0.005816 0.011265
0 0.103168 0.131867 0.005816 0.011265
0 0.104384 0.131404 0.005816 0.011265
0 0.105382 0.130941 0.005903 0.011265
0 0.106597 0.130478 0.005903 0.011265
0 0.107552 0.130015 0.005903 0.011265
0 0.108811 0.130015 0.005816 0.011265
0 0.109288 0.129630 0.005903 0.011420
0 0.109766 0.129630 0.005816 0.011420
0 0.110243 0.129244 0.005903 0.011265
0 0.110720 0.129244 0.005816 0.011265
0 0.111241 0.129244 0.005816 0.011265
0 0.111719 0.128781 0.005903 0.011265
0 0.112196 0.128781 0.005816 0.011265
0 0.112717 0.128318 0.005816 0.011265
0 0.113194 0.128318 0.005903 0.011265
0 0.113932 0.128318 0.005816 0.011265
0 0.113932 0.128318 0.005816 0.011265
0 0.113932 0.128318 0.005816 0.011265
0 0.113932 0.128318 0.005816 0.011265
0 0.113932 0.128318 0.005816 0.011265
0 0.113932 0.128318 0.005816 0.011265
0 0.113932 0.128318 0.005816 0.011265
0 0.113932 0.128318 0.005816 0.011265
0 0.113932 0.128318 0.005816 0.011265
0 0.113932 0.128318 0.005816 0.011265
0 0.113932 0.128318 0.005816 0.011265
0 0.113932 0.128318 0.005816 0.011265
0 0.113932 0.128318 0.005816 0.011265
0 0.113932 0.128318 0.005816 0.011265
0 0.113932 0.128318 0.005816 0.011265
0 0.113932 0.128318 0.005816 0.011265
0 0.113932 0.128318 0.005816 0.011265
0 0.113932 0.128318 0.005816 0.011265
0 0.113932 0.128318 0.005816 0.011265
0 0.113932 0.128318 0.005816 0.011265
0 0.113932 0.128318 0.005816 0.011265
0 0.113932 0.128318 0.005816 0.011265
0 0.113932 0.128318 0.005816 0.011265
0 0.113932 0.128318 0.005816 0.011265
0 0.114149 0.128781 0.005903 0.011265
0 0.114149 0.128781 0.005903 0.011265
0 0.114149 0.128781 0.005903 0.011265
0 0.114410 0.129244 0.005903 0.011265
0 0.114410 0.129244 0.005903 0.011265
0 0.114410 0.129244 0.005903 0.011265
0 0.114627 0.129630 0.005816 0.011420
0 0.114887 0.128318 0.005816 0.011265
0 0.115365 0.127469 0.005903 0.011420
0 0.115885 0.126620 0.005903 0.011265
0 0.116102 0.125694 0.005816 0.011265
0 0.116580 0.124923 0.005903 0.011265
0 0.117101 0.123534 0.005903 0.011265
0 0.117318 0.122762 0.005816 0.011265
0 0.117839 0.121836 0.005816 0.011265
0 0.118316 0.120910 0.005903 0.011265
0 0.118793 0.120139 0.005816 0.011265
0 0.118533 0.113966 0.005816 0.011265
0 0.118316 0.108410 0.005903 0.011265
0 0.118056 0.102238 0.005903 0.011265
0 0.117839 0.096682 0.005816 0.011265
0 0.117578 0.090586 0.005816 0.011420
0 0.117318 0.084954 0.005816 0.011265
0 0.117101 0.078935 0.005903 0.011265
0 0.116840 0.073225 0.005903 0.011265
0 0.116580 0.067207 0.005903 0.011265
0 0.116363 0.061497 0.005816 0.011265
