0 0.171007 0.117670 0.004340 0.019599
0 0.170790 0.117284 0.004427 0.019444
0 0.170790 0.117284 0.004427 0.019444
0 0.170790 0.116821 0.004427 0.019444
0 0.170790 0.116821 0.004427 0.019444
0 0.170790 0.116435 0.004427 0.019599
0 0.170790 0.116435 0.004427 0.019599
0 0.170790 0.115972 0.004427 0.019599
0 0.170790 0.115972 0.004427 0.019599
0 0.170790 0.115509 0.004427 0.019599
0 0.170790 0.115509 0.004427 0.019599
0 0.170790 0.115123 0.004427 0.019444
0 0.170790 0.114892 0.004427 0.019907
0 0.170790 0.114660 0.004427 0.019444
0 0.170790 0.114429 0.004427 0.019907
0 0.170790 0.114198 0.004427 0.019444
0 0.170790 0.113966 0.004427 0.019907
0 0.170790 0.113580 0.004427 0.020062
0 0.170790 0.113580 0.004427 0.020062
0 0.170790 0.113194 0.004427 0.019907
0 0.171007 0.113194 0.004340 0.019907
0 0.171007 0.113194 0.004340 0.019907
0 0.171007 0.113194 0.004340 0.019907
0 0.171007 0.113194 0.004340 0.019907
0 0.171007 0.113194 0.004340 0.019907
0 0.171007 0.113194 0.004340 0.019907
0 0.171007 0.113194 0.004340 0.019907
0 0.171007 0.113194 0.004340 0.019907
0 0.171007 0.113194 0.004340 0.019907
0 0.171007 0.113194 0.004340 0.019907
0 0.171007 0.113426 0.004340 0.020370
0 0.171007 0.112963 0.004340 0.020370
0 0.171007 0.112963 0.004340 0.020370
0 0.171007 0.112963 0.004340 0.020370
0 0.171007 0.112963 0.004340 0.020370
0 0.171007 0.112963 0.004340 0.020370
0 0.171007 0.112963 0.004340 0.020370
0 0.171007 0.112963 0.004340 0.020370
0 0.171007 0.112963 0.004340 0.020370
0 0.171007 0.112963 0.004340 0.020370
0 0.171007 0.112963 0.004340 0.020370
0 0.171007 0.112963 0.004340 0.020370
0 0.171007 0.112963 0.004340 0.020370
0 0.171007 0.112963 0.004340 0.020370
0 0.171007 0.112963 0.004340 0.020370
0 0.171267 0.112963 0.004340 0.020370
0 0.171267 0.112963 0.004340 0.020370
0 0.171267 0.112963 0.004340 0.020370
0 0.171267 0.112963 0.004340 0.020370
0 0.171267 0.112963 0.004340 0.020370
0 0.171484 0.113194 0.004427 0.019907
0 0.171484 0.113194 0.004427 0.019907
0 0.171484 0.113194 0.004427 0.019907
0 0.171745 0.113194 0.004427 0.019907
0 0.171745 0.113194 0.004427 0.019907
0 0.172005 0.113194 0.004427 0.019907
0 0.172005 0.113194 0.004427 0.019907
0 0.172005 0.113194 0.004427 0.019907
0 0.172222 0.113194 0.004340 0.019907
0 0.172222 0.113194 0.004340 0.019907
0 0.172483 0.113580 0.004340 0.020062
0 0.172222 0.113194 0.004340 0.019907
0 0.172222 0.113194 0.004340 0.019907
0 0.172005 0.113194 0.004427 0.019907
0 0.172005 0.113194 0.004427 0.019907
0 0.172005 0.113194 0.004427 0.019907
0 0.171745 0.113194 0.004427 0.019907
0 0.171745 0.113194 0.004427 0.019907
0 0.171484 0.113194 0.004427 0.019907
0 0.171484 0.113194 0.004427 0.019907
0 0.171484 0.113194 0.004427 0.019907
0 0.170790 0.113194 0.004427 0.019907
0 0.170269 0.113349 0.004427 0.019599
0 0.169575 0.113580 0.004427 0.020062
0 0.169054 0.113812 0.004427 0.019599
0 0.168576 0.113966 0.004340 0.019907
0 0.167839 0.114198 0.004427 0.019444
0 0.167361 0.114198 0.004340 0.019444
0 0.166623 0.114660 0.004427 0.019444
0 0.166146 0.114660 0.004340 0.019444
0 0.165668 0.115123 0.004427 0.019444
0 0.164670 0.114892 0.004340 0.019907
0 0.163802 0.114892 0.004687 0.019907
0 0.162934 0.114892 0.004861 0.019907
0 0.161979 0.114892 0.004861 0.019907
0 0.161285 0.114892 0.004861 0.019907
0 0.160373 0.114892 0.005122 0.019907
0 0.159418 0.114892 0.005122 0.019907
0 0.158594 0.114892 0.005382 0.019907
0 0.157726 0.114892 0.005556 0.019907
0 0.156988 0.114892 0.005642 0.019907
0 0.155773 0.114660 0.005642 0.020370
0 0.154557 0.114660 0.005642 0.020370
0 0.153342 0.114429 0.005642 0.020833
0 0.152127 0.114429 0.005642 0.020833
0 0.151042 0.114429 0.005382 0.020833
0 0.149783 0.114198 0.005295 0.021296
0 0.148568 0.114198 0.005295 0.021296
0 0.147309 0.114043 0.005382 0.021605
0 0.146094 0.114043 0.005382 0.021605
0 0.145139 0.114043 0.005382 0.021605
0 0.145399 0.113580 0.005382 0.021605
0 0.145660 0.113117 0.005382 0.021605
0 0.145877 0.112731 0.005295 0.021759
0 0.146094 0.112731 0.005382 0.021759
0 0.146354 0.112269 0.005382 0.021759
0 0.146615 0.111806 0.005382 0.021759
0 0.146875 0.111806 0.005382 0.021759
0 0.147135 0.111420 0.005382 0.021605
0 0.147309 0.110957 0.005382 0.021605
0 0.147830 0.110957 0.005382 0.021605
0 0.148568 0.110571 0.005295 0.021759
0 0.149566 0.110108 0.005382 0.021759
0 0.150521 0.110108 0.005382 0.021759
0 0.151476 0.109645 0.005382 0.021759
0 0.152474 0.109645 0.005295 0.021759
0 0.153212 0.109259 0.005382 0.021605
0 0.154167 0.108796 0.005382 0.021605
0 0.155122 0.108796 0.005382 0.021605
0 0.156163 0.108410 0.005382 0.021759
0 0.157118 0.108410 0.005382 0.021759
0 0.156597 0.107948 0.005382 0.021759
0 0.156380 0.107485 0.005295 0.021759
0 0.155903 0.107099 0.005382 0.021605
0 0.155642 0.106636 0.005382 0.021605
0 0.155382 0.106250 0.005382 0.021759
0 0.154905 0.105787 0.005295 0.021759
0 0.154687 0.105324 0.005382 0.021759
0 0.154167 0.104938 0.005382 0.021605
0 0.153906 0.104475 0.005382 0.021605
0 0.153689 0.104475 0.005295 0.021605
0 0.153212 0.103627 0.005382 0.021759
0 0.152691 0.103164 0.005382 0.021759
0 0.152257 0.102701 0.005382 0.021759
0 0.151736 0.102315 0.005382 0.021605
0 0.151476 0.101852 0.005382 0.021605
0 0.151042 0.101003 0.005382 0.021759
0 0.150521 0.100540 0.005382 0.021759
0 0.150000 0.100154 0.005382 0.021605
0 0.149566 0.099691 0.005382 0.021605
0 0.149306 0.099306 0.005382 0.021759
0 0.149045 0.098380 0.005382 0.021759
0 0.148785 0.097994 0.005382 0.021605
0 0.148568 0.097299 0.005295 0.021142
0 0.148351 0.096682 0.005382 0.021759
0 0.148351 0.096219 0.005382 0.021759
0 0.148090 0.095525 0.005382 0.021296
0 0.147830 0.094907 0.005382 0.021605
0 0.147569 0.094290 0.005382 0.021296
0 0.147309 0.093827 0.005382 0.021296
0 0.147309 0.093364 0.005382 0.021296
0 0.147135 0.092593 0.005382 0.021296
0 0.146875 0.091667 0.005382 0.021296
0 0.146615 0.090818 0.005382 0.021142
0 0.146354 0.090355 0.005382 0.021142
0 0.146094 0.089506 0.005382 0.021296
0 0.145877 0.088657 0.005295 0.021142
0 0.145660 0.088194 0.005382 0.021142
0 0.145399 0.087346 0.005382 0.021296
0 0.145139 0.086420 0.005382 0.021296
0 0.145009 0.086034 0.005122 0.021142
0 0.144748 0.085185 0.005122 0.021296
0 0.144575 0.084259 0.005122 0.021296
0 0.144314 0.083488 0.005122 0.021296
0 0.144054 0.082562 0.005122 0.021296
0 0.143924 0.081944 0.005382 0.021605
0 0.143663 0.081019 0.005382 0.021605
0 0.143446 0.080170 0.005295 0.021759
0 0.143229 0.079321 0.005382 0.021605
0 0.142969 0.078472 0.005382 0.021759
0 0.142969 0.078009 0.005382 0.021759
0 0.142708 0.077160 0.005382 0.021605
0 0.142448 0.076698 0.005382 0.021605
0 0.142187 0.076312 0.005382 0.021759
0 0.142187 0.075849 0.005382 0.021759
0 0.141970 0.075386 0.005295 0.021759
0 0.141753 0.074537 0.005382 0.021605
0 0.141753 0.074074 0.005382 0.021605
0 0.141493 0.073688 0.005382 0.021759
0 0.141233 0.073225 0.005382 0.021759
0 0.141233 0.072762 0.005382 0.021759
