0 0.000477 0.000849 0.000955 0.001698
0 0.000477 0.000849 0.000955 0.001698
0 0.000477 0.000849 0.000955 0.001698
0 0.000477 0.000849 0.000955 0.001698
0 0.000477 0.000849 0.000955 0.001698
0 0.000477 0.000849 0.000955 0.001698
0 0.000477 0.000849 0.000955 0.001698
0 0.000477 0.000849 0.000955 0.001698
0 0.000477 0.000849 0.000955 0.001698
0 0.000477 0.000849 0.000955 0.001698
0 0.000477 0.000849 0.000955 0.001698
0 0.000477 0.000849 0.000955 0.001698
0 0.000477 0.000849 0.000955 0.001698
0 0.000477 0.000849 0.000955 0.001698
0 0.000477 0.000849 0.000955 0.001698
0 0.000477 0.000849 0.000955 0.001698
0 0.000477 0.000849 0.000955 0.001698
0 0.000477 0.000849 0.000955 0.001698
0 0.000477 0.000849 0.000955 0.001698
0 0.000477 0.000849 0.000955 0.001698
0 0.000477 0.000849 0.000955 0.001698
0 0.000477 0.000849 0.000955 0.001698
0 0.000477 0.000849 0.000955 0.001698
0 0.000477 0.000849 0.000955 0.001698
0 0.000477 0.000849 0.000955 0.001698
0 0.000477 0.000849 0.000955 0.001698
0 0.000477 0.000849 0.000955 0.001698
0 0.000477 0.000849 0.000955 0.001698
0 0.000477 0.000849 0.000955 0.001698
0 0.000477 0.000849 0.000955 0.001698
0 0.000477 0.000849 0.000955 0.001698
0 0.003342 0.015278 0.001476 0.003086
0 0.006424 0.029861 0.001736 0.004475
0 0.009592 0.044367 0.002170 0.005710
0 0.012543 0.058873 0.002691 0.006944
0 0.015712 0.073688 0.003125 0.007870
0 0.018750 0.088194 0.003472 0.009105
0 0.021658 0.102701 0.003906 0.010340
0 0.024870 0.117284 0.004427 0.011728
0 0.027908 0.131790 0.004601 0.012963
0 0.031033 0.146759 0.005122 0.014198
0 0.031033 0.146759 0.005122 0.014198
0 0.031033 0.146759 0.005122 0.014198
0 0.031033 0.146759 0.005122 0.014198
0 0.031033 0.146759 0.005122 0.014198
0 0.031033 0.146759 0.005122 0.014198
0 0.031033 0.146759 0.005122 0.014198
0 0.031033 0.146759 0.005122 0.014198
0 0.031033 0.146759 0.005122 0.014198
0 0.031033 0.146759 0.005122 0.014198
0 0.031033 0.146759 0.005122 0.014198
0 0.031033 0.146759 0.005122 0.014198
0 0.031033 0.146759 0.005122 0.014198
0 0.031033 0.146759 0.005122 0.014198
0 0.031033 0.146759 0.005122 0.014198
0 0.031033 0.146759 0.005122 0.014198
0 0.031033 0.146759 0.005122 0.014198
0 0.031033 0.146759 0.005122 0.014198
0 0.031033 0.146759 0.005122 0.014198
0 0.031033 0.146759 0.005122 0.014198
0 0.031033 0.146759 0.005122 0.014198
0 0.031033 0.146759 0.005122 0.014198
0 0.031033 0.146759 0.005122 0.014198
0 0.031033 0.146759 0.005122 0.014198
0 0.031033 0.146759 0.005122 0.014198
0 0.031033 0.146759 0.005122 0.014198
0 0.031033 0.146759 0.005122 0.014198
0 0.031033 0.146759 0.005122 0.014198
0 0.031033 0.146759 0.005122 0.014198
0 0.031033 0.146759 0.005122 0.014198
0 0.031033 0.146759 0.005122 0.014198
0 0.031033 0.146759 0.005122 0.014198
0 0.031033 0.146759 0.005122 0.014198
0 0.031033 0.146759 0.005122 0.014198
0 0.031033 0.146759 0.005122 0.014198
0 0.031033 0.146759 0.005122 0.014198
0 0.031033 0.146759 0.005122 0.014198
0 0.031033 0.146759 0.005122 0.014198
0 0.031033 0.146759 0.005122 0.014198
0 0.031033 0.146759 0.005122 0.014198
0 0.031033 0.146759 0.005122 0.014198
0 0.031033 0.146759 0.005122 0.014198
0 0.031033 0.146759 0.005122 0.014198
0 0.031033 0.146759 0.005122 0.014198
0 0.031033 0.146759 0.005122 0.014198
0 0.031033 0.146759 0.005122 0.014198
0 0.031033 0.146759 0.005122 0.014198
0 0.031033 0.146759 0.005122 0.014198
0 0.031033 0.146759 0.005122 0.014198
0 0.031033 0.146759 0.005122 0.014198
0 0.031033 0.146759 0.005122 0.014198
0 0.030859 0.146759 0.005122 0.014198
0 0.030599 0.146759 0.005122 0.014198
0 0.030469 0.146759 0.004861 0.014198
0 0.030339 0.146759 0.005122 0.014198
0 0.030208 0.147145 0.004861 0.014352
0 0.029948 0.147145 0.004861 0.014352
0 0.029818 0.147145 0.005122 0.014352
0 0.029731 0.147145 0.004948 0.014352
0 0.029514 0.147145 0.004861 0.014352
0 0.029514 0.147608 0.004861 0.014352
0 0.029514 0.147608 0.004861 0.014352
0 0.029514 0.147608 0.004861 0.014352
0 0.029514 0.147608 0.004861 0.014352
0 0.029514 0.147608 0.004861 0.014352
0 0.029514 0.147608 0.004861 0.014352
0 0.029514 0.147608 0.004861 0.014352
0 0.029514 0.147608 0.004861 0.014352
0 0.029514 0.147608 0.004861 0.014352
0 0.029514 0.147608 0.004861 0.014352
0 0.029514 0.147608 0.004861 0.014352
0 0.029514 0.147608 0.004861 0.014352
0 0.029514 0.147608 0.004861 0.014352
0 0.029514 0.147608 0.004861 0.014352
0 0.029514 0.147608 0.004861 0.014352
0 0.029514 0.147608 0.004861 0.014352
0 0.029514 0.147608 0.004861 0.014352
0 0.029514 0.147608 0.004861 0.014352
0 0.029514 0.147608 0.004861 0.014352
0 0.029514 0.147608 0.004861 0.014352
0 0.029514 0.147608 0.004861 0.014352
0 0.029514 0.147608 0.004861 0.014352
0 0.029514 0.147608 0.004861 0.014352
0 0.029514 0.147608 0.004861 0.014352
0 0.029514 0.147608 0.004861 0.014352
0 0.029514 0.147608 0.004861 0.014352
0 0.029514 0.147608 0.004861 0.014352
0 0.029514 0.147608 0.004861 0.014352
0 0.029514 0.147608 0.004861 0.014352
0 0.029514 0.147608 0.004861 0.014352
0 0.029514 0.147608 0.004861 0.014352
0 0.029514 0.147608 0.004861 0.014352
0 0.029514 0.147608 0.004861 0.014352
0 0.029514 0.147608 0.004861 0.014352
0 0.029514 0.147608 0.004861 0.014352
0 0.029514 0.147608 0.004861 0.014352
0 0.029514 0.147608 0.004861 0.014352
0 0.029514 0.147608 0.004861 0.014352
0 0.029514 0.147608 0.004861 0.014352
0 0.029514 0.147608 0.004861 0.014352
0 0.029514 0.147608 0.004861 0.014352
0 0.029514 0.147608 0.004861 0.014352
0 0.029514 0.147608 0.004861 0.014352
0 0.029514 0.147608 0.004861 0.014352
0 0.029514 0.147608 0.004861 0.014352
0 0.029514 0.147608 0.004861 0.014352
0 0.029514 0.147608 0.004861 0.014352
0 0.029514 0.147608 0.004861 0.014352
0 0.029514 0.147608 0.004861 0.014352
0 0.029514 0.147608 0.004861 0.014352
0 0.029514 0.147608 0.004861 0.014352
0 0.029514 0.147608 0.004861 0.014352
0 0.029514 0.147608 0.004861 0.014352
0 0.029514 0.147608 0.004861 0.014352
0 0.029514 0.147608 0.004861 0.014352
0 0.029514 0.147608 0.004861 0.014352
0 0.029514 0.147608 0.004861 0.014352
0 0.029514 0.147608 0.004861 0.014352
0 0.029514 0.147608 0.004861 0.014352
0 0.029514 0.147608 0.004861 0.014352
0 0.029514 0.147608 0.004861 0.014352
0 0.030729 0.146373 0.004861 0.014352
0 0.032161 0.145216 0.004948 0.013889
0 0.033507 0.143981 0.004687 0.013889
0 0.034983 0.143056 0.004687 0.013889
0 0.036415 0.141821 0.004601 0.013889
0 0.037804 0.140664 0.004427 0.013426
0 0.039236 0.139660 0.004340 0.013889
0 0.040582 0.138503 0.004080 0.013426
0 0.042057 0.137269 0.004080 0.013426
0 0.043490 0.136343 0.004167 0.013426
0 0.042057 0.137269 0.004080 0.013426
0 0.040799 0.138040 0.004167 0.013426
0 0.039497 0.139198 0.004340 0.013889
0 0.038281 0.140046 0.004340 0.013735
0 0.037023 0.140895 0.004427 0.013889
0 0.035720 0.142284 0.004601 0.013889
0 0.034505 0.143056 0.004601 0.013889
0 0.033290 0.143981 0.004601 0.013889
0 0.031944 0.144985 0.004861 0.014352
0 0.030729 0.145910 0.004861 0.014352
