0 0.236762 0.048302 0.005122 0.017901
0 0.213108 0.043287 0.004687 0.016512
0 0.189410 0.038503 0.004167 0.014660
0 0.165799 0.033796 0.003646 0.012963
0 0.142231 0.028935 0.003385 0.011265
0 0.118576 0.024460 0.002951 0.010031
0 0.094878 0.019676 0.002431 0.008179
0 0.071311 0.014892 0.002170 0.006636
0 0.047656 0.010108 0.001736 0.004784
0 0.023958 0.005324 0.001215 0.002932
0 0.000477 0.000849 0.000955 0.001698
0 0.000477 0.000849 0.000955 0.001698
0 0.000477 0.000849 0.000955 0.001698
0 0.000477 0.000849 0.000955 0.001698
0 0.000477 0.000849 0.000955 0.001698
0 0.000477 0.000849 0.000955 0.001698
0 0.000477 0.000849 0.000955 0.001698
0 0.000477 0.000849 0.000955 0.001698
0 0.000477 0.000849 0.000955 0.001698
0 0.000477 0.000849 0.000955 0.001698
0 0.000477 0.000849 0.000955 0.001698
0 0.000477 0.000849 0.000955 0.001698
0 0.000477 0.000849 0.000955 0.001698
0 0.000477 0.000849 0.000955 0.001698
0 0.000477 0.000849 0.000955 0.001698
0 0.000477 0.000849 0.000955 0.001698
0 0.000477 0.000849 0.000955 0.001698
0 0.000477 0.000849 0.000955 0.001698
0 0.000477 0.000849 0.000955 0.001698
0 0.000477 0.000849 0.000955 0.001698
0 0.000477 0.000849 0.000955 0.001698
0 0.000477 0.000849 0.000955 0.001698
0 0.000477 0.000849 0.000955 0.001698
0 0.000477 0.000849 0.000955 0.001698
0 0.000477 0.000849 0.000955 0.001698
0 0.000477 0.000849 0.000955 0.001698
0 0.000477 0.000849 0.000955 0.001698
0 0.000477 0.000849 0.000955 0.001698
0 0.000477 0.000849 0.000955 0.001698
0 0.000477 0.000849 0.000955 0.001698
0 0.000477 0.000849 0.000955 0.001698
0 0.000477 0.000849 0.000955 0.001698
0 0.000477 0.000849 0.000955 0.001698
0 0.000477 0.000849 0.000955 0.001698
0 0.000477 0.000849 0.000955 0.001698
0 0.000477 0.000849 0.000955 0.001698
0 0.000477 0.000849 0.000955 0.001698
0 0.000477 0.000849 0.000955 0.001698
0 0.000477 0.000849 0.000955 0.001698
0 0.000477 0.000849 0.000955 0.001698
0 0.000477 0.000849 0.000955 0.001698
0 0.000477 0.000849 0.000955 0.001698
0 0.000477 0.000849 0.000955 0.001698
0 0.000477 0.000849 0.000955 0.001698
0 0.000477 0.000849 0.000955 0.001698
0 0.000477 0.000849 0.000955 0.001698
0 0.000477 0.000849 0.000955 0.001698
0 0.000477 0.000849 0.000955 0.001698
0 0.000477 0.000849 0.000955 0.001698
0 0.000477 0.000849 0.000955 0.001698
0 0.000477 0.000849 0.000955 0.001698
0 0.000477 0.000849 0.000955 0.001698
0 0.000477 0.000849 0.000955 0.001698
0 0.000477 0.000849 0.000955 0.001698
0 0.000477 0.000849 0.000955 0.001698
0 0.000477 0.000849 0.000955 0.001698
0 0.000477 0.000849 0.000955 0.001698
0 0.000477 0.000849 0.000955 0.001698
0 0.000477 0.000849 0.000955 0.001698
0 0.000477 0.000849 0.000955 0.001698
0 0.000477 0.000849 0.000955 0.001698
0 0.000477 0.000849 0.000955 0.001698
0 0.000477 0.000849 0.000955 0.001698
0 0.000477 0.000849 0.000955 0.001698
0 0.000477 0.000849 0.000955 0.001698
0 0.000477 0.000849 0.000955 0.001698
0 0.000477 0.000849 0.000955 0.001698
0 0.000477 0.000849 0.000955 0.001698
0 0.000477 0.000849 0.000955 0.001698
0 0.000477 0.000849 0.000955 0.001698
0 0.000477 0.000849 0.000955 0.001698
0 0.000477 0.000849 0.000955 0.001698
0 0.000477 0.000849 0.000955 0.001698
0 0.000477 0.000849 0.000955 0.001698
0 0.000477 0.000849 0.000955 0.001698
0 0.000477 0.000849 0.000955 0.001698
0 0.000477 0.000849 0.000955 0.001698
0 0.000477 0.000849 0.000955 0.001698
0 0.000477 0.000849 0.000955 0.001698
0 0.000477 0.000849 0.000955 0.001698
0 0.000477 0.000849 0.000955 0.001698
0 0.000477 0.000849 0.000955 0.001698
0 0.000477 0.000849 0.000955 0.001698
0 0.000477 0.000849 0.000955 0.001698
0 0.000477 0.000849 0.000955 0.001698
0 0.000477 0.000849 0.000955 0.001698
0 0.000477 0.000849 0.000955 0.001698
0 0.000477 0.000849 0.000955 0.001698
0 0.000477 0.000849 0.000955 0.001698
0 0.000477 0.000849 0.000955 0.001698
0 0.000477 0.000849 0.000955 0.001698
0 0.033377 0.007330 0.001476 0.003549
0 0.066450 0.014198 0.001649 0.005247
0 0.099392 0.021219 0.002257 0.006944
0 0.132465 0.027932 0.002431 0.008333
0 0.165495 0.034799 0.002691 0.010031
0 0.198481 0.041590 0.003212 0.012191
0 0.231554 0.048302 0.003385 0.013580
0 0.264453 0.055247 0.003906 0.015123
0 0.297569 0.062191 0.004167 0.016975
0 0.330599 0.069059 0.004427 0.018673
0 0.327431 0.068056 0.004340 0.019136
0 0.324523 0.067130 0.004427 0.019136
0 0.321571 0.066281 0.004427 0.018981
0 0.318533 0.065432 0.004601 0.019136
0 0.315582 0.064583 0.004601 0.018981
0 0.312543 0.063735 0.004427 0.019136
0 0.309505 0.062809 0.004601 0.019136
0 0.306554 0.061960 0.004601 0.018981
0 0.303646 0.061111 0.004687 0.019136
0 0.300738 0.060417 0.004601 0.019599
0 0.297786 0.059568 0.004601 0.019444
0 0.294965 0.058951 0.004861 0.019136
0 0.292187 0.058256 0.004687 0.019599
0 0.289366 0.057639 0.004948 0.018981
0 0.286545 0.057176 0.004687 0.018981
0 0.283767 0.056327 0.004861 0.019136
0 0.280816 0.055633 0.004861 0.018673
0 0.278125 0.055015 0.004861 0.018981
0 0.275217 0.054398 0.004948 0.018673
0 0.272526 0.053935 0.004948 0.018673
0 0.270095 0.053241 0.004948 0.018210
0 0.267752 0.052778 0.004601 0.018210
0 0.265451 0.052238 0.004861 0.017747
0 0.263151 0.051775 0.004601 0.017747
0 0.260807 0.051080 0.004948 0.017284
0 0.258507 0.050694 0.004687 0.017438
0 0.256033 0.050000 0.004601 0.016975
0 0.253863 0.049614 0.004601 0.016821
0 0.251432 0.048997 0.004601 0.016512
0 0.249219 0.048534 0.004687 0.016512
0 0.248264 0.048302 0.004687 0.016975
0 0.247526 0.048302 0.004601 0.016975
0 0.246658 0.048302 0.004948 0.016975
0 0.245920 0.048302 0.004861 0.016975
0 0.245095 0.048302 0.005122 0.016975
0 0.244227 0.048302 0.004948 0.016975
0 0.243359 0.048302 0.005122 0.016975
0 0.242665 0.048302 0.005122 0.016975
0 0.241753 0.048302 0.005382 0.016975
0 0.241059 0.048302 0.005382 0.016975
0 0.240668 0.048071 0.005122 0.017438
0 0.240408 0.048071 0.005122 0.017438
0 0.240234 0.048071 0.005122 0.017438
0 0.239974 0.048071 0.005122 0.017438
0 0.239714 0.048071 0.005122 0.017438
0 0.239453 0.048071 0.005122 0.017438
0 0.239193 0.048071 0.005122 0.017438
0 0.238976 0.048071 0.005208 0.017438
0 0.238759 0.048071 0.005122 0.017438
0 0.238628 0.048302 0.004861 0.017901
0 0.238368 0.048302 0.004861 0.017901
0 0.238108 0.048302 0.004861 0.017901
0 0.237977 0.048302 0.004601 0.017901
0 0.237847 0.048302 0.004861 0.017901
0 0.237760 0.048302 0.004687 0.017901
0 0.237500 0.048302 0.004687 0.017901
0 0.237413 0.048302 0.004861 0.017901
0 0.237283 0.048302 0.004601 0.017901
0 0.237023 0.048302 0.004601 0.017901
0 0.237023 0.048302 0.004601 0.017901
0 0.236762 0.048071 0.004601 0.017438
0 0.236762 0.048071 0.004601 0.017438
0 0.236632 0.048071 0.004861 0.017438
0 0.236632 0.047840 0.004861 0.016975
0 0.236502 0.047840 0.005122 0.016975
0 0.236502 0.047840 0.005122 0.016975
0 0.236415 0.047608 0.005295 0.016512
0 0.236415 0.047608 0.005295 0.016512
0 0.236285 0.047608 0.005556 0.016512
0 0.236285 0.047608 0.005556 0.016512
