0 0.009201 0.295988 0.007812 0.014198
0 0.009332 0.295988 0.008073 0.014198
0 0.009722 0.295988 0.008333 0.014198
0 0.009983 0.295988 0.008333 0.014198
0 0.010330 0.296219 0.008507 0.013735
0 0.010590 0.296451 0.008507 0.014198
0 0.010851 0.296451 0.009028 0.014198
0 0.011024 0.296605 0.009028 0.013889
0 0.011415 0.296605 0.009288 0.013889
0 0.011675 0.296605 0.009288 0.013889
0 0.012023 0.297068 0.009462 0.013889
0 0.012413 0.296836 0.009722 0.014352
0 0.012760 0.296836 0.010069 0.014352
0 0.013108 0.296836 0.010243 0.014352
0 0.013628 0.296836 0.010243 0.014352
0 0.014019 0.296836 0.010503 0.014352
0 0.014366 0.296836 0.010677 0.014352
0 0.014844 0.296836 0.010764 0.014352
0 0.015191 0.296836 0.010937 0.014352
0 0.015582 0.296836 0.011198 0.014352
0 0.016059 0.297068 0.011285 0.014815
0 0.016536 0.296682 0.011198 0.014660
0 0.017057 0.296682 0.011198 0.014660
0 0.017535 0.296682 0.011285 0.014660
0 0.018012 0.296682 0.011198 0.014660
0 0.018490 0.296682 0.011285 0.014660
0 0.018967 0.296219 0.011198 0.014660
0 0.019488 0.296219 0.011198 0.014660
0 0.019965 0.296219 0.011285 0.014660
0 0.020443 0.296219 0.011198 0.014660
0 0.020964 0.296219 0.011198 0.014660
0 0.021181 0.295756 0.011285 0.014660
0 0.021658 0.295756 0.011198 0.014660
0 0.021918 0.295756 0.011198 0.014660
0 0.022396 0.295370 0.011285 0.014815
0 0.022873 0.295370 0.011198 0.014815
0 0.023134 0.295370 0.011198 0.014815
0 0.023655 0.294907 0.011198 0.014815
0 0.023872 0.294907 0.011285 0.014815
0 0.024349 0.294907 0.011198 0.014815
0 0.024870 0.294907 0.011198 0.014815
0 0.025347 0.294444 0.011285 0.014815
0 0.025825 0.294444 0.011198 0.014815
0 0.026302 0.294444 0.011285 0.014815
0 0.026780 0.294444 0.011198 0.014815
0 0.027561 0.294444 0.011198 0.014815
0 0.027995 0.294444 0.011198 0.014815
0 0.028516 0.294444 0.011198 0.014815
0 0.028993 0.294444 0.011285 0.014815
0 0.029470 0.294444 0.011198 0.014815
0 0.030208 0.294444 0.011285 0.014815
0 0.030469 0.294290 0.011285 0.015123
0 0.030686 0.294290 0.011198 0.015123
0 0.031076 0.294290 0.011458 0.015123
0 0.031337 0.294290 0.011458 0.015123
0 0.031771 0.294522 0.011458 0.015586
0 0.032031 0.294290 0.011458 0.016049
0 0.032292 0.294290 0.011458 0.016049
0 0.032682 0.294290 0.011719 0.016049
0 0.032899 0.294290 0.011632 0.016049
0 0.033377 0.294522 0.011719 0.016512
0 0.033377 0.294907 0.011719 0.016358
0 0.033507 0.295293 0.011979 0.016512
0 0.033637 0.295756 0.012240 0.016512
0 0.033898 0.296451 0.012240 0.016049
0 0.033984 0.297145 0.012413 0.016512
0 0.034115 0.297531 0.012674 0.016358
0 0.034375 0.298148 0.012674 0.016049
0 0.034505 0.298611 0.012934 0.016049
0 0.034635 0.299074 0.013194 0.016049
0 0.034852 0.299846 0.013108 0.016049
0 0.034852 0.299846 0.013108 0.016049
0 0.034852 0.300309 0.013108 0.016049
0 0.034939 0.300772 0.012934 0.016049
0 0.034939 0.301003 0.012934 0.016512
0 0.035069 0.301466 0.012674 0.016512
0 0.035069 0.301698 0.012674 0.016049
0 0.035069 0.301852 0.012674 0.016358
0 0.035200 0.302238 0.012413 0.016512
0 0.035200 0.302701 0.012413 0.016512
0 0.035330 0.303164 0.012153 0.016512
0 0.035113 0.303627 0.012240 0.016512
0 0.035113 0.304090 0.012240 0.016512
0 0.035113 0.304861 0.012240 0.016512
0 0.034852 0.305324 0.012240 0.016512
0 0.034852 0.306250 0.012240 0.016512
0 0.034852 0.306636 0.012240 0.016358
0 0.034592 0.307022 0.012240 0.016512
0 0.034592 0.307948 0.012240 0.016512
0 0.034592 0.308410 0.012240 0.016512
0 0.034592 0.309182 0.012240 0.016512
0 0.034375 0.309645 0.012153 0.016512
0 0.034115 0.310108 0.012153 0.016512
0 0.033898 0.310571 0.012240 0.016512
0 0.033637 0.311343 0.012240 0.016512
0 0.033377 0.311806 0.012240 0.016512
0 0.033160 0.312269 0.012153 0.016512
0 0.032899 0.313194 0.012153 0.016512
0 0.032639 0.313580 0.012153 0.016358
0 0.032422 0.313966 0.012240 0.016512
0 0.032422 0.314892 0.012240 0.016512
0 0.031901 0.315355 0.012240 0.016512
0 0.031684 0.316127 0.012153 0.016512
0 0.031424 0.317052 0.012153 0.016512
0 0.031207 0.317901 0.012240 0.016358
0 0.030946 0.318750 0.012240 0.016512
0 0.030686 0.319213 0.012240 0.016512
0 0.030469 0.320139 0.012153 0.016512
0 0.030208 0.320910 0.012153 0.016512
0 0.029991 0.321836 0.012240 0.016512
0 0.029731 0.322685 0.012240 0.016358
0 0.029340 0.322840 0.011979 0.016049
0 0.029123 0.323071 0.011892 0.015586
0 0.028863 0.323534 0.011892 0.015586
0 0.028646 0.323765 0.011979 0.015123
0 0.028385 0.324228 0.011979 0.015123
0 0.027995 0.324383 0.011719 0.014815
0 0.027778 0.324614 0.011632 0.014352
0 0.027561 0.325077 0.011719 0.014352
0 0.027300 0.325309 0.011719 0.013889
0 0.027170 0.325772 0.011458 0.013889
0 0.027040 0.325926 0.010677 0.013580
0 0.027170 0.326389 0.010069 0.012654
0 0.027170 0.326852 0.009028 0.011728
0 0.027300 0.327238 0.008247 0.010957
0 0.027387 0.327701 0.007552 0.010031
0 0.027300 0.328164 0.006858 0.009105
0 0.027431 0.328549 0.006076 0.008333
0 0.027387 0.329012 0.005122 0.007407
0 0.027517 0.329398 0.004340 0.006636
0 0.027648 0.329861 0.003733 0.005710
0 0.027648 0.329861 0.003733 0.005710
0 0.027648 0.329861 0.003733 0.005710
0 0.027648 0.329861 0.003733 0.005710
0 0.027648 0.329861 0.003733 0.005710
0 0.027648 0.329861 0.003733 0.005710
0 0.027648 0.329861 0.003733 0.005710
0 0.027648 0.329861 0.003733 0.005710
0 0.027648 0.329861 0.003733 0.005710
0 0.027648 0.329861 0.003733 0.005710
0 0.027648 0.329861 0.003733 0.005710
0 0.027648 0.329861 0.003733 0.005710
0 0.027648 0.329861 0.003733 0.005710
0 0.027648 0.329861 0.003733 0.005710
0 0.027648 0.329861 0.003733 0.005710
0 0.027648 0.329861 0.003733 0.005710
0 0.027648 0.329861 0.003733 0.005710
0 0.027648 0.329861 0.003733 0.005710
0 0.027648 0.329861 0.003733 0.005710
0 0.027648 0.329861 0.003733 0.005710
0 0.027648 0.329861 0.003733 0.005710
0 0.027648 0.329861 0.003733 0.005710
0 0.027648 0.329861 0.003733 0.005710
0 0.027648 0.329861 0.003733 0.005710
0 0.027648 0.329861 0.003733 0.005710
0 0.027648 0.329861 0.003733 0.005710
0 0.027648 0.329861 0.003733 0.005710
0 0.027648 0.329861 0.003733 0.005710
0 0.027648 0.329861 0.003733 0.005710
0 0.027648 0.329861 0.003733 0.005710
0 0.027648 0.329861 0.003733 0.005710
0 0.027648 0.329861 0.003733 0.005710
0 0.027648 0.329861 0.003733 0.005710
0 0.027648 0.329861 0.003733 0.005710
0 0.027648 0.329861 0.003733 0.005710
0 0.027648 0.329861 0.003733 0.005710
0 0.027648 0.329861 0.003733 0.005710
0 0.027648 0.329861 0.003733 0.005710
0 0.027648 0.329861 0.003733 0.005710
0 0.027648 0.329861 0.003733 0.005710
0 0.027648 0.329861 0.003733 0.005710
0 0.027648 0.329861 0.003733 0.005710
0 0.027648 0.329861 0.003733 0.005710
0 0.027648 0.329861 0.003733 0.005710
0 0.027648 0.329861 0.003733 0.005710
0 0.027648 0.329861 0.003733 0.005710
0 0.027648 0.329861 0.003733 0.005710
0 0.027648 0.329861 0.003733 0.005710
0 0.027648 0.329861 0.003733 0.005710
0 0.027648 0.329861 0.003733 0.005710
0 0.027648 0.329861 0.003733 0.005710
