0 0.131597 0.168056 0.007118 0.025617
0 0.135026 0.156096 0.007031 0.025154
0 0.138672 0.144599 0.007031 0.024691
0 0.142361 0.133102 0.007118 0.024228
0 0.146007 0.121373 0.007118 0.024228
0 0.149653 0.109877 0.007118 0.023765
0 0.153342 0.098457 0.007031 0.023457
0 0.156988 0.086728 0.007031 0.023457
0 0.160634 0.075231 0.007031 0.022994
0 0.164323 0.063735 0.007118 0.022531
0 0.167969 0.052238 0.007118 0.022068
0 0.167622 0.051775 0.007292 0.022068
0 0.167361 0.051775 0.007292 0.022068
0 0.167101 0.051775 0.007292 0.022068
0 0.166840 0.051775 0.007292 0.022068
0 0.166623 0.051775 0.007378 0.022068
0 0.166406 0.051775 0.007292 0.022068
0 0.166146 0.051775 0.007292 0.022068
0 0.165885 0.051775 0.007292 0.022068
0 0.165625 0.051775 0.007292 0.022068
0 0.165408 0.051775 0.007378 0.022068
0 0.164931 0.051312 0.007292 0.022068
0 0.164670 0.051312 0.007292 0.022068
0 0.164410 0.051312 0.007292 0.022068
0 0.163932 0.051312 0.007378 0.022068
0 0.163715 0.051312 0.007292 0.022068
0 0.163455 0.051312 0.007292 0.022068
0 0.162977 0.051312 0.007378 0.022068
0 0.162717 0.051312 0.007378 0.022068
0 0.162500 0.051312 0.007292 0.022068
0 0.162240 0.051312 0.007292 0.022068
0 0.161979 0.055247 0.007292 0.022222
0 0.161979 0.059182 0.007292 0.022068
0 0.161719 0.063040 0.007292 0.022068
0 0.161719 0.066975 0.007292 0.022222
0 0.161502 0.070833 0.007378 0.022222
0 0.161502 0.074769 0.007378 0.022068
0 0.161241 0.078627 0.007378 0.022068
0 0.161241 0.082562 0.007378 0.022222
0 0.161024 0.086497 0.007292 0.022068
0 0.161024 0.090355 0.007292 0.022068
0 0.160503 0.096451 0.007292 0.022222
0 0.160286 0.102546 0.007378 0.022068
0 0.160026 0.108565 0.007378 0.022068
0 0.159809 0.115123 0.007292 0.022222
0 0.159549 0.121219 0.007292 0.022068
0 0.159288 0.127238 0.007292 0.022068
0 0.159071 0.133719 0.007378 0.022068
0 0.158811 0.139815 0.007378 0.022222
0 0.158594 0.145910 0.007292 0.022068
0 0.158333 0.152392 0.007292 0.022068
0 0.158073 0.152392 0.007292 0.022068
0 0.157943 0.152392 0.007552 0.022068
0 0.157812 0.152392 0.007292 0.022068
0 0.157682 0.152392 0.007552 0.022068
0 0.157595 0.152392 0.007378 0.022068
0 0.157509 0.152392 0.007552 0.022068
0 0.157248 0.152392 0.007552 0.022068
0 0.157248 0.152392 0.007552 0.022068
0 0.156988 0.152392 0.007552 0.022068
0 0.156988 0.152392 0.007552 0.022068
0 0.157509 0.152392 0.007552 0.022068
0 0.157943 0.152855 0.007552 0.022068
0 0.158464 0.152855 0.007552 0.022068
0 0.158941 0.153318 0.007639 0.022068
0 0.159679 0.153318 0.007552 0.022068
0 0.160156 0.153704 0.007639 0.022222
0 0.160634 0.153704 0.007552 0.022222
0 0.161155 0.154167 0.007552 0.022222
0 0.161589 0.154167 0.007552 0.022222
0 0.162370 0.154552 0.007552 0.022068
0 0.162370 0.154552 0.007552 0.022068
0 0.162370 0.154552 0.007552 0.022068
0 0.162370 0.154552 0.007552 0.022068
0 0.162370 0.154552 0.007552 0.022068
0 0.162370 0.154552 0.007552 0.022068
0 0.162370 0.154552 0.007552 0.022068
0 0.162370 0.154552 0.007552 0.022068
0 0.162370 0.154552 0.007552 0.022068
0 0.162370 0.154552 0.007552 0.022068
0 0.162370 0.154552 0.007552 0.022068
0 0.162109 0.154552 0.007552 0.022068
0 0.162109 0.154552 0.007552 0.022068
0 0.162109 0.154552 0.007552 0.022068
0 0.162109 0.154552 0.007552 0.022068
0 0.162109 0.154552 0.007552 0.022068
0 0.162109 0.154552 0.007552 0.022068
0 0.162109 0.154552 0.007552 0.022068
0 0.162109 0.154552 0.007552 0.022068
0 0.162109 0.154552 0.007552 0.022068
0 0.162109 0.155015 0.007552 0.022068
0 0.161849 0.155015 0.007552 0.022068
0 0.161849 0.155478 0.007552 0.022068
0 0.161589 0.155478 0.007552 0.022068
0 0.161589 0.155864 0.007552 0.022222
0 0.161372 0.155864 0.007639 0.022222
0 0.161372 0.156327 0.007639 0.022222
0 0.161155 0.156327 0.007552 0.022222
0 0.161155 0.156713 0.007552 0.022068
0 0.160894 0.156713 0.007552 0.022068
0 0.160894 0.157176 0.007552 0.022068
0 0.160634 0.157176 0.007552 0.022068
0 0.160634 0.157639 0.007552 0.022068
0 0.160373 0.157639 0.007552 0.022068
0 0.160373 0.158025 0.007552 0.022222
0 0.160373 0.158488 0.007552 0.022222
0 0.160156 0.158488 0.007639 0.022222
0 0.160156 0.158873 0.007639 0.022068
0 0.159939 0.158873 0.007552 0.022068
0 0.159939 0.159336 0.007552 0.022068
0 0.159939 0.159799 0.007552 0.022068
0 0.159418 0.159799 0.007552 0.022068
0 0.159158 0.160262 0.007552 0.022068
0 0.158941 0.160262 0.007639 0.022068
0 0.158724 0.160648 0.007552 0.022222
0 0.158464 0.161111 0.007552 0.022222
0 0.157943 0.161111 0.007552 0.022222
0 0.157682 0.161497 0.007552 0.022068
0 0.157509 0.161497 0.007552 0.022068
0 0.157248 0.161960 0.007552 0.022068
0 0.156988 0.162423 0.007552 0.022068
0 0.156033 0.162423 0.007552 0.022068
0 0.155252 0.162423 0.007552 0.022068
0 0.154557 0.162423 0.007552 0.022068
0 0.153776 0.162423 0.007552 0.022068
0 0.153082 0.162423 0.007552 0.022068
0 0.152127 0.162423 0.007552 0.022068
0 0.151345 0.162423 0.007552 0.022068
0 0.150651 0.162423 0.007552 0.022068
0 0.149913 0.162423 0.007639 0.022068
0 0.149175 0.162809 0.007552 0.022222
0 0.148220 0.163040 0.007552 0.022685
0 0.147439 0.163194 0.007552 0.022994
0 0.146615 0.163426 0.007292 0.023457
0 0.145877 0.163889 0.007378 0.023457
0 0.145139 0.164120 0.007292 0.023920
0 0.144184 0.164352 0.007292 0.024383
0 0.143446 0.164738 0.007378 0.024228
0 0.142578 0.164969 0.007031 0.024691
0 0.141840 0.165201 0.007118 0.025154
0 0.141102 0.165895 0.007031 0.025617
0 0.140148 0.165895 0.007031 0.025617
0 0.139149 0.166281 0.007118 0.025463
0 0.138194 0.166281 0.007118 0.025463
0 0.137240 0.166667 0.007118 0.025617
0 0.136241 0.166667 0.007031 0.025617
0 0.135286 0.167130 0.007031 0.025617
0 0.134288 0.167130 0.007118 0.025617
0 0.133333 0.167593 0.007118 0.025617
0 0.132335 0.167593 0.007031 0.025617
0 0.131597 0.168056 0.007118 0.025617
0 0.130859 0.168056 0.007031 0.025617
0 0.130122 0.168056 0.007118 0.025617
0 0.129427 0.168056 0.007118 0.025617
0 0.128906 0.168056 0.007118 0.025617
0 0.128212 0.168056 0.007118 0.025617
0 0.127474 0.168056 0.007031 0.025617
0 0.126953 0.168056 0.007031 0.025617
0 0.126215 0.168056 0.007118 0.025617
0 0.125521 0.168056 0.007118 0.025617
0 0.125000 0.168056 0.007118 0.025617
0 0.124306 0.167593 0.007118 0.025617
0 0.123568 0.167593 0.007031 0.025617
0 0.122830 0.167130 0.007118 0.025617
0 0.122092 0.167130 0.007031 0.025617
0 0.121615 0.167130 0.007118 0.025617
0 0.120877 0.166667 0.007031 0.025617
0 0.120139 0.166667 0.007118 0.025617
0 0.119401 0.166281 0.007031 0.025463
0 0.118663 0.166281 0.007118 0.025463
0 0.118186 0.166281 0.007031 0.025463
0 0.117188 0.165895 0.007118 0.025617
0 0.116233 0.165895 0.007118 0.025617
0 0.115495 0.165895 0.007031 0.025617
0 0.114540 0.165895 0.007031 0.025617
0 0.113802 0.165895 0.007118 0.025617
0 0.112804 0.165895 0.007031 0.025617
0 0.112066 0.165895 0.007118 0.025617
0 0.111111 0.165895 0.007118 0.025617
0 0.110373 0.165895 0.007031 0.025617
0 0.109418 0.165895 0.007031 0.025617
