0 0.150911 0.075849 0.005122 0.014660
0 0.149870 0.075849 0.005122 0.014660
0 0.149175 0.076080 0.005122 0.015123
0 0.148481 0.076235 0.005122 0.014815
0 0.147700 0.076466 0.005122 0.015278
0 0.147005 0.076698 0.005122 0.014815
0 0.145964 0.076929 0.005122 0.015278
0 0.145269 0.076929 0.005122 0.015278
0 0.144575 0.077315 0.005122 0.015123
0 0.143793 0.077315 0.005122 0.015123
0 0.143099 0.077778 0.005122 0.015123
0 0.142839 0.077778 0.005122 0.015123
0 0.142578 0.077778 0.005122 0.015123
0 0.142578 0.077778 0.005122 0.015123
0 0.142318 0.077778 0.005122 0.015123
0 0.142318 0.077778 0.005122 0.015123
0 0.142057 0.077778 0.005122 0.015123
0 0.141884 0.077778 0.005122 0.015123
0 0.141884 0.077778 0.005122 0.015123
0 0.141623 0.077778 0.005122 0.015123
0 0.141623 0.077778 0.005122 0.015123
0 0.141363 0.077778 0.005122 0.015123
0 0.141363 0.077778 0.005122 0.015123
0 0.141363 0.077778 0.005122 0.015123
0 0.141363 0.077778 0.005122 0.015123
0 0.141363 0.078009 0.005122 0.015586
0 0.141233 0.078009 0.004861 0.015586
0 0.141233 0.078009 0.004861 0.015586
0 0.141233 0.078009 0.004861 0.015586
0 0.141233 0.078009 0.004861 0.015586
0 0.141233 0.078472 0.004861 0.015586
0 0.140972 0.078472 0.004861 0.015586
0 0.140972 0.078472 0.004861 0.015586
0 0.140755 0.078472 0.004948 0.015586
0 0.140755 0.078704 0.004948 0.016049
0 0.140538 0.078704 0.004861 0.016049
0 0.140538 0.078704 0.004861 0.016049
0 0.140278 0.078935 0.004861 0.016512
0 0.140278 0.078935 0.004861 0.016512
0 0.140017 0.078935 0.004861 0.016512
0 0.140017 0.079090 0.004861 0.016821
0 0.139757 0.079090 0.004861 0.016821
0 0.139540 0.079090 0.004948 0.016821
0 0.139323 0.079321 0.004861 0.016358
0 0.139062 0.079321 0.004861 0.016358
0 0.138802 0.079475 0.004861 0.016049
0 0.138542 0.079475 0.004861 0.016049
0 0.138325 0.079475 0.004948 0.016049
0 0.138064 0.079707 0.004948 0.015586
0 0.137847 0.079707 0.004861 0.015586
0 0.137717 0.079938 0.005122 0.015123
0 0.137717 0.079938 0.005122 0.015123
0 0.137717 0.080170 0.005122 0.015586
0 0.137717 0.080401 0.005122 0.015123
0 0.137717 0.080633 0.005122 0.015586
0 0.137717 0.080864 0.005122 0.015123
0 0.137717 0.081096 0.005122 0.015586
0 0.137717 0.081096 0.005122 0.015586
0 0.137717 0.081481 0.005122 0.015741
0 0.137717 0.081481 0.005122 0.015741
0 0.137977 0.081867 0.005122 0.015586
0 0.137977 0.081713 0.005122 0.015278
0 0.137977 0.081713 0.005122 0.015278
0 0.137977 0.081713 0.005122 0.015278
0 0.138194 0.081713 0.005208 0.015278
0 0.138194 0.081713 0.005208 0.015278
0 0.138194 0.081713 0.005208 0.015278
0 0.138411 0.081713 0.005122 0.015278
0 0.138411 0.081713 0.005122 0.015278
0 0.138411 0.081713 0.005122 0.015278
0 0.138672 0.081944 0.005122 0.014815
0 0.138672 0.081944 0.005122 0.014815
0 0.138672 0.081944 0.005122 0.014815
0 0.138672 0.081944 0.005122 0.014815
0 0.138672 0.081944 0.005122 0.014815
0 0.138672 0.081944 0.005122 0.014815
0 0.138672 0.081944 0.005122 0.014815
0 0.138672 0.081944 0.005122 0.014815
0 0.138672 0.081944 0.005122 0.014815
0 0.138672 0.081944 0.005122 0.014815
0 0.138932 0.082330 0.005122 0.014660
0 0.139193 0.082099 0.005122 0.015123
0 0.139453 0.082099 0.005122 0.015123
0 0.139627 0.081867 0.005122 0.015586
0 0.139887 0.081867 0.005122 0.015586
0 0.140148 0.081636 0.005122 0.016049
0 0.140408 0.081636 0.005122 0.016049
0 0.140668 0.081481 0.005122 0.016358
0 0.140842 0.081481 0.005122 0.016358
0 0.141102 0.081250 0.005122 0.016821
0 0.141493 0.081250 0.004861 0.016821
0 0.141493 0.081250 0.004861 0.016821
0 0.141623 0.081250 0.005122 0.016821
0 0.141753 0.081481 0.004861 0.016358
0 0.141884 0.081481 0.005122 0.016358
0 0.141970 0.081636 0.004948 0.016049
0 0.142057 0.081636 0.005122 0.016049
0 0.142057 0.081636 0.005122 0.016049
0 0.142318 0.081867 0.005122 0.015586
0 0.142318 0.081867 0.005122 0.015586
0 0.142578 0.082099 0.005122 0.015123
0 0.142578 0.082099 0.005122 0.015123
0 0.142578 0.082099 0.005122 0.015123
0 0.142578 0.082099 0.005122 0.015123
0 0.142708 0.082099 0.005382 0.015123
0 0.142839 0.082099 0.005122 0.015123
0 0.142839 0.082099 0.005122 0.015123
0 0.142969 0.082099 0.005382 0.015123
0 0.142969 0.082099 0.005382 0.015123
0 0.142969 0.082099 0.005382 0.015123
0 0.143229 0.082330 0.005382 0.014660
0 0.143229 0.082099 0.005382 0.015123
0 0.143229 0.082330 0.005382 0.015586
0 0.143229 0.082330 0.005382 0.015586
0 0.143229 0.082562 0.005382 0.016049
0 0.143359 0.082562 0.005122 0.016049
0 0.143359 0.082562 0.005122 0.016975
0 0.143359 0.082562 0.005122 0.016975
0 0.143359 0.082793 0.005122 0.017438
0 0.143359 0.082793 0.005122 0.017438
0 0.143446 0.082948 0.004948 0.017747
0 0.143446 0.082948 0.004948 0.017747
0 0.143446 0.083179 0.004948 0.017284
0 0.143446 0.083179 0.004948 0.017284
0 0.143533 0.083410 0.005122 0.016821
0 0.143533 0.083410 0.005122 0.016821
0 0.143533 0.083642 0.005122 0.016358
0 0.143663 0.083642 0.005382 0.016358
0 0.143663 0.083796 0.005382 0.016049
0 0.143663 0.083796 0.005382 0.016049
0 0.143924 0.084028 0.005382 0.015586
0 0.143924 0.083642 0.005382 0.015741
0 0.143924 0.083488 0.005382 0.016049
0 0.143924 0.083256 0.005382 0.016512
0 0.143924 0.083256 0.005382 0.016512
0 0.144054 0.083025 0.005642 0.016975
0 0.144054 0.082562 0.005642 0.016975
0 0.144054 0.082562 0.005642 0.016975
0 0.144054 0.082330 0.005642 0.017438
0 0.144054 0.082176 0.005642 0.017747
0 0.144314 0.082176 0.005642 0.017747
0 0.144054 0.080401 0.005642 0.017901
0 0.144054 0.078858 0.005642 0.017284
0 0.143924 0.077315 0.005382 0.016975
0 0.143924 0.075617 0.005382 0.016975
0 0.143924 0.074306 0.005382 0.016821
0 0.143793 0.072762 0.005122 0.016512
0 0.143793 0.071065 0.005122 0.016512
0 0.143663 0.069599 0.004861 0.016049
0 0.143663 0.067978 0.004861 0.015586
0 0.143663 0.066744 0.004861 0.015586
0 0.143446 0.064815 0.004948 0.016049
0 0.143446 0.063117 0.004948 0.016049
0 0.143446 0.061497 0.004948 0.016512
0 0.143229 0.059799 0.004861 0.016512
0 0.143229 0.058256 0.004861 0.016821
0 0.143229 0.056559 0.004861 0.016821
0 0.142969 0.054784 0.004861 0.016975
0 0.142969 0.053241 0.004861 0.017284
0 0.142969 0.051543 0.004861 0.017284
0 0.142969 0.050077 0.004861 0.017747
0 0.142839 0.049614 0.005122 0.017747
0 0.142839 0.049614 0.005122 0.017747
0 0.142839 0.049614 0.005122 0.017747
0 0.142708 0.049383 0.005382 0.017284
0 0.142839 0.049383 0.005642 0.017284
0 0.142839 0.049151 0.005642 0.017747
0 0.142708 0.048920 0.005903 0.017284
0 0.142708 0.048920 0.005903 0.017284
0 0.142708 0.048920 0.005903 0.017284
0 0.142839 0.048920 0.006163 0.017284
0 0.142578 0.048920 0.006163 0.017284
0 0.142361 0.048920 0.006076 0.017284
0 0.142231 0.048920 0.005816 0.017284
0 0.141970 0.048920 0.005816 0.017284
0 0.141840 0.048920 0.005556 0.017284
0 0.141623 0.049151 0.005642 0.017747
0 0.141493 0.049151 0.005382 0.017747
0 0.141233 0.049151 0.005382 0.017747
0 0.141102 0.049151 0.005122 0.017747
0 0.140842 0.049151 0.005122 0.017747
