0 0.078299 0.025772 0.003472 0.012654
0 0.078038 0.025309 0.003472 0.012654
0 0.077821 0.025309 0.003385 0.012654
0 0.077561 0.025309 0.003385 0.012654
0 0.077561 0.025309 0.003385 0.012654
0 0.077300 0.025309 0.003385 0.012654
0 0.077040 0.024846 0.003385 0.012654
0 0.077040 0.024846 0.003385 0.012654
0 0.076823 0.024846 0.003472 0.012654
0 0.076606 0.024846 0.003385 0.012654
0 0.076606 0.024846 0.003385 0.012654
0 0.076606 0.024846 0.003385 0.012654
0 0.076606 0.024846 0.003385 0.012654
0 0.076606 0.024846 0.003385 0.012654
0 0.076606 0.024846 0.003385 0.012654
0 0.076606 0.024846 0.003385 0.012654
0 0.076606 0.024846 0.003385 0.012654
0 0.076606 0.024846 0.003385 0.012654
0 0.076606 0.024846 0.003385 0.012654
0 0.076606 0.024846 0.003385 0.012654
0 0.076606 0.024846 0.003385 0.012654
0 0.076823 0.024460 0.003472 0.012500
0 0.077040 0.023997 0.003385 0.012500
0 0.077300 0.023534 0.003385 0.012500
0 0.077561 0.023534 0.003385 0.012500
0 0.078038 0.023148 0.003472 0.012654
0 0.078299 0.022685 0.003472 0.012654
0 0.078516 0.022685 0.003385 0.012654
0 0.078776 0.022299 0.003385 0.012500
0 0.079036 0.021836 0.003385 0.012500
0 0.079514 0.021836 0.003472 0.012500
0 0.079731 0.021373 0.003385 0.012500
0 0.079991 0.021373 0.003385 0.012500
0 0.080469 0.021373 0.003472 0.012500
0 0.080729 0.020988 0.003472 0.012654
0 0.081207 0.020988 0.003385 0.012654
0 0.081467 0.020988 0.003385 0.012654
0 0.081727 0.020525 0.003385 0.012654
0 0.082205 0.020525 0.003472 0.012654
0 0.082422 0.020525 0.003385 0.012654
0 0.082943 0.020525 0.003385 0.012654
0 0.083420 0.020062 0.003472 0.012654
0 0.083898 0.020062 0.003385 0.012654
0 0.084375 0.019676 0.003472 0.012500
0 0.084852 0.019676 0.003385 0.012500
0 0.085373 0.019676 0.003385 0.012500
0 0.085851 0.019213 0.003472 0.012500
0 0.086328 0.019213 0.003385 0.012500
0 0.086849 0.018827 0.003385 0.012654
0 0.087326 0.018827 0.003472 0.012654
0 0.087804 0.018827 0.003385 0.012654
0 0.088064 0.018364 0.003385 0.012654
0 0.088542 0.018364 0.003472 0.012654
0 0.088759 0.017901 0.003385 0.012654
0 0.089280 0.017901 0.003385 0.012654
0 0.089540 0.017901 0.003385 0.012654
0 0.089974 0.017515 0.003385 0.012500
0 0.090234 0.017515 0.003385 0.012500
0 0.090755 0.017052 0.003385 0.012500
0 0.090972 0.017052 0.003472 0.012500
0 0.091450 0.017052 0.003385 0.012500
0 0.091450 0.016590 0.003385 0.012500
0 0.091710 0.016204 0.003385 0.012654
0 0.091970 0.015741 0.003385 0.012654
0 0.092187 0.015741 0.003472 0.012654
0 0.092448 0.015355 0.003472 0.012500
0 0.092448 0.014892 0.003472 0.012500
0 0.092665 0.014892 0.003385 0.012500
0 0.092925 0.014429 0.003385 0.012500
0 0.093186 0.014043 0.003385 0.012654
0 0.093403 0.014043 0.003472 0.012654
0 0.093403 0.014043 0.003472 0.012654
0 0.093403 0.014043 0.003472 0.012654
0 0.093403 0.014043 0.003472 0.012654
0 0.093403 0.014043 0.003472 0.012654
0 0.093403 0.014043 0.003472 0.012654
0 0.093403 0.014043 0.003472 0.012654
0 0.093403 0.014043 0.003472 0.012654
0 0.093403 0.014043 0.003472 0.012654
0 0.093403 0.014043 0.003472 0.012654
0 0.093403 0.014043 0.003472 0.012654
0 0.093403 0.013580 0.003472 0.012654
0 0.093403 0.013580 0.003472 0.012654
0 0.093403 0.013117 0.003472 0.012654
0 0.093403 0.013117 0.003472 0.012654
0 0.093663 0.013117 0.003472 0.012654
0 0.093663 0.012731 0.003472 0.012500
0 0.093663 0.012731 0.003472 0.012500
0 0.093663 0.012269 0.003472 0.012500
0 0.093663 0.012269 0.003472 0.012500
0 0.093880 0.012269 0.003385 0.012500
0 0.093880 0.011883 0.003385 0.012654
0 0.094141 0.011883 0.003385 0.012654
0 0.094141 0.011420 0.003385 0.012654
0 0.094401 0.011420 0.003385 0.012654
0 0.094401 0.011420 0.003385 0.012654
0 0.094661 0.010957 0.003385 0.012654
0 0.094661 0.010957 0.003385 0.012654
0 0.094878 0.010571 0.003472 0.012500
0 0.094878 0.010571 0.003472 0.012500
0 0.095139 0.010571 0.003472 0.012500
0 0.095139 0.010108 0.003472 0.012500
0 0.095356 0.010108 0.003385 0.012500
0 0.095616 0.010108 0.003385 0.012500
0 0.095616 0.010108 0.003385 0.012500
0 0.095877 0.010108 0.003385 0.012500
0 0.096094 0.009722 0.003472 0.012654
0 0.096094 0.009722 0.003472 0.012654
0 0.096354 0.009722 0.003472 0.012654
0 0.096571 0.009722 0.003385 0.012654
0 0.096832 0.009722 0.003385 0.012654
0 0.096832 0.009722 0.003385 0.012654
0 0.096832 0.009722 0.003385 0.012654
0 0.096832 0.009722 0.003385 0.012654
0 0.096832 0.009722 0.003385 0.012654
0 0.096832 0.009722 0.003385 0.012654
0 0.096832 0.009722 0.003385 0.012654
0 0.096832 0.009722 0.003385 0.012654
0 0.096832 0.009722 0.003385 0.012654
0 0.096832 0.009722 0.003385 0.012654
0 0.096832 0.009722 0.003385 0.012654
0 0.097092 0.009259 0.003385 0.012654
0 0.097309 0.008796 0.003472 0.012654
0 0.097569 0.008410 0.003472 0.012500
0 0.097786 0.007948 0.003385 0.012500
0 0.098047 0.007716 0.003385 0.012037
0 0.098307 0.007330 0.003385 0.012191
0 0.098568 0.006867 0.003385 0.012191
0 0.098785 0.006404 0.003472 0.012191
0 0.099002 0.006019 0.003385 0.012037
0 0.099523 0.006019 0.003385 0.012037
0 0.099523 0.006019 0.003385 0.012037
0 0.099783 0.006019 0.003385 0.012037
0 0.099783 0.006019 0.003385 0.012037
0 0.100000 0.006019 0.003472 0.012037
0 0.100260 0.006250 0.003472 0.012500
0 0.100260 0.006250 0.003472 0.012500
0 0.100477 0.006250 0.003385 0.012500
0 0.100477 0.006250 0.003385 0.012500
0 0.100738 0.006250 0.003385 0.012500
0 0.100998 0.006636 0.003385 0.012654
0 0.100998 0.006250 0.003385 0.012500
0 0.101215 0.006250 0.003472 0.012500
0 0.101215 0.006019 0.003472 0.012037
0 0.101476 0.006019 0.003472 0.012037
0 0.101476 0.006019 0.003472 0.012037
0 0.101693 0.005787 0.003385 0.011574
0 0.101693 0.005787 0.003385 0.011574
0 0.101953 0.005633 0.003385 0.011265
0 0.101953 0.005633 0.003385 0.011265
0 0.102214 0.005633 0.003385 0.011265
0 0.102431 0.005401 0.003472 0.010802
0 0.102691 0.005401 0.003472 0.010802
0 0.103168 0.005170 0.003385 0.010340
0 0.103429 0.005170 0.003385 0.010340
0 0.103906 0.005170 0.003472 0.010340
0 0.104167 0.004938 0.003472 0.009877
0 0.104384 0.004938 0.003385 0.009877
0 0.104905 0.004707 0.003385 0.009414
0 0.105122 0.004707 0.003472 0.009414
0 0.105599 0.004707 0.003385 0.009414
0 0.105599 0.004552 0.003385 0.009105
0 0.105859 0.004552 0.003385 0.009105
0 0.106120 0.004321 0.003385 0.008642
0 0.106337 0.004321 0.003472 0.008642
0 0.106597 0.004090 0.003472 0.008179
0 0.106814 0.004090 0.003385 0.008179
0 0.107075 0.003858 0.003385 0.007716
0 0.107335 0.003858 0.003385 0.007716
0 0.107595 0.003627 0.003385 0.007253
0 0.107812 0.003627 0.003472 0.007253
0 0.108073 0.003395 0.003472 0.006790
0 0.108290 0.003395 0.003385 0.006790
0 0.108550 0.003395 0.003385 0.006790
0 0.108811 0.003395 0.003385 0.006790
0 0.109028 0.003395 0.003472 0.006790
0 0.109288 0.003241 0.003472 0.006481
0 0.109505 0.003241 0.003385 0.006481
0 0.109766 0.003241 0.003385 0.006481
0 0.110026 0.003241 0.003385 0.006481
0 0.110243 0.003241 0.003472 0.006481
