0 0.138194 0.094059 0.002257 0.009414
0 0.138194 0.093673 0.002257 0.009568
0 0.138411 0.093673 0.002170 0.009568
0 0.138542 0.093441 0.002431 0.009105
0 0.138802 0.093441 0.002431 0.009105
0 0.138932 0.093210 0.002691 0.008642
0 0.139193 0.092978 0.002691 0.009105
0 0.139323 0.092747 0.002951 0.008642
0 0.139540 0.092747 0.002865 0.008642
0 0.139670 0.092515 0.003125 0.008179
0 0.139887 0.092515 0.003212 0.008179
0 0.139670 0.092515 0.003125 0.008179
0 0.139670 0.092515 0.003125 0.008179
0 0.139670 0.092515 0.003125 0.008179
0 0.139670 0.092515 0.003125 0.008179
0 0.139670 0.092515 0.003125 0.008179
0 0.139410 0.092515 0.003125 0.008179
0 0.139410 0.092515 0.003125 0.008179
0 0.139410 0.092515 0.003125 0.008179
0 0.139410 0.092515 0.003125 0.008179
0 0.139410 0.092515 0.003125 0.008179
0 0.139887 0.092130 0.003212 0.008333
0 0.140408 0.092130 0.003212 0.008333
0 0.140885 0.091667 0.003125 0.008333
0 0.141363 0.091667 0.003212 0.008333
0 0.141840 0.091667 0.003125 0.008333
0 0.142361 0.091281 0.003125 0.008179
0 0.142839 0.091281 0.003212 0.008179
0 0.143316 0.090818 0.003125 0.008179
0 0.143793 0.090818 0.003212 0.008179
0 0.144531 0.090818 0.003125 0.008179
0 0.144792 0.090818 0.003125 0.008179
0 0.145009 0.090818 0.003212 0.008179
0 0.145269 0.090818 0.003212 0.008179
0 0.145530 0.090818 0.003212 0.008179
0 0.146007 0.091281 0.003125 0.008179
0 0.146224 0.091281 0.003212 0.008179
0 0.146484 0.091281 0.003212 0.008179
0 0.146745 0.091281 0.003212 0.008179
0 0.146962 0.091281 0.003125 0.008179
0 0.147483 0.091667 0.003125 0.008333
0 0.147700 0.091667 0.003212 0.008333
0 0.147960 0.091667 0.003212 0.008333
0 0.148220 0.091667 0.003212 0.008333
0 0.148438 0.091667 0.003125 0.008333
0 0.148915 0.091667 0.003212 0.008333
0 0.149175 0.091667 0.003212 0.008333
0 0.149436 0.091667 0.003212 0.008333
0 0.149653 0.091667 0.003125 0.008333
0 0.149913 0.091667 0.003125 0.008333
0 0.150391 0.091667 0.003212 0.008333
0 0.150651 0.091667 0.003212 0.008333
0 0.150868 0.091667 0.003125 0.008333
0 0.151389 0.091667 0.003125 0.008333
0 0.151606 0.091667 0.003212 0.008333
0 0.152127 0.091667 0.003212 0.008333
0 0.152344 0.091667 0.003125 0.008333
0 0.152604 0.091667 0.003125 0.008333
0 0.153082 0.091667 0.003212 0.008333
0 0.153342 0.091667 0.003212 0.008333
0 0.153819 0.091667 0.003125 0.008333
0 0.154036 0.091281 0.003212 0.008179
0 0.154297 0.091281 0.003212 0.008179
0 0.154557 0.090818 0.003212 0.008179
0 0.154774 0.090818 0.003125 0.008179
0 0.155035 0.090818 0.003125 0.008179
0 0.155295 0.090355 0.003125 0.008179
0 0.155512 0.090355 0.003212 0.008179
0 0.155773 0.089969 0.003212 0.008333
0 0.155990 0.089969 0.003125 0.008333
0 0.156510 0.089969 0.003125 0.008333
0 0.156727 0.089506 0.003212 0.008333
0 0.156988 0.089506 0.003212 0.008333
0 0.157335 0.089506 0.003385 0.008333
0 0.157726 0.089506 0.003125 0.008333
0 0.158073 0.089506 0.003472 0.008333
0 0.158333 0.089506 0.003472 0.008333
0 0.158681 0.089506 0.003125 0.008333
0 0.159071 0.089506 0.003385 0.008333
0 0.159288 0.089506 0.003472 0.008333
0 0.159766 0.089506 0.003385 0.008333
0 0.159766 0.089043 0.003385 0.008333
0 0.160026 0.089043 0.003385 0.008333
0 0.160026 0.089043 0.003385 0.008333
0 0.160286 0.088657 0.003385 0.008179
0 0.160547 0.088657 0.003385 0.008179
0 0.160547 0.088657 0.003385 0.008179
0 0.160764 0.088194 0.003472 0.008179
0 0.160764 0.088194 0.003472 0.008179
0 0.161024 0.088194 0.003472 0.008179
0 0.161241 0.088194 0.003385 0.008179
0 0.161502 0.087731 0.003385 0.008179
0 0.161762 0.087731 0.003385 0.008179
0 0.161979 0.087346 0.003472 0.008333
0 0.162240 0.087346 0.003472 0.008333
0 0.162457 0.086883 0.003385 0.008333
0 0.162717 0.086883 0.003385 0.008333
0 0.162977 0.086497 0.003385 0.008179
0 0.163194 0.086497 0.003472 0.008179
0 0.163455 0.086034 0.003472 0.008179
0 0.163672 0.086034 0.003385 0.008179
0 0.163672 0.085571 0.003385 0.008179
0 0.163932 0.085571 0.003385 0.008179
0 0.164193 0.085571 0.003385 0.008179
0 0.164453 0.085571 0.003385 0.008179
0 0.164670 0.085571 0.003472 0.008179
0 0.164670 0.085571 0.003472 0.008179
0 0.164931 0.085571 0.003472 0.008179
0 0.165148 0.085571 0.003385 0.008179
0 0.165408 0.085571 0.003385 0.008179
0 0.165668 0.085571 0.003385 0.008179
0 0.165885 0.085185 0.003472 0.008333
0 0.166146 0.085185 0.003472 0.008333
0 0.166363 0.085185 0.003385 0.008333
0 0.166623 0.084722 0.003385 0.008333
0 0.166884 0.084722 0.003385 0.008333
0 0.167101 0.084722 0.003472 0.008333
0 0.167361 0.084336 0.003472 0.008179
0 0.167578 0.084336 0.003385 0.008179
0 0.167839 0.084336 0.003385 0.008179
0 0.168099 0.084336 0.003385 0.008179
0 0.168099 0.083873 0.003385 0.008179
0 0.168099 0.083873 0.003385 0.008179
0 0.168099 0.083873 0.003385 0.008179
0 0.168359 0.083873 0.003385 0.008179
0 0.168359 0.083873 0.003385 0.008179
0 0.168359 0.083410 0.003385 0.008179
0 0.168576 0.083410 0.003472 0.008179
0 0.168576 0.083410 0.003472 0.008179
0 0.168576 0.083410 0.003472 0.008179
0 0.168793 0.083410 0.003385 0.008179
0 0.168793 0.083025 0.003385 0.008333
0 0.168793 0.083025 0.003385 0.008333
0 0.169054 0.082562 0.003385 0.008333
0 0.169054 0.082562 0.003385 0.008333
0 0.169314 0.082176 0.003385 0.008179
0 0.169314 0.082176 0.003385 0.008179
0 0.169314 0.081713 0.003385 0.008179
0 0.169575 0.081713 0.003385 0.008179
0 0.169575 0.081250 0.003385 0.008179
0 0.169792 0.081250 0.003472 0.008179
0 0.169792 0.081250 0.003472 0.008179
0 0.169792 0.081250 0.003472 0.008179
0 0.169792 0.081250 0.003472 0.008179
0 0.170052 0.081250 0.003472 0.008179
0 0.170052 0.081250 0.003472 0.008179
0 0.170052 0.081250 0.003472 0.008179
0 0.170269 0.081250 0.003385 0.008179
0 0.170269 0.081250 0.003385 0.008179
0 0.170269 0.081250 0.003385 0.008179
0 0.170530 0.081713 0.003385 0.008179
0 0.170790 0.081250 0.003385 0.008179
0 0.171007 0.081250 0.003472 0.008179
0 0.171267 0.081250 0.003472 0.008179
0 0.171484 0.081250 0.003385 0.008179
0 0.171745 0.081250 0.003385 0.008179
0 0.172005 0.081250 0.003385 0.008179
0 0.172222 0.081250 0.003472 0.008179
0 0.172483 0.081250 0.003472 0.008179
0 0.172700 0.081250 0.003385 0.008179
0 0.172960 0.081250 0.003385 0.008179
0 0.172960 0.081250 0.003385 0.008179
0 0.173220 0.081250 0.003385 0.008179
0 0.173481 0.081250 0.003385 0.008179
0 0.173698 0.081250 0.003472 0.008179
0 0.173958 0.081250 0.003472 0.008179
0 0.174175 0.081250 0.003385 0.008179
0 0.174436 0.081250 0.003385 0.008179
0 0.174696 0.081250 0.003385 0.008179
0 0.174913 0.081250 0.003472 0.008179
0 0.175174 0.081250 0.003472 0.008179
0 0.175174 0.080787 0.003472 0.008179
0 0.175174 0.080787 0.003472 0.008179
0 0.175391 0.080787 0.003385 0.008179
0 0.175391 0.080401 0.003385 0.008333
0 0.175651 0.080401 0.003385 0.008333
0 0.175651 0.080401 0.003385 0.008333
0 0.175911 0.080401 0.003385 0.008333
0 0.175911 0.079938 0.003385 0.008333
0 0.176128 0.079938 0.003472 0.008333
0 0.176128 0.079938 0.003472 0.008333
