0 0.131944 0.050463 0.007292 0.022840
0 0.130035 0.050463 0.007292 0.022840
0 0.128299 0.050849 0.007292 0.022994
0 0.126606 0.051080 0.007378 0.023457
0 0.124913 0.051543 0.007292 0.023457
0 0.123177 0.052006 0.007292 0.023457
0 0.121354 0.052006 0.007118 0.023457
0 0.119661 0.052469 0.007031 0.023457
0 0.117925 0.052623 0.007031 0.023765
0 0.116233 0.053086 0.007118 0.023765
0 0.114540 0.053472 0.007031 0.023920
0 0.112587 0.053935 0.007118 0.023920
0 0.110851 0.054398 0.007118 0.023920
0 0.109028 0.055015 0.007292 0.023302
0 0.107205 0.055401 0.007118 0.023457
0 0.105512 0.056327 0.007031 0.023457
0 0.103646 0.056790 0.007292 0.023457
0 0.101823 0.057176 0.007118 0.023302
0 0.100000 0.057793 0.007292 0.022994
0 0.098307 0.058256 0.007378 0.022994
0 0.096615 0.059182 0.007292 0.022994
0 0.094618 0.059645 0.007292 0.022994
0 0.092925 0.060417 0.007378 0.022994
0 0.090972 0.061343 0.007292 0.022994
0 0.089280 0.062114 0.007378 0.022994
0 0.087326 0.063040 0.007292 0.022994
0 0.085590 0.063966 0.007292 0.022994
0 0.083681 0.064738 0.007292 0.022994
0 0.081944 0.065664 0.007292 0.022994
0 0.079991 0.066590 0.007378 0.022994
0 0.078299 0.067361 0.007292 0.022994
0 0.076562 0.067824 0.007292 0.022994
0 0.074870 0.068750 0.007378 0.022994
0 0.073177 0.069522 0.007292 0.022994
0 0.071441 0.069985 0.007292 0.022994
0 0.069748 0.070910 0.007378 0.022994
0 0.068056 0.071682 0.007292 0.022994
0 0.066319 0.072145 0.007292 0.022994
0 0.064627 0.073071 0.007378 0.022994
0 0.062934 0.073843 0.007292 0.022994
0 0.061328 0.074769 0.007031 0.022994
0 0.059852 0.075231 0.007031 0.022994
0 0.058507 0.076003 0.007292 0.022994
0 0.057161 0.076698 0.007031 0.023457
0 0.055816 0.077392 0.007292 0.022994
0 0.054514 0.078009 0.007118 0.023302
0 0.053125 0.078858 0.007292 0.023457
0 0.051693 0.079321 0.007378 0.023457
0 0.050477 0.080170 0.007378 0.023302
0 0.049002 0.080787 0.007378 0.023920
0 0.047786 0.081713 0.007378 0.023920
0 0.046094 0.082330 0.007292 0.024228
0 0.044618 0.083256 0.007292 0.024228
0 0.043142 0.084105 0.007292 0.024383
0 0.041667 0.084954 0.007292 0.024228
0 0.040234 0.085802 0.007378 0.024383
0 0.038759 0.086651 0.007378 0.024228
0 0.037283 0.087577 0.007378 0.024228
0 0.035851 0.088426 0.007292 0.024383
0 0.034375 0.089275 0.007292 0.024228
0 0.032899 0.090201 0.007292 0.024228
0 0.031163 0.090818 0.007292 0.024846
0 0.029601 0.091667 0.007639 0.024691
0 0.028168 0.092593 0.007552 0.024691
0 0.026562 0.093364 0.007812 0.025617
0 0.025087 0.094290 0.007812 0.025617
0 0.023351 0.095139 0.007812 0.025463
0 0.021788 0.095988 0.007986 0.026543
0 0.020356 0.096914 0.008073 0.026543
0 0.018750 0.097762 0.008333 0.026389
0 0.017274 0.098843 0.008333 0.027006
0 0.015668 0.099691 0.008073 0.026852
0 0.014323 0.100617 0.007812 0.026852
0 0.012891 0.101852 0.007726 0.026852
0 0.011415 0.102778 0.007378 0.026852
0 0.010069 0.104012 0.007118 0.026852
0 0.008637 0.104938 0.007031 0.026852
0 0.007118 0.105787 0.006597 0.027006
0 0.005729 0.107099 0.006597 0.026852
0 0.004384 0.107948 0.006337 0.027006
0 0.003038 0.109259 0.006076 0.026852
0 0.003038 0.109259 0.006076 0.026852
0 0.003038 0.109259 0.006076 0.026852
0 0.003038 0.109259 0.006076 0.026852
0 0.003038 0.109259 0.006076 0.026852
0 0.003038 0.109259 0.006076 0.026852
0 0.003038 0.109259 0.006076 0.026852
0 0.003038 0.109259 0.006076 0.026852
0 0.003038 0.109259 0.006076 0.026852
0 0.003038 0.109259 0.006076 0.026852
0 0.003038 0.109259 0.006076 0.026852
0 0.003038 0.109259 0.006076 0.026852
0 0.003038 0.109259 0.006076 0.026852
0 0.003038 0.109259 0.006076 0.026852
0 0.003038 0.109259 0.006076 0.026852
0 0.003038 0.109259 0.006076 0.026852
0 0.003038 0.109259 0.006076 0.026852
0 0.003038 0.109259 0.006076 0.026852
0 0.003038 0.109259 0.006076 0.026852
0 0.003038 0.109259 0.006076 0.026852
0 0.003038 0.109259 0.006076 0.026852
0 0.003038 0.109259 0.006076 0.026852
0 0.003038 0.109259 0.006076 0.026852
0 0.003038 0.109259 0.006076 0.026852
0 0.003038 0.109259 0.006076 0.026852
0 0.003038 0.109259 0.006076 0.026852
0 0.003038 0.109259 0.006076 0.026852
0 0.003038 0.109259 0.006076 0.026852
0 0.003038 0.109259 0.006076 0.026852
0 0.003038 0.109259 0.006076 0.026852
0 0.003038 0.109259 0.006076 0.026852
0 0.003038 0.109259 0.006076 0.026852
0 0.003038 0.109259 0.006076 0.026852
0 0.003038 0.109259 0.006076 0.026852
0 0.003038 0.109259 0.006076 0.026852
0 0.003038 0.109259 0.006076 0.026852
0 0.003038 0.109259 0.006076 0.026852
0 0.003038 0.109259 0.006076 0.026852
0 0.003038 0.109259 0.006076 0.026852
0 0.003038 0.109259 0.006076 0.026852
0 0.003038 0.109259 0.006076 0.026852
0 0.003038 0.109259 0.006076 0.026852
0 0.003038 0.109259 0.006076 0.026852
0 0.003038 0.109259 0.006076 0.026852
0 0.003038 0.109259 0.006076 0.026852
0 0.003038 0.109259 0.006076 0.026852
0 0.003038 0.109259 0.006076 0.026852
0 0.003038 0.109259 0.006076 0.026852
0 0.003038 0.109259 0.006076 0.026852
0 0.003038 0.109259 0.006076 0.026852
0 0.003038 0.109259 0.006076 0.026852
0 0.003038 0.109259 0.006076 0.026852
0 0.003038 0.109259 0.006076 0.026852
0 0.003038 0.109259 0.006076 0.026852
0 0.003038 0.109259 0.006076 0.026852
0 0.003038 0.109259 0.006076 0.026852
0 0.003038 0.109259 0.006076 0.026852
0 0.003038 0.109259 0.006076 0.026852
0 0.003038 0.109259 0.006076 0.026852
0 0.003038 0.109259 0.006076 0.026852
0 0.003038 0.109259 0.006076 0.026852
0 0.003038 0.109259 0.006076 0.026852
0 0.003038 0.109259 0.006076 0.026852
0 0.003038 0.109259 0.006076 0.026852
0 0.003038 0.109259 0.006076 0.026852
0 0.003038 0.109259 0.006076 0.026852
0 0.003038 0.109259 0.006076 0.026852
0 0.003038 0.109259 0.006076 0.026852
0 0.003038 0.109259 0.006076 0.026852
0 0.003038 0.109259 0.006076 0.026852
0 0.003038 0.109259 0.006076 0.026852
0 0.003038 0.109259 0.006076 0.026852
0 0.003038 0.109259 0.006076 0.026852
0 0.003038 0.109259 0.006076 0.026852
0 0.003038 0.109259 0.006076 0.026852
0 0.003038 0.109259 0.006076 0.026852
0 0.003038 0.109259 0.006076 0.026852
0 0.003038 0.109259 0.006076 0.026852
0 0.003038 0.109259 0.006076 0.026852
0 0.003038 0.109259 0.006076 0.026852
0 0.003038 0.109259 0.006076 0.026852
0 0.003038 0.109259 0.006076 0.026852
0 0.003038 0.109259 0.006076 0.026852
0 0.003038 0.109259 0.006076 0.026852
0 0.003038 0.109259 0.006076 0.026852
0 0.003038 0.109259 0.006076 0.026852
0 0.003038 0.109259 0.006076 0.026852
0 0.003038 0.109259 0.006076 0.026852
0 0.003038 0.109259 0.006076 0.026852
0 0.003038 0.109259 0.006076 0.026852
0 0.003038 0.109259 0.006076 0.026852
0 0.003038 0.109259 0.006076 0.026852
0 0.003038 0.109259 0.006076 0.026852
0 0.003038 0.109259 0.006076 0.026852
0 0.003038 0.109259 0.006076 0.026852
0 0.003038 0.109259 0.006076 0.026852
0 0.003038 0.109259 0.006076 0.026852
0 0.003038 0.109259 0.006076 0.026852
0 0.003038 0.109259 0.006076 0.026852
0 0.003038 0.109259 0.006076 0.026852
0 0.003038 0.109259 0.006076 0.026852
