0 0.191016 0.100154 0.008247 0.024383
0 0.191276 0.097762 0.008247 0.023920
0 0.191493 0.095602 0.008333 0.023920
0 0.191753 0.093441 0.008333 0.023920
0 0.192014 0.091281 0.008333 0.023920
0 0.192361 0.089275 0.007986 0.023302
0 0.192622 0.087114 0.007986 0.023302
0 0.192839 0.084954 0.008073 0.023302
0 0.193099 0.082793 0.008073 0.023302
0 0.193359 0.080556 0.008073 0.023457
0 0.193837 0.078627 0.007986 0.022994
0 0.194054 0.076466 0.008073 0.023920
0 0.194314 0.074306 0.008073 0.024846
0 0.194705 0.072299 0.007812 0.025154
0 0.194965 0.070216 0.007812 0.025926
0 0.195269 0.068519 0.007552 0.026852
0 0.195530 0.066358 0.007552 0.027778
0 0.195790 0.064120 0.007552 0.028549
0 0.196137 0.062191 0.007378 0.029012
0 0.196398 0.060031 0.007378 0.029938
0 0.196745 0.058256 0.007031 0.030710
0 0.197135 0.056096 0.007292 0.030710
0 0.197526 0.054167 0.007552 0.030247
0 0.197830 0.051929 0.007812 0.030401
0 0.198220 0.050000 0.008073 0.029938
0 0.198698 0.047840 0.008507 0.029938
0 0.199089 0.045910 0.008767 0.029475
0 0.199479 0.043750 0.009028 0.029475
0 0.199783 0.041821 0.009288 0.029012
0 0.200174 0.039660 0.009549 0.029012
0 0.200651 0.037886 0.009983 0.029167
0 0.201172 0.035725 0.009983 0.029167
0 0.201866 0.033951 0.009983 0.029012
0 0.202517 0.032022 0.010243 0.028549
0 0.203212 0.030093 0.010243 0.029012
0 0.203863 0.028086 0.010503 0.028704
0 0.204557 0.026389 0.010503 0.028704
0 0.205208 0.024228 0.010764 0.028704
0 0.205903 0.022454 0.010764 0.028549
0 0.206510 0.020525 0.010937 0.028086
0 0.207248 0.018750 0.011024 0.028241
0 0.207509 0.016821 0.011024 0.025926
0 0.207856 0.015355 0.010677 0.023920
0 0.208116 0.013812 0.010677 0.021759
0 0.208464 0.012269 0.010503 0.019599
0 0.208724 0.010802 0.010503 0.017284
0 0.209115 0.009028 0.010243 0.014660
0 0.209288 0.007485 0.010243 0.012500
0 0.209679 0.006019 0.009983 0.010494
0 0.209939 0.004475 0.009983 0.008333
0 0.210417 0.003009 0.010069 0.006019
0 0.211155 0.003241 0.009983 0.006481
0 0.211979 0.003395 0.010243 0.006790
0 0.212891 0.003627 0.010503 0.007253
0 0.213585 0.003858 0.010503 0.007716
0 0.214540 0.004321 0.010503 0.008642
0 0.215451 0.004552 0.010764 0.009105
0 0.216146 0.004707 0.010764 0.009414
0 0.217014 0.004938 0.010937 0.009877
0 0.217839 0.005170 0.011198 0.010340
0 0.218837 0.005633 0.011285 0.011265
0 0.218967 0.006019 0.011545 0.012037
0 0.219054 0.006867 0.011719 0.013117
0 0.219314 0.007485 0.011719 0.014352
0 0.219444 0.008410 0.011979 0.015278
0 0.219705 0.009028 0.011979 0.016512
0 0.219835 0.009877 0.012240 0.017284
0 0.219922 0.010571 0.012413 0.018673
0 0.220182 0.011420 0.012413 0.019444
0 0.220312 0.012114 0.012674 0.020833
0 0.220703 0.012963 0.012934 0.021605
0 0.219922 0.013580 0.012934 0.021296
0 0.219488 0.014506 0.012934 0.021296
0 0.218837 0.015278 0.013194 0.021296
0 0.218273 0.015972 0.012934 0.020833
0 0.217622 0.017052 0.013194 0.020525
0 0.217144 0.017901 0.013108 0.020370
0 0.216406 0.018596 0.013194 0.019907
0 0.215885 0.019444 0.013194 0.020062
0 0.215321 0.020293 0.013455 0.019907
0 0.214800 0.021373 0.013455 0.019599
0 0.213845 0.022068 0.013455 0.020062
0 0.213108 0.022917 0.013368 0.019907
0 0.212370 0.023611 0.013455 0.020370
0 0.211545 0.024383 0.013194 0.020370
0 0.210764 0.025077 0.013194 0.020833
0 0.210069 0.026003 0.013194 0.020833
0 0.209245 0.026620 0.012934 0.021142
0 0.208464 0.027469 0.012934 0.021296
0 0.207769 0.028164 0.012934 0.021759
0 0.206988 0.029012 0.012934 0.021605
0 0.206554 0.029398 0.012934 0.021759
0 0.206293 0.030093 0.012934 0.022222
0 0.206033 0.030478 0.012934 0.022068
0 0.205773 0.031173 0.012934 0.022531
0 0.205512 0.031790 0.012934 0.022222
0 0.205339 0.032407 0.012934 0.022531
0 0.205078 0.032870 0.012934 0.022531
0 0.204818 0.033565 0.012934 0.022994
0 0.204557 0.034028 0.012934 0.022994
0 0.204297 0.034799 0.012934 0.022994
0 0.204297 0.034799 0.012934 0.022994
0 0.204297 0.034799 0.012934 0.022994
0 0.204297 0.034799 0.012934 0.022994
0 0.204297 0.034799 0.012934 0.022994
0 0.204297 0.034799 0.012934 0.022994
0 0.204297 0.034799 0.012934 0.022994
0 0.204297 0.034799 0.012934 0.022994
0 0.204297 0.034799 0.012934 0.022994
0 0.204297 0.034799 0.012934 0.022994
0 0.204297 0.034799 0.012934 0.022994
0 0.204123 0.034182 0.012934 0.022685
0 0.204123 0.033796 0.012934 0.022531
0 0.204123 0.033102 0.012934 0.022068
0 0.204123 0.032639 0.012934 0.022068
0 0.204123 0.032253 0.012934 0.021296
0 0.203863 0.031790 0.012934 0.021296
0 0.203863 0.031096 0.012934 0.020833
0 0.203863 0.030787 0.012934 0.020833
0 0.203863 0.030093 0.012934 0.020370
0 0.203863 0.029861 0.012934 0.019907
0 0.203993 0.028164 0.013194 0.019907
0 0.204210 0.026389 0.013108 0.020062
0 0.204427 0.024614 0.013194 0.019907
0 0.204687 0.023148 0.013194 0.020370
0 0.204948 0.021451 0.013194 0.020370
0 0.205208 0.019599 0.013194 0.020370
0 0.205425 0.018133 0.013108 0.020833
0 0.205642 0.016435 0.013194 0.020833
0 0.205903 0.014738 0.013194 0.020833
0 0.206293 0.013117 0.013455 0.021296
0 0.206293 0.013117 0.013455 0.021296
0 0.206293 0.013117 0.013455 0.021296
0 0.206293 0.013117 0.013455 0.021296
0 0.206293 0.013117 0.013455 0.021296
0 0.206293 0.013117 0.013455 0.021296
0 0.206293 0.013117 0.013455 0.021296
0 0.206293 0.013117 0.013455 0.021296
0 0.206293 0.013117 0.013455 0.021296
0 0.206293 0.013117 0.013455 0.021296
0 0.206293 0.013117 0.013455 0.021296
0 0.206293 0.013117 0.013455 0.021296
0 0.206293 0.013117 0.013455 0.021296
0 0.206293 0.013117 0.013455 0.021296
0 0.206293 0.013117 0.013455 0.021296
0 0.206293 0.013117 0.013455 0.021296
0 0.206293 0.013117 0.013455 0.021296
0 0.206293 0.013117 0.013455 0.021296
0 0.206293 0.013117 0.013455 0.021296
0 0.206293 0.013117 0.013455 0.021296
0 0.206293 0.013117 0.013455 0.021296
0 0.206293 0.013117 0.013455 0.021296
0 0.206293 0.013117 0.013455 0.021296
0 0.206293 0.013117 0.013455 0.021296
0 0.206293 0.013117 0.013455 0.021296
0 0.206293 0.013117 0.013455 0.021296
0 0.206293 0.013117 0.013455 0.021296
0 0.206293 0.013117 0.013455 0.021296
0 0.206293 0.013117 0.013455 0.021296
0 0.206293 0.013117 0.013455 0.021296
0 0.206293 0.013117 0.013455 0.021296
0 0.206293 0.013117 0.013455 0.021296
0 0.206293 0.013117 0.013455 0.021296
0 0.206293 0.013117 0.013455 0.021296
0 0.206293 0.013117 0.013455 0.021296
0 0.206293 0.013117 0.013455 0.021296
0 0.206293 0.013117 0.013455 0.021296
0 0.206293 0.013117 0.013455 0.021296
0 0.206293 0.013117 0.013455 0.021296
0 0.206293 0.013117 0.013455 0.021296
0 0.206293 0.013117 0.013455 0.021296
0 0.206293 0.013117 0.013455 0.021296
0 0.206293 0.013117 0.013455 0.021296
0 0.206293 0.013117 0.013455 0.021296
0 0.206293 0.013117 0.013455 0.021296
0 0.206293 0.013117 0.013455 0.021296
0 0.206293 0.013117 0.013455 0.021296
0 0.206293 0.013117 0.013455 0.021296
0 0.206293 0.013117 0.013455 0.021296
0 0.206293 0.013117 0.013455 0.021296
0 0.206293 0.013117 0.013455 0.021296
