0 0.114540 0.217438 0.005642 0.016975
0 0.114540 0.216590 0.005642 0.016821
0 0.114540 0.216204 0.005642 0.016975
0 0.114540 0.215741 0.005642 0.016975
0 0.114757 0.215278 0.005556 0.016975
0 0.114757 0.214892 0.005556 0.016821
0 0.114757 0.214275 0.005556 0.016512
0 0.115017 0.213812 0.005556 0.016512
0 0.115017 0.213349 0.005556 0.016512
0 0.115017 0.212886 0.005556 0.016512
0 0.115234 0.212500 0.005642 0.016358
0 0.115234 0.211420 0.005642 0.016975
0 0.115234 0.210494 0.005642 0.016975
0 0.115234 0.209645 0.005642 0.016821
0 0.115234 0.208796 0.005642 0.016975
0 0.115234 0.207948 0.005642 0.016821
0 0.115234 0.207099 0.005642 0.016975
0 0.115234 0.206173 0.005642 0.016975
0 0.115234 0.205324 0.005642 0.016821
0 0.115234 0.204475 0.005642 0.016975
0 0.115234 0.203627 0.005642 0.016821
0 0.115234 0.202315 0.005642 0.016975
0 0.115234 0.201389 0.005642 0.016975
0 0.115234 0.200540 0.005642 0.016821
0 0.115495 0.199691 0.005642 0.016975
0 0.115495 0.198843 0.005642 0.016821
0 0.115495 0.197762 0.005642 0.016512
0 0.115755 0.196836 0.005642 0.016512
0 0.115755 0.196065 0.005642 0.016512
0 0.115755 0.195139 0.005642 0.016512
0 0.116016 0.194213 0.005642 0.016512
0 0.116016 0.193441 0.005642 0.016512
0 0.116016 0.192515 0.005642 0.016512
0 0.116016 0.191667 0.005642 0.016358
0 0.116016 0.191049 0.005642 0.016975
0 0.116233 0.190355 0.005556 0.016512
0 0.116233 0.189506 0.005556 0.016358
0 0.116233 0.188889 0.005556 0.016975
0 0.116233 0.187963 0.005556 0.016975
0 0.116233 0.187114 0.005556 0.016821
0 0.116450 0.186728 0.005642 0.016975
0 0.116233 0.185802 0.005556 0.016975
0 0.116233 0.184954 0.005556 0.016821
0 0.116233 0.184491 0.005556 0.016821
0 0.116233 0.183642 0.005556 0.016975
0 0.116233 0.183179 0.005556 0.016975
0 0.116233 0.182330 0.005556 0.016821
0 0.116233 0.181481 0.005556 0.016975
0 0.116233 0.181019 0.005556 0.016975
0 0.116233 0.180170 0.005556 0.016821
0 0.116233 0.179784 0.005556 0.016975
0 0.116016 0.179321 0.005642 0.016975
0 0.116016 0.178858 0.005642 0.016975
0 0.116016 0.178858 0.005642 0.016975
0 0.116016 0.178395 0.005642 0.016975
0 0.116016 0.178395 0.005642 0.016975
0 0.115755 0.178009 0.005642 0.016821
0 0.115755 0.177546 0.005642 0.016821
0 0.115755 0.177546 0.005642 0.016821
0 0.115755 0.177160 0.005642 0.016975
0 0.115755 0.177160 0.005642 0.016975
0 0.115495 0.176698 0.005642 0.016975
0 0.115234 0.176235 0.005642 0.016975
0 0.115234 0.175849 0.005642 0.016821
0 0.115017 0.175849 0.005556 0.016821
0 0.115017 0.175386 0.005556 0.016821
0 0.114757 0.175000 0.005556 0.016975
0 0.114540 0.175000 0.005642 0.016975
0 0.114540 0.174537 0.005642 0.016975
0 0.114280 0.174074 0.005642 0.016975
0 0.114280 0.174074 0.005642 0.016975
0 0.113802 0.173688 0.005556 0.016821
0 0.113542 0.173225 0.005556 0.016821
0 0.113325 0.172840 0.005642 0.016975
0 0.113064 0.172608 0.005642 0.016512
0 0.112804 0.172377 0.005642 0.016975
0 0.112587 0.171914 0.005556 0.016975
0 0.112326 0.171682 0.005556 0.016512
0 0.112109 0.171219 0.005642 0.016512
0 0.111849 0.170833 0.005642 0.016358
0 0.111589 0.170833 0.005642 0.016358
0 0.111111 0.170448 0.005556 0.016512
0 0.110851 0.169985 0.005556 0.016512
0 0.110373 0.169522 0.005642 0.016512
0 0.110113 0.169059 0.005642 0.016512
0 0.109896 0.168904 0.005556 0.016821
0 0.109418 0.168441 0.005642 0.016821
0 0.109158 0.168056 0.005642 0.016975
0 0.108681 0.167593 0.005556 0.016975
0 0.108420 0.167130 0.005556 0.016975
0 0.108203 0.167130 0.005642 0.016975
0 0.107682 0.166744 0.005642 0.016821
0 0.107205 0.166281 0.005556 0.016821
0 0.106988 0.165895 0.005642 0.016975
0 0.106467 0.165432 0.005642 0.016975
0 0.106207 0.164969 0.005642 0.016975
0 0.105729 0.164583 0.005556 0.016821
0 0.105252 0.164120 0.005642 0.016821
0 0.104991 0.163735 0.005642 0.016975
0 0.104514 0.163272 0.005556 0.016975
0 0.104297 0.162809 0.005642 0.016975
0 0.103776 0.162346 0.005642 0.016975
0 0.103299 0.162346 0.005556 0.016975
0 0.102821 0.161960 0.005642 0.016821
0 0.102561 0.161960 0.005642 0.016821
0 0.102083 0.161497 0.005556 0.016821
0 0.101606 0.161497 0.005642 0.016821
0 0.101345 0.161111 0.005642 0.016975
0 0.100868 0.161111 0.005556 0.016975
0 0.100391 0.160648 0.005642 0.016975
0 0.100130 0.160648 0.005642 0.016975
0 0.099653 0.160185 0.005556 0.016975
0 0.099175 0.159954 0.005642 0.016512
0 0.098655 0.159954 0.005642 0.016512
0 0.098177 0.159568 0.005556 0.016358
0 0.097700 0.159568 0.005642 0.016358
0 0.097179 0.159414 0.005642 0.016049
0 0.096701 0.158951 0.005556 0.016049
0 0.096224 0.158951 0.005642 0.016049
0 0.095747 0.158719 0.005556 0.015586
0 0.095399 0.158719 0.005382 0.015586
0 0.094878 0.158256 0.005382 0.015586
0 0.094358 0.158025 0.005382 0.016049
0 0.094054 0.158025 0.005642 0.016049
0 0.093663 0.157562 0.005382 0.016049
0 0.093273 0.157562 0.005642 0.016049
0 0.092795 0.157407 0.005556 0.016358
0 0.092448 0.157022 0.005382 0.016512
0 0.092057 0.157022 0.005642 0.016512
0 0.091580 0.156790 0.005556 0.016975
0 0.091363 0.156790 0.005642 0.016975
0 0.090842 0.156327 0.005642 0.016975
0 0.090365 0.156327 0.005556 0.016975
0 0.089887 0.155864 0.005642 0.016975
0 0.089366 0.155864 0.005642 0.016975
0 0.088889 0.155401 0.005556 0.016975
0 0.088411 0.155401 0.005642 0.016975
0 0.087934 0.155015 0.005556 0.016821
0 0.087457 0.155015 0.005642 0.016821
0 0.086936 0.154552 0.005642 0.016821
0 0.086458 0.154552 0.005556 0.016821
0 0.085981 0.154167 0.005642 0.016975
0 0.085460 0.153704 0.005642 0.016975
0 0.085026 0.153704 0.005642 0.016975
0 0.084505 0.153241 0.005642 0.016975
0 0.084028 0.153241 0.005556 0.016975
0 0.083550 0.152855 0.005642 0.016821
0 0.083030 0.152392 0.005642 0.016821
0 0.082552 0.152392 0.005556 0.016821
0 0.082075 0.152006 0.005642 0.016975
0 0.081814 0.152006 0.005642 0.016975
0 0.081337 0.151543 0.005556 0.016975
0 0.081120 0.151543 0.005642 0.016975
0 0.080599 0.151543 0.005642 0.016975
0 0.080339 0.151080 0.005642 0.016975
0 0.079861 0.151080 0.005556 0.016975
0 0.079644 0.151080 0.005642 0.016975
0 0.079123 0.150694 0.005642 0.016821
0 0.078906 0.150694 0.005556 0.016821
0 0.078429 0.150694 0.005642 0.016821
0 0.078168 0.150694 0.005642 0.016821
0 0.077691 0.149846 0.005556 0.016975
0 0.077431 0.149383 0.005556 0.016975
0 0.076953 0.148457 0.005642 0.016975
0 0.076693 0.148071 0.005642 0.016821
0 0.076215 0.147685 0.005556 0.016975
0 0.075955 0.146759 0.005556 0.016975
0 0.075477 0.146296 0.005642 0.016975
0 0.075217 0.145448 0.005642 0.016821
0 0.074740 0.145062 0.005556 0.016975
0 0.074523 0.144599 0.005642 0.016975
0 0.074132 0.144136 0.005382 0.016975
0 0.073872 0.143750 0.005382 0.016821
0 0.073655 0.143287 0.005295 0.016821
0 0.073437 0.143133 0.005382 0.016512
0 0.073177 0.142670 0.005382 0.016512
0 0.072917 0.142207 0.005382 0.016512
0 0.072656 0.141975 0.005382 0.016049
0 0.072396 0.141512 0.005382 0.016049
0 0.072222 0.141204 0.005382 0.016049
0 0.072092 0.141204 0.005122 0.016049
