0 0.066840 0.214892 0.005382 0.023920
0 0.067405 0.214429 0.005642 0.023920
0 0.068186 0.214198 0.005642 0.023457
0 0.068793 0.214198 0.005816 0.023457
0 0.069618 0.213735 0.006076 0.023457
0 0.070269 0.213735 0.006337 0.023457
0 0.070964 0.213503 0.006337 0.022994
0 0.071701 0.213194 0.006771 0.022994
0 0.072439 0.213194 0.006858 0.022994
0 0.073047 0.212963 0.007031 0.022531
0 0.073872 0.212963 0.007292 0.022531
0 0.074132 0.212500 0.007292 0.022531
0 0.074653 0.212269 0.007292 0.022994
0 0.074957 0.212037 0.007552 0.022531
0 0.075347 0.211806 0.007292 0.022994
0 0.075868 0.211806 0.007292 0.022994
0 0.076215 0.211343 0.007639 0.022994
0 0.076562 0.211188 0.007292 0.023302
0 0.076953 0.211034 0.007552 0.022994
0 0.077431 0.210802 0.007639 0.023457
0 0.077908 0.210802 0.007552 0.023457
0 0.078299 0.210340 0.007292 0.023457
0 0.078906 0.209877 0.007118 0.023457
0 0.079514 0.209414 0.006771 0.023457
0 0.079991 0.209182 0.006858 0.022994
0 0.080642 0.208873 0.006597 0.022994
0 0.081207 0.208410 0.006337 0.022994
0 0.081727 0.208179 0.006337 0.022531
0 0.082292 0.207716 0.006076 0.022531
0 0.082943 0.207253 0.005816 0.022531
0 0.083550 0.207022 0.005642 0.022068
0 0.084028 0.206636 0.005556 0.022222
0 0.084766 0.206250 0.005642 0.022068
0 0.085373 0.205787 0.005816 0.022068
0 0.086111 0.205787 0.005903 0.022068
0 0.086849 0.205324 0.005816 0.022068
0 0.087326 0.204861 0.005903 0.022068
0 0.088064 0.204861 0.005816 0.022068
0 0.088628 0.204475 0.006076 0.022222
0 0.089410 0.204012 0.006076 0.022222
0 0.090104 0.204012 0.006076 0.022222
0 0.090625 0.203627 0.006076 0.022068
0 0.091102 0.203164 0.006163 0.022068
0 0.091580 0.202701 0.006076 0.022068
0 0.092101 0.202315 0.006076 0.022222
0 0.092535 0.202083 0.006076 0.021759
0 0.093056 0.201620 0.006076 0.021759
0 0.093533 0.201235 0.006163 0.021605
0 0.094010 0.200772 0.006076 0.021605
0 0.094531 0.200386 0.006076 0.021759
0 0.095009 0.200386 0.006163 0.021759
0 0.095486 0.199923 0.006076 0.021759
0 0.096007 0.199460 0.006076 0.021759
0 0.096441 0.199074 0.006076 0.021605
0 0.097092 0.199074 0.005816 0.021605
0 0.097569 0.198611 0.005903 0.021605
0 0.098047 0.198148 0.005816 0.021605
0 0.098655 0.198148 0.005642 0.021605
0 0.099175 0.197762 0.005642 0.021759
0 0.099653 0.197299 0.005556 0.021759
0 0.100391 0.197299 0.005642 0.021759
0 0.100868 0.196836 0.005556 0.021759
0 0.101345 0.196605 0.005642 0.021296
0 0.102083 0.196451 0.005556 0.021605
0 0.102561 0.196219 0.005642 0.021142
0 0.103299 0.195988 0.005556 0.021605
0 0.103776 0.195833 0.005642 0.021296
0 0.104297 0.195370 0.005642 0.021296
0 0.104991 0.195370 0.005642 0.021296
0 0.105512 0.194907 0.005642 0.021296
0 0.106207 0.194907 0.005642 0.021296
0 0.106467 0.194444 0.005642 0.021296
0 0.106988 0.194059 0.005642 0.021142
0 0.107422 0.193673 0.005642 0.021296
0 0.107943 0.193673 0.005642 0.021296
0 0.108420 0.193210 0.005556 0.021296
0 0.108681 0.192747 0.005556 0.021296
0 0.109158 0.192747 0.005642 0.021296
0 0.109635 0.192284 0.005556 0.021296
0 0.110113 0.191898 0.005642 0.021142
0 0.110634 0.191898 0.005642 0.021142
0 0.111111 0.191435 0.005556 0.021142
0 0.111589 0.191049 0.005642 0.021296
0 0.112109 0.190586 0.005642 0.021296
0 0.112587 0.190123 0.005556 0.021296
0 0.113064 0.190123 0.005642 0.021296
0 0.113542 0.189660 0.005556 0.021296
0 0.114019 0.189275 0.005642 0.021142
0 0.114540 0.188889 0.005642 0.021296
0 0.115017 0.188426 0.005556 0.021296
0 0.115495 0.188426 0.005642 0.021296
0 0.115755 0.187963 0.005642 0.021296
0 0.116233 0.187731 0.005556 0.021759
0 0.116450 0.187500 0.005642 0.021296
0 0.116970 0.187346 0.005642 0.021605
0 0.117231 0.187114 0.005642 0.021142
0 0.117708 0.186883 0.005556 0.021605
0 0.117925 0.186497 0.005642 0.021759
0 0.118446 0.186497 0.005642 0.021759
0 0.118663 0.186034 0.005556 0.021759
0 0.119141 0.186034 0.005642 0.021759
0 0.119401 0.185571 0.005642 0.021759
0 0.119878 0.185185 0.005556 0.021605
0 0.120139 0.184722 0.005556 0.021605
0 0.120616 0.184722 0.005642 0.021605
0 0.120877 0.184336 0.005642 0.021759
0 0.121354 0.183873 0.005556 0.021759
0 0.121615 0.183873 0.005556 0.021759
0 0.122092 0.183410 0.005642 0.021759
0 0.122352 0.183025 0.005642 0.021605
0 0.122830 0.183025 0.005556 0.021605
0 0.122830 0.182562 0.005556 0.021605
0 0.123047 0.182562 0.005642 0.021605
0 0.123307 0.182099 0.005642 0.021605
0 0.123568 0.182099 0.005642 0.021605
0 0.123785 0.181713 0.005556 0.021759
0 0.123785 0.181713 0.005556 0.021759
0 0.124045 0.181250 0.005556 0.021759
0 0.124262 0.181250 0.005642 0.021759
0 0.124523 0.180787 0.005642 0.021759
0 0.124783 0.180787 0.005642 0.021759
0 0.124783 0.180401 0.005642 0.021605
0 0.124783 0.180401 0.005642 0.021605
0 0.124783 0.179938 0.005642 0.021605
0 0.124783 0.179938 0.005642 0.021605
0 0.125043 0.179938 0.005642 0.021605
0 0.125043 0.179552 0.005642 0.021759
0 0.125043 0.179552 0.005642 0.021759
0 0.125043 0.179090 0.005642 0.021759
0 0.125043 0.179090 0.005642 0.021759
0 0.125260 0.179090 0.005556 0.021759
0 0.125043 0.178627 0.005642 0.021759
0 0.124913 0.178627 0.005382 0.021759
0 0.124783 0.178627 0.005642 0.021759
0 0.124653 0.178627 0.005382 0.021759
0 0.124523 0.178627 0.005642 0.021759
0 0.124392 0.178627 0.005382 0.021759
0 0.124132 0.178627 0.005382 0.021759
0 0.124132 0.178627 0.005382 0.021759
0 0.123915 0.178627 0.005295 0.021759
0 0.123915 0.178627 0.005295 0.021759
0 0.123915 0.178241 0.005295 0.021605
0 0.123915 0.178241 0.005295 0.021605
0 0.123915 0.177778 0.005295 0.021605
0 0.123915 0.177778 0.005295 0.021605
0 0.123915 0.177392 0.005295 0.021759
0 0.123915 0.177392 0.005295 0.021759
0 0.123915 0.176929 0.005295 0.021759
0 0.123915 0.176929 0.005295 0.021759
0 0.123915 0.176466 0.005295 0.021759
0 0.124132 0.176466 0.005382 0.021759
0 0.124132 0.176080 0.005382 0.021605
0 0.124132 0.176080 0.005382 0.021605
0 0.124132 0.176080 0.005382 0.021605
0 0.124392 0.175617 0.005382 0.021605
0 0.124392 0.175617 0.005382 0.021605
0 0.124392 0.175617 0.005382 0.021605
0 0.124653 0.175154 0.005382 0.021605
0 0.124653 0.175154 0.005382 0.021605
0 0.124653 0.175154 0.005382 0.021605
0 0.124913 0.175154 0.005382 0.021605
0 0.125174 0.174769 0.005382 0.021759
0 0.125347 0.174769 0.005382 0.021759
0 0.125608 0.174306 0.005382 0.021759
0 0.125868 0.174306 0.005382 0.021759
0 0.126389 0.174306 0.005382 0.021759
0 0.126606 0.173843 0.005295 0.021759
0 0.126823 0.173843 0.005382 0.021759
0 0.127083 0.173457 0.005382 0.021605
0 0.127344 0.173457 0.005382 0.021605
0 0.127821 0.173457 0.005295 0.021605
0 0.128038 0.172994 0.005382 0.021605
0 0.128299 0.172840 0.005382 0.021296
0 0.128559 0.172840 0.005382 0.021296
0 0.128819 0.172608 0.005382 0.020833
0 0.129080 0.172377 0.005382 0.020370
0 0.129514 0.172145 0.005382 0.020833
0 0.129774 0.171914 0.005382 0.020370
0 0.130035 0.171682 0.005382 0.019907
0 0.130295 0.171682 0.005382 0.019907
0 0.130512 0.171528 0.005295 0.019599
