0 0.000477 0.000849 0.000955 0.001698
0 0.005339 0.032253 0.001997 0.004012
0 0.010330 0.064120 0.002604 0.006019
0 0.015191 0.095988 0.003646 0.008333
0 0.020356 0.127932 0.004601 0.010494
0 0.025217 0.159799 0.005642 0.012500
0 0.030252 0.191204 0.006337 0.014815
0 0.035200 0.223148 0.007552 0.016975
0 0.040234 0.255015 0.008247 0.018981
0 0.045095 0.286883 0.009288 0.021296
0 0.050260 0.318827 0.010243 0.023457
0 0.050260 0.318827 0.010243 0.023457
0 0.050260 0.318827 0.010243 0.023457
0 0.050260 0.318827 0.010243 0.023457
0 0.050260 0.318827 0.010243 0.023457
0 0.050260 0.318827 0.010243 0.023457
0 0.050260 0.318827 0.010243 0.023457
0 0.050260 0.318827 0.010243 0.023457
0 0.050260 0.318827 0.010243 0.023457
0 0.050260 0.318827 0.010243 0.023457
0 0.050260 0.318827 0.010243 0.023457
0 0.050260 0.318827 0.010243 0.023457
0 0.050260 0.318827 0.010243 0.023457
0 0.050260 0.318827 0.010243 0.023457
0 0.050260 0.318827 0.010243 0.023457
0 0.050260 0.318827 0.010243 0.023457
0 0.050260 0.318827 0.010243 0.023457
0 0.050260 0.318827 0.010243 0.023457
0 0.050260 0.318827 0.010243 0.023457
0 0.050260 0.318827 0.010243 0.023457
0 0.050260 0.318827 0.010243 0.023457
0 0.050260 0.318827 0.010243 0.023457
0 0.050260 0.318827 0.010243 0.023457
0 0.050260 0.318827 0.010243 0.023457
0 0.050260 0.318827 0.010243 0.023457
0 0.050260 0.318827 0.010243 0.023457
0 0.050260 0.318827 0.010243 0.023457
0 0.050260 0.318827 0.010243 0.023457
0 0.050260 0.318827 0.010243 0.023457
0 0.050260 0.318827 0.010243 0.023457
0 0.050260 0.318827 0.010243 0.023457
0 0.050260 0.318827 0.010243 0.023457
0 0.050260 0.318827 0.010243 0.023457
0 0.050260 0.318827 0.010243 0.023457
0 0.050260 0.318827 0.010243 0.023457
0 0.050260 0.318827 0.010243 0.023457
0 0.050260 0.318827 0.010243 0.023457
0 0.050260 0.318827 0.010243 0.023457
0 0.050260 0.318827 0.010243 0.023457
0 0.050260 0.318827 0.010243 0.023457
0 0.050260 0.318827 0.010243 0.023457
0 0.050260 0.318827 0.010243 0.023457
0 0.050260 0.318827 0.010243 0.023457
0 0.050260 0.318827 0.010243 0.023457
0 0.050260 0.318827 0.010243 0.023457
0 0.050260 0.318827 0.010243 0.023457
0 0.050260 0.318827 0.010243 0.023457
0 0.050260 0.318827 0.010243 0.023457
0 0.050260 0.318827 0.010243 0.023457
0 0.050260 0.318827 0.010243 0.023457
0 0.050260 0.318827 0.010243 0.023457
0 0.050260 0.318827 0.010243 0.023457
0 0.050260 0.318827 0.010243 0.023457
0 0.050260 0.318827 0.010243 0.023457
0 0.050260 0.318827 0.010243 0.023457
0 0.050260 0.318827 0.010243 0.023457
0 0.050260 0.318827 0.010243 0.023457
0 0.050260 0.318827 0.010243 0.023457
0 0.050260 0.318827 0.010243 0.023457
0 0.050260 0.318827 0.010243 0.023457
0 0.050260 0.318827 0.010243 0.023457
0 0.050260 0.318827 0.010243 0.023457
0 0.050260 0.318827 0.010243 0.023457
0 0.050260 0.318827 0.010243 0.023457
0 0.050260 0.318827 0.010243 0.023457
0 0.050260 0.318827 0.010243 0.023457
0 0.050260 0.318827 0.010243 0.023457
0 0.050260 0.318827 0.010243 0.023457
0 0.050260 0.318827 0.010243 0.023457
0 0.050260 0.318827 0.010243 0.023457
0 0.050260 0.318827 0.010243 0.023457
0 0.050260 0.318827 0.010243 0.023457
0 0.050260 0.318827 0.010243 0.023457
0 0.050260 0.318827 0.010243 0.023457
0 0.050260 0.318827 0.010243 0.023457
0 0.050260 0.318827 0.010243 0.023457
0 0.050260 0.318827 0.010243 0.023457
0 0.050260 0.318827 0.010243 0.023457
0 0.050260 0.318827 0.010243 0.023457
0 0.050260 0.318827 0.010243 0.023457
0 0.050260 0.318827 0.010243 0.023457
0 0.050260 0.318827 0.010243 0.023457
0 0.050260 0.318827 0.010243 0.023457
0 0.050260 0.318827 0.010243 0.023457
0 0.050260 0.318827 0.010243 0.023457
0 0.050260 0.318827 0.010243 0.023457
0 0.050260 0.318827 0.010243 0.023457
0 0.050260 0.318827 0.010243 0.023457
0 0.050260 0.318827 0.010243 0.023457
0 0.050260 0.318827 0.010243 0.023457
0 0.050260 0.318827 0.010243 0.023457
0 0.050260 0.318827 0.010243 0.023457
0 0.050260 0.318827 0.010243 0.023457
0 0.050260 0.318827 0.010243 0.023457
0 0.050260 0.318827 0.010243 0.023457
0 0.050260 0.318827 0.010243 0.023457
0 0.050260 0.318827 0.010243 0.023457
0 0.050260 0.318827 0.010243 0.023457
0 0.050260 0.318827 0.010243 0.023457
0 0.050260 0.318827 0.010243 0.023457
0 0.050260 0.318827 0.010243 0.023457
0 0.050130 0.318827 0.010503 0.023457
0 0.050130 0.318827 0.010503 0.023457
0 0.050130 0.318827 0.010503 0.023457
0 0.050130 0.318827 0.010503 0.023457
0 0.050130 0.318827 0.010503 0.023457
0 0.050130 0.318827 0.010503 0.023457
0 0.050130 0.318827 0.010503 0.023457
0 0.050130 0.318827 0.010503 0.023457
0 0.050130 0.318827 0.010503 0.023457
0 0.050130 0.318827 0.010503 0.023457
0 0.049870 0.317670 0.010503 0.023920
0 0.049870 0.316821 0.010503 0.023765
0 0.049740 0.315741 0.010243 0.024383
0 0.049609 0.314892 0.010503 0.024228
0 0.049609 0.313966 0.010503 0.025154
0 0.049479 0.313194 0.010243 0.025154
0 0.049349 0.312037 0.010503 0.025617
0 0.049219 0.311188 0.010243 0.025463
0 0.049219 0.310108 0.010243 0.026080
0 0.049219 0.309491 0.010243 0.026389
0 0.049132 0.308565 0.010417 0.026389
0 0.049262 0.307716 0.010677 0.026543
0 0.049262 0.306867 0.011198 0.026389
0 0.049392 0.305941 0.011458 0.026389
0 0.049523 0.305093 0.011719 0.026543
0 0.049392 0.304244 0.011979 0.026389
0 0.049479 0.303395 0.012153 0.026543
0 0.049479 0.302546 0.012674 0.026389
0 0.049609 0.301620 0.012934 0.026389
0 0.049740 0.301003 0.013194 0.027006
0 0.049479 0.300309 0.013194 0.026543
0 0.049349 0.299691 0.012934 0.025926
0 0.049219 0.299074 0.013194 0.025617
0 0.049089 0.298380 0.012934 0.025154
0 0.049002 0.297917 0.013108 0.024228
0 0.048915 0.297299 0.012934 0.023920
0 0.048655 0.296605 0.012934 0.023457
0 0.048655 0.296065 0.012934 0.022994
0 0.048394 0.295370 0.012934 0.022531
0 0.048394 0.294907 0.012934 0.021605
0 0.048394 0.294290 0.012934 0.022222
0 0.048524 0.294059 0.013194 0.022685
0 0.048524 0.293441 0.013194 0.022994
0 0.048655 0.293210 0.013455 0.023457
0 0.048655 0.292978 0.013455 0.023920
0 0.048741 0.292284 0.013628 0.024383
0 0.048741 0.292130 0.013628 0.024691
0 0.048872 0.291435 0.013889 0.025154
0 0.048872 0.291204 0.013889 0.025617
0 0.049132 0.290972 0.013889 0.026080
0 0.049132 0.289969 0.013368 0.025617
0 0.049219 0.289043 0.012674 0.025617
0 0.049392 0.288194 0.011979 0.025463
0 0.049523 0.287346 0.011198 0.025617
0 0.049740 0.286651 0.010764 0.025154
0 0.049870 0.285880 0.009983 0.025154
0 0.049957 0.284954 0.009288 0.025154
0 0.050087 0.284028 0.008507 0.025154
0 0.050260 0.283256 0.007812 0.025154
0 0.050477 0.282562 0.007378 0.024691
0 0.050477 0.281867 0.007378 0.024228
0 0.050564 0.281481 0.007552 0.024383
0 0.050825 0.281019 0.007552 0.024383
0 0.050955 0.280633 0.007812 0.024228
0 0.051215 0.280170 0.007812 0.024228
0 0.051215 0.279552 0.007812 0.023920
0 0.051345 0.279090 0.008073 0.023920
0 0.051562 0.278627 0.007986 0.023920
0 0.051693 0.278241 0.008247 0.023765
0 0.051910 0.278009 0.008333 0.023302
