0 0.141146 0.095833 0.006076 0.009568
0 0.140365 0.095833 0.006076 0.009568
0 0.139931 0.095833 0.006076 0.009568
0 0.139149 0.095833 0.006076 0.009568
0 0.138672 0.095833 0.006163 0.009568
0 0.137934 0.096219 0.006076 0.009414
0 0.137457 0.096219 0.006163 0.009414
0 0.136719 0.096219 0.006076 0.009414
0 0.136241 0.096219 0.006163 0.009414
0 0.135503 0.096219 0.006076 0.009414
0 0.135026 0.096605 0.006163 0.009568
0 0.134809 0.096605 0.006076 0.009568
0 0.134809 0.096605 0.006076 0.009568
0 0.134809 0.096605 0.006076 0.009568
0 0.134809 0.096605 0.006076 0.009568
0 0.134809 0.096836 0.006076 0.009105
0 0.134549 0.096836 0.006076 0.009105
0 0.134549 0.096836 0.006076 0.009105
0 0.134549 0.096836 0.006076 0.009105
0 0.134549 0.096836 0.006076 0.009105
0 0.134549 0.097068 0.006076 0.008642
0 0.134809 0.096836 0.006076 0.008179
0 0.135113 0.096836 0.006337 0.008179
0 0.135503 0.096836 0.006597 0.008179
0 0.135894 0.096836 0.006337 0.008179
0 0.136241 0.096836 0.006510 0.008179
0 0.136589 0.096836 0.006858 0.008179
0 0.136979 0.096836 0.006597 0.008179
0 0.137370 0.096836 0.006858 0.008179
0 0.137717 0.096836 0.007031 0.008179
0 0.138194 0.096836 0.007118 0.008179
0 0.137934 0.096836 0.007118 0.008179
0 0.137717 0.096836 0.007031 0.008179
0 0.137457 0.096836 0.007031 0.008179
0 0.137240 0.096836 0.007118 0.008179
0 0.136979 0.096836 0.007118 0.008179
0 0.136719 0.096836 0.007118 0.008179
0 0.136502 0.096836 0.007031 0.008179
0 0.136241 0.096836 0.007031 0.008179
0 0.135981 0.096836 0.007031 0.008179
0 0.135764 0.096836 0.007118 0.008179
0 0.135026 0.096836 0.007031 0.008179
0 0.134288 0.096836 0.007118 0.008179
0 0.133550 0.096836 0.007031 0.008179
0 0.132812 0.097299 0.007118 0.008179
0 0.132075 0.097299 0.007031 0.008179
0 0.131380 0.097299 0.007031 0.008179
0 0.130642 0.097762 0.007118 0.008179
0 0.129905 0.097762 0.007031 0.008179
0 0.129167 0.097762 0.007118 0.008179
0 0.128429 0.098225 0.007031 0.008179
0 0.127951 0.098225 0.007118 0.008179
0 0.127691 0.098225 0.007118 0.008179
0 0.127214 0.098225 0.007031 0.008179
0 0.126953 0.098225 0.007031 0.008179
0 0.126736 0.098225 0.007118 0.008179
0 0.126215 0.098225 0.007118 0.008179
0 0.125998 0.098225 0.007031 0.008179
0 0.125521 0.098225 0.007118 0.008179
0 0.125260 0.098225 0.007118 0.008179
0 0.125000 0.098611 0.007118 0.008333
0 0.124523 0.098611 0.007031 0.008333
0 0.124306 0.098611 0.007118 0.008333
0 0.123785 0.098611 0.007118 0.008333
0 0.123568 0.098611 0.007031 0.008333
0 0.123307 0.098611 0.007031 0.008333
0 0.122830 0.098611 0.007118 0.008333
0 0.122569 0.098611 0.007118 0.008333
0 0.122092 0.098611 0.007031 0.008333
0 0.121832 0.098611 0.007031 0.008333
0 0.121615 0.099074 0.007118 0.008333
0 0.121832 0.098611 0.007031 0.008333
0 0.122092 0.098611 0.007031 0.008333
0 0.122352 0.098611 0.007031 0.008333
0 0.122569 0.098611 0.007118 0.008333
0 0.123047 0.098611 0.007031 0.008333
0 0.123307 0.098611 0.007031 0.008333
0 0.123568 0.098611 0.007031 0.008333
0 0.123785 0.098611 0.007118 0.008333
0 0.124045 0.098611 0.007118 0.008333
0 0.124523 0.098611 0.007031 0.008333
0 0.124523 0.098380 0.007031 0.007870
0 0.124783 0.098380 0.007031 0.007870
0 0.124783 0.098380 0.007031 0.007870
0 0.125000 0.098380 0.007118 0.007870
0 0.125260 0.098380 0.007118 0.007870
0 0.125260 0.098380 0.007118 0.007870
0 0.125521 0.098380 0.007118 0.007870
0 0.125521 0.098380 0.007118 0.007870
0 0.125738 0.098380 0.007031 0.007870
0 0.125998 0.098380 0.007031 0.007870
0 0.122700 0.098843 0.007378 0.007870
0 0.119531 0.099306 0.007292 0.007870
0 0.116363 0.099691 0.007378 0.007716
0 0.113064 0.100154 0.007552 0.007716
0 0.109852 0.101003 0.007552 0.007870
0 0.106727 0.101466 0.007552 0.007870
0 0.103385 0.101852 0.007812 0.007716
0 0.100260 0.102315 0.007812 0.007716
0 0.097049 0.102701 0.007812 0.007870
0 0.094054 0.103627 0.008073 0.007870
0 0.085590 0.106636 0.008333 0.007716
0 0.077300 0.109645 0.008767 0.007870
0 0.068924 0.113194 0.009028 0.007870
0 0.060720 0.116204 0.009288 0.007716
0 0.052300 0.119676 0.009462 0.007870
0 0.044010 0.122685 0.010069 0.007716
0 0.035720 0.125694 0.009983 0.007870
0 0.027387 0.129244 0.010503 0.007870
0 0.019010 0.132253 0.010764 0.007716
0 0.010807 0.135725 0.011024 0.007870
0 0.010807 0.135725 0.011024 0.007870
0 0.010807 0.135725 0.011024 0.007870
0 0.010807 0.135725 0.011024 0.007870
0 0.010807 0.135725 0.011024 0.007870
0 0.010807 0.135725 0.011024 0.007870
0 0.010807 0.135725 0.011024 0.007870
0 0.010807 0.135725 0.011024 0.007870
0 0.010807 0.135725 0.011024 0.007870
0 0.010807 0.135725 0.011024 0.007870
0 0.010807 0.135725 0.011024 0.007870
0 0.010807 0.135725 0.011024 0.007870
0 0.010807 0.135725 0.011024 0.007870
0 0.010807 0.135725 0.011024 0.007870
0 0.010807 0.135725 0.011024 0.007870
0 0.010807 0.135725 0.011024 0.007870
0 0.010807 0.135725 0.011024 0.007870
0 0.010807 0.135725 0.011024 0.007870
0 0.010807 0.135725 0.011024 0.007870
0 0.010807 0.135725 0.011024 0.007870
0 0.010807 0.135725 0.011024 0.007870
0 0.010807 0.135725 0.011024 0.007870
0 0.010807 0.135725 0.011024 0.007870
0 0.010807 0.135725 0.011024 0.007870
0 0.010807 0.135725 0.011024 0.007870
0 0.010807 0.135725 0.011024 0.007870
0 0.010807 0.135725 0.011024 0.007870
0 0.010807 0.135725 0.011024 0.007870
0 0.010807 0.135725 0.011024 0.007870
0 0.010807 0.135725 0.011024 0.007870
0 0.010807 0.135725 0.011024 0.007870
0 0.010807 0.135725 0.011024 0.007870
0 0.010807 0.135725 0.011024 0.007870
0 0.010807 0.135725 0.011024 0.007870
0 0.010807 0.135725 0.011024 0.007870
0 0.010807 0.135725 0.011024 0.007870
0 0.010807 0.135725 0.011024 0.007870
0 0.010807 0.135725 0.011024 0.007870
0 0.010807 0.135725 0.011024 0.007870
0 0.010807 0.135725 0.011024 0.007870
0 0.010807 0.135725 0.011024 0.007870
0 0.010807 0.135725 0.011024 0.007870
0 0.010807 0.135725 0.011024 0.007870
0 0.010807 0.135725 0.011024 0.007870
0 0.010807 0.135725 0.011024 0.007870
0 0.010807 0.135725 0.011024 0.007870
0 0.010807 0.135725 0.011024 0.007870
0 0.010807 0.135725 0.011024 0.007870
0 0.010807 0.135725 0.011024 0.007870
0 0.010807 0.135725 0.011024 0.007870
0 0.010807 0.135725 0.011024 0.007870
0 0.009852 0.138349 0.010503 0.007870
0 0.009115 0.140895 0.010069 0.007716
0 0.008377 0.143519 0.009462 0.007716
0 0.007639 0.146296 0.009028 0.007407
0 0.006901 0.148920 0.008594 0.007407
0 0.005946 0.151543 0.008073 0.007407
0 0.005208 0.154398 0.007639 0.006944
0 0.004470 0.157022 0.007031 0.006944
0 0.003733 0.159568 0.006597 0.006790
0 0.003038 0.162577 0.006076 0.006944
0 0.004123 0.162577 0.006337 0.006944
0 0.005339 0.163040 0.006337 0.006944
0 0.006554 0.163272 0.006337 0.007407
0 0.007639 0.163503 0.006597 0.006944
0 0.008984 0.163735 0.006858 0.007407
0 0.010200 0.164120 0.006858 0.007253
0 0.011285 0.164120 0.007118 0.007253
0 0.012543 0.164506 0.007031 0.007407
0 0.013759 0.164738 0.007031 0.007870
0 0.015104 0.165201 0.007292 0.007870
