0 0.243490 0.204012 0.009722 0.016975
0 0.243012 0.206173 0.009809 0.016975
0 0.242535 0.208333 0.009722 0.016975
0 0.242144 0.210725 0.009462 0.016512
0 0.241667 0.212886 0.009549 0.016512
0 0.241406 0.215509 0.009549 0.016512
0 0.240929 0.217670 0.009462 0.016512
0 0.240451 0.219830 0.009549 0.016512
0 0.240061 0.222222 0.009288 0.016049
0 0.239583 0.224383 0.009201 0.016049
0 0.239366 0.227006 0.009288 0.016049
0 0.238976 0.229167 0.009549 0.016049
0 0.238715 0.231327 0.009549 0.016049
0 0.238498 0.233488 0.009462 0.016049
0 0.238238 0.236111 0.009462 0.016049
0 0.238021 0.238272 0.009549 0.016049
0 0.237630 0.240432 0.009809 0.016049
0 0.237413 0.243056 0.009722 0.016049
0 0.237153 0.245216 0.009722 0.016049
0 0.236892 0.247377 0.009722 0.016049
0 0.236762 0.250000 0.009983 0.016049
0 0.236545 0.252160 0.010069 0.016049
0 0.236285 0.254784 0.010069 0.016049
0 0.236068 0.256944 0.009983 0.016049
0 0.235807 0.259568 0.009983 0.016049
0 0.235807 0.262191 0.009983 0.016049
0 0.235547 0.264352 0.009983 0.016049
0 0.235286 0.266975 0.009983 0.016049
0 0.235069 0.269136 0.010069 0.016049
0 0.234852 0.271759 0.009983 0.016049
0 0.234852 0.274383 0.009983 0.016049
0 0.234592 0.276698 0.009983 0.016358
0 0.234462 0.279090 0.010243 0.016821
0 0.234462 0.281481 0.010243 0.017284
0 0.234332 0.283873 0.010503 0.017747
0 0.234332 0.286497 0.010503 0.017747
0 0.234071 0.288889 0.010503 0.018210
0 0.233984 0.291281 0.010677 0.018673
0 0.233984 0.293596 0.010677 0.018981
0 0.233854 0.295988 0.010937 0.019444
0 0.233854 0.298611 0.010937 0.019444
0 0.233854 0.300772 0.010937 0.019444
0 0.233854 0.303395 0.010937 0.019444
0 0.233854 0.305787 0.010937 0.018981
0 0.233854 0.308333 0.010937 0.019136
0 0.233854 0.310725 0.010937 0.018673
0 0.233854 0.313349 0.010937 0.018673
0 0.233854 0.315741 0.010937 0.018210
0 0.233854 0.318364 0.010937 0.018210
0 0.233854 0.320756 0.010937 0.017747
0 0.233854 0.323380 0.010937 0.017747
0 0.233854 0.323380 0.010937 0.017747
0 0.233854 0.323380 0.010937 0.017747
0 0.233854 0.323380 0.010937 0.017747
0 0.233854 0.323380 0.010937 0.017747
0 0.233854 0.323380 0.010937 0.017747
0 0.233854 0.323380 0.010937 0.017747
0 0.233854 0.323380 0.010937 0.017747
0 0.233854 0.323380 0.010937 0.017747
0 0.233854 0.323380 0.010937 0.017747
0 0.233854 0.323380 0.010937 0.017747
0 0.233854 0.323380 0.010937 0.017747
0 0.233854 0.323380 0.010937 0.017747
0 0.233854 0.323380 0.010937 0.017747
0 0.233854 0.323380 0.010937 0.017747
0 0.233854 0.323380 0.010937 0.017747
0 0.233854 0.323380 0.010937 0.017747
0 0.233854 0.323380 0.010937 0.017747
0 0.233854 0.323380 0.010937 0.017747
0 0.233854 0.323380 0.010937 0.017747
0 0.233854 0.323380 0.010937 0.017747
0 0.233854 0.323380 0.010937 0.017747
0 0.233854 0.323380 0.010937 0.017747
0 0.233854 0.323380 0.010937 0.017747
0 0.233854 0.323380 0.010937 0.017747
0 0.233854 0.323380 0.010937 0.017747
0 0.233854 0.323380 0.010937 0.017747
0 0.233854 0.323380 0.010937 0.017747
0 0.233854 0.323380 0.010937 0.017747
0 0.233854 0.323380 0.010937 0.017747
0 0.233854 0.323380 0.010937 0.017747
0 0.233854 0.323380 0.010937 0.017747
0 0.233854 0.323380 0.010937 0.017747
0 0.233854 0.323380 0.010937 0.017747
0 0.233854 0.323380 0.010937 0.017747
0 0.233854 0.323380 0.010937 0.017747
0 0.233854 0.323380 0.010937 0.017747
0 0.233854 0.323380 0.010937 0.017747
0 0.233854 0.323380 0.010937 0.017747
0 0.233854 0.323380 0.010937 0.017747
0 0.233854 0.323380 0.010937 0.017747
0 0.233854 0.323380 0.010937 0.017747
0 0.233854 0.323380 0.010937 0.017747
0 0.233854 0.323380 0.010937 0.017747
0 0.233854 0.323380 0.010937 0.017747
0 0.233854 0.323380 0.010937 0.017747
0 0.233854 0.323380 0.010937 0.017747
0 0.233854 0.323380 0.010937 0.017747
0 0.233854 0.323380 0.010937 0.017747
0 0.233854 0.323380 0.010937 0.017747
0 0.233854 0.323380 0.010937 0.017747
0 0.233854 0.323380 0.010937 0.017747
0 0.233854 0.323380 0.010937 0.017747
0 0.233854 0.323380 0.010937 0.017747
0 0.233854 0.323380 0.010937 0.017747
0 0.233854 0.323380 0.010937 0.017747
0 0.233854 0.323380 0.010937 0.017747
0 0.233854 0.323380 0.010937 0.017747
0 0.233854 0.323380 0.010937 0.017747
0 0.233854 0.323380 0.010937 0.017747
0 0.233854 0.323380 0.010937 0.017747
0 0.233854 0.323380 0.010937 0.017747
0 0.233854 0.323380 0.010937 0.017747
0 0.233854 0.323380 0.010937 0.017747
0 0.233854 0.323380 0.010937 0.017747
0 0.233854 0.323380 0.010937 0.017747
0 0.233854 0.323380 0.010937 0.017747
0 0.233854 0.323380 0.010937 0.017747
0 0.233854 0.323380 0.010937 0.017747
0 0.233854 0.323380 0.010937 0.017747
0 0.233854 0.323380 0.010937 0.017747
0 0.233854 0.323380 0.010937 0.017747
0 0.233854 0.323380 0.010937 0.017747
0 0.233854 0.323380 0.010937 0.017747
0 0.233854 0.323380 0.010937 0.017747
0 0.233854 0.323380 0.010937 0.017747
0 0.233854 0.323380 0.010937 0.017747
0 0.233854 0.323380 0.010937 0.017747
0 0.233854 0.323380 0.010937 0.017747
0 0.233854 0.323380 0.010937 0.017747
0 0.233854 0.323380 0.010937 0.017747
0 0.233854 0.323380 0.010937 0.017747
0 0.233854 0.323380 0.010937 0.017747
0 0.233854 0.323380 0.010937 0.017747
0 0.233854 0.323380 0.010937 0.017747
0 0.233854 0.323380 0.010937 0.017747
0 0.233854 0.323380 0.010937 0.017747
0 0.233854 0.323380 0.010937 0.017747
0 0.233854 0.323380 0.010937 0.017747
0 0.233854 0.323380 0.010937 0.017747
0 0.233854 0.323380 0.010937 0.017747
0 0.233854 0.323380 0.010937 0.017747
0 0.233854 0.323380 0.010937 0.017747
0 0.233854 0.323380 0.010937 0.017747
0 0.233854 0.323380 0.010937 0.017747
0 0.233854 0.323380 0.010937 0.017747
0 0.233854 0.323380 0.010937 0.017747
0 0.233854 0.323380 0.010937 0.017747
0 0.233854 0.323380 0.010937 0.017747
0 0.233854 0.323380 0.010937 0.017747
0 0.233854 0.323380 0.010937 0.017747
0 0.233854 0.323380 0.010937 0.017747
0 0.233854 0.323380 0.010937 0.017747
0 0.233854 0.323380 0.010937 0.017747
0 0.233854 0.323380 0.010937 0.017747
0 0.233854 0.323380 0.010937 0.017747
0 0.233854 0.323380 0.010937 0.017747
0 0.233854 0.323380 0.010937 0.017747
0 0.233854 0.323380 0.010937 0.017747
0 0.233854 0.323380 0.010937 0.017747
0 0.233854 0.323380 0.010937 0.017747
0 0.233854 0.323380 0.010937 0.017747
0 0.233854 0.323380 0.010937 0.017747
0 0.233854 0.323380 0.010937 0.017747
0 0.233854 0.323380 0.010937 0.017747
0 0.233854 0.323380 0.010937 0.017747
0 0.233854 0.323380 0.010937 0.017747
0 0.233854 0.323380 0.010937 0.017747
0 0.233854 0.323380 0.010937 0.017747
0 0.233854 0.323380 0.010937 0.017747
0 0.233854 0.323380 0.010937 0.017747
0 0.233854 0.323380 0.010937 0.017747
0 0.233854 0.323380 0.010937 0.017747
0 0.233854 0.323380 0.010937 0.017747
0 0.233854 0.323380 0.010937 0.017747
0 0.233854 0.323380 0.010937 0.017747
0 0.233854 0.323380 0.010937 0.017747
0 0.233854 0.323380 0.010937 0.017747
0 0.233854 0.323380 0.010937 0.017747
0 0.233854 0.323380 0.010937 0.017747
0 0.233854 0.323380 0.010937 0.017747
