0 0.148090 0.007099 0.011285 0.014198
0 0.147960 0.006481 0.010503 0.012963
0 0.147830 0.006019 0.009722 0.012037
0 0.147830 0.005401 0.009201 0.010802
0 0.147830 0.004938 0.008333 0.009877
0 0.147830 0.004552 0.007812 0.009105
0 0.147700 0.003858 0.007031 0.007716
0 0.147700 0.003395 0.006163 0.006790
0 0.147700 0.002778 0.005642 0.005556
0 0.147569 0.002315 0.004861 0.004630
0 0.147743 0.001929 0.004167 0.003858
0 0.147743 0.001929 0.004167 0.003858
0 0.147743 0.001929 0.004167 0.003858
0 0.147743 0.001929 0.004167 0.003858
0 0.147743 0.001929 0.004167 0.003858
0 0.147743 0.001929 0.004167 0.003858
0 0.147743 0.001929 0.004167 0.003858
0 0.147743 0.001929 0.004167 0.003858
0 0.147743 0.001929 0.004167 0.003858
0 0.147743 0.001929 0.004167 0.003858
0 0.147743 0.001929 0.004167 0.003858
0 0.147743 0.001929 0.004167 0.003858
0 0.147743 0.001929 0.004167 0.003858
0 0.147743 0.001929 0.004167 0.003858
0 0.147743 0.001929 0.004167 0.003858
0 0.147743 0.001929 0.004167 0.003858
0 0.147743 0.001929 0.004167 0.003858
0 0.147743 0.001929 0.004167 0.003858
0 0.147743 0.001929 0.004167 0.003858
0 0.147743 0.001929 0.004167 0.003858
0 0.147743 0.001929 0.004167 0.003858
0 0.147743 0.001929 0.004167 0.003858
0 0.147743 0.001929 0.004167 0.003858
0 0.147743 0.001929 0.004167 0.003858
0 0.147743 0.001929 0.004167 0.003858
0 0.147743 0.001929 0.004167 0.003858
0 0.147743 0.001929 0.004167 0.003858
0 0.147743 0.001929 0.004167 0.003858
0 0.147743 0.001929 0.004167 0.003858
0 0.147743 0.001929 0.004167 0.003858
0 0.147743 0.001929 0.004167 0.003858
0 0.147743 0.001929 0.004167 0.003858
0 0.147743 0.001929 0.004167 0.003858
0 0.147743 0.001929 0.004167 0.003858
0 0.147743 0.001929 0.004167 0.003858
0 0.147743 0.001929 0.004167 0.003858
0 0.147743 0.001929 0.004167 0.003858
0 0.147743 0.001929 0.004167 0.003858
0 0.147743 0.001929 0.004167 0.003858
0 0.147743 0.001929 0.004167 0.003858
0 0.147743 0.001929 0.004167 0.003858
0 0.147743 0.001929 0.004167 0.003858
0 0.147743 0.001929 0.004167 0.003858
0 0.147743 0.001929 0.004167 0.003858
0 0.147743 0.001929 0.004167 0.003858
0 0.147743 0.001929 0.004167 0.003858
0 0.147743 0.001929 0.004167 0.003858
0 0.147743 0.001929 0.004167 0.003858
0 0.147743 0.001929 0.004167 0.003858
0 0.147743 0.001929 0.004167 0.003858
0 0.147743 0.001929 0.004167 0.003858
0 0.147743 0.001929 0.004167 0.003858
0 0.147743 0.001929 0.004167 0.003858
0 0.147743 0.001929 0.004167 0.003858
0 0.147743 0.001929 0.004167 0.003858
0 0.147743 0.001929 0.004167 0.003858
0 0.147743 0.001929 0.004167 0.003858
0 0.147743 0.001929 0.004167 0.003858
0 0.147743 0.001929 0.004167 0.003858
0 0.147743 0.001929 0.004167 0.003858
0 0.147743 0.001929 0.004167 0.003858
0 0.147743 0.001929 0.004167 0.003858
0 0.147743 0.001929 0.004167 0.003858
0 0.147743 0.001929 0.004167 0.003858
0 0.147743 0.001929 0.004167 0.003858
0 0.147743 0.001929 0.004167 0.003858
0 0.147743 0.001929 0.004167 0.003858
0 0.147743 0.001929 0.004167 0.003858
0 0.147743 0.001929 0.004167 0.003858
0 0.147743 0.001929 0.004167 0.003858
0 0.147743 0.001929 0.004167 0.003858
0 0.147743 0.001929 0.004167 0.003858
0 0.147743 0.001929 0.004167 0.003858
0 0.147743 0.001929 0.004167 0.003858
0 0.147743 0.001929 0.004167 0.003858
0 0.147743 0.001929 0.004167 0.003858
0 0.147743 0.001929 0.004167 0.003858
0 0.147743 0.001929 0.004167 0.003858
0 0.147743 0.001929 0.004167 0.003858
0 0.147743 0.001929 0.004167 0.003858
0 0.147743 0.001929 0.004167 0.003858
0 0.147743 0.001929 0.004167 0.003858
0 0.147743 0.001929 0.004167 0.003858
0 0.147743 0.001929 0.004167 0.003858
0 0.147743 0.001929 0.004167 0.003858
0 0.147743 0.001929 0.004167 0.003858
0 0.147743 0.001929 0.004167 0.003858
0 0.147743 0.001929 0.004167 0.003858
0 0.147743 0.001929 0.004167 0.003858
0 0.147743 0.001929 0.004167 0.003858
0 0.147743 0.001929 0.004167 0.003858
0 0.147743 0.001929 0.004167 0.003858
0 0.147743 0.001929 0.004167 0.003858
0 0.147743 0.001929 0.004167 0.003858
0 0.147743 0.001929 0.004167 0.003858
0 0.147743 0.001929 0.004167 0.003858
0 0.147743 0.001929 0.004167 0.003858
0 0.147743 0.001929 0.004167 0.003858
0 0.147743 0.001929 0.004167 0.003858
0 0.147743 0.001929 0.004167 0.003858
0 0.147743 0.001929 0.004167 0.003858
0 0.147743 0.001929 0.004167 0.003858
0 0.147743 0.001929 0.004167 0.003858
0 0.147743 0.001929 0.004167 0.003858
0 0.147743 0.001929 0.004167 0.003858
0 0.147743 0.001929 0.004167 0.003858
0 0.147743 0.001929 0.004167 0.003858
0 0.147743 0.001929 0.004167 0.003858
0 0.147743 0.001929 0.004167 0.003858
0 0.147743 0.001929 0.004167 0.003858
0 0.147743 0.001929 0.004167 0.003858
0 0.147743 0.001929 0.004167 0.003858
0 0.147743 0.001929 0.004167 0.003858
0 0.147743 0.001929 0.004167 0.003858
0 0.147743 0.001929 0.004167 0.003858
0 0.147743 0.001929 0.004167 0.003858
0 0.147743 0.001929 0.004167 0.003858
0 0.147743 0.001929 0.004167 0.003858
0 0.147743 0.001929 0.004167 0.003858
0 0.147743 0.001929 0.004167 0.003858
0 0.147743 0.001929 0.004167 0.003858
0 0.147743 0.001929 0.004167 0.003858
0 0.147743 0.001929 0.004167 0.003858
0 0.147743 0.001929 0.004167 0.003858
0 0.147743 0.001929 0.004167 0.003858
0 0.147743 0.001929 0.004167 0.003858
0 0.147743 0.001929 0.004167 0.003858
0 0.147743 0.001929 0.004167 0.003858
0 0.147743 0.001929 0.004167 0.003858
0 0.147743 0.001929 0.004167 0.003858
0 0.147743 0.001929 0.004167 0.003858
0 0.147743 0.001929 0.004167 0.003858
0 0.147743 0.001929 0.004167 0.003858
0 0.147743 0.001929 0.004167 0.003858
0 0.147743 0.001929 0.004167 0.003858
0 0.147743 0.001929 0.004167 0.003858
0 0.147743 0.001929 0.004167 0.003858
0 0.147743 0.001929 0.004167 0.003858
0 0.147743 0.001929 0.004167 0.003858
0 0.147743 0.001929 0.004167 0.003858
