0 0.073524 0.146991 0.006076 0.019907
0 0.074045 0.146991 0.006076 0.019907
0 0.074479 0.146991 0.006076 0.019907
0 0.075000 0.146991 0.006076 0.019907
0 0.075477 0.146991 0.006163 0.019907
0 0.075955 0.146991 0.006076 0.019907
0 0.076476 0.146991 0.006076 0.019907
0 0.076953 0.146991 0.006163 0.019907
0 0.077431 0.146991 0.006076 0.019907
0 0.077951 0.146991 0.006076 0.019907
0 0.078646 0.146991 0.006076 0.019907
0 0.079167 0.146528 0.006076 0.019907
0 0.079601 0.146528 0.006076 0.019907
0 0.080122 0.146528 0.006076 0.019907
0 0.080599 0.146142 0.006163 0.020062
0 0.081337 0.146142 0.006076 0.020062
0 0.081814 0.146142 0.006163 0.020062
0 0.082292 0.145679 0.006076 0.020062
0 0.082812 0.145679 0.006076 0.020062
0 0.083290 0.145679 0.006163 0.020062
0 0.084028 0.145679 0.006076 0.020062
0 0.084505 0.145293 0.006163 0.019907
0 0.085243 0.145293 0.006076 0.019907
0 0.085851 0.144830 0.006424 0.019907
0 0.086458 0.144830 0.006076 0.019907
0 0.087196 0.144367 0.006163 0.019907
0 0.087804 0.144367 0.006337 0.019907
0 0.088411 0.143904 0.006163 0.019907
0 0.089019 0.143904 0.006337 0.019907
0 0.089757 0.143519 0.006424 0.020062
0 0.090495 0.143519 0.006337 0.020062
0 0.091016 0.143133 0.006337 0.019907
0 0.091710 0.143133 0.006337 0.019907
0 0.092318 0.143133 0.006163 0.019907
0 0.092925 0.143133 0.006337 0.019907
0 0.093663 0.143133 0.006424 0.019907
0 0.094271 0.143133 0.006076 0.019907
0 0.094878 0.143133 0.006424 0.019907
0 0.095486 0.143133 0.006076 0.019907
0 0.096224 0.143133 0.006163 0.019907
0 0.096962 0.143133 0.006076 0.019907
0 0.097439 0.142670 0.006163 0.019907
0 0.098177 0.142438 0.006076 0.019444
0 0.098785 0.141975 0.005903 0.019444
0 0.099523 0.141975 0.005816 0.019444
0 0.100130 0.141590 0.005642 0.019599
0 0.100868 0.141358 0.005556 0.019136
0 0.101476 0.141127 0.005382 0.019599
0 0.102170 0.140895 0.005382 0.019136
0 0.102821 0.140432 0.005122 0.019136
0 0.103516 0.140432 0.005122 0.019136
0 0.104036 0.140046 0.005122 0.018981
0 0.104731 0.140046 0.005122 0.018981
0 0.105512 0.139660 0.005122 0.019136
0 0.106207 0.139660 0.005122 0.019136
0 0.106988 0.139660 0.005122 0.019136
0 0.107422 0.139198 0.005122 0.019136
0 0.108203 0.139198 0.005122 0.019136
0 0.108898 0.138735 0.005122 0.019136
0 0.109679 0.138735 0.005122 0.019136
0 0.110373 0.138735 0.005122 0.019136
0 0.110894 0.138272 0.005122 0.019136
0 0.111589 0.138272 0.005122 0.019136
0 0.112109 0.138272 0.005122 0.019136
0 0.112804 0.138272 0.005122 0.019136
0 0.113325 0.138272 0.005122 0.019136
0 0.114019 0.137886 0.005122 0.018981
0 0.114540 0.137886 0.005122 0.018981
0 0.115234 0.137886 0.005122 0.018981
0 0.115755 0.137886 0.005122 0.018981
0 0.116450 0.137886 0.005122 0.018981
0 0.116970 0.137423 0.005122 0.018981
0 0.117491 0.137037 0.005122 0.019136
0 0.117925 0.136574 0.005122 0.019136
0 0.118576 0.136111 0.005382 0.019136
0 0.119141 0.135725 0.005122 0.018981
0 0.119661 0.135262 0.005122 0.018981
0 0.120226 0.134877 0.005382 0.019136
0 0.120747 0.134414 0.005382 0.019136
0 0.121267 0.133951 0.005382 0.019136
0 0.121962 0.133488 0.005382 0.019136
0 0.122483 0.133102 0.005382 0.018981
0 0.122917 0.132716 0.005382 0.019136
0 0.123437 0.132253 0.005382 0.019136
0 0.124132 0.132253 0.005382 0.019136
0 0.124653 0.131790 0.005382 0.019136
0 0.125174 0.131327 0.005382 0.019136
0 0.125868 0.131327 0.005382 0.019136
0 0.126389 0.130941 0.005382 0.018981
0 0.126823 0.130478 0.005382 0.018981
0 0.127604 0.130478 0.005382 0.018981
0 0.127821 0.130093 0.005295 0.019136
0 0.128299 0.129630 0.005382 0.019136
0 0.128819 0.129167 0.005382 0.019136
0 0.129253 0.128781 0.005382 0.018981
0 0.129774 0.128318 0.005382 0.018981
0 0.130295 0.127932 0.005382 0.019136
0 0.130729 0.127469 0.005382 0.019136
0 0.131250 0.127006 0.005382 0.019136
0 0.131727 0.126620 0.005295 0.018981
0 0.132205 0.126620 0.005382 0.018981
0 0.132726 0.126157 0.005382 0.018981
0 0.133160 0.126157 0.005382 0.018981
0 0.133681 0.125772 0.005382 0.019136
0 0.134201 0.125772 0.005382 0.019136
0 0.134635 0.125309 0.005382 0.019136
0 0.135156 0.125309 0.005382 0.019136
0 0.135634 0.124846 0.005295 0.019136
0 0.136111 0.124846 0.005382 0.019136
0 0.136632 0.124383 0.005382 0.019136
0 0.137326 0.124383 0.005382 0.019136
0 0.137587 0.123997 0.005382 0.018981
0 0.137847 0.123611 0.005382 0.019136
0 0.138281 0.123380 0.005382 0.018673
0 0.138542 0.122917 0.005382 0.018673
0 0.139062 0.122917 0.005382 0.018673
0 0.139323 0.122454 0.005382 0.018673
0 0.139540 0.121991 0.005295 0.018673
0 0.140017 0.121759 0.005382 0.018210
0 0.140278 0.121451 0.005382 0.018210
0 0.140755 0.121451 0.005295 0.018210
0 0.140972 0.120988 0.005382 0.018210
0 0.141493 0.120988 0.005382 0.018210
0 0.141753 0.120525 0.005382 0.018210
0 0.142187 0.120525 0.005382 0.018210
0 0.142448 0.120062 0.005382 0.018210
0 0.142969 0.120062 0.005382 0.018210
0 0.143229 0.119599 0.005382 0.018210
0 0.143663 0.119599 0.005382 0.018210
0 0.143924 0.119290 0.005382 0.018210
0 0.144444 0.119290 0.005382 0.018210
0 0.144661 0.118827 0.005295 0.018210
0 0.145139 0.118364 0.005382 0.018210
0 0.145399 0.117901 0.005382 0.018210
0 0.145877 0.117901 0.005295 0.018210
0 0.146354 0.117438 0.005382 0.018210
0 0.146615 0.117052 0.005382 0.018364
0 0.147135 0.117052 0.005382 0.018364
0 0.147309 0.116667 0.005382 0.018210
0 0.147830 0.116204 0.005382 0.018210
0 0.148351 0.116204 0.005382 0.018210
0 0.148351 0.115741 0.005382 0.018210
0 0.148568 0.115741 0.005295 0.018210
0 0.148785 0.115278 0.005382 0.018210
0 0.149045 0.115278 0.005382 0.018210
0 0.149306 0.114815 0.005382 0.018210
0 0.149566 0.114815 0.005382 0.018210
0 0.149783 0.114506 0.005295 0.018210
0 0.150000 0.114506 0.005382 0.018210
0 0.150260 0.114043 0.005382 0.018210
0 0.150521 0.114043 0.005382 0.018210
0 0.150781 0.113349 0.005382 0.017747
0 0.151128 0.112886 0.005208 0.017747
0 0.151606 0.112500 0.005122 0.017901
0 0.151997 0.112114 0.004861 0.017747
0 0.152474 0.111651 0.004948 0.017747
0 0.152691 0.110957 0.004861 0.017284
0 0.153082 0.110571 0.004601 0.017438
0 0.153559 0.110108 0.004687 0.017438
0 0.153950 0.109645 0.004427 0.017438
0 0.154427 0.109414 0.004340 0.016975
0 0.154644 0.109028 0.004427 0.016821
0 0.155165 0.109028 0.004427 0.016821
0 0.155642 0.109028 0.004340 0.016821
0 0.156120 0.108642 0.004427 0.016975
0 0.156641 0.108642 0.004427 0.016975
0 0.156858 0.108642 0.004340 0.016975
0 0.157335 0.108179 0.004427 0.016975
0 0.157856 0.108179 0.004427 0.016975
0 0.158333 0.108179 0.004340 0.016975
0 0.158811 0.108179 0.004427 0.016975
0 0.158811 0.108179 0.004427 0.016975
0 0.159071 0.108179 0.004427 0.016975
0 0.159201 0.108179 0.004167 0.016975
0 0.159288 0.108179 0.004340 0.016975
0 0.159418 0.108179 0.004080 0.016975
0 0.159635 0.108410 0.004167 0.016512
0 0.159766 0.108410 0.003906 0.016512
0 0.159896 0.108410 0.004167 0.016512
0 0.160026 0.108410 0.003906 0.016512
0 0.160286 0.108410 0.003906 0.016512
