0 0.033767 0.219213 0.010937 0.029167
0 0.030339 0.197068 0.009983 0.026543
0 0.026910 0.175386 0.009028 0.023920
0 0.023611 0.153472 0.007812 0.020833
0 0.020312 0.131790 0.007118 0.018210
0 0.017057 0.109877 0.005816 0.015123
0 0.013628 0.087963 0.004861 0.012963
0 0.010330 0.066127 0.004167 0.010031
0 0.007031 0.044444 0.002951 0.007407
0 0.003602 0.022531 0.001997 0.004321
0 0.000477 0.000849 0.000955 0.001698
0 0.000477 0.000849 0.000955 0.001698
0 0.000477 0.000849 0.000955 0.001698
0 0.000477 0.000849 0.000955 0.001698
0 0.000477 0.000849 0.000955 0.001698
0 0.000477 0.000849 0.000955 0.001698
0 0.000477 0.000849 0.000955 0.001698
0 0.000477 0.000849 0.000955 0.001698
0 0.000477 0.000849 0.000955 0.001698
0 0.000477 0.000849 0.000955 0.001698
0 0.000477 0.000849 0.000955 0.001698
0 0.000477 0.000849 0.000955 0.001698
0 0.000477 0.000849 0.000955 0.001698
0 0.000477 0.000849 0.000955 0.001698
0 0.000477 0.000849 0.000955 0.001698
0 0.000477 0.000849 0.000955 0.001698
0 0.000477 0.000849 0.000955 0.001698
0 0.000477 0.000849 0.000955 0.001698
0 0.000477 0.000849 0.000955 0.001698
0 0.000477 0.000849 0.000955 0.001698
0 0.000477 0.000849 0.000955 0.001698
0 0.000477 0.000849 0.000955 0.001698
0 0.000477 0.000849 0.000955 0.001698
0 0.000477 0.000849 0.000955 0.001698
0 0.000477 0.000849 0.000955 0.001698
0 0.000477 0.000849 0.000955 0.001698
0 0.000477 0.000849 0.000955 0.001698
0 0.000477 0.000849 0.000955 0.001698
0 0.000477 0.000849 0.000955 0.001698
0 0.000477 0.000849 0.000955 0.001698
0 0.000477 0.000849 0.000955 0.001698
0 0.000477 0.000849 0.000955 0.001698
0 0.000477 0.000849 0.000955 0.001698
0 0.000477 0.000849 0.000955 0.001698
0 0.000477 0.000849 0.000955 0.001698
0 0.000477 0.000849 0.000955 0.001698
0 0.000477 0.000849 0.000955 0.001698
0 0.000477 0.000849 0.000955 0.001698
0 0.000477 0.000849 0.000955 0.001698
0 0.000477 0.000849 0.000955 0.001698
0 0.000477 0.000849 0.000955 0.001698
0 0.003602 0.022531 0.001997 0.004321
0 0.007031 0.044444 0.002951 0.007407
0 0.010330 0.066127 0.004167 0.010031
0 0.013628 0.087963 0.004861 0.012963
0 0.017057 0.109877 0.005816 0.015123
0 0.020312 0.131790 0.007118 0.018210
0 0.023611 0.153472 0.007812 0.020833
0 0.026910 0.175386 0.009028 0.023920
0 0.030339 0.197068 0.009983 0.026543
0 0.033767 0.219213 0.010937 0.029167
0 0.037891 0.216821 0.011024 0.028704
0 0.042057 0.214429 0.011024 0.028241
0 0.046181 0.212500 0.010937 0.027778
0 0.050347 0.210108 0.010937 0.027315
0 0.054601 0.208179 0.010764 0.026852
0 0.058767 0.205787 0.010764 0.026389
0 0.062934 0.203395 0.010764 0.025926
0 0.067057 0.201389 0.010677 0.025617
0 0.071224 0.198997 0.010677 0.025154
0 0.075477 0.197068 0.010503 0.024691
0 0.078559 0.195833 0.010243 0.024691
0 0.081684 0.194907 0.009722 0.024691
0 0.084896 0.193827 0.009722 0.024383
0 0.088064 0.192747 0.009288 0.024691
0 0.091319 0.191898 0.009028 0.024846
0 0.094401 0.190818 0.008767 0.024228
0 0.097569 0.189660 0.008333 0.024691
0 0.100738 0.188657 0.008247 0.024228
0 0.103906 0.187731 0.007812 0.024228
0 0.107205 0.186883 0.007639 0.024383
0 0.108898 0.186034 0.007552 0.024228
0 0.110894 0.185571 0.007552 0.024228
0 0.112804 0.185185 0.007552 0.024383
0 0.114800 0.184336 0.007552 0.024228
0 0.116710 0.183873 0.007552 0.024228
0 0.118576 0.183410 0.007812 0.024228
0 0.120486 0.182562 0.007812 0.024383
0 0.122483 0.182099 0.007812 0.024383
0 0.124392 0.181713 0.007812 0.024228
0 0.126389 0.181250 0.007812 0.024228
0 0.126823 0.181250 0.007812 0.024228
0 0.127344 0.181250 0.007812 0.024228
0 0.127865 0.181250 0.007812 0.024228
0 0.128559 0.181250 0.007812 0.024228
0 0.129080 0.181250 0.007812 0.024228
0 0.129514 0.181250 0.007812 0.024228
0 0.130295 0.181250 0.007812 0.024228
0 0.130729 0.181250 0.007812 0.024228
0 0.131250 0.181250 0.007812 0.024228
0 0.131944 0.181250 0.007812 0.024228
0 0.132986 0.180787 0.007812 0.024228
0 0.134201 0.180787 0.007812 0.024228
0 0.135417 0.180401 0.007812 0.024383
0 0.136372 0.180401 0.007812 0.024383
0 0.137587 0.179938 0.007812 0.024383
0 0.138802 0.179938 0.007812 0.024383
0 0.139757 0.179552 0.007812 0.024228
0 0.140972 0.179552 0.007812 0.024228
0 0.142187 0.179090 0.007812 0.024228
0 0.143403 0.179090 0.007812 0.024228
0 0.144878 0.178627 0.007812 0.024228
0 0.146354 0.178241 0.007812 0.024383
0 0.148090 0.177778 0.007812 0.024383
0 0.149566 0.177778 0.007812 0.024383
0 0.151215 0.177392 0.007812 0.024228
0 0.152691 0.176929 0.007812 0.024228
0 0.154167 0.176929 0.007812 0.024228
0 0.155903 0.176466 0.007812 0.024228
0 0.157378 0.176080 0.007812 0.024383
0 0.159028 0.176080 0.007812 0.024383
0 0.160634 0.176080 0.007552 0.024383
0 0.162370 0.176080 0.007552 0.024383
0 0.164062 0.176080 0.007639 0.024383
0 0.165755 0.176080 0.007552 0.024383
0 0.167491 0.176080 0.007552 0.024383
0 0.169184 0.176080 0.007639 0.024383
0 0.170877 0.176080 0.007552 0.024383
0 0.172613 0.176080 0.007552 0.024383
0 0.174306 0.176080 0.007639 0.024383
0 0.175998 0.176080 0.007552 0.024383
0 0.177214 0.176080 0.007552 0.024383
0 0.178689 0.176466 0.007552 0.024228
0 0.180165 0.176466 0.007552 0.024228
0 0.181641 0.176929 0.007552 0.024228
0 0.183116 0.176929 0.007552 0.024228
0 0.184332 0.177392 0.007552 0.024228
0 0.185807 0.177392 0.007552 0.024228
0 0.187240 0.177778 0.007639 0.024383
0 0.188672 0.177778 0.007552 0.024383
0 0.190148 0.178241 0.007552 0.024383
0 0.191363 0.178241 0.007552 0.024383
0 0.192578 0.178627 0.007552 0.024228
0 0.193837 0.178627 0.007639 0.024228
0 0.195052 0.179090 0.007639 0.024228
0 0.196484 0.179552 0.007552 0.024228
0 0.197700 0.179552 0.007552 0.024228
0 0.198958 0.179938 0.007639 0.024383
0 0.200174 0.179938 0.007639 0.024383
0 0.201432 0.180401 0.007552 0.024383
0 0.202865 0.180787 0.007639 0.024228
0 0.204080 0.180787 0.007639 0.024228
0 0.205295 0.180787 0.007639 0.024228
0 0.206771 0.180787 0.007639 0.024228
0 0.207986 0.180787 0.007639 0.024228
0 0.209418 0.180787 0.007552 0.024228
0 0.210634 0.180787 0.007552 0.024228
0 0.211892 0.180787 0.007639 0.024228
0 0.213325 0.180787 0.007552 0.024228
0 0.214540 0.180787 0.007552 0.024228
0 0.216016 0.180787 0.007552 0.024228
0 0.218229 0.181250 0.007639 0.024228
0 0.220443 0.182099 0.007552 0.024383
0 0.222613 0.182562 0.007552 0.024383
0 0.224826 0.183410 0.007639 0.024228
0 0.227040 0.183873 0.007552 0.024228
0 0.229210 0.184722 0.007552 0.024383
0 0.231380 0.185185 0.007552 0.024383
0 0.233637 0.186034 0.007552 0.024228
0 0.235807 0.186497 0.007552 0.024228
0 0.238238 0.187346 0.007552 0.024383
0 0.240538 0.188194 0.007292 0.024228
0 0.243012 0.189043 0.007378 0.024383
0 0.245443 0.190123 0.007378 0.023765
0 0.248003 0.191204 0.007118 0.024383
0 0.250434 0.192130 0.007118 0.024383
0 0.252865 0.193210 0.007118 0.023765
0 0.255339 0.194059 0.007031 0.023920
0 0.257899 0.195139 0.006771 0.024228
0 0.260330 0.196219 0.006771 0.023920
0 0.262760 0.197068 0.006771 0.023765
