0 0.243229 0.139120 0.009722 0.020833
0 0.242752 0.138812 0.009809 0.020833
0 0.242274 0.138812 0.009722 0.020833
0 0.241797 0.138580 0.009809 0.020370
0 0.241406 0.138349 0.010069 0.020833
0 0.241059 0.138117 0.009722 0.020370
0 0.240538 0.138117 0.009722 0.020370
0 0.240191 0.137654 0.010069 0.020370
0 0.239714 0.137654 0.009983 0.020370
0 0.239193 0.137423 0.009983 0.019907
0 0.238976 0.137423 0.010069 0.019907
0 0.238628 0.137191 0.009722 0.020370
0 0.238368 0.136960 0.009722 0.020833
0 0.238108 0.136806 0.009722 0.021142
0 0.237891 0.136574 0.009809 0.021605
0 0.237760 0.136343 0.009549 0.022068
0 0.237500 0.136111 0.009549 0.022531
0 0.237283 0.135880 0.009462 0.022994
0 0.237023 0.135648 0.009462 0.023457
0 0.236806 0.135494 0.009549 0.023765
0 0.236675 0.135494 0.009288 0.024691
0 0.236024 0.135262 0.009028 0.024228
0 0.235590 0.135262 0.009028 0.024228
0 0.235069 0.135262 0.009028 0.023302
0 0.234462 0.135262 0.008854 0.023302
0 0.233984 0.135417 0.008767 0.022994
0 0.233464 0.135262 0.008767 0.022685
0 0.232899 0.135262 0.008507 0.022685
0 0.232378 0.135262 0.008507 0.021759
0 0.231901 0.135262 0.008594 0.021759
0 0.231510 0.135494 0.008333 0.021296
0 0.231293 0.135031 0.008247 0.021296
0 0.231033 0.134799 0.008247 0.021759
0 0.231033 0.134799 0.008247 0.021759
0 0.230816 0.134645 0.008333 0.022068
0 0.230816 0.134645 0.008333 0.022068
0 0.230556 0.134414 0.008333 0.022531
0 0.230295 0.134182 0.008333 0.022994
0 0.230295 0.134182 0.008333 0.022994
0 0.230078 0.133951 0.008247 0.023457
0 0.230078 0.133951 0.008247 0.023457
0 0.229470 0.133488 0.008073 0.023457
0 0.229080 0.133488 0.007812 0.023457
0 0.228646 0.133488 0.007812 0.023457
0 0.228255 0.133102 0.007552 0.023302
0 0.227734 0.133102 0.007552 0.023302
0 0.227257 0.133102 0.007118 0.023302
0 0.226780 0.132716 0.007031 0.023457
0 0.226432 0.132716 0.006858 0.023457
0 0.225911 0.132716 0.006858 0.023457
0 0.225521 0.132716 0.006597 0.023457
0 0.224826 0.132485 0.006597 0.022994
0 0.224089 0.132716 0.006510 0.022531
0 0.223351 0.132870 0.006597 0.022222
0 0.222743 0.132870 0.006771 0.021296
0 0.222135 0.133102 0.006597 0.020833
0 0.221441 0.133102 0.006597 0.020833
0 0.220790 0.133102 0.006858 0.019907
0 0.220052 0.133333 0.006771 0.019444
0 0.219314 0.133488 0.006858 0.019136
0 0.218837 0.133719 0.006771 0.018673
0 0.218229 0.133719 0.007118 0.018673
0 0.217752 0.133719 0.007031 0.018673
0 0.217274 0.133719 0.007118 0.018673
0 0.216667 0.133719 0.007292 0.018673
0 0.216276 0.133719 0.007552 0.018673
0 0.215799 0.133719 0.007639 0.018673
0 0.215191 0.133719 0.007812 0.018673
0 0.214670 0.133719 0.007812 0.018673
0 0.214236 0.133719 0.007812 0.018673
0 0.213845 0.133951 0.008073 0.019136
0 0.212891 0.133488 0.008073 0.019136
0 0.211979 0.133488 0.007812 0.019136
0 0.211024 0.133333 0.007812 0.019444
0 0.210200 0.133102 0.007552 0.018981
0 0.209332 0.133102 0.007378 0.018981
0 0.208333 0.132870 0.007292 0.019444
0 0.207509 0.132716 0.007031 0.019136
0 0.206510 0.132485 0.007118 0.019599
0 0.205686 0.132485 0.006858 0.019599
0 0.204905 0.132485 0.006858 0.019599
0 0.204210 0.132253 0.006858 0.020062
0 0.203472 0.132176 0.006771 0.020833
0 0.202734 0.132176 0.006858 0.020833
0 0.201997 0.132253 0.006771 0.021605
0 0.201259 0.132485 0.006858 0.022068
0 0.200564 0.132253 0.006858 0.022531
0 0.199783 0.132253 0.006858 0.023457
0 0.199089 0.132253 0.006858 0.023457
0 0.198351 0.132253 0.006771 0.024383
0 0.197743 0.132407 0.006597 0.024691
0 0.197222 0.132253 0.006597 0.024383
0 0.196875 0.132253 0.006771 0.024383
0 0.196528 0.132253 0.007118 0.024383
0 0.196007 0.132485 0.007118 0.023920
0 0.195790 0.132485 0.007031 0.023920
0 0.195399 0.132253 0.007292 0.023457
0 0.194922 0.132485 0.007378 0.022994
0 0.194575 0.132485 0.007552 0.022994
0 0.194184 0.132485 0.007812 0.022994
0 0.193924 0.132716 0.007812 0.022531
0 0.193750 0.132716 0.007812 0.022531
0 0.193490 0.132716 0.007812 0.022531
0 0.193229 0.132948 0.007812 0.022994
0 0.192969 0.132948 0.007812 0.022994
0 0.192839 0.133102 0.008073 0.023302
0 0.192622 0.133102 0.007986 0.023302
0 0.192361 0.133102 0.007986 0.023302
0 0.192144 0.133333 0.008073 0.023765
0 0.191884 0.133333 0.008073 0.023765
0 0.191884 0.133565 0.008073 0.024228
0 0.191623 0.133488 0.008073 0.023457
0 0.191623 0.133719 0.008073 0.022994
0 0.191493 0.133951 0.008333 0.022531
0 0.191493 0.134182 0.008333 0.022068
0 0.191493 0.134568 0.008333 0.021296
0 0.191406 0.134799 0.008507 0.020833
0 0.191406 0.135031 0.008507 0.020370
0 0.191276 0.135262 0.008767 0.019907
0 0.191276 0.135494 0.008767 0.019444
0 0.191276 0.135880 0.008767 0.018673
0 0.191146 0.135648 0.009028 0.018210
0 0.191016 0.135880 0.009288 0.017747
0 0.191146 0.136111 0.009549 0.017284
0 0.191016 0.136343 0.009809 0.016821
0 0.191146 0.136574 0.010069 0.016358
0 0.191059 0.136574 0.010243 0.016358
0 0.190929 0.136728 0.010503 0.016049
0 0.191016 0.136960 0.010677 0.015586
0 0.190885 0.137191 0.010937 0.015123
0 0.191016 0.137423 0.011198 0.014660
0 0.190755 0.137037 0.011198 0.014815
0 0.190538 0.136574 0.011285 0.014815
0 0.190538 0.136111 0.011285 0.014815
0 0.190321 0.135725 0.011198 0.014660
0 0.190321 0.135494 0.011198 0.014198
0 0.190061 0.135108 0.011198 0.014352
0 0.189800 0.134645 0.011198 0.014352
0 0.189800 0.134182 0.011198 0.014352
0 0.189540 0.133719 0.011198 0.014352
0 0.189540 0.133719 0.011198 0.014352
0 0.189323 0.132870 0.011285 0.014198
0 0.189323 0.132485 0.011285 0.014352
0 0.189062 0.132022 0.011285 0.014352
0 0.189062 0.131559 0.011285 0.014352
0 0.189062 0.131096 0.011285 0.014352
0 0.188845 0.130710 0.011198 0.014198
0 0.188845 0.130324 0.011198 0.014352
0 0.188585 0.129861 0.011198 0.014352
0 0.188585 0.129398 0.011198 0.014352
0 0.188585 0.128935 0.011198 0.014352
0 0.188238 0.128318 0.011024 0.014660
0 0.188108 0.127932 0.010764 0.014815
0 0.187977 0.127469 0.010503 0.015741
0 0.187717 0.127083 0.010503 0.015586
0 0.187587 0.126620 0.010243 0.016512
0 0.187370 0.126157 0.009809 0.016512
0 0.187109 0.125540 0.009809 0.016821
0 0.186979 0.125309 0.009549 0.017284
0 0.186849 0.124614 0.009288 0.017747
0 0.186719 0.124383 0.009028 0.018210
0 0.186719 0.123843 0.009028 0.018673
0 0.186979 0.123611 0.009028 0.019136
0 0.187240 0.123148 0.009028 0.019136
0 0.187370 0.122685 0.008767 0.020062
0 0.187630 0.122299 0.008767 0.019907
0 0.187847 0.122068 0.008854 0.020370
0 0.187977 0.121373 0.008594 0.020833
0 0.188194 0.121142 0.008507 0.021296
0 0.188455 0.120756 0.008507 0.021142
0 0.188715 0.120525 0.008507 0.021605
0 0.188585 0.120062 0.008247 0.021605
0 0.188585 0.119676 0.008247 0.021759
0 0.188715 0.119213 0.007986 0.021759
0 0.188715 0.118981 0.007986 0.021296
0 0.188802 0.118519 0.007812 0.021296
0 0.188802 0.118133 0.007812 0.021142
0 0.188802 0.117978 0.007812 0.020833
0 0.188932 0.117515 0.007552 0.020833
0 0.188932 0.117052 0.007552 0.020833
0 0.189062 0.117052 0.007292 0.020833
