0 0.275217 0.155633 0.014670 0.021759
0 0.275608 0.155170 0.014410 0.020833
0 0.276042 0.154784 0.013889 0.020062
0 0.276432 0.154784 0.013628 0.019136
0 0.276910 0.154321 0.013194 0.018210
0 0.277300 0.154321 0.012934 0.017284
0 0.277778 0.153935 0.012500 0.016512
0 0.278125 0.153472 0.012153 0.015586
0 0.278602 0.153472 0.011719 0.014660
0 0.278993 0.153086 0.011458 0.013889
0 0.279601 0.153086 0.011285 0.012963
0 0.279861 0.153086 0.011285 0.012963
0 0.280339 0.153086 0.011198 0.012963
0 0.280816 0.153086 0.011285 0.012963
0 0.281163 0.153086 0.011458 0.012963
0 0.281684 0.153086 0.011458 0.012963
0 0.282075 0.153086 0.011198 0.012963
0 0.282378 0.153086 0.011458 0.012963
0 0.282899 0.153086 0.011458 0.012963
0 0.283420 0.153086 0.011458 0.012963
0 0.283854 0.153472 0.011458 0.013117
0 0.284115 0.153086 0.011458 0.012963
0 0.284635 0.153086 0.011458 0.012963
0 0.284852 0.153086 0.011545 0.012963
0 0.285330 0.153086 0.011458 0.012963
0 0.285590 0.153086 0.011458 0.012963
0 0.286068 0.152623 0.011545 0.012963
0 0.286285 0.152623 0.011458 0.012963
0 0.286806 0.152623 0.011458 0.012963
0 0.287066 0.152623 0.011458 0.012963
0 0.287500 0.152623 0.011458 0.012963
0 0.287500 0.152392 0.011458 0.013426
0 0.287760 0.152392 0.011458 0.013426
0 0.287760 0.152392 0.011458 0.013426
0 0.288021 0.152392 0.011458 0.013426
0 0.288151 0.152392 0.011198 0.013426
0 0.288281 0.152392 0.011458 0.013426
0 0.288411 0.152392 0.011198 0.013426
0 0.288542 0.152392 0.011458 0.013426
0 0.288628 0.152392 0.011285 0.013426
0 0.288889 0.152392 0.011285 0.013426
0 0.288889 0.152392 0.011285 0.013426
0 0.288889 0.152623 0.011285 0.013889
0 0.288976 0.152623 0.011458 0.013889
0 0.288976 0.152855 0.011458 0.014352
0 0.289106 0.153086 0.011719 0.014815
0 0.289106 0.153086 0.011719 0.014815
0 0.289106 0.153241 0.011719 0.015123
0 0.289236 0.153241 0.011979 0.015123
0 0.289236 0.153472 0.011979 0.015586
0 0.289366 0.153704 0.012240 0.016049
0 0.289366 0.153472 0.012240 0.016512
0 0.289366 0.153472 0.012240 0.016512
0 0.289366 0.153472 0.012240 0.016512
0 0.289497 0.153241 0.012500 0.016975
0 0.289497 0.153472 0.012500 0.017438
0 0.289497 0.153472 0.012500 0.017438
0 0.289583 0.153318 0.012674 0.017747
0 0.289583 0.153318 0.012674 0.017747
0 0.289583 0.153318 0.012674 0.017747
0 0.289714 0.153549 0.012934 0.018210
0 0.289583 0.153549 0.013194 0.018210
0 0.289583 0.153549 0.013194 0.018210
0 0.289497 0.153704 0.013368 0.018519
0 0.289497 0.153704 0.013368 0.018519
0 0.289366 0.153935 0.013628 0.018981
0 0.289366 0.153935 0.013628 0.018981
0 0.289236 0.153935 0.013889 0.018981
0 0.289236 0.154167 0.013889 0.019444
0 0.289106 0.154167 0.014149 0.019444
0 0.289236 0.154398 0.014410 0.019907
0 0.289236 0.154784 0.014410 0.020062
0 0.289366 0.155633 0.014149 0.019907
0 0.289497 0.156327 0.014410 0.020370
0 0.289627 0.157176 0.014149 0.020525
0 0.289757 0.157793 0.014410 0.020833
0 0.289887 0.158719 0.014149 0.020833
0 0.289887 0.159336 0.014149 0.021142
0 0.290061 0.160185 0.014149 0.021296
0 0.290061 0.160880 0.014149 0.021759
0 0.290321 0.161728 0.014149 0.021605
0 0.290321 0.161728 0.014149 0.021605
0 0.290321 0.162191 0.014149 0.021605
0 0.290582 0.162577 0.014149 0.021759
0 0.290582 0.163040 0.014149 0.021759
0 0.290842 0.163503 0.014149 0.021759
0 0.290842 0.163889 0.014149 0.021605
0 0.290842 0.164352 0.014149 0.021605
0 0.291102 0.164738 0.014149 0.021759
0 0.291102 0.165201 0.014149 0.021759
0 0.291319 0.165664 0.014236 0.021759
0 0.291102 0.165432 0.014149 0.021296
0 0.291102 0.165432 0.014149 0.021296
0 0.291102 0.165432 0.014149 0.021296
0 0.290972 0.165432 0.014410 0.021296
0 0.290972 0.165664 0.014410 0.020833
0 0.290972 0.165432 0.014410 0.020370
0 0.290842 0.165432 0.014670 0.020370
0 0.290842 0.165432 0.014670 0.020370
0 0.290842 0.165432 0.014670 0.020370
0 0.290842 0.165664 0.014670 0.019907
0 0.290582 0.165201 0.014670 0.019907
0 0.290582 0.164969 0.014670 0.019444
0 0.290582 0.164815 0.014670 0.019136
0 0.290451 0.164352 0.014410 0.019136
0 0.290451 0.164352 0.014410 0.019136
0 0.290321 0.164120 0.014670 0.018673
0 0.290191 0.163657 0.014410 0.018673
0 0.290191 0.163426 0.014410 0.018210
0 0.290191 0.163272 0.014410 0.017901
0 0.290191 0.163272 0.014410 0.017901
0 0.290451 0.163272 0.014410 0.017901
0 0.290712 0.163272 0.014410 0.017901
0 0.291102 0.163272 0.014670 0.017901
0 0.291406 0.163272 0.014410 0.017901
0 0.291797 0.163272 0.014670 0.017901
0 0.292057 0.163272 0.014670 0.017901
0 0.292448 0.163272 0.014410 0.017901
0 0.292795 0.163272 0.014583 0.017901
0 0.293012 0.163272 0.014670 0.017901
0 0.293533 0.163272 0.014670 0.017901
0 0.293750 0.162809 0.014583 0.017901
0 0.294010 0.162577 0.014583 0.017438
0 0.294227 0.162577 0.014670 0.017438
0 0.294488 0.162346 0.014670 0.016975
0 0.294748 0.162346 0.014670 0.016975
0 0.294965 0.162114 0.014583 0.016512
0 0.295226 0.161883 0.014583 0.016049
0 0.295443 0.161883 0.014670 0.016049
0 0.295703 0.161728 0.014670 0.015741
0 0.295964 0.161728 0.014670 0.015741
0 0.296224 0.161574 0.014670 0.016049
0 0.296441 0.161497 0.014583 0.016821
0 0.296658 0.161497 0.014670 0.017747
0 0.297049 0.161497 0.014410 0.017747
0 0.297439 0.161497 0.014670 0.018673
0 0.297656 0.161497 0.014583 0.019599
0 0.298003 0.161497 0.014410 0.019599
0 0.298264 0.161574 0.014410 0.020370
0 0.298524 0.161574 0.014410 0.021296
0 0.299002 0.161728 0.014323 0.021605
0 0.299349 0.161343 0.013628 0.020833
0 0.299826 0.161111 0.013194 0.020370
0 0.300477 0.160648 0.012413 0.019444
0 0.300955 0.160417 0.011979 0.018981
0 0.301562 0.160262 0.011285 0.018673
0 0.301953 0.159799 0.010503 0.017747
0 0.302431 0.159568 0.010069 0.017284
0 0.303038 0.159182 0.009201 0.016512
0 0.303516 0.158951 0.008767 0.016049
0 0.304123 0.158719 0.008073 0.015586
0 0.304384 0.158719 0.008073 0.015586
0 0.304731 0.159182 0.008247 0.015586
0 0.304991 0.159568 0.008247 0.015741
0 0.305339 0.159568 0.008594 0.015741
0 0.305599 0.159954 0.008594 0.015586
0 0.305946 0.160417 0.008767 0.015586
0 0.306207 0.160417 0.008767 0.015586
0 0.306597 0.160880 0.009028 0.015586
0 0.306771 0.161343 0.009028 0.015586
0 0.307161 0.161728 0.009288 0.015741
0 0.307075 0.161343 0.009983 0.015586
0 0.306944 0.161343 0.010764 0.015586
0 0.306814 0.161111 0.011545 0.015123
0 0.306684 0.161111 0.012153 0.015123
0 0.306554 0.161111 0.012934 0.015123
0 0.306467 0.160648 0.013628 0.015123
0 0.306337 0.160648 0.014410 0.015123
0 0.306207 0.160417 0.015191 0.014660
0 0.306076 0.160417 0.015799 0.014660
0 0.305946 0.160417 0.016580 0.014660
0 0.306076 0.160185 0.016840 0.015123
0 0.306337 0.160185 0.016840 0.015123
0 0.306597 0.160185 0.016840 0.015123
0 0.306814 0.160185 0.016753 0.015123
0 0.307031 0.160185 0.016840 0.015123
0 0.307292 0.159954 0.016840 0.015586
0 0.307552 0.159954 0.016840 0.015586
0 0.307812 0.159954 0.016840 0.015586
0 0.308073 0.159954 0.016840 0.015586
0 0.308377 0.159954 0.017101 0.015586
