0 0.149175 0.219213 0.008073 0.013426
0 0.149175 0.219213 0.008073 0.013426
0 0.149175 0.219213 0.008073 0.013426
0 0.149175 0.219213 0.008073 0.013426
0 0.149175 0.219213 0.008073 0.013426
0 0.149175 0.219213 0.008073 0.013426
0 0.149175 0.219213 0.008073 0.013426
0 0.149175 0.219213 0.008073 0.013426
0 0.149175 0.219213 0.008073 0.013426
0 0.149175 0.219213 0.008073 0.013426
0 0.149175 0.219213 0.008073 0.013426
0 0.149175 0.219213 0.008073 0.013426
0 0.149175 0.219213 0.008073 0.013426
0 0.149175 0.219213 0.008073 0.013426
0 0.149175 0.219213 0.008073 0.013426
0 0.149175 0.219213 0.008073 0.013426
0 0.149175 0.219213 0.008073 0.013426
0 0.149175 0.219213 0.008073 0.013426
0 0.149175 0.219213 0.008073 0.013426
0 0.149175 0.219213 0.008073 0.013426
0 0.149175 0.219213 0.008073 0.013426
0 0.149175 0.219213 0.008073 0.013426
0 0.149175 0.219213 0.008073 0.013426
0 0.149175 0.219213 0.008073 0.013426
0 0.149175 0.219213 0.008073 0.013426
0 0.149175 0.219213 0.008073 0.013426
0 0.149175 0.219213 0.008073 0.013426
0 0.149175 0.219213 0.008073 0.013426
0 0.149175 0.219213 0.008073 0.013426
0 0.149175 0.219213 0.008073 0.013426
0 0.149175 0.219213 0.008073 0.013426
0 0.149175 0.219213 0.008073 0.013426
0 0.149175 0.219213 0.008073 0.013426
0 0.149436 0.219213 0.008073 0.013426
0 0.149436 0.219676 0.008073 0.013426
0 0.149696 0.219676 0.008073 0.013426
0 0.149696 0.219676 0.008073 0.013426
0 0.149696 0.220139 0.008073 0.013426
0 0.149913 0.220139 0.007986 0.013426
0 0.149913 0.220139 0.007986 0.013426
0 0.150130 0.220525 0.008073 0.013580
0 0.150130 0.220525 0.008073 0.013580
0 0.150130 0.220525 0.008073 0.013580
0 0.150130 0.220525 0.008073 0.013580
0 0.150130 0.220525 0.008073 0.013580
0 0.150130 0.220525 0.008073 0.013580
0 0.150130 0.220525 0.008073 0.013580
0 0.150130 0.220525 0.008073 0.013580
0 0.150130 0.220525 0.008073 0.013580
0 0.150130 0.220525 0.008073 0.013580
0 0.150130 0.220525 0.008073 0.013580
0 0.150130 0.220525 0.008073 0.013580
0 0.150130 0.220525 0.008073 0.013580
0 0.150130 0.220525 0.008073 0.013580
0 0.150130 0.220525 0.008073 0.013580
0 0.150391 0.220910 0.008073 0.013426
0 0.150391 0.220910 0.008073 0.013426
0 0.150391 0.220910 0.008073 0.013426
0 0.150391 0.220910 0.008073 0.013426
0 0.150391 0.220910 0.008073 0.013426
0 0.150651 0.221373 0.008073 0.013426
0 0.150651 0.221373 0.008073 0.013426
0 0.150651 0.221373 0.008073 0.013426
0 0.150651 0.221373 0.008073 0.013426
0 0.150651 0.221373 0.008073 0.013426
0 0.150651 0.221373 0.008073 0.013426
0 0.150651 0.221373 0.008073 0.013426
0 0.150651 0.221373 0.008073 0.013426
0 0.150651 0.221373 0.008073 0.013426
0 0.150651 0.221373 0.008073 0.013426
0 0.150651 0.221373 0.008073 0.013426
0 0.150651 0.221373 0.008073 0.013426
0 0.150651 0.221373 0.008073 0.013426
0 0.150651 0.221373 0.008073 0.013426
0 0.150651 0.221373 0.008073 0.013426
0 0.150651 0.221373 0.008073 0.013426
0 0.150651 0.221373 0.008073 0.013426
0 0.150651 0.221373 0.008073 0.013426
0 0.150651 0.221373 0.008073 0.013426
0 0.150651 0.221373 0.008073 0.013426
0 0.150651 0.221373 0.008073 0.013426
0 0.150651 0.221373 0.008073 0.013426
0 0.150651 0.221373 0.008073 0.013426
0 0.150651 0.221373 0.008073 0.013426
0 0.150651 0.221373 0.008073 0.013426
0 0.150651 0.221373 0.008073 0.013426
0 0.150651 0.221373 0.008073 0.013426
0 0.150651 0.221373 0.008073 0.013426
0 0.150651 0.221373 0.008073 0.013426
0 0.150651 0.221373 0.008073 0.013426
0 0.150651 0.221373 0.008073 0.013426
0 0.150651 0.221373 0.008073 0.013426
0 0.150651 0.221373 0.008073 0.013426
0 0.150651 0.221373 0.008073 0.013426
0 0.150911 0.221373 0.008073 0.013426
0 0.150911 0.221373 0.008073 0.013426
0 0.150911 0.221373 0.008073 0.013426
0 0.151128 0.221373 0.007986 0.013426
0 0.151128 0.221373 0.007986 0.013426
0 0.151128 0.221373 0.007986 0.013426
0 0.151345 0.221836 0.008073 0.013426
0 0.151345 0.221836 0.008073 0.013426
0 0.151345 0.221836 0.008073 0.013426
0 0.151345 0.221836 0.008073 0.013426
0 0.151345 0.221836 0.008073 0.013426
0 0.151345 0.221836 0.008073 0.013426
0 0.151345 0.221836 0.008073 0.013426
0 0.151345 0.221836 0.008073 0.013426
0 0.151345 0.221836 0.008073 0.013426
0 0.151345 0.221836 0.008073 0.013426
0 0.151345 0.221836 0.008073 0.013426
0 0.151606 0.221836 0.008073 0.013426
0 0.152127 0.221836 0.008073 0.013426
0 0.152561 0.221836 0.008073 0.013426
0 0.152821 0.221836 0.008073 0.013426
0 0.153342 0.221836 0.008073 0.013426
0 0.153819 0.221836 0.007986 0.013426
0 0.154036 0.221836 0.008073 0.013426
0 0.154557 0.221836 0.008073 0.013426
0 0.155035 0.221836 0.007986 0.013426
0 0.155512 0.222299 0.008073 0.013426
0 0.155512 0.222299 0.008073 0.013426
0 0.155512 0.222299 0.008073 0.013426
0 0.155512 0.222299 0.008073 0.013426
0 0.155512 0.222299 0.008073 0.013426
0 0.155512 0.222299 0.008073 0.013426
0 0.155512 0.222299 0.008073 0.013426
0 0.155512 0.222299 0.008073 0.013426
0 0.155512 0.222299 0.008073 0.013426
0 0.155512 0.222299 0.008073 0.013426
0 0.155512 0.222299 0.008073 0.013426
0 0.155773 0.222299 0.008073 0.013426
0 0.156250 0.222299 0.007986 0.013426
0 0.156727 0.222299 0.008073 0.013426
0 0.156988 0.222299 0.008073 0.013426
0 0.157465 0.222685 0.007986 0.013580
0 0.157943 0.222685 0.008073 0.013580
0 0.158203 0.222685 0.008073 0.013580
0 0.158724 0.222685 0.008073 0.013580
0 0.159158 0.222685 0.008073 0.013580
0 0.159679 0.223071 0.008073 0.013426
0 0.159679 0.223071 0.008073 0.013426
0 0.159679 0.223071 0.008073 0.013426
0 0.159679 0.223071 0.008073 0.013426
0 0.159679 0.223071 0.008073 0.013426
0 0.159679 0.223071 0.008073 0.013426
0 0.159679 0.223071 0.008073 0.013426
0 0.159679 0.223071 0.008073 0.013426
0 0.159679 0.223071 0.008073 0.013426
0 0.159679 0.223071 0.008073 0.013426
0 0.159679 0.223071 0.008073 0.013426
0 0.159939 0.223071 0.008073 0.013426
0 0.160373 0.223071 0.008073 0.013426
0 0.160634 0.223071 0.008073 0.013426
0 0.161155 0.223071 0.008073 0.013426
0 0.161372 0.223071 0.007986 0.013426
0 0.161849 0.223071 0.008073 0.013426
0 0.162109 0.223071 0.008073 0.013426
0 0.162630 0.223071 0.008073 0.013426
0 0.162847 0.223071 0.007986 0.013426
0 0.163325 0.223071 0.008073 0.013426
0 0.163325 0.223071 0.008073 0.013426
0 0.163325 0.223071 0.008073 0.013426
0 0.163325 0.223071 0.008073 0.013426
0 0.163325 0.223071 0.008073 0.013426
0 0.163325 0.223071 0.008073 0.013426
0 0.163325 0.223071 0.008073 0.013426
0 0.163325 0.223071 0.008073 0.013426
0 0.163325 0.223071 0.008073 0.013426
0 0.163325 0.223071 0.008073 0.013426
0 0.163325 0.223071 0.008073 0.013426
0 0.163585 0.222685 0.008073 0.013580
0 0.164062 0.222685 0.007986 0.013580
0 0.164540 0.222685 0.008073 0.013580
0 0.165061 0.222299 0.008073 0.013426
0 0.165495 0.222299 0.008073 0.013426
0 0.166016 0.222299 0.008073 0.013426
0 0.166493 0.221836 0.007986 0.013426
0 0.166970 0.221836 0.008073 0.013426
0 0.167491 0.221836 0.008073 0.013426
0 0.167969 0.221836 0.007986 0.013426
