0 0.131380 0.171296 0.005642 0.021605
0 0.131858 0.170833 0.005556 0.021605
0 0.132335 0.170833 0.005642 0.021605
0 0.133073 0.170833 0.005556 0.021605
0 0.133550 0.170448 0.005642 0.021759
0 0.134288 0.170448 0.005556 0.021759
0 0.134766 0.170448 0.005642 0.021759
0 0.135286 0.169985 0.005642 0.021759
0 0.135981 0.169985 0.005642 0.021759
0 0.136502 0.169985 0.005642 0.021759
0 0.137196 0.169985 0.005642 0.021759
0 0.137457 0.169522 0.005642 0.021759
0 0.137977 0.169136 0.005642 0.021605
0 0.138411 0.169136 0.005642 0.021605
0 0.138672 0.168673 0.005642 0.021605
0 0.139193 0.168673 0.005642 0.021605
0 0.139670 0.168210 0.005556 0.021605
0 0.139887 0.167824 0.005642 0.021759
0 0.140408 0.167824 0.005642 0.021759
0 0.140885 0.167361 0.005556 0.021759
0 0.141363 0.167361 0.005642 0.021759
0 0.141840 0.166975 0.005556 0.021605
0 0.142318 0.166975 0.005642 0.021605
0 0.143099 0.166975 0.005642 0.021605
0 0.143576 0.166512 0.005556 0.021605
0 0.144314 0.166512 0.005642 0.021605
0 0.144792 0.166512 0.005556 0.021605
0 0.145269 0.166049 0.005642 0.021605
0 0.146007 0.166049 0.005556 0.021605
0 0.146484 0.166049 0.005642 0.021605
0 0.147222 0.166049 0.005556 0.021605
0 0.147700 0.165664 0.005642 0.021759
0 0.148438 0.165664 0.005556 0.021759
0 0.149175 0.165664 0.005642 0.021759
0 0.149913 0.165664 0.005556 0.021759
0 0.150651 0.165664 0.005642 0.021759
0 0.151345 0.165201 0.005642 0.021759
0 0.152127 0.165201 0.005642 0.021759
0 0.152821 0.165201 0.005642 0.021759
0 0.153559 0.165201 0.005556 0.021759
0 0.154297 0.165201 0.005642 0.021759
0 0.154774 0.164738 0.005556 0.021759
0 0.155512 0.164352 0.005642 0.021605
0 0.156033 0.163889 0.005642 0.021605
0 0.156727 0.163503 0.005642 0.021759
0 0.157248 0.163503 0.005642 0.021759
0 0.157943 0.163040 0.005642 0.021759
0 0.158464 0.162577 0.005642 0.021759
0 0.159158 0.162191 0.005642 0.021605
0 0.159679 0.161728 0.005642 0.021605
0 0.160373 0.161728 0.005642 0.021605
0 0.161024 0.161343 0.005903 0.021759
0 0.161762 0.161343 0.005816 0.021759
0 0.162457 0.160880 0.005816 0.021759
0 0.163194 0.160880 0.005903 0.021759
0 0.163932 0.160417 0.005816 0.021759
0 0.164670 0.160417 0.005903 0.021759
0 0.165408 0.160031 0.005816 0.021605
0 0.166146 0.160031 0.005903 0.021605
0 0.166884 0.159568 0.005816 0.021605
0 0.167578 0.159568 0.005816 0.021605
0 0.167839 0.159105 0.005816 0.021605
0 0.168316 0.158719 0.005903 0.021759
0 0.168837 0.158256 0.005903 0.021759
0 0.169184 0.157793 0.005556 0.021759
0 0.169661 0.157793 0.005642 0.021759
0 0.170052 0.157407 0.005903 0.021605
0 0.170399 0.156944 0.005556 0.021605
0 0.170877 0.156559 0.005642 0.021759
0 0.171398 0.156096 0.005642 0.021759
0 0.171875 0.156096 0.005556 0.021759
0 0.172092 0.155247 0.005642 0.021605
0 0.172613 0.154784 0.005642 0.021605
0 0.173090 0.154167 0.005556 0.021296
0 0.173568 0.153704 0.005642 0.021296
0 0.174089 0.153241 0.005642 0.021296
0 0.174566 0.152623 0.005556 0.020679
0 0.175043 0.152238 0.005642 0.020833
0 0.175521 0.151543 0.005556 0.020370
0 0.175998 0.151080 0.005642 0.020370
0 0.176519 0.150617 0.005642 0.020370
0 0.176736 0.149846 0.005556 0.020370
0 0.177214 0.149383 0.005642 0.020370
0 0.177474 0.148920 0.005642 0.020370
0 0.177995 0.148457 0.005642 0.020370
0 0.178472 0.148071 0.005556 0.020525
0 0.178689 0.147685 0.005642 0.020370
0 0.179210 0.147222 0.005642 0.020370
0 0.179427 0.146759 0.005556 0.020370
0 0.179905 0.146296 0.005642 0.020370
0 0.180425 0.145910 0.005642 0.020525
0 0.180642 0.145525 0.005556 0.020370
0 0.180903 0.145062 0.005556 0.020370
0 0.181120 0.144599 0.005642 0.020370
0 0.181641 0.144599 0.005642 0.020370
0 0.181901 0.144136 0.005642 0.020370
0 0.182118 0.143673 0.005556 0.020370
0 0.182595 0.143673 0.005642 0.020370
0 0.182856 0.143364 0.005642 0.020370
0 0.183116 0.142901 0.005642 0.020370
0 0.183594 0.142901 0.005556 0.020370
0 0.183594 0.141975 0.005556 0.020370
0 0.183811 0.141358 0.005642 0.020062
0 0.183811 0.140664 0.005642 0.019599
0 0.184071 0.139815 0.005642 0.019444
0 0.184201 0.139429 0.005382 0.019599
0 0.184332 0.138735 0.005642 0.019136
0 0.184462 0.137886 0.005382 0.018981
0 0.184549 0.137269 0.005556 0.018673
0 0.184679 0.136574 0.005295 0.018210
0 0.184896 0.136111 0.005382 0.018210
0 0.185156 0.135648 0.005382 0.018210
0 0.185677 0.135340 0.005382 0.018210
0 0.185938 0.134877 0.005382 0.018210
0 0.186372 0.134414 0.005382 0.018210
0 0.186892 0.134414 0.005382 0.018210
0 0.187153 0.133951 0.005382 0.018210
0 0.187587 0.133488 0.005382 0.018210
0 0.187847 0.133102 0.005382 0.018364
0 0.188368 0.132716 0.005382 0.018210
0 0.188802 0.132716 0.005382 0.018210
0 0.188802 0.131790 0.005382 0.018210
0 0.188802 0.131327 0.005382 0.018210
0 0.188802 0.130864 0.005382 0.018210
0 0.189062 0.130556 0.005382 0.018210
0 0.189062 0.130093 0.005382 0.018210
0 0.189062 0.129630 0.005382 0.018210
0 0.189323 0.129167 0.005382 0.018210
0 0.189323 0.128704 0.005382 0.018210
0 0.189323 0.128395 0.005382 0.018210
0 0.189583 0.127932 0.005382 0.018210
0 0.189583 0.127238 0.005382 0.017747
0 0.189800 0.126775 0.005295 0.017747
0 0.190017 0.126389 0.005382 0.017901
0 0.190278 0.126003 0.005382 0.017747
0 0.190538 0.125772 0.005382 0.017284
0 0.190799 0.125309 0.005382 0.017284
0 0.191059 0.124846 0.005382 0.017284
0 0.191276 0.124460 0.005295 0.017438
0 0.191493 0.123997 0.005382 0.017438
0 0.191753 0.123765 0.005382 0.016975
0 0.191753 0.123302 0.005382 0.016975
0 0.191753 0.122917 0.005382 0.016821
0 0.191753 0.122917 0.005382 0.016821
0 0.192014 0.122454 0.005382 0.016821
0 0.192014 0.122454 0.005382 0.016821
0 0.192014 0.122068 0.005382 0.016975
0 0.192274 0.121605 0.005382 0.016975
0 0.192274 0.121605 0.005382 0.016975
0 0.192274 0.121142 0.005382 0.016975
0 0.192491 0.121142 0.005295 0.016975
0 0.192491 0.120756 0.005295 0.016821
0 0.192708 0.120293 0.005382 0.016821
0 0.192969 0.120293 0.005382 0.016821
0 0.193229 0.119907 0.005382 0.016975
0 0.193490 0.119907 0.005382 0.016975
0 0.193490 0.119444 0.005382 0.016975
0 0.193707 0.118981 0.005295 0.016975
0 0.193924 0.118981 0.005382 0.016975
0 0.194184 0.118596 0.005382 0.016821
0 0.194444 0.118596 0.005382 0.016821
0 0.194705 0.118133 0.005382 0.016821
0 0.194965 0.117978 0.005382 0.016512
0 0.195269 0.117747 0.005122 0.016975
0 0.195530 0.117515 0.005122 0.016512
0 0.195920 0.117284 0.004861 0.016975
0 0.196181 0.117052 0.004861 0.016512
0 0.196398 0.116590 0.004948 0.016512
0 0.196745 0.116590 0.004601 0.016512
0 0.197005 0.116127 0.004601 0.016512
0 0.197483 0.116127 0.004687 0.016512
0 0.197483 0.115741 0.004687 0.016358
0 0.197483 0.115355 0.004687 0.016512
0 0.197743 0.114892 0.004687 0.016512
0 0.197743 0.114429 0.004687 0.016512
0 0.197743 0.113966 0.004687 0.016512
0 0.197960 0.113735 0.004601 0.016049
0 0.197960 0.113426 0.004601 0.016049
0 0.197960 0.112963 0.004601 0.016049
0 0.198220 0.112500 0.004601 0.016049
0 0.198220 0.112037 0.004601 0.016049
