0 0.232986 0.143056 0.003472 0.019136
0 0.235069 0.143519 0.003646 0.019136
0 0.237370 0.143981 0.003906 0.019136
0 0.239714 0.144830 0.004080 0.018981
0 0.242014 0.145216 0.004340 0.019136
0 0.244358 0.146142 0.004687 0.019136
0 0.246441 0.146605 0.004861 0.019136
0 0.248741 0.146991 0.005122 0.018981
0 0.251042 0.147840 0.005382 0.019136
0 0.253385 0.148302 0.005556 0.019136
0 0.255686 0.149151 0.005816 0.018981
0 0.257899 0.150000 0.005903 0.019136
0 0.260069 0.150926 0.005903 0.019136
0 0.262283 0.151775 0.005816 0.018981
0 0.264453 0.152623 0.005816 0.019136
0 0.266667 0.153472 0.005903 0.018981
0 0.268880 0.154321 0.005816 0.019136
0 0.271050 0.155247 0.005816 0.019136
0 0.273264 0.156096 0.005903 0.018981
0 0.275477 0.156944 0.005816 0.019136
0 0.277908 0.158256 0.005816 0.018981
0 0.280339 0.159105 0.005816 0.019136
0 0.282769 0.160031 0.005816 0.019136
0 0.285460 0.160880 0.005816 0.018981
0 0.287891 0.161728 0.005816 0.019136
0 0.290582 0.162654 0.005816 0.019136
0 0.293012 0.163426 0.005816 0.019136
0 0.295486 0.164352 0.005903 0.019136
0 0.298134 0.165201 0.005816 0.018981
0 0.300608 0.166049 0.005903 0.019136
0 0.303255 0.167361 0.005816 0.018981
0 0.305469 0.168673 0.005903 0.019136
0 0.307812 0.169985 0.006076 0.018981
0 0.310243 0.171296 0.006076 0.019136
0 0.312413 0.172762 0.006076 0.019599
0 0.314844 0.174074 0.006076 0.019444
0 0.317187 0.175386 0.006424 0.019599
0 0.319401 0.176929 0.006337 0.019907
0 0.321832 0.178241 0.006337 0.020062
0 0.324132 0.179552 0.006597 0.019907
0 0.326562 0.181019 0.006597 0.020370
0 0.326562 0.181019 0.006597 0.020370
0 0.326562 0.181019 0.006597 0.020370
0 0.326562 0.181019 0.006597 0.020370
0 0.326562 0.181019 0.006597 0.020370
0 0.326562 0.181019 0.006597 0.020370
0 0.326562 0.181019 0.006597 0.020370
0 0.326562 0.181019 0.006597 0.020370
0 0.326562 0.181019 0.006597 0.020370
0 0.326562 0.181019 0.006597 0.020370
0 0.326562 0.181019 0.006597 0.020370
0 0.326562 0.181019 0.006597 0.020370
0 0.326562 0.181019 0.006597 0.020370
0 0.326562 0.181019 0.006597 0.020370
0 0.326562 0.181019 0.006597 0.020370
0 0.326562 0.181019 0.006597 0.020370
0 0.326562 0.181019 0.006597 0.020370
0 0.326562 0.181019 0.006597 0.020370
0 0.326562 0.181019 0.006597 0.020370
0 0.326562 0.181019 0.006597 0.020370
0 0.326562 0.181019 0.006597 0.020370
0 0.326562 0.181019 0.006597 0.020370
0 0.326562 0.181019 0.006597 0.020370
0 0.326562 0.181019 0.006597 0.020370
0 0.326562 0.181019 0.006597 0.020370
0 0.326562 0.181019 0.006597 0.020370
0 0.326562 0.181019 0.006597 0.020370
0 0.326562 0.181019 0.006597 0.020370
0 0.326562 0.181019 0.006597 0.020370
0 0.326562 0.181019 0.006597 0.020370
0 0.326562 0.181019 0.006597 0.020370
0 0.326562 0.181019 0.006597 0.020370
0 0.326562 0.181019 0.006597 0.020370
0 0.326562 0.181019 0.006597 0.020370
0 0.326562 0.181019 0.006597 0.020370
0 0.326562 0.181019 0.006597 0.020370
0 0.326562 0.181019 0.006597 0.020370
0 0.326562 0.181019 0.006597 0.020370
0 0.326562 0.181019 0.006597 0.020370
0 0.326562 0.181019 0.006597 0.020370
0 0.326562 0.181019 0.006597 0.020370
0 0.326562 0.181019 0.006597 0.020370
0 0.326562 0.181019 0.006597 0.020370
0 0.326562 0.181019 0.006597 0.020370
0 0.326562 0.181019 0.006597 0.020370
0 0.326562 0.181019 0.006597 0.020370
0 0.326562 0.181019 0.006597 0.020370
0 0.326562 0.181019 0.006597 0.020370
0 0.326562 0.181019 0.006597 0.020370
0 0.326562 0.181019 0.006597 0.020370
0 0.326562 0.181019 0.006597 0.020370
0 0.326562 0.181019 0.006597 0.020370
0 0.326562 0.181019 0.006597 0.020370
0 0.326562 0.181019 0.006597 0.020370
0 0.326562 0.181019 0.006597 0.020370
0 0.326562 0.181019 0.006597 0.020370
0 0.326562 0.181019 0.006597 0.020370
0 0.326562 0.181019 0.006597 0.020370
0 0.326562 0.181019 0.006597 0.020370
0 0.326562 0.181019 0.006597 0.020370
0 0.326562 0.181019 0.006597 0.020370
0 0.326562 0.181019 0.006597 0.020370
0 0.326562 0.181019 0.006597 0.020370
0 0.326562 0.181019 0.006597 0.020370
0 0.326562 0.181019 0.006597 0.020370
0 0.326562 0.181019 0.006597 0.020370
0 0.326562 0.181019 0.006597 0.020370
0 0.326562 0.181019 0.006597 0.020370
0 0.326562 0.181019 0.006597 0.020370
0 0.326562 0.181019 0.006597 0.020370
0 0.326562 0.181019 0.006597 0.020370
0 0.326562 0.181019 0.006597 0.020370
0 0.326562 0.181019 0.006597 0.020370
0 0.326562 0.181019 0.006597 0.020370
0 0.326562 0.181019 0.006597 0.020370
0 0.326562 0.181019 0.006597 0.020370
0 0.326562 0.181019 0.006597 0.020370
0 0.326562 0.181019 0.006597 0.020370
0 0.326562 0.181019 0.006597 0.020370
0 0.326562 0.181019 0.006597 0.020370
0 0.326562 0.181019 0.006597 0.020370
0 0.326562 0.181019 0.006597 0.020370
0 0.326562 0.181019 0.006597 0.020370
0 0.326562 0.181019 0.006597 0.020370
0 0.326562 0.181019 0.006597 0.020370
0 0.326562 0.181019 0.006597 0.020370
0 0.326562 0.181019 0.006597 0.020370
0 0.326562 0.181019 0.006597 0.020370
0 0.326562 0.181019 0.006597 0.020370
0 0.326562 0.181019 0.006597 0.020370
0 0.326562 0.181019 0.006597 0.020370
0 0.326562 0.181019 0.006597 0.020370
0 0.326562 0.181019 0.006597 0.020370
0 0.326562 0.181019 0.006597 0.020370
0 0.326562 0.181019 0.006597 0.020370
0 0.326562 0.181019 0.006597 0.020370
0 0.326562 0.181019 0.006597 0.020370
0 0.326562 0.181019 0.006597 0.020370
0 0.326562 0.181019 0.006597 0.020370
0 0.326562 0.181019 0.006597 0.020370
0 0.326562 0.181019 0.006597 0.020370
0 0.326562 0.181019 0.006597 0.020370
0 0.326562 0.181019 0.006597 0.020370
0 0.326562 0.181019 0.006597 0.020370
0 0.326562 0.181019 0.006597 0.020370
0 0.326562 0.181019 0.006597 0.020370
0 0.326562 0.181019 0.006597 0.020370
0 0.326562 0.181019 0.006597 0.020370
0 0.326562 0.181019 0.006597 0.020370
0 0.326562 0.181019 0.006597 0.020370
0 0.326562 0.181019 0.006597 0.020370
0 0.326562 0.181019 0.006597 0.020370
0 0.326562 0.181019 0.006597 0.020370
0 0.326562 0.181019 0.006597 0.020370
0 0.326562 0.181019 0.006597 0.020370
0 0.326562 0.181019 0.006597 0.020370
0 0.326562 0.181019 0.006597 0.020370
0 0.326562 0.181019 0.006597 0.020370
0 0.326562 0.181019 0.006597 0.020370
0 0.326562 0.181019 0.006597 0.020370
0 0.326562 0.181019 0.006597 0.020370
0 0.326562 0.181019 0.006597 0.020370
0 0.326562 0.181019 0.006597 0.020370
0 0.326562 0.181019 0.006597 0.020370
0 0.326562 0.181019 0.006597 0.020370
0 0.326562 0.181019 0.006597 0.020370
0 0.326562 0.181019 0.006597 0.020370
0 0.326562 0.181019 0.006597 0.020370
0 0.326562 0.181019 0.006597 0.020370
0 0.326562 0.181019 0.006597 0.020370
0 0.326562 0.181019 0.006597 0.020370
0 0.326562 0.181019 0.006597 0.020370
0 0.326562 0.181019 0.006597 0.020370
0 0.326562 0.181019 0.006597 0.020370
0 0.326562 0.181019 0.006597 0.020370
0 0.326562 0.181019 0.006597 0.020370
0 0.326562 0.181019 0.006597 0.020370
0 0.326562 0.181019 0.006597 0.020370
0 0.326562 0.181019 0.006597 0.020370
0 0.326562 0.181019 0.006597 0.020370
0 0.326562 0.181019 0.006597 0.020370
