0 0.244965 0.210571 0.005903 0.010031
0 0.220312 0.189275 0.005382 0.009105
0 0.195920 0.168441 0.004861 0.008179
0 0.171484 0.147454 0.004427 0.007870
0 0.147092 0.126389 0.003906 0.006481
0 0.122700 0.105556 0.003385 0.005556
0 0.098047 0.084568 0.002865 0.005247
0 0.073655 0.063503 0.002517 0.003858
0 0.049262 0.042438 0.001997 0.003395
0 0.024870 0.021605 0.001476 0.002469
0 0.000477 0.000849 0.000955 0.001698
0 0.000477 0.000849 0.000955 0.001698
0 0.000477 0.000849 0.000955 0.001698
0 0.000477 0.000849 0.000955 0.001698
0 0.000477 0.000849 0.000955 0.001698
0 0.000477 0.000849 0.000955 0.001698
0 0.000477 0.000849 0.000955 0.001698
0 0.000477 0.000849 0.000955 0.001698
0 0.000477 0.000849 0.000955 0.001698
0 0.000477 0.000849 0.000955 0.001698
0 0.000477 0.000849 0.000955 0.001698
0 0.000477 0.000849 0.000955 0.001698
0 0.000477 0.000849 0.000955 0.001698
0 0.000477 0.000849 0.000955 0.001698
0 0.000477 0.000849 0.000955 0.001698
0 0.000477 0.000849 0.000955 0.001698
0 0.000477 0.000849 0.000955 0.001698
0 0.000477 0.000849 0.000955 0.001698
0 0.000477 0.000849 0.000955 0.001698
0 0.000477 0.000849 0.000955 0.001698
0 0.000477 0.000849 0.000955 0.001698
0 0.000477 0.000849 0.000955 0.001698
0 0.000477 0.000849 0.000955 0.001698
0 0.000477 0.000849 0.000955 0.001698
0 0.000477 0.000849 0.000955 0.001698
0 0.000477 0.000849 0.000955 0.001698
0 0.000477 0.000849 0.000955 0.001698
0 0.000477 0.000849 0.000955 0.001698
0 0.000477 0.000849 0.000955 0.001698
0 0.000477 0.000849 0.000955 0.001698
0 0.000477 0.000849 0.000955 0.001698
0 0.000477 0.000849 0.000955 0.001698
0 0.000477 0.000849 0.000955 0.001698
0 0.000477 0.000849 0.000955 0.001698
0 0.000477 0.000849 0.000955 0.001698
0 0.000477 0.000849 0.000955 0.001698
0 0.000477 0.000849 0.000955 0.001698
0 0.000477 0.000849 0.000955 0.001698
0 0.000477 0.000849 0.000955 0.001698
0 0.000477 0.000849 0.000955 0.001698
0 0.000477 0.000849 0.000955 0.001698
0 0.000477 0.000849 0.000955 0.001698
0 0.000477 0.000849 0.000955 0.001698
0 0.000477 0.000849 0.000955 0.001698
0 0.000477 0.000849 0.000955 0.001698
0 0.000477 0.000849 0.000955 0.001698
0 0.000477 0.000849 0.000955 0.001698
0 0.000477 0.000849 0.000955 0.001698
0 0.000477 0.000849 0.000955 0.001698
0 0.000477 0.000849 0.000955 0.001698
0 0.000477 0.000849 0.000955 0.001698
0 0.000477 0.000849 0.000955 0.001698
0 0.000477 0.000849 0.000955 0.001698
0 0.000477 0.000849 0.000955 0.001698
0 0.000477 0.000849 0.000955 0.001698
0 0.000477 0.000849 0.000955 0.001698
0 0.000477 0.000849 0.000955 0.001698
0 0.000477 0.000849 0.000955 0.001698
0 0.000477 0.000849 0.000955 0.001698
0 0.000477 0.000849 0.000955 0.001698
0 0.000477 0.000849 0.000955 0.001698
0 0.000477 0.000849 0.000955 0.001698
0 0.000477 0.000849 0.000955 0.001698
0 0.000477 0.000849 0.000955 0.001698
0 0.000477 0.000849 0.000955 0.001698
0 0.000477 0.000849 0.000955 0.001698
0 0.000477 0.000849 0.000955 0.001698
0 0.000477 0.000849 0.000955 0.001698
0 0.000477 0.000849 0.000955 0.001698
0 0.000477 0.000849 0.000955 0.001698
0 0.000477 0.000849 0.000955 0.001698
0 0.000477 0.000849 0.000955 0.001698
0 0.000477 0.000849 0.000955 0.001698
0 0.000477 0.000849 0.000955 0.001698
0 0.000477 0.000849 0.000955 0.001698
0 0.000477 0.000849 0.000955 0.001698
0 0.000477 0.000849 0.000955 0.001698
0 0.000477 0.000849 0.000955 0.001698
0 0.000477 0.000849 0.000955 0.001698
0 0.000477 0.000849 0.000955 0.001698
0 0.000477 0.000849 0.000955 0.001698
0 0.000477 0.000849 0.000955 0.001698
0 0.000477 0.000849 0.000955 0.001698
0 0.000477 0.000849 0.000955 0.001698
0 0.000477 0.000849 0.000955 0.001698
0 0.000477 0.000849 0.000955 0.001698
0 0.000477 0.000849 0.000955 0.001698
0 0.000477 0.000849 0.000955 0.001698
0 0.000477 0.000849 0.000955 0.001698
0 0.000477 0.000849 0.000955 0.001698
0 0.000477 0.000849 0.000955 0.001698
0 0.000477 0.000849 0.000955 0.001698
0 0.000477 0.000849 0.000955 0.001698
0 0.000477 0.000849 0.000955 0.001698
0 0.000477 0.000849 0.000955 0.001698
0 0.000477 0.000849 0.000955 0.001698
0 0.000477 0.000849 0.000955 0.001698
0 0.000477 0.000849 0.000955 0.001698
0 0.000477 0.000849 0.000955 0.001698
0 0.000477 0.000849 0.000955 0.001698
0 0.000477 0.000849 0.000955 0.001698
0 0.000477 0.000849 0.000955 0.001698
0 0.000477 0.000849 0.000955 0.001698
0 0.000477 0.000849 0.000955 0.001698
0 0.000477 0.000849 0.000955 0.001698
0 0.000477 0.000849 0.000955 0.001698
0 0.000477 0.000849 0.000955 0.001698
0 0.000477 0.000849 0.000955 0.001698
0 0.000477 0.000849 0.000955 0.001698
0 0.000477 0.000849 0.000955 0.001698
0 0.000477 0.000849 0.000955 0.001698
0 0.000477 0.000849 0.000955 0.001698
0 0.000477 0.000849 0.000955 0.001698
0 0.000477 0.000849 0.000955 0.001698
0 0.000477 0.000849 0.000955 0.001698
0 0.000477 0.000849 0.000955 0.001698
0 0.000477 0.000849 0.000955 0.001698
0 0.000477 0.000849 0.000955 0.001698
0 0.000477 0.000849 0.000955 0.001698
0 0.000477 0.000849 0.000955 0.001698
0 0.000477 0.000849 0.000955 0.001698
0 0.000477 0.000849 0.000955 0.001698
0 0.000477 0.000849 0.000955 0.001698
0 0.000477 0.000849 0.000955 0.001698
0 0.000477 0.000849 0.000955 0.001698
0 0.000477 0.000849 0.000955 0.001698
0 0.000477 0.000849 0.000955 0.001698
0 0.000477 0.000849 0.000955 0.001698
0 0.000477 0.000849 0.000955 0.001698
0 0.000477 0.000849 0.000955 0.001698
0 0.000477 0.000849 0.000955 0.001698
0 0.024870 0.021605 0.001476 0.002469
0 0.049262 0.042438 0.001997 0.003395
0 0.073655 0.063503 0.002517 0.003858
0 0.098047 0.084336 0.002865 0.004784
0 0.122569 0.105556 0.003125 0.005556
0 0.146962 0.126389 0.003646 0.006481
0 0.171354 0.147222 0.004167 0.007407
0 0.195790 0.168287 0.004601 0.007870
0 0.220182 0.189043 0.005122 0.008642
0 0.244835 0.210340 0.005642 0.009568
0 0.244835 0.210340 0.005642 0.009568
0 0.244835 0.210340 0.005642 0.009568
0 0.244835 0.210340 0.005642 0.009568
0 0.244835 0.210340 0.005642 0.009568
0 0.244835 0.210340 0.005642 0.009568
0 0.244835 0.210340 0.005642 0.009568
0 0.244835 0.210340 0.005642 0.009568
0 0.244835 0.210340 0.005642 0.009568
0 0.244835 0.210340 0.005642 0.009568
0 0.244835 0.210340 0.005642 0.009568
0 0.244575 0.207253 0.005642 0.009568
0 0.244575 0.204630 0.005642 0.009568
0 0.244575 0.201852 0.005642 0.009877
0 0.244575 0.199074 0.005642 0.009568
0 0.244575 0.196451 0.005642 0.009568
0 0.244444 0.193596 0.005382 0.010031
0 0.244444 0.190741 0.005382 0.009568
0 0.244444 0.187963 0.005382 0.009877
0 0.244444 0.185417 0.005382 0.010031
0 0.244444 0.182793 0.005382 0.010031
0 0.244444 0.182793 0.005382 0.010031
0 0.244444 0.183256 0.005382 0.010031
0 0.244444 0.183642 0.005382 0.009877
0 0.244444 0.183873 0.005382 0.010340
0 0.244444 0.184259 0.005382 0.010494
0 0.244444 0.184491 0.005382 0.010031
0 0.244444 0.184722 0.005382 0.010494
0 0.244444 0.185185 0.005382 0.010494
0 0.244444 0.185571 0.005382 0.010340
0 0.244444 0.186034 0.005382 0.010340
