0 0.197830 0.133565 0.007292 0.021759
0 0.197266 0.133333 0.007031 0.021296
0 0.196658 0.133333 0.006858 0.021296
0 0.196137 0.133333 0.006858 0.021296
0 0.195573 0.133333 0.006597 0.021296
0 0.195182 0.133333 0.006337 0.021296
0 0.194575 0.133333 0.006163 0.021296
0 0.193967 0.133333 0.005816 0.021296
0 0.193446 0.133333 0.005816 0.021296
0 0.192839 0.133333 0.005642 0.021296
0 0.192491 0.133333 0.005295 0.021296
0 0.191753 0.133333 0.005382 0.021296
0 0.191276 0.133333 0.005295 0.021296
0 0.190799 0.133333 0.005382 0.021296
0 0.190278 0.133333 0.005382 0.021296
0 0.189800 0.133565 0.005295 0.021759
0 0.189062 0.133565 0.005382 0.021759
0 0.188585 0.133565 0.005295 0.021759
0 0.188108 0.133565 0.005382 0.021759
0 0.187587 0.133565 0.005382 0.021759
0 0.187153 0.133951 0.005382 0.021605
0 0.186372 0.133951 0.005382 0.021605
0 0.185938 0.134414 0.005382 0.021605
0 0.185417 0.134414 0.005382 0.021605
0 0.184896 0.134799 0.005382 0.021759
0 0.184462 0.135262 0.005382 0.021759
0 0.183941 0.135262 0.005382 0.021759
0 0.183464 0.135725 0.005295 0.021759
0 0.182986 0.135725 0.005382 0.021759
0 0.182465 0.136111 0.005382 0.021605
0 0.182031 0.136574 0.005382 0.021605
0 0.181510 0.136574 0.005382 0.021605
0 0.180990 0.136574 0.005382 0.021605
0 0.180556 0.136574 0.005382 0.021605
0 0.180035 0.136574 0.005382 0.021605
0 0.179557 0.136574 0.005295 0.021605
0 0.179080 0.136574 0.005382 0.021605
0 0.178559 0.136574 0.005382 0.021605
0 0.178125 0.136574 0.005382 0.021605
0 0.177604 0.136574 0.005382 0.021605
0 0.177083 0.136574 0.005382 0.021605
0 0.176649 0.136574 0.005382 0.021605
0 0.176128 0.136574 0.005382 0.021605
0 0.175651 0.136574 0.005295 0.021605
0 0.175174 0.136574 0.005382 0.021605
0 0.174913 0.136574 0.005382 0.021605
0 0.174436 0.136574 0.005295 0.021605
0 0.173958 0.136574 0.005382 0.021605
0 0.173437 0.136574 0.005382 0.021605
0 0.173003 0.136574 0.005382 0.021605
0 0.172743 0.137037 0.005382 0.021605
0 0.172222 0.137037 0.005382 0.021605
0 0.171745 0.137037 0.005295 0.021605
0 0.171267 0.137037 0.005382 0.021605
0 0.170747 0.137037 0.005382 0.021605
0 0.170313 0.137037 0.005382 0.021605
0 0.169792 0.137037 0.005382 0.021605
0 0.169314 0.137037 0.005295 0.021605
0 0.168837 0.137037 0.005382 0.021605
0 0.168316 0.137037 0.005382 0.021605
0 0.168056 0.137037 0.005382 0.021605
0 0.167361 0.136574 0.005382 0.021605
0 0.166840 0.136574 0.005382 0.021605
0 0.166406 0.136574 0.005382 0.021605
0 0.165885 0.136574 0.005382 0.021605
0 0.165408 0.136574 0.005295 0.021605
0 0.164670 0.136574 0.005382 0.021605
0 0.164149 0.136574 0.005382 0.021605
0 0.163715 0.136574 0.005382 0.021605
0 0.163194 0.136574 0.005382 0.021605
0 0.162717 0.136574 0.005295 0.021605
0 0.161979 0.136574 0.005382 0.021605
0 0.161502 0.136574 0.005295 0.021605
0 0.161024 0.136574 0.005382 0.021605
0 0.160503 0.136574 0.005382 0.021605
0 0.160069 0.136574 0.005382 0.021605
0 0.159549 0.136574 0.005382 0.021605
0 0.159028 0.136574 0.005382 0.021605
0 0.158594 0.136574 0.005382 0.021605
0 0.158073 0.136574 0.005382 0.021605
0 0.157595 0.136574 0.005295 0.021605
0 0.157118 0.136343 0.005382 0.022068
0 0.156727 0.136343 0.005122 0.022068
0 0.156467 0.136343 0.005122 0.022068
0 0.156033 0.136111 0.005122 0.022531
0 0.155773 0.136111 0.005122 0.022531
0 0.155382 0.136111 0.004861 0.022531
0 0.154905 0.135880 0.004948 0.022994
0 0.154687 0.135880 0.004861 0.022994
0 0.154297 0.135880 0.004601 0.022994
0 0.154036 0.136111 0.004601 0.023457
0 0.154297 0.136111 0.004601 0.023457
0 0.154557 0.136111 0.004601 0.023457
0 0.154774 0.136111 0.004687 0.023457
0 0.155122 0.136111 0.004861 0.023457
0 0.155512 0.136111 0.004601 0.023457
0 0.155773 0.136111 0.004601 0.023457
0 0.156163 0.136111 0.004861 0.023457
0 0.156380 0.136111 0.004948 0.023457
0 0.156597 0.136111 0.004861 0.023457
0 0.157118 0.136574 0.004861 0.023457
0 0.157378 0.136111 0.004861 0.023457
0 0.157595 0.136111 0.004948 0.023457
0 0.157812 0.135648 0.004861 0.023457
0 0.158333 0.135648 0.004861 0.023457
0 0.158594 0.135648 0.004861 0.023457
0 0.158811 0.135262 0.004948 0.023302
0 0.159288 0.135262 0.004861 0.023302
0 0.159549 0.134877 0.004861 0.023457
0 0.159809 0.134877 0.004861 0.023457
0 0.160286 0.134877 0.004948 0.023457
0 0.161024 0.134645 0.004861 0.022994
0 0.161719 0.134414 0.004861 0.022531
0 0.162500 0.134182 0.004861 0.022068
0 0.163325 0.133951 0.004601 0.021605
0 0.164062 0.133796 0.004687 0.021296
0 0.164800 0.133565 0.004601 0.020833
0 0.165668 0.133333 0.004427 0.020370
0 0.166363 0.133102 0.004427 0.019907
0 0.167101 0.132870 0.004340 0.019444
0 0.168099 0.132716 0.004427 0.019136
0 0.168967 0.132716 0.004601 0.019136
0 0.169922 0.132716 0.004601 0.019136
0 0.170877 0.132716 0.004601 0.019136
0 0.171875 0.132716 0.004687 0.019136
0 0.172830 0.132716 0.004687 0.019136
0 0.173828 0.132716 0.004601 0.019136
0 0.174783 0.132716 0.004601 0.019136
0 0.175781 0.132716 0.004687 0.019136
0 0.176736 0.132716 0.004687 0.019136
0 0.177734 0.133102 0.004601 0.018981
0 0.177734 0.133102 0.004601 0.018981
0 0.177865 0.133102 0.004340 0.018981
0 0.177995 0.133102 0.004601 0.018981
0 0.178082 0.133102 0.004427 0.018981
0 0.178212 0.133488 0.004687 0.019136
0 0.178342 0.133488 0.004427 0.019136
0 0.178342 0.133488 0.004427 0.019136
0 0.178602 0.133488 0.004427 0.019136
0 0.178602 0.133488 0.004427 0.019136
0 0.178819 0.133951 0.004340 0.019136
0 0.178342 0.133719 0.004427 0.019599
0 0.177865 0.133719 0.004340 0.019599
0 0.177344 0.133719 0.004340 0.019599
0 0.177127 0.133565 0.004427 0.019907
0 0.176606 0.133565 0.004427 0.019907
0 0.176128 0.133565 0.004340 0.019907
0 0.175911 0.133333 0.004427 0.020370
0 0.175391 0.133333 0.004427 0.020370
0 0.174913 0.133333 0.004340 0.020370
0 0.174696 0.133565 0.004427 0.020833
0 0.174436 0.133102 0.004427 0.020833
0 0.174436 0.133102 0.004427 0.020833
0 0.174175 0.133102 0.004427 0.020833
0 0.174175 0.133102 0.004427 0.020833
0 0.173958 0.133102 0.004340 0.020833
0 0.173958 0.133102 0.004340 0.020833
0 0.173698 0.133102 0.004340 0.020833
0 0.173698 0.133102 0.004340 0.020833
0 0.173481 0.133102 0.004427 0.020833
0 0.173481 0.133102 0.004427 0.020833
0 0.173220 0.133102 0.004427 0.020833
0 0.172960 0.133102 0.004427 0.020833
0 0.172700 0.133333 0.004427 0.021296
0 0.172700 0.133333 0.004427 0.021296
0 0.172483 0.133565 0.004340 0.021759
0 0.172222 0.133565 0.004340 0.021759
0 0.172222 0.133565 0.004340 0.021759
0 0.172005 0.133719 0.004427 0.022068
0 0.171745 0.133719 0.004427 0.022068
0 0.171745 0.134182 0.004427 0.022068
0 0.171745 0.133719 0.004427 0.022068
0 0.172005 0.133719 0.004427 0.022068
0 0.172222 0.133719 0.004340 0.022068
0 0.172352 0.133719 0.004080 0.022068
0 0.172569 0.133719 0.004167 0.022068
0 0.172700 0.133333 0.004427 0.022222
0 0.172960 0.133333 0.004427 0.022222
0 0.173090 0.133333 0.004167 0.022222
0 0.173351 0.133333 0.004167 0.022222
0 0.173611 0.133333 0.004167 0.022222
