0 0.149783 0.102701 0.005816 0.020833
0 0.149783 0.102701 0.005816 0.020833
0 0.149783 0.102701 0.005816 0.020833
0 0.149783 0.102701 0.005816 0.020833
0 0.149783 0.102701 0.005816 0.020833
0 0.149783 0.102701 0.005816 0.020833
0 0.149783 0.102701 0.005816 0.020833
0 0.149783 0.102701 0.005816 0.020833
0 0.149783 0.102701 0.005816 0.020833
0 0.149783 0.102701 0.005816 0.020833
0 0.149783 0.102701 0.005816 0.020833
0 0.149783 0.102701 0.005816 0.020833
0 0.149783 0.102701 0.005816 0.020833
0 0.149783 0.102701 0.005816 0.020833
0 0.149783 0.102701 0.005816 0.020833
0 0.149783 0.102701 0.005816 0.020833
0 0.149783 0.102701 0.005816 0.020833
0 0.149783 0.102701 0.005816 0.020833
0 0.149783 0.102701 0.005816 0.020833
0 0.149783 0.102701 0.005816 0.020833
0 0.149783 0.102701 0.005816 0.020833
0 0.136155 0.106481 0.006337 0.021296
0 0.122569 0.110340 0.006597 0.021296
0 0.109028 0.114198 0.006771 0.021296
0 0.095616 0.118133 0.007378 0.021142
0 0.082075 0.122299 0.007552 0.021759
0 0.068490 0.126157 0.007812 0.021759
0 0.055122 0.130093 0.008333 0.021605
0 0.041580 0.133951 0.008507 0.021605
0 0.027995 0.137886 0.008767 0.021759
0 0.014627 0.141975 0.009288 0.022222
0 0.017752 0.140664 0.009288 0.022068
0 0.021181 0.139429 0.009201 0.022068
0 0.024349 0.138117 0.009288 0.022222
0 0.027778 0.136806 0.009201 0.022068
0 0.031207 0.135494 0.009288 0.022222
0 0.034332 0.134182 0.009288 0.022068
0 0.037804 0.132870 0.009288 0.022222
0 0.040929 0.131559 0.009288 0.022068
0 0.044401 0.130324 0.009288 0.022068
0 0.047786 0.129167 0.009288 0.021605
0 0.050608 0.127932 0.009028 0.021605
0 0.053646 0.127006 0.008854 0.021605
0 0.056684 0.125694 0.008507 0.021759
0 0.059635 0.124846 0.008507 0.021605
0 0.062674 0.123765 0.008333 0.021296
0 0.065712 0.122685 0.007986 0.021605
0 0.068620 0.121605 0.008073 0.021296
0 0.071701 0.120525 0.007812 0.021605
0 0.074783 0.119444 0.007552 0.021296
0 0.077778 0.118519 0.007292 0.021296
0 0.080122 0.117747 0.007118 0.021296
0 0.082552 0.117052 0.007118 0.020833
0 0.085113 0.116358 0.006858 0.021296
0 0.087543 0.115818 0.006858 0.020833
0 0.090104 0.115123 0.006597 0.021296
0 0.092405 0.114429 0.006337 0.020833
0 0.094878 0.113580 0.006424 0.020679
0 0.097439 0.113194 0.006163 0.020833
0 0.099913 0.112269 0.006076 0.020833
0 0.102431 0.111806 0.005903 0.020833
0 0.104644 0.111343 0.005816 0.020833
0 0.106858 0.111034 0.005903 0.020833
0 0.109028 0.110571 0.005903 0.020833
0 0.111241 0.110108 0.005816 0.020833
0 0.113672 0.109645 0.005816 0.020833
0 0.115885 0.109182 0.005903 0.020833
0 0.118056 0.108873 0.005903 0.020833
0 0.120269 0.108410 0.005816 0.020833
0 0.122439 0.107948 0.005816 0.020833
0 0.124913 0.107948 0.005903 0.020833
0 0.127344 0.107022 0.005903 0.020833
0 0.129774 0.106713 0.005903 0.020833
0 0.132205 0.106250 0.005903 0.020833
0 0.134679 0.105787 0.005816 0.020833
0 0.137326 0.105324 0.005903 0.020833
0 0.139800 0.104475 0.005816 0.020679
0 0.142231 0.104090 0.005816 0.020833
0 0.144661 0.103627 0.005816 0.020833
0 0.147092 0.103164 0.005816 0.020833
0 0.149783 0.102701 0.005816 0.020833
0 0.151736 0.102701 0.005903 0.020833
0 0.153689 0.102701 0.005816 0.020833
0 0.155642 0.103164 0.005903 0.020833
0 0.157595 0.103164 0.005816 0.020833
0 0.159809 0.103627 0.005903 0.020833
0 0.161762 0.103627 0.005816 0.020833
0 0.163715 0.103627 0.005903 0.020833
0 0.165668 0.104090 0.005816 0.020833
0 0.167578 0.104090 0.005816 0.020833
0 0.169792 0.104475 0.005903 0.020679
0 0.171484 0.104475 0.005816 0.020679
0 0.173437 0.104630 0.005903 0.020370
0 0.175304 0.104861 0.005642 0.019907
0 0.177214 0.105324 0.005642 0.019907
0 0.179210 0.105556 0.005642 0.019444
0 0.180903 0.105787 0.005556 0.018981
0 0.182856 0.106173 0.005642 0.019136
0 0.184679 0.106404 0.005295 0.018673
0 0.186632 0.106636 0.005382 0.018210
0 0.188585 0.107099 0.005295 0.018210
0 0.190278 0.107099 0.005382 0.018210
0 0.192274 0.107562 0.005382 0.018210
0 0.194184 0.107948 0.005382 0.018364
0 0.196181 0.108333 0.005382 0.018210
0 0.198090 0.108796 0.005382 0.018210
0 0.200087 0.109259 0.005382 0.018210
0 0.201997 0.109722 0.005382 0.018210
0 0.203993 0.110108 0.005382 0.018364
0 0.205903 0.110494 0.005382 0.018210
0 0.207899 0.110957 0.005382 0.018210
0 0.209549 0.110957 0.005382 0.018210
0 0.211545 0.111420 0.005382 0.018210
0 0.213455 0.111883 0.005382 0.018210
0 0.215451 0.112346 0.005382 0.018210
0 0.217361 0.112654 0.005382 0.018210
0 0.219097 0.112654 0.005382 0.018210
0 0.221007 0.113117 0.005382 0.018210
0 0.223003 0.113580 0.005382 0.018210
0 0.224913 0.114043 0.005382 0.018210
0 0.226910 0.114506 0.005382 0.018210
0 0.228819 0.114815 0.005382 0.018210
0 0.231076 0.115741 0.005382 0.018210
0 0.232986 0.116204 0.005382 0.018210
0 0.235200 0.117052 0.005295 0.018364
0 0.237153 0.117901 0.005382 0.018210
0 0.239323 0.118364 0.005382 0.018210
0 0.241319 0.119290 0.005382 0.018210
0 0.243490 0.119599 0.005382 0.018210
0 0.245443 0.120525 0.005295 0.018210
0 0.247656 0.121451 0.005382 0.018210
0 0.249566 0.121759 0.005382 0.018210
0 0.251562 0.122685 0.005382 0.018210
0 0.253733 0.123148 0.005382 0.018210
0 0.255686 0.123997 0.005295 0.018364
0 0.257899 0.124846 0.005382 0.018210
0 0.259809 0.125309 0.005382 0.018210
0 0.261806 0.126235 0.005382 0.018210
0 0.263976 0.126543 0.005382 0.018210
0 0.265972 0.127469 0.005382 0.018210
0 0.268142 0.128395 0.005382 0.018210
0 0.270052 0.128704 0.005382 0.018210
0 0.272049 0.129630 0.005382 0.018210
0 0.274089 0.130556 0.005122 0.018210
0 0.276215 0.131327 0.005382 0.018210
0 0.278255 0.132253 0.005122 0.018210
0 0.280252 0.133102 0.005122 0.018364
0 0.282292 0.133951 0.005382 0.018210
0 0.284332 0.134877 0.005122 0.018210
0 0.286328 0.135648 0.005122 0.018210
0 0.288498 0.136574 0.005122 0.018210
0 0.290929 0.137500 0.005122 0.018210
0 0.293620 0.138735 0.005122 0.018210
0 0.296311 0.140046 0.005122 0.018364
0 0.299002 0.141358 0.005122 0.018210
0 0.301693 0.142593 0.005122 0.018210
0 0.304384 0.143519 0.005122 0.018210
0 0.307075 0.144753 0.005122 0.018210
0 0.309766 0.146142 0.005122 0.018210
0 0.312457 0.147377 0.005122 0.018210
0 0.315148 0.148765 0.005122 0.018210
0 0.315148 0.148765 0.005122 0.018210
0 0.315148 0.148765 0.005122 0.018210
0 0.315148 0.148765 0.005122 0.018210
0 0.315148 0.148765 0.005122 0.018210
0 0.315148 0.148765 0.005122 0.018210
0 0.315148 0.148765 0.005122 0.018210
0 0.315148 0.148765 0.005122 0.018210
0 0.315148 0.148765 0.005122 0.018210
0 0.315148 0.148765 0.005122 0.018210
0 0.315148 0.148765 0.005122 0.018210
0 0.315148 0.148765 0.005122 0.018210
0 0.315148 0.148765 0.005122 0.018210
0 0.315148 0.148765 0.005122 0.018210
0 0.315148 0.148765 0.005122 0.018210
0 0.315148 0.148765 0.005122 0.018210
0 0.315148 0.148765 0.005122 0.018210
0 0.315148 0.148765 0.005122 0.018210
0 0.315148 0.148765 0.005122 0.018210
0 0.315148 0.148765 0.005122 0.018210
0 0.315148 0.148765 0.005122 0.018210
