0 0.197873 0.043750 0.004427 0.012191
0 0.197352 0.043750 0.004427 0.012191
0 0.197005 0.043981 0.004080 0.011728
0 0.196658 0.044213 0.004427 0.012191
0 0.196267 0.044444 0.004167 0.011728
0 0.195920 0.044599 0.004340 0.012037
0 0.195573 0.044830 0.004167 0.011574
0 0.195052 0.044830 0.004167 0.011574
0 0.194792 0.045216 0.004167 0.011728
0 0.194314 0.045216 0.004080 0.011728
0 0.194097 0.045679 0.004167 0.011728
0 0.193316 0.045679 0.004167 0.011728
0 0.192752 0.045679 0.004427 0.011728
0 0.192101 0.045679 0.004167 0.011728
0 0.191536 0.045679 0.004427 0.011728
0 0.190885 0.045910 0.004167 0.012191
0 0.190278 0.045910 0.004340 0.012191
0 0.189540 0.045910 0.004427 0.012191
0 0.189062 0.045910 0.004340 0.012191
0 0.188325 0.045910 0.004427 0.012191
0 0.187847 0.046373 0.004340 0.012191
0 0.186892 0.046373 0.004340 0.012191
0 0.186155 0.046373 0.004427 0.012191
0 0.185156 0.046373 0.004340 0.012191
0 0.184418 0.046759 0.004427 0.012037
0 0.183594 0.046759 0.004167 0.012037
0 0.182726 0.046759 0.004340 0.012037
0 0.181858 0.047222 0.004167 0.012037
0 0.181033 0.047222 0.004427 0.012037
0 0.180165 0.047222 0.004080 0.012037
0 0.179427 0.047608 0.004167 0.012191
0 0.178472 0.047608 0.004167 0.012191
0 0.177474 0.047608 0.004080 0.012191
0 0.176476 0.047608 0.004167 0.012191
0 0.175521 0.047608 0.004167 0.012191
0 0.174696 0.047608 0.004427 0.012191
0 0.173698 0.047608 0.004340 0.012191
0 0.172700 0.047608 0.004427 0.012191
0 0.171745 0.047608 0.004427 0.012191
0 0.170790 0.047608 0.004427 0.012191
0 0.170052 0.047608 0.004340 0.012191
0 0.169054 0.047608 0.004427 0.012191
0 0.168099 0.047608 0.004427 0.012191
0 0.167101 0.047608 0.004340 0.012191
0 0.166146 0.047608 0.004340 0.012191
0 0.165148 0.047608 0.004427 0.012191
0 0.164193 0.047608 0.004427 0.012191
0 0.163194 0.047608 0.004340 0.012191
0 0.162240 0.047608 0.004340 0.012191
0 0.161241 0.047608 0.004427 0.012191
0 0.160286 0.047608 0.004427 0.012191
0 0.159071 0.047377 0.004427 0.011728
0 0.157986 0.047377 0.004167 0.011728
0 0.156901 0.047377 0.003906 0.011728
0 0.155773 0.047145 0.004080 0.011265
0 0.154644 0.047145 0.003906 0.011265
0 0.153559 0.047145 0.003646 0.011265
0 0.152474 0.046991 0.003906 0.010957
0 0.151389 0.046991 0.003646 0.010957
0 0.150260 0.046991 0.003472 0.010957
0 0.149306 0.047222 0.003472 0.010494
0 0.148177 0.047222 0.003646 0.010494
0 0.147222 0.047377 0.003646 0.010802
0 0.146267 0.047377 0.003646 0.010802
0 0.145182 0.047608 0.003906 0.011265
0 0.144141 0.047608 0.003906 0.011265
0 0.143186 0.047840 0.003906 0.011728
0 0.142101 0.047840 0.004167 0.011728
0 0.141146 0.048071 0.004167 0.012191
0 0.140148 0.048071 0.004080 0.012191
0 0.139149 0.048302 0.004167 0.012654
0 0.138715 0.047840 0.004167 0.012654
0 0.138455 0.047840 0.004167 0.012654
0 0.138064 0.047608 0.004427 0.012191
0 0.137674 0.047454 0.004167 0.012500
0 0.137457 0.047222 0.004080 0.012037
0 0.137109 0.047222 0.004427 0.012037
0 0.136719 0.046759 0.004167 0.012037
0 0.136372 0.046759 0.004340 0.012037
0 0.136111 0.046605 0.004340 0.011728
0 0.135894 0.046605 0.004427 0.011728
0 0.136979 0.046142 0.004687 0.011728
0 0.138194 0.046142 0.004687 0.011728
0 0.139410 0.045679 0.004687 0.011728
0 0.140625 0.045679 0.004687 0.011728
0 0.141840 0.045448 0.004687 0.011265
0 0.142969 0.045216 0.004861 0.011728
0 0.144184 0.044985 0.004861 0.011265
0 0.145399 0.044830 0.004861 0.011574
0 0.146615 0.044676 0.004861 0.011265
0 0.147830 0.044676 0.004861 0.011265
0 0.150521 0.044213 0.004861 0.011265
0 0.153212 0.044213 0.004861 0.011265
0 0.156033 0.043981 0.004601 0.011728
0 0.158681 0.043981 0.004687 0.011728
0 0.161632 0.043981 0.004687 0.011728
0 0.164323 0.043519 0.004687 0.011728
0 0.166970 0.043519 0.004601 0.011728
0 0.169792 0.043287 0.004340 0.012191
0 0.172483 0.043287 0.004340 0.012191
0 0.175391 0.043287 0.004427 0.012191
0 0.178342 0.043750 0.004427 0.012191
0 0.181510 0.044213 0.004340 0.012191
0 0.184418 0.044599 0.004427 0.012037
0 0.187630 0.045062 0.004427 0.012037
0 0.190538 0.045448 0.004340 0.012191
0 0.193707 0.045910 0.004427 0.012191
0 0.196658 0.046373 0.004427 0.012191
0 0.199826 0.046759 0.004340 0.012037
0 0.202734 0.047222 0.004427 0.012037
0 0.205903 0.047608 0.004340 0.012191
0 0.207595 0.048071 0.004427 0.012191
0 0.209332 0.048534 0.004427 0.012191
0 0.211024 0.048997 0.004340 0.012191
0 0.212977 0.049383 0.004427 0.012037
0 0.214714 0.049769 0.004427 0.012191
0 0.216406 0.050231 0.004340 0.012191
0 0.218359 0.050694 0.004427 0.012191
0 0.220052 0.051157 0.004340 0.012191
0 0.221788 0.051543 0.004340 0.012037
0 0.223741 0.051929 0.004427 0.012191
0 0.224219 0.051929 0.004340 0.012191
0 0.224696 0.051929 0.004427 0.012191
0 0.225174 0.052392 0.004340 0.012191
0 0.225651 0.052392 0.004427 0.012191
0 0.226172 0.052855 0.004427 0.012191
0 0.226649 0.052855 0.004340 0.012191
0 0.227127 0.052855 0.004427 0.012191
0 0.227648 0.053318 0.004427 0.012191
0 0.228125 0.053318 0.004340 0.012191
0 0.228602 0.053704 0.004427 0.012037
0 0.228602 0.053318 0.004427 0.012191
0 0.228733 0.053318 0.004167 0.012191
0 0.228733 0.053086 0.004167 0.011728
0 0.228863 0.053086 0.003906 0.011728
0 0.228993 0.053086 0.004167 0.011728
0 0.229123 0.052855 0.003906 0.011265
0 0.229123 0.052855 0.003906 0.011265
0 0.229210 0.052623 0.003733 0.010802
0 0.229210 0.052623 0.003733 0.010802
0 0.229427 0.052623 0.003646 0.010802
0 0.230208 0.052855 0.003646 0.010340
0 0.231163 0.053318 0.003646 0.010340
0 0.232118 0.053704 0.003646 0.010494
0 0.233030 0.053935 0.003906 0.010031
0 0.233984 0.054398 0.003906 0.010031
0 0.234809 0.054784 0.003646 0.009877
0 0.235720 0.055015 0.003906 0.009414
0 0.236675 0.055401 0.003906 0.009568
0 0.237630 0.055864 0.003906 0.009568
0 0.238585 0.056559 0.003906 0.009105
0 0.238585 0.056559 0.003906 0.009105
0 0.238585 0.057022 0.003906 0.009105
0 0.238585 0.057176 0.003906 0.008796
0 0.238715 0.057330 0.003646 0.009105
0 0.238715 0.057562 0.003646 0.008642
0 0.238715 0.058025 0.003646 0.008642
0 0.238845 0.058025 0.003385 0.008642
0 0.238845 0.058488 0.003385 0.008642
0 0.238845 0.058719 0.003385 0.008179
0 0.239106 0.059182 0.003385 0.008179
0 0.238585 0.059182 0.003385 0.008179
0 0.238368 0.059182 0.003472 0.008179
0 0.238021 0.059182 0.003646 0.008179
0 0.237630 0.059182 0.003385 0.008179
0 0.237370 0.059182 0.003385 0.008179
0 0.237023 0.059182 0.003733 0.008179
0 0.236675 0.059182 0.003385 0.008179
0 0.236285 0.059182 0.003646 0.008179
0 0.236024 0.059182 0.003646 0.008179
0 0.235807 0.059182 0.003733 0.008179
0 0.235807 0.059182 0.003733 0.008179
0 0.235807 0.059182 0.003733 0.008179
0 0.235937 0.059182 0.003472 0.008179
0 0.236024 0.059182 0.003646 0.008179
0 0.236024 0.059182 0.003646 0.008179
0 0.236155 0.059414 0.003385 0.008642
0 0.236155 0.059414 0.003385 0.008642
0 0.236285 0.059414 0.003646 0.008642
0 0.236415 0.059414 0.003385 0.008642
0 0.236415 0.059414 0.003385 0.008642
