0 0.192578 0.036188 0.005122 0.013426
0 0.192405 0.036188 0.005122 0.013426
0 0.192405 0.036188 0.005122 0.013426
0 0.192405 0.036188 0.005122 0.013426
0 0.192405 0.036188 0.005122 0.013426
0 0.192405 0.036420 0.005122 0.013889
0 0.192405 0.036420 0.005122 0.013889
0 0.192405 0.036420 0.005122 0.013889
0 0.192405 0.036420 0.005122 0.013889
0 0.192405 0.036420 0.005122 0.013889
0 0.192405 0.036574 0.005122 0.014198
0 0.192405 0.036574 0.005122 0.014198
0 0.192405 0.036574 0.005122 0.014198
0 0.192405 0.036574 0.005122 0.014198
0 0.192405 0.036574 0.005122 0.014198
0 0.192405 0.036574 0.005122 0.014198
0 0.192405 0.036574 0.005122 0.014198
0 0.192405 0.036574 0.005122 0.014198
0 0.192405 0.036574 0.005122 0.014198
0 0.192405 0.036574 0.005122 0.014198
0 0.192405 0.036574 0.005122 0.014198
0 0.192144 0.036188 0.005122 0.014352
0 0.192144 0.036188 0.005122 0.014352
0 0.192144 0.036188 0.005122 0.014352
0 0.192144 0.036188 0.005122 0.014352
0 0.192144 0.036188 0.005122 0.014352
0 0.192144 0.036188 0.005122 0.014352
0 0.192144 0.036188 0.005122 0.014352
0 0.192144 0.036188 0.005122 0.014352
0 0.192144 0.036188 0.005122 0.014352
0 0.192144 0.036188 0.005122 0.014352
0 0.192144 0.036188 0.005122 0.014352
0 0.192144 0.036188 0.005122 0.014352
0 0.192144 0.036188 0.005122 0.014352
0 0.192144 0.036188 0.005122 0.014352
0 0.192144 0.036188 0.005122 0.014352
0 0.192144 0.036188 0.005122 0.014352
0 0.192144 0.036188 0.005122 0.014352
0 0.192144 0.036188 0.005122 0.014352
0 0.192144 0.036188 0.005122 0.014352
0 0.192144 0.036188 0.005122 0.014352
0 0.192144 0.035957 0.005122 0.014815
0 0.192144 0.035957 0.005122 0.014815
0 0.192144 0.035957 0.005122 0.014815
0 0.192144 0.035957 0.005122 0.014815
0 0.192405 0.035957 0.005122 0.014815
0 0.192405 0.035957 0.005122 0.014815
0 0.192405 0.035957 0.005122 0.014815
0 0.192405 0.035957 0.005122 0.014815
0 0.192405 0.035957 0.005122 0.014815
0 0.192578 0.035957 0.005122 0.014815
0 0.192405 0.035494 0.005122 0.014815
0 0.192405 0.035494 0.005122 0.014815
0 0.192405 0.035494 0.005122 0.014815
0 0.192405 0.035494 0.005122 0.014815
0 0.192405 0.035494 0.005122 0.014815
0 0.192405 0.035262 0.005122 0.014352
0 0.192405 0.035262 0.005122 0.014352
0 0.192405 0.035262 0.005122 0.014352
0 0.192405 0.035262 0.005122 0.014352
0 0.192405 0.035262 0.005122 0.014352
0 0.192144 0.035262 0.005122 0.014352
0 0.192144 0.035262 0.005122 0.014352
0 0.192144 0.035262 0.005122 0.014352
0 0.192144 0.035262 0.005122 0.014352
0 0.192144 0.035262 0.005122 0.014352
0 0.192144 0.035262 0.005122 0.014352
0 0.192144 0.035262 0.005122 0.014352
0 0.192144 0.035262 0.005122 0.014352
0 0.192144 0.035262 0.005122 0.014352
0 0.192144 0.035262 0.005122 0.014352
0 0.192014 0.035262 0.004861 0.014352
0 0.192014 0.035262 0.004861 0.014352
0 0.191884 0.035262 0.004601 0.014352
0 0.191884 0.035262 0.004601 0.014352
0 0.191884 0.035262 0.004601 0.014352
0 0.191753 0.035262 0.004340 0.014352
0 0.191753 0.035262 0.004340 0.014352
0 0.191667 0.035262 0.004167 0.014352
0 0.191667 0.035262 0.004167 0.014352
0 0.191667 0.035725 0.004167 0.014352
0 0.191667 0.035725 0.004167 0.014352
0 0.191753 0.035725 0.004340 0.014352
0 0.191753 0.035725 0.004340 0.014352
0 0.191884 0.035725 0.004601 0.014352
0 0.191884 0.035725 0.004601 0.014352
0 0.192014 0.035725 0.004861 0.014352
0 0.192014 0.035725 0.004861 0.014352
0 0.192144 0.035725 0.005122 0.014352
0 0.192144 0.035725 0.005122 0.014352
0 0.192405 0.036188 0.005122 0.014352
0 0.192405 0.036188 0.005122 0.014352
0 0.192405 0.036188 0.005122 0.014352
0 0.192405 0.036188 0.005122 0.014352
0 0.192405 0.036188 0.005122 0.014352
0 0.192405 0.036574 0.005122 0.014198
0 0.192405 0.036574 0.005122 0.014198
0 0.192405 0.036574 0.005122 0.014198
0 0.192405 0.036574 0.005122 0.014198
0 0.192405 0.036574 0.005122 0.014198
0 0.192578 0.036960 0.005122 0.014352
0 0.192578 0.036960 0.005122 0.014352
0 0.192578 0.036960 0.005122 0.014352
0 0.192578 0.036960 0.005122 0.014352
0 0.192578 0.036960 0.005122 0.014352
0 0.192578 0.036960 0.005122 0.014352
0 0.192578 0.036960 0.005122 0.014352
0 0.192578 0.036960 0.005122 0.014352
0 0.192578 0.036960 0.005122 0.014352
0 0.192578 0.036960 0.005122 0.014352
0 0.192578 0.036960 0.005122 0.014352
0 0.192578 0.036960 0.005122 0.014352
0 0.192578 0.036960 0.005122 0.014352
0 0.192578 0.036960 0.005122 0.014352
0 0.192578 0.036960 0.005122 0.014352
0 0.192578 0.036960 0.005122 0.014352
0 0.192578 0.036960 0.005122 0.014352
0 0.192578 0.036960 0.005122 0.014352
0 0.192578 0.036960 0.005122 0.014352
0 0.192578 0.036960 0.005122 0.014352
0 0.192578 0.036960 0.005122 0.014352
0 0.192405 0.036960 0.005122 0.014352
0 0.192405 0.036960 0.005122 0.014352
0 0.192405 0.036960 0.005122 0.014352
0 0.192144 0.037423 0.005122 0.014352
0 0.192144 0.037423 0.005122 0.014352
0 0.192144 0.037423 0.005122 0.014352
0 0.191884 0.037886 0.005122 0.014352
0 0.191884 0.037886 0.005122 0.014352
0 0.191884 0.037886 0.005122 0.014352
0 0.191884 0.038349 0.005122 0.014352
0 0.191623 0.038349 0.005122 0.014352
0 0.191623 0.038735 0.005122 0.014198
0 0.191623 0.039198 0.005122 0.014198
0 0.191623 0.039198 0.005122 0.014198
0 0.191623 0.039583 0.005122 0.014352
0 0.191623 0.040046 0.005122 0.014352
0 0.191623 0.040046 0.005122 0.014352
0 0.191623 0.040509 0.005122 0.014352
0 0.191623 0.040972 0.005122 0.014352
0 0.191623 0.041358 0.005122 0.014198
0 0.191363 0.041358 0.005122 0.014198
0 0.191363 0.041744 0.005122 0.014352
0 0.191363 0.042207 0.005122 0.014352
0 0.191363 0.042670 0.005122 0.014352
0 0.191363 0.043133 0.005122 0.014352
0 0.191189 0.043133 0.005122 0.014352
0 0.191189 0.043519 0.005122 0.014198
0 0.191189 0.043904 0.005122 0.014352
0 0.191189 0.044367 0.005122 0.014352
0 0.191189 0.044830 0.005122 0.014352
0 0.190929 0.044830 0.005122 0.014352
0 0.190929 0.045293 0.005122 0.014352
0 0.190929 0.045679 0.005122 0.014198
0 0.190929 0.046142 0.005122 0.014198
0 0.190929 0.046528 0.005122 0.014352
0 0.190929 0.046528 0.005122 0.014352
0 0.190929 0.046991 0.005122 0.014352
0 0.190929 0.047454 0.005122 0.014352
0 0.190929 0.047917 0.005122 0.014352
0 0.190929 0.048302 0.005122 0.014198
0 0.190668 0.048688 0.005122 0.014352
0 0.190668 0.049614 0.005122 0.014352
0 0.190668 0.050077 0.005122 0.014352
0 0.190668 0.050849 0.005122 0.014352
0 0.190668 0.051312 0.005122 0.014352
0 0.190668 0.052238 0.005122 0.014352
0 0.190668 0.052623 0.005122 0.014198
0 0.190668 0.053472 0.005122 0.014352
0 0.190668 0.053935 0.005122 0.014352
0 0.190668 0.054784 0.005122 0.014198
0 0.190668 0.055015 0.005122 0.013735
0 0.190668 0.055401 0.005122 0.013889
0 0.190668 0.055864 0.005122 0.013889
0 0.190668 0.056327 0.005122 0.013889
0 0.190668 0.057022 0.005122 0.013426
0 0.190668 0.057407 0.005122 0.013580
0 0.190668 0.057793 0.005122 0.013426
0 0.190668 0.058256 0.005122 0.013426
0 0.190668 0.058719 0.005122 0.013426
0 0.190929 0.059336 0.005122 0.013117
