0 0.164410 0.105787 0.002951 0.011265
0 0.164410 0.106250 0.002951 0.011265
0 0.164410 0.106636 0.002951 0.011420
0 0.164410 0.107022 0.002951 0.011265
0 0.164410 0.107948 0.002951 0.011265
0 0.164410 0.108410 0.002951 0.011265
0 0.164410 0.108873 0.002951 0.011265
0 0.164410 0.109645 0.002951 0.011265
0 0.164410 0.110108 0.002951 0.011265
0 0.164410 0.110571 0.002951 0.011265
0 0.164410 0.111420 0.002951 0.011420
0 0.164193 0.111420 0.002865 0.011420
0 0.164193 0.111574 0.002865 0.011728
0 0.164193 0.111574 0.002865 0.011728
0 0.164193 0.112037 0.002865 0.011728
0 0.164193 0.112269 0.002865 0.012191
0 0.164062 0.112269 0.002604 0.012191
0 0.164062 0.112731 0.002604 0.012191
0 0.164062 0.112731 0.002604 0.012191
0 0.164062 0.112963 0.002604 0.012654
0 0.164062 0.113349 0.002604 0.012500
0 0.163585 0.113349 0.002691 0.012500
0 0.163064 0.113812 0.002691 0.012500
0 0.162630 0.114198 0.002691 0.012654
0 0.162109 0.114660 0.002691 0.012654
0 0.161589 0.115123 0.002691 0.012654
0 0.161155 0.115509 0.002691 0.012500
0 0.160634 0.115972 0.002691 0.012500
0 0.160156 0.116435 0.002604 0.012500
0 0.159679 0.116821 0.002691 0.012654
0 0.159158 0.117284 0.002691 0.012654
0 0.158464 0.117284 0.002691 0.012654
0 0.157682 0.117670 0.002691 0.012500
0 0.156988 0.117670 0.002691 0.012500
0 0.156467 0.118133 0.002691 0.012500
0 0.155773 0.118596 0.002691 0.012500
0 0.155035 0.118596 0.002604 0.012500
0 0.154557 0.118981 0.002691 0.012654
0 0.153776 0.118981 0.002691 0.012654
0 0.153082 0.119444 0.002691 0.012654
0 0.152561 0.119907 0.002691 0.012654
0 0.152127 0.118981 0.002691 0.012654
0 0.151866 0.118133 0.002691 0.012500
0 0.151606 0.117284 0.002691 0.012654
0 0.151345 0.116435 0.002691 0.012500
0 0.151128 0.115972 0.002604 0.012500
0 0.150911 0.115123 0.002691 0.012654
0 0.150651 0.114198 0.002691 0.012654
0 0.150391 0.113349 0.002691 0.012500
0 0.150130 0.112500 0.002691 0.012654
0 0.149870 0.112037 0.002691 0.012654
0 0.149696 0.109491 0.002691 0.012500
0 0.149436 0.107253 0.002691 0.012654
0 0.149175 0.104707 0.002691 0.012500
0 0.148915 0.102546 0.002691 0.012500
0 0.148655 0.100154 0.002691 0.012037
0 0.148481 0.097762 0.002691 0.012500
0 0.148220 0.095370 0.002691 0.012037
0 0.147960 0.092978 0.002691 0.012500
0 0.147700 0.090586 0.002691 0.012037
0 0.147569 0.088426 0.002951 0.012037
0 0.146875 0.085802 0.002951 0.012037
0 0.146354 0.083256 0.002951 0.012191
0 0.145877 0.080633 0.002865 0.012191
0 0.145399 0.078472 0.002951 0.012191
0 0.144878 0.075849 0.002951 0.012191
0 0.144184 0.073225 0.002951 0.012191
0 0.143663 0.071065 0.002951 0.012191
0 0.143186 0.068441 0.002865 0.012191
0 0.142708 0.065818 0.002951 0.012191
0 0.142231 0.063657 0.002865 0.012191
0 0.141493 0.062423 0.002951 0.012191
0 0.140755 0.061111 0.002865 0.012037
0 0.140017 0.060262 0.002951 0.012191
0 0.139323 0.058873 0.002951 0.012191
0 0.138542 0.058102 0.002951 0.012191
0 0.137847 0.056713 0.002951 0.012191
0 0.137066 0.055478 0.002951 0.012191
0 0.136372 0.054552 0.002951 0.012191
0 0.135634 0.053318 0.002865 0.012191
0 0.135156 0.052392 0.002951 0.012191
0 0.134158 0.052392 0.002865 0.012191
0 0.133420 0.052855 0.002951 0.012191
0 0.132726 0.052855 0.002951 0.012191
0 0.131944 0.053318 0.002951 0.012191
0 0.131250 0.053704 0.002951 0.012037
0 0.130512 0.053704 0.002865 0.012037
0 0.129774 0.054167 0.002951 0.012037
0 0.129036 0.054167 0.002865 0.012037
0 0.128299 0.054552 0.002951 0.012191
0 0.127604 0.055015 0.002951 0.012191
0 0.126606 0.055478 0.002865 0.012191
0 0.125608 0.055864 0.002951 0.012037
0 0.124653 0.056327 0.002951 0.012037
0 0.123915 0.056713 0.002865 0.012191
0 0.122917 0.057176 0.002951 0.012191
0 0.121962 0.057639 0.002951 0.012191
0 0.121224 0.058102 0.002865 0.012191
0 0.120269 0.058488 0.002865 0.012037
0 0.119271 0.058873 0.002951 0.012191
0 0.118576 0.059336 0.002951 0.012191
0 0.117578 0.059336 0.002865 0.012191
0 0.116580 0.059336 0.002951 0.012191
0 0.115625 0.059336 0.002951 0.012191
0 0.114670 0.059799 0.002951 0.012191
0 0.113889 0.059799 0.002951 0.012191
0 0.112934 0.059799 0.002951 0.012191
0 0.111979 0.060262 0.002951 0.012191
0 0.110981 0.060262 0.002865 0.012191
0 0.109983 0.060262 0.002951 0.012191
0 0.109288 0.060648 0.002951 0.012037
0 0.108333 0.060648 0.002951 0.012037
0 0.107552 0.060648 0.002951 0.012037
0 0.106858 0.060648 0.002951 0.012037
0 0.105859 0.061111 0.002865 0.012037
0 0.105122 0.061111 0.002951 0.012037
0 0.104427 0.061111 0.002951 0.012037
0 0.103429 0.061497 0.002865 0.012191
0 0.102691 0.061497 0.002951 0.012191
0 0.101953 0.061497 0.002865 0.012191
0 0.101215 0.061960 0.002951 0.012191
0 0.100260 0.061960 0.002951 0.012191
0 0.099262 0.062423 0.002865 0.012191
0 0.098307 0.062809 0.002865 0.012037
0 0.097569 0.063272 0.002951 0.012037
0 0.096615 0.063657 0.002951 0.012191
0 0.095616 0.064120 0.002865 0.012191
0 0.094878 0.064583 0.002951 0.012191
0 0.093924 0.065046 0.002951 0.012191
0 0.092925 0.065432 0.002865 0.012037
0 0.092187 0.065818 0.002951 0.012191
0 0.090972 0.065818 0.002951 0.012191
0 0.090017 0.066281 0.002951 0.012191
0 0.088802 0.066744 0.002951 0.012191
0 0.087804 0.066744 0.002865 0.012191
0 0.086806 0.067207 0.002951 0.012191
0 0.085590 0.067593 0.002951 0.012037
0 0.084635 0.067593 0.002951 0.012037
0 0.083420 0.067978 0.002951 0.012191
0 0.082465 0.068441 0.002951 0.012191
0 0.081467 0.068904 0.002865 0.012191
0 0.079991 0.068904 0.002865 0.012191
0 0.078776 0.069367 0.002865 0.012191
0 0.077561 0.069753 0.002865 0.012037
0 0.076085 0.070216 0.002865 0.012037
0 0.074870 0.070602 0.002865 0.012191
0 0.073655 0.070602 0.002865 0.012191
0 0.072179 0.071065 0.002865 0.012191
0 0.070964 0.071528 0.002865 0.012191
0 0.069748 0.071991 0.002865 0.012191
0 0.068533 0.072377 0.002865 0.012037
0 0.067057 0.072762 0.002865 0.012191
0 0.065625 0.073225 0.002951 0.012191
0 0.064280 0.073920 0.003212 0.012654
0 0.062804 0.074537 0.003212 0.012037
0 0.061458 0.075154 0.003472 0.012654
0 0.059983 0.075617 0.003472 0.012654
0 0.058507 0.076312 0.003472 0.012191
0 0.057205 0.076929 0.003646 0.012500
0 0.055729 0.077392 0.003646 0.012500
0 0.054514 0.078241 0.003646 0.012654
0 0.052778 0.078627 0.003646 0.012500
0 0.051085 0.079090 0.003733 0.012500
0 0.049392 0.079552 0.003646 0.012500
0 0.047656 0.079938 0.003646 0.012654
0 0.045920 0.080864 0.003646 0.012654
0 0.044271 0.081250 0.003646 0.012500
0 0.042535 0.081713 0.003646 0.012500
0 0.040799 0.082099 0.003646 0.012654
0 0.039149 0.082562 0.003646 0.012654
0 0.037674 0.083410 0.003646 0.012500
0 0.035937 0.084105 0.003646 0.012963
0 0.034332 0.084954 0.003906 0.013735
0 0.032769 0.085802 0.004080 0.013889
0 0.031207 0.086728 0.004427 0.014815
0 0.029601 0.087577 0.004687 0.014660
0 0.028038 0.088426 0.004861 0.015741
0 0.026432 0.089275 0.005122 0.015586
0 0.024826 0.090201 0.005382 0.016512
0 0.023264 0.090972 0.005556 0.016512
0 0.021658 0.091898 0.005816 0.017438
