0 0.147092 0.094290 0.004427 0.011728
0 0.147092 0.093827 0.004427 0.011728
0 0.147222 0.093827 0.004167 0.011728
0 0.147352 0.093827 0.004427 0.011728
0 0.147483 0.093364 0.004167 0.011728
0 0.147743 0.093364 0.004167 0.011728
0 0.147743 0.093364 0.004167 0.011728
0 0.147873 0.092978 0.003906 0.011574
0 0.147960 0.092978 0.004080 0.011574
0 0.148047 0.092978 0.003906 0.011574
0 0.148307 0.092978 0.003906 0.011574
0 0.148438 0.092747 0.003646 0.012037
0 0.148698 0.092747 0.003646 0.012037
0 0.148958 0.092747 0.003646 0.012037
0 0.149175 0.092747 0.003733 0.012037
0 0.149523 0.092747 0.003385 0.012037
0 0.149653 0.092515 0.003125 0.012500
0 0.149913 0.092515 0.003125 0.012500
0 0.150130 0.092515 0.003212 0.012500
0 0.150391 0.092515 0.003212 0.012500
0 0.150781 0.092747 0.002951 0.012963
0 0.150781 0.092515 0.002951 0.013426
0 0.150868 0.092515 0.003125 0.013426
0 0.150998 0.092515 0.003385 0.013426
0 0.151259 0.092284 0.003385 0.013889
0 0.151389 0.092284 0.003646 0.013889
0 0.151519 0.092284 0.003906 0.013889
0 0.151780 0.092052 0.003906 0.014352
0 0.151866 0.092052 0.004080 0.014352
0 0.151997 0.092052 0.004340 0.014352
0 0.152214 0.092284 0.004427 0.014815
0 0.152214 0.092052 0.004427 0.014352
0 0.152344 0.091821 0.004687 0.013889
0 0.152344 0.091667 0.004687 0.013580
0 0.152474 0.091667 0.004948 0.013580
0 0.152691 0.091435 0.004861 0.013117
0 0.152691 0.091204 0.004861 0.012654
0 0.152821 0.091204 0.005122 0.012654
0 0.152821 0.090972 0.005122 0.012191
0 0.152951 0.090741 0.005382 0.011728
0 0.153212 0.090741 0.005382 0.011728
0 0.153082 0.090586 0.005122 0.012037
0 0.153082 0.090586 0.005122 0.012037
0 0.153082 0.090586 0.005122 0.012037
0 0.153212 0.090586 0.004861 0.012037
0 0.153212 0.090586 0.004861 0.012037
0 0.153082 0.090355 0.004601 0.012500
0 0.153212 0.090355 0.004340 0.012500
0 0.153212 0.090355 0.004340 0.012500
0 0.153212 0.090355 0.004340 0.012500
0 0.153299 0.090586 0.004167 0.012963
0 0.153168 0.090123 0.003906 0.012963
0 0.153168 0.090123 0.003906 0.012963
0 0.153168 0.090123 0.003906 0.012963
0 0.153212 0.090123 0.003472 0.012963
0 0.153212 0.090123 0.003472 0.012963
0 0.153212 0.089738 0.003472 0.013117
0 0.153212 0.089738 0.002951 0.013117
0 0.153212 0.089738 0.002951 0.013117
0 0.153212 0.089738 0.002951 0.013117
0 0.153342 0.089738 0.002691 0.013117
0 0.153212 0.089275 0.002951 0.013117
0 0.153212 0.089275 0.002951 0.013117
0 0.153342 0.089043 0.003212 0.012654
0 0.153342 0.089043 0.003212 0.012654
0 0.153429 0.088812 0.003385 0.012191
0 0.153299 0.088812 0.003646 0.012191
0 0.153299 0.088580 0.003646 0.011728
0 0.153429 0.088580 0.003906 0.011728
0 0.153429 0.088426 0.003906 0.011420
0 0.153559 0.088426 0.004167 0.011420
0 0.153429 0.088040 0.003906 0.011265
0 0.153429 0.088040 0.003906 0.011265
0 0.153299 0.087809 0.003646 0.011728
0 0.153299 0.087809 0.003646 0.011728
0 0.153299 0.087577 0.003646 0.012191
0 0.153212 0.087577 0.003472 0.012191
0 0.153212 0.087346 0.003472 0.012654
0 0.153082 0.087346 0.003212 0.012654
0 0.153082 0.087114 0.003212 0.013117
0 0.153082 0.087114 0.003212 0.013117
0 0.152821 0.087114 0.003212 0.013117
0 0.152821 0.087114 0.003212 0.013117
0 0.152821 0.087114 0.003212 0.013117
0 0.152691 0.087114 0.002951 0.013117
0 0.152691 0.087114 0.002951 0.013117
0 0.152691 0.087114 0.002951 0.013117
0 0.152561 0.087114 0.002691 0.013117
0 0.152561 0.087114 0.002691 0.013117
0 0.152561 0.087114 0.002691 0.013117
0 0.152561 0.087114 0.002691 0.013117
0 0.152474 0.086728 0.002865 0.012963
0 0.152474 0.086728 0.002865 0.012963
0 0.152474 0.086728 0.002865 0.012963
0 0.152474 0.086728 0.002865 0.012963
0 0.152474 0.086728 0.002865 0.012963
0 0.152344 0.086497 0.003125 0.012500
0 0.152344 0.086497 0.003125 0.012500
0 0.152344 0.086497 0.003125 0.012500
0 0.152344 0.086497 0.003125 0.012500
0 0.152344 0.086497 0.003125 0.012500
0 0.152257 0.086034 0.002951 0.012500
0 0.152257 0.086034 0.002951 0.012500
0 0.152257 0.086034 0.002951 0.012500
0 0.152257 0.086034 0.002951 0.012500
0 0.152257 0.086034 0.002951 0.012500
0 0.152127 0.085802 0.002691 0.012963
0 0.152127 0.085802 0.002691 0.012963
0 0.152127 0.085802 0.002691 0.012963
0 0.152127 0.085802 0.002691 0.012963
0 0.152127 0.085802 0.002691 0.012963
0 0.151866 0.085571 0.002691 0.012500
0 0.151866 0.085571 0.002691 0.012500
0 0.151866 0.085571 0.002691 0.012500
0 0.151606 0.085571 0.002691 0.012500
0 0.151606 0.085571 0.002691 0.012500
0 0.151606 0.085571 0.002691 0.012500
0 0.151345 0.085571 0.002691 0.012500
0 0.151345 0.085571 0.002691 0.012500
0 0.151345 0.085571 0.002691 0.012500
0 0.151345 0.085571 0.002691 0.012500
0 0.151128 0.085571 0.002604 0.012500
0 0.151128 0.085571 0.002604 0.012500
0 0.150998 0.085571 0.002865 0.012500
0 0.150998 0.085802 0.002865 0.012963
0 0.150868 0.085802 0.003125 0.012963
0 0.150868 0.085802 0.003125 0.012963
0 0.150738 0.086034 0.003385 0.013426
0 0.150738 0.086034 0.003385 0.013426
0 0.150608 0.086034 0.003646 0.013426
0 0.150608 0.086497 0.003646 0.013426
0 0.150391 0.086265 0.003733 0.012963
0 0.150391 0.086265 0.003733 0.012963
0 0.150260 0.086265 0.003472 0.012963
0 0.150260 0.086265 0.003472 0.012963
0 0.150130 0.086265 0.003212 0.012963
0 0.150043 0.086265 0.003385 0.012963
0 0.149913 0.086265 0.003125 0.012963
0 0.149913 0.086265 0.003125 0.012963
0 0.149783 0.086265 0.002865 0.012963
0 0.149783 0.086265 0.002865 0.012963
0 0.149566 0.085802 0.002951 0.012963
0 0.149566 0.085802 0.002951 0.012963
0 0.149566 0.085571 0.002951 0.012500
0 0.149436 0.085571 0.003212 0.012500
0 0.149436 0.085417 0.003212 0.012191
0 0.149436 0.085185 0.003212 0.012654
0 0.149306 0.084954 0.003472 0.012191
0 0.149306 0.084954 0.003472 0.012191
0 0.149306 0.084722 0.003472 0.011728
0 0.149306 0.084722 0.003472 0.011728
0 0.149045 0.084722 0.003472 0.011728
0 0.148958 0.084954 0.003646 0.012191
0 0.148828 0.084954 0.003385 0.012191
0 0.148698 0.085185 0.003646 0.012654
0 0.148568 0.085417 0.003385 0.012191
0 0.148438 0.085571 0.003646 0.012500
0 0.148177 0.085571 0.003646 0.012500
0 0.148177 0.085802 0.003646 0.012963
0 0.147960 0.085802 0.003733 0.012963
0 0.147960 0.086265 0.003733 0.012963
0 0.147743 0.086034 0.003646 0.012500
0 0.147613 0.086034 0.003385 0.012500
0 0.147352 0.085802 0.003385 0.012037
0 0.147222 0.085802 0.003125 0.012037
0 0.146962 0.085648 0.003125 0.011728
0 0.146875 0.085648 0.002951 0.011728
0 0.146615 0.085417 0.002951 0.011265
0 0.146484 0.085417 0.002691 0.011265
0 0.146224 0.085185 0.002691 0.010802
0 0.146094 0.085417 0.002431 0.010340
0 0.145877 0.085417 0.002517 0.010340
0 0.145877 0.085417 0.002517 0.010340
0 0.145877 0.085417 0.002517 0.010340
0 0.145660 0.085648 0.002431 0.010802
0 0.145660 0.085802 0.002431 0.010494
0 0.145660 0.085802 0.002431 0.010494
0 0.145399 0.086034 0.002431 0.010957
0 0.145399 0.086034 0.002431 0.010957
0 0.145399 0.086034 0.002431 0.010957
0 0.145399 0.086420 0.002431 0.010802
