0 0.065582 0.231790 0.009288 0.026543
0 0.065842 0.231327 0.009288 0.026543
0 0.066102 0.231327 0.009288 0.026543
0 0.066580 0.231096 0.009201 0.026080
0 0.066797 0.230941 0.009288 0.026389
0 0.067318 0.230941 0.009288 0.026389
0 0.067578 0.230710 0.009288 0.025926
0 0.067795 0.230478 0.009201 0.026389
0 0.068273 0.230324 0.009288 0.026080
0 0.068533 0.230324 0.009288 0.026080
0 0.069010 0.230324 0.009201 0.026080
0 0.070269 0.229398 0.009288 0.026080
0 0.071484 0.228549 0.009288 0.025926
0 0.072700 0.227701 0.009288 0.026080
0 0.073915 0.226775 0.009288 0.026080
0 0.075130 0.225926 0.009288 0.025926
0 0.076345 0.225077 0.009288 0.026080
0 0.077561 0.224228 0.009288 0.025926
0 0.078776 0.223380 0.009288 0.026080
0 0.079991 0.222454 0.009288 0.026080
0 0.081207 0.221991 0.009288 0.026080
0 0.084635 0.220293 0.009201 0.026080
0 0.088064 0.218981 0.009288 0.025926
0 0.091450 0.217670 0.009288 0.026080
0 0.094878 0.216435 0.009201 0.026080
0 0.098307 0.215046 0.009288 0.026080
0 0.101693 0.213349 0.009288 0.026080
0 0.105165 0.212037 0.009288 0.025926
0 0.108550 0.210725 0.009288 0.026080
0 0.111936 0.209491 0.009288 0.026080
0 0.115625 0.208179 0.009201 0.025926
0 0.119531 0.206867 0.009201 0.026080
0 0.123437 0.205941 0.009201 0.026080
0 0.127300 0.205093 0.009288 0.025926
0 0.131207 0.204244 0.009288 0.026080
0 0.135113 0.203395 0.009288 0.025926
0 0.139019 0.202083 0.009288 0.026080
0 0.142925 0.201235 0.009288 0.025926
0 0.146832 0.200386 0.009288 0.026080
0 0.150738 0.199460 0.009288 0.026080
0 0.154644 0.198611 0.009288 0.025926
0 0.157856 0.198611 0.009288 0.025926
0 0.160981 0.198611 0.009288 0.025926
0 0.164453 0.198997 0.009288 0.026080
0 0.167578 0.198997 0.009288 0.026080
0 0.171050 0.199460 0.009288 0.026080
0 0.174175 0.199460 0.009288 0.026080
0 0.177387 0.199460 0.009288 0.026080
0 0.180773 0.199923 0.009288 0.026080
0 0.183984 0.199923 0.009288 0.026080
0 0.187370 0.200386 0.009288 0.026080
0 0.189323 0.200386 0.009201 0.026080
0 0.191276 0.200772 0.009288 0.025926
0 0.193229 0.201235 0.009201 0.025926
0 0.195182 0.201235 0.009288 0.025926
0 0.197352 0.201620 0.009288 0.026080
0 0.199349 0.202083 0.009288 0.026080
0 0.201259 0.202083 0.009288 0.026080
0 0.203255 0.202546 0.009288 0.026080
0 0.205165 0.202932 0.009288 0.025926
0 0.207378 0.203395 0.009201 0.025926
0 0.208377 0.202932 0.009288 0.025926
0 0.209332 0.202932 0.009288 0.025926
0 0.210286 0.202932 0.009288 0.025926
0 0.211285 0.202932 0.009201 0.025926
0 0.212283 0.202932 0.009288 0.025926
0 0.213238 0.202932 0.009288 0.025926
0 0.214193 0.202932 0.009288 0.025926
0 0.215191 0.202932 0.009201 0.025926
0 0.216189 0.202932 0.009288 0.025926
0 0.217405 0.202932 0.009288 0.025926
0 0.218359 0.203395 0.009288 0.025926
0 0.219314 0.203781 0.009288 0.026080
0 0.220312 0.204244 0.009201 0.026080
0 0.221311 0.204707 0.009288 0.026080
0 0.222266 0.205093 0.009288 0.025926
0 0.223220 0.205556 0.009288 0.025926
0 0.224219 0.205941 0.009201 0.026080
0 0.225217 0.206404 0.009288 0.026080
0 0.226172 0.206867 0.009288 0.026080
0 0.227387 0.207330 0.009288 0.026080
0 0.228602 0.207716 0.009288 0.025926
0 0.230078 0.208565 0.009288 0.026080
0 0.231554 0.209028 0.009288 0.026080
0 0.233030 0.209877 0.009288 0.025926
0 0.234462 0.210340 0.009201 0.025926
0 0.235894 0.211188 0.009288 0.026080
0 0.237370 0.211651 0.009288 0.026080
0 0.238845 0.212500 0.009288 0.025926
0 0.240321 0.212886 0.009288 0.026080
0 0.241797 0.213812 0.009288 0.026080
0 0.243359 0.214275 0.009462 0.026080
0 0.245052 0.214815 0.009549 0.025617
0 0.246918 0.215509 0.009809 0.026080
0 0.248611 0.216204 0.009722 0.025617
0 0.250434 0.217052 0.010069 0.025463
0 0.252127 0.217438 0.009983 0.025617
0 0.253863 0.218133 0.009983 0.025154
0 0.255729 0.218827 0.010243 0.025617
0 0.257378 0.219367 0.010243 0.025154
0 0.259245 0.220293 0.010503 0.025154
0 0.261155 0.221605 0.010503 0.025309
0 0.263411 0.222917 0.010503 0.025154
0 0.265582 0.224151 0.010503 0.025154
0 0.267491 0.225540 0.010503 0.025154
0 0.269748 0.226775 0.010503 0.025154
0 0.271918 0.228164 0.010503 0.025154
0 0.273872 0.229398 0.010417 0.025154
0 0.276085 0.230710 0.010503 0.025309
0 0.278255 0.232022 0.010503 0.025154
0 0.280425 0.233488 0.010503 0.025617
0 0.283507 0.235262 0.010764 0.025463
0 0.286675 0.237037 0.011198 0.025617
0 0.289887 0.238735 0.011719 0.025617
0 0.293012 0.240664 0.012240 0.025154
0 0.296181 0.242593 0.012674 0.025617
0 0.299262 0.244367 0.012934 0.025463
0 0.302431 0.246373 0.013368 0.025154
0 0.305599 0.248071 0.013976 0.025154
0 0.308767 0.249769 0.014410 0.025154
0 0.311936 0.251929 0.014844 0.025154
0 0.311936 0.251929 0.014844 0.025154
0 0.311936 0.251929 0.014844 0.025154
0 0.311936 0.251929 0.014844 0.025154
0 0.311936 0.251929 0.014844 0.025154
0 0.311936 0.251929 0.014844 0.025154
0 0.311936 0.251929 0.014844 0.025154
0 0.311936 0.251929 0.014844 0.025154
0 0.311936 0.251929 0.014844 0.025154
0 0.311936 0.251929 0.014844 0.025154
0 0.311936 0.251929 0.014844 0.025154
0 0.311936 0.251929 0.014844 0.025154
0 0.311936 0.251929 0.014844 0.025154
0 0.311936 0.251929 0.014844 0.025154
0 0.311936 0.251929 0.014844 0.025154
0 0.311936 0.251929 0.014844 0.025154
0 0.311936 0.251929 0.014844 0.025154
0 0.311936 0.251929 0.014844 0.025154
0 0.311936 0.251929 0.014844 0.025154
0 0.311936 0.251929 0.014844 0.025154
0 0.311936 0.251929 0.014844 0.025154
0 0.311936 0.251929 0.014844 0.025154
0 0.311936 0.251929 0.014844 0.025154
0 0.311936 0.251929 0.014844 0.025154
0 0.311936 0.251929 0.014844 0.025154
0 0.311936 0.251929 0.014844 0.025154
0 0.311936 0.251929 0.014844 0.025154
0 0.311936 0.251929 0.014844 0.025154
0 0.311936 0.251929 0.014844 0.025154
0 0.311936 0.251929 0.014844 0.025154
0 0.311936 0.251929 0.014844 0.025154
0 0.311936 0.251929 0.014844 0.025154
0 0.311936 0.251929 0.014844 0.025154
0 0.311936 0.251929 0.014844 0.025154
0 0.311936 0.251929 0.014844 0.025154
0 0.311936 0.251929 0.014844 0.025154
0 0.311936 0.251929 0.014844 0.025154
0 0.311936 0.251929 0.014844 0.025154
0 0.311936 0.251929 0.014844 0.025154
0 0.311936 0.251929 0.014844 0.025154
0 0.311936 0.251929 0.014844 0.025154
0 0.311936 0.251929 0.014844 0.025154
0 0.311936 0.251929 0.014844 0.025154
0 0.311936 0.251929 0.014844 0.025154
0 0.311936 0.251929 0.014844 0.025154
0 0.311936 0.251929 0.014844 0.025154
0 0.311936 0.251929 0.014844 0.025154
0 0.311936 0.251929 0.014844 0.025154
0 0.311936 0.251929 0.014844 0.025154
0 0.311936 0.251929 0.014844 0.025154
0 0.311936 0.251929 0.014844 0.025154
0 0.311936 0.251929 0.014844 0.025154
0 0.311936 0.251929 0.014844 0.025154
0 0.311936 0.251929 0.014844 0.025154
0 0.311936 0.251929 0.014844 0.025154
0 0.311936 0.251929 0.014844 0.025154
0 0.311936 0.251929 0.014844 0.025154
0 0.311936 0.251929 0.014844 0.025154
0 0.311936 0.251929 0.014844 0.025154
0 0.311936 0.251929 0.014844 0.025154
0 0.311936 0.251929 0.014844 0.025154
