0 0.000477 0.000849 0.000955 0.001698
0 0.000477 0.000849 0.000955 0.001698
0 0.000477 0.000849 0.000955 0.001698
0 0.000477 0.000849 0.000955 0.001698
0 0.000477 0.000849 0.000955 0.001698
0 0.000477 0.000849 0.000955 0.001698
0 0.000477 0.000849 0.000955 0.001698
0 0.000477 0.000849 0.000955 0.001698
0 0.000477 0.000849 0.000955 0.001698
0 0.000477 0.000849 0.000955 0.001698
0 0.000477 0.000849 0.000955 0.001698
0 0.000477 0.000849 0.000955 0.001698
0 0.000477 0.000849 0.000955 0.001698
0 0.000477 0.000849 0.000955 0.001698
0 0.000477 0.000849 0.000955 0.001698
0 0.000477 0.000849 0.000955 0.001698
0 0.000477 0.000849 0.000955 0.001698
0 0.000477 0.000849 0.000955 0.001698
0 0.000477 0.000849 0.000955 0.001698
0 0.000477 0.000849 0.000955 0.001698
0 0.000477 0.000849 0.000955 0.001698
0 0.000477 0.000849 0.000955 0.001698
0 0.000477 0.000849 0.000955 0.001698
0 0.000477 0.000849 0.000955 0.001698
0 0.000477 0.000849 0.000955 0.001698
0 0.000477 0.000849 0.000955 0.001698
0 0.000477 0.000849 0.000955 0.001698
0 0.000477 0.000849 0.000955 0.001698
0 0.000477 0.000849 0.000955 0.001698
0 0.000477 0.000849 0.000955 0.001698
0 0.000477 0.000849 0.000955 0.001698
0 0.000477 0.000849 0.000955 0.001698
0 0.000477 0.000849 0.000955 0.001698
0 0.000477 0.000849 0.000955 0.001698
0 0.000477 0.000849 0.000955 0.001698
0 0.000477 0.000849 0.000955 0.001698
0 0.000477 0.000849 0.000955 0.001698
0 0.000477 0.000849 0.000955 0.001698
0 0.000477 0.000849 0.000955 0.001698
0 0.000477 0.000849 0.000955 0.001698
0 0.000477 0.000849 0.000955 0.001698
0 0.019227 0.001698 0.001476 0.003395
0 0.038281 0.002546 0.001910 0.005093
0 0.057292 0.003395 0.002431 0.006790
0 0.076215 0.004321 0.003125 0.008642
0 0.095226 0.005170 0.003646 0.010340
0 0.114280 0.006019 0.004080 0.012037
0 0.133160 0.006867 0.004861 0.013735
0 0.152257 0.007793 0.005382 0.015586
0 0.171267 0.008642 0.005903 0.017284
0 0.190321 0.009491 0.006337 0.018981
0 0.190321 0.009491 0.006337 0.018981
0 0.190321 0.009491 0.006337 0.018981
0 0.190321 0.009491 0.006337 0.018981
0 0.190321 0.009491 0.006337 0.018981
0 0.190321 0.009491 0.006337 0.018981
0 0.190321 0.009491 0.006337 0.018981
0 0.190321 0.009491 0.006337 0.018981
0 0.190321 0.009491 0.006337 0.018981
0 0.190321 0.009491 0.006337 0.018981
0 0.190321 0.009491 0.006337 0.018981
0 0.190321 0.009491 0.006337 0.018981
0 0.190321 0.009491 0.006337 0.018981
0 0.190321 0.009491 0.006337 0.018981
0 0.190321 0.009491 0.006337 0.018981
0 0.190321 0.009491 0.006337 0.018981
0 0.190321 0.009491 0.006337 0.018981
0 0.190321 0.009491 0.006337 0.018981
0 0.190321 0.009491 0.006337 0.018981
0 0.190321 0.009491 0.006337 0.018981
0 0.190321 0.009491 0.006337 0.018981
0 0.190061 0.010340 0.006337 0.019136
0 0.190061 0.011651 0.006337 0.018981
0 0.190061 0.012500 0.006337 0.019136
0 0.190061 0.013812 0.006337 0.018981
0 0.190061 0.014660 0.006337 0.019136
0 0.189800 0.015972 0.006337 0.018981
0 0.189800 0.016821 0.006337 0.019136
0 0.189800 0.018133 0.006337 0.018981
0 0.189800 0.018981 0.006337 0.019136
0 0.189800 0.020293 0.006337 0.018981
0 0.189800 0.021142 0.006337 0.019136
0 0.189800 0.022531 0.006337 0.019136
0 0.189800 0.023302 0.006337 0.019136
0 0.189800 0.024691 0.006337 0.019136
0 0.189800 0.025926 0.006337 0.019136
0 0.189800 0.026852 0.006337 0.019136
0 0.189800 0.028086 0.006337 0.019136
0 0.189800 0.029012 0.006337 0.019136
0 0.189800 0.030247 0.006337 0.019136
0 0.190061 0.031636 0.006337 0.019136
0 0.189931 0.032407 0.006076 0.019136
0 0.189931 0.033565 0.006076 0.018673
0 0.189931 0.034414 0.006076 0.018519
0 0.189931 0.035725 0.006076 0.018673
0 0.189931 0.036728 0.006076 0.018210
0 0.189931 0.037654 0.006076 0.018210
0 0.189931 0.038966 0.006076 0.018364
0 0.189931 0.039815 0.006076 0.018210
0 0.189931 0.040972 0.006076 0.017747
0 0.189931 0.042207 0.006076 0.017747
0 0.189931 0.042901 0.006076 0.017284
0 0.189931 0.043981 0.006076 0.016975
0 0.189931 0.044985 0.006076 0.016512
0 0.189931 0.045679 0.006076 0.016049
0 0.189931 0.046836 0.006076 0.015586
0 0.189931 0.047840 0.006076 0.015123
0 0.189931 0.048534 0.006076 0.014660
0 0.189931 0.049614 0.006076 0.014352
0 0.189931 0.050617 0.006076 0.013889
0 0.190191 0.051775 0.006076 0.013426
0 0.189931 0.052855 0.006076 0.013117
0 0.189931 0.054167 0.006076 0.012963
0 0.189670 0.055401 0.006076 0.012963
0 0.189670 0.056790 0.006076 0.012963
0 0.189410 0.058025 0.006076 0.012963
0 0.189410 0.059336 0.006076 0.013117
0 0.189193 0.060648 0.006163 0.012963
0 0.189193 0.061960 0.006163 0.013117
0 0.188976 0.063272 0.006076 0.012963
0 0.188976 0.064583 0.006076 0.013117
0 0.188455 0.066127 0.006076 0.013426
0 0.188194 0.067824 0.006076 0.013426
0 0.187977 0.069290 0.006163 0.013889
0 0.187630 0.071142 0.006337 0.013889
0 0.187370 0.072840 0.006337 0.013889
0 0.186979 0.074306 0.006076 0.014352
0 0.186632 0.076003 0.006424 0.014352
0 0.186415 0.077546 0.006337 0.014660
0 0.186155 0.079321 0.006337 0.014815
0 0.185894 0.081250 0.006337 0.015278
0 0.185634 0.082562 0.006337 0.015123
0 0.185503 0.083873 0.006597 0.015278
0 0.185417 0.085185 0.006424 0.015123
0 0.185330 0.086883 0.006597 0.015123
0 0.185200 0.088194 0.006337 0.015278
0 0.185069 0.089506 0.006597 0.015123
0 0.184809 0.091204 0.006597 0.015123
0 0.184809 0.092515 0.006597 0.015278
0 0.184549 0.093827 0.006597 0.015123
0 0.184549 0.095602 0.006597 0.015278
0 0.184158 0.096914 0.006337 0.015123
0 0.183984 0.098380 0.006337 0.014660
0 0.183724 0.099691 0.006337 0.014815
0 0.183464 0.101466 0.006337 0.014660
0 0.183203 0.102778 0.006337 0.014815
0 0.182943 0.104244 0.006337 0.014352
0 0.182726 0.105787 0.006424 0.014660
0 0.182509 0.107330 0.006337 0.014352
0 0.182248 0.108565 0.006337 0.014352
0 0.181988 0.110340 0.006337 0.014198
0 0.181988 0.111651 0.006337 0.014352
0 0.181988 0.113349 0.006337 0.014352
0 0.181988 0.114660 0.006337 0.014198
0 0.181988 0.116435 0.006337 0.014352
0 0.181988 0.117670 0.006337 0.014352
0 0.181988 0.119444 0.006337 0.014198
0 0.181988 0.120756 0.006337 0.014352
0 0.181988 0.122454 0.006337 0.014352
0 0.181988 0.123765 0.006337 0.014198
0 0.181988 0.125540 0.006337 0.014352
0 0.181727 0.127238 0.006337 0.014352
0 0.181727 0.128935 0.006337 0.014352
0 0.181727 0.130710 0.006337 0.014198
0 0.181641 0.132485 0.006163 0.014352
0 0.181641 0.134182 0.006163 0.014352
0 0.181510 0.135880 0.006424 0.014352
0 0.181380 0.137654 0.006163 0.014198
0 0.181380 0.139429 0.006163 0.014352
0 0.181380 0.141127 0.006163 0.014352
0 0.181380 0.142824 0.006163 0.014352
0 0.181293 0.145216 0.006337 0.014815
0 0.181293 0.147608 0.006337 0.015278
0 0.181163 0.150077 0.006597 0.015586
0 0.181163 0.152778 0.006597 0.016049
0 0.181163 0.155170 0.007118 0.016512
0 0.181163 0.157639 0.007118 0.016821
0 0.181033 0.160417 0.007378 0.017438
0 0.181033 0.162809 0.007378 0.017901
0 0.180903 0.165278 0.007639 0.018210
0 0.180990 0.167978 0.007812 0.018673
