0 0.198958 0.030941 0.004167 0.014352
0 0.199219 0.030941 0.004167 0.014352
0 0.199696 0.031404 0.004080 0.014352
0 0.200174 0.031404 0.004167 0.014352
0 0.200694 0.031867 0.004167 0.014352
0 0.201128 0.032253 0.004167 0.014198
0 0.201649 0.032253 0.004167 0.014198
0 0.202127 0.032639 0.004080 0.014352
0 0.202604 0.032639 0.004167 0.014352
0 0.203125 0.033102 0.004167 0.014352
0 0.203559 0.033565 0.004167 0.014352
0 0.204080 0.033565 0.004167 0.014352
0 0.204601 0.033565 0.004167 0.014352
0 0.205035 0.033565 0.004167 0.014352
0 0.205556 0.033565 0.004167 0.014352
0 0.206033 0.033565 0.004080 0.014352
0 0.206510 0.033565 0.004167 0.014352
0 0.207031 0.033565 0.004167 0.014352
0 0.207465 0.033565 0.004167 0.014352
0 0.207986 0.033565 0.004167 0.014352
0 0.208507 0.034028 0.004167 0.014352
0 0.208507 0.034028 0.004167 0.014352
0 0.208507 0.034028 0.004167 0.014352
0 0.208507 0.034028 0.004167 0.014352
0 0.208507 0.034028 0.004167 0.014352
0 0.208507 0.034028 0.004167 0.014352
0 0.208507 0.034028 0.004167 0.014352
0 0.208507 0.034028 0.004167 0.014352
0 0.208507 0.034028 0.004167 0.014352
0 0.208507 0.034028 0.004167 0.014352
0 0.208507 0.034028 0.004167 0.014352
0 0.208507 0.034028 0.004167 0.014352
0 0.208507 0.034028 0.004167 0.014352
0 0.208507 0.034028 0.004167 0.014352
0 0.208507 0.034028 0.004167 0.014352
0 0.208507 0.034028 0.004167 0.014352
0 0.208507 0.034028 0.004167 0.014352
0 0.208507 0.034028 0.004167 0.014352
0 0.208507 0.034028 0.004167 0.014352
0 0.208507 0.034028 0.004167 0.014352
0 0.208507 0.034028 0.004167 0.014352
0 0.208247 0.034028 0.004167 0.014352
0 0.208247 0.034028 0.004167 0.014352
0 0.207986 0.034414 0.004167 0.014198
0 0.207986 0.034414 0.004167 0.014198
0 0.207986 0.034799 0.004167 0.014352
0 0.207726 0.034799 0.004167 0.014352
0 0.207726 0.034799 0.004167 0.014352
0 0.207465 0.035262 0.004167 0.014352
0 0.207465 0.035262 0.004167 0.014352
0 0.207465 0.035725 0.004167 0.014352
0 0.207248 0.035725 0.004080 0.014352
0 0.207248 0.035725 0.004080 0.014352
0 0.207031 0.035725 0.004167 0.014352
0 0.207031 0.036188 0.004167 0.014352
0 0.207031 0.036188 0.004167 0.014352
0 0.206771 0.036188 0.004167 0.014352
0 0.206771 0.036574 0.004167 0.014198
0 0.206510 0.036574 0.004167 0.014198
0 0.206510 0.036574 0.004167 0.014198
0 0.206510 0.036960 0.004167 0.014352
0 0.206510 0.036960 0.004167 0.014352
0 0.206510 0.036960 0.004167 0.014352
0 0.206510 0.036960 0.004167 0.014352
0 0.206510 0.036960 0.004167 0.014352
0 0.206510 0.036960 0.004167 0.014352
0 0.206510 0.036960 0.004167 0.014352
0 0.206510 0.036960 0.004167 0.014352
0 0.206510 0.036960 0.004167 0.014352
0 0.206510 0.036960 0.004167 0.014352
0 0.206510 0.036960 0.004167 0.014352
0 0.206510 0.036960 0.004167 0.014352
0 0.206510 0.036960 0.004167 0.014352
0 0.206510 0.036960 0.004167 0.014352
0 0.206510 0.036960 0.004167 0.014352
0 0.206510 0.036960 0.004167 0.014352
0 0.206510 0.036960 0.004167 0.014352
0 0.206510 0.036960 0.004167 0.014352
0 0.206510 0.036960 0.004167 0.014352
0 0.206510 0.036960 0.004167 0.014352
0 0.206510 0.036960 0.004167 0.014352
0 0.206510 0.036960 0.004167 0.014352
0 0.206510 0.036960 0.004167 0.014352
0 0.206510 0.036960 0.004167 0.014352
0 0.206510 0.036960 0.004167 0.014352
0 0.206510 0.036960 0.004167 0.014352
0 0.206510 0.036960 0.004167 0.014352
0 0.206510 0.036960 0.004167 0.014352
0 0.206510 0.036960 0.004167 0.014352
0 0.206510 0.036960 0.004167 0.014352
0 0.206510 0.036960 0.004167 0.014352
0 0.206771 0.036960 0.004167 0.014352
0 0.207031 0.037423 0.004167 0.014352
0 0.207248 0.037654 0.004080 0.013889
0 0.207595 0.037886 0.003906 0.014352
0 0.207856 0.038349 0.003906 0.014352
0 0.208116 0.038580 0.003906 0.013889
0 0.208507 0.038735 0.003646 0.014198
0 0.208724 0.038966 0.003733 0.013735
0 0.208941 0.039352 0.003646 0.013889
0 0.209462 0.039815 0.003646 0.013889
0 0.209462 0.039815 0.003646 0.013889
0 0.209462 0.039815 0.003646 0.013889
0 0.209462 0.039815 0.003646 0.013889
0 0.209462 0.039815 0.003646 0.013889
0 0.209462 0.039815 0.003646 0.013889
0 0.209462 0.039815 0.003646 0.013889
0 0.209462 0.039815 0.003646 0.013889
0 0.209462 0.039815 0.003646 0.013889
0 0.209462 0.039815 0.003646 0.013889
0 0.209462 0.039815 0.003646 0.013889
0 0.209462 0.039815 0.003646 0.013889
0 0.209722 0.039815 0.003646 0.013889
0 0.209939 0.039815 0.003733 0.013889
0 0.209939 0.039815 0.003733 0.013889
0 0.210156 0.040278 0.003646 0.013889
0 0.210417 0.040278 0.003646 0.013889
0 0.210417 0.040278 0.003646 0.013889
0 0.210677 0.040278 0.003646 0.013889
0 0.210938 0.040278 0.003646 0.013889
0 0.211155 0.040741 0.003733 0.013889
0 0.211155 0.040741 0.003733 0.013889
0 0.211155 0.040741 0.003733 0.013889
0 0.211155 0.040741 0.003733 0.013889
0 0.211155 0.040741 0.003733 0.013889
0 0.211155 0.040741 0.003733 0.013889
0 0.211155 0.040741 0.003733 0.013889
0 0.211155 0.040741 0.003733 0.013889
0 0.211155 0.040741 0.003733 0.013889
0 0.211155 0.040741 0.003733 0.013889
0 0.211155 0.040741 0.003733 0.013889
0 0.211155 0.040741 0.003733 0.013889
0 0.211372 0.040741 0.003646 0.013889
0 0.211372 0.040741 0.003646 0.013889
0 0.211632 0.040741 0.003646 0.013889
0 0.211632 0.041204 0.003646 0.013889
0 0.211892 0.041204 0.003646 0.013889
0 0.211892 0.041204 0.003646 0.013889
0 0.212153 0.041204 0.003646 0.013889
0 0.212153 0.041204 0.003646 0.013889
0 0.212413 0.041512 0.003646 0.013889
0 0.212587 0.041512 0.003646 0.013889
0 0.213108 0.041512 0.003646 0.013889
0 0.213628 0.041975 0.003646 0.013889
0 0.213845 0.041975 0.003733 0.013889
0 0.214323 0.042438 0.003646 0.013889
0 0.214844 0.042438 0.003646 0.013889
0 0.215061 0.042438 0.003733 0.013889
0 0.215538 0.042901 0.003646 0.013889
0 0.216059 0.042901 0.003646 0.013889
0 0.216493 0.043364 0.003646 0.013889
0 0.216623 0.043133 0.003906 0.013426
0 0.216884 0.043133 0.003906 0.013426
0 0.217014 0.043133 0.004167 0.013426
0 0.217274 0.043133 0.004167 0.013426
0 0.217622 0.043133 0.004340 0.013426
0 0.217752 0.043133 0.004601 0.013426
0 0.218012 0.043133 0.004601 0.013426
0 0.218142 0.043133 0.004861 0.013426
0 0.218359 0.043133 0.004948 0.013426
0 0.218707 0.043287 0.005122 0.013117
0 0.218707 0.043287 0.005122 0.013117
0 0.218707 0.043287 0.005122 0.013117
0 0.218707 0.043287 0.005122 0.013117
0 0.218707 0.043287 0.005122 0.013117
0 0.218707 0.043287 0.005122 0.013117
0 0.218707 0.043287 0.005122 0.013117
0 0.218707 0.043287 0.005122 0.013117
0 0.218707 0.043287 0.005122 0.013117
0 0.218707 0.043287 0.005122 0.013117
0 0.218707 0.043287 0.005122 0.013117
0 0.218707 0.043287 0.005122 0.013117
0 0.218707 0.043287 0.005122 0.013117
0 0.218707 0.043287 0.005122 0.013117
0 0.218707 0.043287 0.005122 0.013117
0 0.218707 0.043287 0.005122 0.013117
0 0.218707 0.043287 0.005122 0.013117
0 0.218707 0.043287 0.005122 0.013117
0 0.218707 0.043287 0.005122 0.013117
0 0.218707 0.043287 0.005122 0.013117
0 0.218707 0.043287 0.005122 0.013117
