0 0.077821 0.004938 0.008767 0.009877
0 0.069878 0.004552 0.007986 0.009105
0 0.062196 0.004090 0.007378 0.008179
0 0.054514 0.003627 0.006597 0.007253
0 0.046701 0.003241 0.005556 0.006481
0 0.038976 0.002778 0.004861 0.005556
0 0.031337 0.002315 0.004167 0.004630
0 0.023524 0.001929 0.003125 0.003858
0 0.015799 0.001466 0.002431 0.002932
0 0.008160 0.001080 0.001736 0.002160
0 0.000477 0.000849 0.000955 0.001698
0 0.000477 0.000849 0.000955 0.001698
0 0.000477 0.000849 0.000955 0.001698
0 0.000477 0.000849 0.000955 0.001698
0 0.000477 0.000849 0.000955 0.001698
0 0.000477 0.000849 0.000955 0.001698
0 0.000477 0.000849 0.000955 0.001698
0 0.000477 0.000849 0.000955 0.001698
0 0.000477 0.000849 0.000955 0.001698
0 0.000477 0.000849 0.000955 0.001698
0 0.000477 0.000849 0.000955 0.001698
0 0.000477 0.000849 0.000955 0.001698
0 0.000477 0.000849 0.000955 0.001698
0 0.000477 0.000849 0.000955 0.001698
0 0.000477 0.000849 0.000955 0.001698
0 0.000477 0.000849 0.000955 0.001698
0 0.000477 0.000849 0.000955 0.001698
0 0.000477 0.000849 0.000955 0.001698
0 0.000477 0.000849 0.000955 0.001698
0 0.000477 0.000849 0.000955 0.001698
0 0.000477 0.000849 0.000955 0.001698
0 0.000477 0.000849 0.000955 0.001698
0 0.000477 0.000849 0.000955 0.001698
0 0.000477 0.000849 0.000955 0.001698
0 0.000477 0.000849 0.000955 0.001698
0 0.000477 0.000849 0.000955 0.001698
0 0.000477 0.000849 0.000955 0.001698
0 0.000477 0.000849 0.000955 0.001698
0 0.000477 0.000849 0.000955 0.001698
0 0.000477 0.000849 0.000955 0.001698
0 0.000477 0.000849 0.000955 0.001698
0 0.000477 0.000849 0.000955 0.001698
0 0.000477 0.000849 0.000955 0.001698
0 0.000477 0.000849 0.000955 0.001698
0 0.000477 0.000849 0.000955 0.001698
0 0.000477 0.000849 0.000955 0.001698
0 0.000477 0.000849 0.000955 0.001698
0 0.000477 0.000849 0.000955 0.001698
0 0.000477 0.000849 0.000955 0.001698
0 0.000477 0.000849 0.000955 0.001698
0 0.000477 0.000849 0.000955 0.001698
0 0.000477 0.000849 0.000955 0.001698
0 0.000477 0.000849 0.000955 0.001698
0 0.000477 0.000849 0.000955 0.001698
0 0.000477 0.000849 0.000955 0.001698
0 0.000477 0.000849 0.000955 0.001698
0 0.000477 0.000849 0.000955 0.001698
0 0.000477 0.000849 0.000955 0.001698
0 0.000477 0.000849 0.000955 0.001698
0 0.000477 0.000849 0.000955 0.001698
0 0.000477 0.000849 0.000955 0.001698
0 0.000477 0.000849 0.000955 0.001698
0 0.000477 0.000849 0.000955 0.001698
0 0.000477 0.000849 0.000955 0.001698
0 0.000477 0.000849 0.000955 0.001698
0 0.000477 0.000849 0.000955 0.001698
0 0.000477 0.000849 0.000955 0.001698
0 0.000477 0.000849 0.000955 0.001698
0 0.000477 0.000849 0.000955 0.001698
0 0.000477 0.000849 0.000955 0.001698
0 0.000477 0.000849 0.000955 0.001698
0 0.000477 0.000849 0.000955 0.001698
0 0.000477 0.000849 0.000955 0.001698
0 0.000477 0.000849 0.000955 0.001698
0 0.000477 0.000849 0.000955 0.001698
0 0.000477 0.000849 0.000955 0.001698
0 0.000477 0.000849 0.000955 0.001698
0 0.000477 0.000849 0.000955 0.001698
0 0.000477 0.000849 0.000955 0.001698
0 0.000477 0.000849 0.000955 0.001698
0 0.000477 0.000849 0.000955 0.001698
0 0.000477 0.000849 0.000955 0.001698
0 0.000477 0.000849 0.000955 0.001698
0 0.000477 0.000849 0.000955 0.001698
0 0.000477 0.000849 0.000955 0.001698
0 0.000477 0.000849 0.000955 0.001698
0 0.000477 0.000849 0.000955 0.001698
0 0.000477 0.000849 0.000955 0.001698
0 0.000477 0.000849 0.000955 0.001698
0 0.000477 0.000849 0.000955 0.001698
0 0.000477 0.000849 0.000955 0.001698
0 0.008160 0.001080 0.001736 0.002160
0 0.015799 0.001466 0.002431 0.002932
0 0.023524 0.001929 0.003125 0.003858
0 0.031207 0.002315 0.003906 0.004630
0 0.038976 0.002778 0.004861 0.005556
0 0.046701 0.003009 0.005556 0.006019
0 0.054384 0.003395 0.006337 0.006790
0 0.062066 0.003858 0.007118 0.007716
0 0.069748 0.004321 0.007726 0.008642
0 0.077691 0.004707 0.008507 0.009414
0 0.077300 0.005556 0.008767 0.010494
0 0.077170 0.006636 0.009028 0.010802
0 0.076910 0.007562 0.009028 0.011728
0 0.076823 0.008565 0.009201 0.012191
0 0.076606 0.009877 0.009288 0.012963
0 0.076345 0.010802 0.009809 0.013889
0 0.076085 0.011806 0.009809 0.014352
0 0.075998 0.012731 0.009983 0.015278
0 0.075738 0.013812 0.009983 0.015586
0 0.075608 0.015046 0.010243 0.016512
0 0.075347 0.016435 0.010243 0.016512
0 0.075347 0.018133 0.010243 0.016512
0 0.075347 0.019830 0.010243 0.016512
0 0.075347 0.021219 0.010243 0.016512
0 0.075347 0.022917 0.010243 0.016512
0 0.075087 0.024614 0.010243 0.016512
0 0.075087 0.026003 0.010243 0.016512
0 0.075087 0.027701 0.010243 0.016512
0 0.075087 0.029398 0.010243 0.016512
0 0.075087 0.031096 0.010243 0.016512
0 0.074870 0.032485 0.010330 0.016512
0 0.074653 0.034182 0.010243 0.016512
0 0.074392 0.035494 0.010243 0.016358
0 0.074132 0.037269 0.010243 0.016512
0 0.074132 0.038966 0.010243 0.016512
0 0.073872 0.040278 0.010243 0.016358
0 0.073611 0.042052 0.010243 0.016512
0 0.073437 0.043287 0.010243 0.016512
0 0.073177 0.044985 0.010243 0.016512
0 0.073177 0.046836 0.010243 0.016512
0 0.072917 0.048071 0.010243 0.016512
0 0.072917 0.049769 0.010243 0.016512
0 0.072656 0.051543 0.010243 0.016358
0 0.072656 0.053318 0.010243 0.016512
0 0.072656 0.055015 0.010243 0.016512
0 0.072396 0.056327 0.010243 0.016358
0 0.072396 0.058102 0.010243 0.016512
0 0.072222 0.059799 0.010243 0.016512
0 0.072222 0.061497 0.010243 0.016512
0 0.072222 0.063272 0.010243 0.016358
0 0.071962 0.064583 0.010243 0.016512
0 0.071962 0.066049 0.010243 0.016049
0 0.071701 0.067593 0.010243 0.016358
0 0.071701 0.069136 0.010243 0.016049
0 0.071571 0.070602 0.009983 0.016512
0 0.071441 0.072222 0.010243 0.016049
0 0.071311 0.073457 0.009983 0.016049
0 0.071181 0.075154 0.010243 0.016049
0 0.071094 0.076543 0.010069 0.016049
0 0.071094 0.078241 0.010069 0.016049
0 0.070877 0.079475 0.009983 0.016049
0 0.070877 0.081096 0.009983 0.015586
0 0.070877 0.082330 0.009983 0.015586
0 0.070877 0.084028 0.009983 0.015586
0 0.070877 0.085417 0.009983 0.015586
0 0.070616 0.086883 0.009983 0.015123
0 0.070616 0.088426 0.009983 0.015741
0 0.070616 0.089969 0.009983 0.015123
0 0.070616 0.091204 0.009983 0.015123
0 0.070616 0.092978 0.009983 0.015278
0 0.070356 0.094290 0.009983 0.015123
0 0.070356 0.095602 0.009983 0.015278
0 0.070356 0.096914 0.009983 0.015123
0 0.070095 0.098611 0.009983 0.015123
0 0.070095 0.099923 0.009983 0.015278
0 0.070095 0.101235 0.009983 0.015123
0 0.069878 0.102932 0.010069 0.015123
0 0.069878 0.104244 0.010069 0.015278
0 0.069878 0.105556 0.010069 0.015123
0 0.069878 0.107253 0.010069 0.015123
0 0.069618 0.108565 0.010069 0.015278
0 0.069618 0.109877 0.010069 0.015123
0 0.069531 0.111420 0.010243 0.014815
0 0.069401 0.112963 0.009983 0.015123
0 0.069271 0.114429 0.010243 0.014660
0 0.069271 0.115741 0.010243 0.014815
0 0.069141 0.117284 0.010503 0.014198
0 0.069010 0.118827 0.010243 0.014815
0 0.068880 0.120293 0.010503 0.014352
0 0.068880 0.121605 0.010503 0.014198
