0 0.165408 0.103627 0.004427 0.011265
0 0.165148 0.103627 0.004427 0.011265
0 0.164931 0.103627 0.004340 0.011265
0 0.164670 0.103627 0.004340 0.011265
0 0.164453 0.104090 0.004427 0.011265
0 0.164193 0.104090 0.004427 0.011265
0 0.163932 0.104090 0.004427 0.011265
0 0.163672 0.104475 0.004427 0.011420
0 0.163455 0.104475 0.004340 0.011420
0 0.163194 0.104475 0.004340 0.011420
0 0.162977 0.104861 0.004427 0.011265
0 0.162457 0.104475 0.004427 0.011420
0 0.162240 0.104475 0.004340 0.011420
0 0.161979 0.104475 0.004340 0.011420
0 0.161762 0.104475 0.004427 0.011420
0 0.161502 0.104475 0.004427 0.011420
0 0.161024 0.104475 0.004340 0.011420
0 0.160764 0.104475 0.004340 0.011420
0 0.160547 0.104475 0.004427 0.011420
0 0.160286 0.104475 0.004427 0.011420
0 0.160026 0.104475 0.004427 0.011420
0 0.159549 0.104475 0.004340 0.011420
0 0.159288 0.104475 0.004340 0.011420
0 0.159071 0.104475 0.004427 0.011420
0 0.158811 0.104475 0.004427 0.011420
0 0.158550 0.104475 0.004427 0.011420
0 0.158333 0.104475 0.004340 0.011420
0 0.158073 0.104475 0.004340 0.011420
0 0.157856 0.104475 0.004427 0.011420
0 0.157595 0.104475 0.004427 0.011420
0 0.157335 0.104475 0.004427 0.011420
0 0.156858 0.104475 0.004340 0.011420
0 0.156641 0.104475 0.004427 0.011420
0 0.156380 0.104475 0.004427 0.011420
0 0.156120 0.104475 0.004427 0.011420
0 0.155903 0.104475 0.004340 0.011420
0 0.155642 0.104475 0.004340 0.011420
0 0.155382 0.104475 0.004340 0.011420
0 0.155165 0.104475 0.004427 0.011420
0 0.154905 0.104475 0.004427 0.011420
0 0.154644 0.104861 0.004427 0.011265
0 0.154427 0.104861 0.004340 0.011265
0 0.154167 0.104861 0.004340 0.011265
0 0.153950 0.104861 0.004427 0.011265
0 0.153689 0.104861 0.004427 0.011265
0 0.153429 0.104861 0.004427 0.011265
0 0.153212 0.104861 0.004340 0.011265
0 0.152951 0.104861 0.004340 0.011265
0 0.152734 0.104861 0.004427 0.011265
0 0.152474 0.104861 0.004427 0.011265
0 0.152214 0.105324 0.004427 0.011265
0 0.151997 0.104861 0.004340 0.011265
0 0.151736 0.104861 0.004340 0.011265
0 0.151519 0.104861 0.004427 0.011265
0 0.151259 0.104861 0.004427 0.011265
0 0.150998 0.104861 0.004427 0.011265
0 0.150738 0.104861 0.004427 0.011265
0 0.150521 0.104861 0.004340 0.011265
0 0.150260 0.104861 0.004340 0.011265
0 0.150043 0.104861 0.004427 0.011265
0 0.150043 0.104861 0.004427 0.011265
0 0.149523 0.104861 0.004427 0.011265
0 0.149045 0.104861 0.004340 0.011265
0 0.148828 0.104861 0.004427 0.011265
0 0.148307 0.104861 0.004427 0.011265
0 0.148090 0.104861 0.004340 0.011265
0 0.147613 0.104861 0.004427 0.011265
0 0.147092 0.104861 0.004427 0.011265
0 0.146832 0.104861 0.004427 0.011265
0 0.146354 0.104861 0.004340 0.011265
0 0.146137 0.105324 0.004427 0.011265
0 0.145877 0.105324 0.004427 0.011265
0 0.145747 0.105324 0.004687 0.011265
0 0.145530 0.105324 0.004601 0.011265
0 0.145530 0.105324 0.004601 0.011265
0 0.145269 0.105324 0.004601 0.011265
0 0.145139 0.105324 0.004861 0.011265
0 0.145009 0.105324 0.004601 0.011265
0 0.144878 0.105324 0.004861 0.011265
0 0.144661 0.105324 0.004948 0.011265
0 0.144661 0.105556 0.004948 0.010802
0 0.144444 0.105093 0.004861 0.010802
0 0.144184 0.105093 0.004861 0.010802
0 0.143924 0.105093 0.004861 0.010802
0 0.143793 0.105093 0.005122 0.010802
0 0.143533 0.105093 0.005122 0.010802
0 0.143359 0.104938 0.005122 0.010494
0 0.143229 0.104938 0.005382 0.010494
0 0.142969 0.104938 0.005382 0.010494
0 0.142708 0.104938 0.005382 0.010494
0 0.142708 0.104938 0.005382 0.010494
0 0.142448 0.104938 0.005382 0.010494
0 0.142187 0.104938 0.005382 0.010494
0 0.141970 0.104938 0.005295 0.010494
0 0.141753 0.105324 0.005382 0.010340
0 0.141753 0.105324 0.005382 0.010340
0 0.141493 0.105324 0.005382 0.010340
0 0.141233 0.105787 0.005382 0.010340
0 0.140972 0.105787 0.005382 0.010340
0 0.140755 0.105787 0.005295 0.010340
0 0.140755 0.106173 0.005295 0.010494
0 0.140538 0.106173 0.005382 0.010494
0 0.140278 0.106173 0.005382 0.010494
0 0.140017 0.106173 0.005382 0.010494
0 0.139757 0.106173 0.005382 0.010494
0 0.139540 0.106173 0.005295 0.010494
0 0.139323 0.106173 0.005382 0.010494
0 0.139062 0.106173 0.005382 0.010494
0 0.138802 0.106173 0.005382 0.010494
0 0.138542 0.106173 0.005382 0.010494
0 0.138542 0.106636 0.005382 0.010494
0 0.138108 0.106173 0.005382 0.010494
0 0.137847 0.106173 0.005382 0.010494
0 0.137587 0.106173 0.005382 0.010494
0 0.137326 0.106173 0.005382 0.010494
0 0.137066 0.106173 0.005382 0.010494
0 0.136849 0.106173 0.005295 0.010494
0 0.136632 0.106173 0.005382 0.010494
0 0.136372 0.106173 0.005382 0.010494
0 0.136111 0.106173 0.005382 0.010494
0 0.135851 0.106173 0.005382 0.010494
0 0.135417 0.106173 0.005382 0.010494
0 0.135156 0.106173 0.005382 0.010494
0 0.134896 0.106173 0.005382 0.010494
0 0.134635 0.106173 0.005382 0.010494
0 0.134418 0.106173 0.005295 0.010494
0 0.134201 0.106173 0.005382 0.010494
0 0.133941 0.106173 0.005382 0.010494
0 0.133681 0.106173 0.005382 0.010494
0 0.133420 0.106173 0.005382 0.010494
0 0.133160 0.106173 0.005382 0.010494
0 0.132943 0.106173 0.005295 0.010494
0 0.132943 0.106173 0.005295 0.010494
0 0.132726 0.106173 0.005382 0.010494
0 0.132726 0.106636 0.005382 0.010494
0 0.132726 0.106636 0.005382 0.010494
0 0.132465 0.106636 0.005382 0.010494
0 0.132465 0.107099 0.005382 0.010494
0 0.132205 0.107099 0.005382 0.010494
0 0.132205 0.107099 0.005382 0.010494
0 0.132205 0.107485 0.005382 0.010340
0 0.131944 0.107099 0.005382 0.010494
0 0.131944 0.107099 0.005382 0.010494
0 0.131944 0.107099 0.005382 0.010494
0 0.131727 0.107099 0.005295 0.010494
0 0.131727 0.107099 0.005295 0.010494
0 0.131727 0.107099 0.005295 0.010494
0 0.131510 0.107099 0.005382 0.010494
0 0.131510 0.107099 0.005382 0.010494
0 0.131510 0.107099 0.005382 0.010494
0 0.131510 0.107099 0.005382 0.010494
0 0.131250 0.107099 0.005382 0.010494
0 0.131250 0.107099 0.005382 0.010494
0 0.131250 0.107099 0.005382 0.010494
0 0.131250 0.107099 0.005382 0.010494
0 0.131250 0.107485 0.005382 0.010340
0 0.130990 0.107485 0.005382 0.010340
0 0.130990 0.107485 0.005382 0.010340
0 0.130990 0.107485 0.005382 0.010340
0 0.130990 0.107485 0.005382 0.010340
0 0.130990 0.107948 0.005382 0.010340
0 0.130729 0.107485 0.005382 0.010340
0 0.130729 0.107485 0.005382 0.010340
0 0.130729 0.107485 0.005382 0.010340
0 0.130729 0.107485 0.005382 0.010340
0 0.130729 0.107485 0.005382 0.010340
0 0.130729 0.107485 0.005382 0.010340
0 0.130729 0.107485 0.005382 0.010340
0 0.130729 0.107485 0.005382 0.010340
0 0.130729 0.107485 0.005382 0.010340
0 0.130729 0.107485 0.005382 0.010340
0 0.130729 0.107485 0.005382 0.010340
0 0.130729 0.107485 0.005382 0.010340
0 0.130729 0.107485 0.005382 0.010340
0 0.130729 0.107485 0.005382 0.010340
0 0.130729 0.107485 0.005382 0.010340
0 0.130729 0.107485 0.005382 0.010340
0 0.130729 0.107485 0.005382 0.010340
0 0.130729 0.107485 0.005382 0.010340
0 0.130729 0.107485 0.005382 0.010340
0 0.130729 0.107485 0.005382 0.010340
