0 0.029384 0.144444 0.012413 0.023457
0 0.028863 0.144830 0.012413 0.023302
0 0.028602 0.145216 0.012413 0.023457
0 0.028385 0.145679 0.012500 0.023457
0 0.028038 0.146142 0.012674 0.023457
0 0.027778 0.146759 0.012674 0.023765
0 0.027517 0.147222 0.012674 0.023765
0 0.027127 0.147608 0.012934 0.023920
0 0.026953 0.148071 0.012934 0.023920
0 0.026693 0.148534 0.012934 0.023920
0 0.026432 0.149151 0.012934 0.024228
0 0.025911 0.147840 0.012934 0.024383
0 0.025477 0.146528 0.012934 0.024228
0 0.024957 0.145293 0.012934 0.024228
0 0.024523 0.143981 0.012934 0.024383
0 0.024002 0.142670 0.012934 0.024228
0 0.023481 0.141358 0.012934 0.024383
0 0.023047 0.140046 0.012934 0.024228
0 0.022526 0.138735 0.012934 0.024383
0 0.022005 0.137423 0.012934 0.024228
0 0.021832 0.136574 0.012934 0.024383
0 0.020226 0.125309 0.013194 0.024383
0 0.018880 0.114198 0.013455 0.024691
0 0.017535 0.103164 0.013715 0.025154
0 0.015972 0.092361 0.013889 0.025154
0 0.014627 0.081327 0.014149 0.025617
0 0.013281 0.070216 0.014410 0.025926
0 0.011675 0.059336 0.014670 0.026080
0 0.010330 0.048302 0.014931 0.026543
0 0.008984 0.037191 0.015191 0.026852
0 0.007682 0.026389 0.015365 0.026852
0 0.007682 0.026389 0.015365 0.026852
0 0.007682 0.026389 0.015365 0.026852
0 0.007682 0.026389 0.015365 0.026852
0 0.007682 0.026389 0.015365 0.026852
0 0.007682 0.026389 0.015365 0.026852
0 0.007682 0.026389 0.015365 0.026852
0 0.007682 0.026389 0.015365 0.026852
0 0.007682 0.026389 0.015365 0.026852
0 0.007682 0.026389 0.015365 0.026852
0 0.007682 0.026389 0.015365 0.026852
0 0.007682 0.026389 0.015365 0.026852
0 0.007682 0.026389 0.015365 0.026852
0 0.007682 0.026389 0.015365 0.026852
0 0.007682 0.026389 0.015365 0.026852
0 0.007682 0.026389 0.015365 0.026852
0 0.007682 0.026389 0.015365 0.026852
0 0.007682 0.026389 0.015365 0.026852
0 0.007682 0.026389 0.015365 0.026852
0 0.007682 0.026389 0.015365 0.026852
0 0.007682 0.026389 0.015365 0.026852
0 0.007682 0.026389 0.015365 0.026852
0 0.007682 0.026389 0.015365 0.026852
0 0.007682 0.026389 0.015365 0.026852
0 0.007682 0.026389 0.015365 0.026852
0 0.007682 0.026389 0.015365 0.026852
0 0.007682 0.026389 0.015365 0.026852
0 0.007682 0.026389 0.015365 0.026852
0 0.007682 0.026389 0.015365 0.026852
0 0.007682 0.026389 0.015365 0.026852
0 0.007682 0.026389 0.015365 0.026852
0 0.007682 0.026389 0.015365 0.026852
0 0.007682 0.026389 0.015365 0.026852
0 0.007682 0.026389 0.015365 0.026852
0 0.007682 0.026389 0.015365 0.026852
0 0.007682 0.026389 0.015365 0.026852
0 0.007682 0.026389 0.015365 0.026852
0 0.007682 0.026389 0.015365 0.026852
0 0.007682 0.026389 0.015365 0.026852
0 0.007682 0.026389 0.015365 0.026852
0 0.007682 0.026389 0.015365 0.026852
0 0.007682 0.026389 0.015365 0.026852
0 0.007682 0.026389 0.015365 0.026852
0 0.007682 0.026389 0.015365 0.026852
0 0.007682 0.026389 0.015365 0.026852
0 0.007682 0.026389 0.015365 0.026852
0 0.007682 0.026389 0.015365 0.026852
0 0.007682 0.026389 0.015365 0.026852
0 0.007682 0.026389 0.015365 0.026852
0 0.007682 0.026389 0.015365 0.026852
0 0.007682 0.026389 0.015365 0.026852
0 0.007682 0.026389 0.015365 0.026852
0 0.007682 0.026389 0.015365 0.026852
0 0.007682 0.026389 0.015365 0.026852
0 0.007682 0.026389 0.015365 0.026852
0 0.007682 0.026389 0.015365 0.026852
0 0.007682 0.026389 0.015365 0.026852
0 0.007682 0.026389 0.015365 0.026852
0 0.007682 0.026389 0.015365 0.026852
0 0.007682 0.026389 0.015365 0.026852
0 0.007682 0.026389 0.015365 0.026852
0 0.007682 0.026389 0.015365 0.026852
0 0.007682 0.026389 0.015365 0.026852
0 0.007682 0.026389 0.015365 0.026852
0 0.007682 0.026389 0.015365 0.026852
0 0.007682 0.026389 0.015365 0.026852
0 0.007682 0.026389 0.015365 0.026852
0 0.007682 0.026389 0.015365 0.026852
0 0.007682 0.026389 0.015365 0.026852
0 0.007682 0.026389 0.015365 0.026852
0 0.007682 0.026389 0.015365 0.026852
0 0.007682 0.026389 0.015365 0.026852
0 0.007682 0.026389 0.015365 0.026852
0 0.007682 0.026389 0.015365 0.026852
0 0.007682 0.026389 0.015365 0.026852
0 0.007682 0.026389 0.015365 0.026852
0 0.007682 0.026389 0.015365 0.026852
0 0.007682 0.026389 0.015365 0.026852
0 0.007682 0.026389 0.015365 0.026852
0 0.007682 0.026389 0.015365 0.026852
0 0.007682 0.026389 0.015365 0.026852
0 0.007682 0.026389 0.015365 0.026852
0 0.007682 0.026389 0.015365 0.026852
0 0.007682 0.026389 0.015365 0.026852
0 0.007682 0.026389 0.015365 0.026852
0 0.007682 0.026389 0.015365 0.026852
0 0.007682 0.026389 0.015365 0.026852
0 0.007682 0.026389 0.015365 0.026852
0 0.007682 0.026389 0.015365 0.026852
0 0.007682 0.026389 0.015365 0.026852
0 0.007682 0.026389 0.015365 0.026852
0 0.007682 0.026389 0.015365 0.026852
0 0.007682 0.026389 0.015365 0.026852
0 0.007682 0.026389 0.015365 0.026852
0 0.007682 0.026389 0.015365 0.026852
0 0.007682 0.026389 0.015365 0.026852
0 0.007682 0.026389 0.015365 0.026852
0 0.007682 0.026389 0.015365 0.026852
0 0.007682 0.026389 0.015365 0.026852
0 0.007682 0.026389 0.015365 0.026852
0 0.007682 0.026389 0.015365 0.026852
0 0.007682 0.026389 0.015365 0.026852
0 0.007682 0.026389 0.015365 0.026852
0 0.007682 0.026389 0.015365 0.026852
0 0.007682 0.026389 0.015365 0.026852
0 0.007682 0.026389 0.015365 0.026852
0 0.007682 0.026389 0.015365 0.026852
0 0.007682 0.026389 0.015365 0.026852
0 0.007682 0.026389 0.015365 0.026852
0 0.007682 0.026389 0.015365 0.026852
0 0.007682 0.026389 0.015365 0.026852
0 0.007682 0.026389 0.015365 0.026852
0 0.007682 0.026389 0.015365 0.026852
0 0.007682 0.026389 0.015365 0.026852
0 0.007682 0.026389 0.015365 0.026852
0 0.007682 0.026389 0.015365 0.026852
0 0.007682 0.026389 0.015365 0.026852
0 0.007682 0.026389 0.015365 0.026852
0 0.007682 0.026389 0.015365 0.026852
0 0.007682 0.026389 0.015365 0.026852
0 0.007682 0.026389 0.015365 0.026852
0 0.007682 0.026389 0.015365 0.026852
0 0.007682 0.026389 0.015365 0.026852
0 0.007682 0.026389 0.015365 0.026852
0 0.007682 0.026389 0.015365 0.026852
0 0.007682 0.026389 0.015365 0.026852
0 0.007682 0.026389 0.015365 0.026852
0 0.007682 0.026389 0.015365 0.026852
0 0.007682 0.026389 0.015365 0.026852
0 0.007682 0.026389 0.015365 0.026852
0 0.007682 0.026389 0.015365 0.026852
0 0.007682 0.026389 0.015365 0.026852
0 0.007682 0.026389 0.015365 0.026852
0 0.007682 0.026389 0.015365 0.026852
0 0.007682 0.026389 0.015365 0.026852
0 0.007682 0.026389 0.015365 0.026852
0 0.007682 0.026389 0.015365 0.026852
0 0.007682 0.026389 0.015365 0.026852
0 0.007682 0.026389 0.015365 0.026852
0 0.007682 0.026389 0.015365 0.026852
0 0.007682 0.026389 0.015365 0.026852
0 0.007682 0.026389 0.015365 0.026852
0 0.007682 0.026389 0.015365 0.026852
0 0.007682 0.026389 0.015365 0.026852
0 0.007682 0.026389 0.015365 0.026852
0 0.007682 0.026389 0.015365 0.026852
0 0.007682 0.026389 0.015365 0.026852
0 0.007682 0.026389 0.015365 0.026852
0 0.007682 0.026389 0.015365 0.026852
0 0.007682 0.026389 0.015365 0.026852
0 0.007682 0.026389 0.015365 0.026852
