0 0.231814 0.121373 0.006337 0.018981
0 0.231684 0.120988 0.006076 0.019136
0 0.231684 0.120988 0.006076 0.019136
0 0.231684 0.120988 0.006076 0.019136
0 0.231771 0.120988 0.005903 0.019136
0 0.231771 0.120988 0.005903 0.019136
0 0.231771 0.120525 0.005903 0.019136
0 0.231901 0.120525 0.005642 0.019136
0 0.231901 0.120525 0.005642 0.019136
0 0.231901 0.120525 0.005642 0.019136
0 0.232031 0.120525 0.005382 0.019136
0 0.232031 0.120525 0.005382 0.019136
0 0.232031 0.120525 0.005382 0.019136
0 0.232031 0.120525 0.005382 0.019136
0 0.232031 0.120525 0.005382 0.019136
0 0.232292 0.120525 0.005382 0.019136
0 0.232292 0.120525 0.005382 0.019136
0 0.232292 0.120525 0.005382 0.019136
0 0.232292 0.120525 0.005382 0.019136
0 0.232292 0.120525 0.005382 0.019136
0 0.232509 0.120525 0.005295 0.019136
0 0.232509 0.120062 0.005295 0.019136
0 0.232639 0.120062 0.005556 0.019136
0 0.232639 0.120062 0.005556 0.019136
0 0.232856 0.120062 0.005642 0.019136
0 0.232986 0.120062 0.005903 0.019136
0 0.232986 0.120062 0.005903 0.019136
0 0.233247 0.120062 0.005903 0.019136
0 0.233247 0.120062 0.005903 0.019136
0 0.233333 0.120062 0.006076 0.019136
0 0.233594 0.120062 0.006076 0.019136
0 0.233594 0.119676 0.006076 0.018981
0 0.233594 0.119676 0.006076 0.018981
0 0.233594 0.119676 0.006076 0.018981
0 0.233594 0.119676 0.006076 0.018981
0 0.233854 0.119676 0.006076 0.018981
0 0.233854 0.119676 0.006076 0.018981
0 0.233854 0.119676 0.006076 0.018981
0 0.233854 0.119676 0.006076 0.018981
0 0.233854 0.119676 0.006076 0.018981
0 0.234115 0.119676 0.006076 0.018981
0 0.234115 0.119213 0.006076 0.018981
0 0.234115 0.119213 0.006076 0.018981
0 0.234115 0.118827 0.006076 0.019136
0 0.234201 0.118827 0.005903 0.019136
0 0.234201 0.118827 0.005903 0.019136
0 0.234201 0.118364 0.005903 0.019136
0 0.234332 0.118364 0.005642 0.019136
0 0.234332 0.117901 0.005642 0.019136
0 0.234332 0.117901 0.005642 0.019136
0 0.234462 0.117901 0.005382 0.019136
0 0.234462 0.117901 0.005382 0.019136
0 0.234722 0.117901 0.005382 0.019136
0 0.234983 0.117901 0.005382 0.019136
0 0.235200 0.117901 0.005295 0.019136
0 0.235417 0.118364 0.005382 0.019136
0 0.235677 0.118364 0.005382 0.019136
0 0.235937 0.118364 0.005382 0.019136
0 0.236198 0.118364 0.005382 0.019136
0 0.236415 0.118364 0.005295 0.019136
0 0.236632 0.118827 0.005382 0.019136
0 0.236632 0.118827 0.005382 0.019136
0 0.236632 0.118827 0.005382 0.019136
0 0.236632 0.118827 0.005382 0.019136
0 0.236632 0.118827 0.005382 0.019136
0 0.236632 0.118827 0.005382 0.019136
0 0.236632 0.118827 0.005382 0.019136
0 0.236632 0.118827 0.005382 0.019136
0 0.236632 0.118827 0.005382 0.019136
0 0.236632 0.118827 0.005382 0.019136
0 0.236632 0.118827 0.005382 0.019136
0 0.236632 0.118827 0.005382 0.019136
0 0.236632 0.118827 0.005382 0.019136
0 0.236632 0.118827 0.005382 0.019136
0 0.236632 0.118827 0.005382 0.019136
0 0.236632 0.118827 0.005382 0.019136
0 0.236632 0.118827 0.005382 0.019136
0 0.236632 0.118827 0.005382 0.019136
0 0.236632 0.118827 0.005382 0.019136
0 0.236632 0.118827 0.005382 0.019136
0 0.236632 0.118827 0.005382 0.019136
0 0.236632 0.118827 0.005382 0.019136
0 0.236632 0.118827 0.005382 0.019136
0 0.236632 0.118827 0.005382 0.019136
0 0.236632 0.118827 0.005382 0.019136
0 0.236632 0.118827 0.005382 0.019136
0 0.236632 0.118827 0.005382 0.019136
0 0.236632 0.118827 0.005382 0.019136
0 0.236632 0.118827 0.005382 0.019136
0 0.236632 0.118827 0.005382 0.019136
0 0.236632 0.118827 0.005382 0.019136
0 0.236632 0.118827 0.005382 0.019136
0 0.236632 0.118827 0.005382 0.019136
0 0.236632 0.118827 0.005382 0.019136
0 0.236632 0.118827 0.005382 0.019136
0 0.236632 0.118827 0.005382 0.019136
0 0.236632 0.118827 0.005382 0.019136
0 0.236632 0.118827 0.005382 0.019136
0 0.236632 0.118827 0.005382 0.019136
0 0.236632 0.118827 0.005382 0.019136
0 0.236632 0.118827 0.005382 0.019136
0 0.236545 0.118827 0.005556 0.019136
0 0.236545 0.118827 0.005556 0.019136
0 0.236545 0.118827 0.005556 0.019136
0 0.236545 0.118827 0.005556 0.019136
0 0.236545 0.118827 0.005556 0.019136
0 0.236415 0.118827 0.005816 0.019136
0 0.236415 0.118827 0.005816 0.019136
0 0.236415 0.118827 0.005816 0.019136
0 0.236415 0.118827 0.005816 0.019136
0 0.236545 0.118827 0.006076 0.019136
0 0.236285 0.118827 0.006076 0.019136
0 0.236285 0.118827 0.006076 0.019136
0 0.236285 0.118827 0.006076 0.019136
0 0.236024 0.118827 0.006076 0.019136
0 0.236024 0.118827 0.006076 0.019136
0 0.236024 0.118827 0.006076 0.019136
0 0.235807 0.118827 0.006163 0.019136
0 0.235807 0.118827 0.006163 0.019136
0 0.235807 0.118827 0.006163 0.019136
0 0.235807 0.118827 0.006163 0.019136
0 0.235807 0.118827 0.006163 0.019136
0 0.235807 0.118827 0.006163 0.019136
0 0.235807 0.118827 0.006163 0.019136
0 0.235807 0.118827 0.006163 0.019136
0 0.235807 0.118827 0.006163 0.019136
0 0.235807 0.118827 0.006163 0.019136
0 0.235807 0.118827 0.006163 0.019136
0 0.235807 0.118827 0.006163 0.019136
0 0.235807 0.118827 0.006163 0.019136
0 0.235807 0.118827 0.006163 0.019136
0 0.235590 0.118364 0.006076 0.019136
0 0.235590 0.117901 0.006076 0.019136
0 0.235590 0.117438 0.006076 0.019136
0 0.235590 0.117052 0.006076 0.018981
0 0.235590 0.116667 0.006076 0.019136
0 0.235590 0.116204 0.006076 0.019136
0 0.235590 0.115741 0.006076 0.019136
0 0.235590 0.115278 0.006076 0.019136
0 0.235590 0.114892 0.006076 0.018981
0 0.235590 0.114892 0.006076 0.018981
0 0.232899 0.114043 0.006076 0.019136
0 0.230425 0.113580 0.006163 0.019136
0 0.227778 0.112731 0.006076 0.018981
0 0.225304 0.112269 0.006163 0.018981
0 0.222656 0.111883 0.006076 0.019136
0 0.220182 0.110957 0.006163 0.019136
0 0.217491 0.110494 0.006163 0.019136
0 0.215061 0.109722 0.006163 0.019136
0 0.212370 0.109259 0.006163 0.019136
0 0.209939 0.108796 0.006163 0.019136
0 0.204557 0.108333 0.006163 0.019136
0 0.199436 0.107948 0.006163 0.018981
0 0.194314 0.107562 0.006163 0.019136
0 0.189193 0.107099 0.006163 0.019136
0 0.184071 0.106636 0.006163 0.019136
0 0.178733 0.106173 0.006076 0.019136
0 0.173568 0.105787 0.006163 0.018981
0 0.168446 0.105324 0.006163 0.018981
0 0.163325 0.104938 0.006163 0.019136
0 0.158203 0.104475 0.006163 0.019136
0 0.151866 0.105324 0.006163 0.018981
0 0.145486 0.106636 0.006076 0.019136
0 0.139149 0.107716 0.006076 0.019444
0 0.132812 0.109028 0.006076 0.019599
0 0.126476 0.110340 0.006076 0.019444
0 0.120139 0.111188 0.006076 0.019599
0 0.113802 0.112500 0.006076 0.019444
0 0.107465 0.113580 0.006076 0.020062
0 0.101128 0.114892 0.006076 0.019907
0 0.094748 0.116204 0.006163 0.020062
0 0.094748 0.116204 0.006163 0.020062
0 0.094748 0.116204 0.006163 0.020062
0 0.094748 0.116204 0.006163 0.020062
0 0.094748 0.116204 0.006163 0.020062
0 0.094748 0.116204 0.006163 0.020062
0 0.094748 0.116204 0.006163 0.020062
0 0.094748 0.116204 0.006163 0.020062
0 0.094748 0.116204 0.006163 0.020062
0 0.094748 0.116204 0.006163 0.020062
0 0.094748 0.116204 0.006163 0.020062
