0 0.217144 0.317207 0.008247 0.017747
0 0.217144 0.314275 0.008247 0.017747
0 0.217144 0.311188 0.008247 0.017747
0 0.217144 0.308102 0.008247 0.017747
0 0.217144 0.305170 0.008247 0.017747
0 0.217361 0.302546 0.008333 0.017747
0 0.217361 0.299460 0.008333 0.017747
0 0.217361 0.296451 0.008333 0.017901
0 0.217361 0.293441 0.008333 0.017747
0 0.217361 0.290355 0.008333 0.017747
0 0.217622 0.287731 0.008333 0.017747
0 0.217622 0.284336 0.008333 0.017747
0 0.217882 0.280787 0.008333 0.017747
0 0.218099 0.277392 0.008247 0.017747
0 0.218359 0.274306 0.008247 0.017747
0 0.218576 0.270833 0.008333 0.017901
0 0.218837 0.267361 0.008333 0.017747
0 0.219097 0.264352 0.008333 0.017901
0 0.219314 0.260880 0.008247 0.017747
0 0.219575 0.257407 0.008247 0.017901
0 0.219835 0.254398 0.008247 0.017747
0 0.219835 0.250849 0.008247 0.017747
0 0.219835 0.247840 0.008247 0.017901
0 0.219835 0.244367 0.008247 0.017747
0 0.220052 0.241358 0.008333 0.017901
0 0.220052 0.238349 0.008333 0.017747
0 0.220052 0.234799 0.008333 0.017747
0 0.220312 0.231790 0.008333 0.017901
0 0.220312 0.228318 0.008333 0.017747
0 0.220312 0.225309 0.008333 0.017901
0 0.220573 0.222299 0.008333 0.017747
0 0.220573 0.218364 0.008333 0.017901
0 0.220573 0.214892 0.008333 0.017747
0 0.220573 0.210957 0.008333 0.017901
0 0.220790 0.207485 0.008247 0.017747
0 0.220790 0.204090 0.008247 0.017747
0 0.220790 0.200077 0.008247 0.017747
0 0.221050 0.196682 0.008247 0.017747
0 0.221050 0.192747 0.008247 0.017901
0 0.221050 0.189275 0.008247 0.017747
0 0.221267 0.185802 0.008333 0.017901
0 0.221267 0.182099 0.008333 0.017284
0 0.221398 0.178627 0.008594 0.017438
0 0.221398 0.175000 0.008594 0.016975
0 0.221528 0.171451 0.008854 0.016975
0 0.221615 0.167824 0.009028 0.016512
0 0.221615 0.164352 0.009028 0.016358
0 0.221745 0.160648 0.009288 0.016049
0 0.221745 0.157253 0.009288 0.016049
0 0.221875 0.153472 0.009549 0.015586
0 0.222005 0.150077 0.009809 0.015586
0 0.222005 0.146528 0.009809 0.015586
0 0.222005 0.143133 0.009809 0.015586
0 0.222005 0.139583 0.009809 0.015586
0 0.222005 0.136574 0.009809 0.015741
0 0.222005 0.133102 0.009809 0.015586
0 0.222005 0.129630 0.009809 0.015741
0 0.222005 0.126620 0.009809 0.015586
0 0.222005 0.123071 0.009809 0.015586
0 0.222005 0.119676 0.009809 0.015586
0 0.222266 0.116590 0.009809 0.015586
0 0.222266 0.112731 0.009809 0.015586
0 0.222483 0.109259 0.009722 0.015741
0 0.222743 0.105787 0.009722 0.015586
0 0.223003 0.102315 0.009722 0.015741
0 0.223220 0.098843 0.009809 0.015586
0 0.223220 0.094985 0.009809 0.015586
0 0.223481 0.091435 0.009809 0.015586
0 0.223741 0.088040 0.009809 0.015586
0 0.223958 0.084491 0.009722 0.015586
0 0.224219 0.081096 0.009722 0.015586
0 0.223958 0.077083 0.009722 0.015586
0 0.223958 0.073688 0.009722 0.015586
0 0.223741 0.069753 0.009809 0.015741
0 0.223741 0.066281 0.009809 0.015586
0 0.223481 0.062423 0.009809 0.015586
0 0.223481 0.058873 0.009809 0.015586
0 0.223220 0.055015 0.009809 0.015586
0 0.223220 0.051543 0.009809 0.015741
0 0.223003 0.047608 0.009722 0.015586
0 0.223003 0.044213 0.009722 0.015586
0 0.223003 0.040278 0.009722 0.015741
0 0.223003 0.036806 0.009722 0.015586
0 0.223003 0.033333 0.009722 0.015741
0 0.223003 0.029861 0.009722 0.015586
0 0.223003 0.026389 0.009722 0.015741
0 0.223003 0.022454 0.009722 0.015586
0 0.223003 0.019059 0.009722 0.015586
0 0.223003 0.015509 0.009722 0.015586
0 0.223003 0.012114 0.009722 0.015586
0 0.223220 0.008565 0.009809 0.015586
0 0.223220 0.008565 0.009809 0.015586
0 0.223220 0.008565 0.009809 0.015586
0 0.223220 0.008565 0.009809 0.015586
0 0.223220 0.008565 0.009809 0.015586
0 0.223220 0.008565 0.009809 0.015586
0 0.223220 0.008565 0.009809 0.015586
0 0.223220 0.008565 0.009809 0.015586
0 0.223220 0.008565 0.009809 0.015586
0 0.223220 0.008565 0.009809 0.015586
0 0.223220 0.008565 0.009809 0.015586
0 0.223220 0.008565 0.009809 0.015586
0 0.223220 0.008565 0.009809 0.015586
0 0.223220 0.008565 0.009809 0.015586
0 0.223220 0.008565 0.009809 0.015586
0 0.223220 0.008565 0.009809 0.015586
0 0.223220 0.008565 0.009809 0.015586
0 0.223220 0.008565 0.009809 0.015586
0 0.223220 0.008565 0.009809 0.015586
0 0.223220 0.008565 0.009809 0.015586
0 0.223220 0.008565 0.009809 0.015586
0 0.223220 0.008565 0.009809 0.015586
0 0.223220 0.008565 0.009809 0.015586
0 0.223220 0.008565 0.009809 0.015586
0 0.223220 0.008565 0.009809 0.015586
0 0.223220 0.008565 0.009809 0.015586
0 0.223220 0.008565 0.009809 0.015586
0 0.223220 0.008565 0.009809 0.015586
0 0.223220 0.008565 0.009809 0.015586
0 0.223220 0.008565 0.009809 0.015586
0 0.223220 0.008565 0.009809 0.015586
0 0.223220 0.008565 0.009809 0.015586
0 0.223220 0.008565 0.009809 0.015586
0 0.223220 0.008565 0.009809 0.015586
0 0.223220 0.008565 0.009809 0.015586
0 0.223220 0.008565 0.009809 0.015586
0 0.223220 0.008565 0.009809 0.015586
0 0.223220 0.008565 0.009809 0.015586
0 0.223220 0.008565 0.009809 0.015586
0 0.223220 0.008565 0.009809 0.015586
0 0.223220 0.008565 0.009809 0.015586
0 0.223220 0.008565 0.009809 0.015586
0 0.223220 0.008565 0.009809 0.015586
0 0.223220 0.008565 0.009809 0.015586
0 0.223220 0.008565 0.009809 0.015586
0 0.223220 0.008565 0.009809 0.015586
0 0.223220 0.008565 0.009809 0.015586
0 0.223220 0.008565 0.009809 0.015586
0 0.223220 0.008565 0.009809 0.015586
0 0.223220 0.008565 0.009809 0.015586
0 0.223220 0.008565 0.009809 0.015586
0 0.223220 0.008565 0.009809 0.015586
0 0.223220 0.008565 0.009809 0.015586
0 0.223220 0.008565 0.009809 0.015586
0 0.223220 0.008565 0.009809 0.015586
0 0.223220 0.008565 0.009809 0.015586
0 0.223220 0.008565 0.009809 0.015586
0 0.223220 0.008565 0.009809 0.015586
0 0.223220 0.008565 0.009809 0.015586
0 0.223220 0.008565 0.009809 0.015586
0 0.223220 0.008565 0.009809 0.015586
0 0.223220 0.008565 0.009809 0.015586
0 0.223220 0.008565 0.009809 0.015586
0 0.223220 0.008565 0.009809 0.015586
0 0.223220 0.008565 0.009809 0.015586
0 0.223220 0.008565 0.009809 0.015586
0 0.223220 0.008565 0.009809 0.015586
0 0.223220 0.008565 0.009809 0.015586
0 0.223220 0.008565 0.009809 0.015586
0 0.223220 0.008565 0.009809 0.015586
0 0.223220 0.008565 0.009809 0.015586
0 0.223220 0.008565 0.009809 0.015586
0 0.223220 0.008565 0.009809 0.015586
0 0.223220 0.008565 0.009809 0.015586
0 0.223220 0.008565 0.009809 0.015586
0 0.223220 0.008565 0.009809 0.015586
0 0.223220 0.008565 0.009809 0.015586
0 0.223220 0.008565 0.009809 0.015586
0 0.223220 0.008565 0.009809 0.015586
0 0.223220 0.008565 0.009809 0.015586
0 0.223220 0.008565 0.009809 0.015586
0 0.223220 0.008565 0.009809 0.015586
0 0.223220 0.008565 0.009809 0.015586
0 0.223220 0.008565 0.009809 0.015586
0 0.223220 0.008565 0.009809 0.015586
0 0.223220 0.008565 0.009809 0.015586
0 0.223220 0.008565 0.009809 0.015586
0 0.223220 0.008565 0.009809 0.015586
0 0.223220 0.008565 0.009809 0.015586
0 0.223220 0.008565 0.009809 0.015586
0 0.223220 0.008565 0.009809 0.015586
