0 0.160894 0.075463 0.004601 0.018210
0 0.160634 0.075463 0.004601 0.018210
0 0.160634 0.075463 0.004601 0.018210
0 0.160634 0.075463 0.004601 0.018210
0 0.160634 0.075463 0.004601 0.018210
0 0.160634 0.075463 0.004601 0.018210
0 0.160417 0.075463 0.004687 0.018210
0 0.160417 0.075463 0.004687 0.018210
0 0.160417 0.075463 0.004687 0.018210
0 0.160417 0.075463 0.004687 0.018210
0 0.160417 0.075463 0.004687 0.018210
0 0.160156 0.075463 0.004687 0.018210
0 0.159896 0.075463 0.004687 0.018210
0 0.159679 0.075463 0.004601 0.018210
0 0.159418 0.075463 0.004601 0.018210
0 0.159158 0.075463 0.004601 0.018210
0 0.158941 0.075463 0.004687 0.018210
0 0.158681 0.075463 0.004687 0.018210
0 0.158464 0.075463 0.004601 0.018210
0 0.158203 0.075463 0.004601 0.018210
0 0.158073 0.075463 0.004340 0.018210
0 0.157595 0.075463 0.004427 0.018210
0 0.157118 0.075463 0.004340 0.018210
0 0.156641 0.075463 0.004427 0.018210
0 0.156120 0.075463 0.004427 0.018210
0 0.155903 0.075617 0.004340 0.017901
0 0.155382 0.075617 0.004340 0.017901
0 0.154905 0.075617 0.004427 0.017901
0 0.154427 0.075617 0.004340 0.017901
0 0.153950 0.075617 0.004427 0.017901
0 0.153689 0.076003 0.004427 0.017747
0 0.153819 0.076003 0.004687 0.017747
0 0.154036 0.076003 0.004601 0.017747
0 0.154427 0.076003 0.004861 0.017747
0 0.154687 0.076003 0.004861 0.017747
0 0.154991 0.076003 0.005122 0.017747
0 0.155252 0.076003 0.005122 0.017747
0 0.155512 0.076003 0.005122 0.017747
0 0.155903 0.076003 0.005382 0.017747
0 0.156163 0.076003 0.005382 0.017747
0 0.156510 0.076003 0.005556 0.017747
0 0.156510 0.076003 0.005556 0.017747
0 0.156510 0.076003 0.005556 0.017747
0 0.156510 0.076003 0.005556 0.017747
0 0.156510 0.076003 0.005556 0.017747
0 0.156510 0.076003 0.005556 0.017747
0 0.156510 0.076003 0.005556 0.017747
0 0.156510 0.076003 0.005556 0.017747
0 0.156510 0.076003 0.005556 0.017747
0 0.156510 0.076003 0.005556 0.017747
0 0.156510 0.076003 0.005556 0.017747
0 0.156988 0.076003 0.005642 0.017747
0 0.157726 0.076003 0.005556 0.017747
0 0.158464 0.076003 0.005642 0.017747
0 0.159071 0.076003 0.005816 0.017747
0 0.159809 0.076466 0.005903 0.017747
0 0.160503 0.076466 0.005903 0.017747
0 0.161111 0.076466 0.006076 0.017747
0 0.161892 0.076466 0.006076 0.017747
0 0.162587 0.076466 0.006076 0.017747
0 0.163325 0.076929 0.006163 0.017747
0 0.164062 0.076235 0.006076 0.018210
0 0.164800 0.075772 0.006163 0.018210
0 0.165538 0.075463 0.006076 0.018210
0 0.166233 0.075231 0.006076 0.018673
0 0.167014 0.074769 0.006076 0.018673
0 0.167708 0.074074 0.006076 0.019136
0 0.168446 0.073920 0.006163 0.019444
0 0.169184 0.073457 0.006076 0.019444
0 0.169922 0.072994 0.006163 0.019444
0 0.170660 0.072762 0.006076 0.019907
0 0.170660 0.072762 0.006076 0.019907
0 0.170660 0.072762 0.006076 0.019907
0 0.170660 0.072762 0.006076 0.019907
0 0.170660 0.072762 0.006076 0.019907
0 0.170660 0.072762 0.006076 0.019907
0 0.170660 0.072762 0.006076 0.019907
0 0.170660 0.072762 0.006076 0.019907
0 0.170660 0.072762 0.006076 0.019907
0 0.170660 0.072762 0.006076 0.019907
0 0.170660 0.072762 0.006076 0.019907
0 0.170660 0.072762 0.006076 0.019907
0 0.170660 0.072762 0.006076 0.019907
0 0.170660 0.072762 0.006076 0.019907
0 0.170660 0.072762 0.006076 0.019907
0 0.170660 0.072762 0.006076 0.019907
0 0.170660 0.072762 0.006076 0.019907
0 0.170660 0.072762 0.006076 0.019907
0 0.170660 0.072762 0.006076 0.019907
0 0.170660 0.072762 0.006076 0.019907
0 0.170660 0.072762 0.006076 0.019907
0 0.170660 0.072762 0.006076 0.019907
0 0.170660 0.072762 0.006076 0.019907
0 0.170660 0.072762 0.006076 0.019907
0 0.170660 0.072762 0.006076 0.019907
0 0.170660 0.072762 0.006076 0.019907
0 0.170660 0.072762 0.006076 0.019907
0 0.170660 0.072762 0.006076 0.019907
0 0.170660 0.072762 0.006076 0.019907
0 0.170660 0.072762 0.006076 0.019907
0 0.170660 0.072762 0.006076 0.019907
0 0.170399 0.073225 0.006076 0.019907
0 0.170139 0.073688 0.006076 0.019907
0 0.170139 0.074151 0.006076 0.019907
0 0.169922 0.074923 0.006163 0.019907
0 0.169922 0.075386 0.006163 0.019907
0 0.169705 0.075849 0.006076 0.019907
0 0.169444 0.076698 0.006076 0.020062
0 0.169444 0.077160 0.006076 0.020062
0 0.169184 0.077546 0.006076 0.019907
0 0.169184 0.078472 0.006076 0.019907
0 0.169184 0.078472 0.006076 0.019907
0 0.169184 0.078472 0.006076 0.019907
0 0.169184 0.078472 0.006076 0.019907
0 0.169184 0.078472 0.006076 0.019907
0 0.169184 0.078472 0.006076 0.019907
0 0.169184 0.078472 0.006076 0.019907
0 0.169184 0.078472 0.006076 0.019907
0 0.169184 0.078472 0.006076 0.019907
0 0.169184 0.078472 0.006076 0.019907
0 0.169184 0.078472 0.006076 0.019907
0 0.168924 0.078472 0.006076 0.019907
0 0.168924 0.078472 0.006076 0.019907
0 0.168924 0.078472 0.006076 0.019907
0 0.168707 0.078858 0.006163 0.020062
0 0.168707 0.078858 0.006163 0.020062
0 0.168707 0.078858 0.006163 0.020062
0 0.168446 0.079321 0.006163 0.020062
0 0.168446 0.079321 0.006163 0.020062
0 0.168446 0.079321 0.006163 0.020062
0 0.168446 0.079707 0.006163 0.019907
0 0.168446 0.079707 0.006163 0.019907
0 0.168707 0.079707 0.006163 0.019907
0 0.168707 0.079707 0.006163 0.019907
0 0.168924 0.079707 0.006076 0.019907
0 0.168924 0.080170 0.006076 0.019907
0 0.169184 0.080170 0.006076 0.019907
0 0.169184 0.080170 0.006076 0.019907
0 0.169444 0.080170 0.006076 0.019907
0 0.169444 0.080170 0.006076 0.019907
0 0.169705 0.080633 0.006076 0.019907
0 0.169444 0.080170 0.006076 0.019907
0 0.169444 0.080170 0.006076 0.019907
0 0.169444 0.080170 0.006076 0.019907
0 0.169444 0.079707 0.006076 0.019907
0 0.169444 0.079707 0.006076 0.019907
0 0.169444 0.079707 0.006076 0.019907
0 0.169444 0.079321 0.006076 0.020062
0 0.169444 0.079321 0.006076 0.020062
0 0.169444 0.079321 0.006076 0.020062
0 0.169444 0.079321 0.006076 0.020062
0 0.169184 0.076312 0.006076 0.019907
0 0.169184 0.073688 0.006076 0.019907
0 0.169184 0.071065 0.006076 0.019907
0 0.169184 0.068056 0.006076 0.020062
0 0.169184 0.065432 0.006076 0.020062
0 0.169184 0.062809 0.006076 0.020062
0 0.169184 0.059799 0.006076 0.019907
0 0.169184 0.057176 0.006076 0.019907
0 0.169184 0.054552 0.006076 0.019907
0 0.169184 0.051929 0.006076 0.019907
0 0.169184 0.052392 0.006076 0.019907
0 0.169184 0.052855 0.006076 0.019907
0 0.169184 0.053704 0.006076 0.020062
0 0.169184 0.054167 0.006076 0.020062
0 0.169184 0.055015 0.006076 0.019907
0 0.169184 0.055478 0.006076 0.019907
0 0.169184 0.055864 0.006076 0.020062
0 0.169184 0.056713 0.006076 0.019907
0 0.169184 0.057176 0.006076 0.019907
0 0.169444 0.058102 0.006076 0.019907
0 0.169184 0.058333 0.006076 0.020370
0 0.169054 0.058642 0.006337 0.020370
0 0.169054 0.059336 0.006337 0.020833
0 0.168924 0.059568 0.006597 0.021296
0 0.168924 0.060262 0.006597 0.021759
0 0.168663 0.060648 0.006597 0.021605
0 0.168663 0.061343 0.006597 0.022068
0 0.168576 0.061574 0.006771 0.022531
0 0.168576 0.062114 0.006771 0.022994
0 0.168446 0.062577 0.007031 0.022994
