0 0.000477 0.000849 0.000955 0.001698
0 0.000477 0.000849 0.000955 0.001698
0 0.000477 0.000849 0.000955 0.001698
0 0.000477 0.000849 0.000955 0.001698
0 0.000477 0.000849 0.000955 0.001698
0 0.000477 0.000849 0.000955 0.001698
0 0.000477 0.000849 0.000955 0.001698
0 0.000477 0.000849 0.000955 0.001698
0 0.000477 0.000849 0.000955 0.001698
0 0.000477 0.000849 0.000955 0.001698
0 0.000477 0.000849 0.000955 0.001698
0 0.000477 0.000849 0.000955 0.001698
0 0.000477 0.000849 0.000955 0.001698
0 0.000477 0.000849 0.000955 0.001698
0 0.000477 0.000849 0.000955 0.001698
0 0.000477 0.000849 0.000955 0.001698
0 0.000477 0.000849 0.000955 0.001698
0 0.000477 0.000849 0.000955 0.001698
0 0.000477 0.000849 0.000955 0.001698
0 0.000477 0.000849 0.000955 0.001698
0 0.000477 0.000849 0.000955 0.001698
0 0.000477 0.000849 0.000955 0.001698
0 0.000477 0.000849 0.000955 0.001698
0 0.000477 0.000849 0.000955 0.001698
0 0.000477 0.000849 0.000955 0.001698
0 0.000477 0.000849 0.000955 0.001698
0 0.000477 0.000849 0.000955 0.001698
0 0.000477 0.000849 0.000955 0.001698
0 0.000477 0.000849 0.000955 0.001698
0 0.000477 0.000849 0.000955 0.001698
0 0.000477 0.000849 0.000955 0.001698
0 0.000477 0.000849 0.000955 0.001698
0 0.000477 0.000849 0.000955 0.001698
0 0.000477 0.000849 0.000955 0.001698
0 0.000477 0.000849 0.000955 0.001698
0 0.000477 0.000849 0.000955 0.001698
0 0.000477 0.000849 0.000955 0.001698
0 0.000477 0.000849 0.000955 0.001698
0 0.000477 0.000849 0.000955 0.001698
0 0.000477 0.000849 0.000955 0.001698
0 0.000477 0.000849 0.000955 0.001698
0 0.000477 0.000849 0.000955 0.001698
0 0.000477 0.000849 0.000955 0.001698
0 0.000477 0.000849 0.000955 0.001698
0 0.000477 0.000849 0.000955 0.001698
0 0.000477 0.000849 0.000955 0.001698
0 0.000477 0.000849 0.000955 0.001698
0 0.000477 0.000849 0.000955 0.001698
0 0.000477 0.000849 0.000955 0.001698
0 0.000477 0.000849 0.000955 0.001698
0 0.000477 0.000849 0.000955 0.001698
0 0.000477 0.000849 0.000955 0.001698
0 0.000477 0.000849 0.000955 0.001698
0 0.000477 0.000849 0.000955 0.001698
0 0.000477 0.000849 0.000955 0.001698
0 0.000477 0.000849 0.000955 0.001698
0 0.000477 0.000849 0.000955 0.001698
0 0.000477 0.000849 0.000955 0.001698
0 0.000477 0.000849 0.000955 0.001698
0 0.000477 0.000849 0.000955 0.001698
0 0.000477 0.000849 0.000955 0.001698
0 0.000477 0.000849 0.000955 0.001698
0 0.000477 0.000849 0.000955 0.001698
0 0.000477 0.000849 0.000955 0.001698
0 0.000477 0.000849 0.000955 0.001698
0 0.000477 0.000849 0.000955 0.001698
0 0.000477 0.000849 0.000955 0.001698
0 0.000477 0.000849 0.000955 0.001698
0 0.000477 0.000849 0.000955 0.001698
0 0.000477 0.000849 0.000955 0.001698
0 0.000477 0.000849 0.000955 0.001698
0 0.003646 0.019676 0.002431 0.003858
0 0.006944 0.038966 0.003646 0.006019
0 0.010200 0.058256 0.004948 0.008179
0 0.013498 0.077315 0.006163 0.010802
0 0.016797 0.096682 0.007378 0.013117
0 0.019965 0.115972 0.008854 0.015278
0 0.023264 0.135108 0.010069 0.017747
0 0.026562 0.154398 0.011285 0.019907
0 0.029861 0.173688 0.012500 0.022068
0 0.033160 0.192978 0.013715 0.024228
0 0.031076 0.195139 0.013368 0.024228
0 0.028993 0.197762 0.013194 0.024228
0 0.027040 0.200386 0.012760 0.024228
0 0.024957 0.202778 0.012413 0.024691
0 0.023003 0.205324 0.011979 0.024846
0 0.020964 0.207716 0.011719 0.024383
0 0.018837 0.210108 0.011458 0.024846
0 0.016927 0.212654 0.010937 0.024691
0 0.014844 0.215278 0.010764 0.024691
0 0.012891 0.217901 0.010330 0.024691
0 0.014844 0.215278 0.010764 0.024691
0 0.016927 0.212654 0.010937 0.024691
0 0.018837 0.210108 0.011458 0.024846
0 0.020964 0.207716 0.011719 0.024383
0 0.023003 0.205324 0.011979 0.024846
0 0.024957 0.202778 0.012413 0.024691
0 0.027040 0.200386 0.012760 0.024228
0 0.028993 0.197762 0.013194 0.024228
0 0.031076 0.195139 0.013368 0.024228
0 0.033160 0.192978 0.013715 0.024228
0 0.034375 0.190972 0.013715 0.023920
0 0.035590 0.189043 0.013715 0.023457
0 0.036936 0.187114 0.013455 0.022994
0 0.038281 0.185417 0.013715 0.022994
0 0.039627 0.183488 0.013455 0.022531
0 0.040842 0.181481 0.013455 0.022222
0 0.042187 0.179707 0.013715 0.022068
0 0.043533 0.177778 0.013455 0.021605
0 0.044748 0.175849 0.013455 0.021142
0 0.046224 0.174074 0.013455 0.021296
0 0.046788 0.172994 0.013194 0.021605
0 0.047569 0.171914 0.013194 0.022222
0 0.048264 0.170833 0.013194 0.022531
0 0.049002 0.169830 0.013108 0.022994
0 0.049740 0.168673 0.013194 0.023457
0 0.050347 0.167593 0.012847 0.023765
0 0.051085 0.166512 0.012934 0.024383
0 0.051780 0.165432 0.012934 0.024691
0 0.052561 0.164275 0.012934 0.025154
0 0.053255 0.163272 0.012934 0.025617
0 0.053993 0.161960 0.012500 0.025463
0 0.054861 0.160880 0.012153 0.025154
0 0.055859 0.159722 0.011719 0.025617
0 0.056684 0.158719 0.011458 0.025154
0 0.057682 0.157562 0.011024 0.025617
0 0.058377 0.156559 0.010503 0.025154
0 0.059288 0.155170 0.010243 0.025154
0 0.060243 0.154398 0.009722 0.025154
0 0.061111 0.153009 0.009549 0.025154
0 0.062066 0.152238 0.009028 0.025154
0 0.062760 0.151312 0.009028 0.025154
0 0.063542 0.150386 0.009028 0.025154
0 0.064236 0.149614 0.009028 0.025154
0 0.065017 0.148688 0.009028 0.025154
0 0.065712 0.147917 0.009028 0.025154
0 0.066493 0.146991 0.009028 0.025154
0 0.067187 0.146065 0.009028 0.025154
0 0.067882 0.145293 0.009028 0.025154
0 0.068663 0.144367 0.009028 0.025154
0 0.069358 0.143519 0.009028 0.025309
0 0.069878 0.142670 0.009028 0.025154
0 0.070399 0.141744 0.009028 0.025154
0 0.070833 0.140972 0.009028 0.025154
0 0.071354 0.140278 0.009028 0.024691
0 0.071918 0.139583 0.008767 0.025154
0 0.072439 0.138812 0.008767 0.025154
0 0.072917 0.138117 0.008854 0.024691
0 0.073394 0.137191 0.008767 0.024691
0 0.073915 0.136343 0.008767 0.024846
0 0.074479 0.135957 0.008507 0.024691
0 0.074740 0.135031 0.008507 0.024691
0 0.075260 0.134568 0.008507 0.024691
0 0.075738 0.134182 0.008594 0.024846
0 0.075955 0.133333 0.008507 0.024691
0 0.076476 0.132870 0.008507 0.024691
0 0.076953 0.132407 0.008594 0.024691
0 0.077170 0.131636 0.008507 0.024691
0 0.077691 0.131173 0.008507 0.024691
0 0.078168 0.130710 0.008594 0.024691
0 0.078646 0.130247 0.008507 0.024691
0 0.079167 0.129475 0.008507 0.024691
0 0.079644 0.129012 0.008594 0.024691
0 0.080122 0.128549 0.008507 0.024691
0 0.080599 0.127623 0.008594 0.024691
0 0.081076 0.127238 0.008507 0.024846
0 0.081597 0.126852 0.008507 0.024691
0 0.082075 0.125926 0.008594 0.024691
0 0.082552 0.125463 0.008507 0.024691
0 0.083030 0.125077 0.008594 0.024846
0 0.083550 0.124691 0.008594 0.024691
0 0.083550 0.124228 0.008594 0.024691
0 0.083767 0.123765 0.008507 0.024691
0 0.083767 0.123302 0.008507 0.024691
0 0.084028 0.122917 0.008507 0.024846
0 0.084028 0.122531 0.008507 0.024691
0 0.084288 0.122068 0.008507 0.024691
0 0.084288 0.121605 0.008507 0.024691
0 0.084505 0.121142 0.008594 0.024691
0 0.084505 0.120756 0.008594 0.024846
0 0.084766 0.120293 0.008594 0.024846
