0 0.024262 0.167824 0.008073 0.019907
0 0.024696 0.167361 0.008073 0.019907
0 0.025347 0.167361 0.007812 0.019907
0 0.025911 0.167361 0.007552 0.019907
0 0.026562 0.166898 0.007292 0.019907
0 0.027170 0.166898 0.007118 0.019907
0 0.027648 0.166898 0.007031 0.019907
0 0.028255 0.166512 0.006858 0.020062
0 0.028906 0.166512 0.006597 0.020062
0 0.029470 0.166512 0.006337 0.020062
0 0.030252 0.166512 0.006337 0.020062
0 0.030686 0.166127 0.006337 0.019907
0 0.031207 0.166127 0.006337 0.019907
0 0.031641 0.165664 0.006337 0.019907
0 0.032161 0.165664 0.006337 0.019907
0 0.032682 0.165201 0.006337 0.019907
0 0.033116 0.165201 0.006337 0.019907
0 0.033637 0.164738 0.006337 0.019907
0 0.034158 0.164738 0.006337 0.019907
0 0.034592 0.164352 0.006337 0.020062
0 0.035373 0.164352 0.006337 0.020062
0 0.035807 0.163889 0.006337 0.020062
0 0.036328 0.163889 0.006337 0.020062
0 0.036806 0.163889 0.006424 0.020062
0 0.037283 0.163889 0.006337 0.020062
0 0.038021 0.163889 0.006424 0.020062
0 0.038498 0.163503 0.006337 0.019907
0 0.039019 0.163503 0.006337 0.019907
0 0.039453 0.163503 0.006337 0.019907
0 0.039974 0.163503 0.006337 0.019907
0 0.040712 0.163503 0.006424 0.019907
0 0.041189 0.163040 0.006337 0.019907
0 0.041710 0.163040 0.006337 0.019907
0 0.042144 0.163040 0.006337 0.019907
0 0.042665 0.162577 0.006337 0.019907
0 0.043359 0.162577 0.006337 0.019907
0 0.043880 0.162577 0.006337 0.019907
0 0.044401 0.162191 0.006337 0.020062
0 0.044835 0.162191 0.006337 0.020062
0 0.045356 0.162191 0.006337 0.020062
0 0.046050 0.162191 0.006337 0.020062
0 0.046571 0.161728 0.006337 0.020062
0 0.047266 0.161728 0.006337 0.020062
0 0.048047 0.161343 0.006337 0.019907
0 0.048481 0.161343 0.006337 0.019907
0 0.049262 0.161343 0.006337 0.019907
0 0.049957 0.160880 0.006337 0.019907
0 0.050477 0.160880 0.006337 0.019907
0 0.051172 0.160417 0.006337 0.019907
0 0.051953 0.160417 0.006337 0.019907
0 0.052648 0.160417 0.006337 0.019907
0 0.053168 0.159954 0.006337 0.019907
0 0.053602 0.159954 0.006337 0.019907
0 0.054123 0.159954 0.006337 0.019907
0 0.054861 0.159568 0.006424 0.020062
0 0.055339 0.159568 0.006337 0.020062
0 0.055859 0.159568 0.006337 0.020062
0 0.056554 0.159182 0.006337 0.019907
0 0.057075 0.159182 0.006337 0.019907
0 0.057509 0.159182 0.006337 0.019907
0 0.058290 0.159182 0.006337 0.019907
0 0.058898 0.158719 0.006163 0.019907
0 0.059635 0.158256 0.006076 0.019907
0 0.060330 0.158025 0.006076 0.019444
0 0.061111 0.157639 0.006076 0.019599
0 0.061936 0.157639 0.005816 0.019599
0 0.062674 0.157176 0.005903 0.019599
0 0.063411 0.156713 0.005816 0.019599
0 0.064149 0.156481 0.005903 0.019136
0 0.064887 0.156096 0.005816 0.018981
0 0.065712 0.156096 0.005556 0.018981
0 0.066189 0.155710 0.005642 0.019136
0 0.066927 0.155710 0.005556 0.019136
0 0.067665 0.155710 0.005642 0.019136
0 0.068186 0.155710 0.005642 0.019136
0 0.068880 0.155710 0.005642 0.019136
0 0.069618 0.155710 0.005556 0.019136
0 0.070095 0.155710 0.005642 0.019136
0 0.070833 0.155710 0.005556 0.019136
0 0.071571 0.155710 0.005642 0.019136
0 0.072309 0.155710 0.005556 0.019136
0 0.072786 0.155247 0.005642 0.019136
0 0.073524 0.155247 0.005556 0.019136
0 0.074002 0.154784 0.005642 0.019136
0 0.074740 0.154784 0.005556 0.019136
0 0.075217 0.154321 0.005642 0.019136
0 0.075955 0.154321 0.005556 0.019136
0 0.076432 0.153935 0.005642 0.018981
0 0.077214 0.153935 0.005642 0.018981
0 0.077691 0.153472 0.005556 0.018981
0 0.078429 0.153472 0.005642 0.018981
0 0.078906 0.153086 0.005556 0.019136
0 0.079644 0.153086 0.005642 0.019136
0 0.080339 0.153086 0.005642 0.019136
0 0.081120 0.152623 0.005642 0.019136
0 0.081814 0.152623 0.005642 0.019136
0 0.082335 0.152623 0.005642 0.019136
0 0.083030 0.152160 0.005642 0.019136
0 0.083767 0.152160 0.005556 0.019136
0 0.084505 0.152160 0.005642 0.019136
0 0.085243 0.152160 0.005556 0.019136
0 0.085851 0.151775 0.005382 0.018981
0 0.086589 0.151775 0.005295 0.018981
0 0.087196 0.151312 0.005122 0.018981
0 0.087891 0.151312 0.005122 0.018981
0 0.088672 0.151157 0.005122 0.018673
0 0.089236 0.150926 0.004861 0.019136
0 0.090017 0.150694 0.004861 0.018673
0 0.090625 0.150463 0.004687 0.019136
0 0.091363 0.150231 0.004601 0.018673
0 0.092187 0.150231 0.004340 0.018673
0 0.092665 0.149769 0.004427 0.018673
0 0.093186 0.149769 0.004427 0.018673
0 0.093663 0.149769 0.004340 0.018673
0 0.094401 0.149769 0.004427 0.018673
0 0.094878 0.149769 0.004340 0.018673
0 0.095356 0.149769 0.004427 0.018673
0 0.096094 0.149769 0.004340 0.018673
0 0.096571 0.149769 0.004427 0.018673
0 0.097092 0.149769 0.004427 0.018673
0 0.097786 0.149769 0.004427 0.018673
0 0.098307 0.149306 0.004427 0.018673
0 0.099045 0.149306 0.004340 0.018673
0 0.099783 0.148997 0.004427 0.018673
0 0.100477 0.148997 0.004427 0.018673
0 0.101215 0.148534 0.004340 0.018673
0 0.101953 0.148534 0.004427 0.018673
0 0.102691 0.148071 0.004340 0.018673
0 0.103429 0.148071 0.004427 0.018673
0 0.104167 0.147608 0.004340 0.018673
0 0.104905 0.147608 0.004427 0.018673
0 0.105469 0.147145 0.004167 0.018673
0 0.106250 0.147145 0.004167 0.018673
0 0.106944 0.146991 0.004167 0.018364
0 0.107595 0.146836 0.003906 0.018673
0 0.108290 0.146836 0.003906 0.018673
0 0.109071 0.146605 0.003906 0.018210
0 0.109635 0.146373 0.003646 0.018673
0 0.110373 0.146142 0.003733 0.018210
0 0.111111 0.146142 0.003646 0.018210
0 0.111936 0.146142 0.003385 0.018210
0 0.112717 0.145679 0.003385 0.018210
0 0.113542 0.145216 0.003646 0.018210
0 0.114280 0.144985 0.003733 0.017747
0 0.115278 0.144599 0.003646 0.017901
0 0.116102 0.144599 0.003906 0.017901
0 0.116884 0.144213 0.003906 0.017747
0 0.117839 0.143750 0.003906 0.017747
0 0.118533 0.143519 0.003906 0.017284
0 0.119401 0.143056 0.004080 0.017284
0 0.120399 0.143056 0.004167 0.017284
0 0.121875 0.142670 0.004167 0.017438
0 0.123437 0.142670 0.004340 0.017438
0 0.125000 0.142438 0.004687 0.016975
0 0.126606 0.142207 0.004948 0.017438
0 0.128168 0.142207 0.005122 0.017438
0 0.129644 0.141975 0.005122 0.016975
0 0.131250 0.141821 0.005382 0.017284
0 0.132812 0.141590 0.005556 0.016821
0 0.134418 0.141590 0.005816 0.016821
0 0.136024 0.141590 0.006076 0.016821
0 0.137109 0.141127 0.005816 0.016821
0 0.138325 0.141127 0.005816 0.016821
0 0.139540 0.140741 0.005816 0.016975
0 0.140755 0.140741 0.005295 0.016975
0 0.141970 0.140509 0.005295 0.016512
0 0.143229 0.140278 0.005382 0.016975
0 0.144444 0.140046 0.004861 0.016512
0 0.145660 0.139815 0.004861 0.016975
0 0.146875 0.139583 0.004861 0.016512
0 0.148220 0.139583 0.004601 0.016512
0 0.149045 0.139120 0.004861 0.016512
0 0.150000 0.138966 0.004861 0.016821
0 0.150998 0.138966 0.004948 0.016821
0 0.151997 0.138735 0.004861 0.017284
0 0.152951 0.138735 0.004861 0.017284
0 0.153776 0.138272 0.005122 0.017284
0 0.154818 0.138272 0.005122 0.017284
0 0.155773 0.138040 0.005122 0.017747
0 0.156727 0.138040 0.005122 0.017747
0 0.157682 0.137809 0.005122 0.018210
