0 0.208377 0.091281 0.003906 0.014352
0 0.208377 0.091049 0.003906 0.014815
0 0.208377 0.091049 0.003906 0.014815
0 0.208507 0.090818 0.003646 0.015278
0 0.208637 0.090818 0.003906 0.015278
0 0.208724 0.090972 0.003733 0.015586
0 0.208724 0.090741 0.003733 0.016049
0 0.208811 0.090741 0.003906 0.016049
0 0.208941 0.090586 0.003646 0.016358
0 0.208941 0.090586 0.003646 0.016358
0 0.209201 0.090818 0.003646 0.016821
0 0.209201 0.090818 0.003646 0.016821
0 0.209201 0.090818 0.003646 0.016821
0 0.209201 0.090818 0.003646 0.016821
0 0.209201 0.090818 0.003646 0.016821
0 0.209201 0.090818 0.003646 0.016821
0 0.209201 0.090818 0.003646 0.016821
0 0.209201 0.090818 0.003646 0.016821
0 0.209201 0.090818 0.003646 0.016821
0 0.209201 0.090818 0.003646 0.016821
0 0.209462 0.090818 0.003646 0.016821
0 0.209462 0.090355 0.003646 0.016821
0 0.209462 0.090355 0.003646 0.016821
0 0.209462 0.090355 0.003646 0.016821
0 0.209462 0.090355 0.003646 0.016821
0 0.209462 0.090355 0.003646 0.016821
0 0.209462 0.090201 0.003646 0.016512
0 0.209462 0.090201 0.003646 0.016512
0 0.209462 0.090201 0.003646 0.016512
0 0.209462 0.090201 0.003646 0.016512
0 0.209462 0.090201 0.003646 0.016512
0 0.209462 0.089969 0.003646 0.016049
0 0.209462 0.089969 0.003646 0.016049
0 0.209462 0.089969 0.003646 0.016049
0 0.209462 0.089969 0.003646 0.016049
0 0.209462 0.089969 0.003646 0.016049
0 0.209462 0.089969 0.003646 0.016049
0 0.209462 0.089969 0.003646 0.016049
0 0.209462 0.089969 0.003646 0.016049
0 0.209462 0.089969 0.003646 0.016049
0 0.209462 0.089969 0.003646 0.016049
0 0.209462 0.089738 0.003646 0.016512
0 0.209462 0.089738 0.003646 0.016512
0 0.209462 0.089738 0.003646 0.016512
0 0.209462 0.089738 0.003646 0.016512
0 0.209462 0.089738 0.003646 0.016512
0 0.209462 0.089738 0.003646 0.016512
0 0.209462 0.089738 0.003646 0.016512
0 0.209462 0.089738 0.003646 0.016512
0 0.209462 0.089738 0.003646 0.016512
0 0.209462 0.089969 0.003646 0.016975
0 0.209462 0.089969 0.003646 0.016975
0 0.209462 0.089969 0.003646 0.016975
0 0.209462 0.089969 0.003646 0.016975
0 0.209462 0.089969 0.003646 0.016975
0 0.209462 0.089969 0.003646 0.016975
0 0.209462 0.089969 0.003646 0.016975
0 0.209462 0.089969 0.003646 0.016975
0 0.209462 0.089969 0.003646 0.016975
0 0.209462 0.089969 0.003646 0.016975
0 0.209462 0.089969 0.003646 0.016975
0 0.209462 0.089969 0.003646 0.016975
0 0.209462 0.089969 0.003646 0.016975
0 0.209462 0.089969 0.003646 0.016975
0 0.209462 0.089969 0.003646 0.016975
0 0.209462 0.089969 0.003646 0.016975
0 0.209462 0.089969 0.003646 0.016975
0 0.209462 0.089969 0.003646 0.016975
0 0.209462 0.089969 0.003646 0.016975
0 0.209462 0.089969 0.003646 0.016975
0 0.209462 0.089969 0.003646 0.016975
0 0.209462 0.089506 0.003646 0.016975
0 0.209462 0.089506 0.003646 0.016975
0 0.209462 0.089506 0.003646 0.016975
0 0.209462 0.089506 0.003646 0.016975
0 0.209462 0.089506 0.003646 0.016975
0 0.209462 0.089506 0.003646 0.016975
0 0.209462 0.089506 0.003646 0.016975
0 0.209462 0.089506 0.003646 0.016975
0 0.209462 0.089506 0.003646 0.016975
0 0.209722 0.089506 0.003646 0.016975
0 0.209592 0.089506 0.003385 0.016975
0 0.209592 0.089506 0.003385 0.016975
0 0.209592 0.089506 0.003385 0.016975
0 0.209592 0.089506 0.003385 0.016975
0 0.209592 0.089506 0.003385 0.016975
0 0.209592 0.089506 0.003385 0.016975
0 0.209592 0.089506 0.003385 0.016975
0 0.209592 0.089506 0.003385 0.016975
0 0.209592 0.089506 0.003385 0.016975
0 0.209592 0.089506 0.003385 0.016975
0 0.209592 0.089506 0.003385 0.016975
0 0.209592 0.089506 0.003385 0.016975
0 0.209592 0.089506 0.003385 0.016975
0 0.209592 0.089506 0.003385 0.016975
0 0.209592 0.089506 0.003385 0.016975
0 0.209592 0.089506 0.003385 0.016975
0 0.209592 0.089506 0.003385 0.016975
0 0.209592 0.089506 0.003385 0.016975
0 0.209592 0.089506 0.003385 0.016975
0 0.209592 0.089506 0.003385 0.016975
0 0.209592 0.089506 0.003385 0.016975
0 0.209592 0.089506 0.003385 0.016975
0 0.209592 0.089506 0.003385 0.016975
0 0.209592 0.089506 0.003385 0.016975
0 0.209592 0.089506 0.003385 0.016975
0 0.209592 0.089506 0.003385 0.016975
0 0.209592 0.089506 0.003385 0.016975
0 0.209592 0.089506 0.003385 0.016975
0 0.209592 0.089506 0.003385 0.016975
0 0.209722 0.089506 0.003646 0.016975
0 0.209462 0.089506 0.003646 0.016975
0 0.209462 0.089506 0.003646 0.016975
0 0.209201 0.089506 0.003646 0.016975
0 0.209201 0.089506 0.003646 0.016975
0 0.209201 0.089506 0.003646 0.016975
0 0.208941 0.089506 0.003646 0.016975
0 0.208941 0.089506 0.003646 0.016975
0 0.208724 0.089506 0.003733 0.016975
0 0.208724 0.089506 0.003733 0.016975
0 0.208724 0.089969 0.003733 0.016975
0 0.208724 0.089969 0.003733 0.016975
0 0.208724 0.089969 0.003733 0.016975
0 0.208724 0.089969 0.003733 0.016975
0 0.208724 0.089969 0.003733 0.016975
0 0.208724 0.089969 0.003733 0.016975
0 0.208724 0.089969 0.003733 0.016975
0 0.208724 0.089969 0.003733 0.016975
0 0.208724 0.089969 0.003733 0.016975
0 0.208724 0.089969 0.003733 0.016975
0 0.208724 0.089969 0.003733 0.016975
0 0.208724 0.089506 0.003733 0.016975
0 0.208724 0.089506 0.003733 0.016975
0 0.208724 0.089506 0.003733 0.016975
0 0.208724 0.089506 0.003733 0.016975
0 0.208724 0.089506 0.003733 0.016975
0 0.208724 0.089043 0.003733 0.016975
0 0.208724 0.089043 0.003733 0.016975
0 0.208724 0.089043 0.003733 0.016975
0 0.208724 0.089043 0.003733 0.016975
0 0.208941 0.089043 0.003646 0.016975
0 0.208854 0.089043 0.003472 0.016975
0 0.208854 0.089043 0.003472 0.016975
0 0.208854 0.089043 0.003472 0.016975
0 0.208854 0.089275 0.003472 0.016512
0 0.208854 0.089275 0.003472 0.016512
0 0.208854 0.089275 0.003472 0.016512
0 0.208854 0.089506 0.003472 0.016049
0 0.208854 0.089506 0.003472 0.016049
0 0.208854 0.089506 0.003472 0.016049
0 0.208854 0.089738 0.003472 0.015586
0 0.208724 0.089738 0.003733 0.015586
0 0.208724 0.089738 0.003733 0.015586
0 0.208724 0.089738 0.003733 0.015586
0 0.208724 0.089969 0.003733 0.016049
0 0.208724 0.089969 0.003733 0.016049
0 0.208724 0.089969 0.003733 0.016049
0 0.208724 0.090201 0.003733 0.016512
0 0.208724 0.090201 0.003733 0.016512
0 0.208724 0.090201 0.003733 0.016512
0 0.208724 0.090586 0.003733 0.016358
0 0.208507 0.090586 0.003646 0.016358
0 0.208507 0.090586 0.003646 0.016358
0 0.208507 0.090586 0.003646 0.016358
0 0.208507 0.090586 0.003646 0.016358
0 0.208507 0.090586 0.003646 0.016358
0 0.208507 0.090586 0.003646 0.016358
0 0.208507 0.090586 0.003646 0.016358
0 0.208507 0.090586 0.003646 0.016358
0 0.208507 0.090586 0.003646 0.016358
0 0.208507 0.090972 0.003646 0.016512
0 0.208377 0.090741 0.003906 0.016049
0 0.208377 0.090741 0.003906 0.016049
0 0.208377 0.090741 0.003906 0.016049
0 0.208377 0.090741 0.003906 0.016049
0 0.208377 0.090972 0.003906 0.015586
0 0.208247 0.090818 0.004167 0.015278
0 0.208247 0.090818 0.004167 0.015278
0 0.208247 0.090818 0.004167 0.015278
0 0.208247 0.090818 0.004167 0.015278
0 0.208247 0.091049 0.004167 0.014815
