0 0.244227 0.025694 0.002865 0.014352
0 0.244227 0.025694 0.002865 0.014352
0 0.244227 0.025694 0.002865 0.014352
0 0.244227 0.025694 0.002865 0.014352
0 0.244227 0.025694 0.002865 0.014352
0 0.244227 0.025694 0.002865 0.014352
0 0.244227 0.025694 0.002865 0.014352
0 0.244227 0.025694 0.002865 0.014352
0 0.244227 0.025694 0.002865 0.014352
0 0.244227 0.025694 0.002865 0.014352
0 0.244227 0.025694 0.002865 0.014352
0 0.244227 0.025694 0.002865 0.014352
0 0.244227 0.025694 0.002865 0.014352
0 0.244227 0.025694 0.002865 0.014352
0 0.244227 0.025694 0.002865 0.014352
0 0.244227 0.025694 0.002865 0.014352
0 0.244227 0.025694 0.002865 0.014352
0 0.244227 0.025694 0.002865 0.014352
0 0.244227 0.025694 0.002865 0.014352
0 0.244227 0.025694 0.002865 0.014352
0 0.244227 0.025694 0.002865 0.014352
0 0.244227 0.025694 0.002865 0.014352
0 0.244227 0.025694 0.002865 0.014352
0 0.244227 0.025694 0.002865 0.014352
0 0.244227 0.025694 0.002865 0.014352
0 0.244227 0.025694 0.002865 0.014352
0 0.244227 0.025694 0.002865 0.014352
0 0.244227 0.025694 0.002865 0.014352
0 0.244227 0.025694 0.002865 0.014352
0 0.244227 0.025694 0.002865 0.014352
0 0.244227 0.025694 0.002865 0.014352
0 0.244227 0.025694 0.002865 0.014352
0 0.244227 0.025694 0.002865 0.014352
0 0.244227 0.025694 0.002865 0.014352
0 0.244227 0.025694 0.002865 0.014352
0 0.244227 0.025694 0.002865 0.014352
0 0.244227 0.025694 0.002865 0.014352
0 0.244227 0.025694 0.002865 0.014352
0 0.244227 0.025694 0.002865 0.014352
0 0.244227 0.025694 0.002865 0.014352
0 0.244227 0.025694 0.002865 0.014352
0 0.244227 0.025694 0.002865 0.014352
0 0.244227 0.025694 0.002865 0.014352
0 0.244227 0.025694 0.002865 0.014352
0 0.244227 0.025694 0.002865 0.014352
0 0.244227 0.025694 0.002865 0.014352
0 0.244227 0.025694 0.002865 0.014352
0 0.244227 0.025694 0.002865 0.014352
0 0.244227 0.025694 0.002865 0.014352
0 0.244227 0.025694 0.002865 0.014352
0 0.244227 0.025694 0.002865 0.014352
0 0.244227 0.025694 0.002865 0.014352
0 0.244444 0.025694 0.002951 0.014352
0 0.244705 0.025694 0.002951 0.014352
0 0.244705 0.025694 0.002951 0.014352
0 0.244965 0.025694 0.002951 0.014352
0 0.245226 0.025694 0.002951 0.014352
0 0.245226 0.025694 0.002951 0.014352
0 0.245443 0.025694 0.002865 0.014352
0 0.245660 0.025694 0.002951 0.014352
0 0.245920 0.026157 0.002951 0.014352
0 0.246181 0.026157 0.002951 0.014352
0 0.246441 0.026157 0.002951 0.014352
0 0.246658 0.026157 0.002865 0.014352
0 0.246875 0.026157 0.002951 0.014352
0 0.247396 0.026620 0.002951 0.014352
0 0.247656 0.026620 0.002951 0.014352
0 0.247873 0.026620 0.002865 0.014352
0 0.248134 0.026620 0.002865 0.014352
0 0.248351 0.026620 0.002951 0.014352
0 0.248872 0.027083 0.002951 0.014352
0 0.248872 0.026620 0.002951 0.014352
0 0.249132 0.026620 0.002951 0.014352
0 0.249132 0.026620 0.002951 0.014352
0 0.249349 0.026620 0.002865 0.014352
0 0.249349 0.026620 0.002865 0.014352
0 0.249566 0.026620 0.002951 0.014352
0 0.249566 0.026620 0.002951 0.014352
0 0.249826 0.026620 0.002951 0.014352
0 0.249826 0.026620 0.002951 0.014352
0 0.250087 0.026620 0.002951 0.014352
0 0.250087 0.026620 0.002951 0.014352
0 0.250087 0.026620 0.002951 0.014352
0 0.250087 0.026620 0.002951 0.014352
0 0.250087 0.026620 0.002951 0.014352
0 0.250087 0.026620 0.002951 0.014352
0 0.250087 0.026620 0.002951 0.014352
0 0.250087 0.026620 0.002951 0.014352
0 0.250087 0.026620 0.002951 0.014352
0 0.250087 0.026620 0.002951 0.014352
0 0.250087 0.026620 0.002951 0.014352
0 0.249826 0.026620 0.002951 0.014352
0 0.249826 0.026620 0.002951 0.014352
0 0.249826 0.026620 0.002951 0.014352
0 0.249566 0.026620 0.002951 0.014352
0 0.249566 0.026620 0.002951 0.014352
0 0.249566 0.026620 0.002951 0.014352
0 0.249349 0.026620 0.002865 0.014352
0 0.249349 0.026620 0.002865 0.014352
0 0.249349 0.026620 0.002865 0.014352
0 0.249349 0.026620 0.002865 0.014352
0 0.249132 0.026620 0.002951 0.014352
0 0.248872 0.026620 0.002951 0.014352
0 0.248872 0.026620 0.002951 0.014352
0 0.248611 0.026620 0.002951 0.014352
0 0.248611 0.026620 0.002951 0.014352
0 0.248351 0.026620 0.002951 0.014352
0 0.248134 0.026620 0.002865 0.014352
0 0.248134 0.026620 0.002865 0.014352
0 0.247873 0.026620 0.002865 0.014352
0 0.247873 0.027083 0.002865 0.014352
0 0.247656 0.026620 0.002951 0.014352
0 0.247656 0.026620 0.002951 0.014352
0 0.247396 0.026620 0.002951 0.014352
0 0.247396 0.026620 0.002951 0.014352
0 0.247396 0.026620 0.002951 0.014352
0 0.247135 0.026157 0.002951 0.014352
0 0.247135 0.026157 0.002951 0.014352
0 0.246875 0.026157 0.002951 0.014352
0 0.246875 0.026157 0.002951 0.014352
0 0.246875 0.026157 0.002951 0.014352
0 0.246658 0.026157 0.002865 0.014352
0 0.246658 0.026157 0.002865 0.014352
0 0.246441 0.026157 0.002951 0.014352
0 0.246441 0.026157 0.002951 0.014352
0 0.246441 0.026157 0.002951 0.014352
0 0.246181 0.026157 0.002951 0.014352
0 0.246181 0.026157 0.002951 0.014352
0 0.245920 0.026157 0.002951 0.014352
0 0.245920 0.026157 0.002951 0.014352
0 0.245920 0.026620 0.002951 0.014352
0 0.245920 0.026620 0.002951 0.014352
0 0.246181 0.026620 0.002951 0.014352
0 0.246181 0.026620 0.002951 0.014352
0 0.246441 0.026620 0.002951 0.014352
0 0.246658 0.026620 0.002865 0.014352
0 0.246658 0.026620 0.002865 0.014352
0 0.246875 0.026620 0.002951 0.014352
0 0.246875 0.026620 0.002951 0.014352
0 0.247135 0.026620 0.002951 0.014352
0 0.247396 0.027083 0.002951 0.014352
0 0.247656 0.027083 0.002951 0.014352
0 0.248134 0.027083 0.002865 0.014352
0 0.248351 0.027083 0.002951 0.014352
0 0.248872 0.027469 0.002951 0.014198
0 0.249349 0.027469 0.002865 0.014198
0 0.249566 0.027469 0.002951 0.014198
0 0.250087 0.027855 0.002951 0.014352
0 0.250347 0.027855 0.002951 0.014352
0 0.250781 0.027855 0.002951 0.014352
0 0.251302 0.028318 0.002951 0.014352
0 0.251780 0.028318 0.002865 0.014352
0 0.252257 0.028318 0.002951 0.014352
0 0.252778 0.028781 0.002951 0.014352
0 0.253472 0.028781 0.002951 0.014352
0 0.253993 0.029244 0.002951 0.014352
0 0.254470 0.029244 0.002865 0.014352
0 0.255208 0.029244 0.002951 0.014352
0 0.255686 0.029630 0.002865 0.014198
0 0.256163 0.029630 0.002951 0.014198
0 0.256901 0.030015 0.002865 0.014352
0 0.257161 0.030015 0.002865 0.014352
0 0.257639 0.030015 0.002951 0.014352
0 0.258160 0.030015 0.002951 0.014352
0 0.258594 0.030478 0.002951 0.014352
0 0.259115 0.030478 0.002951 0.014352
0 0.259592 0.030478 0.002865 0.014352
0 0.260069 0.030941 0.002951 0.014352
0 0.260590 0.030941 0.002951 0.014352
0 0.261068 0.030941 0.002865 0.014352
0 0.261545 0.031404 0.002951 0.014352
0 0.261806 0.031404 0.002951 0.014352
0 0.262283 0.031404 0.002865 0.014352
0 0.262500 0.031404 0.002951 0.014352
0 0.263021 0.031404 0.002951 0.014352
0 0.263281 0.031404 0.002951 0.014352
0 0.263715 0.031404 0.002951 0.014352
0 0.263976 0.031404 0.002951 0.014352
0 0.264497 0.031404 0.002951 0.014352
0 0.264714 0.031404 0.002865 0.014352
0 0.265191 0.031404 0.002951 0.014352
