0 0.181988 0.206019 0.003906 0.017284
0 0.181988 0.206019 0.003906 0.017284
0 0.182118 0.206173 0.004167 0.016975
0 0.182248 0.206636 0.003906 0.016975
0 0.182378 0.206636 0.004167 0.016975
0 0.182509 0.207099 0.003906 0.016975
0 0.182639 0.207330 0.004167 0.016512
0 0.182639 0.207330 0.004167 0.016512
0 0.182856 0.207716 0.004080 0.016358
0 0.182856 0.207870 0.004080 0.016049
0 0.183073 0.208333 0.004167 0.016049
0 0.183073 0.208796 0.004167 0.016049
0 0.183073 0.209259 0.004167 0.016049
0 0.183333 0.210031 0.004167 0.016049
0 0.183333 0.210494 0.004167 0.016049
0 0.183594 0.211420 0.004167 0.016049
0 0.183594 0.211883 0.004167 0.016049
0 0.183594 0.212346 0.004167 0.016049
0 0.183854 0.213117 0.004167 0.016049
0 0.183854 0.213580 0.004167 0.016049
0 0.184071 0.214506 0.004080 0.016049
0 0.183854 0.214506 0.004167 0.016049
0 0.183854 0.214506 0.004167 0.016049
0 0.183594 0.214815 0.004167 0.016049
0 0.183594 0.214815 0.004167 0.016049
0 0.183464 0.215278 0.004427 0.016049
0 0.183333 0.215278 0.004167 0.016049
0 0.183203 0.215278 0.004427 0.016049
0 0.183073 0.215741 0.004167 0.016049
0 0.182986 0.215741 0.004340 0.016049
0 0.182986 0.216204 0.004340 0.016049
0 0.182726 0.216204 0.004340 0.016049
0 0.182726 0.216667 0.004340 0.016049
0 0.182726 0.216975 0.004340 0.016049
0 0.182509 0.217438 0.004427 0.016049
0 0.182509 0.217901 0.004427 0.016049
0 0.182509 0.218364 0.004427 0.016049
0 0.182248 0.218827 0.004427 0.016049
0 0.182248 0.219290 0.004427 0.016049
0 0.182248 0.219599 0.004427 0.016049
0 0.182248 0.220062 0.004427 0.016049
0 0.181988 0.220525 0.004427 0.016049
0 0.181988 0.220988 0.004427 0.016049
0 0.181988 0.221451 0.004427 0.016049
0 0.181727 0.221759 0.004427 0.016049
0 0.181727 0.222222 0.004427 0.016049
0 0.181727 0.222685 0.004427 0.016049
0 0.181510 0.223148 0.004340 0.016049
0 0.181510 0.223611 0.004340 0.016049
0 0.181510 0.223920 0.004340 0.016049
0 0.181510 0.224846 0.004340 0.016049
0 0.181510 0.225309 0.004340 0.016049
0 0.181510 0.225772 0.004340 0.016049
0 0.181510 0.226157 0.004340 0.016204
0 0.181510 0.226543 0.004340 0.016049
0 0.181510 0.227469 0.004340 0.016049
0 0.181510 0.227932 0.004340 0.016049
0 0.181510 0.228395 0.004340 0.016049
0 0.181510 0.228704 0.004340 0.016049
0 0.181510 0.229167 0.004340 0.016049
0 0.181510 0.230093 0.004340 0.016049
0 0.181033 0.230556 0.004427 0.016049
0 0.180773 0.231327 0.004427 0.016049
0 0.180512 0.231790 0.004427 0.016049
0 0.180295 0.232716 0.004340 0.016049
0 0.180035 0.233025 0.004340 0.016049
0 0.179818 0.233951 0.004427 0.016049
0 0.179557 0.234414 0.004427 0.016049
0 0.179297 0.235340 0.004427 0.016049
0 0.179080 0.235648 0.004340 0.016049
0 0.178819 0.236574 0.004340 0.016049
0 0.178819 0.237037 0.004340 0.016049
0 0.178819 0.237500 0.004340 0.016049
0 0.178819 0.237809 0.004340 0.016049
0 0.178819 0.238735 0.004340 0.016049
0 0.178819 0.239198 0.004340 0.016049
0 0.178819 0.239660 0.004340 0.016049
0 0.178819 0.240432 0.004340 0.016049
0 0.178819 0.240895 0.004340 0.016049
0 0.178819 0.241358 0.004340 0.016049
0 0.178819 0.242284 0.004340 0.016049
0 0.179080 0.242593 0.004340 0.016049
0 0.179557 0.243056 0.004427 0.016049
0 0.179818 0.243519 0.004427 0.016049
0 0.180295 0.243981 0.004340 0.016049
0 0.180773 0.244444 0.004427 0.016049
0 0.181033 0.244753 0.004427 0.016049
0 0.181510 0.245216 0.004340 0.016049
0 0.181727 0.245679 0.004427 0.016049
0 0.182248 0.246142 0.004427 0.016049
0 0.182726 0.246914 0.004340 0.016049
0 0.182726 0.246914 0.004340 0.016049
0 0.182726 0.247377 0.004340 0.016049
0 0.182726 0.247840 0.004340 0.016049
0 0.182726 0.248302 0.004340 0.016049
0 0.182986 0.248765 0.004340 0.016049
0 0.182986 0.248765 0.004340 0.016049
0 0.182986 0.249074 0.004340 0.016049
0 0.182986 0.249537 0.004340 0.016049
0 0.182986 0.250000 0.004340 0.016049
0 0.183203 0.250463 0.004427 0.016049
0 0.183203 0.250463 0.004427 0.016049
0 0.183203 0.250463 0.004427 0.016049
0 0.183464 0.250463 0.004427 0.016049
0 0.183464 0.250463 0.004427 0.016049
0 0.183724 0.250463 0.004427 0.016049
0 0.183724 0.250463 0.004427 0.016049
0 0.183724 0.250463 0.004427 0.016049
0 0.183941 0.250463 0.004340 0.016049
0 0.183941 0.250463 0.004340 0.016049
0 0.184201 0.250926 0.004340 0.016049
0 0.183941 0.250926 0.004340 0.016049
0 0.183724 0.251389 0.004427 0.016049
0 0.183464 0.251389 0.004427 0.016049
0 0.183203 0.251698 0.004427 0.016049
0 0.182986 0.251698 0.004340 0.016049
0 0.182726 0.252160 0.004340 0.016049
0 0.182509 0.252160 0.004427 0.016049
0 0.182248 0.252623 0.004427 0.016049
0 0.181988 0.252623 0.004427 0.016049
0 0.181727 0.253086 0.004427 0.016049
0 0.181510 0.252623 0.004340 0.016049
0 0.181510 0.252623 0.004340 0.016049
0 0.181510 0.252623 0.004340 0.016049
0 0.181250 0.252160 0.004340 0.016049
0 0.181250 0.252160 0.004340 0.016049
0 0.181250 0.252160 0.004340 0.016049
0 0.181033 0.251698 0.004427 0.016049
0 0.181033 0.251698 0.004427 0.016049
0 0.181033 0.251698 0.004427 0.016049
0 0.181033 0.251698 0.004427 0.016049
0 0.181250 0.251389 0.004340 0.016049
0 0.181510 0.251389 0.004340 0.016049
0 0.181727 0.250926 0.004427 0.016049
0 0.181988 0.250926 0.004427 0.016049
0 0.182248 0.250463 0.004427 0.016049
0 0.182509 0.250463 0.004427 0.016049
0 0.182726 0.250000 0.004340 0.016049
0 0.182986 0.250000 0.004340 0.016049
0 0.183203 0.249537 0.004427 0.016049
0 0.183724 0.249537 0.004427 0.016049
0 0.184418 0.249074 0.004427 0.016049
0 0.185286 0.248765 0.004080 0.016049
0 0.186155 0.248534 0.004427 0.015586
0 0.186979 0.248071 0.004167 0.015586
0 0.187847 0.247840 0.004340 0.015123
0 0.188715 0.247377 0.004167 0.015123
0 0.189410 0.246991 0.004167 0.015278
0 0.190408 0.246759 0.004080 0.014815
0 0.191146 0.246296 0.004167 0.014815
0 0.192101 0.246296 0.004167 0.014815
0 0.192752 0.246065 0.004427 0.014352
0 0.193446 0.246065 0.004427 0.014352
0 0.194184 0.246065 0.004340 0.014352
0 0.195052 0.246065 0.004687 0.014352
0 0.195790 0.246065 0.004601 0.014352
0 0.196528 0.246065 0.004687 0.014352
0 0.197396 0.246065 0.004861 0.014352
0 0.198090 0.246065 0.004861 0.014352
0 0.198828 0.246065 0.004948 0.014352
0 0.199696 0.246065 0.005122 0.014352
0 0.199957 0.245293 0.005122 0.014352
0 0.200304 0.244367 0.004948 0.014352
0 0.200651 0.243673 0.005122 0.013889
0 0.201042 0.242901 0.004861 0.013889
0 0.201519 0.242438 0.004948 0.013889
0 0.201736 0.241512 0.004861 0.013889
0 0.202127 0.240741 0.004601 0.013889
0 0.202517 0.240046 0.004861 0.013426
0 0.202865 0.239120 0.004687 0.013426
0 0.203342 0.238735 0.004601 0.013580
0 0.203082 0.237886 0.004601 0.013426
0 0.202865 0.237191 0.004687 0.013889
0 0.202604 0.236574 0.004687 0.014198
0 0.202387 0.235957 0.004601 0.014815
0 0.202387 0.235494 0.004601 0.014815
0 0.202127 0.234645 0.004601 0.014660
0 0.201866 0.233951 0.004601 0.015123
0 0.201649 0.233256 0.004687 0.015586
0 0.201389 0.232716 0.004687 0.016049
0 0.201389 0.232253 0.004687 0.016049
