0 0.178082 0.009028 0.003385 0.014660
0 0.178082 0.009028 0.003385 0.014660
0 0.178082 0.009028 0.003385 0.014660
0 0.178082 0.009028 0.003385 0.014660
0 0.178082 0.009028 0.003385 0.014660
0 0.178082 0.009028 0.003385 0.014660
0 0.178082 0.009028 0.003385 0.014660
0 0.178082 0.009028 0.003385 0.014660
0 0.178082 0.009028 0.003385 0.014660
0 0.178082 0.009028 0.003385 0.014660
0 0.178082 0.009028 0.003385 0.014660
0 0.178082 0.009028 0.003385 0.014660
0 0.178082 0.009028 0.003385 0.014660
0 0.178082 0.009028 0.003385 0.014660
0 0.178082 0.009028 0.003385 0.014660
0 0.178082 0.009028 0.003385 0.014660
0 0.178082 0.009028 0.003385 0.014660
0 0.178082 0.009028 0.003385 0.014660
0 0.178082 0.009028 0.003385 0.014660
0 0.178082 0.009028 0.003385 0.014660
0 0.178082 0.009028 0.003385 0.014660
0 0.178342 0.008642 0.003385 0.014815
0 0.178819 0.008642 0.003472 0.014815
0 0.179297 0.008179 0.003385 0.014815
0 0.179818 0.008179 0.003385 0.014815
0 0.180295 0.008179 0.003472 0.014815
0 0.180512 0.007716 0.003385 0.014815
0 0.181033 0.007716 0.003385 0.014815
0 0.181510 0.007330 0.003472 0.014660
0 0.181988 0.007330 0.003385 0.014660
0 0.182509 0.007330 0.003385 0.014660
0 0.182509 0.012963 0.003385 0.014815
0 0.182509 0.018981 0.003385 0.014815
0 0.182509 0.025077 0.003385 0.014660
0 0.182509 0.031173 0.003385 0.014815
0 0.182509 0.037191 0.003385 0.014815
0 0.182509 0.043287 0.003385 0.014660
0 0.182509 0.049383 0.003385 0.014815
0 0.182509 0.055478 0.003385 0.014660
0 0.182509 0.061497 0.003385 0.014660
0 0.182726 0.067593 0.003472 0.014815
0 0.182726 0.067130 0.003472 0.014815
0 0.182986 0.067130 0.003472 0.014815
0 0.183203 0.067130 0.003385 0.014815
0 0.183464 0.066744 0.003385 0.014660
0 0.183724 0.066744 0.003385 0.014660
0 0.183724 0.066744 0.003385 0.014660
0 0.183941 0.066281 0.003472 0.014660
0 0.184201 0.066281 0.003472 0.014660
0 0.184418 0.066281 0.003385 0.014660
0 0.184679 0.066281 0.003385 0.014660
0 0.184679 0.067593 0.003385 0.014815
0 0.184939 0.069290 0.003385 0.014815
0 0.184939 0.070679 0.003385 0.014815
0 0.185156 0.072377 0.003472 0.014815
0 0.185156 0.073688 0.003472 0.014660
0 0.185417 0.075386 0.003472 0.014660
0 0.185417 0.076698 0.003472 0.014815
0 0.185634 0.078472 0.003385 0.014660
0 0.185634 0.079784 0.003385 0.014815
0 0.185894 0.081481 0.003385 0.014815
0 0.185894 0.081019 0.003385 0.014815
0 0.185894 0.081019 0.003385 0.014815
0 0.185894 0.081019 0.003385 0.014815
0 0.185894 0.081019 0.003385 0.014815
0 0.185894 0.081019 0.003385 0.014815
0 0.185894 0.080787 0.003385 0.014352
0 0.185894 0.080787 0.003385 0.014352
0 0.185894 0.080787 0.003385 0.014352
0 0.185894 0.080787 0.003385 0.014352
0 0.186155 0.080787 0.003385 0.014352
0 0.186155 0.080401 0.003385 0.014198
0 0.186415 0.080015 0.003385 0.014352
0 0.186415 0.079784 0.003385 0.014815
0 0.186632 0.079552 0.003472 0.014352
0 0.186892 0.079321 0.003472 0.014815
0 0.186892 0.078858 0.003472 0.014815
0 0.187109 0.078627 0.003385 0.014352
0 0.187109 0.078472 0.003385 0.014660
0 0.187370 0.078009 0.003385 0.014660
0 0.187630 0.078009 0.003385 0.014660
0 0.187630 0.078009 0.003385 0.014660
0 0.187847 0.078009 0.003472 0.014660
0 0.187847 0.078009 0.003472 0.014660
0 0.188108 0.078472 0.003472 0.014660
0 0.188325 0.078472 0.003385 0.014660
0 0.188325 0.078472 0.003385 0.014660
0 0.188585 0.078858 0.003385 0.014815
0 0.188585 0.078858 0.003385 0.014815
0 0.188845 0.078858 0.003385 0.014815
0 0.189062 0.079321 0.003472 0.014815
0 0.189062 0.079321 0.003472 0.014815
0 0.189062 0.079321 0.003472 0.014815
0 0.189323 0.079321 0.003472 0.014815
0 0.189323 0.079321 0.003472 0.014815
0 0.189540 0.079321 0.003385 0.014815
0 0.189540 0.079321 0.003385 0.014815
0 0.189540 0.079321 0.003385 0.014815
0 0.189800 0.079321 0.003385 0.014815
0 0.189800 0.079321 0.003385 0.014815
0 0.190061 0.079784 0.003385 0.014815
0 0.190061 0.079784 0.003385 0.014815
0 0.190061 0.079784 0.003385 0.014815
0 0.190061 0.079784 0.003385 0.014815
0 0.190321 0.079784 0.003385 0.014815
0 0.190321 0.079784 0.003385 0.014815
0 0.190321 0.079784 0.003385 0.014815
0 0.190538 0.079784 0.003472 0.014815
0 0.190538 0.079784 0.003472 0.014815
0 0.190538 0.079784 0.003472 0.014815
0 0.190755 0.080170 0.003385 0.014660
0 0.190755 0.080170 0.003385 0.014660
0 0.190755 0.080170 0.003385 0.014660
0 0.190755 0.080170 0.003385 0.014660
0 0.191016 0.080170 0.003385 0.014660
0 0.191016 0.080633 0.003385 0.014660
0 0.191016 0.080633 0.003385 0.014660
0 0.191276 0.080633 0.003385 0.014660
0 0.191276 0.080633 0.003385 0.014660
0 0.191276 0.080633 0.003385 0.014660
0 0.191536 0.081019 0.003385 0.014815
0 0.191536 0.081019 0.003385 0.014815
0 0.191536 0.081019 0.003385 0.014815
0 0.191536 0.081019 0.003385 0.014815
0 0.191536 0.081019 0.003385 0.014815
0 0.191753 0.081019 0.003472 0.014815
0 0.191753 0.081019 0.003472 0.014815
0 0.191753 0.081019 0.003472 0.014815
0 0.191753 0.081019 0.003472 0.014815
0 0.191753 0.081019 0.003472 0.014815
0 0.192014 0.081019 0.003472 0.014815
0 0.192014 0.081019 0.003472 0.014815
0 0.192014 0.081019 0.003472 0.014815
0 0.192014 0.081019 0.003472 0.014815
0 0.192014 0.081019 0.003472 0.014815
0 0.192014 0.081019 0.003472 0.014815
0 0.192014 0.081019 0.003472 0.014815
0 0.192014 0.081019 0.003472 0.014815
0 0.192014 0.081019 0.003472 0.014815
0 0.192014 0.081019 0.003472 0.014815
0 0.192014 0.081019 0.003472 0.014815
0 0.192014 0.081019 0.003472 0.014815
0 0.192014 0.081019 0.003472 0.014815
0 0.192014 0.081019 0.003472 0.014815
0 0.192014 0.081019 0.003472 0.014815
0 0.192014 0.081019 0.003472 0.014815
0 0.192014 0.081019 0.003472 0.014815
0 0.192014 0.081019 0.003472 0.014815
0 0.192014 0.081019 0.003472 0.014815
0 0.192014 0.081019 0.003472 0.014815
0 0.192014 0.081019 0.003472 0.014815
0 0.192014 0.078472 0.003472 0.014660
0 0.192014 0.075849 0.003472 0.014660
0 0.192014 0.073225 0.003472 0.014660
0 0.192014 0.070679 0.003472 0.014815
0 0.192014 0.068056 0.003472 0.014815
0 0.192014 0.065432 0.003472 0.014815
0 0.192014 0.062809 0.003472 0.014815
0 0.192014 0.060185 0.003472 0.014815
0 0.192014 0.057639 0.003472 0.014660
0 0.192014 0.055478 0.003472 0.014660
0 0.192014 0.055478 0.003472 0.014660
0 0.192014 0.055478 0.003472 0.014660
0 0.192014 0.055478 0.003472 0.014660
0 0.192014 0.055478 0.003472 0.014660
0 0.192014 0.055478 0.003472 0.014660
0 0.192014 0.055478 0.003472 0.014660
0 0.192014 0.055478 0.003472 0.014660
0 0.192014 0.055478 0.003472 0.014660
0 0.192014 0.055478 0.003472 0.014660
0 0.192014 0.055478 0.003472 0.014660
0 0.192014 0.055015 0.003472 0.014660
0 0.192014 0.054552 0.003472 0.014660
0 0.192014 0.054398 0.003472 0.014352
0 0.192014 0.054167 0.003472 0.014815
0 0.192101 0.053935 0.003646 0.014352
0 0.192101 0.053472 0.003646 0.014352
0 0.192101 0.053241 0.003646 0.014815
0 0.192101 0.053009 0.003646 0.014352
0 0.192101 0.052623 0.003646 0.014198
0 0.192361 0.052623 0.003646 0.014198
