0 0.268620 0.073225 0.012760 0.016512
0 0.268620 0.073688 0.012760 0.016512
0 0.268620 0.074151 0.012760 0.016512
0 0.268620 0.074537 0.012760 0.016358
0 0.268707 0.074923 0.012934 0.016512
0 0.268837 0.075386 0.012674 0.016512
0 0.268837 0.075849 0.012674 0.016512
0 0.268967 0.076312 0.012934 0.016512
0 0.268967 0.076698 0.012934 0.016358
0 0.268967 0.077083 0.012934 0.016512
0 0.269227 0.078009 0.012934 0.016512
0 0.269488 0.078009 0.012934 0.016512
0 0.269748 0.078472 0.012934 0.016512
0 0.270009 0.078472 0.012934 0.016512
0 0.270312 0.078935 0.012674 0.016512
0 0.270703 0.079090 0.012934 0.016821
0 0.270964 0.079321 0.012934 0.016358
0 0.271311 0.079552 0.012760 0.016821
0 0.271528 0.079707 0.012674 0.016512
0 0.271788 0.079938 0.012674 0.016975
0 0.272309 0.080401 0.012674 0.016975
0 0.272309 0.080864 0.012674 0.016975
0 0.272526 0.081250 0.012760 0.016821
0 0.272613 0.081713 0.012934 0.016821
0 0.272743 0.082099 0.012674 0.016975
0 0.273003 0.082562 0.012674 0.016975
0 0.273134 0.083025 0.012934 0.016975
0 0.273264 0.083410 0.012674 0.016821
0 0.273394 0.083873 0.012934 0.016821
0 0.273655 0.084259 0.012934 0.016975
0 0.273828 0.084722 0.012934 0.016975
0 0.273828 0.085648 0.012934 0.016975
0 0.274089 0.086651 0.012934 0.016512
0 0.274349 0.087809 0.012934 0.016975
0 0.274609 0.088812 0.012934 0.016512
0 0.274870 0.089969 0.012934 0.016975
0 0.275000 0.090972 0.012674 0.016512
0 0.275217 0.091898 0.012760 0.016512
0 0.275434 0.093133 0.012674 0.016512
0 0.275694 0.094059 0.012674 0.016512
0 0.275955 0.095370 0.012674 0.016358
0 0.276215 0.096219 0.012674 0.016512
0 0.276432 0.097531 0.012760 0.016358
0 0.276649 0.098843 0.012674 0.016512
0 0.276910 0.100077 0.012674 0.016512
0 0.277170 0.101466 0.012674 0.016512
0 0.277431 0.102701 0.012674 0.016512
0 0.277648 0.104090 0.012760 0.016512
0 0.277865 0.105324 0.012674 0.016512
0 0.278125 0.106636 0.012674 0.016358
0 0.278516 0.107948 0.012934 0.016512
0 0.278516 0.109182 0.012934 0.016512
0 0.278646 0.110571 0.012674 0.016512
0 0.278776 0.111806 0.012934 0.016512
0 0.278906 0.113194 0.012674 0.016512
0 0.279036 0.114429 0.012934 0.016512
0 0.279123 0.115741 0.012760 0.016358
0 0.279123 0.117052 0.012760 0.016512
0 0.279340 0.118364 0.012674 0.016358
0 0.279340 0.119676 0.012674 0.016512
0 0.279601 0.120910 0.012674 0.016512
0 0.279340 0.122299 0.012674 0.016512
0 0.279340 0.123765 0.012674 0.016049
0 0.279340 0.125309 0.012674 0.016358
0 0.279340 0.126852 0.012674 0.016049
0 0.279340 0.128318 0.012674 0.016512
0 0.279210 0.129784 0.012934 0.016049
0 0.279210 0.131173 0.012934 0.016049
0 0.279210 0.132870 0.012934 0.016049
0 0.279210 0.134259 0.012934 0.016049
0 0.279210 0.135957 0.012934 0.016049
0 0.279210 0.137191 0.012934 0.016049
0 0.279210 0.138580 0.012934 0.016049
0 0.279470 0.139815 0.012934 0.016049
0 0.279470 0.141204 0.012934 0.016049
0 0.279731 0.142670 0.012934 0.016512
0 0.279731 0.143904 0.012934 0.016512
0 0.279731 0.145293 0.012934 0.016512
0 0.279991 0.146528 0.012934 0.016512
0 0.279991 0.147917 0.012934 0.016512
0 0.280252 0.149383 0.012934 0.016975
0 0.280252 0.150694 0.012934 0.016821
0 0.280252 0.152392 0.012934 0.016821
0 0.280252 0.153935 0.012934 0.016512
0 0.280425 0.155401 0.012934 0.016975
0 0.280425 0.157176 0.012934 0.016821
0 0.280425 0.158719 0.012934 0.016512
0 0.280686 0.160185 0.012934 0.016975
0 0.280686 0.161728 0.012934 0.016358
0 0.280686 0.163503 0.012934 0.016512
0 0.280946 0.165201 0.012934 0.016512
0 0.280946 0.166512 0.012934 0.016358
0 0.281207 0.168056 0.012934 0.016975
0 0.281207 0.169290 0.012934 0.016975
0 0.281467 0.171065 0.012934 0.016821
0 0.281467 0.172377 0.012934 0.016975
0 0.281641 0.173920 0.012934 0.017284
0 0.281641 0.175386 0.012934 0.016821
0 0.281901 0.176929 0.012934 0.017438
0 0.281901 0.178241 0.012934 0.017284
0 0.282161 0.179938 0.012934 0.017284
0 0.282422 0.181713 0.012934 0.017438
0 0.282682 0.183642 0.012934 0.016975
0 0.282899 0.185340 0.012847 0.016975
0 0.283116 0.187500 0.012934 0.016975
0 0.283377 0.189275 0.012934 0.016821
0 0.283637 0.191281 0.012934 0.016512
0 0.283898 0.193210 0.012934 0.016975
0 0.284158 0.195139 0.012934 0.016512
0 0.284332 0.196836 0.012934 0.016512
0 0.284722 0.198997 0.012674 0.016512
0 0.284722 0.200386 0.012674 0.016512
0 0.284722 0.202083 0.012674 0.016512
0 0.284852 0.203627 0.012413 0.016821
0 0.284983 0.205170 0.012674 0.016512
0 0.285113 0.206867 0.012413 0.016512
0 0.285113 0.208333 0.012413 0.016975
0 0.285243 0.209877 0.012674 0.016358
0 0.285330 0.211420 0.012500 0.016975
0 0.285330 0.213117 0.012500 0.016975
0 0.285590 0.214892 0.012500 0.016821
0 0.285590 0.216204 0.012500 0.016975
0 0.285807 0.217670 0.012413 0.016512
0 0.285807 0.219059 0.012413 0.016512
0 0.286068 0.220525 0.012413 0.016049
0 0.286068 0.221991 0.012413 0.016512
0 0.286328 0.223611 0.012413 0.016049
0 0.286328 0.224846 0.012413 0.016049
0 0.286545 0.226389 0.012500 0.015741
0 0.286545 0.227701 0.012500 0.015586
0 0.286806 0.229398 0.012500 0.015586
0 0.286806 0.230710 0.012500 0.015741
0 0.287023 0.232022 0.012413 0.015586
0 0.287283 0.233256 0.012413 0.015586
0 0.287283 0.235108 0.012413 0.015586
0 0.287543 0.236343 0.012413 0.015586
0 0.287804 0.237654 0.012413 0.015741
0 0.287804 0.239429 0.012413 0.015586
0 0.288021 0.240664 0.012500 0.015586
0 0.288281 0.242052 0.012500 0.015586
0 0.288498 0.243750 0.012413 0.015586
0 0.288498 0.244985 0.012413 0.015586
0 0.288759 0.246759 0.012413 0.015741
0 0.289019 0.248302 0.012413 0.016049
0 0.289236 0.249769 0.012500 0.015586
0 0.289497 0.251389 0.012500 0.016049
0 0.289714 0.253086 0.012413 0.016049
0 0.289974 0.254321 0.012413 0.016049
0 0.290234 0.256019 0.012413 0.016049
0 0.290451 0.257639 0.012500 0.016512
0 0.290712 0.259336 0.012500 0.016512
0 0.290712 0.260648 0.012500 0.016358
0 0.290929 0.262423 0.012413 0.016512
0 0.291189 0.263889 0.012413 0.016975
0 0.291189 0.265355 0.012413 0.016512
0 0.291450 0.267207 0.012413 0.016512
0 0.291710 0.268673 0.012413 0.016975
0 0.291710 0.270139 0.012413 0.016512
0 0.291927 0.271682 0.012500 0.016821
0 0.292187 0.273457 0.012500 0.016975
0 0.292405 0.275154 0.012413 0.016975
0 0.292405 0.276466 0.012413 0.016821
0 0.292665 0.277778 0.012413 0.016975
0 0.292925 0.279244 0.012413 0.016512
0 0.293142 0.280864 0.012500 0.016975
0 0.293403 0.282330 0.012500 0.016512
0 0.293403 0.283642 0.012500 0.016358
0 0.293620 0.285185 0.012413 0.016975
0 0.293880 0.286651 0.012413 0.016512
0 0.294141 0.288040 0.012413 0.016512
0 0.294358 0.289738 0.012500 0.016512
0 0.294358 0.290201 0.012500 0.016512
0 0.294488 0.290972 0.012240 0.016512
0 0.294488 0.291898 0.012240 0.016512
0 0.294618 0.292747 0.011979 0.016358
0 0.294748 0.293596 0.011719 0.016512
0 0.294748 0.294522 0.011719 0.016512
0 0.294878 0.295293 0.011458 0.016512
0 0.294965 0.296219 0.011285 0.016512
0 0.294965 0.297145 0.011285 0.016512
0 0.295095 0.297917 0.011024 0.016512
