0 0.234939 0.108796 0.003906 0.018210
0 0.234939 0.108796 0.003906 0.018210
0 0.234939 0.108796 0.003906 0.018210
0 0.234939 0.108796 0.003906 0.018210
0 0.234939 0.108796 0.003906 0.018210
0 0.234939 0.108796 0.003906 0.018210
0 0.234939 0.108796 0.003906 0.018210
0 0.234939 0.108796 0.003906 0.018210
0 0.234939 0.108796 0.003906 0.018210
0 0.234939 0.108796 0.003906 0.018210
0 0.234939 0.108796 0.003906 0.018210
0 0.234939 0.107948 0.003906 0.018364
0 0.234939 0.107562 0.003906 0.018210
0 0.234939 0.106636 0.003906 0.018210
0 0.235069 0.106173 0.003646 0.018210
0 0.235069 0.105556 0.003646 0.018519
0 0.235069 0.104938 0.003646 0.018210
0 0.235200 0.104244 0.003385 0.018673
0 0.235200 0.103549 0.003385 0.018210
0 0.235200 0.103009 0.003385 0.018673
0 0.235330 0.102546 0.003125 0.018673
0 0.235330 0.102546 0.003125 0.018673
0 0.235330 0.102546 0.003125 0.018673
0 0.235330 0.102546 0.003125 0.018673
0 0.235330 0.102546 0.003125 0.018673
0 0.235330 0.102546 0.003125 0.018673
0 0.235330 0.102546 0.003125 0.018673
0 0.235330 0.102546 0.003125 0.018673
0 0.235330 0.102546 0.003125 0.018673
0 0.235330 0.102546 0.003125 0.018673
0 0.235330 0.102546 0.003125 0.018673
0 0.235330 0.102546 0.003125 0.018673
0 0.235330 0.102546 0.003125 0.018673
0 0.235330 0.102546 0.003125 0.018673
0 0.235330 0.102546 0.003125 0.018673
0 0.235330 0.102546 0.003125 0.018673
0 0.235330 0.102546 0.003125 0.018673
0 0.235330 0.102546 0.003125 0.018673
0 0.235330 0.102546 0.003125 0.018673
0 0.235330 0.102546 0.003125 0.018673
0 0.235330 0.102546 0.003125 0.018673
0 0.235330 0.102315 0.003125 0.019136
0 0.235330 0.102315 0.003125 0.019136
0 0.235330 0.102315 0.003125 0.019136
0 0.235330 0.102315 0.003125 0.019136
0 0.235330 0.102315 0.003125 0.019136
0 0.235330 0.102315 0.003125 0.019136
0 0.235330 0.102315 0.003125 0.019136
0 0.235330 0.102315 0.003125 0.019136
0 0.235330 0.102315 0.003125 0.019136
0 0.235330 0.102315 0.003125 0.019136
0 0.235460 0.102546 0.003385 0.018673
0 0.235677 0.103009 0.003472 0.018673
0 0.235937 0.103395 0.003472 0.018519
0 0.236155 0.103781 0.003385 0.018673
0 0.236545 0.104244 0.003646 0.018673
0 0.236806 0.104475 0.003646 0.018210
0 0.237023 0.104938 0.003733 0.018210
0 0.237240 0.105401 0.003646 0.018210
0 0.237500 0.105710 0.003646 0.018210
0 0.237891 0.106173 0.003906 0.018210
0 0.237891 0.106173 0.003906 0.018210
0 0.238151 0.106636 0.003906 0.018210
0 0.238325 0.106636 0.003906 0.018210
0 0.238585 0.107099 0.003906 0.018210
0 0.238845 0.107562 0.003906 0.018210
0 0.238845 0.107562 0.003906 0.018210
0 0.239106 0.107948 0.003906 0.018364
0 0.239366 0.107948 0.003906 0.018364
0 0.239627 0.108333 0.003906 0.018210
0 0.239800 0.108796 0.003906 0.018210
0 0.239800 0.108796 0.003906 0.018210
0 0.239800 0.108796 0.003906 0.018210
0 0.239800 0.109028 0.003906 0.017747
0 0.240061 0.109259 0.003906 0.018210
0 0.240061 0.109491 0.003906 0.017747
0 0.240061 0.109491 0.003906 0.017747
0 0.240321 0.109722 0.003906 0.018210
0 0.240321 0.109877 0.003906 0.017901
0 0.240321 0.109877 0.003906 0.017901
0 0.240582 0.110340 0.003906 0.017901
0 0.240321 0.110108 0.003906 0.018364
0 0.240321 0.110108 0.003906 0.018981
0 0.240321 0.110108 0.003906 0.018981
0 0.240321 0.110108 0.003906 0.019907
0 0.240321 0.110108 0.003906 0.019907
0 0.240191 0.110108 0.003646 0.020833
0 0.240191 0.109877 0.003646 0.021296
0 0.240191 0.110108 0.003646 0.021759
0 0.240191 0.109877 0.003646 0.022222
0 0.240191 0.110108 0.003646 0.022685
0 0.239497 0.109877 0.003646 0.022222
0 0.238976 0.109645 0.003646 0.021759
0 0.238455 0.109414 0.003646 0.021296
0 0.238021 0.109182 0.003646 0.020833
0 0.237500 0.109028 0.003646 0.020525
0 0.236936 0.108796 0.003906 0.020062
0 0.236415 0.108565 0.003906 0.019599
0 0.235894 0.108333 0.003906 0.019136
0 0.235460 0.108102 0.003906 0.018673
0 0.234939 0.108333 0.003906 0.018210
0 0.234939 0.108179 0.003906 0.017901
0 0.234939 0.108179 0.003906 0.017901
0 0.234939 0.108179 0.003906 0.017901
0 0.234939 0.108179 0.003906 0.017901
0 0.234939 0.108179 0.003906 0.017901
0 0.234939 0.108179 0.003906 0.017901
0 0.234939 0.108179 0.003906 0.017901
0 0.234939 0.108179 0.003906 0.017901
0 0.234939 0.108179 0.003906 0.017901
0 0.234939 0.108179 0.003906 0.017901
0 0.234939 0.108179 0.003906 0.017901
0 0.234939 0.108179 0.003906 0.017901
0 0.234939 0.108179 0.003906 0.017901
0 0.234939 0.108179 0.003906 0.017901
0 0.234939 0.108333 0.003906 0.018210
0 0.234939 0.108333 0.003906 0.018210
0 0.234939 0.108333 0.003906 0.018210
0 0.234939 0.108333 0.003906 0.018210
0 0.234939 0.108333 0.003906 0.018210
0 0.234939 0.108796 0.003906 0.018210
0 0.234939 0.108796 0.003906 0.018210
0 0.234939 0.108796 0.003906 0.018210
0 0.234939 0.108796 0.003906 0.018210
0 0.234939 0.108796 0.003906 0.018210
0 0.234939 0.108796 0.003906 0.018210
0 0.234939 0.108796 0.003906 0.018210
0 0.234939 0.108796 0.003906 0.018210
0 0.234939 0.108796 0.003906 0.018210
0 0.234939 0.108796 0.003906 0.018210
0 0.234939 0.108796 0.003906 0.018210
0 0.234939 0.108796 0.003906 0.018210
0 0.234939 0.108796 0.003906 0.018210
0 0.234939 0.108796 0.003906 0.018210
0 0.234939 0.108796 0.003906 0.018210
0 0.234939 0.108796 0.003906 0.018210
0 0.234939 0.108796 0.003906 0.018210
0 0.234939 0.108796 0.003906 0.018210
0 0.234939 0.108796 0.003906 0.018210
0 0.234939 0.108796 0.003906 0.018210
0 0.234939 0.108796 0.003906 0.018210
0 0.234939 0.108796 0.003906 0.018210
0 0.234939 0.108796 0.003906 0.018210
0 0.234939 0.108796 0.003906 0.018210
0 0.234939 0.108796 0.003906 0.018210
0 0.234939 0.108796 0.003906 0.018210
0 0.234939 0.108796 0.003906 0.018210
0 0.234939 0.108796 0.003906 0.018210
0 0.234939 0.108796 0.003906 0.018210
0 0.234939 0.108796 0.003906 0.018210
0 0.234939 0.108796 0.003906 0.018210
0 0.234939 0.108796 0.003906 0.018210
0 0.234939 0.108796 0.003906 0.018210
0 0.234939 0.108796 0.003906 0.018210
0 0.234939 0.108796 0.003906 0.018210
0 0.234939 0.108796 0.003906 0.018210
0 0.234939 0.108796 0.003906 0.018210
0 0.234939 0.108796 0.003906 0.018210
0 0.234939 0.108796 0.003906 0.018210
0 0.234939 0.108796 0.003906 0.018210
0 0.234939 0.108796 0.003906 0.018210
0 0.234939 0.108796 0.003906 0.018210
0 0.234939 0.108796 0.003906 0.018210
0 0.234939 0.108796 0.003906 0.018210
0 0.234939 0.108796 0.003906 0.018210
0 0.234939 0.108796 0.003906 0.018210
0 0.234939 0.108796 0.003906 0.018210
0 0.234939 0.108796 0.003906 0.018210
0 0.234939 0.108796 0.003906 0.018210
0 0.234939 0.108796 0.003906 0.018210
0 0.234939 0.108796 0.003906 0.018210
0 0.234939 0.108796 0.003906 0.018210
0 0.234939 0.108796 0.003906 0.018210
0 0.234939 0.108796 0.003906 0.018210
0 0.234939 0.108796 0.003906 0.018210
0 0.234939 0.108796 0.003906 0.018210
0 0.234939 0.108796 0.003906 0.018210
0 0.234939 0.108796 0.003906 0.018210
0 0.234939 0.108796 0.003906 0.018210
0 0.234939 0.108796 0.003906 0.018210
0 0.234939 0.108796 0.003906 0.018210
