0 0.138672 0.218596 0.009462 0.016512
0 0.138542 0.218133 0.009722 0.016512
0 0.138542 0.218133 0.009722 0.016512
0 0.138542 0.217670 0.009722 0.016512
0 0.138542 0.217670 0.009722 0.016512
0 0.138542 0.217207 0.009722 0.016512
0 0.138542 0.217207 0.009722 0.016512
0 0.138542 0.216821 0.009722 0.016358
0 0.138542 0.216821 0.009722 0.016358
0 0.138542 0.216435 0.009722 0.016512
0 0.138542 0.216435 0.009722 0.016512
0 0.138455 0.216204 0.009549 0.016975
0 0.138455 0.216204 0.009549 0.016975
0 0.138455 0.216204 0.009549 0.016975
0 0.138455 0.215972 0.009549 0.017438
0 0.138455 0.215972 0.009549 0.017438
0 0.138455 0.215972 0.009549 0.017438
0 0.138455 0.215741 0.009549 0.017901
0 0.138455 0.215741 0.009549 0.017901
0 0.138455 0.215741 0.009549 0.017901
0 0.138455 0.215895 0.009549 0.018210
0 0.138194 0.215895 0.009549 0.018210
0 0.138194 0.215895 0.009549 0.018210
0 0.138194 0.215895 0.009549 0.018210
0 0.138194 0.215895 0.009549 0.018210
0 0.138194 0.215895 0.009549 0.018210
0 0.138194 0.215895 0.009549 0.018210
0 0.138194 0.215895 0.009549 0.018210
0 0.138194 0.215895 0.009549 0.018210
0 0.138194 0.215895 0.009549 0.018210
0 0.138194 0.215895 0.009549 0.018210
0 0.138194 0.215895 0.009549 0.018210
0 0.138194 0.215895 0.009549 0.018210
0 0.138194 0.215895 0.009549 0.018210
0 0.138194 0.215895 0.009549 0.018210
0 0.138194 0.215895 0.009549 0.018210
0 0.138194 0.215895 0.009549 0.018210
0 0.138194 0.215895 0.009549 0.018210
0 0.138194 0.215895 0.009549 0.018210
0 0.138194 0.215895 0.009549 0.018210
0 0.138194 0.215895 0.009549 0.018210
0 0.138064 0.215741 0.009809 0.017901
0 0.138064 0.215972 0.009809 0.017438
0 0.138064 0.216204 0.009809 0.016975
0 0.138108 0.216204 0.010243 0.016975
0 0.138108 0.216435 0.010243 0.016512
0 0.138108 0.216667 0.010243 0.016049
0 0.138064 0.216667 0.010677 0.016049
0 0.138064 0.216821 0.010677 0.015741
0 0.138064 0.217052 0.010677 0.015278
0 0.138194 0.217284 0.010937 0.014815
0 0.137934 0.217284 0.010937 0.014815
0 0.137934 0.217284 0.010937 0.014815
0 0.137934 0.217284 0.010937 0.014815
0 0.137934 0.217284 0.010937 0.014815
0 0.137934 0.217284 0.010937 0.014815
0 0.137717 0.217284 0.011024 0.014815
0 0.137717 0.217284 0.011024 0.014815
0 0.137717 0.217284 0.011024 0.014815
0 0.137717 0.217284 0.011024 0.014815
0 0.137717 0.217284 0.011024 0.014815
0 0.137717 0.217284 0.011024 0.014815
0 0.137717 0.217284 0.011024 0.014815
0 0.137717 0.217284 0.011024 0.014815
0 0.137717 0.217284 0.011024 0.014815
0 0.137717 0.217284 0.011024 0.014815
0 0.137717 0.217284 0.011024 0.014815
0 0.137717 0.217284 0.011024 0.014815
0 0.137717 0.217284 0.011024 0.014815
0 0.137717 0.217284 0.011024 0.014815
0 0.137717 0.217284 0.011024 0.014815
0 0.137240 0.217438 0.010937 0.015123
0 0.136719 0.217901 0.010937 0.015123
0 0.136241 0.218364 0.011024 0.015123
0 0.135764 0.219059 0.010937 0.015586
0 0.135286 0.219444 0.011024 0.015741
0 0.134766 0.219599 0.011024 0.016049
0 0.134288 0.220293 0.010937 0.016512
0 0.133811 0.220756 0.011024 0.016512
0 0.133333 0.221219 0.010937 0.016512
0 0.133073 0.221836 0.010937 0.016821
0 0.132812 0.221836 0.010937 0.016821
0 0.132812 0.221836 0.010937 0.016821
0 0.132595 0.221836 0.011024 0.016821
0 0.132595 0.221836 0.011024 0.016821
0 0.132335 0.222222 0.011024 0.016975
0 0.132335 0.222222 0.011024 0.016975
0 0.132075 0.222222 0.011024 0.016975
0 0.132075 0.222222 0.011024 0.016975
0 0.131858 0.222222 0.010937 0.016975
0 0.131858 0.222685 0.010937 0.016975
0 0.131597 0.222685 0.010937 0.016975
0 0.131597 0.222685 0.010937 0.016975
0 0.131597 0.222685 0.010937 0.016975
0 0.131380 0.222685 0.011024 0.016975
0 0.131380 0.223148 0.011024 0.016975
0 0.131380 0.223148 0.011024 0.016975
0 0.131120 0.223148 0.011024 0.016975
0 0.131120 0.223148 0.011024 0.016975
0 0.131120 0.223148 0.011024 0.016975
0 0.131120 0.223534 0.011024 0.016821
0 0.130859 0.223534 0.011024 0.016821
0 0.130859 0.223534 0.011024 0.016821
0 0.130859 0.223534 0.011024 0.016821
0 0.130859 0.223534 0.011024 0.016821
0 0.130859 0.223534 0.011024 0.016821
0 0.130642 0.223534 0.010937 0.016821
0 0.130642 0.223534 0.010937 0.016821
0 0.130642 0.223534 0.010937 0.016821
0 0.130642 0.223534 0.010937 0.016821
0 0.130642 0.223534 0.010937 0.016821
0 0.130382 0.223534 0.010937 0.016821
0 0.130382 0.223534 0.010937 0.016821
0 0.130382 0.223534 0.010937 0.016821
0 0.130382 0.223534 0.010937 0.016821
0 0.130382 0.223534 0.010937 0.016821
0 0.130382 0.223534 0.010937 0.016821
0 0.130382 0.223534 0.010937 0.016821
0 0.130382 0.223534 0.010937 0.016821
0 0.130382 0.223534 0.010937 0.016821
0 0.130382 0.223997 0.010937 0.016821
0 0.130382 0.223997 0.010937 0.016821
0 0.130382 0.223997 0.010937 0.016821
0 0.130382 0.223997 0.010937 0.016821
0 0.130382 0.223997 0.010937 0.016821
0 0.130382 0.223997 0.010937 0.016821
0 0.130382 0.223997 0.010937 0.016821
0 0.130382 0.223997 0.010937 0.016821
0 0.130382 0.223997 0.010937 0.016821
0 0.130382 0.223997 0.010937 0.016821
0 0.130382 0.223997 0.010937 0.016821
0 0.130382 0.223997 0.010937 0.016821
0 0.130382 0.223997 0.010937 0.016821
0 0.130382 0.223997 0.010937 0.016821
0 0.130382 0.223997 0.010937 0.016821
0 0.130382 0.223997 0.010937 0.016821
0 0.130382 0.223997 0.010937 0.016821
0 0.130382 0.223997 0.010937 0.016821
0 0.130382 0.223997 0.010937 0.016821
0 0.130382 0.223997 0.010937 0.016821
0 0.130382 0.223997 0.010937 0.016821
0 0.130382 0.223997 0.010937 0.016821
0 0.130382 0.223997 0.010937 0.016821
0 0.130382 0.223997 0.010937 0.016821
0 0.130382 0.223997 0.010937 0.016821
0 0.130382 0.223997 0.010937 0.016821
0 0.130382 0.223997 0.010937 0.016821
0 0.130382 0.223997 0.010937 0.016821
0 0.130382 0.223997 0.010937 0.016821
0 0.130382 0.223997 0.010937 0.016821
0 0.130382 0.223997 0.010937 0.016821
0 0.130382 0.223997 0.010937 0.016821
0 0.130382 0.223997 0.010937 0.016821
0 0.130382 0.223997 0.010937 0.016821
0 0.130382 0.223997 0.010937 0.016821
0 0.130382 0.223997 0.010937 0.016821
0 0.130382 0.223997 0.010937 0.016821
0 0.130382 0.223997 0.010937 0.016821
0 0.130382 0.223997 0.010937 0.016821
0 0.130382 0.223997 0.010937 0.016821
0 0.130382 0.223997 0.010937 0.016821
0 0.130122 0.223534 0.010937 0.016821
0 0.129905 0.223534 0.011024 0.016821
0 0.129644 0.223534 0.011024 0.016821
0 0.129427 0.223148 0.010937 0.016975
0 0.129167 0.223148 0.010937 0.016975
0 0.128906 0.223148 0.010937 0.016975
0 0.128689 0.222685 0.011024 0.016975
0 0.128429 0.222685 0.011024 0.016975
0 0.128168 0.222685 0.011024 0.016975
0 0.128168 0.222685 0.011024 0.016975
0 0.127951 0.222454 0.010937 0.017438
0 0.127951 0.222454 0.010937 0.017438
0 0.127821 0.222454 0.010677 0.017438
0 0.127821 0.222454 0.010677 0.017438
0 0.127821 0.222454 0.010677 0.017438
0 0.127604 0.222299 0.010764 0.017747
0 0.127604 0.222299 0.010764 0.017747
0 0.127474 0.222299 0.010503 0.017747
0 0.127474 0.222299 0.010503 0.017747
0 0.127474 0.222531 0.010503 0.018210
