0 0.126606 0.060185 0.003385 0.014815
0 0.126128 0.060185 0.003472 0.014815
0 0.125868 0.060185 0.003472 0.014815
0 0.125521 0.060417 0.003646 0.015278
0 0.125130 0.060648 0.003385 0.014815
0 0.124870 0.060880 0.003385 0.015278
0 0.124523 0.060880 0.003733 0.015278
0 0.124175 0.061111 0.003385 0.014815
0 0.123785 0.061265 0.003646 0.015123
0 0.123524 0.061265 0.003646 0.015123
0 0.123307 0.061728 0.003733 0.015123
0 0.122700 0.061265 0.003906 0.015123
0 0.122309 0.060880 0.004167 0.015278
0 0.121875 0.060880 0.004167 0.015278
0 0.121484 0.060417 0.004427 0.015278
0 0.121007 0.060417 0.004340 0.015278
0 0.120486 0.060031 0.004861 0.015123
0 0.120009 0.059568 0.004948 0.015123
0 0.119661 0.059568 0.005122 0.015123
0 0.119141 0.059105 0.005122 0.015123
0 0.118793 0.059105 0.005295 0.015123
0 0.118576 0.059105 0.005382 0.015123
0 0.118576 0.059568 0.005382 0.015123
0 0.118316 0.060031 0.005382 0.015123
0 0.118316 0.060417 0.005382 0.015278
0 0.118056 0.060880 0.005382 0.015278
0 0.118056 0.061111 0.005382 0.014815
0 0.117795 0.061497 0.005382 0.014660
0 0.117795 0.061960 0.005382 0.014660
0 0.117578 0.062423 0.005295 0.014660
0 0.117578 0.062809 0.005295 0.014815
0 0.116970 0.062423 0.005122 0.014660
0 0.116450 0.062423 0.005122 0.014660
0 0.116016 0.062423 0.005122 0.014660
0 0.115495 0.062191 0.005122 0.014198
0 0.114974 0.062191 0.005122 0.014198
0 0.114410 0.062191 0.004861 0.014198
0 0.113889 0.061960 0.004861 0.013735
0 0.113455 0.061960 0.004861 0.013735
0 0.112934 0.061960 0.004861 0.013735
0 0.112457 0.061960 0.004948 0.013735
0 0.111979 0.061806 0.004861 0.013426
0 0.111719 0.061806 0.004861 0.013426
0 0.111198 0.061806 0.004861 0.013426
0 0.110981 0.061960 0.004948 0.013117
0 0.110503 0.061960 0.004861 0.013117
0 0.110243 0.061960 0.004861 0.013117
0 0.109766 0.062191 0.004948 0.012654
0 0.109549 0.062191 0.004861 0.012654
0 0.109028 0.062191 0.004861 0.012654
0 0.108767 0.062423 0.004861 0.012191
0 0.108333 0.062809 0.004861 0.012037
0 0.108073 0.063503 0.004861 0.012500
0 0.107812 0.064120 0.004861 0.013117
0 0.107335 0.064738 0.004948 0.013426
0 0.107075 0.065664 0.004948 0.013426
0 0.106858 0.066127 0.004861 0.013426
0 0.106337 0.066667 0.004861 0.013889
0 0.106076 0.067361 0.004861 0.014352
0 0.105859 0.068056 0.004948 0.014815
0 0.105642 0.068904 0.004861 0.014660
0 0.105122 0.068904 0.004861 0.014660
0 0.104861 0.069290 0.004861 0.014815
0 0.104557 0.069753 0.005122 0.014815
0 0.104167 0.070216 0.004861 0.014815
0 0.103776 0.070679 0.005122 0.014815
0 0.103516 0.071065 0.005122 0.014660
0 0.103082 0.071528 0.005122 0.014660
0 0.102821 0.071914 0.005122 0.014815
0 0.102431 0.072377 0.005382 0.014815
0 0.102170 0.072840 0.005382 0.014815
0 0.101736 0.072840 0.005382 0.014815
0 0.101476 0.073225 0.005382 0.014660
0 0.100955 0.073688 0.005382 0.014660
0 0.100738 0.073688 0.005295 0.014660
0 0.100260 0.074074 0.005382 0.014815
0 0.100000 0.074537 0.005382 0.014815
0 0.099523 0.074537 0.005295 0.014815
0 0.099306 0.075000 0.005382 0.014815
0 0.098785 0.075386 0.005382 0.014660
0 0.098524 0.075849 0.005382 0.014660
0 0.098047 0.075849 0.005295 0.014660
0 0.097830 0.076235 0.005382 0.014815
0 0.097439 0.076698 0.005122 0.014815
0 0.097179 0.077160 0.005122 0.014815
0 0.096832 0.077546 0.004948 0.014660
0 0.096615 0.077546 0.004861 0.014660
0 0.096224 0.078009 0.004601 0.014660
0 0.095964 0.078472 0.004601 0.014660
0 0.095616 0.078858 0.004427 0.014815
0 0.095356 0.079321 0.004427 0.014815
0 0.094878 0.079090 0.004340 0.014352
0 0.094531 0.079090 0.004687 0.013426
0 0.094141 0.079090 0.004948 0.013426
0 0.093793 0.079090 0.004601 0.012500
0 0.093403 0.079321 0.004861 0.012037
0 0.093012 0.079090 0.005122 0.011574
0 0.092708 0.079090 0.004861 0.010957
0 0.092318 0.079090 0.005122 0.010957
0 0.091927 0.079090 0.005382 0.010031
0 0.091710 0.079321 0.005295 0.009568
0 0.091363 0.079321 0.005122 0.009568
0 0.091102 0.079784 0.005122 0.009568
0 0.090712 0.079784 0.004861 0.009568
0 0.090495 0.080170 0.004948 0.009414
0 0.090278 0.080401 0.004861 0.009877
0 0.089887 0.080556 0.004601 0.009568
0 0.089627 0.080787 0.004601 0.010031
0 0.089280 0.081019 0.004427 0.009568
0 0.089019 0.081250 0.004427 0.010031
0 0.088759 0.081713 0.004427 0.010031
0 0.088281 0.081944 0.004340 0.010494
0 0.087934 0.082330 0.004687 0.010340
0 0.087543 0.082562 0.004427 0.010802
0 0.087196 0.083256 0.004601 0.011265
0 0.086936 0.083719 0.004601 0.011265
0 0.086458 0.083873 0.004687 0.011574
0 0.086111 0.084491 0.004861 0.012191
0 0.085720 0.084722 0.004601 0.012654
0 0.085373 0.085185 0.004948 0.012654
0 0.085113 0.085802 0.004948 0.012963
0 0.084896 0.085802 0.004861 0.012963
0 0.084635 0.086034 0.004861 0.013426
0 0.084375 0.086497 0.004861 0.013426
0 0.084115 0.086728 0.004861 0.013889
0 0.083898 0.087191 0.004948 0.013889
0 0.083681 0.087191 0.004861 0.013889
0 0.083420 0.087346 0.004861 0.014198
0 0.083160 0.087731 0.004861 0.014352
0 0.082899 0.087963 0.004861 0.014815
0 0.082682 0.088426 0.004948 0.014815
0 0.082205 0.088889 0.004861 0.014815
0 0.081944 0.089275 0.004861 0.014660
0 0.081554 0.089738 0.005122 0.014660
0 0.081337 0.090123 0.005208 0.014815
0 0.081120 0.090586 0.005122 0.014815
0 0.080599 0.091049 0.005122 0.014815
0 0.080339 0.091435 0.005122 0.014660
0 0.079991 0.091898 0.005295 0.014660
0 0.079774 0.092284 0.005382 0.014815
0 0.079514 0.092747 0.005382 0.014815
0 0.079253 0.093210 0.005382 0.014815
0 0.079123 0.093596 0.005642 0.014660
0 0.078906 0.094059 0.005556 0.014660
0 0.078776 0.094522 0.005816 0.014660
0 0.078646 0.094907 0.006076 0.014815
0 0.078385 0.095370 0.006076 0.014815
0 0.078255 0.095833 0.006337 0.014815
0 0.078082 0.096219 0.006337 0.014660
0 0.077951 0.096682 0.006597 0.014660
0 0.077821 0.097068 0.006858 0.014815
0 0.077431 0.097068 0.007118 0.014815
0 0.077170 0.097531 0.007118 0.014815
0 0.076823 0.097762 0.007292 0.015278
0 0.076562 0.098148 0.007292 0.015123
0 0.076432 0.098380 0.007552 0.015586
0 0.076128 0.098843 0.007812 0.015586
0 0.075868 0.099074 0.007812 0.016049
0 0.075477 0.099537 0.008073 0.016049
0 0.075217 0.099691 0.008073 0.016358
0 0.075130 0.100077 0.008247 0.016512
0 0.074523 0.100077 0.008073 0.016512
0 0.074132 0.100077 0.007812 0.016512
0 0.073611 0.100077 0.007812 0.016512
0 0.073177 0.100540 0.007292 0.016512
0 0.072656 0.100540 0.007292 0.016512
0 0.072309 0.100540 0.007118 0.016512
0 0.071701 0.101003 0.006771 0.016512
0 0.071354 0.101003 0.006597 0.016512
0 0.070833 0.101003 0.006597 0.016512
0 0.070443 0.101466 0.006337 0.016512
0 0.070269 0.101466 0.006337 0.016512
0 0.070009 0.101466 0.006337 0.016512
0 0.069748 0.101698 0.006337 0.016975
0 0.069488 0.101929 0.006337 0.016512
0 0.069358 0.102083 0.006597 0.016821
0 0.069141 0.102083 0.006510 0.016821
0 0.068924 0.102315 0.006597 0.016358
0 0.068663 0.102546 0.006597 0.016821
0 0.068403 0.102546 0.006597 0.016821
0 0.068273 0.102932 0.006858 0.016975
