0 0.162977 0.093596 0.004427 0.020833
0 0.162977 0.093596 0.004427 0.020833
0 0.162977 0.094059 0.004427 0.020833
0 0.162977 0.094522 0.004427 0.020833
0 0.162977 0.094985 0.004427 0.020833
0 0.163194 0.095293 0.004340 0.020833
0 0.163194 0.095293 0.004340 0.020833
0 0.163194 0.095756 0.004340 0.020833
0 0.163194 0.096219 0.004340 0.020833
0 0.163194 0.096682 0.004340 0.020833
0 0.163455 0.097145 0.004340 0.020833
0 0.163194 0.097145 0.004340 0.020833
0 0.163194 0.097531 0.004340 0.020679
0 0.163194 0.097917 0.004340 0.020833
0 0.163194 0.098148 0.004340 0.021296
0 0.163194 0.098611 0.004340 0.021296
0 0.162977 0.099074 0.004427 0.021296
0 0.162977 0.099306 0.004427 0.021759
0 0.162977 0.099691 0.004427 0.021605
0 0.162977 0.100154 0.004427 0.021605
0 0.162977 0.100540 0.004427 0.021759
0 0.162977 0.100540 0.004427 0.021759
0 0.162977 0.100540 0.004427 0.021759
0 0.163194 0.100540 0.004340 0.021759
0 0.163194 0.100540 0.004340 0.021759
0 0.163455 0.101003 0.004340 0.021759
0 0.163455 0.101003 0.004340 0.021759
0 0.163455 0.101003 0.004340 0.021759
0 0.163672 0.101003 0.004427 0.021759
0 0.163672 0.101003 0.004427 0.021759
0 0.163932 0.101466 0.004427 0.021759
0 0.163672 0.101466 0.004427 0.021759
0 0.163672 0.101852 0.004427 0.021605
0 0.163672 0.101852 0.004427 0.021605
0 0.163672 0.102315 0.004427 0.021605
0 0.163672 0.102701 0.004427 0.021759
0 0.163672 0.102701 0.004427 0.021759
0 0.163672 0.103164 0.004427 0.021759
0 0.163672 0.103164 0.004427 0.021759
0 0.163672 0.103627 0.004427 0.021759
0 0.163672 0.104012 0.004427 0.021605
0 0.163672 0.104475 0.004427 0.021605
0 0.163672 0.104938 0.004427 0.021605
0 0.163672 0.105324 0.004427 0.021759
0 0.163672 0.105787 0.004427 0.021759
0 0.163672 0.106250 0.004427 0.021759
0 0.163672 0.106636 0.004427 0.021605
0 0.163672 0.107099 0.004427 0.021605
0 0.163672 0.107485 0.004427 0.021759
0 0.163672 0.107948 0.004427 0.021759
0 0.163932 0.108796 0.004427 0.021605
0 0.164062 0.109259 0.004687 0.021605
0 0.164193 0.109645 0.004948 0.021759
0 0.164410 0.110108 0.004861 0.021759
0 0.164540 0.110571 0.005122 0.021759
0 0.164800 0.111188 0.005122 0.021142
0 0.164931 0.111574 0.005382 0.021296
0 0.165061 0.112037 0.005642 0.021296
0 0.165278 0.112500 0.005556 0.021296
0 0.165408 0.112963 0.005816 0.021296
0 0.165799 0.113580 0.006076 0.020679
0 0.166016 0.113966 0.006163 0.020833
0 0.166493 0.114429 0.006076 0.020833
0 0.167014 0.114892 0.006076 0.020833
0 0.167231 0.115355 0.006163 0.020833
0 0.167708 0.116127 0.006076 0.020833
0 0.168229 0.116590 0.006076 0.020833
0 0.168446 0.117052 0.006163 0.020833
0 0.168924 0.117515 0.006076 0.020833
0 0.169444 0.117978 0.006076 0.020833
0 0.169922 0.118750 0.006163 0.020833
0 0.170139 0.119213 0.006076 0.020833
0 0.170660 0.119907 0.006076 0.020370
0 0.171137 0.120525 0.006163 0.020679
0 0.171615 0.121142 0.006076 0.020370
0 0.172135 0.121836 0.006076 0.020833
0 0.172352 0.122531 0.006163 0.020370
0 0.172830 0.122917 0.006076 0.020525
0 0.173351 0.123765 0.006076 0.020370
0 0.173828 0.124228 0.006163 0.020370
0 0.174306 0.125077 0.006076 0.020525
0 0.174566 0.125077 0.006076 0.020525
0 0.175043 0.125231 0.006163 0.020833
0 0.175391 0.125463 0.005816 0.021296
0 0.175781 0.125694 0.006076 0.020833
0 0.176128 0.125926 0.005903 0.021296
0 0.176606 0.126157 0.005816 0.021759
0 0.176866 0.126389 0.005816 0.021296
0 0.177344 0.126620 0.005903 0.021759
0 0.177734 0.126775 0.005642 0.022068
0 0.178212 0.127238 0.005556 0.022068
0 0.177995 0.127701 0.005642 0.022068
0 0.177995 0.128164 0.005642 0.022068
0 0.177995 0.128935 0.005642 0.022068
0 0.177865 0.129398 0.005382 0.022068
0 0.177865 0.130324 0.005382 0.022068
0 0.177734 0.130710 0.005642 0.022222
0 0.177604 0.131173 0.005382 0.022222
0 0.177604 0.132022 0.005382 0.022068
0 0.177604 0.132485 0.005382 0.022068
0 0.177604 0.133333 0.005382 0.022222
0 0.177865 0.133488 0.005382 0.022531
0 0.178212 0.134182 0.005556 0.022994
0 0.178472 0.134645 0.005556 0.022994
0 0.178819 0.135031 0.005903 0.023765
0 0.179080 0.135494 0.005903 0.023765
0 0.179427 0.136111 0.006076 0.024383
0 0.179688 0.136343 0.006076 0.024846
0 0.180078 0.136960 0.006337 0.025154
0 0.180252 0.137423 0.006337 0.025154
0 0.180773 0.138117 0.006337 0.025617
0 0.180512 0.138580 0.006337 0.025617
0 0.180512 0.139352 0.006337 0.025617
0 0.180512 0.139815 0.006337 0.025617
0 0.180512 0.140741 0.006337 0.025617
0 0.180512 0.141127 0.006337 0.025463
0 0.180512 0.141975 0.006337 0.025617
0 0.180512 0.142438 0.006337 0.025617
0 0.180512 0.143364 0.006337 0.025617
0 0.180512 0.143673 0.006337 0.025617
0 0.180512 0.144599 0.006337 0.025617
0 0.180512 0.145062 0.006337 0.025617
0 0.180512 0.145525 0.006337 0.025617
0 0.180512 0.145910 0.006337 0.025463
0 0.180512 0.146296 0.006337 0.025617
0 0.180512 0.147222 0.006337 0.025617
0 0.180512 0.147685 0.006337 0.025617
0 0.180512 0.148071 0.006337 0.025463
0 0.180512 0.148457 0.006337 0.025617
0 0.180512 0.148920 0.006337 0.025617
0 0.180512 0.149846 0.006337 0.025617
0 0.181033 0.150617 0.006337 0.025617
0 0.181727 0.151543 0.006337 0.025617
0 0.182248 0.152469 0.006337 0.025617
0 0.182943 0.153241 0.006337 0.025617
0 0.183724 0.154630 0.006337 0.025617
0 0.184158 0.155401 0.006337 0.025617
0 0.184939 0.156327 0.006337 0.025617
0 0.185417 0.157176 0.006424 0.025463
0 0.186155 0.158025 0.006337 0.025617
0 0.186849 0.159414 0.006337 0.025617
0 0.186849 0.159722 0.006337 0.025617
0 0.187109 0.160648 0.006337 0.025617
0 0.187370 0.161111 0.006337 0.025617
0 0.187370 0.161960 0.006337 0.025463
0 0.187630 0.162809 0.006337 0.025617
0 0.187891 0.163272 0.006337 0.025617
0 0.187891 0.164120 0.006337 0.025463
0 0.188064 0.164506 0.006337 0.025617
0 0.188325 0.165432 0.006337 0.025617
0 0.188585 0.166281 0.006337 0.025463
0 0.188585 0.167130 0.006337 0.025617
0 0.188585 0.168056 0.006337 0.025617
0 0.188845 0.168904 0.006337 0.025463
0 0.188845 0.169753 0.006337 0.025617
0 0.189106 0.171065 0.006337 0.025463
0 0.189106 0.171914 0.006337 0.025617
0 0.189106 0.172840 0.006337 0.025617
0 0.189280 0.173611 0.006337 0.025617
0 0.189280 0.174537 0.006337 0.025617
0 0.189540 0.175772 0.006337 0.025617
0 0.189540 0.176698 0.006337 0.025617
0 0.189800 0.177623 0.006337 0.025617
0 0.189800 0.178395 0.006337 0.025617
0 0.190061 0.179321 0.006337 0.025617
0 0.190061 0.180170 0.006337 0.025463
0 0.190321 0.181019 0.006337 0.025617
0 0.190321 0.181944 0.006337 0.025617
0 0.190538 0.182716 0.006424 0.025617
0 0.190538 0.183642 0.006424 0.025617
0 0.190755 0.184568 0.006337 0.025617
0 0.190755 0.185340 0.006337 0.025617
0 0.191016 0.186265 0.006337 0.025617
0 0.191146 0.187114 0.006597 0.025463
0 0.191276 0.187963 0.006337 0.025617
0 0.191536 0.188889 0.006337 0.025617
0 0.191667 0.189892 0.006597 0.025154
0 0.191884 0.190818 0.006510 0.025154
0 0.191970 0.191667 0.006337 0.025309
0 0.192101 0.192515 0.006597 0.025154
0 0.192361 0.193441 0.006597 0.025154
