0 0.237283 0.081867 0.004601 0.020833
0 0.239714 0.081867 0.004601 0.020833
0 0.242144 0.082330 0.004601 0.020833
0 0.244575 0.082793 0.004601 0.020833
0 0.247266 0.083256 0.004601 0.020833
0 0.249696 0.083719 0.004601 0.020833
0 0.252170 0.083719 0.004687 0.020833
0 0.254818 0.084028 0.004601 0.020833
0 0.257292 0.084491 0.004687 0.020833
0 0.259722 0.084954 0.004687 0.020833
0 0.262413 0.085417 0.004687 0.020833
0 0.264583 0.085880 0.004687 0.020833
0 0.267057 0.086420 0.004601 0.020370
0 0.269488 0.087346 0.004601 0.020370
0 0.271918 0.087809 0.004601 0.020370
0 0.274349 0.088580 0.004601 0.020370
0 0.276562 0.089275 0.004687 0.019907
0 0.278993 0.089738 0.004687 0.019907
0 0.281424 0.090586 0.004687 0.020062
0 0.283898 0.091204 0.004601 0.019444
0 0.286328 0.092130 0.004601 0.019444
0 0.289019 0.092515 0.004601 0.019599
0 0.291667 0.093441 0.004687 0.019599
0 0.294358 0.093827 0.004687 0.019444
0 0.297049 0.094676 0.004687 0.019599
0 0.299957 0.095139 0.004601 0.019599
0 0.302648 0.095988 0.004601 0.019444
0 0.305339 0.096451 0.004601 0.019444
0 0.308030 0.097299 0.004601 0.019599
0 0.310720 0.097762 0.004601 0.019599
0 0.313628 0.098611 0.004687 0.019444
0 0.313628 0.098611 0.004687 0.019444
0 0.313628 0.098611 0.004687 0.019444
0 0.313628 0.098611 0.004687 0.019444
0 0.313628 0.098611 0.004687 0.019444
0 0.313628 0.098611 0.004687 0.019444
0 0.313628 0.098611 0.004687 0.019444
0 0.313628 0.098611 0.004687 0.019444
0 0.313628 0.098611 0.004687 0.019444
0 0.313628 0.098611 0.004687 0.019444
0 0.313628 0.098611 0.004687 0.019444
0 0.313628 0.098611 0.004687 0.019444
0 0.313628 0.098611 0.004687 0.019444
0 0.313628 0.098611 0.004687 0.019444
0 0.313628 0.098611 0.004687 0.019444
0 0.313628 0.098611 0.004687 0.019444
0 0.313628 0.098611 0.004687 0.019444
0 0.313628 0.098611 0.004687 0.019444
0 0.313628 0.098611 0.004687 0.019444
0 0.313628 0.098611 0.004687 0.019444
0 0.313628 0.098611 0.004687 0.019444
0 0.313628 0.098611 0.004687 0.019444
0 0.313628 0.098611 0.004687 0.019444
0 0.313628 0.098611 0.004687 0.019444
0 0.313628 0.098611 0.004687 0.019444
0 0.313628 0.098611 0.004687 0.019444
0 0.313628 0.098611 0.004687 0.019444
0 0.313628 0.098611 0.004687 0.019444
0 0.313628 0.098611 0.004687 0.019444
0 0.313628 0.098611 0.004687 0.019444
0 0.313628 0.098611 0.004687 0.019444
0 0.313628 0.098611 0.004687 0.019444
0 0.313628 0.098611 0.004687 0.019444
0 0.313628 0.098611 0.004687 0.019444
0 0.313628 0.098611 0.004687 0.019444
0 0.313628 0.098611 0.004687 0.019444
0 0.313628 0.098611 0.004687 0.019444
0 0.313628 0.098611 0.004687 0.019444
0 0.313628 0.098611 0.004687 0.019444
0 0.313628 0.098611 0.004687 0.019444
0 0.313628 0.098611 0.004687 0.019444
0 0.313628 0.098611 0.004687 0.019444
0 0.313628 0.098611 0.004687 0.019444
0 0.313628 0.098611 0.004687 0.019444
0 0.313628 0.098611 0.004687 0.019444
0 0.313628 0.098611 0.004687 0.019444
0 0.313628 0.098611 0.004687 0.019444
0 0.313628 0.098611 0.004687 0.019444
0 0.313628 0.098611 0.004687 0.019444
0 0.313628 0.098611 0.004687 0.019444
0 0.313628 0.098611 0.004687 0.019444
0 0.313628 0.098611 0.004687 0.019444
0 0.313628 0.098611 0.004687 0.019444
0 0.313628 0.098611 0.004687 0.019444
0 0.313628 0.098611 0.004687 0.019444
0 0.313628 0.098611 0.004687 0.019444
0 0.313628 0.098611 0.004687 0.019444
0 0.313628 0.098611 0.004687 0.019444
0 0.313628 0.098611 0.004687 0.019444
0 0.313628 0.098611 0.004687 0.019444
0 0.313628 0.098611 0.004687 0.019444
0 0.313628 0.098611 0.004687 0.019444
0 0.313628 0.098611 0.004687 0.019444
0 0.313628 0.098611 0.004687 0.019444
0 0.313628 0.098611 0.004687 0.019444
0 0.313628 0.098611 0.004687 0.019444
0 0.313628 0.098611 0.004687 0.019444
0 0.313628 0.098611 0.004687 0.019444
0 0.313628 0.098611 0.004687 0.019444
0 0.313628 0.098611 0.004687 0.019444
0 0.313628 0.098611 0.004687 0.019444
0 0.313628 0.098611 0.004687 0.019444
0 0.313628 0.098611 0.004687 0.019444
0 0.313628 0.098611 0.004687 0.019444
0 0.313628 0.098611 0.004687 0.019444
0 0.313628 0.098611 0.004687 0.019444
0 0.313628 0.098611 0.004687 0.019444
0 0.313628 0.098611 0.004687 0.019444
0 0.313628 0.098611 0.004687 0.019444
0 0.313628 0.098611 0.004687 0.019444
0 0.313628 0.098611 0.004687 0.019444
0 0.313628 0.098611 0.004687 0.019444
0 0.313628 0.098611 0.004687 0.019444
0 0.313628 0.098611 0.004687 0.019444
0 0.313628 0.098611 0.004687 0.019444
0 0.313628 0.098611 0.004687 0.019444
0 0.313628 0.098611 0.004687 0.019444
0 0.313628 0.098611 0.004687 0.019444
0 0.313628 0.098611 0.004687 0.019444
0 0.313628 0.098611 0.004687 0.019444
0 0.313628 0.098611 0.004687 0.019444
0 0.313628 0.098611 0.004687 0.019444
0 0.313628 0.098611 0.004687 0.019444
0 0.313628 0.098611 0.004687 0.019444
0 0.313628 0.098611 0.004687 0.019444
0 0.313628 0.098611 0.004687 0.019444
0 0.313628 0.098611 0.004687 0.019444
0 0.313628 0.098611 0.004687 0.019444
0 0.313628 0.098611 0.004687 0.019444
0 0.313628 0.098611 0.004687 0.019444
0 0.313628 0.098611 0.004687 0.019444
0 0.313628 0.098611 0.004687 0.019444
0 0.313628 0.098611 0.004687 0.019444
0 0.313628 0.098611 0.004687 0.019444
0 0.313628 0.098611 0.004687 0.019444
0 0.313628 0.098611 0.004687 0.019444
0 0.313628 0.098611 0.004687 0.019444
0 0.313628 0.098611 0.004687 0.019444
0 0.313628 0.098611 0.004687 0.019444
0 0.313628 0.098611 0.004687 0.019444
0 0.313628 0.098611 0.004687 0.019444
0 0.313628 0.098611 0.004687 0.019444
0 0.313628 0.098611 0.004687 0.019444
0 0.313628 0.098611 0.004687 0.019444
0 0.313628 0.098611 0.004687 0.019444
0 0.313628 0.098611 0.004687 0.019444
0 0.313628 0.098611 0.004687 0.019444
0 0.313628 0.098611 0.004687 0.019444
0 0.313628 0.098611 0.004687 0.019444
0 0.313628 0.098611 0.004687 0.019444
0 0.313628 0.098611 0.004687 0.019444
0 0.313628 0.098611 0.004687 0.019444
0 0.313628 0.098611 0.004687 0.019444
0 0.313628 0.098611 0.004687 0.019444
0 0.313628 0.098611 0.004687 0.019444
0 0.313628 0.098611 0.004687 0.019444
0 0.313628 0.098611 0.004687 0.019444
0 0.313628 0.098611 0.004687 0.019444
0 0.313628 0.098611 0.004687 0.019444
0 0.313628 0.098611 0.004687 0.019444
0 0.313628 0.098611 0.004687 0.019444
0 0.313628 0.098611 0.004687 0.019444
0 0.313628 0.098611 0.004687 0.019444
0 0.313628 0.098611 0.004687 0.019444
0 0.313628 0.098611 0.004687 0.019444
0 0.313628 0.098611 0.004687 0.019444
0 0.313628 0.098611 0.004687 0.019444
0 0.313628 0.098611 0.004687 0.019444
0 0.313628 0.098611 0.004687 0.019444
0 0.313628 0.098611 0.004687 0.019444
0 0.313628 0.098611 0.004687 0.019444
0 0.313628 0.098611 0.004687 0.019444
0 0.313628 0.098611 0.004687 0.019444
0 0.313628 0.098611 0.004687 0.019444
0 0.313628 0.098611 0.004687 0.019444
0 0.313628 0.098611 0.004687 0.019444
0 0.313628 0.098611 0.004687 0.019444
0 0.313628 0.098611 0.004687 0.019444
0 0.313628 0.098611 0.004687 0.019444
0 0.313628 0.098611 0.004687 0.019444
0 0.313628 0.098611 0.004687 0.019444
