0 0.235807 0.123534 0.008073 0.025154
0 0.235547 0.123534 0.008073 0.025154
0 0.235547 0.123534 0.008073 0.025154
0 0.235286 0.123534 0.008073 0.025154
0 0.235286 0.123534 0.008073 0.025154
0 0.235286 0.123534 0.008073 0.025154
0 0.235069 0.123534 0.007986 0.025154
0 0.235069 0.123534 0.007986 0.025154
0 0.234852 0.123534 0.008073 0.025154
0 0.234852 0.123534 0.008073 0.025154
0 0.234852 0.123534 0.008073 0.025154
0 0.234592 0.123534 0.008073 0.025154
0 0.234462 0.123997 0.007812 0.025154
0 0.234332 0.123997 0.007552 0.025154
0 0.234201 0.124460 0.007292 0.025154
0 0.234201 0.124691 0.007292 0.024691
0 0.234115 0.124923 0.007118 0.025154
0 0.233984 0.125077 0.006858 0.024846
0 0.233854 0.125231 0.006597 0.025154
0 0.233724 0.125463 0.006337 0.024691
0 0.233724 0.125926 0.006337 0.024691
0 0.233203 0.125694 0.006337 0.024228
0 0.232899 0.125694 0.006597 0.024228
0 0.232509 0.125694 0.006858 0.024228
0 0.232031 0.125694 0.006771 0.024228
0 0.231641 0.125694 0.007031 0.024228
0 0.231293 0.125694 0.007378 0.024228
0 0.230816 0.125694 0.007292 0.024228
0 0.230425 0.125694 0.007552 0.024228
0 0.230035 0.125694 0.007812 0.024228
0 0.229861 0.125694 0.007812 0.024228
0 0.229861 0.125309 0.007812 0.024383
0 0.229861 0.125309 0.007812 0.024383
0 0.229861 0.124846 0.007812 0.024383
0 0.229861 0.124846 0.007812 0.024383
0 0.229861 0.124460 0.007812 0.024228
0 0.229861 0.124460 0.007812 0.024228
0 0.229861 0.123997 0.007812 0.024228
0 0.229861 0.123997 0.007812 0.024228
0 0.229861 0.123534 0.007812 0.024228
0 0.229861 0.123534 0.007812 0.024228
0 0.229861 0.123534 0.007812 0.024228
0 0.229861 0.123534 0.007812 0.024228
0 0.229861 0.123534 0.007812 0.024228
0 0.229861 0.123534 0.007812 0.024228
0 0.229861 0.123534 0.007812 0.024228
0 0.229861 0.123534 0.007812 0.024228
0 0.229861 0.123534 0.007812 0.024228
0 0.229861 0.123534 0.007812 0.024228
0 0.229861 0.123534 0.007812 0.024228
0 0.229861 0.123534 0.007812 0.024228
0 0.229948 0.123534 0.007639 0.024228
0 0.230078 0.123997 0.007378 0.024228
0 0.230208 0.124460 0.007118 0.024228
0 0.230425 0.124846 0.007031 0.024383
0 0.230556 0.125309 0.006771 0.024383
0 0.230642 0.125540 0.006597 0.023920
0 0.230903 0.125926 0.006597 0.023765
0 0.231033 0.126389 0.006337 0.023765
0 0.231163 0.126775 0.006076 0.023920
0 0.231554 0.127238 0.005816 0.023920
0 0.231554 0.127238 0.005816 0.023920
0 0.231554 0.127238 0.005816 0.023920
0 0.231554 0.127238 0.005816 0.023920
0 0.231554 0.127238 0.005816 0.023920
0 0.231554 0.127238 0.005816 0.023920
0 0.231554 0.127238 0.005816 0.023920
0 0.231554 0.127238 0.005816 0.023920
0 0.231554 0.127238 0.005816 0.023920
0 0.231554 0.127238 0.005816 0.023920
0 0.231554 0.127238 0.005816 0.023920
0 0.231554 0.127238 0.005816 0.023920
0 0.231554 0.127238 0.005816 0.023920
0 0.231554 0.127238 0.005816 0.023920
0 0.231554 0.127238 0.005816 0.023920
0 0.231554 0.127238 0.005816 0.023920
0 0.231554 0.127238 0.005816 0.023920
0 0.231554 0.127238 0.005816 0.023920
0 0.231554 0.127238 0.005816 0.023920
0 0.231554 0.127238 0.005816 0.023920
0 0.231554 0.127238 0.005816 0.023920
0 0.231554 0.127238 0.005816 0.023920
0 0.231554 0.127238 0.005816 0.023920
0 0.231554 0.127238 0.005816 0.023920
0 0.231554 0.127238 0.005816 0.023920
0 0.231554 0.127238 0.005816 0.023920
0 0.231554 0.127238 0.005816 0.023920
0 0.231554 0.127238 0.005816 0.023920
0 0.231554 0.127238 0.005816 0.023920
0 0.231554 0.127238 0.005816 0.023920
0 0.231554 0.127238 0.005816 0.023920
0 0.231293 0.127238 0.005816 0.023920
0 0.231293 0.127701 0.005816 0.023920
0 0.231293 0.128086 0.005816 0.023765
0 0.231293 0.128086 0.005816 0.023765
0 0.231293 0.128549 0.005816 0.023765
0 0.231293 0.129012 0.005816 0.023765
0 0.231293 0.129012 0.005816 0.023765
0 0.231293 0.129398 0.005816 0.023920
0 0.231293 0.129861 0.005816 0.023920
0 0.231293 0.130324 0.005816 0.023920
0 0.231293 0.130324 0.005816 0.023920
0 0.231293 0.130324 0.005816 0.023920
0 0.231293 0.130324 0.005816 0.023920
0 0.231293 0.130324 0.005816 0.023920
0 0.231293 0.130324 0.005816 0.023920
0 0.231293 0.130324 0.005816 0.023920
0 0.231293 0.130324 0.005816 0.023920
0 0.231293 0.130324 0.005816 0.023920
0 0.231293 0.130324 0.005816 0.023920
0 0.231293 0.130324 0.005816 0.023920
0 0.231033 0.130324 0.005816 0.023920
0 0.231033 0.130324 0.005816 0.023920
0 0.231033 0.130324 0.005816 0.023920
0 0.231033 0.130324 0.005816 0.023920
0 0.231033 0.130324 0.005816 0.023920
0 0.230816 0.130324 0.005903 0.023920
0 0.230816 0.130324 0.005903 0.023920
0 0.230816 0.130324 0.005903 0.023920
0 0.230816 0.130324 0.005903 0.023920
0 0.230816 0.130324 0.005903 0.023920
0 0.230556 0.130556 0.005903 0.023457
0 0.230295 0.130941 0.005903 0.023302
0 0.230078 0.131096 0.005816 0.022994
0 0.229818 0.131559 0.005816 0.022994
0 0.229731 0.132022 0.005642 0.022994
0 0.229470 0.132253 0.005642 0.022531
0 0.229210 0.132716 0.005642 0.022531
0 0.228950 0.132870 0.005642 0.022222
0 0.228733 0.133333 0.005556 0.022222
0 0.228733 0.133951 0.005556 0.021605
0 0.228819 0.133796 0.005382 0.021296
0 0.229080 0.134028 0.005382 0.020833
0 0.229340 0.134028 0.005382 0.020833
0 0.229601 0.134182 0.005382 0.020525
0 0.229861 0.134182 0.005382 0.020525
0 0.230035 0.134414 0.005382 0.020062
0 0.230295 0.134414 0.005382 0.020062
0 0.230556 0.134645 0.005382 0.019599
0 0.230816 0.134645 0.005382 0.019599
0 0.231076 0.134877 0.005382 0.019136
0 0.231163 0.134877 0.005556 0.019136
0 0.231424 0.134877 0.005556 0.019136
0 0.231684 0.134877 0.006076 0.019136
0 0.231901 0.134877 0.006163 0.019136
0 0.232248 0.134877 0.006337 0.019136
0 0.232378 0.134877 0.006597 0.019136
0 0.232639 0.134877 0.006597 0.019136
0 0.232856 0.134877 0.007031 0.019136
0 0.233116 0.134877 0.007031 0.019136
0 0.233507 0.135108 0.007292 0.018673
0 0.233507 0.135108 0.007292 0.018673
0 0.233724 0.135108 0.007378 0.018673
0 0.233984 0.135108 0.007378 0.018673
0 0.234201 0.135108 0.007292 0.018673
0 0.234462 0.135108 0.007292 0.018673
0 0.234722 0.135108 0.007292 0.018673
0 0.234939 0.135108 0.007378 0.018673
0 0.235200 0.135108 0.007378 0.018673
0 0.235417 0.135108 0.007292 0.018673
0 0.235677 0.135494 0.007292 0.018519
0 0.235677 0.135494 0.007292 0.018519
0 0.235677 0.135494 0.007292 0.018519
0 0.235677 0.135494 0.007292 0.018519
0 0.235677 0.135494 0.007292 0.018519
0 0.235677 0.135494 0.007292 0.018519
0 0.235677 0.135494 0.007292 0.018519
0 0.235677 0.135494 0.007292 0.018519
0 0.235677 0.135494 0.007292 0.018519
0 0.235677 0.135494 0.007292 0.018519
0 0.235677 0.135494 0.007292 0.018519
0 0.235937 0.135494 0.007292 0.018519
0 0.236198 0.135494 0.007292 0.018519
0 0.236415 0.135494 0.007378 0.018519
0 0.236632 0.135494 0.007292 0.018519
0 0.236892 0.135494 0.007292 0.018519
0 0.237153 0.135880 0.007292 0.018673
0 0.237413 0.135880 0.007292 0.018673
0 0.237630 0.135880 0.007378 0.018673
0 0.237891 0.135880 0.007378 0.018673
0 0.238108 0.135880 0.007292 0.018673
