0 0.127214 0.080633 0.004080 0.011265
0 0.126997 0.080633 0.004167 0.011265
0 0.126736 0.080633 0.004167 0.011265
0 0.126476 0.080633 0.004167 0.011265
0 0.126215 0.081096 0.004167 0.011265
0 0.125998 0.081096 0.004080 0.011265
0 0.125781 0.081096 0.004167 0.011265
0 0.125521 0.081481 0.004167 0.011420
0 0.125260 0.081481 0.004167 0.011420
0 0.125000 0.081481 0.004167 0.011420
0 0.125000 0.081867 0.004167 0.011265
0 0.124523 0.081867 0.004080 0.011265
0 0.124306 0.081867 0.004167 0.011265
0 0.124045 0.081867 0.004167 0.011265
0 0.123785 0.082330 0.004167 0.011265
0 0.123524 0.082330 0.004167 0.011265
0 0.123307 0.082330 0.004080 0.011265
0 0.123090 0.082793 0.004167 0.011265
0 0.122830 0.082793 0.004167 0.011265
0 0.122569 0.082793 0.004167 0.011265
0 0.122309 0.083256 0.004167 0.011265
0 0.122092 0.083256 0.004080 0.011265
0 0.121875 0.083256 0.004167 0.011265
0 0.121615 0.083256 0.004167 0.011265
0 0.121354 0.083256 0.004167 0.011265
0 0.121094 0.083719 0.004167 0.011265
0 0.120877 0.083719 0.004080 0.011265
0 0.120616 0.083719 0.004080 0.011265
0 0.120399 0.083719 0.004167 0.011265
0 0.120139 0.083719 0.004167 0.011265
0 0.119878 0.084028 0.004167 0.011265
0 0.119618 0.084028 0.004167 0.011265
0 0.119401 0.084491 0.004080 0.011265
0 0.119184 0.084954 0.004167 0.011265
0 0.118924 0.085417 0.004167 0.011265
0 0.118924 0.085880 0.004167 0.011265
0 0.118663 0.086188 0.004167 0.011265
0 0.118403 0.086651 0.004167 0.011265
0 0.118186 0.087114 0.004080 0.011265
0 0.117969 0.087577 0.004167 0.011265
0 0.117969 0.088040 0.004167 0.011265
0 0.117708 0.088040 0.004167 0.011265
0 0.117448 0.088426 0.004167 0.011420
0 0.117188 0.088812 0.004167 0.011265
0 0.116970 0.088812 0.004080 0.011265
0 0.116970 0.089275 0.004080 0.011265
0 0.116753 0.089738 0.004167 0.011265
0 0.116493 0.089738 0.004167 0.011265
0 0.116233 0.090201 0.004167 0.011265
0 0.115972 0.090586 0.004167 0.011420
0 0.115972 0.090972 0.004167 0.011265
0 0.115712 0.090972 0.004167 0.011265
0 0.115495 0.091435 0.004080 0.011265
0 0.115278 0.091898 0.004167 0.011265
0 0.115017 0.091898 0.004167 0.011265
0 0.115017 0.092361 0.004167 0.011265
0 0.114757 0.092824 0.004167 0.011265
0 0.114497 0.092824 0.004167 0.011265
0 0.114280 0.093133 0.004080 0.011265
0 0.114062 0.093596 0.004167 0.011265
0 0.114062 0.094059 0.004167 0.011265
0 0.113802 0.094059 0.004167 0.011265
0 0.113542 0.094522 0.004167 0.011265
0 0.113281 0.094985 0.004167 0.011265
0 0.113281 0.094985 0.004167 0.011265
0 0.113064 0.095293 0.004080 0.011265
0 0.112847 0.095756 0.004167 0.011265
0 0.112847 0.095756 0.004167 0.011265
0 0.112587 0.096219 0.004167 0.011265
0 0.112326 0.096682 0.004167 0.011265
0 0.112326 0.097145 0.004167 0.011265
0 0.112066 0.097145 0.004167 0.011265
0 0.111849 0.097531 0.004080 0.011420
0 0.111589 0.097917 0.004080 0.011265
0 0.111372 0.098380 0.004167 0.011265
0 0.111372 0.098843 0.004167 0.011265
0 0.111111 0.099306 0.004167 0.011265
0 0.110851 0.099769 0.004167 0.011265
0 0.110590 0.100077 0.004167 0.011265
0 0.110373 0.100540 0.004080 0.011265
0 0.110373 0.101003 0.004080 0.011265
0 0.110156 0.101003 0.004167 0.011265
0 0.109896 0.101466 0.004167 0.011265
0 0.109635 0.101929 0.004167 0.011265
0 0.109375 0.102238 0.004167 0.011265
0 0.109375 0.102701 0.004167 0.011265
0 0.109158 0.102701 0.004080 0.011265
0 0.108941 0.103164 0.004167 0.011265
0 0.108681 0.103627 0.004167 0.011265
0 0.108420 0.104090 0.004167 0.011265
0 0.108420 0.104475 0.004167 0.011420
0 0.107943 0.104475 0.004080 0.011420
0 0.107726 0.104475 0.004167 0.011420
0 0.107465 0.104475 0.004167 0.011420
0 0.106944 0.104475 0.004167 0.011420
0 0.106684 0.104861 0.004167 0.011265
0 0.106467 0.104861 0.004080 0.011265
0 0.105990 0.104861 0.004167 0.011265
0 0.105729 0.104861 0.004167 0.011265
0 0.105469 0.104861 0.004167 0.011265
0 0.105252 0.105324 0.004080 0.011265
0 0.104905 0.105324 0.003906 0.011265
0 0.104644 0.105787 0.003906 0.011265
0 0.104384 0.106250 0.003906 0.011265
0 0.104123 0.106636 0.003906 0.011420
0 0.104036 0.107022 0.003733 0.011265
0 0.103819 0.107253 0.003646 0.011728
0 0.103559 0.107716 0.003646 0.011728
0 0.103299 0.108179 0.003646 0.011728
0 0.103038 0.108642 0.003646 0.011728
0 0.102908 0.109028 0.003385 0.011574
0 0.102691 0.109028 0.003472 0.011574
0 0.102431 0.109414 0.003472 0.011728
0 0.102214 0.109877 0.003385 0.011728
0 0.101953 0.110340 0.003385 0.011728
0 0.101693 0.110802 0.003385 0.011728
0 0.101476 0.111265 0.003472 0.011728
0 0.101215 0.111574 0.003472 0.011728
0 0.100998 0.112037 0.003385 0.011728
0 0.100738 0.112500 0.003385 0.011728
0 0.100738 0.112963 0.003385 0.011728
0 0.101215 0.112963 0.003472 0.011728
0 0.101953 0.113426 0.003385 0.011728
0 0.102431 0.113426 0.003472 0.011728
0 0.103168 0.113735 0.003385 0.011728
0 0.103689 0.113735 0.003385 0.011728
0 0.104384 0.114198 0.003385 0.011728
0 0.104905 0.114198 0.003385 0.011728
0 0.105599 0.114660 0.003385 0.011728
0 0.106120 0.114660 0.003385 0.011728
0 0.106814 0.115123 0.003385 0.011728
0 0.109288 0.115123 0.003472 0.011728
0 0.111719 0.115123 0.003472 0.011728
0 0.114149 0.115123 0.003472 0.011728
0 0.116623 0.115123 0.003385 0.011728
0 0.119054 0.115123 0.003385 0.011728
0 0.121484 0.115123 0.003385 0.011728
0 0.123915 0.115123 0.003385 0.011728
0 0.126345 0.115123 0.003385 0.011728
0 0.128776 0.115123 0.003385 0.011728
0 0.131250 0.115586 0.003472 0.011728
0 0.133203 0.115741 0.003385 0.012037
0 0.135373 0.116204 0.003385 0.012037
0 0.137457 0.116821 0.003733 0.012654
0 0.139670 0.117284 0.003646 0.012654
0 0.141710 0.117901 0.003906 0.012963
0 0.143837 0.118364 0.003646 0.012963
0 0.145877 0.118827 0.003906 0.012963
0 0.148047 0.119444 0.003906 0.013580
0 0.150174 0.119830 0.004167 0.013426
0 0.152344 0.120525 0.004167 0.013889
0 0.155035 0.120988 0.004167 0.013889
0 0.157726 0.121759 0.004167 0.013889
0 0.160417 0.122222 0.004167 0.013889
0 0.163108 0.123148 0.004167 0.013889
0 0.165799 0.123611 0.004167 0.013889
0 0.168446 0.124383 0.004080 0.013889
0 0.171137 0.124846 0.004080 0.013889
0 0.173828 0.125772 0.004080 0.013889
0 0.176476 0.126235 0.004167 0.013889
0 0.179167 0.127006 0.004167 0.013889
0 0.180512 0.127701 0.004427 0.014352
0 0.181988 0.128549 0.004427 0.014198
0 0.183464 0.129398 0.004427 0.014352
0 0.184939 0.130324 0.004427 0.014352
0 0.186502 0.131327 0.004601 0.014815
0 0.187847 0.132253 0.004861 0.014815
0 0.189323 0.133102 0.004861 0.014660
0 0.190799 0.133951 0.004861 0.014815
0 0.192274 0.134877 0.004861 0.014815
0 0.193793 0.135957 0.005122 0.015123
0 0.195052 0.136806 0.005208 0.015278
0 0.196484 0.138117 0.005122 0.015123
0 0.197830 0.139352 0.005382 0.015123
0 0.199306 0.140741 0.005382 0.015123
0 0.200781 0.141975 0.005382 0.015123
0 0.201997 0.142901 0.005382 0.015123
0 0.203472 0.144136 0.005382 0.015123
0 0.204818 0.145448 0.005642 0.015278
0 0.206293 0.146759 0.005642 0.015123
0 0.207769 0.148071 0.005642 0.015278
