0 0.181510 0.218364 0.009201 0.022222
0 0.181163 0.218133 0.009549 0.021759
0 0.180903 0.218133 0.010069 0.021759
0 0.180556 0.217901 0.010243 0.021296
0 0.180295 0.217901 0.010764 0.021296
0 0.179905 0.217901 0.011024 0.020370
0 0.179688 0.217901 0.011458 0.020370
0 0.179297 0.217670 0.011719 0.019907
0 0.179080 0.217670 0.012153 0.019907
0 0.178689 0.217515 0.012413 0.019599
0 0.178559 0.217747 0.012674 0.019136
0 0.178559 0.217284 0.012674 0.019136
0 0.178559 0.217284 0.012674 0.019136
0 0.178559 0.216821 0.012674 0.019136
0 0.178559 0.216821 0.012674 0.019136
0 0.178559 0.216821 0.012674 0.019136
0 0.178559 0.216358 0.012674 0.019136
0 0.178559 0.216358 0.012674 0.019136
0 0.178559 0.215972 0.012674 0.018981
0 0.178559 0.215972 0.012674 0.018981
0 0.178559 0.215972 0.012674 0.018981
0 0.178472 0.215972 0.012500 0.018981
0 0.178472 0.216204 0.012500 0.019444
0 0.178472 0.216204 0.012500 0.019444
0 0.178472 0.216435 0.011979 0.019907
0 0.178472 0.216667 0.011979 0.020370
0 0.178472 0.216667 0.011979 0.020370
0 0.178472 0.216898 0.011458 0.020833
0 0.178472 0.216898 0.011458 0.020833
0 0.178472 0.217052 0.011458 0.021142
0 0.178602 0.217284 0.011198 0.021605
0 0.178602 0.217284 0.011198 0.021605
0 0.178602 0.217284 0.011198 0.021605
0 0.178602 0.217284 0.011198 0.021605
0 0.178602 0.217284 0.011198 0.021605
0 0.178819 0.217284 0.011285 0.021605
0 0.178819 0.217284 0.011285 0.021605
0 0.178819 0.217284 0.011285 0.021605
0 0.178819 0.217284 0.011285 0.021605
0 0.178819 0.217284 0.011285 0.021605
0 0.179080 0.217284 0.011285 0.021605
0 0.179080 0.217284 0.011285 0.021605
0 0.179080 0.217284 0.011285 0.021605
0 0.179080 0.217284 0.011285 0.021605
0 0.179080 0.217284 0.011285 0.021605
0 0.179080 0.217284 0.011285 0.021605
0 0.179080 0.217284 0.011285 0.021605
0 0.179080 0.217284 0.011285 0.021605
0 0.179080 0.217284 0.011285 0.021605
0 0.179080 0.217284 0.011285 0.021605
0 0.179080 0.217284 0.011285 0.021605
0 0.179080 0.217052 0.011285 0.021142
0 0.179167 0.217052 0.011458 0.021142
0 0.179297 0.216898 0.011719 0.020833
0 0.179297 0.216898 0.011719 0.020833
0 0.179427 0.216898 0.011979 0.020833
0 0.179557 0.216667 0.012240 0.020370
0 0.179557 0.216667 0.012240 0.020370
0 0.179688 0.216435 0.012500 0.019907
0 0.179774 0.216435 0.012674 0.019907
0 0.179905 0.216435 0.012934 0.019907
0 0.179905 0.216435 0.012934 0.019907
0 0.179905 0.216821 0.012934 0.020062
0 0.179905 0.216821 0.012934 0.020062
0 0.179905 0.217284 0.012934 0.020062
0 0.180165 0.217284 0.012934 0.020062
0 0.180165 0.217670 0.012934 0.019907
0 0.180165 0.217670 0.012934 0.019907
0 0.180165 0.218133 0.012934 0.019907
0 0.180165 0.218133 0.012934 0.019907
0 0.180425 0.218596 0.012934 0.019907
0 0.180425 0.218596 0.012934 0.019907
0 0.180425 0.218596 0.012934 0.019907
0 0.180425 0.218596 0.012934 0.019907
0 0.180686 0.218981 0.012934 0.020062
0 0.180686 0.218981 0.012934 0.020062
0 0.180686 0.218981 0.012934 0.020062
0 0.180859 0.219444 0.012934 0.020062
0 0.180859 0.219444 0.012934 0.020062
0 0.180859 0.219444 0.012934 0.020062
0 0.181120 0.219830 0.012934 0.019907
0 0.181120 0.219830 0.012934 0.019907
0 0.181120 0.219830 0.012934 0.019907
0 0.181120 0.219830 0.012934 0.019907
0 0.181120 0.219830 0.012934 0.019907
0 0.181120 0.219830 0.012934 0.019907
0 0.181120 0.219830 0.012934 0.019907
0 0.181120 0.219830 0.012934 0.019907
0 0.181120 0.219830 0.012934 0.019907
0 0.181120 0.219830 0.012934 0.019907
0 0.181120 0.219830 0.012934 0.019907
0 0.181120 0.219830 0.012934 0.019907
0 0.181120 0.219830 0.012934 0.019907
0 0.181120 0.219830 0.012934 0.019907
0 0.181120 0.219830 0.012934 0.019907
0 0.181120 0.219830 0.012934 0.019907
0 0.181120 0.219830 0.012934 0.019907
0 0.181120 0.219830 0.012934 0.019907
0 0.181120 0.219830 0.012934 0.019907
0 0.181120 0.219830 0.012934 0.019907
0 0.181120 0.219830 0.012934 0.019907
0 0.181120 0.219830 0.012934 0.019907
0 0.181120 0.219830 0.012934 0.019907
0 0.181120 0.219830 0.012934 0.019907
0 0.181120 0.219830 0.012934 0.019907
0 0.181120 0.219830 0.012934 0.019907
0 0.181120 0.219830 0.012934 0.019907
0 0.181120 0.219830 0.012934 0.019907
0 0.181120 0.219830 0.012934 0.019907
0 0.181120 0.219830 0.012934 0.019907
0 0.181120 0.219830 0.012934 0.019907
0 0.181120 0.219830 0.012934 0.019907
0 0.181120 0.219830 0.012934 0.019907
0 0.181120 0.219830 0.012934 0.019907
0 0.181120 0.219830 0.012934 0.019907
0 0.181120 0.219830 0.012934 0.019907
0 0.181120 0.219830 0.012934 0.019907
0 0.181120 0.219830 0.012934 0.019907
0 0.181120 0.219830 0.012934 0.019907
0 0.181120 0.219830 0.012934 0.019907
0 0.181120 0.219830 0.012934 0.019907
0 0.181120 0.219830 0.012934 0.019907
0 0.181120 0.219830 0.012934 0.019907
0 0.181120 0.219830 0.012934 0.019907
0 0.181120 0.219830 0.012934 0.019907
0 0.181120 0.219830 0.012934 0.019907
0 0.181120 0.219830 0.012934 0.019907
0 0.181120 0.219830 0.012934 0.019907
0 0.181120 0.219830 0.012934 0.019907
0 0.181120 0.219830 0.012934 0.019907
0 0.181120 0.219830 0.012934 0.019907
0 0.180990 0.219676 0.013194 0.019599
0 0.180990 0.219676 0.013194 0.019599
0 0.180990 0.219676 0.013194 0.019599
0 0.180903 0.219676 0.013368 0.019599
0 0.180903 0.219676 0.013368 0.019599
0 0.180903 0.219676 0.013368 0.019599
0 0.180773 0.219676 0.013628 0.019599
0 0.180773 0.219676 0.013628 0.019599
0 0.180773 0.219676 0.013628 0.019599
0 0.180773 0.219676 0.013628 0.019599
0 0.180773 0.219676 0.013628 0.019599
0 0.180773 0.219676 0.013628 0.019599
0 0.180773 0.219676 0.013628 0.019599
0 0.180773 0.219676 0.013628 0.019599
0 0.180773 0.219676 0.013628 0.019599
0 0.180773 0.219676 0.013628 0.019599
0 0.180773 0.219676 0.013628 0.019599
0 0.180773 0.219676 0.013628 0.019599
0 0.180773 0.219676 0.013628 0.019599
0 0.180773 0.219676 0.013628 0.019599
0 0.180773 0.219676 0.013628 0.019599
0 0.180773 0.219676 0.013628 0.019599
0 0.180773 0.219676 0.013628 0.019599
0 0.180773 0.219676 0.013628 0.019599
0 0.180773 0.219676 0.013628 0.019599
0 0.180773 0.219676 0.013628 0.019599
0 0.180773 0.219676 0.013628 0.019599
0 0.180773 0.219676 0.013628 0.019599
0 0.180773 0.219676 0.013628 0.019599
0 0.180773 0.219676 0.013628 0.019599
0 0.180773 0.219676 0.013628 0.019599
0 0.180773 0.219676 0.013628 0.019599
0 0.180773 0.219676 0.013628 0.019599
0 0.180773 0.219676 0.013628 0.019599
0 0.180773 0.219676 0.013628 0.019599
0 0.180773 0.219676 0.013628 0.019599
0 0.180773 0.219676 0.013628 0.019599
0 0.180773 0.219676 0.013628 0.019599
0 0.180773 0.219676 0.013628 0.019599
0 0.180773 0.219676 0.013628 0.019599
0 0.180773 0.219676 0.013628 0.019599
0 0.180773 0.219676 0.013628 0.019599
0 0.180773 0.219676 0.013628 0.019599
0 0.180773 0.219676 0.013628 0.019599
0 0.180773 0.219676 0.013628 0.019599
0 0.180773 0.219676 0.013628 0.019599
0 0.180773 0.219676 0.013628 0.019599
0 0.180773 0.219676 0.013628 0.019599
0 0.180773 0.219676 0.013628 0.019599
0 0.180773 0.219676 0.013628 0.019599
