0 0.227648 0.090586 0.004427 0.013889
0 0.227648 0.090586 0.004427 0.013889
0 0.227648 0.090586 0.004427 0.013889
0 0.227648 0.090586 0.004427 0.013889
0 0.227648 0.090586 0.004427 0.013889
0 0.227648 0.090586 0.004427 0.013889
0 0.227648 0.090586 0.004427 0.013889
0 0.227648 0.090586 0.004427 0.013889
0 0.227648 0.090586 0.004427 0.013889
0 0.227648 0.090586 0.004427 0.013889
0 0.227648 0.090586 0.004427 0.013889
0 0.228733 0.090123 0.004167 0.013889
0 0.230078 0.089660 0.003906 0.013889
0 0.231424 0.089352 0.003646 0.013889
0 0.232639 0.089120 0.003646 0.013426
0 0.233984 0.088657 0.003385 0.013426
0 0.235330 0.088194 0.003125 0.013426
0 0.236545 0.087963 0.003125 0.012963
0 0.237847 0.087577 0.002951 0.013117
0 0.239193 0.087114 0.002691 0.013117
0 0.240538 0.087114 0.002431 0.013117
0 0.240538 0.086883 0.002431 0.012654
0 0.240538 0.086883 0.002431 0.012654
0 0.240538 0.086883 0.002431 0.012654
0 0.240538 0.086883 0.002431 0.012654
0 0.240538 0.086883 0.002431 0.012654
0 0.240538 0.086883 0.002431 0.012654
0 0.240538 0.086883 0.002431 0.012654
0 0.240538 0.086883 0.002431 0.012654
0 0.240538 0.086883 0.002431 0.012654
0 0.240538 0.086883 0.002431 0.012654
0 0.239974 0.086728 0.002691 0.012963
0 0.239453 0.086960 0.002691 0.013426
0 0.238976 0.087191 0.002604 0.013889
0 0.238368 0.087191 0.002951 0.013889
0 0.237847 0.087346 0.002951 0.014198
0 0.237413 0.087346 0.002951 0.015123
0 0.236762 0.087346 0.003212 0.015123
0 0.236285 0.087577 0.003125 0.015586
0 0.235807 0.087809 0.003212 0.016049
0 0.235330 0.088040 0.003125 0.016512
0 0.235330 0.087577 0.003125 0.016512
0 0.235330 0.087577 0.003125 0.016512
0 0.235330 0.087346 0.003125 0.016049
0 0.235547 0.087346 0.003212 0.016049
0 0.235547 0.087346 0.003212 0.016049
0 0.235547 0.087114 0.003212 0.015586
0 0.235807 0.087114 0.003212 0.015586
0 0.235807 0.086883 0.003212 0.015123
0 0.235807 0.086883 0.003212 0.015123
0 0.236068 0.086883 0.003212 0.015123
0 0.235937 0.087114 0.003472 0.015586
0 0.235937 0.087577 0.003472 0.015586
0 0.235937 0.087809 0.003472 0.016049
0 0.236024 0.088272 0.003646 0.016049
0 0.236024 0.088812 0.003646 0.016512
0 0.236024 0.089043 0.003646 0.016975
0 0.236155 0.089506 0.003906 0.016975
0 0.236155 0.089738 0.003906 0.017438
0 0.236155 0.090123 0.003906 0.017284
0 0.236285 0.090818 0.004167 0.017747
0 0.236285 0.090355 0.004167 0.017747
0 0.236285 0.090355 0.004167 0.017747
0 0.236285 0.090355 0.004167 0.017747
0 0.236285 0.090355 0.004167 0.017747
0 0.236415 0.090355 0.003906 0.017747
0 0.236415 0.090355 0.003906 0.017747
0 0.236415 0.090355 0.003906 0.017747
0 0.236415 0.090355 0.003906 0.017747
0 0.236415 0.090355 0.003906 0.017747
0 0.236675 0.090355 0.003906 0.017747
0 0.236415 0.090355 0.003906 0.017747
0 0.236415 0.090818 0.003906 0.017747
0 0.236155 0.091281 0.003906 0.017747
0 0.236155 0.091667 0.003906 0.017901
0 0.236155 0.092052 0.003906 0.017747
0 0.235894 0.092052 0.003906 0.017747
0 0.235894 0.092515 0.003906 0.017747
0 0.235720 0.092978 0.003906 0.017747
0 0.235720 0.093441 0.003906 0.017747
0 0.235720 0.093827 0.003906 0.017901
0 0.235460 0.093441 0.003906 0.017747
0 0.235460 0.093210 0.003906 0.018210
0 0.235330 0.092978 0.004167 0.017747
0 0.235200 0.092747 0.003906 0.018210
0 0.235200 0.092747 0.003906 0.018210
0 0.235069 0.092284 0.004167 0.018210
0 0.234939 0.092052 0.003906 0.018673
0 0.234809 0.091821 0.004167 0.018210
0 0.234809 0.091667 0.004167 0.018519
0 0.234809 0.091667 0.004167 0.018519
0 0.233984 0.091667 0.003906 0.018519
0 0.233203 0.091898 0.003906 0.018981
0 0.232509 0.091898 0.003906 0.018981
0 0.231814 0.092130 0.003906 0.019444
0 0.231033 0.092361 0.003906 0.019907
0 0.230339 0.092361 0.003906 0.019907
0 0.229557 0.092593 0.003906 0.020370
0 0.228863 0.092593 0.003906 0.020370
0 0.228082 0.092824 0.003906 0.020833
0 0.227387 0.093133 0.003906 0.020833
0 0.227387 0.093133 0.003906 0.020833
0 0.227387 0.093133 0.003906 0.020833
0 0.227387 0.093133 0.003906 0.020833
0 0.227387 0.093133 0.003906 0.020833
0 0.227387 0.093133 0.003906 0.020833
0 0.227387 0.093133 0.003906 0.020833
0 0.227387 0.093133 0.003906 0.020833
0 0.227387 0.093133 0.003906 0.020833
0 0.227387 0.093133 0.003906 0.020833
0 0.227387 0.093133 0.003906 0.020833
0 0.227387 0.092747 0.003906 0.020062
0 0.227387 0.092515 0.003906 0.019599
0 0.227387 0.092052 0.003906 0.018673
0 0.227387 0.091821 0.003906 0.018210
0 0.227517 0.091898 0.004167 0.017438
0 0.227517 0.091435 0.004167 0.016512
0 0.227517 0.091204 0.004167 0.016049
0 0.227517 0.090818 0.004167 0.015278
0 0.227517 0.090586 0.004167 0.014815
0 0.227648 0.090586 0.004427 0.013889
0 0.227648 0.090586 0.004427 0.013889
0 0.227648 0.090586 0.004427 0.013889
0 0.227648 0.090586 0.004427 0.013889
0 0.227648 0.090586 0.004427 0.013889
0 0.227648 0.090586 0.004427 0.013889
0 0.227648 0.090586 0.004427 0.013889
0 0.227648 0.090586 0.004427 0.013889
0 0.227648 0.090586 0.004427 0.013889
0 0.227648 0.090586 0.004427 0.013889
0 0.227648 0.090586 0.004427 0.013889
0 0.227648 0.090586 0.004427 0.013889
0 0.227648 0.090586 0.004427 0.013889
0 0.227648 0.090586 0.004427 0.013889
0 0.227648 0.090586 0.004427 0.013889
0 0.227648 0.090586 0.004427 0.013889
0 0.227648 0.090586 0.004427 0.013889
0 0.227648 0.090586 0.004427 0.013889
0 0.227648 0.090586 0.004427 0.013889
0 0.227648 0.090586 0.004427 0.013889
0 0.227648 0.090586 0.004427 0.013889
0 0.227648 0.090586 0.004427 0.013889
0 0.227648 0.090586 0.004427 0.013889
0 0.227648 0.090586 0.004427 0.013889
0 0.227648 0.090586 0.004427 0.013889
0 0.227648 0.090586 0.004427 0.013889
0 0.227648 0.090586 0.004427 0.013889
0 0.227648 0.090586 0.004427 0.013889
0 0.227648 0.090586 0.004427 0.013889
0 0.227648 0.090586 0.004427 0.013889
0 0.227648 0.090586 0.004427 0.013889
0 0.227648 0.090586 0.004427 0.013889
0 0.227648 0.090586 0.004427 0.013889
0 0.227648 0.090586 0.004427 0.013889
0 0.227648 0.090586 0.004427 0.013889
0 0.227648 0.090586 0.004427 0.013889
0 0.227648 0.090586 0.004427 0.013889
0 0.227648 0.090586 0.004427 0.013889
0 0.227648 0.090586 0.004427 0.013889
0 0.227648 0.090586 0.004427 0.013889
0 0.227648 0.090586 0.004427 0.013889
0 0.227648 0.090586 0.004427 0.013889
0 0.227648 0.090586 0.004427 0.013889
0 0.227648 0.090586 0.004427 0.013889
0 0.227648 0.090586 0.004427 0.013889
0 0.227648 0.090586 0.004427 0.013889
0 0.227648 0.090586 0.004427 0.013889
0 0.227648 0.090586 0.004427 0.013889
0 0.227648 0.090586 0.004427 0.013889
0 0.227648 0.090586 0.004427 0.013889
0 0.227648 0.090586 0.004427 0.013889
0 0.227648 0.090586 0.004427 0.013889
0 0.227648 0.090586 0.004427 0.013889
0 0.227648 0.090586 0.004427 0.013889
0 0.227648 0.090586 0.004427 0.013889
0 0.227648 0.090586 0.004427 0.013889
0 0.227648 0.090586 0.004427 0.013889
0 0.227648 0.090586 0.004427 0.013889
0 0.227648 0.090586 0.004427 0.013889
0 0.227648 0.090586 0.004427 0.013889
0 0.227648 0.090586 0.004427 0.013889
