0 0.044010 0.132022 0.006076 0.020525
0 0.043750 0.132022 0.006076 0.020525
0 0.043490 0.132022 0.006076 0.020525
0 0.043273 0.132022 0.006163 0.020525
0 0.043186 0.132022 0.006337 0.020525
0 0.043056 0.132022 0.006076 0.020525
0 0.042795 0.132022 0.006076 0.020525
0 0.042665 0.132022 0.006337 0.020525
0 0.042405 0.132022 0.006337 0.020525
0 0.042144 0.132022 0.006337 0.020525
0 0.042144 0.132022 0.006337 0.020525
0 0.041710 0.132022 0.006337 0.020525
0 0.041450 0.132022 0.006337 0.020525
0 0.041189 0.132022 0.006337 0.020525
0 0.040929 0.132022 0.006337 0.020525
0 0.040712 0.132022 0.006424 0.020525
0 0.040234 0.132022 0.006337 0.020525
0 0.039974 0.132022 0.006337 0.020525
0 0.039714 0.132022 0.006337 0.020525
0 0.039453 0.132022 0.006337 0.020525
0 0.039280 0.132253 0.006337 0.020062
0 0.039019 0.132253 0.006337 0.020062
0 0.038759 0.132253 0.006337 0.020062
0 0.038498 0.132253 0.006337 0.020062
0 0.038238 0.132253 0.006337 0.020062
0 0.038021 0.132253 0.006424 0.020062
0 0.037804 0.132253 0.006337 0.020062
0 0.037543 0.132253 0.006337 0.020062
0 0.037283 0.132253 0.006337 0.020062
0 0.037023 0.132253 0.006337 0.020062
0 0.036806 0.132253 0.006424 0.020062
0 0.036458 0.131790 0.006597 0.020062
0 0.036198 0.131790 0.006597 0.020062
0 0.035807 0.131790 0.006858 0.020062
0 0.035590 0.131790 0.006771 0.020062
0 0.035460 0.131790 0.007031 0.020062
0 0.035069 0.131404 0.007292 0.019907
0 0.034852 0.131404 0.007378 0.019907
0 0.034505 0.131404 0.007552 0.019907
0 0.034245 0.131404 0.007552 0.019907
0 0.034115 0.131404 0.007812 0.019907
0 0.033594 0.130941 0.007812 0.019907
0 0.033160 0.130941 0.007812 0.019907
0 0.032639 0.130941 0.007812 0.019907
0 0.032205 0.130478 0.007812 0.019907
0 0.031944 0.130478 0.007812 0.019907
0 0.031424 0.130478 0.007812 0.019907
0 0.030946 0.130015 0.007726 0.019907
0 0.030469 0.130015 0.007812 0.019907
0 0.029948 0.130015 0.007812 0.019907
0 0.029687 0.130015 0.007812 0.019907
0 0.029514 0.130015 0.007812 0.019907
0 0.029253 0.130015 0.007812 0.019907
0 0.029253 0.130015 0.007812 0.019907
0 0.028993 0.130015 0.007812 0.019907
0 0.028993 0.130015 0.007812 0.019907
0 0.028733 0.130015 0.007812 0.019907
0 0.028472 0.130015 0.007812 0.019907
0 0.028472 0.130015 0.007812 0.019907
0 0.028299 0.130015 0.007812 0.019907
0 0.028299 0.130015 0.007812 0.019907
0 0.028038 0.129630 0.007812 0.020062
0 0.028038 0.129244 0.007812 0.019907
0 0.028038 0.128781 0.007812 0.019907
0 0.027778 0.128318 0.007812 0.019907
0 0.027778 0.127855 0.007812 0.019907
0 0.027778 0.127469 0.007812 0.020062
0 0.027517 0.127083 0.007812 0.019907
0 0.027517 0.126620 0.007812 0.019907
0 0.027517 0.126157 0.007812 0.019907
0 0.027517 0.125694 0.007812 0.019907
0 0.027257 0.125309 0.007812 0.020062
0 0.027257 0.124846 0.007812 0.020062
0 0.027257 0.124460 0.007812 0.019907
0 0.027257 0.123997 0.007812 0.019907
0 0.027257 0.123765 0.007812 0.019444
0 0.027170 0.123380 0.007639 0.019599
0 0.027170 0.122917 0.007639 0.019599
0 0.027170 0.122454 0.007639 0.019599
0 0.027170 0.122068 0.007639 0.019444
0 0.027170 0.122068 0.007639 0.019444
0 0.026953 0.121605 0.007552 0.019444
0 0.026953 0.121142 0.007552 0.019444
0 0.026953 0.120756 0.007552 0.019599
0 0.026823 0.120293 0.007812 0.019599
0 0.026823 0.119907 0.007812 0.019444
0 0.026693 0.119444 0.007552 0.019444
0 0.026562 0.118981 0.007812 0.019444
0 0.026562 0.118596 0.007812 0.019599
0 0.026562 0.118133 0.007812 0.019599
0 0.026562 0.117670 0.007812 0.019599
0 0.026302 0.117284 0.007812 0.019444
0 0.026302 0.116821 0.007812 0.019444
0 0.026302 0.116435 0.007812 0.019599
0 0.026302 0.115972 0.007812 0.019599
0 0.026302 0.115509 0.007812 0.019599
0 0.026042 0.115123 0.007812 0.019444
0 0.026042 0.114660 0.007812 0.019444
0 0.026042 0.114198 0.007812 0.019444
0 0.026042 0.113812 0.007812 0.019599
0 0.026042 0.113812 0.007812 0.019599
0 0.025825 0.113349 0.007726 0.019599
0 0.025825 0.112963 0.007726 0.019444
0 0.025825 0.112500 0.007726 0.019444
0 0.025608 0.112037 0.007812 0.019444
0 0.025608 0.112037 0.007812 0.019444
0 0.025608 0.111651 0.007812 0.019599
0 0.025347 0.111188 0.007812 0.019599
0 0.025347 0.110725 0.007812 0.019599
0 0.025347 0.110340 0.007812 0.019444
0 0.025347 0.110340 0.007812 0.019444
0 0.025347 0.109877 0.007812 0.019444
0 0.025608 0.109491 0.007812 0.019599
0 0.025825 0.109028 0.007726 0.019599
0 0.025825 0.108565 0.007726 0.019599
0 0.026042 0.108565 0.007812 0.019599
0 0.026302 0.108179 0.007812 0.019444
0 0.026302 0.107716 0.007812 0.019444
0 0.026562 0.107330 0.007812 0.019599
0 0.026823 0.106867 0.007812 0.019599
0 0.027083 0.106867 0.007812 0.019599
0 0.026823 0.106404 0.007812 0.019599
0 0.026562 0.106019 0.007812 0.019444
0 0.026562 0.105556 0.007812 0.019444
0 0.026302 0.105093 0.007812 0.019444
0 0.026302 0.104707 0.007812 0.019599
0 0.026042 0.104244 0.007812 0.019599
0 0.025825 0.103858 0.007726 0.019444
0 0.025825 0.103395 0.007726 0.019444
0 0.025608 0.102932 0.007812 0.019444
0 0.025608 0.102932 0.007812 0.019444
0 0.025087 0.102546 0.007812 0.019599
0 0.024826 0.102546 0.007812 0.019599
0 0.024392 0.102083 0.007812 0.019599
0 0.024132 0.102083 0.007812 0.019599
0 0.023611 0.101620 0.007812 0.019599
0 0.023351 0.101620 0.007812 0.019599
0 0.022917 0.101235 0.007812 0.019444
0 0.022656 0.101235 0.007812 0.019444
0 0.022135 0.100772 0.007812 0.019444
0 0.021918 0.100772 0.007726 0.019444
0 0.021441 0.100772 0.007812 0.019444
0 0.021181 0.100772 0.007812 0.019444
0 0.020790 0.100772 0.007552 0.019444
0 0.020486 0.100772 0.007812 0.019444
0 0.020226 0.100772 0.007812 0.019444
0 0.019835 0.100772 0.007552 0.019444
0 0.019444 0.100772 0.007812 0.019444
0 0.019141 0.100772 0.007552 0.019444
0 0.018880 0.100772 0.007552 0.019444
0 0.018620 0.100772 0.007552 0.019444
0 0.018142 0.100386 0.007639 0.019599
0 0.017925 0.100386 0.007552 0.019599
0 0.017405 0.100386 0.007552 0.019599
0 0.017144 0.099923 0.007552 0.019599
0 0.016667 0.099923 0.007639 0.019599
0 0.016450 0.099923 0.007552 0.019599
0 0.015929 0.099460 0.007552 0.019599
0 0.015668 0.099460 0.007552 0.019599
0 0.015234 0.099460 0.007552 0.019599
0 0.014974 0.099460 0.007552 0.019599
0 0.014583 0.099460 0.007812 0.019599
0 0.014323 0.099460 0.007812 0.019599
0 0.014149 0.099923 0.007812 0.019599
0 0.013889 0.099923 0.007812 0.019599
0 0.013628 0.100386 0.007812 0.019599
0 0.013368 0.100386 0.007812 0.019599
0 0.013108 0.100386 0.007812 0.019599
0 0.012891 0.100772 0.007726 0.019444
0 0.012674 0.100772 0.007812 0.019444
0 0.012413 0.101235 0.007812 0.019444
0 0.011892 0.100772 0.007812 0.019444
0 0.011632 0.100386 0.007812 0.019599
0 0.011458 0.100154 0.007812 0.020062
0 0.011198 0.099923 0.007812 0.019599
0 0.010937 0.099691 0.007812 0.020062
0 0.010677 0.099306 0.007812 0.019907
0 0.010417 0.099074 0.007812 0.019444
0 0.010243 0.098843 0.007812 0.019907
0 0.009983 0.098380 0.007812 0.019907
0 0.009722 0.098380 0.007812 0.019907
