0 0.243359 0.117052 0.006163 0.016512
0 0.243142 0.116590 0.006076 0.016512
0 0.242882 0.116590 0.006076 0.016512
0 0.242622 0.116590 0.006076 0.016512
0 0.242491 0.116590 0.005816 0.016512
0 0.242274 0.116590 0.005903 0.016512
0 0.242014 0.116127 0.005903 0.016512
0 0.241884 0.116127 0.005642 0.016512
0 0.241667 0.116127 0.005556 0.016512
0 0.241406 0.116127 0.005556 0.016512
0 0.241319 0.116127 0.005382 0.016512
0 0.241059 0.116127 0.005382 0.016512
0 0.241059 0.116127 0.005382 0.016512
0 0.240799 0.116127 0.005382 0.016512
0 0.240799 0.116127 0.005382 0.016512
0 0.240538 0.116127 0.005382 0.016512
0 0.240538 0.116127 0.005382 0.016512
0 0.240321 0.116127 0.005295 0.016512
0 0.240321 0.116127 0.005295 0.016512
0 0.240104 0.116127 0.005382 0.016512
0 0.240104 0.116127 0.005382 0.016512
0 0.239844 0.116127 0.005382 0.016512
0 0.239844 0.116127 0.005382 0.016512
0 0.239844 0.116127 0.005382 0.016512
0 0.239844 0.116127 0.005382 0.016512
0 0.239844 0.116127 0.005382 0.016512
0 0.239583 0.116127 0.005382 0.016512
0 0.239583 0.116127 0.005382 0.016512
0 0.239583 0.116127 0.005382 0.016512
0 0.239583 0.116127 0.005382 0.016512
0 0.239583 0.116127 0.005382 0.016512
0 0.239583 0.116127 0.005382 0.016512
0 0.239583 0.116127 0.005382 0.016512
0 0.239583 0.116127 0.005382 0.016512
0 0.239583 0.116127 0.005382 0.016512
0 0.239583 0.116127 0.005382 0.016512
0 0.239583 0.116127 0.005382 0.016512
0 0.239583 0.116127 0.005382 0.016512
0 0.239583 0.116127 0.005382 0.016512
0 0.239583 0.116127 0.005382 0.016512
0 0.239583 0.116127 0.005382 0.016512
0 0.239583 0.116127 0.005382 0.016512
0 0.239583 0.116127 0.005382 0.016512
0 0.239583 0.116127 0.005382 0.016512
0 0.239583 0.116127 0.005382 0.016512
0 0.239583 0.116127 0.005382 0.016512
0 0.239583 0.116127 0.005382 0.016512
0 0.239583 0.116127 0.005382 0.016512
0 0.239583 0.116127 0.005382 0.016512
0 0.239583 0.116127 0.005382 0.016512
0 0.239583 0.116127 0.005382 0.016512
0 0.239583 0.116127 0.005382 0.016512
0 0.239583 0.116127 0.005382 0.016512
0 0.239583 0.116127 0.005382 0.016512
0 0.239583 0.116127 0.005382 0.016512
0 0.239583 0.116127 0.005382 0.016512
0 0.239583 0.116127 0.005382 0.016512
0 0.239583 0.116127 0.005382 0.016512
0 0.239583 0.116127 0.005382 0.016512
0 0.239583 0.116127 0.005382 0.016512
0 0.239583 0.116127 0.005382 0.016512
0 0.239583 0.116127 0.005382 0.016512
0 0.239583 0.116127 0.005382 0.016512
0 0.239583 0.116127 0.005382 0.016512
0 0.239583 0.116127 0.005382 0.016512
0 0.239583 0.116127 0.005382 0.016512
0 0.239583 0.116127 0.005382 0.016512
0 0.239583 0.116127 0.005382 0.016512
0 0.239583 0.116127 0.005382 0.016512
0 0.239583 0.116127 0.005382 0.016512
0 0.239583 0.116127 0.005382 0.016512
0 0.239583 0.116127 0.005382 0.016512
0 0.239583 0.116127 0.005382 0.016512
0 0.239583 0.116127 0.005382 0.016512
0 0.239583 0.116127 0.005382 0.016512
0 0.239844 0.116127 0.005382 0.016512
0 0.239844 0.116127 0.005382 0.016512
0 0.239844 0.116127 0.005382 0.016512
0 0.239844 0.116127 0.005382 0.016512
0 0.239844 0.116127 0.005382 0.016512
0 0.240104 0.116127 0.005382 0.016512
0 0.239844 0.116127 0.005382 0.016512
0 0.239844 0.116127 0.005382 0.016512
0 0.239844 0.116127 0.005382 0.016512
0 0.239844 0.116127 0.005382 0.016512
0 0.239844 0.116127 0.005382 0.016512
0 0.239583 0.116127 0.005382 0.016512
0 0.239583 0.116127 0.005382 0.016512
0 0.239583 0.116127 0.005382 0.016512
0 0.239583 0.116127 0.005382 0.016512
0 0.239583 0.116127 0.005382 0.016512
0 0.239583 0.116127 0.005382 0.016512
0 0.239583 0.116127 0.005382 0.016512
0 0.239583 0.116127 0.005382 0.016512
0 0.239583 0.116127 0.005382 0.016512
0 0.239583 0.116127 0.005382 0.016512
0 0.239583 0.116127 0.005382 0.016512
0 0.239583 0.116127 0.005382 0.016512
0 0.239583 0.116127 0.005382 0.016512
0 0.239583 0.116127 0.005382 0.016512
0 0.239583 0.116127 0.005382 0.016512
0 0.239453 0.116127 0.005642 0.016512
0 0.239453 0.116127 0.005642 0.016512
0 0.239453 0.116127 0.005642 0.016512
0 0.239453 0.116127 0.005642 0.016512
0 0.239453 0.116127 0.005642 0.016512
0 0.239323 0.116127 0.005903 0.016512
0 0.239323 0.116127 0.005903 0.016512
0 0.239323 0.116127 0.005903 0.016512
0 0.239323 0.116127 0.005903 0.016512
0 0.239453 0.116127 0.006163 0.016512
0 0.239714 0.116127 0.006163 0.016512
0 0.239931 0.116127 0.006076 0.016512
0 0.240191 0.116127 0.006076 0.016512
0 0.240451 0.116127 0.006076 0.016512
0 0.240929 0.116590 0.006163 0.016512
0 0.241146 0.116590 0.006076 0.016512
0 0.241406 0.116590 0.006076 0.016512
0 0.241667 0.116590 0.006076 0.016512
0 0.241927 0.116590 0.006076 0.016512
0 0.242361 0.117052 0.006076 0.016512
0 0.242361 0.117052 0.006076 0.017438
0 0.242491 0.117284 0.005816 0.017901
0 0.242752 0.117438 0.005816 0.018210
0 0.242882 0.117670 0.005556 0.018673
0 0.243099 0.118133 0.005642 0.019599
0 0.243099 0.118133 0.005642 0.020525
0 0.243229 0.118287 0.005382 0.020833
0 0.243490 0.118519 0.005382 0.021296
0 0.243620 0.118750 0.005122 0.021759
0 0.243880 0.119213 0.005122 0.022685
0 0.243880 0.118981 0.005122 0.022222
0 0.243880 0.119213 0.005122 0.021759
0 0.243880 0.119213 0.005122 0.021759
0 0.243880 0.119213 0.005122 0.020833
0 0.243880 0.119213 0.005122 0.020833
0 0.243880 0.119444 0.005122 0.020370
0 0.243880 0.119213 0.005122 0.019907
0 0.243880 0.119444 0.005122 0.019444
0 0.243880 0.119444 0.005122 0.019444
0 0.244010 0.119676 0.005382 0.018981
0 0.241536 0.119213 0.005295 0.018981
0 0.239062 0.118827 0.005382 0.019136
0 0.236892 0.118364 0.005382 0.019136
0 0.234462 0.117901 0.005382 0.019136
0 0.232292 0.117438 0.005382 0.019136
0 0.229861 0.117052 0.005382 0.018981
0 0.227387 0.116667 0.005295 0.019136
0 0.225174 0.116204 0.005382 0.019136
0 0.222743 0.115741 0.005382 0.019136
0 0.220573 0.115278 0.005382 0.019136
0 0.215451 0.114429 0.005382 0.018981
0 0.210547 0.114043 0.005295 0.019136
0 0.205642 0.113117 0.005382 0.019136
0 0.200781 0.112731 0.005382 0.018981
0 0.195920 0.111883 0.005382 0.019136
0 0.190799 0.111420 0.005382 0.019136
0 0.185938 0.110494 0.005382 0.019136
0 0.180990 0.110108 0.005382 0.018981
0 0.176128 0.109259 0.005382 0.019136
0 0.171267 0.108796 0.005382 0.019136
0 0.165191 0.109722 0.005382 0.019136
0 0.159158 0.110725 0.005642 0.019599
0 0.153082 0.111651 0.005642 0.019599
0 0.147092 0.112963 0.005816 0.019444
0 0.141102 0.113812 0.005642 0.019599
0 0.135156 0.114892 0.005903 0.019907
0 0.129036 0.115972 0.005816 0.019599
0 0.123090 0.117052 0.006076 0.019907
0 0.116970 0.117901 0.006163 0.020062
0 0.111111 0.119213 0.006076 0.019907
0 0.103038 0.122299 0.006076 0.019907
0 0.095009 0.125309 0.006163 0.020062
0 0.086979 0.128318 0.006076 0.019907
0 0.078906 0.131404 0.006076 0.019907
0 0.070833 0.134414 0.006076 0.020062
0 0.062804 0.137423 0.006163 0.019907
0 0.054731 0.140509 0.006163 0.019907
0 0.046701 0.143519 0.006076 0.020062
0 0.038628 0.146528 0.006076 0.019907
0 0.030556 0.150000 0.006076 0.020062
