0 0.208854 0.058488 0.004340 0.016358
0 0.208854 0.058488 0.004340 0.016358
0 0.208854 0.058488 0.004340 0.016358
0 0.208854 0.058488 0.004340 0.016358
0 0.208854 0.058488 0.004340 0.016358
0 0.208854 0.058488 0.004340 0.016358
0 0.208854 0.058488 0.004340 0.016358
0 0.208854 0.058488 0.004340 0.016358
0 0.208854 0.058488 0.004340 0.016358
0 0.208854 0.058488 0.004340 0.016358
0 0.208854 0.058488 0.004340 0.016358
0 0.208854 0.058488 0.004340 0.016358
0 0.208854 0.058488 0.004340 0.016358
0 0.208854 0.058488 0.004340 0.016358
0 0.208854 0.058488 0.004340 0.016358
0 0.208854 0.058488 0.004340 0.016358
0 0.208854 0.058488 0.004340 0.016358
0 0.208854 0.058488 0.004340 0.016358
0 0.208854 0.058488 0.004340 0.016358
0 0.208854 0.058488 0.004340 0.016358
0 0.208854 0.058488 0.004340 0.016358
0 0.208854 0.058488 0.004340 0.016358
0 0.208854 0.058488 0.004340 0.016358
0 0.208854 0.058488 0.004340 0.016358
0 0.208854 0.058488 0.004340 0.016358
0 0.208854 0.058488 0.004340 0.016358
0 0.208854 0.058488 0.004340 0.016358
0 0.208854 0.058488 0.004340 0.016358
0 0.208854 0.058488 0.004340 0.016358
0 0.208854 0.058488 0.004340 0.016358
0 0.208854 0.058488 0.004340 0.016358
0 0.208854 0.058488 0.004340 0.016358
0 0.208854 0.058488 0.004340 0.016358
0 0.208854 0.058488 0.004340 0.016358
0 0.208854 0.058488 0.004340 0.016358
0 0.208854 0.058488 0.004340 0.016358
0 0.208854 0.058488 0.004340 0.016358
0 0.208854 0.058488 0.004340 0.016358
0 0.208854 0.058488 0.004340 0.016358
0 0.208854 0.058488 0.004340 0.016358
0 0.208854 0.058488 0.004340 0.016358
0 0.208377 0.058488 0.004427 0.016358
0 0.207986 0.058642 0.004167 0.016049
0 0.207726 0.058873 0.004167 0.015586
0 0.207248 0.059105 0.004080 0.015123
0 0.207031 0.059568 0.004167 0.015123
0 0.206641 0.059799 0.003906 0.014660
0 0.206120 0.059954 0.003906 0.014352
0 0.205946 0.060185 0.003906 0.013889
0 0.205556 0.060417 0.003646 0.013426
0 0.205295 0.060880 0.003646 0.013426
0 0.205295 0.060880 0.003646 0.013426
0 0.205295 0.060880 0.003646 0.013426
0 0.205295 0.060880 0.003646 0.013426
0 0.205295 0.060880 0.003646 0.013426
0 0.205295 0.060880 0.003646 0.013426
0 0.205295 0.060880 0.003646 0.013426
0 0.205295 0.060880 0.003646 0.013426
0 0.205295 0.060880 0.003646 0.013426
0 0.205295 0.060880 0.003646 0.013426
0 0.205295 0.060880 0.003646 0.013426
0 0.206033 0.060648 0.003733 0.012963
0 0.206771 0.060648 0.003646 0.012963
0 0.207465 0.060648 0.003646 0.012963
0 0.208247 0.060648 0.003646 0.012963
0 0.208941 0.060648 0.003646 0.012963
0 0.209722 0.060648 0.003646 0.012963
0 0.210417 0.060648 0.003646 0.012963
0 0.211155 0.060648 0.003733 0.012963
0 0.211892 0.060648 0.003646 0.012963
0 0.212717 0.060880 0.003385 0.012500
0 0.212977 0.060880 0.003385 0.012500
0 0.213238 0.060880 0.003385 0.012500
0 0.213498 0.060880 0.003385 0.012500
0 0.213976 0.060880 0.003472 0.012500
0 0.214193 0.060880 0.003385 0.012500
0 0.214453 0.060880 0.003385 0.012500
0 0.214931 0.060880 0.003472 0.012500
0 0.215191 0.060880 0.003472 0.012500
0 0.215408 0.060880 0.003385 0.012500
0 0.215929 0.060880 0.003385 0.012500
0 0.215929 0.060880 0.003385 0.012500
0 0.215929 0.060880 0.003385 0.012500
0 0.215929 0.060880 0.003385 0.012500
0 0.216146 0.060880 0.003472 0.012500
0 0.216146 0.060880 0.003472 0.012500
0 0.216146 0.060880 0.003472 0.012500
0 0.216406 0.060880 0.003472 0.012500
0 0.216406 0.060880 0.003472 0.012500
0 0.216406 0.060880 0.003472 0.012500
0 0.216623 0.060880 0.003385 0.012500
0 0.216623 0.060880 0.003385 0.012500
0 0.216623 0.060880 0.003385 0.012500
0 0.216623 0.060880 0.003385 0.012500
0 0.216623 0.060880 0.003385 0.012500
0 0.216623 0.060880 0.003385 0.012500
0 0.216623 0.060880 0.003385 0.012500
0 0.216623 0.060880 0.003385 0.012500
0 0.216623 0.060880 0.003385 0.012500
0 0.216623 0.060880 0.003385 0.012500
0 0.216623 0.060880 0.003385 0.012500
0 0.216493 0.060417 0.003646 0.012500
0 0.216493 0.060417 0.003646 0.012500
0 0.216363 0.060185 0.003906 0.012963
0 0.216363 0.060185 0.003906 0.012963
0 0.216363 0.059954 0.003906 0.013426
0 0.216276 0.059799 0.004080 0.013117
0 0.216276 0.059568 0.004080 0.013580
0 0.216146 0.059568 0.004340 0.013580
0 0.216146 0.059414 0.004340 0.013889
0 0.216276 0.059414 0.004601 0.013889
0 0.216276 0.059414 0.004601 0.013889
0 0.216276 0.059414 0.004601 0.013889
0 0.216276 0.059414 0.004601 0.013889
0 0.216536 0.059414 0.004601 0.013889
0 0.216536 0.059414 0.004601 0.013889
0 0.216536 0.059414 0.004601 0.013889
0 0.216753 0.059414 0.004687 0.013889
0 0.216753 0.059414 0.004687 0.013889
0 0.216753 0.059414 0.004687 0.013889
0 0.217014 0.059722 0.004687 0.013889
0 0.216536 0.059414 0.004601 0.013889
0 0.216276 0.059414 0.004601 0.013889
0 0.216016 0.059414 0.004601 0.013889
0 0.215538 0.059414 0.004687 0.013889
0 0.215321 0.059414 0.004601 0.013889
0 0.215061 0.058951 0.004601 0.013889
0 0.214583 0.058951 0.004687 0.013889
0 0.214323 0.058951 0.004687 0.013889
0 0.214106 0.058951 0.004601 0.013889
0 0.213845 0.058951 0.004601 0.013889
0 0.213585 0.058951 0.004601 0.013889
0 0.213368 0.058951 0.004687 0.013889
0 0.213108 0.058951 0.004687 0.013889
0 0.212891 0.058951 0.004601 0.013889
0 0.212630 0.058951 0.004601 0.013889
0 0.212370 0.058951 0.004601 0.013889
0 0.212109 0.058951 0.004601 0.013889
0 0.211892 0.058951 0.004687 0.013889
0 0.211632 0.058951 0.004687 0.013889
0 0.211632 0.058951 0.004687 0.013889
0 0.211155 0.058719 0.004601 0.014352
0 0.210894 0.058719 0.004601 0.014352
0 0.210677 0.058488 0.004687 0.014815
0 0.210417 0.058488 0.004687 0.014815
0 0.210200 0.058719 0.004601 0.015278
0 0.209809 0.058488 0.004340 0.015741
0 0.209592 0.058488 0.004427 0.015741
0 0.209332 0.058333 0.004427 0.016049
0 0.209071 0.058333 0.004427 0.016049
0 0.208854 0.058488 0.004340 0.016358
0 0.209071 0.058488 0.004427 0.016358
0 0.209332 0.058488 0.004427 0.016358
0 0.209592 0.058488 0.004427 0.016358
0 0.209809 0.058488 0.004340 0.016358
0 0.210069 0.058488 0.004340 0.016358
0 0.210286 0.058488 0.004427 0.016358
0 0.210547 0.058488 0.004427 0.016358
0 0.210807 0.058488 0.004427 0.016358
0 0.211024 0.058488 0.004340 0.016358
0 0.211502 0.058488 0.004427 0.016358
0 0.211502 0.058488 0.004427 0.016358
0 0.211762 0.058488 0.004427 0.016358
0 0.211762 0.058488 0.004427 0.016358
0 0.212023 0.058488 0.004427 0.016358
0 0.212023 0.058488 0.004427 0.016358
0 0.212240 0.058488 0.004340 0.016358
0 0.212240 0.058488 0.004340 0.016358
0 0.212500 0.058488 0.004340 0.016358
0 0.212500 0.058488 0.004340 0.016358
0 0.212760 0.058873 0.004340 0.016512
0 0.212500 0.058873 0.004340 0.016512
0 0.212240 0.058873 0.004340 0.016512
0 0.212023 0.058873 0.004427 0.016512
0 0.212023 0.058873 0.004427 0.016512
0 0.211762 0.058873 0.004427 0.016512
0 0.211502 0.058873 0.004427 0.016512
0 0.211285 0.058873 0.004340 0.016512
0 0.211285 0.058873 0.004340 0.016512
0 0.211024 0.058873 0.004340 0.016512
0 0.210807 0.058873 0.004427 0.016512
