0 0.163194 0.078627 0.005903 0.018673
0 0.163194 0.078164 0.005903 0.018673
0 0.163194 0.078009 0.005903 0.018364
0 0.163325 0.077778 0.006163 0.017901
0 0.163455 0.077546 0.005903 0.017438
0 0.163585 0.077315 0.006163 0.016975
0 0.163585 0.077083 0.006163 0.016512
0 0.163715 0.076852 0.005903 0.016049
0 0.163802 0.076698 0.006076 0.015741
0 0.163802 0.076466 0.006076 0.015278
0 0.164062 0.076235 0.006076 0.014815
0 0.164323 0.076235 0.006076 0.014815
0 0.164670 0.076235 0.005903 0.014815
0 0.165017 0.076698 0.006076 0.014815
0 0.165408 0.076698 0.005816 0.014815
0 0.165799 0.077160 0.006076 0.014815
0 0.166146 0.077160 0.005903 0.014815
0 0.166363 0.077160 0.005816 0.014815
0 0.166884 0.077546 0.005816 0.014660
0 0.167101 0.077546 0.005903 0.014660
0 0.167578 0.078009 0.005816 0.014660
0 0.167578 0.078009 0.005816 0.014660
0 0.167839 0.078241 0.005816 0.015123
0 0.167839 0.078241 0.005816 0.015123
0 0.168099 0.078472 0.005816 0.015586
0 0.168186 0.078704 0.005642 0.016049
0 0.168316 0.078704 0.005903 0.016049
0 0.168446 0.078935 0.005642 0.016512
0 0.168576 0.078935 0.005903 0.016512
0 0.168707 0.079090 0.005642 0.016821
0 0.168967 0.079552 0.005642 0.016821
0 0.169184 0.079090 0.005556 0.016821
0 0.169444 0.078935 0.005556 0.016512
0 0.169661 0.078935 0.005642 0.016512
0 0.170052 0.078704 0.005903 0.016049
0 0.170269 0.078704 0.005816 0.016049
0 0.170530 0.078472 0.005816 0.015586
0 0.170920 0.078241 0.006076 0.015123
0 0.171137 0.078241 0.006163 0.015123
0 0.171354 0.078009 0.006076 0.014660
0 0.171875 0.078009 0.006076 0.014660
0 0.171875 0.078009 0.006076 0.014660
0 0.172135 0.078009 0.006076 0.014660
0 0.172352 0.078009 0.006163 0.014660
0 0.172613 0.078009 0.006163 0.014660
0 0.172830 0.078009 0.006076 0.014660
0 0.173090 0.078009 0.006076 0.014660
0 0.173351 0.078009 0.006076 0.014660
0 0.173568 0.078009 0.006163 0.014660
0 0.173828 0.078009 0.006163 0.014660
0 0.174045 0.078009 0.006076 0.014660
0 0.174306 0.077546 0.006076 0.014660
0 0.174566 0.077546 0.006076 0.014660
0 0.174913 0.077546 0.005903 0.014660
0 0.175260 0.077546 0.006076 0.014660
0 0.175651 0.077546 0.005816 0.014660
0 0.175911 0.077546 0.005816 0.014660
0 0.176259 0.077546 0.006163 0.014660
0 0.176606 0.077546 0.005816 0.014660
0 0.176866 0.077546 0.005816 0.014660
0 0.177344 0.077546 0.005903 0.014660
0 0.177604 0.077160 0.005903 0.014815
0 0.177865 0.077160 0.005903 0.014815
0 0.178082 0.077160 0.005816 0.014815
0 0.178602 0.077160 0.005816 0.014815
0 0.178819 0.077160 0.005903 0.014815
0 0.179080 0.077160 0.005903 0.014815
0 0.179557 0.077160 0.005816 0.014815
0 0.179818 0.077160 0.005816 0.014815
0 0.180035 0.077160 0.005903 0.014815
0 0.180512 0.077160 0.005816 0.014815
0 0.180773 0.077160 0.005816 0.014815
0 0.181033 0.077160 0.005816 0.014815
0 0.181250 0.077160 0.005903 0.014815
0 0.181510 0.077160 0.005903 0.014815
0 0.181771 0.077160 0.005903 0.014815
0 0.181988 0.077160 0.005816 0.014815
0 0.182248 0.077160 0.005816 0.014815
0 0.182465 0.077160 0.005903 0.014815
0 0.182726 0.077160 0.005903 0.014815
0 0.183203 0.077160 0.005816 0.014815
0 0.183203 0.077160 0.005816 0.014815
0 0.183203 0.077315 0.005816 0.015123
0 0.183203 0.077546 0.005816 0.015586
0 0.183203 0.077778 0.005816 0.016049
0 0.183203 0.078009 0.005816 0.016512
0 0.183203 0.078009 0.005816 0.016512
0 0.183203 0.078241 0.005816 0.016975
0 0.183203 0.078472 0.005816 0.017438
0 0.183203 0.078627 0.005816 0.017747
0 0.183464 0.078858 0.005816 0.018210
0 0.183464 0.078858 0.005816 0.018210
0 0.183464 0.078858 0.005816 0.018210
0 0.183464 0.078858 0.005816 0.018210
0 0.183464 0.078858 0.005816 0.018210
0 0.183594 0.078858 0.005556 0.018210
0 0.183594 0.078858 0.005556 0.018210
0 0.183594 0.078858 0.005556 0.018210
0 0.183594 0.078858 0.005556 0.018210
0 0.183594 0.078858 0.005556 0.018210
0 0.183811 0.078858 0.005642 0.018210
0 0.183464 0.078395 0.005816 0.018210
0 0.183203 0.078395 0.005816 0.018210
0 0.182986 0.078395 0.005903 0.018210
0 0.182726 0.078395 0.005903 0.018210
0 0.182465 0.078395 0.005903 0.018210
0 0.182248 0.078009 0.005816 0.018364
0 0.181988 0.078009 0.005816 0.018364
0 0.181771 0.078009 0.005903 0.018364
0 0.181510 0.078009 0.005903 0.018364
0 0.181250 0.078009 0.005903 0.018364
0 0.180512 0.078009 0.005816 0.018364
0 0.180035 0.078009 0.005903 0.018364
0 0.179557 0.078009 0.005816 0.018364
0 0.179080 0.078009 0.005903 0.018364
0 0.178602 0.078009 0.005816 0.018364
0 0.177865 0.078009 0.005903 0.018364
0 0.177344 0.078009 0.005903 0.018364
0 0.176866 0.078009 0.005816 0.018364
0 0.176389 0.078009 0.005903 0.018364
0 0.175911 0.078395 0.005816 0.018210
0 0.175174 0.078395 0.005903 0.018210
0 0.174696 0.078395 0.005816 0.018210
0 0.173958 0.078395 0.005903 0.018210
0 0.173437 0.078858 0.005903 0.018210
0 0.172743 0.078858 0.005903 0.018210
0 0.172222 0.078858 0.005903 0.018210
0 0.171484 0.079321 0.005816 0.018210
0 0.171007 0.079321 0.005903 0.018210
0 0.170269 0.079321 0.005816 0.018210
0 0.169792 0.079784 0.005903 0.018210
0 0.169054 0.079784 0.005816 0.018210
0 0.168316 0.079784 0.005903 0.018210
0 0.167578 0.079784 0.005816 0.018210
0 0.167101 0.079784 0.005903 0.018210
0 0.166363 0.080247 0.005816 0.018210
0 0.165668 0.080247 0.005816 0.018210
0 0.165148 0.080247 0.005816 0.018210
0 0.164410 0.080247 0.005903 0.018210
0 0.163715 0.080247 0.005903 0.018210
0 0.163194 0.080556 0.005903 0.018210
0 0.162457 0.080556 0.005816 0.018210
0 0.161892 0.080556 0.006076 0.018210
0 0.161241 0.080556 0.005816 0.018210
0 0.160634 0.080556 0.006163 0.018210
0 0.160026 0.080556 0.005816 0.018210
0 0.159418 0.080556 0.006163 0.018210
0 0.158681 0.080556 0.006076 0.018210
0 0.158203 0.080556 0.006163 0.018210
0 0.157465 0.080556 0.006076 0.018210
0 0.156988 0.080556 0.006163 0.018210
0 0.155990 0.080556 0.006076 0.018210
0 0.155035 0.080787 0.006076 0.018673
0 0.154080 0.080787 0.006076 0.018673
0 0.153082 0.081250 0.006163 0.018673
0 0.152083 0.081250 0.006076 0.018673
0 0.151128 0.081481 0.006076 0.019136
0 0.150174 0.081713 0.006076 0.018673
0 0.149175 0.081944 0.006163 0.019136
0 0.148177 0.081944 0.006076 0.019136
0 0.147352 0.082330 0.005816 0.018981
0 0.146615 0.082330 0.005903 0.018981
0 0.145877 0.082330 0.005816 0.018981
0 0.145139 0.082330 0.005903 0.018981
0 0.144401 0.082330 0.005816 0.018981
0 0.143707 0.082793 0.005816 0.018981
0 0.142969 0.082793 0.005903 0.018981
0 0.142231 0.082793 0.005816 0.018981
0 0.141493 0.082793 0.005903 0.018981
0 0.140755 0.082793 0.005816 0.018981
0 0.140148 0.083179 0.006163 0.019136
0 0.139670 0.083179 0.006076 0.019136
0 0.139149 0.083179 0.006076 0.019136
0 0.138672 0.083179 0.006163 0.019136
0 0.138325 0.083179 0.005816 0.019136
0 0.137847 0.083179 0.005903 0.019136
0 0.137457 0.083179 0.006163 0.019136
0 0.136979 0.083179 0.006076 0.019136
0 0.136589 0.083179 0.005816 0.019136
0 0.136111 0.083179 0.005903 0.019136
0 0.135634 0.083179 0.005816 0.019136
