0 0.179905 0.113349 0.005122 0.010957
0 0.179905 0.112963 0.005122 0.010802
0 0.180165 0.112500 0.005122 0.010802
0 0.180425 0.112037 0.005122 0.010802
0 0.180686 0.111651 0.005122 0.010957
0 0.180859 0.111188 0.005122 0.010957
0 0.181120 0.110802 0.005122 0.010802
0 0.181380 0.110340 0.005122 0.010802
0 0.181641 0.109877 0.005122 0.010802
0 0.181901 0.109414 0.005122 0.010802
0 0.182118 0.109414 0.005208 0.010802
0 0.182118 0.108642 0.005208 0.010802
0 0.182335 0.108179 0.005122 0.010802
0 0.182335 0.107253 0.005122 0.010802
0 0.182595 0.106867 0.005122 0.010957
0 0.182595 0.106019 0.005122 0.010802
0 0.182856 0.105556 0.005122 0.010802
0 0.182856 0.104707 0.005122 0.010957
0 0.183116 0.104244 0.005122 0.010957
0 0.183116 0.103395 0.005122 0.010802
0 0.183377 0.102932 0.005122 0.010802
0 0.183377 0.102469 0.005122 0.010802
0 0.183550 0.102083 0.005122 0.010957
0 0.183811 0.101698 0.005122 0.010802
0 0.184071 0.101235 0.005122 0.010802
0 0.184332 0.100772 0.005122 0.010802
0 0.184592 0.100309 0.005122 0.010802
0 0.184766 0.099923 0.005122 0.010957
0 0.185026 0.099537 0.005122 0.010802
0 0.185286 0.099074 0.005122 0.010802
0 0.185547 0.099074 0.005122 0.010802
0 0.185547 0.098148 0.005122 0.010802
0 0.185807 0.097762 0.005122 0.010957
0 0.186024 0.097299 0.005208 0.010957
0 0.186111 0.096914 0.005382 0.010802
0 0.186372 0.096451 0.005382 0.010802
0 0.186502 0.095756 0.005122 0.011265
0 0.186632 0.095293 0.005382 0.011265
0 0.186892 0.094985 0.005382 0.011265
0 0.187153 0.094522 0.005382 0.011265
0 0.187370 0.094059 0.005295 0.011265
0 0.187370 0.093133 0.005295 0.011265
0 0.187587 0.092824 0.005382 0.011265
0 0.187847 0.091898 0.005382 0.011265
0 0.188108 0.091435 0.005382 0.011265
0 0.188368 0.090972 0.005382 0.011265
0 0.188368 0.090201 0.005382 0.011265
0 0.188585 0.089738 0.005295 0.011265
0 0.188802 0.088812 0.005382 0.011265
0 0.189062 0.088426 0.005382 0.011420
0 0.189323 0.088040 0.005382 0.011265
0 0.189323 0.087577 0.005382 0.011265
0 0.189583 0.087114 0.005382 0.011265
0 0.189800 0.086651 0.005295 0.011265
0 0.190017 0.086188 0.005382 0.011265
0 0.190278 0.086188 0.005382 0.011265
0 0.190538 0.085880 0.005382 0.011265
0 0.190799 0.085417 0.005382 0.011265
0 0.191059 0.084954 0.005382 0.011265
0 0.191276 0.084491 0.005295 0.011265
0 0.191493 0.084491 0.005382 0.011265
0 0.191276 0.084491 0.005295 0.011265
0 0.191276 0.084491 0.005295 0.011265
0 0.191276 0.084491 0.005295 0.011265
0 0.191276 0.084491 0.005295 0.011265
0 0.191276 0.084491 0.005295 0.011265
0 0.191059 0.084491 0.005382 0.011265
0 0.191059 0.084491 0.005382 0.011265
0 0.191059 0.084491 0.005382 0.011265
0 0.191059 0.084491 0.005382 0.011265
0 0.191059 0.084491 0.005382 0.011265
0 0.191276 0.083256 0.005295 0.011265
0 0.191753 0.082330 0.005382 0.011265
0 0.192014 0.081096 0.005382 0.011265
0 0.192491 0.080170 0.005295 0.011265
0 0.192708 0.079244 0.005382 0.011265
0 0.193229 0.078009 0.005382 0.011265
0 0.193490 0.077083 0.005382 0.011265
0 0.193924 0.075849 0.005382 0.011265
0 0.194184 0.074923 0.005382 0.011265
0 0.194705 0.074151 0.005382 0.011265
0 0.194705 0.073688 0.005382 0.011265
0 0.194965 0.073225 0.005382 0.011265
0 0.195139 0.072762 0.005382 0.011265
0 0.195269 0.072531 0.005642 0.011728
0 0.195530 0.072222 0.005642 0.011728
0 0.195660 0.071759 0.005382 0.011728
0 0.195790 0.071528 0.005642 0.012191
0 0.196050 0.071065 0.005642 0.012191
0 0.196267 0.070602 0.005556 0.012191
0 0.196528 0.070448 0.005556 0.012500
0 0.196528 0.069522 0.005556 0.012500
0 0.196745 0.069136 0.005642 0.012654
0 0.197005 0.068210 0.005642 0.012654
0 0.197266 0.067824 0.005642 0.012500
0 0.197483 0.067361 0.005556 0.012500
0 0.197743 0.066512 0.005556 0.012654
0 0.197960 0.066049 0.005642 0.012654
0 0.198220 0.065201 0.005642 0.012500
0 0.198481 0.064815 0.005642 0.012654
0 0.198698 0.064352 0.005556 0.012654
0 0.198698 0.063889 0.005556 0.012654
0 0.198958 0.063503 0.005556 0.012500
0 0.198958 0.063040 0.005556 0.012500
0 0.199175 0.062577 0.005642 0.012500
0 0.199175 0.062191 0.005642 0.012654
0 0.199436 0.061728 0.005642 0.012654
0 0.199436 0.061343 0.005642 0.012500
0 0.199696 0.060880 0.005642 0.012500
0 0.199696 0.060417 0.005642 0.012500
0 0.199957 0.060417 0.005642 0.012500
0 0.199957 0.059568 0.005642 0.012654
0 0.200174 0.059105 0.005556 0.012654
0 0.200434 0.058719 0.005556 0.012500
0 0.200651 0.058256 0.005642 0.012500
0 0.200911 0.057870 0.005642 0.012654
0 0.201172 0.057407 0.005642 0.012654
0 0.201389 0.056944 0.005556 0.012654
0 0.201649 0.056559 0.005556 0.012500
0 0.201866 0.056096 0.005642 0.012500
0 0.202127 0.055633 0.005642 0.012500
0 0.202387 0.054784 0.005642 0.012654
0 0.202604 0.054398 0.005556 0.012500
0 0.202865 0.053935 0.005556 0.012500
0 0.203082 0.053472 0.005642 0.012500
0 0.203602 0.053086 0.005642 0.012654
0 0.203863 0.052160 0.005642 0.012654
0 0.204080 0.051775 0.005556 0.012500
0 0.204297 0.051312 0.005642 0.012500
0 0.204557 0.050926 0.005642 0.012654
0 0.205078 0.050463 0.005642 0.012654
0 0.205078 0.049614 0.005642 0.012500
0 0.205295 0.049151 0.005556 0.012500
0 0.205556 0.048302 0.005556 0.012654
0 0.205773 0.047840 0.005642 0.012654
0 0.206033 0.046991 0.005642 0.012500
0 0.206293 0.046528 0.005642 0.012500
0 0.206510 0.045679 0.005556 0.012654
0 0.206771 0.045293 0.005556 0.012500
0 0.206988 0.044367 0.005642 0.012500
0 0.207248 0.043981 0.005642 0.012654
0 0.207378 0.043287 0.005903 0.013117
0 0.207639 0.042901 0.005903 0.012963
0 0.207856 0.042670 0.006337 0.013426
0 0.208116 0.041975 0.006337 0.013889
0 0.208507 0.041744 0.006597 0.014352
0 0.208594 0.041358 0.006771 0.014198
0 0.208811 0.040741 0.006858 0.014815
0 0.209071 0.040509 0.007378 0.015278
0 0.209332 0.040046 0.007378 0.015278
0 0.209679 0.039892 0.007552 0.015586
0 0.209809 0.039198 0.007292 0.015123
0 0.210200 0.038503 0.007031 0.014660
0 0.210547 0.038117 0.006858 0.014815
0 0.210807 0.037423 0.006858 0.014352
0 0.211155 0.036960 0.006510 0.014352
0 0.211502 0.036420 0.006337 0.013889
0 0.211762 0.035725 0.006337 0.013426
0 0.212153 0.035262 0.006076 0.013426
0 0.212500 0.034645 0.005903 0.013117
0 0.212891 0.034414 0.005642 0.012654
0 0.212891 0.033565 0.005642 0.012500
0 0.213108 0.033102 0.005556 0.012500
0 0.213368 0.032253 0.005556 0.012654
0 0.213585 0.031790 0.005642 0.012654
0 0.213845 0.031404 0.005642 0.012500
0 0.214106 0.030478 0.005642 0.012500
0 0.214323 0.030093 0.005556 0.012654
0 0.214583 0.029167 0.005556 0.012654
0 0.214800 0.028781 0.005642 0.012500
0 0.215061 0.028318 0.005642 0.012500
0 0.214931 0.027932 0.005903 0.012654
0 0.214844 0.027701 0.006076 0.012191
0 0.214714 0.027238 0.006337 0.012191
0 0.214583 0.027238 0.006597 0.012191
0 0.214453 0.026775 0.006858 0.012191
0 0.214323 0.026543 0.007118 0.011728
0 0.214236 0.026389 0.007292 0.012037
0 0.214106 0.026235 0.007552 0.011728
0 0.213976 0.025772 0.007812 0.011728
0 0.213976 0.025772 0.007812 0.011728
