0 0.129905 0.040972 0.003733 0.013426
0 0.129774 0.040972 0.003472 0.013426
0 0.129774 0.040972 0.003472 0.013426
0 0.129774 0.040972 0.003472 0.013426
0 0.129774 0.040972 0.003472 0.013426
0 0.129774 0.040972 0.003472 0.013426
0 0.129644 0.040972 0.003212 0.013426
0 0.129644 0.040972 0.003212 0.013426
0 0.129644 0.040972 0.003212 0.013426
0 0.129644 0.040972 0.003212 0.013426
0 0.129644 0.041127 0.003212 0.013117
0 0.129644 0.041127 0.003212 0.013117
0 0.129644 0.041127 0.003212 0.013117
0 0.129644 0.041127 0.003212 0.013117
0 0.129644 0.041127 0.003212 0.013117
0 0.129644 0.041127 0.003212 0.013117
0 0.129644 0.041127 0.003212 0.013117
0 0.129644 0.041127 0.003212 0.013117
0 0.129644 0.041127 0.003212 0.013117
0 0.129644 0.041127 0.003212 0.013117
0 0.129774 0.041127 0.003472 0.013117
0 0.129774 0.041127 0.003472 0.013117
0 0.129774 0.041127 0.003472 0.013117
0 0.129774 0.041127 0.003472 0.013117
0 0.129774 0.041127 0.003472 0.013117
0 0.129774 0.041127 0.003472 0.013117
0 0.129774 0.041127 0.003472 0.013117
0 0.129774 0.041127 0.003472 0.013117
0 0.129774 0.041127 0.003472 0.013117
0 0.129774 0.041127 0.003472 0.013117
0 0.129774 0.041127 0.003472 0.013117
0 0.129774 0.040741 0.003472 0.012963
0 0.129774 0.040741 0.003472 0.012963
0 0.129774 0.040278 0.003472 0.012963
0 0.129774 0.040278 0.003472 0.012963
0 0.129905 0.040046 0.003212 0.012500
0 0.129905 0.039815 0.003212 0.012963
0 0.129905 0.039583 0.003212 0.012500
0 0.129905 0.039352 0.003212 0.012963
0 0.129905 0.039198 0.003212 0.012654
0 0.130165 0.039198 0.003212 0.012654
0 0.130165 0.038966 0.003212 0.012191
0 0.130165 0.038966 0.003212 0.012191
0 0.130165 0.038966 0.003212 0.012191
0 0.130165 0.038966 0.003212 0.012191
0 0.130165 0.038966 0.003212 0.012191
0 0.130165 0.038966 0.003212 0.012191
0 0.130165 0.038966 0.003212 0.012191
0 0.130165 0.038966 0.003212 0.012191
0 0.130165 0.038966 0.003212 0.012191
0 0.130295 0.038966 0.002951 0.012191
0 0.130035 0.038966 0.002951 0.012191
0 0.130035 0.038966 0.002951 0.012191
0 0.130035 0.038966 0.002951 0.012191
0 0.130035 0.038966 0.002951 0.012191
0 0.130035 0.039198 0.002951 0.012654
0 0.129905 0.039198 0.003212 0.012654
0 0.129905 0.039198 0.003212 0.012654
0 0.129905 0.039198 0.003212 0.012654
0 0.129905 0.039198 0.003212 0.012654
0 0.129905 0.039583 0.003212 0.012500
0 0.129905 0.039583 0.003212 0.012500
0 0.129905 0.039583 0.003212 0.012500
0 0.129905 0.039583 0.003212 0.012500
0 0.129905 0.039583 0.003212 0.012500
0 0.129905 0.039583 0.003212 0.012500
0 0.129905 0.039583 0.003212 0.012500
0 0.129905 0.039583 0.003212 0.012500
0 0.129905 0.039583 0.003212 0.012500
0 0.129905 0.039583 0.003212 0.012500
0 0.129905 0.040046 0.003212 0.012500
0 0.129905 0.039583 0.003212 0.012500
0 0.129905 0.039583 0.003212 0.012500
0 0.129905 0.039583 0.003212 0.012500
0 0.129905 0.039198 0.003212 0.012654
0 0.129905 0.039198 0.003212 0.012654
0 0.129905 0.039198 0.003212 0.012654
0 0.129905 0.038735 0.003212 0.012654
0 0.129905 0.038735 0.003212 0.012654
0 0.129905 0.038735 0.003212 0.012654
0 0.130165 0.038735 0.003212 0.012654
0 0.130165 0.038503 0.003212 0.012191
0 0.130165 0.038503 0.003212 0.012191
0 0.130295 0.038503 0.002951 0.012191
0 0.130295 0.038503 0.002951 0.012191
0 0.130425 0.038503 0.002691 0.012191
0 0.130425 0.038272 0.002691 0.011728
0 0.130425 0.038272 0.002691 0.011728
0 0.130512 0.038272 0.002517 0.011728
0 0.130512 0.038272 0.002517 0.011728
0 0.130729 0.038272 0.002431 0.011728
0 0.130512 0.037037 0.002517 0.011728
0 0.130295 0.036111 0.002431 0.011728
0 0.130035 0.035340 0.002431 0.011728
0 0.129774 0.034414 0.002431 0.011728
0 0.129774 0.033488 0.002431 0.011728
0 0.129514 0.032253 0.002431 0.011728
0 0.129253 0.031327 0.002431 0.011728
0 0.129080 0.030556 0.002431 0.011728
0 0.128819 0.029630 0.002431 0.011728
0 0.128819 0.028704 0.002431 0.011728
0 0.128819 0.028704 0.002431 0.011728
0 0.128819 0.028704 0.002431 0.011728
0 0.128819 0.028704 0.002431 0.011728
0 0.128819 0.028704 0.002431 0.011728
0 0.128819 0.028704 0.002431 0.011728
0 0.128819 0.028704 0.002431 0.011728
0 0.128819 0.028704 0.002431 0.011728
0 0.128819 0.028704 0.002431 0.011728
0 0.128819 0.028704 0.002431 0.011728
0 0.128819 0.028704 0.002431 0.011728
0 0.128819 0.028704 0.002431 0.011728
0 0.128819 0.028704 0.002431 0.011728
0 0.128819 0.028704 0.002431 0.011728
0 0.128819 0.028704 0.002431 0.011728
0 0.128819 0.028704 0.002431 0.011728
0 0.128819 0.028704 0.002431 0.011728
0 0.128819 0.028704 0.002431 0.011728
0 0.128819 0.028704 0.002431 0.011728
0 0.128819 0.028704 0.002431 0.011728
0 0.128819 0.028704 0.002431 0.011728
0 0.128819 0.028704 0.002431 0.011728
0 0.128819 0.028704 0.002431 0.011728
0 0.128819 0.028704 0.002431 0.011728
0 0.128819 0.028704 0.002431 0.011728
0 0.128819 0.028704 0.002431 0.011728
0 0.128819 0.028704 0.002431 0.011728
0 0.128819 0.028704 0.002431 0.011728
0 0.128819 0.028704 0.002431 0.011728
0 0.128819 0.028704 0.002431 0.011728
0 0.128819 0.028704 0.002431 0.011728
0 0.128819 0.028704 0.002431 0.011728
0 0.128819 0.028704 0.002431 0.011728
0 0.128819 0.028704 0.002431 0.011728
0 0.128819 0.028704 0.002431 0.011728
0 0.128819 0.028704 0.002431 0.011728
0 0.128819 0.028704 0.002431 0.011728
0 0.128819 0.028704 0.002431 0.011728
0 0.128819 0.028704 0.002431 0.011728
0 0.128819 0.028704 0.002431 0.011728
0 0.128819 0.028704 0.002431 0.011728
0 0.128819 0.028704 0.002431 0.011728
0 0.128819 0.028704 0.002431 0.011728
0 0.128819 0.028704 0.002431 0.011728
0 0.128819 0.028704 0.002431 0.011728
0 0.128819 0.028704 0.002431 0.011728
0 0.128819 0.028704 0.002431 0.011728
0 0.128819 0.028704 0.002431 0.011728
0 0.128819 0.028704 0.002431 0.011728
0 0.128819 0.028704 0.002431 0.011728
0 0.128819 0.028704 0.002431 0.011728
0 0.128819 0.028704 0.002431 0.011728
0 0.128819 0.028704 0.002431 0.011728
0 0.128819 0.028704 0.002431 0.011728
0 0.128819 0.028704 0.002431 0.011728
0 0.128819 0.028704 0.002431 0.011728
0 0.128819 0.028704 0.002431 0.011728
0 0.128819 0.028704 0.002431 0.011728
0 0.128819 0.028704 0.002431 0.011728
0 0.128819 0.028704 0.002431 0.011728
0 0.128819 0.028704 0.002431 0.011728
0 0.128819 0.028704 0.002431 0.011728
0 0.128819 0.028704 0.002431 0.011728
0 0.128819 0.028704 0.002431 0.011728
0 0.128819 0.028704 0.002431 0.011728
0 0.128819 0.028704 0.002431 0.011728
0 0.128819 0.028704 0.002431 0.011728
0 0.128819 0.028704 0.002431 0.011728
0 0.128819 0.028704 0.002431 0.011728
0 0.128819 0.028704 0.002431 0.011728
0 0.128819 0.028704 0.002431 0.011728
0 0.128819 0.028704 0.002431 0.011728
0 0.128819 0.028704 0.002431 0.011728
0 0.128819 0.028704 0.002431 0.011728
0 0.128819 0.028704 0.002431 0.011728
0 0.128819 0.028704 0.002431 0.011728
0 0.128819 0.028704 0.002431 0.011728
0 0.128819 0.028704 0.002431 0.011728
0 0.128819 0.028704 0.002431 0.011728
0 0.128819 0.028704 0.002431 0.011728
0 0.128819 0.028704 0.002431 0.011728
