0 0.296571 0.024460 0.005642 0.014352
0 0.296571 0.024460 0.005642 0.014352
0 0.296571 0.024460 0.005642 0.014352
0 0.296571 0.024460 0.005642 0.014352
0 0.296571 0.024460 0.005642 0.014352
0 0.296571 0.024460 0.005642 0.014352
0 0.296571 0.024460 0.005642 0.014352
0 0.296571 0.024460 0.005642 0.014352
0 0.296571 0.024460 0.005642 0.014352
0 0.296571 0.024460 0.005642 0.014352
0 0.296571 0.024460 0.005642 0.014352
0 0.296571 0.024460 0.005642 0.014352
0 0.296571 0.024460 0.005642 0.014352
0 0.296571 0.024460 0.005642 0.014352
0 0.296571 0.024460 0.005642 0.014352
0 0.296571 0.024460 0.005642 0.014352
0 0.296571 0.024460 0.005642 0.014352
0 0.296571 0.024460 0.005642 0.014352
0 0.296571 0.024460 0.005642 0.014352
0 0.296571 0.024460 0.005642 0.014352
0 0.296571 0.024460 0.005642 0.014352
0 0.296571 0.024460 0.005642 0.014352
0 0.296571 0.024460 0.005642 0.014352
0 0.296571 0.024460 0.005642 0.014352
0 0.296571 0.024460 0.005642 0.014352
0 0.296571 0.024460 0.005642 0.014352
0 0.296571 0.024460 0.005642 0.014352
0 0.296571 0.024460 0.005642 0.014352
0 0.296571 0.024460 0.005642 0.014352
0 0.296571 0.024460 0.005642 0.014352
0 0.296571 0.024460 0.005642 0.014352
0 0.296571 0.024460 0.005642 0.014352
0 0.296571 0.024460 0.005642 0.014352
0 0.296571 0.024460 0.005642 0.014352
0 0.296571 0.024460 0.005642 0.014352
0 0.296571 0.024460 0.005642 0.014352
0 0.296571 0.024460 0.005642 0.014352
0 0.296571 0.024460 0.005642 0.014352
0 0.296571 0.024460 0.005642 0.014352
0 0.296571 0.024460 0.005642 0.014352
0 0.296571 0.024460 0.005642 0.014352
0 0.296571 0.024460 0.005642 0.014352
0 0.296571 0.024460 0.005642 0.014352
0 0.296571 0.024460 0.005642 0.014352
0 0.296571 0.024460 0.005642 0.014352
0 0.296571 0.024460 0.005642 0.014352
0 0.296571 0.024460 0.005642 0.014352
0 0.296571 0.024460 0.005642 0.014352
0 0.296571 0.024460 0.005642 0.014352
0 0.296571 0.024460 0.005642 0.014352
0 0.296571 0.024460 0.005642 0.014352
0 0.296571 0.024460 0.005642 0.014352
0 0.296571 0.024460 0.005642 0.014352
0 0.296571 0.024460 0.005642 0.014352
0 0.296571 0.024460 0.005642 0.014352
0 0.296571 0.024460 0.005642 0.014352
0 0.296571 0.024460 0.005642 0.014352
0 0.296571 0.024460 0.005642 0.014352
0 0.296571 0.024460 0.005642 0.014352
0 0.296571 0.024460 0.005642 0.014352
0 0.296571 0.024460 0.005642 0.014352
0 0.296571 0.024460 0.005642 0.014352
0 0.296571 0.024460 0.005642 0.014352
0 0.296571 0.024460 0.005642 0.014352
0 0.296571 0.024460 0.005642 0.014352
0 0.296571 0.024460 0.005642 0.014352
0 0.296571 0.024460 0.005642 0.014352
0 0.296571 0.024460 0.005642 0.014352
0 0.296571 0.024460 0.005642 0.014352
0 0.296571 0.024460 0.005642 0.014352
0 0.296571 0.024460 0.005642 0.014352
0 0.296571 0.024460 0.005642 0.014352
0 0.296571 0.024460 0.005642 0.014352
0 0.296571 0.024460 0.005642 0.014352
0 0.296571 0.024460 0.005642 0.014352
0 0.296571 0.024460 0.005642 0.014352
0 0.296571 0.024460 0.005642 0.014352
0 0.296571 0.024460 0.005642 0.014352
0 0.296571 0.024460 0.005642 0.014352
0 0.296571 0.024460 0.005642 0.014352
0 0.296571 0.024460 0.005642 0.014352
0 0.296571 0.024460 0.005642 0.014352
0 0.296571 0.024460 0.005642 0.014352
0 0.296571 0.024460 0.005642 0.014352
0 0.296571 0.024460 0.005642 0.014352
0 0.296571 0.024460 0.005642 0.014352
0 0.296571 0.024460 0.005642 0.014352
0 0.296571 0.024460 0.005642 0.014352
0 0.296571 0.024460 0.005642 0.014352
0 0.296571 0.024460 0.005642 0.014352
0 0.296571 0.024460 0.005642 0.014352
0 0.296571 0.024460 0.005642 0.014352
0 0.296571 0.024460 0.005642 0.014352
0 0.296571 0.024460 0.005642 0.014352
0 0.296571 0.024460 0.005642 0.014352
0 0.296571 0.024460 0.005642 0.014352
0 0.296571 0.024460 0.005642 0.014352
0 0.296571 0.024460 0.005642 0.014352
0 0.296571 0.024460 0.005642 0.014352
0 0.296571 0.024460 0.005642 0.014352
0 0.296571 0.024460 0.005642 0.014352
0 0.296571 0.024460 0.005642 0.014352
0 0.296571 0.024460 0.005642 0.014352
0 0.296571 0.024460 0.005642 0.014352
0 0.296571 0.024460 0.005642 0.014352
0 0.296571 0.024460 0.005642 0.014352
0 0.296571 0.024460 0.005642 0.014352
0 0.296571 0.024460 0.005642 0.014352
0 0.296571 0.024460 0.005642 0.014352
0 0.296571 0.024460 0.005642 0.014352
0 0.296571 0.024460 0.005642 0.014352
0 0.296571 0.024460 0.005642 0.014352
0 0.296571 0.024460 0.005642 0.014352
0 0.296571 0.024460 0.005642 0.014352
0 0.296571 0.024460 0.005642 0.014352
0 0.296571 0.024460 0.005642 0.014352
0 0.296571 0.024460 0.005642 0.014352
0 0.296571 0.024460 0.005642 0.014352
0 0.296571 0.024460 0.005642 0.014352
0 0.296571 0.024460 0.005642 0.014352
0 0.296571 0.024460 0.005642 0.014352
0 0.296571 0.024460 0.005642 0.014352
0 0.296571 0.024460 0.005642 0.014352
0 0.296571 0.024460 0.005642 0.014352
0 0.296571 0.024460 0.005642 0.014352
0 0.296571 0.024460 0.005642 0.014352
0 0.296571 0.024460 0.005642 0.014352
0 0.296571 0.024460 0.005642 0.014352
0 0.296571 0.024460 0.005642 0.014352
0 0.296571 0.024460 0.005642 0.014352
0 0.296571 0.024460 0.005642 0.014352
0 0.296571 0.024460 0.005642 0.014352
0 0.296571 0.024460 0.005642 0.014352
0 0.296571 0.024460 0.005642 0.014352
0 0.296571 0.024460 0.005642 0.014352
0 0.296571 0.024460 0.005642 0.014352
0 0.296571 0.024460 0.005642 0.014352
0 0.296571 0.024460 0.005642 0.014352
0 0.296571 0.024460 0.005642 0.014352
0 0.296571 0.024460 0.005642 0.014352
0 0.296571 0.024460 0.005642 0.014352
0 0.296571 0.024460 0.005642 0.014352
0 0.296571 0.024460 0.005642 0.014352
0 0.296571 0.024460 0.005642 0.014352
0 0.296571 0.024460 0.005642 0.014352
0 0.296571 0.024460 0.005642 0.014352
0 0.296571 0.024460 0.005642 0.014352
0 0.296571 0.024460 0.005642 0.014352
0 0.296571 0.024460 0.005642 0.014352
0 0.296571 0.024460 0.005642 0.014352
0 0.296571 0.024460 0.005642 0.014352
0 0.296571 0.024460 0.005642 0.014352
0 0.296571 0.024460 0.005642 0.014352
0 0.296571 0.024460 0.005642 0.014352
0 0.296571 0.024460 0.005642 0.014352
0 0.296571 0.024460 0.005642 0.014352
0 0.296571 0.024460 0.005642 0.014352
0 0.296571 0.024460 0.005642 0.014352
0 0.296571 0.024460 0.005642 0.014352
0 0.296571 0.024460 0.005642 0.014352
0 0.296571 0.024460 0.005642 0.014352
0 0.298047 0.024460 0.005642 0.014352
0 0.299479 0.024923 0.005556 0.014352
0 0.300955 0.025309 0.005556 0.014198
0 0.302648 0.025694 0.005642 0.014352
0 0.304123 0.026157 0.005642 0.014352
0 0.305599 0.026620 0.005642 0.014352
0 0.307292 0.027083 0.005556 0.014352
0 0.308767 0.027469 0.005556 0.014198
0 0.310243 0.027855 0.005556 0.014352
0 0.311936 0.028318 0.005642 0.014352
0 0.310460 0.027855 0.005642 0.014352
0 0.308984 0.027469 0.005642 0.014198
0 0.307552 0.027083 0.005556 0.014352
0 0.306076 0.026620 0.005556 0.014352
0 0.304861 0.026620 0.005556 0.014352
0 0.303385 0.026157 0.005556 0.014352
0 0.301953 0.025694 0.005642 0.014352
0 0.300477 0.025309 0.005642 0.014198
0 0.299002 0.024923 0.005642 0.014352
0 0.297786 0.024923 0.005642 0.014352
