0 0.164757 0.243056 0.006597 0.012654
0 0.164757 0.241744 0.006597 0.012500
0 0.164887 0.240509 0.006858 0.012500
0 0.165017 0.239198 0.006597 0.012654
0 0.165148 0.237886 0.006858 0.012500
0 0.165408 0.236574 0.006858 0.012654
0 0.165408 0.235262 0.006858 0.012500
0 0.165538 0.233951 0.007118 0.012654
0 0.165668 0.232639 0.006858 0.012500
0 0.165755 0.231327 0.007031 0.012654
0 0.166016 0.230093 0.007031 0.012654
0 0.165885 0.228549 0.007292 0.012963
0 0.165755 0.227238 0.007552 0.013117
0 0.165625 0.225926 0.007812 0.012963
0 0.165495 0.224614 0.008073 0.013117
0 0.165495 0.223302 0.008073 0.012963
0 0.165408 0.221836 0.008247 0.013426
0 0.165278 0.220525 0.008507 0.013580
0 0.165148 0.219213 0.008767 0.013426
0 0.165017 0.217978 0.009028 0.013426
0 0.165017 0.216590 0.009028 0.013426
0 0.164670 0.215355 0.008854 0.013426
0 0.164453 0.213966 0.008767 0.013426
0 0.164193 0.212731 0.008247 0.013426
0 0.163932 0.211343 0.008247 0.013426
0 0.163845 0.210108 0.008073 0.013426
0 0.163455 0.208796 0.007812 0.013580
0 0.163194 0.207485 0.007812 0.013426
0 0.162977 0.206250 0.007378 0.013426
0 0.162717 0.204861 0.007378 0.013426
0 0.162587 0.203858 0.007118 0.012963
0 0.162370 0.202469 0.007031 0.012963
0 0.162370 0.201235 0.007031 0.012963
0 0.162109 0.199923 0.007031 0.013117
0 0.162109 0.198611 0.007031 0.012963
0 0.161849 0.197299 0.007031 0.013117
0 0.161849 0.195988 0.007031 0.012963
0 0.161632 0.194753 0.007118 0.012963
0 0.161632 0.193364 0.007118 0.012963
0 0.161372 0.192130 0.007118 0.012963
0 0.161372 0.190818 0.007118 0.013117
0 0.161024 0.189275 0.007292 0.012500
0 0.160764 0.187963 0.007292 0.012654
0 0.160503 0.186651 0.007292 0.012500
0 0.160286 0.185108 0.007378 0.012191
0 0.160156 0.183873 0.007639 0.012191
0 0.159809 0.182562 0.007812 0.012037
0 0.159549 0.181019 0.007812 0.011728
0 0.159288 0.179784 0.007812 0.011728
0 0.159028 0.178395 0.007812 0.011728
0 0.158941 0.177160 0.007986 0.011728
0 0.158941 0.175772 0.007986 0.011728
0 0.158941 0.174537 0.007986 0.011728
0 0.158941 0.173457 0.007986 0.012037
0 0.158941 0.172377 0.007986 0.011728
0 0.158941 0.171296 0.007986 0.012037
0 0.158941 0.169985 0.007986 0.012191
0 0.158941 0.168827 0.007986 0.011728
0 0.158941 0.167824 0.007986 0.012191
0 0.158941 0.166512 0.007986 0.012037
0 0.159028 0.165664 0.007812 0.012191
0 0.158854 0.163889 0.007812 0.012037
0 0.158594 0.162577 0.007812 0.012191
0 0.158594 0.161343 0.007812 0.012191
0 0.158333 0.159799 0.007812 0.012500
0 0.158333 0.158488 0.007812 0.012654
0 0.158073 0.157176 0.007812 0.012500
0 0.157812 0.155710 0.007812 0.012963
0 0.157812 0.154321 0.007812 0.012963
0 0.157595 0.153086 0.007726 0.012963
0 0.157595 0.151775 0.007726 0.013117
0 0.157595 0.150463 0.007726 0.012963
0 0.157595 0.149151 0.007726 0.013117
0 0.157682 0.147840 0.007552 0.012963
0 0.157682 0.146528 0.007552 0.013117
0 0.157812 0.145216 0.007292 0.012963
0 0.157812 0.143981 0.007292 0.012963
0 0.157812 0.142670 0.007292 0.013117
0 0.157943 0.141358 0.007031 0.012963
0 0.157943 0.140046 0.007031 0.013117
0 0.158073 0.138735 0.006771 0.012963
0 0.158073 0.137269 0.006771 0.013426
0 0.158073 0.135880 0.006771 0.013426
0 0.158073 0.134645 0.006771 0.013426
0 0.158333 0.133256 0.006771 0.013426
0 0.158333 0.132022 0.006771 0.013426
0 0.158333 0.130710 0.006771 0.013580
0 0.158550 0.129398 0.006858 0.013426
0 0.158550 0.128164 0.006858 0.013426
0 0.158550 0.126775 0.006858 0.013426
0 0.158811 0.125540 0.006858 0.013426
0 0.158811 0.123843 0.006858 0.013426
0 0.158811 0.122454 0.006858 0.013426
0 0.159071 0.120756 0.006858 0.013426
0 0.159071 0.119444 0.006858 0.013580
0 0.159332 0.118133 0.006858 0.013426
0 0.159332 0.116435 0.006858 0.013426
0 0.159332 0.115046 0.006858 0.013426
0 0.159549 0.113349 0.006771 0.013426
0 0.159549 0.112114 0.006771 0.013426
0 0.159766 0.110725 0.006858 0.013426
0 0.159766 0.109028 0.006858 0.013426
0 0.159766 0.107716 0.006858 0.013580
0 0.159766 0.106404 0.006858 0.013426
0 0.159766 0.105170 0.006858 0.013426
0 0.159896 0.103781 0.007118 0.013426
0 0.159896 0.102083 0.007118 0.013426
0 0.159896 0.100849 0.007118 0.013426
0 0.159896 0.099460 0.007118 0.013426
0 0.159896 0.098225 0.007118 0.013426
0 0.160026 0.096836 0.007378 0.013426
0 0.160026 0.095139 0.007378 0.013426
0 0.160156 0.093904 0.007118 0.013426
0 0.160286 0.092515 0.006858 0.013426
0 0.160286 0.091281 0.006858 0.013426
0 0.160417 0.089892 0.006597 0.013426
0 0.160547 0.088426 0.006337 0.012963
0 0.160547 0.087114 0.006337 0.013117
0 0.160634 0.085802 0.006163 0.012963
0 0.160764 0.084568 0.005903 0.012963
0 0.160894 0.083179 0.005642 0.012963
0 0.160894 0.081944 0.005642 0.012963
0 0.161155 0.080633 0.005642 0.013117
0 0.161372 0.079321 0.005556 0.012963
0 0.161632 0.078009 0.005556 0.013117
0 0.161849 0.077160 0.005642 0.012963
0 0.161849 0.075849 0.005642 0.013117
0 0.162109 0.074537 0.005642 0.012963
0 0.162370 0.073225 0.005642 0.013117
0 0.162587 0.071914 0.005556 0.012963
0 0.162847 0.071065 0.005556 0.013117
0 0.162847 0.069753 0.005556 0.012963
0 0.162847 0.068441 0.005556 0.013117
0 0.162847 0.067130 0.005556 0.012963
0 0.162977 0.065895 0.005816 0.012963
0 0.163064 0.064583 0.005642 0.013117
0 0.163064 0.063272 0.005642 0.012963
0 0.163194 0.061960 0.005903 0.013117
0 0.163194 0.060648 0.005903 0.012963
0 0.163194 0.059336 0.005903 0.013117
0 0.163455 0.058488 0.005903 0.012963
0 0.163455 0.057176 0.005903 0.013117
0 0.163585 0.055864 0.006163 0.012963
0 0.163585 0.054861 0.006163 0.013426
0 0.163672 0.053472 0.006337 0.013426
0 0.163932 0.052469 0.006337 0.013889
0 0.163932 0.051080 0.006337 0.013889
0 0.164062 0.049846 0.006597 0.013889
0 0.164062 0.048688 0.006597 0.014352
0 0.164193 0.047454 0.006858 0.014352
0 0.164453 0.046528 0.006858 0.014352
0 0.164453 0.045293 0.006858 0.014352
0 0.164453 0.044367 0.006858 0.014352
0 0.164453 0.043519 0.006858 0.014198
0 0.164453 0.042207 0.006858 0.014352
0 0.164670 0.041358 0.006771 0.014198
0 0.164670 0.040509 0.006771 0.014352
0 0.164670 0.039198 0.006771 0.014198
0 0.164670 0.038349 0.006771 0.014352
0 0.164670 0.037423 0.006771 0.014352
0 0.164887 0.036574 0.006858 0.014198
0 0.164887 0.035262 0.006858 0.014352
0 0.164887 0.034028 0.006858 0.014352
0 0.165017 0.032639 0.007118 0.014352
0 0.165148 0.031404 0.006858 0.014352
0 0.165278 0.030478 0.007118 0.014352
0 0.165278 0.029244 0.007118 0.014352
0 0.165408 0.027855 0.006858 0.014352
0 0.165538 0.026620 0.007118 0.014352
0 0.165538 0.025309 0.007118 0.014198
0 0.165755 0.024460 0.007031 0.014352
0 0.165755 0.023534 0.007031 0.014352
0 0.165755 0.022917 0.007031 0.014660
0 0.166016 0.022454 0.007031 0.014660
0 0.166016 0.021836 0.007031 0.015278
0 0.166146 0.021219 0.007292 0.015586
0 0.166276 0.020525 0.007031 0.015123
0 0.166406 0.019830 0.007292 0.015586
0 0.166406 0.019290 0.007292 0.016049
0 0.166623 0.018827 0.007378 0.016049
0 0.166623 0.018133 0.007378 0.016512
