0 0.206727 0.108873 0.002691 0.016512
0 0.206727 0.108410 0.002691 0.016512
0 0.206727 0.108410 0.002691 0.016512
0 0.206727 0.108410 0.002691 0.016512
0 0.206727 0.108410 0.002691 0.016512
0 0.206727 0.108410 0.002691 0.016512
0 0.206727 0.107948 0.002691 0.016512
0 0.206727 0.107948 0.002691 0.016512
0 0.206727 0.107948 0.002691 0.016512
0 0.206727 0.107948 0.002691 0.016512
0 0.206727 0.107948 0.002691 0.016512
0 0.206641 0.107716 0.002865 0.016049
0 0.206641 0.107716 0.002865 0.016049
0 0.206641 0.107716 0.002865 0.016049
0 0.206641 0.107716 0.002865 0.016049
0 0.206641 0.107716 0.002865 0.016049
0 0.206510 0.107485 0.003125 0.015586
0 0.206510 0.107485 0.003125 0.015586
0 0.206510 0.107485 0.003125 0.015586
0 0.206510 0.107485 0.003125 0.015586
0 0.206510 0.107485 0.003125 0.015586
0 0.206510 0.107485 0.003125 0.015586
0 0.206510 0.107485 0.003125 0.015586
0 0.206510 0.107485 0.003125 0.015586
0 0.206510 0.107948 0.003125 0.015586
0 0.206510 0.107948 0.003125 0.015586
0 0.206510 0.107948 0.003125 0.015586
0 0.206510 0.108410 0.003125 0.015586
0 0.206510 0.108410 0.003125 0.015586
0 0.206510 0.108410 0.003125 0.015586
0 0.206510 0.108796 0.003125 0.015741
0 0.206424 0.108410 0.002951 0.015586
0 0.206424 0.108410 0.002951 0.015586
0 0.206424 0.108410 0.002951 0.015586
0 0.206424 0.107948 0.002951 0.015586
0 0.206424 0.107948 0.002951 0.015586
0 0.206424 0.107948 0.002951 0.015586
0 0.206424 0.107485 0.002951 0.015586
0 0.206424 0.107485 0.002951 0.015586
0 0.206424 0.107485 0.002951 0.015586
0 0.206554 0.107485 0.002691 0.015586
0 0.206424 0.107253 0.002951 0.015123
0 0.206424 0.107253 0.002951 0.015123
0 0.206424 0.107253 0.002951 0.015123
0 0.206424 0.107253 0.002951 0.015123
0 0.206424 0.107485 0.002951 0.014660
0 0.206293 0.107330 0.003212 0.014352
0 0.206293 0.107330 0.003212 0.014352
0 0.206293 0.107330 0.003212 0.014352
0 0.206293 0.107330 0.003212 0.014352
0 0.206293 0.107562 0.003212 0.013889
0 0.206163 0.107330 0.002951 0.014352
0 0.206163 0.107330 0.002951 0.014352
0 0.206163 0.107485 0.002951 0.014660
0 0.206163 0.107485 0.002951 0.014660
0 0.206163 0.107716 0.002951 0.015123
0 0.206033 0.107485 0.002691 0.015586
0 0.206033 0.107485 0.002691 0.015586
0 0.206033 0.107716 0.002691 0.016049
0 0.206033 0.107716 0.002691 0.016049
0 0.206033 0.107948 0.002691 0.016512
0 0.206033 0.107948 0.002691 0.016512
0 0.206033 0.107948 0.002691 0.016512
0 0.206033 0.107948 0.002691 0.016512
0 0.206033 0.107948 0.002691 0.016512
0 0.206033 0.107948 0.002691 0.016512
0 0.206033 0.107948 0.002691 0.016512
0 0.206033 0.107948 0.002691 0.016512
0 0.206033 0.107948 0.002691 0.016512
0 0.206033 0.107948 0.002691 0.016512
0 0.206033 0.107948 0.002691 0.016512
0 0.206033 0.107948 0.002691 0.016512
0 0.206033 0.107948 0.002691 0.016512
0 0.206033 0.107948 0.002691 0.016512
0 0.206033 0.107948 0.002691 0.016512
0 0.206033 0.107948 0.002691 0.016512
0 0.206033 0.107948 0.002691 0.016512
0 0.206033 0.107948 0.002691 0.016512
0 0.206033 0.107948 0.002691 0.016512
0 0.206033 0.107948 0.002691 0.016512
0 0.206033 0.107948 0.002691 0.016512
0 0.205773 0.107948 0.002691 0.016512
0 0.205773 0.108179 0.002691 0.016049
0 0.205773 0.108642 0.002691 0.016049
0 0.205773 0.108796 0.002691 0.015741
0 0.205773 0.109259 0.002691 0.015741
0 0.205773 0.109259 0.002691 0.015741
0 0.205773 0.109491 0.002691 0.015278
0 0.205773 0.109877 0.002691 0.015123
0 0.205773 0.110108 0.002691 0.014660
0 0.205773 0.110571 0.002691 0.014660
0 0.205773 0.110571 0.002691 0.014660
0 0.205773 0.110571 0.002691 0.014660
0 0.205903 0.110957 0.002951 0.014815
0 0.205903 0.110957 0.002951 0.014815
0 0.206033 0.111420 0.003212 0.014815
0 0.206033 0.111420 0.003212 0.014815
0 0.206033 0.111420 0.003212 0.014815
0 0.206163 0.111883 0.003472 0.014815
0 0.206163 0.111883 0.003472 0.014815
0 0.206380 0.112269 0.003385 0.014660
0 0.206380 0.112269 0.003385 0.014660
0 0.206380 0.112269 0.003385 0.014660
0 0.206380 0.112500 0.003385 0.014198
0 0.206510 0.112500 0.003646 0.014198
0 0.206641 0.112886 0.003385 0.014352
0 0.206641 0.112886 0.003385 0.014352
0 0.206771 0.112886 0.003646 0.014352
0 0.206771 0.113117 0.003646 0.013889
0 0.206771 0.113117 0.003646 0.013889
0 0.207031 0.113580 0.003646 0.013889
0 0.207031 0.113580 0.003646 0.013889
0 0.207031 0.113580 0.003646 0.013889
0 0.207031 0.113580 0.003646 0.013889
0 0.207248 0.113580 0.003733 0.013889
0 0.207248 0.114043 0.003733 0.013889
0 0.207248 0.114043 0.003733 0.013889
0 0.207465 0.114043 0.003646 0.013889
0 0.207465 0.114043 0.003646 0.013889
0 0.207465 0.114043 0.003646 0.013889
0 0.207726 0.114506 0.003646 0.013889
0 0.207726 0.114506 0.003646 0.013889
0 0.207856 0.114506 0.003906 0.013889
0 0.208116 0.114506 0.003906 0.013889
0 0.208116 0.114660 0.003906 0.013580
0 0.208377 0.114660 0.003906 0.013580
0 0.208507 0.114660 0.004167 0.013580
0 0.208507 0.114892 0.004167 0.013117
0 0.208724 0.114892 0.004080 0.013117
0 0.208854 0.114892 0.004340 0.013117
0 0.209071 0.115278 0.004427 0.012963
0 0.209071 0.115278 0.004427 0.012963
0 0.209332 0.115278 0.004427 0.012963
0 0.209592 0.115278 0.004427 0.012963
0 0.209809 0.115278 0.004340 0.012963
0 0.210069 0.115741 0.004340 0.012963
0 0.210069 0.115741 0.004340 0.012963
0 0.210286 0.115741 0.004427 0.012963
0 0.210547 0.115741 0.004427 0.012963
0 0.210807 0.115741 0.004427 0.012963
0 0.211024 0.116204 0.004340 0.012963
0 0.211024 0.116667 0.004340 0.012963
0 0.211285 0.117052 0.004340 0.013117
0 0.211502 0.117438 0.004427 0.012963
0 0.211762 0.118364 0.004427 0.012963
0 0.212023 0.118827 0.004427 0.012963
0 0.212023 0.119213 0.004427 0.013117
0 0.212240 0.120062 0.004340 0.012963
0 0.212500 0.120525 0.004340 0.012963
0 0.212760 0.120988 0.004340 0.012963
0 0.212977 0.121836 0.004427 0.013117
0 0.212977 0.121836 0.004427 0.013117
0 0.213238 0.121991 0.004427 0.013426
0 0.213368 0.121991 0.004167 0.013426
0 0.213498 0.122222 0.004427 0.013889
0 0.213715 0.122685 0.004340 0.013889
0 0.213845 0.122685 0.004080 0.013889
0 0.213976 0.122917 0.004340 0.014352
0 0.214062 0.122917 0.004167 0.014352
0 0.214323 0.123148 0.004167 0.014815
0 0.214583 0.123534 0.004167 0.014660
0 0.214844 0.123534 0.004167 0.014660
0 0.215061 0.123997 0.004080 0.014660
0 0.215278 0.123997 0.004167 0.014660
0 0.215538 0.124460 0.004167 0.014660
0 0.216059 0.124846 0.004167 0.014815
0 0.216276 0.124846 0.004080 0.014815
0 0.216493 0.125309 0.004167 0.014815
0 0.216753 0.125309 0.004167 0.014815
0 0.217014 0.125772 0.004167 0.014815
0 0.217535 0.126157 0.004167 0.014660
0 0.217665 0.126157 0.003906 0.014660
0 0.217839 0.126620 0.003906 0.014660
0 0.218099 0.126620 0.003906 0.014660
0 0.218359 0.127006 0.003906 0.014815
0 0.218620 0.127238 0.003906 0.014352
0 0.218750 0.127469 0.003646 0.014815
0 0.218967 0.127701 0.003733 0.014352
0 0.219184 0.127932 0.003646 0.014815
0 0.219444 0.128164 0.003646 0.014352
0 0.219835 0.128549 0.003385 0.014198
