0 0.321571 0.137191 0.004948 0.020370
0 0.289366 0.123380 0.004427 0.018673
0 0.257292 0.109645 0.004167 0.016512
0 0.225087 0.096219 0.003646 0.014660
0 0.192969 0.082330 0.003472 0.013117
0 0.161024 0.068904 0.002951 0.011265
0 0.128819 0.055170 0.002431 0.009105
0 0.096701 0.041358 0.002257 0.007407
0 0.064497 0.027932 0.001736 0.005556
0 0.032422 0.014275 0.001476 0.003549
0 0.000477 0.000849 0.000955 0.001698
0 0.000477 0.000849 0.000955 0.001698
0 0.000477 0.000849 0.000955 0.001698
0 0.000477 0.000849 0.000955 0.001698
0 0.000477 0.000849 0.000955 0.001698
0 0.000477 0.000849 0.000955 0.001698
0 0.000477 0.000849 0.000955 0.001698
0 0.000477 0.000849 0.000955 0.001698
0 0.000477 0.000849 0.000955 0.001698
0 0.000477 0.000849 0.000955 0.001698
0 0.000477 0.000849 0.000955 0.001698
0 0.000477 0.000849 0.000955 0.001698
0 0.000477 0.000849 0.000955 0.001698
0 0.000477 0.000849 0.000955 0.001698
0 0.000477 0.000849 0.000955 0.001698
0 0.000477 0.000849 0.000955 0.001698
0 0.000477 0.000849 0.000955 0.001698
0 0.000477 0.000849 0.000955 0.001698
0 0.000477 0.000849 0.000955 0.001698
0 0.000477 0.000849 0.000955 0.001698
0 0.000477 0.000849 0.000955 0.001698
0 0.000477 0.000849 0.000955 0.001698
0 0.000477 0.000849 0.000955 0.001698
0 0.000477 0.000849 0.000955 0.001698
0 0.000477 0.000849 0.000955 0.001698
0 0.000477 0.000849 0.000955 0.001698
0 0.000477 0.000849 0.000955 0.001698
0 0.000477 0.000849 0.000955 0.001698
0 0.000477 0.000849 0.000955 0.001698
0 0.000477 0.000849 0.000955 0.001698
0 0.000477 0.000849 0.000955 0.001698
0 0.000477 0.000849 0.000955 0.001698
0 0.000477 0.000849 0.000955 0.001698
0 0.000477 0.000849 0.000955 0.001698
0 0.000477 0.000849 0.000955 0.001698
0 0.000477 0.000849 0.000955 0.001698
0 0.000477 0.000849 0.000955 0.001698
0 0.000477 0.000849 0.000955 0.001698
0 0.000477 0.000849 0.000955 0.001698
0 0.000477 0.000849 0.000955 0.001698
0 0.000477 0.000849 0.000955 0.001698
0 0.000477 0.000849 0.000955 0.001698
0 0.000477 0.000849 0.000955 0.001698
0 0.000477 0.000849 0.000955 0.001698
0 0.000477 0.000849 0.000955 0.001698
0 0.000477 0.000849 0.000955 0.001698
0 0.000477 0.000849 0.000955 0.001698
0 0.000477 0.000849 0.000955 0.001698
0 0.000477 0.000849 0.000955 0.001698
0 0.000477 0.000849 0.000955 0.001698
0 0.000477 0.000849 0.000955 0.001698
0 0.000477 0.000849 0.000955 0.001698
0 0.000477 0.000849 0.000955 0.001698
0 0.000477 0.000849 0.000955 0.001698
0 0.000477 0.000849 0.000955 0.001698
0 0.000477 0.000849 0.000955 0.001698
0 0.000477 0.000849 0.000955 0.001698
0 0.000477 0.000849 0.000955 0.001698
0 0.000477 0.000849 0.000955 0.001698
0 0.000477 0.000849 0.000955 0.001698
0 0.000477 0.000849 0.000955 0.001698
0 0.000477 0.000849 0.000955 0.001698
0 0.000477 0.000849 0.000955 0.001698
0 0.000477 0.000849 0.000955 0.001698
0 0.000477 0.000849 0.000955 0.001698
0 0.000477 0.000849 0.000955 0.001698
0 0.000477 0.000849 0.000955 0.001698
0 0.000477 0.000849 0.000955 0.001698
0 0.000477 0.000849 0.000955 0.001698
0 0.000477 0.000849 0.000955 0.001698
0 0.000477 0.000849 0.000955 0.001698
0 0.000477 0.000849 0.000955 0.001698
0 0.000477 0.000849 0.000955 0.001698
0 0.000477 0.000849 0.000955 0.001698
0 0.000477 0.000849 0.000955 0.001698
0 0.000477 0.000849 0.000955 0.001698
0 0.000477 0.000849 0.000955 0.001698
0 0.000477 0.000849 0.000955 0.001698
0 0.000477 0.000849 0.000955 0.001698
0 0.000477 0.000849 0.000955 0.001698
0 0.000477 0.000849 0.000955 0.001698
0 0.000477 0.000849 0.000955 0.001698
0 0.000477 0.000849 0.000955 0.001698
0 0.000477 0.000849 0.000955 0.001698
0 0.000477 0.000849 0.000955 0.001698
0 0.000477 0.000849 0.000955 0.001698
0 0.000477 0.000849 0.000955 0.001698
0 0.000477 0.000849 0.000955 0.001698
0 0.000477 0.000849 0.000955 0.001698
0 0.000477 0.000849 0.000955 0.001698
0 0.000477 0.000849 0.000955 0.001698
0 0.000477 0.000849 0.000955 0.001698
0 0.000477 0.000849 0.000955 0.001698
0 0.000477 0.000849 0.000955 0.001698
0 0.000477 0.000849 0.000955 0.001698
0 0.000477 0.000849 0.000955 0.001698
0 0.000477 0.000849 0.000955 0.001698
0 0.000477 0.000849 0.000955 0.001698
0 0.000477 0.000849 0.000955 0.001698
0 0.000477 0.000849 0.000955 0.001698
0 0.000477 0.000849 0.000955 0.001698
0 0.000477 0.000849 0.000955 0.001698
0 0.000477 0.000849 0.000955 0.001698
0 0.000477 0.000849 0.000955 0.001698
0 0.000477 0.000849 0.000955 0.001698
0 0.000477 0.000849 0.000955 0.001698
0 0.000477 0.000849 0.000955 0.001698
0 0.000477 0.000849 0.000955 0.001698
0 0.000477 0.000849 0.000955 0.001698
0 0.000477 0.000849 0.000955 0.001698
0 0.000477 0.000849 0.000955 0.001698
0 0.032292 0.014275 0.001736 0.003549
0 0.064149 0.027701 0.002431 0.005093
0 0.095964 0.041358 0.003212 0.007407
0 0.127951 0.055015 0.004167 0.008796
0 0.159896 0.068673 0.004687 0.010802
0 0.191753 0.082099 0.005382 0.012654
0 0.223741 0.095833 0.006337 0.013889
0 0.255556 0.109414 0.007118 0.016049
0 0.287413 0.122917 0.007812 0.017747
0 0.319488 0.136806 0.008594 0.019599
0 0.317057 0.135031 0.008594 0.019444
0 0.314627 0.133719 0.008594 0.019599
0 0.312196 0.132485 0.008594 0.019599
0 0.309722 0.131173 0.008507 0.019444
0 0.307292 0.129861 0.008507 0.019599
0 0.304861 0.128549 0.008507 0.019444
0 0.302431 0.127238 0.008507 0.019599
0 0.300000 0.125926 0.008507 0.019444
0 0.297526 0.124614 0.008594 0.019599
0 0.295095 0.123380 0.008594 0.019599
0 0.292795 0.122068 0.008333 0.019444
0 0.290582 0.120756 0.008247 0.019599
0 0.288368 0.119444 0.008333 0.019444
0 0.286328 0.118133 0.008073 0.019599
0 0.284115 0.117052 0.007986 0.018981
0 0.281771 0.115741 0.007812 0.019136
0 0.279731 0.114429 0.007552 0.018981
0 0.277561 0.113117 0.007552 0.019136
0 0.275304 0.111883 0.007552 0.019136
0 0.273264 0.110957 0.007292 0.019136
0 0.271311 0.110108 0.007378 0.018981
0 0.269488 0.109491 0.007031 0.018673
0 0.267535 0.108565 0.007118 0.018673
0 0.265668 0.108102 0.006858 0.018673
0 0.263759 0.107562 0.006858 0.018210
0 0.261892 0.106636 0.006597 0.018210
0 0.259983 0.106173 0.006597 0.018210
0 0.258116 0.105401 0.006337 0.018210
0 0.256207 0.104707 0.006337 0.017747
0 0.254470 0.104244 0.006337 0.017747
0 0.252995 0.103781 0.006337 0.017747
0 0.251519 0.103395 0.006337 0.017901
0 0.250043 0.103009 0.006337 0.017747
0 0.248611 0.102546 0.006424 0.017747
0 0.247179 0.102083 0.006337 0.017747
0 0.245703 0.101620 0.006337 0.017747
0 0.244227 0.101235 0.006337 0.017901
0 0.242752 0.100772 0.006337 0.017901
0 0.241276 0.100386 0.006337 0.017747
0 0.239800 0.099923 0.006337 0.017747
0 0.238498 0.099460 0.006163 0.017747
0 0.237240 0.098997 0.006076 0.017747
0 0.236024 0.098611 0.006076 0.017901
0 0.234809 0.098380 0.006076 0.017438
0 0.233594 0.097994 0.006076 0.017284
0 0.232509 0.097762 0.005816 0.017747
0 0.231293 0.097299 0.005816 0.017747
0 0.230078 0.097068 0.005816 0.017284
0 0.228863 0.096682 0.005816 0.017438
0 0.227648 0.096219 0.005816 0.017438
