0 0.058637 0.266975 0.011024 0.016049
0 0.058290 0.267747 0.010677 0.016049
0 0.058030 0.269136 0.010677 0.016049
0 0.057812 0.269907 0.010764 0.016049
0 0.057552 0.271296 0.010764 0.016049
0 0.057292 0.272068 0.010764 0.016049
0 0.056901 0.273457 0.010503 0.016049
0 0.056727 0.274383 0.010503 0.016049
0 0.056467 0.275617 0.010503 0.016049
0 0.056207 0.276543 0.010503 0.016049
0 0.056076 0.277778 0.010243 0.016049
0 0.055816 0.278704 0.010243 0.016049
0 0.055556 0.279475 0.010243 0.016049
0 0.055556 0.280633 0.010243 0.015586
0 0.055382 0.281481 0.010243 0.015741
0 0.055382 0.282562 0.010243 0.015123
0 0.055122 0.283410 0.010243 0.015278
0 0.054861 0.284259 0.010243 0.015123
0 0.054861 0.285340 0.010243 0.014815
0 0.054601 0.286265 0.010243 0.014815
0 0.054601 0.287500 0.010243 0.014815
0 0.054601 0.287963 0.010243 0.014815
0 0.054601 0.288889 0.010243 0.014815
0 0.054601 0.289275 0.010243 0.014660
0 0.054601 0.290123 0.010243 0.014815
0 0.054601 0.290586 0.010243 0.014815
0 0.054601 0.291435 0.010243 0.014660
0 0.054601 0.291898 0.010243 0.014660
0 0.054601 0.292747 0.010243 0.014815
0 0.054601 0.293210 0.010243 0.014815
0 0.054861 0.294059 0.010243 0.014660
0 0.054861 0.294059 0.010243 0.014660
0 0.054861 0.294444 0.010243 0.014815
0 0.055122 0.294907 0.010243 0.014815
0 0.055122 0.295370 0.010243 0.014815
0 0.055382 0.295756 0.010243 0.014660
0 0.055382 0.295756 0.010243 0.014660
0 0.055382 0.296219 0.010243 0.014660
0 0.055556 0.296682 0.010243 0.014660
0 0.055556 0.297068 0.010243 0.014815
0 0.055816 0.297531 0.010243 0.014815
0 0.055816 0.297531 0.010243 0.014815
0 0.055816 0.297531 0.010243 0.014815
0 0.056076 0.297531 0.010243 0.014815
0 0.056076 0.297994 0.010243 0.014815
0 0.056337 0.297994 0.010243 0.014815
0 0.056337 0.297994 0.010243 0.014815
0 0.056337 0.298380 0.010243 0.014660
0 0.056597 0.298380 0.010243 0.014660
0 0.056597 0.298380 0.010243 0.014660
0 0.056814 0.298843 0.010330 0.014660
0 0.056814 0.298843 0.010330 0.014660
0 0.057031 0.298843 0.010243 0.014660
0 0.057031 0.299228 0.010243 0.014815
0 0.057292 0.299228 0.010243 0.014815
0 0.057292 0.299691 0.010243 0.014815
0 0.057552 0.299691 0.010243 0.014815
0 0.057552 0.299691 0.010243 0.014815
0 0.057812 0.300154 0.010243 0.014815
0 0.057812 0.300154 0.010243 0.014815
0 0.058073 0.300540 0.010243 0.014660
0 0.058073 0.300540 0.010243 0.014660
0 0.058247 0.300540 0.010243 0.014660
0 0.058247 0.301003 0.010243 0.014660
0 0.058507 0.301003 0.010243 0.014660
0 0.058507 0.301389 0.010243 0.014815
0 0.058767 0.301389 0.010243 0.014815
0 0.058767 0.301389 0.010243 0.014815
0 0.059028 0.301852 0.010243 0.014815
0 0.059028 0.301852 0.010243 0.014815
0 0.059288 0.302315 0.010243 0.014815
0 0.059462 0.302315 0.010243 0.014815
0 0.059722 0.302315 0.010243 0.014815
0 0.059983 0.302315 0.010243 0.014815
0 0.060243 0.302701 0.010243 0.014660
0 0.060503 0.302701 0.010243 0.014660
0 0.060720 0.302701 0.010330 0.014660
0 0.060937 0.303164 0.010243 0.014660
0 0.061198 0.303164 0.010243 0.014660
0 0.061458 0.303164 0.010243 0.014660
0 0.061719 0.303627 0.010243 0.014660
0 0.061719 0.303627 0.010243 0.014660
0 0.061936 0.303627 0.010330 0.014660
0 0.061936 0.303627 0.010330 0.014660
0 0.062153 0.304012 0.010243 0.014815
0 0.062413 0.304012 0.010243 0.014815
0 0.062413 0.304012 0.010243 0.014815
0 0.062674 0.304475 0.010243 0.014815
0 0.062674 0.304475 0.010243 0.014815
0 0.062934 0.304475 0.010243 0.014815
0 0.063194 0.304938 0.010243 0.014815
0 0.063194 0.304938 0.010243 0.014815
0 0.063368 0.305093 0.010243 0.015123
0 0.063628 0.305093 0.010243 0.015123
0 0.063889 0.305556 0.010243 0.015123
0 0.064149 0.305787 0.010243 0.015586
0 0.064410 0.305787 0.010243 0.015586
0 0.064583 0.306250 0.010243 0.015586
0 0.064844 0.306250 0.010243 0.015586
0 0.065104 0.306481 0.010243 0.016049
0 0.065365 0.306790 0.010243 0.016049
0 0.065365 0.306790 0.010243 0.016049
0 0.065625 0.306790 0.010243 0.016049
0 0.065842 0.307253 0.010330 0.016049
0 0.065842 0.307253 0.010330 0.016049
0 0.066059 0.307716 0.010243 0.016049
0 0.066319 0.307716 0.010243 0.016049
0 0.066319 0.307716 0.010243 0.016049
0 0.066580 0.308179 0.010243 0.016049
0 0.066840 0.308179 0.010243 0.016049
0 0.067101 0.308642 0.010243 0.016049
0 0.067101 0.308642 0.010243 0.016049
0 0.067101 0.308642 0.010243 0.016049
0 0.067101 0.308642 0.010243 0.016049
0 0.067274 0.308642 0.010243 0.016049
0 0.067274 0.308951 0.010243 0.016049
0 0.067274 0.308951 0.010243 0.016049
0 0.067535 0.308951 0.010243 0.016049
0 0.067535 0.308951 0.010243 0.016049
0 0.067535 0.308951 0.010243 0.016049
0 0.067795 0.309414 0.010243 0.016049
0 0.067795 0.309182 0.010243 0.015586
0 0.067795 0.309182 0.010243 0.015586
0 0.067925 0.309182 0.009983 0.015586
0 0.068056 0.309028 0.010243 0.015278
0 0.068186 0.309028 0.009983 0.015278
0 0.068186 0.309028 0.009983 0.015278
0 0.068316 0.308796 0.010243 0.014815
0 0.068403 0.308796 0.010069 0.014815
0 0.068403 0.308796 0.010069 0.014815
0 0.068620 0.309028 0.009983 0.014352
0 0.068880 0.309028 0.009983 0.014352
0 0.069141 0.309028 0.009983 0.014352
0 0.069401 0.309028 0.009983 0.014352
0 0.069618 0.309028 0.010069 0.014352
0 0.069878 0.309028 0.010069 0.014352
0 0.070095 0.309028 0.009983 0.014352
0 0.070356 0.309028 0.009983 0.014352
0 0.070616 0.309028 0.009983 0.014352
0 0.070877 0.309028 0.009983 0.014352
0 0.071094 0.309028 0.010069 0.014352
0 0.071094 0.309028 0.010069 0.014352
0 0.071311 0.309028 0.009983 0.014352
0 0.071311 0.309028 0.009983 0.014352
0 0.071571 0.309028 0.009983 0.014352
0 0.071832 0.309028 0.009983 0.014352
0 0.071832 0.309028 0.009983 0.014352
0 0.072092 0.309028 0.009983 0.014352
0 0.072092 0.309028 0.009983 0.014352
0 0.072309 0.309028 0.010069 0.014352
0 0.072526 0.309028 0.009983 0.014352
0 0.072526 0.308565 0.009983 0.014352
0 0.072786 0.308102 0.009983 0.014352
0 0.073047 0.307716 0.009983 0.014198
0 0.073307 0.307330 0.009983 0.014352
0 0.073524 0.306867 0.010069 0.014352
0 0.073524 0.306404 0.010069 0.014352
0 0.073741 0.305941 0.009983 0.014352
0 0.074002 0.305556 0.009983 0.014198
0 0.074262 0.305170 0.009983 0.014352
0 0.074523 0.305170 0.009983 0.014352
0 0.074740 0.304244 0.010069 0.014352
0 0.075217 0.303781 0.009983 0.014352
0 0.075477 0.303395 0.009983 0.014198
0 0.075998 0.302546 0.009983 0.014352
0 0.076215 0.302083 0.010069 0.014352
0 0.076693 0.301620 0.009983 0.014352
0 0.076953 0.300772 0.009983 0.014198
0 0.077431 0.300386 0.010069 0.014352
0 0.077648 0.299923 0.009983 0.014352
0 0.078168 0.299460 0.009983 0.014352
0 0.078168 0.298611 0.009983 0.014198
0 0.078429 0.297762 0.009983 0.014352
0 0.078646 0.296836 0.010069 0.014352
0 0.078906 0.295988 0.010069 0.014198
0 0.079123 0.295370 0.009983 0.014815
0 0.079253 0.294444 0.010243 0.014815
0 0.079514 0.293596 0.010243 0.014660
0 0.079774 0.292747 0.010243 0.014815
0 0.080035 0.291898 0.010243 0.014660
0 0.080208 0.291435 0.010243 0.014660
