0 0.122700 0.206173 0.008247 0.016975
0 0.122830 0.205787 0.007986 0.016821
0 0.122917 0.205787 0.007812 0.016821
0 0.123047 0.205787 0.007552 0.016821
0 0.123177 0.205556 0.007292 0.016358
0 0.123437 0.205556 0.007292 0.016358
0 0.123568 0.205556 0.007031 0.016358
0 0.123655 0.205401 0.006858 0.016049
0 0.123785 0.205401 0.006597 0.016049
0 0.123915 0.205401 0.006337 0.016049
0 0.124175 0.205401 0.006337 0.016049
0 0.124436 0.205556 0.006337 0.016358
0 0.124740 0.206173 0.006597 0.016975
0 0.125130 0.206404 0.006337 0.017438
0 0.125521 0.207022 0.006597 0.017747
0 0.125868 0.207253 0.006424 0.018210
0 0.126215 0.207948 0.006597 0.018673
0 0.126476 0.208179 0.006597 0.019136
0 0.126997 0.208796 0.006597 0.019444
0 0.127214 0.209028 0.006510 0.019907
0 0.127691 0.209722 0.006597 0.020370
0 0.127691 0.209722 0.006597 0.020370
0 0.127951 0.209877 0.006597 0.020062
0 0.128082 0.210108 0.006337 0.019599
0 0.128212 0.210340 0.006597 0.019136
0 0.128472 0.210802 0.006597 0.019136
0 0.128559 0.210802 0.006424 0.019136
0 0.128646 0.211034 0.006597 0.018673
0 0.128776 0.211188 0.006337 0.018364
0 0.129036 0.211420 0.006337 0.017901
0 0.129297 0.211806 0.006337 0.017747
0 0.129557 0.211806 0.006337 0.017747
0 0.129774 0.212037 0.006424 0.017284
0 0.129991 0.212037 0.006337 0.017284
0 0.130382 0.212500 0.006076 0.017284
0 0.130773 0.212731 0.006337 0.016821
0 0.131033 0.212731 0.006337 0.016821
0 0.131337 0.213117 0.006076 0.016975
0 0.131597 0.213117 0.006076 0.016975
0 0.131858 0.213349 0.006076 0.016512
0 0.132335 0.213812 0.006163 0.016512
0 0.132335 0.213812 0.006163 0.016512
0 0.132335 0.213812 0.006163 0.016512
0 0.132335 0.213812 0.006163 0.016512
0 0.132335 0.213812 0.006163 0.016512
0 0.132335 0.213812 0.006163 0.016512
0 0.132335 0.213812 0.006163 0.016512
0 0.132335 0.213812 0.006163 0.016512
0 0.132335 0.213812 0.006163 0.016512
0 0.132335 0.213812 0.006163 0.016512
0 0.132335 0.213812 0.006163 0.016512
0 0.132812 0.214660 0.006076 0.016358
0 0.133333 0.215509 0.006076 0.016512
0 0.133811 0.216821 0.006163 0.016358
0 0.134288 0.217670 0.006076 0.016512
0 0.134809 0.219059 0.006076 0.016512
0 0.135243 0.219830 0.006076 0.016512
0 0.135764 0.220756 0.006076 0.016512
0 0.136241 0.221991 0.006163 0.016512
0 0.136719 0.222917 0.006076 0.016512
0 0.137457 0.224151 0.006163 0.016512
0 0.137457 0.224846 0.006163 0.016049
0 0.137457 0.225540 0.006163 0.015586
0 0.137717 0.226157 0.006163 0.015278
0 0.137717 0.227006 0.006163 0.015123
0 0.137934 0.227701 0.006076 0.014660
0 0.137934 0.228318 0.006076 0.014352
0 0.137934 0.229244 0.006076 0.014352
0 0.138194 0.229784 0.006076 0.013889
0 0.138194 0.230478 0.006076 0.013426
0 0.138455 0.231404 0.006076 0.013426
0 0.138672 0.231790 0.006163 0.013580
0 0.138932 0.232176 0.006163 0.013426
0 0.139149 0.233102 0.006076 0.013426
0 0.139410 0.233565 0.006076 0.013426
0 0.139670 0.234336 0.006076 0.013426
0 0.139931 0.234799 0.006076 0.013426
0 0.140148 0.235262 0.006163 0.013426
0 0.140365 0.236188 0.006076 0.013426
0 0.140625 0.236574 0.006076 0.013580
0 0.140885 0.237423 0.006076 0.013426
0 0.141580 0.237886 0.006076 0.013426
0 0.142361 0.238349 0.006076 0.013426
0 0.143056 0.238735 0.006076 0.013580
0 0.143837 0.239583 0.006076 0.013426
0 0.144531 0.240046 0.006076 0.013426
0 0.145269 0.240509 0.006163 0.013426
0 0.146007 0.241281 0.006076 0.013426
0 0.146745 0.241744 0.006163 0.013426
0 0.147483 0.242207 0.006076 0.013426
0 0.148177 0.243133 0.006076 0.013426
0 0.148438 0.243519 0.006076 0.013580
0 0.148958 0.243904 0.006076 0.013426
0 0.149392 0.244367 0.006076 0.013426
0 0.149913 0.245293 0.006076 0.013426
0 0.150391 0.245679 0.006163 0.013580
0 0.150651 0.246065 0.006163 0.013426
0 0.151128 0.246991 0.006076 0.013426
0 0.151606 0.247454 0.006163 0.013426
0 0.152083 0.247840 0.006076 0.013580
0 0.152604 0.248688 0.006076 0.013426
0 0.152995 0.249383 0.006337 0.013889
0 0.153429 0.250231 0.006337 0.014660
0 0.153819 0.250926 0.006597 0.015123
0 0.154297 0.251698 0.006510 0.016049
0 0.154774 0.252855 0.006597 0.016512
0 0.155165 0.253472 0.006858 0.016821
0 0.155642 0.254398 0.006771 0.017747
0 0.155990 0.254938 0.007118 0.018210
0 0.156510 0.255864 0.007118 0.019136
0 0.156988 0.256944 0.007031 0.019444
0 0.156988 0.257176 0.007031 0.018981
0 0.157248 0.257330 0.007031 0.018673
0 0.157335 0.257562 0.006858 0.018210
0 0.157595 0.257793 0.006858 0.017747
0 0.157856 0.258488 0.006858 0.017284
0 0.157856 0.258719 0.006858 0.016821
0 0.158073 0.258873 0.006771 0.016512
0 0.158203 0.259105 0.006510 0.016049
0 0.158420 0.259336 0.006597 0.015586
0 0.158681 0.260031 0.006597 0.015123
0 0.158941 0.260031 0.006597 0.015123
0 0.159201 0.260417 0.006597 0.015278
0 0.159549 0.260648 0.006771 0.014815
0 0.159766 0.260880 0.006858 0.015278
0 0.160156 0.261265 0.007118 0.015123
0 0.160417 0.261497 0.007118 0.014660
0 0.160634 0.261728 0.007031 0.015123
0 0.161024 0.261960 0.007292 0.014660
0 0.161241 0.262346 0.007378 0.014815
0 0.161589 0.262809 0.007552 0.014815
0 0.162240 0.262577 0.007292 0.014352
0 0.162977 0.262577 0.007378 0.014352
0 0.163715 0.262577 0.007292 0.014352
0 0.164410 0.262577 0.007292 0.014352
0 0.165148 0.262577 0.007378 0.014352
0 0.165885 0.262577 0.007292 0.014352
0 0.166623 0.262577 0.007378 0.014352
0 0.167361 0.262577 0.007292 0.014352
0 0.168099 0.262577 0.007378 0.014352
0 0.168837 0.262577 0.007292 0.014352
0 0.169922 0.262346 0.007031 0.014815
0 0.171137 0.262346 0.007031 0.014815
0 0.172483 0.262346 0.006771 0.014815
0 0.173698 0.262346 0.006771 0.014815
0 0.175043 0.262577 0.006510 0.015278
0 0.176259 0.262423 0.006510 0.015586
0 0.177517 0.262423 0.006597 0.015586
0 0.178863 0.262423 0.006337 0.015586
0 0.180078 0.262423 0.006337 0.015586
0 0.181380 0.262654 0.006163 0.016049
0 0.182378 0.262191 0.006076 0.016049
0 0.183594 0.262191 0.006076 0.016049
0 0.184549 0.261728 0.006076 0.016049
0 0.185764 0.261728 0.006076 0.016049
0 0.186979 0.261265 0.006076 0.016049
0 0.187977 0.261265 0.006163 0.016049
0 0.189193 0.260802 0.006163 0.016049
0 0.190191 0.260802 0.006076 0.016049
0 0.191406 0.260494 0.006076 0.016049
0 0.192622 0.260494 0.006076 0.016049
0 0.193316 0.259568 0.006076 0.016049
0 0.194314 0.258642 0.006163 0.016049
0 0.195312 0.257870 0.006076 0.016049
0 0.196007 0.257407 0.006076 0.016049
0 0.197005 0.256481 0.006163 0.016049
0 0.198003 0.255710 0.006076 0.016049
0 0.198698 0.255247 0.006076 0.016049
0 0.199696 0.254321 0.006163 0.016049
0 0.200694 0.253549 0.006076 0.016049
0 0.201649 0.253086 0.006076 0.016049
0 0.201649 0.251543 0.006076 0.015741
0 0.201910 0.250231 0.006076 0.015586
0 0.202127 0.248920 0.006163 0.015741
0 0.202344 0.247608 0.006076 0.015586
0 0.202604 0.246373 0.006076 0.015586
0 0.202734 0.244985 0.006337 0.015586
0 0.202995 0.243750 0.006337 0.015586
0 0.203255 0.242438 0.006337 0.015741
0 0.203472 0.241127 0.006424 0.015586
0 0.203689 0.239815 0.006337 0.015741
