0 0.137587 0.121759 0.005382 0.018210
0 0.131727 0.141358 0.005816 0.019136
0 0.125868 0.161111 0.006424 0.019444
0 0.120139 0.180787 0.007118 0.019907
0 0.114280 0.200849 0.007552 0.020833
0 0.108550 0.220525 0.008247 0.021296
0 0.102691 0.240046 0.008854 0.022068
0 0.096832 0.259954 0.009288 0.022994
0 0.091102 0.279784 0.009983 0.023457
0 0.085243 0.299460 0.010417 0.023920
0 0.079644 0.319444 0.011024 0.024691
0 0.085243 0.316358 0.010937 0.024691
0 0.090842 0.313349 0.011024 0.024846
0 0.096484 0.310340 0.011024 0.024691
0 0.102083 0.307253 0.010937 0.024691
0 0.107943 0.304244 0.011024 0.024846
0 0.113542 0.301235 0.010937 0.024691
0 0.119141 0.298148 0.011024 0.024691
0 0.124783 0.295139 0.011024 0.024846
0 0.130382 0.292130 0.010937 0.024691
0 0.136241 0.289506 0.011024 0.024691
0 0.140538 0.290355 0.010764 0.024846
0 0.145009 0.291435 0.010503 0.024228
0 0.149436 0.292515 0.010503 0.024846
0 0.153906 0.293596 0.010243 0.024228
0 0.158464 0.294907 0.009983 0.024383
0 0.162717 0.295756 0.009809 0.024228
0 0.167231 0.296836 0.009462 0.023920
0 0.171615 0.297917 0.009549 0.024228
0 0.176172 0.298997 0.009288 0.023920
0 0.180642 0.300386 0.009028 0.023920
0 0.181033 0.301389 0.009288 0.023457
0 0.181641 0.302778 0.009462 0.023457
0 0.182248 0.304012 0.009809 0.023457
0 0.182595 0.305324 0.009983 0.023302
0 0.183247 0.306636 0.010243 0.023457
0 0.183811 0.307948 0.010503 0.023302
0 0.184201 0.309259 0.010764 0.023457
0 0.184809 0.310494 0.010937 0.023457
0 0.185417 0.311883 0.011285 0.023457
0 0.186024 0.313117 0.011458 0.023457
0 0.185069 0.313580 0.011458 0.023457
0 0.184288 0.314429 0.011458 0.023302
0 0.183333 0.315278 0.011458 0.023457
0 0.182639 0.315741 0.011458 0.023457
0 0.181597 0.316667 0.011458 0.023457
0 0.180903 0.317438 0.011458 0.023457
0 0.179948 0.317901 0.011458 0.023457
0 0.179167 0.318827 0.011458 0.023457
0 0.178212 0.319599 0.011458 0.023457
0 0.177517 0.320525 0.011458 0.023457
0 0.176042 0.320756 0.011458 0.022994
0 0.174566 0.320988 0.011458 0.022531
0 0.173090 0.321373 0.011458 0.021759
0 0.171615 0.321605 0.011458 0.021296
0 0.170139 0.322068 0.011458 0.020370
0 0.168663 0.322299 0.011458 0.019907
0 0.167231 0.322454 0.011545 0.019599
0 0.165799 0.322917 0.011458 0.018673
0 0.164323 0.323148 0.011458 0.018210
0 0.162847 0.323765 0.011458 0.017901
0 0.162109 0.323997 0.011545 0.017438
0 0.161632 0.324460 0.011458 0.016512
0 0.160894 0.324691 0.011545 0.016049
0 0.160417 0.325077 0.011458 0.015278
0 0.159896 0.325540 0.011458 0.014352
0 0.159201 0.325772 0.011458 0.013889
0 0.158681 0.326157 0.011458 0.013117
0 0.157986 0.326389 0.011458 0.012654
0 0.157465 0.326852 0.011458 0.011728
0 0.156988 0.327238 0.011545 0.010957
0 0.156771 0.327469 0.011458 0.010494
0 0.156771 0.327701 0.011458 0.010031
0 0.156510 0.327932 0.011458 0.009568
0 0.156510 0.328164 0.011458 0.009105
0 0.156250 0.328549 0.011458 0.008333
0 0.156250 0.328781 0.011458 0.007870
0 0.155990 0.329012 0.011458 0.007407
0 0.155990 0.329244 0.011458 0.006944
0 0.155729 0.329398 0.011458 0.006636
0 0.155729 0.329861 0.011458 0.005710
0 0.155729 0.329398 0.011458 0.005710
0 0.155729 0.329167 0.011458 0.005247
0 0.155729 0.328935 0.011458 0.005710
0 0.155859 0.328704 0.011198 0.005247
0 0.155859 0.328704 0.011198 0.005247
0 0.155859 0.328318 0.011198 0.005093
0 0.155990 0.328164 0.010937 0.004784
0 0.155990 0.327932 0.010937 0.005247
0 0.155990 0.327701 0.010937 0.004784
0 0.156120 0.327701 0.010677 0.004784
0 0.155642 0.327006 0.010764 0.006173
0 0.155382 0.326389 0.010764 0.007407
0 0.155035 0.326003 0.010417 0.009105
0 0.154818 0.325540 0.010503 0.010031
0 0.154557 0.325000 0.010503 0.011728
0 0.154167 0.324383 0.010243 0.012963
0 0.153906 0.323920 0.010243 0.013889
0 0.153559 0.323534 0.010069 0.015586
0 0.153342 0.322917 0.009983 0.016821
0 0.153082 0.322685 0.009983 0.018210
0 0.152431 0.320756 0.010243 0.018673
0 0.151997 0.318827 0.010243 0.019136
0 0.151606 0.316821 0.010503 0.019444
0 0.151128 0.315123 0.010417 0.019444
0 0.150781 0.313117 0.010764 0.020062
0 0.150260 0.311188 0.010764 0.020525
0 0.149783 0.309414 0.010677 0.020370
0 0.149436 0.307485 0.011024 0.020833
0 0.148915 0.305556 0.011024 0.021296
0 0.148568 0.303858 0.011198 0.021296
0 0.148090 0.301235 0.011285 0.021296
0 0.147613 0.298611 0.011198 0.021296
0 0.147092 0.295988 0.011198 0.021296
0 0.146832 0.293827 0.011198 0.021296
0 0.146398 0.291204 0.011198 0.021296
0 0.145877 0.288580 0.011198 0.021296
0 0.145616 0.286420 0.011198 0.021296
0 0.145139 0.283873 0.011285 0.021142
0 0.144661 0.281250 0.011198 0.021142
0 0.144401 0.279090 0.011198 0.021142
0 0.143924 0.276080 0.010764 0.021296
0 0.143533 0.273457 0.010503 0.021296
0 0.143229 0.270370 0.010243 0.021296
0 0.142839 0.267747 0.009983 0.021296
0 0.142448 0.264815 0.009722 0.021296
0 0.142101 0.262191 0.009549 0.021296
0 0.141710 0.259105 0.009288 0.021296
0 0.141406 0.256481 0.009028 0.021296
0 0.141016 0.253472 0.008767 0.021142
0 0.140625 0.250926 0.008507 0.021296
0 0.140365 0.247840 0.008507 0.021296
0 0.140148 0.244830 0.008594 0.021142
0 0.139887 0.241821 0.008594 0.021296
0 0.139670 0.238735 0.008507 0.021296
0 0.139410 0.236111 0.008507 0.021296
0 0.139149 0.233102 0.008507 0.021142
0 0.138932 0.230093 0.008594 0.021296
0 0.138672 0.227006 0.008594 0.021296
0 0.138455 0.223997 0.008507 0.021142
0 0.138194 0.221373 0.008507 0.021142
0 0.137934 0.217901 0.008507 0.021296
0 0.137847 0.214892 0.008333 0.021142
0 0.137717 0.211883 0.008073 0.021296
0 0.137457 0.208565 0.008073 0.020833
0 0.137457 0.205556 0.008073 0.020679
0 0.137326 0.202315 0.007812 0.021296
0 0.137066 0.198997 0.007812 0.020833
0 0.136979 0.196065 0.007639 0.020833
0 0.136849 0.192978 0.007378 0.020833
0 0.136849 0.189892 0.007378 0.020833
0 0.136849 0.186960 0.007378 0.020833
0 0.136849 0.184336 0.007378 0.020833
0 0.136849 0.181250 0.007378 0.020833
0 0.136849 0.178627 0.007378 0.020833
0 0.136849 0.175617 0.007378 0.020679
0 0.136849 0.173071 0.007378 0.020833
0 0.136849 0.169985 0.007378 0.020833
0 0.136849 0.167361 0.007378 0.020833
0 0.136849 0.164275 0.007378 0.020833
0 0.136849 0.161806 0.007378 0.020833
0 0.136849 0.159568 0.007378 0.020679
0 0.136979 0.157330 0.007118 0.020833
0 0.137109 0.155170 0.006858 0.020833
0 0.137240 0.153009 0.006597 0.020833
0 0.137500 0.151080 0.006597 0.020370
0 0.137587 0.148920 0.006424 0.020370
0 0.137717 0.146759 0.006163 0.020370
0 0.137847 0.144599 0.005903 0.020370
0 0.137977 0.142438 0.005642 0.020370
0 0.138194 0.140741 0.005556 0.020370
0 0.137977 0.138580 0.005642 0.020370
0 0.137977 0.136574 0.005642 0.020062
0 0.137977 0.134799 0.005642 0.019907
0 0.137847 0.132870 0.005382 0.019444
0 0.137847 0.131173 0.005382 0.019444
0 0.137717 0.129167 0.005642 0.019136
0 0.137587 0.127238 0.005382 0.018673
0 0.137587 0.125540 0.005382 0.018673
0 0.137587 0.123611 0.005382 0.018210
0 0.137587 0.121759 0.005382 0.018210
