0 0.232378 0.070833 0.004687 0.012654
0 0.231641 0.070448 0.004601 0.012500
0 0.231163 0.069985 0.004687 0.012500
0 0.230425 0.069985 0.004601 0.012500
0 0.229948 0.069522 0.004687 0.012500
0 0.229210 0.069522 0.004601 0.012500
0 0.228733 0.069136 0.004687 0.012654
0 0.227995 0.068673 0.004601 0.012654
0 0.227517 0.068673 0.004687 0.012654
0 0.226780 0.068210 0.004601 0.012654
0 0.226302 0.068210 0.004687 0.012654
0 0.226302 0.068210 0.004687 0.012654
0 0.226302 0.068210 0.004687 0.012654
0 0.226302 0.068210 0.004687 0.012654
0 0.226302 0.068210 0.004687 0.012654
0 0.226302 0.068210 0.004687 0.012654
0 0.226302 0.068210 0.004687 0.012654
0 0.226302 0.068210 0.004687 0.012654
0 0.226302 0.068210 0.004687 0.012654
0 0.226302 0.068210 0.004687 0.012654
0 0.226302 0.068210 0.004687 0.012654
0 0.225781 0.067824 0.004687 0.012500
0 0.225434 0.067824 0.004861 0.012500
0 0.224913 0.067361 0.004861 0.012500
0 0.224696 0.067361 0.004948 0.012500
0 0.224219 0.067361 0.004861 0.012500
0 0.223828 0.066975 0.005122 0.012654
0 0.223481 0.066975 0.004948 0.012654
0 0.223134 0.066512 0.005122 0.012654
0 0.222613 0.066512 0.005122 0.012654
0 0.222352 0.066512 0.005122 0.012654
0 0.221918 0.066049 0.005122 0.012654
0 0.221398 0.066049 0.005122 0.012654
0 0.220877 0.065664 0.005122 0.012500
0 0.220703 0.065664 0.005122 0.012500
0 0.220182 0.065664 0.005122 0.012500
0 0.219661 0.065201 0.005122 0.012500
0 0.219488 0.065201 0.005122 0.012500
0 0.218967 0.064815 0.005122 0.012654
0 0.218446 0.064815 0.005122 0.012654
0 0.218273 0.064815 0.005122 0.012654
0 0.218012 0.064815 0.005122 0.012654
0 0.217752 0.064815 0.005122 0.012654
0 0.217491 0.064815 0.005122 0.012654
0 0.217231 0.064815 0.005122 0.012654
0 0.217231 0.064969 0.005122 0.012963
0 0.217014 0.064969 0.005208 0.012963
0 0.216797 0.064969 0.005122 0.012963
0 0.216536 0.064969 0.005122 0.012963
0 0.216276 0.064969 0.005122 0.012963
0 0.216276 0.065432 0.005122 0.012963
0 0.216016 0.065432 0.005122 0.012963
0 0.215885 0.065432 0.004861 0.012963
0 0.215668 0.065432 0.004948 0.012963
0 0.215668 0.065895 0.004948 0.012963
0 0.215451 0.065895 0.004861 0.012963
0 0.215321 0.065895 0.004601 0.012963
0 0.215191 0.066281 0.004861 0.013117
0 0.215061 0.066281 0.004601 0.013117
0 0.214800 0.066281 0.004601 0.013117
0 0.214800 0.066744 0.004601 0.013117
0 0.214670 0.066744 0.004861 0.013117
0 0.214670 0.067130 0.004861 0.012963
0 0.214670 0.067130 0.004861 0.012963
0 0.214670 0.067593 0.004861 0.012963
0 0.214670 0.068056 0.004861 0.012963
0 0.214670 0.068056 0.004861 0.012963
0 0.214670 0.068441 0.004861 0.013117
0 0.214670 0.068441 0.004861 0.013117
0 0.214670 0.068904 0.004861 0.013117
0 0.214800 0.069290 0.005122 0.012963
0 0.214540 0.069753 0.005122 0.012963
0 0.214540 0.070216 0.005122 0.012963
0 0.214453 0.071065 0.004948 0.013117
0 0.214453 0.071528 0.004948 0.013117
0 0.214453 0.072377 0.004948 0.012963
0 0.214236 0.072840 0.004861 0.012963
0 0.214236 0.073225 0.004861 0.013117
0 0.214106 0.074074 0.004601 0.012963
0 0.214106 0.074537 0.004601 0.012963
0 0.214106 0.075386 0.004601 0.013117
0 0.213976 0.075849 0.004861 0.013117
0 0.213976 0.076698 0.004861 0.012963
0 0.213976 0.077623 0.004861 0.012963
0 0.213976 0.078395 0.004861 0.012963
0 0.213976 0.079321 0.004861 0.012963
0 0.213845 0.080015 0.005122 0.013426
0 0.213845 0.080787 0.005122 0.013426
0 0.213845 0.081713 0.005122 0.013426
0 0.213845 0.082562 0.005122 0.013580
0 0.213845 0.083410 0.005122 0.013426
0 0.213845 0.083873 0.005122 0.013426
0 0.214106 0.084336 0.005122 0.013426
0 0.214236 0.085108 0.004861 0.013426
0 0.214453 0.085571 0.004948 0.013426
0 0.214670 0.086497 0.004861 0.013426
0 0.214670 0.086960 0.004861 0.013426
0 0.214931 0.087346 0.004861 0.013580
0 0.215061 0.088194 0.004601 0.013426
0 0.215321 0.088657 0.004601 0.013426
0 0.215538 0.089506 0.004687 0.013580
0 0.215538 0.089892 0.004687 0.013426
0 0.215799 0.090818 0.004687 0.013426
0 0.216016 0.091281 0.004601 0.013426
0 0.216016 0.092052 0.004601 0.013426
0 0.216276 0.092978 0.004601 0.013426
0 0.216536 0.093441 0.004601 0.013426
0 0.216536 0.094213 0.004601 0.013426
0 0.216753 0.094676 0.004687 0.013426
0 0.217014 0.095602 0.004687 0.013426
0 0.217274 0.096451 0.004687 0.013580
0 0.217274 0.096836 0.004687 0.013426
0 0.217274 0.097299 0.004687 0.013426
0 0.217274 0.097762 0.004687 0.013426
0 0.217361 0.098225 0.004861 0.013426
0 0.217361 0.098997 0.004861 0.013426
0 0.217361 0.099460 0.004861 0.013426
0 0.217491 0.099923 0.005122 0.013426
0 0.217491 0.100386 0.005122 0.013426
0 0.217491 0.100849 0.005122 0.013426
0 0.217622 0.101620 0.005382 0.013426
0 0.217622 0.101620 0.005382 0.013426
0 0.217882 0.102083 0.005382 0.013426
0 0.217882 0.102546 0.005382 0.013426
0 0.218142 0.103009 0.005382 0.013426
0 0.218229 0.103395 0.005556 0.013580
0 0.218359 0.103781 0.005295 0.013426
0 0.218490 0.104244 0.005556 0.013426
0 0.218576 0.104707 0.005382 0.013426
0 0.218707 0.105170 0.005642 0.013426
0 0.218967 0.105556 0.005642 0.013580
0 0.218967 0.105170 0.005642 0.013426
0 0.218967 0.105170 0.005642 0.013426
0 0.218967 0.105170 0.005642 0.013426
0 0.218967 0.104707 0.005642 0.013426
0 0.219097 0.104707 0.005903 0.013426
0 0.219097 0.104707 0.005903 0.013426
0 0.219097 0.104244 0.005903 0.013426
0 0.219097 0.104244 0.005903 0.013426
0 0.219097 0.104244 0.005903 0.013426
0 0.219184 0.104244 0.006076 0.013426
0 0.218967 0.104244 0.006163 0.013426
0 0.218967 0.104244 0.006163 0.013426
0 0.218967 0.104244 0.006163 0.013426
0 0.218967 0.104244 0.006163 0.013426
0 0.218967 0.104244 0.006163 0.013426
0 0.218750 0.104244 0.006076 0.013426
0 0.218750 0.104244 0.006076 0.013426
0 0.218750 0.104244 0.006076 0.013426
0 0.218750 0.104244 0.006076 0.013426
0 0.218750 0.104244 0.006076 0.013426
0 0.218750 0.103781 0.006076 0.013426
0 0.218750 0.103781 0.006076 0.013426
0 0.218967 0.103781 0.006163 0.013426
0 0.218967 0.103781 0.006163 0.013426
0 0.219184 0.103781 0.006076 0.013426
0 0.219184 0.103395 0.006076 0.013580
0 0.219184 0.103395 0.006076 0.013580
0 0.219444 0.103395 0.006076 0.013580
0 0.219444 0.103395 0.006076 0.013580
0 0.219705 0.103395 0.006076 0.013580
0 0.219705 0.103395 0.006076 0.013580
0 0.219705 0.103395 0.006076 0.013580
0 0.219705 0.103395 0.006076 0.013580
0 0.219705 0.103395 0.006076 0.013580
0 0.219705 0.103395 0.006076 0.013580
0 0.219705 0.103395 0.006076 0.013580
0 0.219705 0.103395 0.006076 0.013580
0 0.219705 0.103395 0.006076 0.013580
0 0.219705 0.103395 0.006076 0.013580
0 0.219705 0.103395 0.006076 0.013580
0 0.219705 0.103395 0.006076 0.013580
0 0.219705 0.103395 0.006076 0.013580
0 0.219705 0.103395 0.006076 0.013580
0 0.219705 0.103395 0.006076 0.013580
0 0.219705 0.103395 0.006076 0.013580
0 0.219705 0.103395 0.006076 0.013580
0 0.219705 0.103395 0.006076 0.013580
0 0.219705 0.103395 0.006076 0.013580
0 0.219705 0.103395 0.006076 0.013580
0 0.219835 0.103781 0.006337 0.013426
