0 0.220920 0.292593 0.015451 0.029938
0 0.220920 0.292130 0.015451 0.029938
0 0.221007 0.291898 0.015625 0.029475
0 0.221137 0.291667 0.015885 0.029938
0 0.221137 0.291435 0.015885 0.029475
0 0.221267 0.291204 0.016146 0.029938
0 0.221398 0.290972 0.016406 0.029475
0 0.221398 0.290586 0.016406 0.029630
0 0.221528 0.290586 0.016667 0.029630
0 0.221615 0.290201 0.016840 0.029475
0 0.221875 0.290201 0.016840 0.029475
0 0.222005 0.289043 0.017101 0.029012
0 0.222266 0.288194 0.017101 0.029167
0 0.222526 0.287346 0.017101 0.029012
0 0.222613 0.286420 0.017274 0.029012
0 0.222873 0.285571 0.017274 0.029167
0 0.223090 0.284722 0.017361 0.029012
0 0.223220 0.283873 0.017622 0.029167
0 0.223481 0.283025 0.017622 0.029012
0 0.223741 0.282099 0.017622 0.029012
0 0.224089 0.281250 0.017795 0.029167
0 0.224349 0.279321 0.017795 0.028704
0 0.224696 0.277778 0.017622 0.028086
0 0.225043 0.276003 0.017795 0.028241
0 0.225434 0.274306 0.017535 0.027315
0 0.225911 0.272608 0.017622 0.027315
0 0.226172 0.271065 0.017622 0.027006
0 0.226519 0.269136 0.017274 0.026543
0 0.226910 0.267593 0.017535 0.025926
0 0.227257 0.265818 0.017361 0.026080
0 0.227734 0.264352 0.017274 0.025617
0 0.227995 0.260802 0.017274 0.025617
0 0.228255 0.257870 0.017274 0.025617
0 0.228733 0.254784 0.017361 0.025617
0 0.228993 0.251543 0.017361 0.025926
0 0.229470 0.248534 0.017274 0.026080
0 0.229687 0.245216 0.017361 0.025617
0 0.229948 0.241975 0.017361 0.025926
0 0.230425 0.238966 0.017274 0.026080
0 0.230686 0.235880 0.017274 0.026080
0 0.231163 0.232870 0.017361 0.025926
0 0.231163 0.229630 0.017361 0.025617
0 0.231163 0.226543 0.017361 0.025617
0 0.231163 0.223380 0.017361 0.025154
0 0.231163 0.220293 0.017361 0.025154
0 0.231293 0.217052 0.017101 0.024846
0 0.231293 0.214043 0.017101 0.024691
0 0.231293 0.210725 0.017101 0.024228
0 0.231293 0.207716 0.017101 0.024383
0 0.231293 0.204475 0.017101 0.023765
0 0.231554 0.201466 0.017101 0.023920
0 0.231554 0.197068 0.017101 0.023765
0 0.231684 0.193210 0.016840 0.023765
0 0.231771 0.189043 0.017014 0.023457
0 0.231858 0.185185 0.016840 0.023457
0 0.231988 0.181250 0.017101 0.023302
0 0.232118 0.177083 0.016840 0.022994
0 0.232118 0.173225 0.016840 0.022994
0 0.232378 0.169136 0.016840 0.022531
0 0.232378 0.165201 0.016840 0.022685
0 0.232639 0.161265 0.016840 0.022531
0 0.232378 0.157870 0.016840 0.022531
0 0.232118 0.154321 0.016840 0.022531
0 0.231858 0.150926 0.016840 0.022531
0 0.231684 0.147377 0.016840 0.022531
0 0.231424 0.143981 0.016840 0.022531
0 0.231163 0.140432 0.016840 0.022531
0 0.230903 0.137037 0.016840 0.022531
0 0.230642 0.133488 0.016840 0.022531
0 0.230469 0.130093 0.016840 0.022531
0 0.230208 0.126543 0.016840 0.022531
0 0.229687 0.123997 0.016840 0.022685
0 0.229253 0.121836 0.016840 0.022685
0 0.228993 0.119213 0.016840 0.022685
0 0.228472 0.117052 0.016840 0.022685
0 0.228212 0.114892 0.016840 0.022685
0 0.227778 0.112269 0.016840 0.022685
0 0.227257 0.110108 0.016840 0.022685
0 0.226997 0.107562 0.016840 0.022531
0 0.226562 0.105401 0.016840 0.022531
0 0.226302 0.103164 0.016840 0.022685
0 0.225651 0.101003 0.016580 0.022685
0 0.225217 0.099228 0.016580 0.022531
0 0.224826 0.097068 0.016319 0.022531
0 0.224219 0.095370 0.016146 0.022531
0 0.223828 0.093441 0.015885 0.022068
0 0.223351 0.091512 0.015799 0.022531
0 0.222743 0.089506 0.015625 0.022222
0 0.222352 0.087500 0.015365 0.022531
0 0.221918 0.085571 0.015365 0.022068
0 0.221528 0.083873 0.015104 0.022068
0 0.221050 0.082176 0.015191 0.022068
0 0.220573 0.080787 0.015104 0.022068
0 0.220052 0.079321 0.015104 0.021605
0 0.219705 0.077778 0.014931 0.022222
0 0.219358 0.076466 0.015104 0.022068
0 0.218837 0.075000 0.015104 0.021605
0 0.218490 0.073457 0.014931 0.022222
0 0.218012 0.071914 0.014844 0.021605
0 0.217491 0.070602 0.014844 0.021759
0 0.217274 0.069367 0.014931 0.021759
0 0.216753 0.068287 0.014931 0.022068
0 0.216536 0.067130 0.014844 0.022531
0 0.216016 0.066127 0.014844 0.022994
0 0.215799 0.064969 0.014931 0.023457
0 0.215408 0.063889 0.014670 0.023765
0 0.215061 0.062809 0.014844 0.024383
0 0.214714 0.061728 0.014670 0.024691
0 0.214323 0.060725 0.014931 0.025154
0 0.213976 0.059568 0.014583 0.025617
0 0.213715 0.058873 0.014583 0.026080
0 0.213498 0.058102 0.014670 0.026080
0 0.213238 0.057176 0.014670 0.026080
0 0.212977 0.056327 0.014670 0.025926
0 0.212977 0.055478 0.014670 0.026080
0 0.212717 0.054552 0.014670 0.026080
0 0.212500 0.053704 0.014583 0.025926
0 0.212500 0.052855 0.014583 0.026080
0 0.212283 0.052006 0.014670 0.025926
0 0.212023 0.051157 0.014670 0.026080
0 0.212023 0.050231 0.014670 0.026080
0 0.211502 0.053086 0.014670 0.026543
0 0.211285 0.055864 0.014583 0.026852
0 0.211024 0.058951 0.014583 0.026852
0 0.210677 0.061806 0.014410 0.027315
0 0.210417 0.064969 0.014410 0.027778
0 0.210069 0.067824 0.014583 0.028241
0 0.209722 0.070602 0.014410 0.028549
0 0.209462 0.073688 0.014410 0.028549
0 0.209201 0.076466 0.014410 0.029167
0 0.208941 0.079707 0.014410 0.029475
0 0.208681 0.084722 0.014410 0.029012
0 0.208507 0.089969 0.014410 0.029012
0 0.208247 0.094907 0.014410 0.028704
0 0.207986 0.100154 0.014410 0.028704
0 0.207856 0.105170 0.014149 0.028241
0 0.207595 0.110340 0.014149 0.028086
0 0.207335 0.115278 0.014149 0.027778
0 0.207161 0.120525 0.014149 0.027778
0 0.206901 0.125540 0.014149 0.027315
0 0.206901 0.130941 0.014149 0.027006
0 0.206901 0.135725 0.014149 0.027006
0 0.206901 0.140432 0.014149 0.026852
0 0.206901 0.145216 0.014149 0.026852
0 0.206901 0.150463 0.014149 0.026852
0 0.206901 0.155247 0.014149 0.026852
0 0.206901 0.160031 0.014149 0.026852
0 0.206901 0.165201 0.014149 0.027006
0 0.206901 0.169985 0.014149 0.027006
0 0.206901 0.174769 0.014149 0.027006
0 0.207161 0.179938 0.014149 0.026852
0 0.206901 0.181713 0.014149 0.027006
0 0.206901 0.183410 0.014149 0.027006
0 0.206901 0.185648 0.014149 0.026852
0 0.206901 0.187346 0.014149 0.026852
0 0.206901 0.189506 0.014149 0.026852
0 0.206641 0.191204 0.014149 0.026852
0 0.206641 0.192978 0.014149 0.027006
0 0.206641 0.195139 0.014149 0.027006
0 0.206641 0.196914 0.014149 0.026852
0 0.206641 0.199074 0.014149 0.026852
0 0.206380 0.199074 0.014149 0.026852
0 0.206380 0.199460 0.014149 0.027006
0 0.206120 0.199923 0.014149 0.027006
0 0.206120 0.200309 0.014149 0.026852
0 0.206033 0.200772 0.014323 0.026852
0 0.205946 0.201235 0.014149 0.026852
0 0.205816 0.201698 0.014410 0.026852
0 0.205686 0.202083 0.014149 0.027006
0 0.205556 0.202469 0.014410 0.026852
0 0.205556 0.202932 0.014410 0.026852
0 0.205425 0.203164 0.014149 0.027315
0 0.205425 0.203627 0.014149 0.027315
0 0.205295 0.203858 0.013889 0.027778
0 0.205295 0.204244 0.013889 0.027623
0 0.205165 0.204475 0.013628 0.028086
0 0.205165 0.204861 0.013628 0.028241
0 0.205078 0.205093 0.013455 0.028704
0 0.205078 0.205556 0.013455 0.028704
0 0.204948 0.205787 0.013194 0.029167
0 0.204948 0.206173 0.013194 0.029012
