0 0.196658 0.156327 0.005816 0.025617
0 0.196658 0.156327 0.005816 0.025617
0 0.196658 0.156790 0.005816 0.025617
0 0.196658 0.157176 0.005816 0.025463
0 0.196658 0.157562 0.005816 0.025617
0 0.196658 0.158025 0.005816 0.025617
0 0.196658 0.158025 0.005816 0.025617
0 0.196658 0.158488 0.005816 0.025617
0 0.196658 0.158951 0.005816 0.025617
0 0.196658 0.159414 0.005816 0.025617
0 0.196658 0.159722 0.005816 0.025617
0 0.196658 0.159414 0.005816 0.025617
0 0.196658 0.159414 0.005816 0.025617
0 0.196658 0.159414 0.005816 0.025617
0 0.196658 0.159414 0.005816 0.025617
0 0.196658 0.159414 0.005816 0.025617
0 0.196658 0.159414 0.005816 0.025617
0 0.196658 0.159414 0.005816 0.025617
0 0.196658 0.159414 0.005816 0.025617
0 0.196658 0.159414 0.005816 0.025617
0 0.196875 0.159414 0.005903 0.025617
0 0.196875 0.159414 0.005903 0.025617
0 0.196875 0.159722 0.005903 0.025617
0 0.196875 0.159722 0.005903 0.025617
0 0.196875 0.160185 0.005903 0.025617
0 0.196875 0.160185 0.005903 0.025617
0 0.196875 0.160648 0.005903 0.025617
0 0.196875 0.160648 0.005903 0.025617
0 0.196875 0.161111 0.005903 0.025617
0 0.196875 0.161111 0.005903 0.025617
0 0.196875 0.161574 0.005903 0.025617
0 0.196658 0.161111 0.005816 0.025617
0 0.196658 0.161111 0.005816 0.025617
0 0.196658 0.161111 0.005816 0.025617
0 0.196658 0.161111 0.005816 0.025617
0 0.196658 0.161111 0.005816 0.025617
0 0.196658 0.160880 0.005816 0.025154
0 0.196658 0.160880 0.005816 0.025154
0 0.196658 0.160880 0.005816 0.025154
0 0.196658 0.160880 0.005816 0.025154
0 0.196658 0.160880 0.005816 0.025154
0 0.196658 0.160880 0.005816 0.025154
0 0.196658 0.160880 0.005816 0.025154
0 0.196658 0.160880 0.005816 0.025154
0 0.196658 0.160880 0.005816 0.025154
0 0.196658 0.161111 0.005816 0.025617
0 0.196658 0.161111 0.005816 0.025617
0 0.196658 0.161111 0.005816 0.025617
0 0.196658 0.161111 0.005816 0.025617
0 0.196658 0.161111 0.005816 0.025617
0 0.196875 0.161574 0.005903 0.025617
0 0.196658 0.161574 0.005816 0.025617
0 0.196658 0.161728 0.005816 0.025926
0 0.196658 0.161728 0.005816 0.025926
0 0.196528 0.161960 0.006076 0.026389
0 0.196528 0.161960 0.006076 0.026389
0 0.196398 0.162191 0.005816 0.026852
0 0.196267 0.162191 0.006076 0.026852
0 0.196267 0.162423 0.006076 0.027315
0 0.196267 0.162423 0.006076 0.027315
0 0.196267 0.162886 0.006076 0.027315
0 0.196007 0.162886 0.006076 0.027315
0 0.196007 0.162886 0.006076 0.027315
0 0.196007 0.162886 0.006076 0.027315
0 0.195790 0.163040 0.006163 0.027623
0 0.195790 0.163194 0.006163 0.027315
0 0.195790 0.163194 0.006163 0.027315
0 0.195530 0.163426 0.006163 0.027778
0 0.195530 0.163426 0.006163 0.027778
0 0.195530 0.163426 0.006163 0.027778
0 0.195530 0.163889 0.006163 0.027778
0 0.195530 0.163889 0.006163 0.027778
0 0.195530 0.163889 0.006163 0.027778
0 0.195530 0.163889 0.006163 0.027778
0 0.195530 0.163889 0.006163 0.027778
0 0.195530 0.163889 0.006163 0.027778
0 0.195530 0.163889 0.006163 0.027778
0 0.195530 0.163889 0.006163 0.027778
0 0.195530 0.163889 0.006163 0.027778
0 0.195530 0.163889 0.006163 0.027778
0 0.195530 0.163889 0.006163 0.027778
0 0.195530 0.163889 0.006163 0.027778
0 0.195530 0.163889 0.006163 0.027778
0 0.195530 0.163889 0.006163 0.027778
0 0.195530 0.163889 0.006163 0.027778
0 0.195530 0.164352 0.006163 0.027778
0 0.195530 0.164352 0.006163 0.027778
0 0.195530 0.164352 0.006163 0.027778
0 0.195530 0.164352 0.006163 0.027778
0 0.195530 0.164352 0.006163 0.027778
0 0.195530 0.164815 0.006163 0.027778
0 0.195312 0.164352 0.006076 0.027778
0 0.195312 0.164352 0.006076 0.027778
0 0.195052 0.164352 0.006076 0.027778
0 0.195052 0.163889 0.006076 0.027778
0 0.195052 0.163889 0.006076 0.027778
0 0.194792 0.163889 0.006076 0.027778
0 0.194792 0.163426 0.006076 0.027778
0 0.194575 0.163426 0.006163 0.027778
0 0.194575 0.163426 0.006163 0.027778
0 0.194575 0.163426 0.006163 0.027778
0 0.194575 0.163426 0.006163 0.027778
0 0.194575 0.163426 0.006163 0.027778
0 0.194575 0.163426 0.006163 0.027778
0 0.194575 0.163426 0.006163 0.027778
0 0.194575 0.163426 0.006163 0.027778
0 0.194575 0.163426 0.006163 0.027778
0 0.194575 0.163426 0.006163 0.027778
0 0.194575 0.163426 0.006163 0.027778
0 0.194575 0.163426 0.006163 0.027778
0 0.194575 0.163426 0.006163 0.027778
0 0.194575 0.163426 0.006163 0.027778
0 0.194575 0.163426 0.006163 0.027778
0 0.194575 0.163426 0.006163 0.027778
0 0.194575 0.163426 0.006163 0.027778
0 0.194575 0.163889 0.006163 0.027778
0 0.194575 0.163889 0.006163 0.027778
0 0.194575 0.163889 0.006163 0.027778
0 0.194575 0.163889 0.006163 0.027778
0 0.194575 0.163889 0.006163 0.027778
0 0.194575 0.164352 0.006163 0.027778
0 0.194575 0.164352 0.006163 0.027778
0 0.194575 0.164352 0.006163 0.027778
0 0.194575 0.164352 0.006163 0.027778
0 0.194575 0.164352 0.006163 0.027778
0 0.194575 0.164352 0.006163 0.027778
0 0.194575 0.164352 0.006163 0.027778
0 0.194575 0.164352 0.006163 0.027778
0 0.194575 0.164352 0.006163 0.027778
0 0.194575 0.164352 0.006163 0.027778
0 0.194575 0.164352 0.006163 0.027778
0 0.194575 0.164352 0.006163 0.027778
0 0.194575 0.164352 0.006163 0.027778
0 0.194575 0.164352 0.006163 0.027778
0 0.194575 0.164352 0.006163 0.027778
0 0.194575 0.164352 0.006163 0.027778
0 0.194575 0.164352 0.006163 0.027778
0 0.194575 0.164352 0.006163 0.027778
0 0.194575 0.164352 0.006163 0.027778
0 0.194575 0.164352 0.006163 0.027778
0 0.194575 0.164352 0.006163 0.027778
0 0.194575 0.164352 0.006163 0.027778
0 0.194575 0.164352 0.006163 0.027778
0 0.194575 0.164352 0.006163 0.027778
0 0.194575 0.164352 0.006163 0.027778
0 0.194575 0.164352 0.006163 0.027778
0 0.194575 0.164352 0.006163 0.027778
0 0.194575 0.164352 0.006163 0.027778
0 0.194575 0.164352 0.006163 0.027778
0 0.194575 0.164352 0.006163 0.027778
0 0.194575 0.164352 0.006163 0.027778
0 0.194314 0.164352 0.006163 0.027778
0 0.194314 0.164352 0.006163 0.027778
0 0.194097 0.164352 0.006076 0.027778
0 0.194097 0.164352 0.006076 0.027778
0 0.193837 0.164352 0.006076 0.027778
0 0.193837 0.164352 0.006076 0.027778
0 0.193576 0.164352 0.006076 0.027778
0 0.193576 0.164352 0.006076 0.027778
0 0.193316 0.164352 0.006076 0.027778
0 0.193316 0.164352 0.006076 0.027778
0 0.193099 0.164352 0.006163 0.027778
0 0.193099 0.164352 0.006163 0.027778
0 0.193099 0.164815 0.006163 0.027778
0 0.192882 0.164815 0.006076 0.027778
0 0.192882 0.165201 0.006076 0.027623
0 0.192882 0.165201 0.006076 0.027623
0 0.192622 0.165201 0.006076 0.027623
0 0.192622 0.165586 0.006076 0.027778
0 0.192622 0.165586 0.006076 0.027778
0 0.192622 0.166049 0.006076 0.027778
0 0.192361 0.165586 0.006076 0.027778
0 0.192101 0.165201 0.006076 0.027623
0 0.192014 0.164815 0.005903 0.027778
0 0.191884 0.164352 0.006163 0.027778
0 0.191753 0.163889 0.005903 0.027778
0 0.191536 0.163426 0.005816 0.027778
0 0.191406 0.163040 0.006076 0.027623
0 0.191276 0.162654 0.005816 0.027778
0 0.191016 0.162191 0.005816 0.027778
0 0.191016 0.161728 0.005816 0.027778
