0 0.079601 0.328935 0.006597 0.005710
0 0.071571 0.295833 0.006163 0.005247
0 0.063628 0.263040 0.005382 0.004784
0 0.055816 0.230247 0.004861 0.004321
0 0.047786 0.197531 0.004427 0.004012
0 0.039974 0.164738 0.003906 0.003549
0 0.032031 0.131790 0.003125 0.003395
0 0.024002 0.099074 0.002691 0.003086
0 0.016189 0.066281 0.002170 0.002623
0 0.008290 0.033488 0.001476 0.002160
0 0.000477 0.000849 0.000955 0.001698
0 0.000477 0.000849 0.000955 0.001698
0 0.000477 0.000849 0.000955 0.001698
0 0.000477 0.000849 0.000955 0.001698
0 0.000477 0.000849 0.000955 0.001698
0 0.000477 0.000849 0.000955 0.001698
0 0.000477 0.000849 0.000955 0.001698
0 0.000477 0.000849 0.000955 0.001698
0 0.000477 0.000849 0.000955 0.001698
0 0.000477 0.000849 0.000955 0.001698
0 0.000477 0.000849 0.000955 0.001698
0 0.000477 0.000849 0.000955 0.001698
0 0.000477 0.000849 0.000955 0.001698
0 0.000477 0.000849 0.000955 0.001698
0 0.000477 0.000849 0.000955 0.001698
0 0.000477 0.000849 0.000955 0.001698
0 0.000477 0.000849 0.000955 0.001698
0 0.000477 0.000849 0.000955 0.001698
0 0.000477 0.000849 0.000955 0.001698
0 0.000477 0.000849 0.000955 0.001698
0 0.000477 0.000849 0.000955 0.001698
0 0.000477 0.000849 0.000955 0.001698
0 0.000477 0.000849 0.000955 0.001698
0 0.000477 0.000849 0.000955 0.001698
0 0.000477 0.000849 0.000955 0.001698
0 0.000477 0.000849 0.000955 0.001698
0 0.000477 0.000849 0.000955 0.001698
0 0.000477 0.000849 0.000955 0.001698
0 0.000477 0.000849 0.000955 0.001698
0 0.000477 0.000849 0.000955 0.001698
0 0.000477 0.000849 0.000955 0.001698
0 0.000477 0.000849 0.000955 0.001698
0 0.000477 0.000849 0.000955 0.001698
0 0.000477 0.000849 0.000955 0.001698
0 0.000477 0.000849 0.000955 0.001698
0 0.000477 0.000849 0.000955 0.001698
0 0.000477 0.000849 0.000955 0.001698
0 0.000477 0.000849 0.000955 0.001698
0 0.000477 0.000849 0.000955 0.001698
0 0.000477 0.000849 0.000955 0.001698
0 0.000477 0.000849 0.000955 0.001698
0 0.008290 0.033488 0.001476 0.002160
0 0.016189 0.066512 0.002170 0.002160
0 0.024132 0.099306 0.002431 0.002623
0 0.032031 0.132176 0.003125 0.002623
0 0.040104 0.165201 0.003646 0.003549
0 0.047917 0.198148 0.004167 0.003395
0 0.055816 0.230941 0.004861 0.003858
0 0.063759 0.263889 0.005122 0.004012
0 0.071701 0.296605 0.005903 0.004321
0 0.079731 0.329861 0.006337 0.004784
0 0.079991 0.329398 0.006858 0.005710
0 0.080469 0.329012 0.007292 0.006481
0 0.080990 0.328549 0.007812 0.007407
0 0.081467 0.328318 0.008247 0.007870
0 0.081944 0.327932 0.008854 0.008642
0 0.082422 0.327469 0.009288 0.009568
0 0.082943 0.327238 0.009809 0.010031
0 0.083420 0.326852 0.010243 0.010802
0 0.083898 0.326389 0.010677 0.011728
0 0.084375 0.326157 0.011285 0.012191
0 0.084418 0.326157 0.011719 0.012191
0 0.084505 0.326157 0.011892 0.012191
0 0.084635 0.326389 0.012153 0.011728
0 0.084635 0.326389 0.012674 0.011728
0 0.084766 0.326620 0.012934 0.011265
0 0.084896 0.326620 0.013194 0.011265
0 0.084852 0.326620 0.013628 0.011265
0 0.084983 0.326852 0.013889 0.010802
0 0.085113 0.326852 0.014149 0.010802
0 0.085243 0.327006 0.014410 0.010494
0 0.085764 0.326852 0.014410 0.010802
0 0.086198 0.326852 0.014410 0.010802
0 0.086979 0.326620 0.014410 0.011265
0 0.087413 0.326620 0.014410 0.011265
0 0.088194 0.326620 0.014410 0.011265
0 0.088628 0.326389 0.014410 0.011728
0 0.089149 0.326389 0.014410 0.011728
0 0.089844 0.326157 0.014410 0.012191
0 0.090365 0.326157 0.014410 0.012191
0 0.091102 0.326157 0.014323 0.012191
0 0.091102 0.325926 0.014323 0.012654
0 0.091319 0.325926 0.014410 0.012654
0 0.091580 0.325694 0.014410 0.013117
0 0.091840 0.325694 0.014410 0.013117
0 0.092101 0.325540 0.014410 0.013426
0 0.092231 0.325540 0.014149 0.013426
0 0.092405 0.325309 0.014149 0.013889
0 0.092665 0.325309 0.014149 0.013889
0 0.092925 0.325077 0.014149 0.014352
0 0.093186 0.325077 0.014149 0.014352
0 0.093533 0.324614 0.014323 0.015278
0 0.094010 0.324460 0.014410 0.015586
0 0.094531 0.324228 0.014410 0.016049
0 0.094878 0.323997 0.014583 0.016512
0 0.095356 0.323765 0.014670 0.016975
0 0.095877 0.323380 0.014670 0.017747
0 0.096224 0.323148 0.014844 0.018210
0 0.096701 0.322917 0.014931 0.018673
0 0.097179 0.322685 0.014844 0.019136
0 0.097830 0.322454 0.015104 0.019599
0 0.098047 0.322454 0.015191 0.019599
0 0.098307 0.322454 0.015191 0.019599
0 0.098524 0.322685 0.015104 0.019136
0 0.098785 0.322685 0.015104 0.019136
0 0.099045 0.322917 0.015104 0.018673
0 0.099262 0.322917 0.015191 0.018673
0 0.099523 0.322917 0.015191 0.018673
0 0.099740 0.323148 0.015104 0.018210
0 0.100000 0.323148 0.015104 0.018210
0 0.100521 0.323380 0.015104 0.017747
0 0.100955 0.322917 0.015104 0.017747
0 0.101476 0.322917 0.015104 0.017747
0 0.102214 0.322917 0.015191 0.017747
0 0.102691 0.322917 0.015104 0.017747
0 0.103429 0.322917 0.015191 0.017747
0 0.103906 0.322685 0.015104 0.018210
0 0.104427 0.322685 0.015104 0.018210
0 0.105122 0.322685 0.015104 0.018210
0 0.105642 0.322685 0.015104 0.018210
0 0.106337 0.322685 0.015104 0.018210
0 0.106597 0.322068 0.015104 0.019444
0 0.106944 0.321605 0.014931 0.020370
0 0.107335 0.321142 0.015191 0.021296
0 0.107682 0.320525 0.014844 0.022531
0 0.108073 0.320062 0.015104 0.023457
0 0.108420 0.319676 0.014931 0.024228
0 0.108681 0.318981 0.014931 0.025617
0 0.109158 0.318596 0.014844 0.026389
0 0.109418 0.318133 0.014844 0.027315
0 0.109896 0.317670 0.014931 0.028241
0 0.110113 0.317207 0.014844 0.028241
0 0.110634 0.316821 0.014844 0.028086
0 0.111111 0.316821 0.014931 0.028086
0 0.111589 0.316435 0.014844 0.028241
0 0.112066 0.316435 0.014931 0.028241
0 0.112587 0.315972 0.014931 0.028241
0 0.113064 0.315509 0.014844 0.028241
0 0.113542 0.315509 0.014931 0.028241
0 0.114019 0.315046 0.014844 0.028241
0 0.114540 0.315046 0.014844 0.028241
0 0.114627 0.314660 0.014670 0.028086
0 0.115017 0.314275 0.014410 0.028241
0 0.115408 0.314043 0.014149 0.027778
0 0.115495 0.313580 0.013976 0.027778
0 0.115842 0.313349 0.013628 0.027315
0 0.116233 0.312886 0.013368 0.027315
0 0.116363 0.312423 0.013108 0.027315
0 0.116710 0.312269 0.012934 0.027006
0 0.117101 0.311883 0.012674 0.026852
0 0.117448 0.311883 0.012500 0.026852
0 0.117925 0.311651 0.012413 0.026389
0 0.118446 0.311651 0.012413 0.026389
0 0.118924 0.311420 0.012500 0.025926
0 0.119531 0.311420 0.012153 0.025926
0 0.120139 0.311420 0.012500 0.025926
0 0.120616 0.311188 0.012413 0.025463
0 0.121224 0.311188 0.012240 0.025463
0 0.121745 0.311034 0.012240 0.025154
0 0.122222 0.311034 0.012153 0.025154
0 0.122960 0.311188 0.012240 0.024846
0 0.123177 0.310571 0.012153 0.025154
0 0.123655 0.310340 0.012240 0.025617
0 0.123915 0.309645 0.012240 0.026080
0 0.124392 0.309491 0.012153 0.026389
0 0.124783 0.309259 0.011892 0.026852
0 0.125130 0.308565 0.012240 0.027315
0 0.125521 0.308333 0.011979 0.027778
0 0.125868 0.307716 0.012153 0.028086
0 0.126215 0.307485 0.011979 0.028549
0 0.126736 0.307253 0.011979 0.029012
