0 0.252127 0.210571 0.009983 0.031636
0 0.251910 0.214429 0.010069 0.031636
0 0.251910 0.218364 0.010069 0.031790
0 0.251693 0.222299 0.009983 0.031636
0 0.251693 0.226620 0.009983 0.031636
0 0.251693 0.230478 0.009983 0.031636
0 0.251432 0.234414 0.009983 0.031790
0 0.251432 0.238735 0.009983 0.031790
0 0.251172 0.242670 0.009983 0.031636
0 0.251172 0.246528 0.009983 0.031636
0 0.251172 0.250849 0.009983 0.031636
0 0.251172 0.251775 0.009983 0.031636
0 0.251172 0.253009 0.009983 0.031636
0 0.251172 0.253935 0.009983 0.031636
0 0.251172 0.255170 0.009983 0.031636
0 0.251172 0.256559 0.009983 0.031636
0 0.251172 0.257407 0.009983 0.031790
0 0.251172 0.258719 0.009983 0.031636
0 0.251172 0.259568 0.009983 0.031790
0 0.251172 0.260880 0.009983 0.031636
0 0.251432 0.262114 0.009983 0.031636
0 0.251042 0.254784 0.010243 0.031790
0 0.250781 0.247840 0.010243 0.031790
0 0.250477 0.240509 0.010503 0.031636
0 0.250217 0.233565 0.010503 0.031636
0 0.249826 0.226389 0.010764 0.032099
0 0.249566 0.219213 0.010764 0.031636
0 0.249219 0.212037 0.010937 0.032099
0 0.249002 0.204861 0.011024 0.031636
0 0.248611 0.197685 0.011285 0.032099
0 0.248524 0.190741 0.011458 0.032099
0 0.248264 0.191204 0.011458 0.032099
0 0.248264 0.192130 0.011458 0.032099
0 0.248003 0.192901 0.011458 0.032099
0 0.248003 0.193364 0.011458 0.032099
0 0.247743 0.194290 0.011458 0.032099
0 0.247743 0.195139 0.011458 0.032253
0 0.247483 0.195525 0.011458 0.032099
0 0.247483 0.196451 0.011458 0.032099
0 0.247309 0.197377 0.011458 0.032099
0 0.247309 0.198148 0.011458 0.032099
0 0.247049 0.196451 0.011458 0.032099
0 0.247049 0.195139 0.011458 0.032253
0 0.246788 0.193827 0.011458 0.032099
0 0.246788 0.192593 0.011458 0.032099
0 0.246528 0.191204 0.011458 0.032099
0 0.246528 0.189969 0.011458 0.032099
0 0.246267 0.188580 0.011458 0.032099
0 0.246267 0.187346 0.011458 0.032099
0 0.246050 0.185957 0.011545 0.032099
0 0.246050 0.184722 0.011545 0.032099
0 0.245833 0.181096 0.011458 0.031636
0 0.245833 0.177778 0.011458 0.031173
0 0.245703 0.174306 0.011198 0.031327
0 0.245573 0.171065 0.011458 0.030710
0 0.245443 0.167824 0.011198 0.030401
0 0.245443 0.164352 0.011198 0.030247
0 0.245182 0.161111 0.011198 0.029938
0 0.245182 0.157562 0.011198 0.029938
0 0.245095 0.154398 0.011024 0.029475
0 0.245095 0.151080 0.011024 0.029012
0 0.245182 0.152392 0.011198 0.029167
0 0.245573 0.153704 0.011458 0.029012
0 0.245833 0.155015 0.011458 0.029167
0 0.246050 0.156327 0.011892 0.029012
0 0.246267 0.157870 0.011979 0.028704
0 0.246658 0.159105 0.012240 0.028704
0 0.246788 0.160417 0.012500 0.028549
0 0.247135 0.161728 0.012674 0.028704
0 0.247396 0.163040 0.012674 0.028549
0 0.247786 0.164738 0.012934 0.028549
0 0.247786 0.165664 0.012934 0.029475
0 0.247917 0.166667 0.012674 0.029938
0 0.248134 0.167824 0.012760 0.030401
0 0.248264 0.168904 0.012500 0.030710
0 0.248481 0.169985 0.012413 0.031327
0 0.248481 0.170833 0.012413 0.032099
0 0.248611 0.171991 0.012153 0.032562
0 0.248872 0.172994 0.012153 0.033025
0 0.248958 0.174074 0.011979 0.033333
0 0.249219 0.175231 0.011979 0.033796
0 0.249219 0.175849 0.011979 0.033488
0 0.249479 0.176698 0.011979 0.033333
0 0.249740 0.177315 0.011979 0.033025
0 0.249870 0.178472 0.011719 0.032562
0 0.250043 0.179090 0.011719 0.032253
0 0.250304 0.179938 0.011719 0.032099
0 0.250434 0.180864 0.011458 0.031173
0 0.250694 0.181713 0.011458 0.031327
0 0.250955 0.182330 0.011458 0.030710
0 0.251172 0.183410 0.011545 0.030401
0 0.250955 0.184336 0.011979 0.030401
0 0.250825 0.185340 0.012240 0.030864
0 0.250781 0.186420 0.012674 0.031173
0 0.250651 0.187577 0.012934 0.030710
0 0.250694 0.188657 0.013368 0.031327
0 0.250564 0.189738 0.013628 0.031636
0 0.250434 0.190818 0.013889 0.031327
0 0.250434 0.191898 0.014410 0.031636
0 0.250304 0.192901 0.014670 0.032099
0 0.250347 0.194290 0.015104 0.032099
0 0.250434 0.195139 0.014931 0.032253
0 0.250825 0.196451 0.014670 0.032099
0 0.250955 0.197377 0.014410 0.032099
0 0.251259 0.198611 0.014149 0.032099
0 0.251519 0.199691 0.014149 0.031790
0 0.251780 0.200772 0.013628 0.032099
0 0.252040 0.201852 0.013628 0.031790
0 0.252257 0.202932 0.013194 0.032099
0 0.252517 0.204090 0.013194 0.031636
0 0.252908 0.205324 0.012934 0.031636
0 0.252908 0.206636 0.012934 0.031790
0 0.253038 0.207948 0.013194 0.031636
0 0.253125 0.209182 0.013368 0.031636
0 0.253255 0.210571 0.013108 0.031636
0 0.253385 0.211806 0.013368 0.031636
0 0.253516 0.213194 0.013628 0.031636
0 0.253602 0.214429 0.013455 0.031636
0 0.253733 0.215741 0.013715 0.031790
0 0.253863 0.217052 0.013976 0.031636
0 0.254080 0.218750 0.013889 0.031636
0 0.253950 0.220525 0.014149 0.031790
0 0.253863 0.222299 0.014323 0.031636
0 0.253863 0.223997 0.014323 0.031636
0 0.253733 0.225694 0.014583 0.031636
0 0.253863 0.227469 0.014844 0.031790
0 0.253733 0.229244 0.015104 0.031636
0 0.253602 0.230941 0.015365 0.031636
0 0.253602 0.232639 0.015365 0.031636
0 0.253472 0.234414 0.015625 0.031790
0 0.253602 0.236574 0.015885 0.031790
0 0.253733 0.238349 0.015625 0.031636
0 0.253993 0.240278 0.015625 0.031173
0 0.254253 0.242207 0.015625 0.030710
0 0.254470 0.243981 0.015538 0.030864
0 0.254687 0.245910 0.015625 0.030401
0 0.254948 0.247840 0.015625 0.029938
0 0.255208 0.249537 0.015625 0.029938
0 0.255469 0.251543 0.015625 0.029630
0 0.255729 0.253472 0.015625 0.029167
0 0.256033 0.255401 0.015365 0.028704
0 0.256163 0.258256 0.015104 0.029167
0 0.256424 0.261497 0.015104 0.029475
0 0.256684 0.264815 0.015104 0.029938
0 0.256901 0.267978 0.015191 0.030401
0 0.257161 0.271296 0.015191 0.030864
0 0.257378 0.274306 0.015104 0.030710
0 0.257639 0.277546 0.015104 0.031327
0 0.257899 0.280787 0.015104 0.031636
0 0.258160 0.284105 0.015104 0.032099
0 0.258507 0.287269 0.014931 0.032562
0 0.258290 0.289660 0.015365 0.032099
0 0.258247 0.292515 0.015799 0.031636
0 0.257986 0.295139 0.016319 0.031636
0 0.257986 0.297994 0.016840 0.031173
0 0.257986 0.300772 0.017361 0.030864
0 0.257769 0.303164 0.017795 0.030401
0 0.257769 0.306019 0.018316 0.029938
0 0.257509 0.308642 0.018837 0.029938
0 0.257552 0.311343 0.019271 0.029475
0 0.257509 0.314198 0.019705 0.029012
0 0.257509 0.314198 0.019705 0.029012
0 0.257509 0.314198 0.019705 0.029012
0 0.257509 0.314198 0.019705 0.029012
0 0.257509 0.314198 0.019705 0.029012
0 0.257509 0.314198 0.019705 0.029012
0 0.257509 0.314198 0.019705 0.029012
0 0.257509 0.314198 0.019705 0.029012
0 0.257509 0.314198 0.019705 0.029012
0 0.257509 0.314198 0.019705 0.029012
0 0.257509 0.314198 0.019705 0.029012
0 0.257509 0.314198 0.019705 0.029012
0 0.257509 0.314198 0.019705 0.029012
0 0.257509 0.314198 0.019705 0.029012
0 0.257509 0.314198 0.019705 0.029012
0 0.257509 0.314198 0.019705 0.029012
0 0.257509 0.314198 0.019705 0.029012
0 0.257509 0.314198 0.019705 0.029012
0 0.257509 0.314198 0.019705 0.029012
0 0.257509 0.314198 0.019705 0.029012
0 0.257509 0.314198 0.019705 0.029012
