0 0.081684 0.256250 0.007812 0.011265
0 0.081424 0.256250 0.007812 0.011265
0 0.081250 0.256713 0.007812 0.011265
0 0.080990 0.256713 0.007812 0.011265
0 0.080729 0.257176 0.007812 0.011265
0 0.080469 0.257639 0.007812 0.011265
0 0.080208 0.257639 0.007812 0.011265
0 0.080035 0.258102 0.007812 0.011265
0 0.079774 0.258102 0.007812 0.011265
0 0.079514 0.258410 0.007812 0.011265
0 0.079253 0.258873 0.007812 0.011265
0 0.079253 0.259336 0.007812 0.011265
0 0.079514 0.259799 0.007812 0.011265
0 0.079514 0.260262 0.007812 0.011265
0 0.079774 0.260648 0.007812 0.011420
0 0.079774 0.261497 0.007812 0.011265
0 0.080035 0.261960 0.007812 0.011265
0 0.080035 0.262423 0.007812 0.011265
0 0.080208 0.262809 0.007812 0.011420
0 0.080208 0.263194 0.007812 0.011265
0 0.080469 0.264120 0.007812 0.011265
0 0.080208 0.264583 0.007812 0.011265
0 0.080035 0.265046 0.007812 0.011265
0 0.079774 0.265355 0.007812 0.011265
0 0.079514 0.265818 0.007812 0.011265
0 0.079253 0.266281 0.007812 0.011265
0 0.078993 0.266744 0.007812 0.011265
0 0.078776 0.267207 0.007726 0.011265
0 0.078559 0.267593 0.007812 0.011420
0 0.078299 0.267978 0.007812 0.011265
0 0.078299 0.268441 0.007812 0.011265
0 0.078299 0.268441 0.007812 0.011265
0 0.078299 0.268441 0.007812 0.011265
0 0.078299 0.268441 0.007812 0.011265
0 0.078299 0.268441 0.007812 0.011265
0 0.078299 0.268441 0.007812 0.011265
0 0.078299 0.268441 0.007812 0.011265
0 0.078299 0.268441 0.007812 0.011265
0 0.078299 0.268441 0.007812 0.011265
0 0.078299 0.268441 0.007812 0.011265
0 0.078299 0.268441 0.007812 0.011265
0 0.078038 0.268904 0.007812 0.011265
0 0.078038 0.269753 0.007812 0.011420
0 0.077778 0.270602 0.007812 0.011265
0 0.077778 0.271065 0.007812 0.011265
0 0.077517 0.271991 0.007812 0.011265
0 0.077517 0.272762 0.007812 0.011265
0 0.077344 0.273225 0.007812 0.011265
0 0.077344 0.274151 0.007812 0.011265
0 0.077083 0.274923 0.007812 0.011265
0 0.077083 0.275849 0.007812 0.011265
0 0.077083 0.275849 0.007812 0.011265
0 0.077083 0.276312 0.007812 0.011265
0 0.077083 0.276698 0.007812 0.011420
0 0.077083 0.277083 0.007812 0.011265
0 0.077083 0.277546 0.007812 0.011265
0 0.077083 0.277546 0.007812 0.011265
0 0.077083 0.278009 0.007812 0.011265
0 0.077083 0.278472 0.007812 0.011265
0 0.077083 0.278935 0.007812 0.011265
0 0.077083 0.279244 0.007812 0.011265
0 0.076823 0.279707 0.007812 0.011265
0 0.076823 0.280170 0.007812 0.011265
0 0.076823 0.280633 0.007812 0.011265
0 0.076823 0.281404 0.007812 0.011265
0 0.076823 0.281867 0.007812 0.011265
0 0.076823 0.282330 0.007812 0.011265
0 0.076823 0.283256 0.007812 0.011265
0 0.076823 0.283642 0.007812 0.011420
0 0.076823 0.284028 0.007812 0.011265
0 0.076823 0.284954 0.007812 0.011265
0 0.076562 0.284954 0.007812 0.011265
0 0.076302 0.285417 0.007812 0.011265
0 0.076128 0.285802 0.007812 0.011420
0 0.076128 0.286188 0.007812 0.011265
0 0.075868 0.286651 0.007812 0.011265
0 0.075608 0.287114 0.007812 0.011265
0 0.075608 0.287577 0.007812 0.011265
0 0.075347 0.288040 0.007812 0.011265
0 0.075087 0.288349 0.007812 0.011265
0 0.075087 0.288812 0.007812 0.011265
0 0.074870 0.289275 0.007726 0.011265
0 0.074653 0.289738 0.007812 0.011265
0 0.074392 0.290201 0.007812 0.011265
0 0.074392 0.290586 0.007812 0.011420
0 0.074132 0.290972 0.007812 0.011265
0 0.073872 0.291435 0.007812 0.011265
0 0.073872 0.291898 0.007812 0.011265
0 0.073611 0.292361 0.007812 0.011265
0 0.073437 0.292747 0.007812 0.011420
0 0.073437 0.293596 0.007812 0.011265
0 0.073437 0.294059 0.007812 0.011265
0 0.073437 0.294985 0.007812 0.011265
0 0.073611 0.295293 0.007812 0.011265
0 0.073611 0.296219 0.007812 0.011265
0 0.073872 0.297145 0.007812 0.011265
0 0.073872 0.297454 0.007812 0.011265
0 0.073872 0.298380 0.007812 0.011265
0 0.074132 0.298843 0.007812 0.011265
0 0.074132 0.299691 0.007812 0.011420
0 0.074392 0.300540 0.007812 0.011265
0 0.074132 0.301003 0.007812 0.011265
0 0.073872 0.301466 0.007812 0.011265
0 0.073741 0.302238 0.007552 0.011265
0 0.073611 0.302701 0.007812 0.011265
0 0.073524 0.303627 0.007639 0.011265
0 0.073307 0.304090 0.007552 0.011265
0 0.073177 0.304398 0.007812 0.011265
0 0.073047 0.305324 0.007552 0.011265
0 0.072786 0.305787 0.007552 0.011265
0 0.072786 0.306636 0.007552 0.011420
0 0.072526 0.307022 0.007552 0.011265
0 0.072526 0.307485 0.007552 0.011265
0 0.072526 0.307948 0.007552 0.011265
0 0.072526 0.308410 0.007552 0.011265
0 0.072526 0.309182 0.007552 0.011265
0 0.072526 0.309645 0.007552 0.011265
0 0.072526 0.310108 0.007552 0.011265
0 0.072526 0.310571 0.007552 0.011265
0 0.072526 0.311034 0.007552 0.011265
0 0.072526 0.311806 0.007552 0.011265
0 0.072309 0.312037 0.007639 0.011728
0 0.072309 0.312731 0.007639 0.012191
0 0.072309 0.312886 0.007639 0.012500
0 0.072309 0.313580 0.007639 0.012963
0 0.072309 0.313812 0.007639 0.013426
0 0.072179 0.314506 0.007378 0.013889
0 0.072179 0.314660 0.007378 0.014198
0 0.072179 0.315278 0.007378 0.014815
0 0.072179 0.315509 0.007378 0.015278
0 0.072179 0.316127 0.007378 0.015586
0 0.071962 0.316590 0.007292 0.015586
0 0.071962 0.317515 0.007292 0.015586
0 0.071962 0.318133 0.007292 0.015278
0 0.071962 0.318981 0.007292 0.015123
0 0.071962 0.319676 0.007292 0.014660
0 0.071962 0.320525 0.007292 0.014815
0 0.071962 0.321219 0.007292 0.014352
0 0.071962 0.321991 0.007292 0.014352
0 0.071962 0.322685 0.007292 0.013889
0 0.071962 0.323611 0.007292 0.013889
0 0.071701 0.323765 0.007292 0.013580
0 0.071701 0.324151 0.007292 0.013426
0 0.071441 0.324383 0.007292 0.012963
0 0.071441 0.324846 0.007292 0.012963
0 0.071311 0.325077 0.007552 0.012500
0 0.071224 0.325463 0.007378 0.012654
0 0.071094 0.325694 0.007639 0.012191
0 0.070964 0.326157 0.007378 0.012191
0 0.070877 0.326389 0.007552 0.011728
0 0.070877 0.327083 0.007552 0.011265
0 0.070877 0.327083 0.007552 0.011265
0 0.070877 0.327238 0.007552 0.010957
0 0.070877 0.327238 0.007552 0.010957
0 0.070877 0.327469 0.007552 0.010494
0 0.070877 0.327701 0.007552 0.010031
0 0.070877 0.327701 0.007552 0.010031
0 0.070877 0.327932 0.007552 0.009568
0 0.070877 0.327932 0.007552 0.009568
0 0.070877 0.328164 0.007552 0.009105
0 0.071094 0.328318 0.007639 0.008796
0 0.071094 0.328318 0.007639 0.008796
0 0.071094 0.328318 0.007639 0.008796
0 0.071094 0.328318 0.007639 0.008796
0 0.071094 0.328318 0.007639 0.008796
0 0.071094 0.328318 0.007639 0.008796
0 0.071094 0.328318 0.007639 0.008796
0 0.071094 0.328318 0.007639 0.008796
0 0.071094 0.328318 0.007639 0.008796
0 0.071094 0.328318 0.007639 0.008796
0 0.071094 0.328318 0.007639 0.008796
0 0.071094 0.328318 0.007639 0.008796
0 0.071094 0.328318 0.007639 0.008796
0 0.071094 0.328318 0.007639 0.008796
0 0.071094 0.328318 0.007639 0.008796
0 0.071094 0.328318 0.007639 0.008796
0 0.071094 0.328318 0.007639 0.008796
0 0.071094 0.328318 0.007639 0.008796
0 0.071094 0.328318 0.007639 0.008796
0 0.071094 0.328318 0.007639 0.008796
0 0.071094 0.328318 0.007639 0.008796
