0 0.216276 0.284722 0.011024 0.020370
0 0.216276 0.286265 0.011024 0.020062
0 0.216406 0.287731 0.010764 0.019599
0 0.216406 0.289275 0.010764 0.018981
0 0.216667 0.290818 0.010764 0.018673
0 0.216797 0.292515 0.010503 0.018673
0 0.216797 0.293981 0.010503 0.018210
0 0.217014 0.295602 0.010417 0.017747
0 0.217014 0.297068 0.010417 0.017284
0 0.217101 0.298611 0.010243 0.016975
0 0.217361 0.300309 0.010243 0.016975
0 0.217361 0.301620 0.010243 0.016821
0 0.217622 0.302932 0.010243 0.016975
0 0.217882 0.304244 0.010243 0.016821
0 0.217882 0.305556 0.010243 0.016975
0 0.218142 0.307253 0.010243 0.016975
0 0.218316 0.308565 0.010243 0.016821
0 0.218316 0.309877 0.010243 0.016975
0 0.218576 0.311188 0.010243 0.016821
0 0.218837 0.312500 0.010243 0.016975
0 0.219097 0.314198 0.010243 0.016975
0 0.219227 0.315123 0.009983 0.016975
0 0.219444 0.316127 0.010069 0.016512
0 0.219705 0.317284 0.010069 0.016049
0 0.219835 0.318287 0.009809 0.015586
0 0.220182 0.319676 0.009462 0.015586
0 0.220443 0.320525 0.009462 0.015741
0 0.220530 0.321605 0.009288 0.015123
0 0.220790 0.322685 0.009288 0.014815
0 0.221050 0.323765 0.009288 0.014198
0 0.221441 0.325077 0.009028 0.014352
0 0.221311 0.325540 0.008767 0.013426
0 0.221398 0.326157 0.008594 0.012191
0 0.221528 0.326852 0.008333 0.010802
0 0.221658 0.327238 0.008073 0.010031
0 0.221788 0.327932 0.007812 0.008642
0 0.221658 0.328549 0.007552 0.007407
0 0.221788 0.329012 0.007292 0.006481
0 0.221875 0.329630 0.007118 0.005247
0 0.222005 0.330324 0.006858 0.003858
0 0.222135 0.330941 0.006597 0.002623
0 0.222135 0.330941 0.006597 0.002623
0 0.222135 0.330941 0.006597 0.002623
0 0.222135 0.330941 0.006597 0.002623
0 0.222135 0.330941 0.006597 0.002623
0 0.222135 0.330941 0.006597 0.002623
0 0.222135 0.330941 0.006597 0.002623
0 0.222135 0.330941 0.006597 0.002623
0 0.222135 0.330941 0.006597 0.002623
0 0.222135 0.330941 0.006597 0.002623
0 0.222135 0.330941 0.006597 0.002623
0 0.222135 0.330941 0.006597 0.002623
0 0.222135 0.330941 0.006597 0.002623
0 0.222135 0.330941 0.006597 0.002623
0 0.222135 0.330941 0.006597 0.002623
0 0.222135 0.330941 0.006597 0.002623
0 0.222135 0.330941 0.006597 0.002623
0 0.222135 0.330941 0.006597 0.002623
0 0.222135 0.330941 0.006597 0.002623
0 0.222135 0.330941 0.006597 0.002623
0 0.222135 0.330941 0.006597 0.002623
0 0.222135 0.330941 0.006597 0.002623
0 0.222135 0.330941 0.006597 0.002623
0 0.222135 0.330941 0.006597 0.002623
0 0.222135 0.330941 0.006597 0.002623
0 0.222135 0.330941 0.006597 0.002623
0 0.222135 0.330941 0.006597 0.002623
0 0.222135 0.330941 0.006597 0.002623
0 0.222135 0.330941 0.006597 0.002623
0 0.222135 0.330941 0.006597 0.002623
0 0.222135 0.330941 0.006597 0.002623
0 0.222135 0.330941 0.006597 0.002623
0 0.222135 0.330941 0.006597 0.002623
0 0.222135 0.330941 0.006597 0.002623
0 0.222135 0.330941 0.006597 0.002623
0 0.222135 0.330941 0.006597 0.002623
0 0.222135 0.330941 0.006597 0.002623
0 0.222135 0.330941 0.006597 0.002623
0 0.222135 0.330941 0.006597 0.002623
0 0.222135 0.330941 0.006597 0.002623
0 0.222135 0.330941 0.006597 0.002623
0 0.222135 0.330941 0.006597 0.002623
0 0.222135 0.330941 0.006597 0.002623
0 0.222135 0.330941 0.006597 0.002623
0 0.222135 0.330941 0.006597 0.002623
0 0.222135 0.330941 0.006597 0.002623
0 0.222135 0.330941 0.006597 0.002623
0 0.222135 0.330941 0.006597 0.002623
0 0.222135 0.330941 0.006597 0.002623
0 0.222135 0.330941 0.006597 0.002623
0 0.222135 0.330941 0.006597 0.002623
0 0.222135 0.330941 0.006597 0.002623
0 0.222135 0.330941 0.006597 0.002623
0 0.222135 0.330941 0.006597 0.002623
0 0.222135 0.330941 0.006597 0.002623
0 0.222135 0.330941 0.006597 0.002623
0 0.222135 0.330941 0.006597 0.002623
0 0.222135 0.330941 0.006597 0.002623
0 0.222135 0.330941 0.006597 0.002623
0 0.222135 0.330941 0.006597 0.002623
0 0.222135 0.330941 0.006597 0.002623
0 0.222135 0.330941 0.006597 0.002623
0 0.222135 0.330941 0.006597 0.002623
0 0.222135 0.330941 0.006597 0.002623
0 0.222135 0.330941 0.006597 0.002623
0 0.222135 0.330941 0.006597 0.002623
0 0.222135 0.330941 0.006597 0.002623
0 0.222135 0.330941 0.006597 0.002623
0 0.222135 0.330941 0.006597 0.002623
0 0.222135 0.330941 0.006597 0.002623
0 0.222135 0.330941 0.006597 0.002623
0 0.222135 0.330941 0.006597 0.002623
0 0.222135 0.330941 0.006597 0.002623
0 0.222135 0.330941 0.006597 0.002623
0 0.222135 0.330941 0.006597 0.002623
0 0.222135 0.330941 0.006597 0.002623
0 0.222135 0.330941 0.006597 0.002623
0 0.222135 0.330941 0.006597 0.002623
0 0.222135 0.330941 0.006597 0.002623
0 0.222135 0.330941 0.006597 0.002623
0 0.222135 0.330941 0.006597 0.002623
0 0.222135 0.330941 0.006597 0.002623
0 0.222135 0.330941 0.006597 0.002623
0 0.222135 0.330941 0.006597 0.002623
0 0.222135 0.330941 0.006597 0.002623
0 0.222135 0.330941 0.006597 0.002623
0 0.222135 0.330941 0.006597 0.002623
0 0.222135 0.330941 0.006597 0.002623
0 0.222135 0.330941 0.006597 0.002623
0 0.222135 0.330941 0.006597 0.002623
0 0.222135 0.330941 0.006597 0.002623
0 0.222135 0.330941 0.006597 0.002623
0 0.222135 0.330941 0.006597 0.002623
0 0.222135 0.330941 0.006597 0.002623
0 0.222135 0.330941 0.006597 0.002623
0 0.222135 0.330941 0.006597 0.002623
0 0.222135 0.330941 0.006597 0.002623
0 0.222135 0.330941 0.006597 0.002623
0 0.222135 0.330941 0.006597 0.002623
0 0.222135 0.330941 0.006597 0.002623
0 0.222135 0.330941 0.006597 0.002623
0 0.222135 0.330941 0.006597 0.002623
0 0.222135 0.330941 0.006597 0.002623
0 0.222135 0.330941 0.006597 0.002623
0 0.222135 0.330941 0.006597 0.002623
0 0.222135 0.330941 0.006597 0.002623
0 0.222135 0.330941 0.006597 0.002623
0 0.222135 0.330941 0.006597 0.002623
0 0.222135 0.330941 0.006597 0.002623
0 0.222135 0.330941 0.006597 0.002623
0 0.222135 0.330941 0.006597 0.002623
0 0.222135 0.330941 0.006597 0.002623
0 0.222135 0.330941 0.006597 0.002623
0 0.222135 0.330941 0.006597 0.002623
0 0.222135 0.330941 0.006597 0.002623
0 0.222135 0.330941 0.006597 0.002623
0 0.222135 0.330941 0.006597 0.002623
0 0.222135 0.330941 0.006597 0.002623
0 0.222135 0.330941 0.006597 0.002623
0 0.222135 0.330941 0.006597 0.002623
0 0.222135 0.330941 0.006597 0.002623
0 0.222135 0.330941 0.006597 0.002623
0 0.222135 0.330941 0.006597 0.002623
0 0.222135 0.330941 0.006597 0.002623
0 0.222135 0.330941 0.006597 0.002623
0 0.222135 0.330941 0.006597 0.002623
0 0.222135 0.330941 0.006597 0.002623
0 0.222135 0.330941 0.006597 0.002623
0 0.222135 0.330941 0.006597 0.002623
0 0.222135 0.330941 0.006597 0.002623
0 0.222135 0.330941 0.006597 0.002623
0 0.222135 0.330941 0.006597 0.002623
0 0.222135 0.330941 0.006597 0.002623
0 0.222135 0.330941 0.006597 0.002623
0 0.222135 0.330941 0.006597 0.002623
0 0.222135 0.330941 0.006597 0.002623
0 0.222135 0.330941 0.006597 0.002623
0 0.222135 0.330941 0.006597 0.002623
0 0.222135 0.330941 0.006597 0.002623
0 0.222135 0.330941 0.006597 0.002623
0 0.222135 0.330941 0.006597 0.002623
