0 0.157465 0.036111 0.004167 0.016049
0 0.157465 0.037037 0.004167 0.016049
0 0.157465 0.037809 0.004167 0.016049
0 0.157465 0.038735 0.004167 0.016049
0 0.157595 0.039892 0.003906 0.016512
0 0.157595 0.040895 0.003906 0.016049
0 0.157595 0.041821 0.003906 0.016049
0 0.157726 0.042824 0.003646 0.016512
0 0.157726 0.043750 0.003646 0.016512
0 0.157726 0.044599 0.003646 0.016358
0 0.157986 0.045910 0.003646 0.016512
0 0.158116 0.045910 0.003906 0.016512
0 0.158290 0.045910 0.003906 0.016512
0 0.158420 0.045910 0.004167 0.016512
0 0.158681 0.045910 0.004167 0.016512
0 0.158811 0.046142 0.004427 0.016975
0 0.159071 0.046142 0.004427 0.016975
0 0.159158 0.046142 0.004601 0.016975
0 0.159418 0.046142 0.004601 0.016975
0 0.159549 0.046142 0.004861 0.016975
0 0.159809 0.046605 0.004861 0.016975
0 0.159809 0.046605 0.004861 0.016975
0 0.160026 0.046991 0.004948 0.016821
0 0.160156 0.047222 0.004687 0.016358
0 0.160417 0.047454 0.004687 0.016821
0 0.160634 0.047840 0.004601 0.016975
0 0.160634 0.048071 0.004601 0.016512
0 0.160894 0.048302 0.004601 0.016975
0 0.161024 0.048534 0.004340 0.016512
0 0.161241 0.048997 0.004427 0.016512
0 0.161502 0.049383 0.004427 0.016358
0 0.161502 0.049769 0.004427 0.016512
0 0.161502 0.050231 0.004427 0.016512
0 0.161762 0.050694 0.004427 0.016512
0 0.161762 0.051157 0.004427 0.016512
0 0.161979 0.051929 0.004340 0.016512
0 0.161979 0.052392 0.004340 0.016512
0 0.161979 0.052855 0.004340 0.016512
0 0.162240 0.053318 0.004340 0.016512
0 0.162240 0.053704 0.004340 0.016358
0 0.162457 0.054552 0.004427 0.016512
0 0.162457 0.054784 0.004427 0.016049
0 0.162717 0.055247 0.004427 0.016049
0 0.162717 0.055710 0.004427 0.016049
0 0.162977 0.056327 0.004427 0.015741
0 0.163194 0.056713 0.004340 0.015586
0 0.163194 0.056944 0.004340 0.015123
0 0.163455 0.057639 0.004340 0.014660
0 0.163455 0.058025 0.004340 0.014815
0 0.163672 0.058488 0.004427 0.014815
0 0.163932 0.059182 0.004427 0.014352
0 0.163932 0.059182 0.004427 0.014352
0 0.164062 0.059568 0.004167 0.014198
0 0.164193 0.059954 0.004427 0.014352
0 0.164323 0.060417 0.004167 0.014352
0 0.164453 0.060880 0.004427 0.014352
0 0.164583 0.061111 0.004167 0.013889
0 0.164583 0.061574 0.004167 0.013889
0 0.164800 0.061960 0.004080 0.013735
0 0.164800 0.062346 0.004080 0.013889
0 0.165017 0.062809 0.004167 0.013889
0 0.165017 0.062809 0.004167 0.013889
0 0.165278 0.063272 0.004167 0.013889
0 0.165278 0.063735 0.004167 0.013889
0 0.165538 0.064198 0.004167 0.013889
0 0.165538 0.064506 0.004167 0.013889
0 0.165799 0.064738 0.004167 0.013426
0 0.165799 0.065201 0.004167 0.013426
0 0.166016 0.065664 0.004080 0.013426
0 0.166016 0.066127 0.004080 0.013426
0 0.166233 0.066512 0.004167 0.013580
0 0.166233 0.066898 0.004167 0.013426
0 0.166363 0.067361 0.003906 0.013426
0 0.166363 0.067824 0.003906 0.013426
0 0.166493 0.068441 0.003646 0.013117
0 0.166753 0.069059 0.003646 0.013426
0 0.166753 0.069522 0.003646 0.013426
0 0.166884 0.070216 0.003385 0.012963
0 0.166884 0.070679 0.003385 0.012963
0 0.166970 0.071065 0.003212 0.013117
0 0.167231 0.071914 0.003212 0.012963
0 0.167231 0.072377 0.003212 0.012963
0 0.167361 0.072840 0.003472 0.012963
0 0.167578 0.073225 0.003385 0.013117
0 0.167708 0.073688 0.003646 0.013117
0 0.167969 0.074306 0.003646 0.013426
0 0.168099 0.074769 0.003906 0.013426
0 0.168229 0.075231 0.004167 0.013426
0 0.168446 0.075617 0.004080 0.013580
0 0.168576 0.076003 0.004340 0.013426
0 0.168837 0.076929 0.004340 0.013426
0 0.168576 0.077392 0.004340 0.013426
0 0.168576 0.077855 0.004340 0.013426
0 0.168576 0.078164 0.004340 0.013426
0 0.168576 0.078627 0.004340 0.013426
0 0.168576 0.079090 0.004340 0.013426
0 0.168576 0.079552 0.004340 0.013426
0 0.168576 0.080015 0.004340 0.013426
0 0.168576 0.080401 0.004340 0.013580
0 0.168576 0.080787 0.004340 0.013426
0 0.168576 0.081713 0.004340 0.013426
0 0.168576 0.081713 0.004340 0.013426
0 0.168576 0.082176 0.004340 0.013426
0 0.168576 0.082330 0.004340 0.013117
0 0.168707 0.082793 0.004080 0.013117
0 0.168707 0.083179 0.004080 0.012963
0 0.168707 0.083179 0.004080 0.012963
0 0.168793 0.083642 0.003906 0.012963
0 0.168793 0.083873 0.003906 0.012500
0 0.168793 0.084336 0.003906 0.012500
0 0.168924 0.084722 0.003646 0.012654
0 0.168924 0.084722 0.003646 0.012654
0 0.168924 0.084722 0.003646 0.012654
0 0.169184 0.084722 0.003646 0.012654
0 0.169184 0.085185 0.003646 0.012654
0 0.169444 0.085185 0.003646 0.012654
0 0.169444 0.085185 0.003646 0.012654
0 0.169444 0.085571 0.003646 0.012500
0 0.169705 0.085571 0.003646 0.012500
0 0.169705 0.085571 0.003646 0.012500
0 0.169922 0.086034 0.003733 0.012500
0 0.169922 0.086034 0.003733 0.012500
0 0.169922 0.086034 0.003733 0.012500
0 0.170139 0.086034 0.003646 0.012500
0 0.170139 0.086034 0.003646 0.012500
0 0.170399 0.086034 0.003646 0.012500
0 0.170399 0.086034 0.003646 0.012500
0 0.170399 0.086034 0.003646 0.012500
0 0.170660 0.086034 0.003646 0.012500
0 0.170660 0.086034 0.003646 0.012500
0 0.170920 0.086497 0.003646 0.012500
0 0.170920 0.086497 0.003646 0.012500
0 0.170920 0.086883 0.003646 0.012654
0 0.170920 0.087114 0.003646 0.013117
0 0.170920 0.087346 0.003646 0.012654
0 0.170920 0.087809 0.003646 0.012654
0 0.170920 0.087963 0.003646 0.012963
0 0.170920 0.088194 0.003646 0.012500
0 0.170920 0.088426 0.003646 0.012963
0 0.170920 0.088889 0.003646 0.012963
0 0.170920 0.089275 0.003646 0.013117
0 0.170920 0.089738 0.003646 0.013117
0 0.170920 0.090586 0.003646 0.012963
0 0.171137 0.091049 0.003733 0.012963
0 0.171137 0.091898 0.003733 0.013117
0 0.171354 0.092747 0.003646 0.012963
0 0.171354 0.093210 0.003646 0.012963
0 0.171354 0.094059 0.003646 0.013117
0 0.171615 0.094444 0.003646 0.012963
0 0.171615 0.095370 0.003646 0.012963
0 0.171875 0.096219 0.003646 0.013117
0 0.171615 0.096682 0.003646 0.013117
0 0.171615 0.097531 0.003646 0.012963
0 0.171615 0.097994 0.003646 0.012963
0 0.171615 0.098843 0.003646 0.013117
0 0.171615 0.099691 0.003646 0.012963
0 0.171615 0.100154 0.003646 0.012963
0 0.171615 0.101003 0.003646 0.013117
0 0.171615 0.101389 0.003646 0.012963
0 0.171615 0.102315 0.003646 0.012963
0 0.171615 0.103164 0.003646 0.013117
0 0.171615 0.103627 0.003646 0.013117
0 0.171615 0.104475 0.003646 0.012963
0 0.171615 0.105093 0.003646 0.012654
0 0.171615 0.106019 0.003646 0.012654
0 0.171615 0.106867 0.003646 0.012500
