0 0.129036 0.187114 0.012240 0.020525
0 0.128776 0.187500 0.012240 0.020370
0 0.128776 0.188426 0.012240 0.020370
0 0.128559 0.188889 0.012153 0.020370
0 0.128559 0.189660 0.012153 0.020370
0 0.128559 0.190123 0.012153 0.020370
0 0.128299 0.191049 0.012153 0.020370
0 0.128299 0.191512 0.012153 0.020370
0 0.128082 0.192284 0.012240 0.020370
0 0.128082 0.192747 0.012240 0.020370
0 0.128082 0.193673 0.012240 0.020370
0 0.127561 0.192284 0.012240 0.020370
0 0.127344 0.191049 0.012153 0.020370
0 0.127083 0.189660 0.012153 0.020370
0 0.126866 0.188889 0.012240 0.020370
0 0.126606 0.187500 0.012240 0.020370
0 0.126345 0.186265 0.012240 0.020370
0 0.126128 0.185340 0.012153 0.020370
0 0.125868 0.184105 0.012153 0.020370
0 0.125651 0.182716 0.012240 0.020370
0 0.125391 0.181944 0.012240 0.020370
0 0.125043 0.171065 0.012413 0.020525
0 0.124783 0.160417 0.012413 0.019907
0 0.124653 0.149614 0.012674 0.019907
0 0.124262 0.139198 0.012934 0.020062
0 0.124132 0.128318 0.013194 0.019907
0 0.123915 0.117670 0.013108 0.019599
0 0.123568 0.107099 0.013455 0.020062
0 0.123437 0.096451 0.013715 0.019444
0 0.123177 0.085571 0.013715 0.019599
0 0.123090 0.075154 0.013889 0.019444
0 0.123090 0.075154 0.013889 0.019444
0 0.123090 0.075154 0.013889 0.019444
0 0.123090 0.075154 0.013889 0.019444
0 0.123090 0.075154 0.013889 0.019444
0 0.123090 0.075154 0.013889 0.019444
0 0.123090 0.075154 0.013889 0.019444
0 0.123090 0.075154 0.013889 0.019444
0 0.123090 0.075154 0.013889 0.019444
0 0.123090 0.075154 0.013889 0.019444
0 0.123090 0.075154 0.013889 0.019444
0 0.123090 0.075154 0.013889 0.019444
0 0.123090 0.075154 0.013889 0.019444
0 0.123090 0.075154 0.013889 0.019444
0 0.123090 0.075154 0.013889 0.019444
0 0.123090 0.075154 0.013889 0.019444
0 0.123090 0.075154 0.013889 0.019444
0 0.123090 0.075154 0.013889 0.019444
0 0.123090 0.075154 0.013889 0.019444
0 0.123090 0.075154 0.013889 0.019444
0 0.123090 0.075154 0.013889 0.019444
0 0.123090 0.075154 0.013889 0.019444
0 0.123090 0.075154 0.013889 0.019444
0 0.123090 0.075154 0.013889 0.019444
0 0.123090 0.075154 0.013889 0.019444
0 0.123090 0.075154 0.013889 0.019444
0 0.123090 0.075154 0.013889 0.019444
0 0.123090 0.075154 0.013889 0.019444
0 0.123090 0.075154 0.013889 0.019444
0 0.123090 0.075154 0.013889 0.019444
0 0.123090 0.075154 0.013889 0.019444
0 0.123090 0.075154 0.013889 0.019444
0 0.123090 0.075154 0.013889 0.019444
0 0.123090 0.075154 0.013889 0.019444
0 0.123090 0.075154 0.013889 0.019444
0 0.123090 0.075154 0.013889 0.019444
0 0.123090 0.075154 0.013889 0.019444
0 0.123090 0.075154 0.013889 0.019444
0 0.123090 0.075154 0.013889 0.019444
0 0.123090 0.075154 0.013889 0.019444
0 0.123090 0.075154 0.013889 0.019444
0 0.123090 0.075154 0.013889 0.019444
0 0.123090 0.075154 0.013889 0.019444
0 0.123090 0.075154 0.013889 0.019444
0 0.123090 0.075154 0.013889 0.019444
0 0.123090 0.075154 0.013889 0.019444
0 0.123090 0.075154 0.013889 0.019444
0 0.123090 0.075154 0.013889 0.019444
0 0.123090 0.075154 0.013889 0.019444
0 0.123090 0.075154 0.013889 0.019444
0 0.123090 0.075154 0.013889 0.019444
0 0.123090 0.075154 0.013889 0.019444
0 0.123090 0.075154 0.013889 0.019444
0 0.123090 0.075154 0.013889 0.019444
0 0.123090 0.075154 0.013889 0.019444
0 0.123090 0.075154 0.013889 0.019444
0 0.123090 0.075154 0.013889 0.019444
0 0.123090 0.075154 0.013889 0.019444
0 0.123090 0.075154 0.013889 0.019444
0 0.123090 0.075154 0.013889 0.019444
0 0.123090 0.075154 0.013889 0.019444
0 0.123090 0.075154 0.013889 0.019444
0 0.123090 0.075154 0.013889 0.019444
0 0.123090 0.075154 0.013889 0.019444
0 0.123090 0.075154 0.013889 0.019444
0 0.123090 0.075154 0.013889 0.019444
0 0.123090 0.075154 0.013889 0.019444
0 0.123090 0.075154 0.013889 0.019444
0 0.123090 0.075154 0.013889 0.019444
0 0.123090 0.075154 0.013889 0.019444
0 0.123090 0.075154 0.013889 0.019444
0 0.123090 0.075154 0.013889 0.019444
0 0.123090 0.075154 0.013889 0.019444
0 0.123090 0.075154 0.013889 0.019444
0 0.123090 0.075154 0.013889 0.019444
0 0.123090 0.075154 0.013889 0.019444
0 0.123090 0.075154 0.013889 0.019444
0 0.123090 0.075154 0.013889 0.019444
0 0.123090 0.075154 0.013889 0.019444
0 0.123090 0.075154 0.013889 0.019444
0 0.123090 0.075154 0.013889 0.019444
0 0.123090 0.075154 0.013889 0.019444
0 0.123090 0.075154 0.013889 0.019444
0 0.123090 0.075154 0.013889 0.019444
0 0.123090 0.075154 0.013889 0.019444
0 0.123090 0.075154 0.013889 0.019444
0 0.123090 0.075154 0.013889 0.019444
0 0.123090 0.075154 0.013889 0.019444
0 0.123090 0.075154 0.013889 0.019444
0 0.123090 0.075154 0.013889 0.019444
0 0.123090 0.075154 0.013889 0.019444
0 0.123090 0.075154 0.013889 0.019444
0 0.123090 0.075154 0.013889 0.019444
0 0.123090 0.075154 0.013889 0.019444
0 0.123090 0.075154 0.013889 0.019444
0 0.123090 0.075154 0.013889 0.019444
0 0.123090 0.075154 0.013889 0.019444
0 0.123090 0.075154 0.013889 0.019444
0 0.123090 0.075154 0.013889 0.019444
0 0.123090 0.075154 0.013889 0.019444
0 0.123090 0.075154 0.013889 0.019444
0 0.123090 0.075154 0.013889 0.019444
0 0.123090 0.075154 0.013889 0.019444
0 0.123090 0.075154 0.013889 0.019444
0 0.123090 0.075154 0.013889 0.019444
0 0.123090 0.075154 0.013889 0.019444
0 0.123090 0.075154 0.013889 0.019444
0 0.123090 0.075154 0.013889 0.019444
0 0.123090 0.075154 0.013889 0.019444
0 0.123090 0.075154 0.013889 0.019444
0 0.123090 0.075154 0.013889 0.019444
0 0.123090 0.075154 0.013889 0.019444
0 0.123090 0.075154 0.013889 0.019444
0 0.123090 0.075154 0.013889 0.019444
0 0.123090 0.075154 0.013889 0.019444
0 0.123090 0.075154 0.013889 0.019444
0 0.123090 0.075154 0.013889 0.019444
0 0.123090 0.075154 0.013889 0.019444
0 0.123090 0.075154 0.013889 0.019444
0 0.123090 0.075154 0.013889 0.019444
0 0.123090 0.075154 0.013889 0.019444
0 0.123090 0.075154 0.013889 0.019444
0 0.123090 0.075154 0.013889 0.019444
0 0.123090 0.075154 0.013889 0.019444
0 0.123090 0.075154 0.013889 0.019444
0 0.123090 0.075154 0.013889 0.019444
0 0.123090 0.075154 0.013889 0.019444
0 0.123090 0.075154 0.013889 0.019444
0 0.123090 0.075154 0.013889 0.019444
0 0.123090 0.075154 0.013889 0.019444
0 0.123090 0.075154 0.013889 0.019444
0 0.123090 0.075154 0.013889 0.019444
0 0.123090 0.075154 0.013889 0.019444
0 0.123090 0.075154 0.013889 0.019444
0 0.123090 0.075154 0.013889 0.019444
0 0.123090 0.075154 0.013889 0.019444
0 0.123090 0.075154 0.013889 0.019444
0 0.123090 0.075154 0.013889 0.019444
0 0.123090 0.075154 0.013889 0.019444
0 0.123090 0.075154 0.013889 0.019444
0 0.123090 0.075154 0.013889 0.019444
0 0.123090 0.075154 0.013889 0.019444
0 0.123090 0.075154 0.013889 0.019444
0 0.123090 0.075154 0.013889 0.019444
0 0.123090 0.075154 0.013889 0.019444
0 0.123090 0.075154 0.013889 0.019444
0 0.123090 0.075154 0.013889 0.019444
0 0.123090 0.075154 0.013889 0.019444
0 0.123090 0.075154 0.013889 0.019444
0 0.123090 0.075154 0.013889 0.019444
0 0.123090 0.075154 0.013889 0.019444
