0 0.187240 0.106404 0.004167 0.015278
0 0.186285 0.106019 0.004167 0.015123
0 0.185286 0.106019 0.004080 0.015123
0 0.184288 0.106019 0.004167 0.015123
0 0.183333 0.106019 0.004167 0.015123
0 0.182639 0.106019 0.004167 0.015123
0 0.181597 0.106019 0.004167 0.015123
0 0.180642 0.106019 0.004167 0.015123
0 0.179688 0.106019 0.004167 0.015123
0 0.178733 0.106019 0.004167 0.015123
0 0.177951 0.106019 0.004167 0.015123
0 0.176476 0.105556 0.004167 0.015123
0 0.175043 0.105556 0.004080 0.015123
0 0.173611 0.105556 0.004167 0.015123
0 0.172135 0.105093 0.004167 0.015123
0 0.170660 0.105093 0.004167 0.015123
0 0.169184 0.105093 0.004167 0.015123
0 0.167708 0.104707 0.004167 0.015278
0 0.166233 0.104707 0.004167 0.015278
0 0.164800 0.104707 0.004080 0.015278
0 0.163542 0.104707 0.004167 0.015278
0 0.161892 0.104707 0.004167 0.015278
0 0.160156 0.104707 0.004167 0.015278
0 0.158681 0.104707 0.004167 0.015278
0 0.156988 0.104707 0.004080 0.015278
0 0.155512 0.104707 0.004080 0.015278
0 0.153819 0.104707 0.004167 0.015278
0 0.152083 0.104707 0.004167 0.015278
0 0.150608 0.104707 0.004167 0.015278
0 0.148958 0.104707 0.004167 0.015278
0 0.147483 0.104707 0.004167 0.015278
0 0.145747 0.104707 0.004167 0.015278
0 0.144054 0.105093 0.004080 0.015123
0 0.142361 0.105093 0.004167 0.015123
0 0.140625 0.105556 0.004167 0.015123
0 0.139149 0.105556 0.004167 0.015123
0 0.137457 0.106019 0.004080 0.015123
0 0.135764 0.106019 0.004167 0.015123
0 0.134028 0.106404 0.004167 0.015278
0 0.132335 0.106404 0.004080 0.015278
0 0.130903 0.106867 0.004167 0.015278
0 0.129167 0.106867 0.004167 0.015278
0 0.127691 0.107253 0.004167 0.015123
0 0.126215 0.107716 0.004167 0.015123
0 0.124740 0.107716 0.004167 0.015123
0 0.123307 0.108179 0.004080 0.015123
0 0.121875 0.108565 0.004167 0.015278
0 0.120399 0.108565 0.004167 0.015278
0 0.118924 0.109028 0.004167 0.015278
0 0.117448 0.109491 0.004167 0.015278
0 0.115972 0.109877 0.004167 0.015123
0 0.114280 0.110340 0.004080 0.015123
0 0.112847 0.110802 0.004167 0.015123
0 0.111372 0.111188 0.004167 0.015278
0 0.109896 0.111651 0.004167 0.015278
0 0.108420 0.112037 0.004167 0.015123
0 0.106684 0.112500 0.004167 0.015123
0 0.105252 0.112963 0.004080 0.015123
0 0.103819 0.113349 0.004167 0.015278
0 0.102344 0.113812 0.004167 0.015278
0 0.100868 0.114198 0.004167 0.015123
0 0.099392 0.114660 0.004167 0.015123
0 0.097917 0.115509 0.004167 0.015278
0 0.096441 0.115972 0.004167 0.015278
0 0.095009 0.116821 0.004080 0.015123
0 0.093533 0.117747 0.004080 0.015123
0 0.092101 0.118133 0.004167 0.015278
0 0.090625 0.118981 0.004167 0.015123
0 0.089149 0.119444 0.004167 0.015123
0 0.087674 0.120293 0.004167 0.015278
0 0.086458 0.121142 0.004167 0.015123
0 0.084722 0.121605 0.004167 0.015123
0 0.083073 0.122454 0.004167 0.015278
0 0.081337 0.122917 0.004167 0.015278
0 0.079601 0.123765 0.004167 0.015123
0 0.077951 0.124691 0.004167 0.015123
0 0.076215 0.125077 0.004167 0.015278
0 0.074479 0.125926 0.004167 0.015123
0 0.072830 0.126389 0.004167 0.015123
0 0.071094 0.127238 0.004167 0.015278
0 0.069358 0.128086 0.004167 0.015123
0 0.067665 0.128781 0.004080 0.015586
0 0.066102 0.129475 0.004427 0.016049
0 0.064627 0.130015 0.004427 0.016512
0 0.063021 0.130941 0.004687 0.016512
0 0.061589 0.131559 0.004601 0.016821
0 0.059852 0.132253 0.004601 0.017284
0 0.058247 0.133102 0.004861 0.017438
0 0.056814 0.133719 0.004948 0.017747
0 0.055252 0.134414 0.005122 0.018210
0 0.053776 0.135340 0.005122 0.018210
0 0.052170 0.136343 0.005382 0.017747
0 0.050694 0.137654 0.005382 0.017901
0 0.049132 0.138966 0.005556 0.017747
0 0.047786 0.140278 0.005816 0.017901
0 0.046181 0.141590 0.006076 0.017747
0 0.044705 0.142824 0.006076 0.017747
0 0.043273 0.144213 0.006510 0.017747
0 0.041840 0.145448 0.006597 0.017747
0 0.040234 0.146759 0.006858 0.017901
0 0.038889 0.148302 0.007118 0.017284
0 0.037153 0.149151 0.007118 0.017438
0 0.035460 0.150463 0.007031 0.017284
0 0.033984 0.151312 0.007031 0.017438
0 0.032292 0.152623 0.007118 0.017284
0 0.030816 0.153935 0.007118 0.017438
0 0.029123 0.154784 0.007031 0.017284
0 0.027431 0.156096 0.007118 0.017438
0 0.025955 0.156944 0.007118 0.017284
0 0.024219 0.158256 0.007118 0.017438
0 0.022786 0.159568 0.007031 0.017284
0 0.020833 0.160417 0.007118 0.017438
0 0.019097 0.161728 0.007118 0.017284
0 0.017405 0.162577 0.007031 0.017438
0 0.015712 0.163889 0.007118 0.017284
0 0.013976 0.165201 0.007118 0.017438
0 0.012023 0.166049 0.007031 0.017284
0 0.010330 0.167361 0.007118 0.017438
0 0.008637 0.168210 0.007031 0.017284
0 0.006901 0.169522 0.007031 0.017438
0 0.005208 0.170833 0.007118 0.017284
0 0.005208 0.170833 0.007118 0.017284
0 0.005208 0.170833 0.007118 0.017284
0 0.005208 0.170833 0.007118 0.017284
0 0.005208 0.170833 0.007118 0.017284
0 0.005208 0.170833 0.007118 0.017284
0 0.005208 0.170833 0.007118 0.017284
0 0.005208 0.170833 0.007118 0.017284
0 0.005208 0.170833 0.007118 0.017284
0 0.005208 0.170833 0.007118 0.017284
0 0.005208 0.170833 0.007118 0.017284
0 0.005208 0.170833 0.007118 0.017284
0 0.005208 0.170833 0.007118 0.017284
0 0.005208 0.170833 0.007118 0.017284
0 0.005208 0.170833 0.007118 0.017284
0 0.005208 0.170833 0.007118 0.017284
0 0.005208 0.170833 0.007118 0.017284
0 0.005208 0.170833 0.007118 0.017284
0 0.005208 0.170833 0.007118 0.017284
0 0.005208 0.170833 0.007118 0.017284
0 0.005208 0.170833 0.007118 0.017284
0 0.005208 0.170833 0.007118 0.017284
0 0.005208 0.170833 0.007118 0.017284
0 0.005208 0.170833 0.007118 0.017284
0 0.005208 0.170833 0.007118 0.017284
0 0.005208 0.170833 0.007118 0.017284
0 0.005208 0.170833 0.007118 0.017284
0 0.005208 0.170833 0.007118 0.017284
0 0.005208 0.170833 0.007118 0.017284
0 0.005208 0.170833 0.007118 0.017284
0 0.005208 0.170833 0.007118 0.017284
0 0.005208 0.170833 0.007118 0.017284
0 0.005208 0.170833 0.007118 0.017284
0 0.005208 0.170833 0.007118 0.017284
0 0.005208 0.170833 0.007118 0.017284
0 0.005208 0.170833 0.007118 0.017284
0 0.005208 0.170833 0.007118 0.017284
0 0.005208 0.170833 0.007118 0.017284
0 0.005208 0.170833 0.007118 0.017284
0 0.005208 0.170833 0.007118 0.017284
0 0.005208 0.170833 0.007118 0.017284
0 0.005208 0.170833 0.007118 0.017284
0 0.005208 0.170833 0.007118 0.017284
0 0.005208 0.170833 0.007118 0.017284
0 0.005208 0.170833 0.007118 0.017284
0 0.005208 0.170833 0.007118 0.017284
0 0.005208 0.170833 0.007118 0.017284
0 0.005208 0.170833 0.007118 0.017284
0 0.005208 0.170833 0.007118 0.017284
0 0.005208 0.170833 0.007118 0.017284
0 0.005208 0.170833 0.007118 0.017284
0 0.005208 0.170833 0.007118 0.017284
0 0.005208 0.170833 0.007118 0.017284
0 0.005208 0.170833 0.007118 0.017284
0 0.005208 0.170833 0.007118 0.017284
0 0.005208 0.170833 0.007118 0.017284
0 0.005208 0.170833 0.007118 0.017284
0 0.005208 0.170833 0.007118 0.017284
0 0.005208 0.170833 0.007118 0.017284
0 0.005208 0.170833 0.007118 0.017284
0 0.005208 0.170833 0.007118 0.017284
