0 0.067187 0.136574 0.008507 0.018210
0 0.066927 0.136574 0.008507 0.018210
0 0.066710 0.136574 0.008594 0.018210
0 0.066580 0.136574 0.008854 0.018210
0 0.066450 0.136574 0.008594 0.018210
0 0.066363 0.136574 0.008767 0.018210
0 0.066102 0.136574 0.008767 0.018210
0 0.065972 0.136574 0.008507 0.018210
0 0.065842 0.136574 0.008767 0.018210
0 0.065582 0.136574 0.008767 0.018210
0 0.065582 0.137037 0.008767 0.018210
0 0.065104 0.137037 0.008854 0.018210
0 0.064887 0.137037 0.008767 0.018210
0 0.064627 0.137037 0.008767 0.018210
0 0.064366 0.137500 0.008767 0.018210
0 0.064106 0.137500 0.008767 0.018210
0 0.063889 0.137500 0.008854 0.018210
0 0.063672 0.137809 0.008767 0.018210
0 0.063411 0.137809 0.008767 0.018210
0 0.063151 0.137809 0.008767 0.018210
0 0.062891 0.138272 0.008767 0.018210
0 0.062457 0.138272 0.008767 0.018210
0 0.062196 0.138272 0.008767 0.018210
0 0.061936 0.138735 0.008767 0.018210
0 0.061675 0.138735 0.008767 0.018210
0 0.061458 0.139198 0.008854 0.018210
0 0.061198 0.139198 0.008854 0.018210
0 0.060981 0.139198 0.008767 0.018210
0 0.060720 0.139660 0.008767 0.018210
0 0.060460 0.139660 0.008767 0.018210
0 0.060200 0.140046 0.008767 0.018364
0 0.059983 0.139660 0.008854 0.018210
0 0.059766 0.139660 0.008767 0.018210
0 0.059505 0.139660 0.008767 0.018210
0 0.059245 0.139660 0.008767 0.018210
0 0.059245 0.139660 0.008767 0.018210
0 0.058984 0.139198 0.008767 0.018210
0 0.058767 0.139198 0.008854 0.018210
0 0.058550 0.139198 0.008767 0.018210
0 0.058290 0.139198 0.008767 0.018210
0 0.058290 0.139198 0.008767 0.018210
0 0.058030 0.138735 0.008767 0.018210
0 0.057769 0.138735 0.008767 0.018210
0 0.057552 0.138735 0.008854 0.018210
0 0.057335 0.138735 0.008767 0.018210
0 0.057075 0.138735 0.008767 0.018210
0 0.056814 0.138735 0.008767 0.018210
0 0.056554 0.138735 0.008767 0.018210
0 0.056293 0.138735 0.008767 0.018210
0 0.056076 0.138735 0.008854 0.018210
0 0.055946 0.138735 0.008594 0.018210
0 0.055469 0.138735 0.008507 0.018210
0 0.054991 0.138735 0.008594 0.018210
0 0.054514 0.138735 0.008507 0.018210
0 0.054253 0.138735 0.008507 0.018210
0 0.053776 0.139198 0.008594 0.018210
0 0.053299 0.139198 0.008507 0.018210
0 0.053038 0.139198 0.008507 0.018210
0 0.052517 0.139198 0.008507 0.018210
0 0.052040 0.139198 0.008594 0.018210
0 0.051823 0.139660 0.008507 0.018210
0 0.051562 0.139660 0.008507 0.018210
0 0.051302 0.139660 0.008507 0.018210
0 0.051085 0.139660 0.008594 0.018210
0 0.050825 0.139660 0.008594 0.018210
0 0.050825 0.139660 0.008594 0.018210
0 0.050608 0.139660 0.008507 0.018210
0 0.050347 0.139660 0.008507 0.018210
0 0.050087 0.139660 0.008507 0.018210
0 0.049870 0.139660 0.008594 0.018210
0 0.049870 0.139660 0.008594 0.018210
0 0.048872 0.140046 0.008507 0.018364
0 0.047917 0.140895 0.008507 0.018210
0 0.046918 0.141821 0.008594 0.018210
0 0.045964 0.142593 0.008594 0.018210
0 0.044965 0.143519 0.008507 0.018210
0 0.044010 0.143981 0.008507 0.018210
0 0.043012 0.144753 0.008594 0.018210
0 0.042057 0.145679 0.008594 0.018210
0 0.041059 0.146605 0.008507 0.018210
0 0.040104 0.147377 0.008507 0.018210
0 0.039366 0.147377 0.008594 0.018210
0 0.038889 0.147377 0.008507 0.018210
0 0.038368 0.147840 0.008507 0.018210
0 0.037891 0.147840 0.008594 0.018210
0 0.037413 0.148302 0.008507 0.018210
0 0.036675 0.148302 0.008594 0.018210
0 0.036198 0.148302 0.008507 0.018210
0 0.035720 0.148765 0.008594 0.018210
0 0.035243 0.148765 0.008507 0.018210
0 0.034722 0.149151 0.008507 0.018364
0 0.034245 0.149151 0.008594 0.018364
0 0.033984 0.149537 0.008594 0.018210
0 0.033767 0.149537 0.008507 0.018210
0 0.033247 0.150000 0.008507 0.018210
0 0.033030 0.150000 0.008594 0.018210
0 0.032769 0.150463 0.008594 0.018210
0 0.032292 0.150463 0.008507 0.018210
0 0.032031 0.150926 0.008507 0.018210
0 0.031814 0.150926 0.008594 0.018210
0 0.031554 0.151389 0.008594 0.018210
0 0.031337 0.151389 0.008507 0.018210
0 0.031337 0.151389 0.008507 0.018210
0 0.031337 0.151389 0.008507 0.018210
0 0.031076 0.151389 0.008507 0.018210
0 0.031076 0.151389 0.008507 0.018210
0 0.031076 0.151389 0.008507 0.018210
0 0.030816 0.151389 0.008507 0.018210
0 0.030816 0.151389 0.008507 0.018210
0 0.030816 0.151389 0.008507 0.018210
0 0.030816 0.151389 0.008507 0.018210
0 0.030816 0.151389 0.008507 0.018210
0 0.030816 0.151389 0.008507 0.018210
0 0.030816 0.151389 0.008507 0.018210
0 0.030816 0.151389 0.008507 0.018210
0 0.030816 0.151389 0.008507 0.018210
0 0.030816 0.151389 0.008507 0.018210
0 0.030816 0.151389 0.008507 0.018210
0 0.030816 0.151389 0.008507 0.018210
0 0.030816 0.151389 0.008507 0.018210
0 0.030816 0.151389 0.008507 0.018210
0 0.030816 0.150926 0.008507 0.018210
0 0.030816 0.150926 0.008507 0.018210
0 0.030816 0.150926 0.008507 0.018210
0 0.030816 0.150463 0.008507 0.018210
0 0.031076 0.150463 0.008507 0.018210
0 0.031076 0.150463 0.008507 0.018210
0 0.031076 0.150000 0.008507 0.018210
0 0.031076 0.150000 0.008507 0.018210
0 0.031076 0.150000 0.008507 0.018210
0 0.031337 0.150000 0.008507 0.018210
0 0.031337 0.149537 0.008507 0.018210
0 0.031337 0.149537 0.008507 0.018210
0 0.031337 0.149537 0.008507 0.018210
0 0.031337 0.149537 0.008507 0.018210
0 0.031337 0.149537 0.008507 0.018210
0 0.031337 0.149151 0.008507 0.018364
0 0.031337 0.149151 0.008507 0.018364
0 0.031337 0.149151 0.008507 0.018364
0 0.031337 0.149151 0.008507 0.018364
0 0.031554 0.149151 0.008594 0.018364
0 0.031554 0.148765 0.008594 0.018210
0 0.031554 0.148765 0.008594 0.018210
0 0.031554 0.148765 0.008594 0.018210
0 0.031814 0.148765 0.008594 0.018210
0 0.031814 0.148765 0.008594 0.018210
0 0.031814 0.148765 0.008594 0.018210
0 0.032031 0.148765 0.008507 0.018210
0 0.032031 0.148765 0.008507 0.018210
0 0.032031 0.148765 0.008507 0.018210
0 0.032292 0.148765 0.008507 0.018210
0 0.032161 0.148534 0.008247 0.017747
0 0.032161 0.148302 0.008247 0.017284
0 0.032161 0.148071 0.008247 0.016821
0 0.032161 0.147917 0.008247 0.016512
0 0.032161 0.147917 0.008247 0.016512
0 0.032161 0.147685 0.008247 0.016049
0 0.032161 0.147454 0.008247 0.015586
0 0.032161 0.147222 0.008247 0.015123
0 0.032161 0.146991 0.008247 0.014660
0 0.032161 0.146991 0.008247 0.014660
0 0.031944 0.146528 0.008333 0.014660
0 0.031944 0.146528 0.008333 0.014660
0 0.031944 0.146142 0.008333 0.014815
0 0.031684 0.146142 0.008333 0.014815
0 0.031684 0.146142 0.008333 0.014815
0 0.031684 0.145679 0.008333 0.014815
0 0.031424 0.145679 0.008333 0.014815
0 0.031424 0.145216 0.008333 0.014815
0 0.031424 0.145216 0.008333 0.014815
0 0.031424 0.145216 0.008333 0.014815
0 0.031424 0.145216 0.008333 0.014815
0 0.031424 0.145216 0.008333 0.014815
0 0.031424 0.145216 0.008333 0.014815
0 0.031424 0.145216 0.008333 0.014815
0 0.031424 0.145216 0.008333 0.014815
0 0.031424 0.145216 0.008333 0.014815
0 0.031424 0.145216 0.008333 0.014815
0 0.031424 0.145216 0.008333 0.014815
0 0.031424 0.145216 0.008333 0.014815
0 0.031424 0.145216 0.008333 0.014815
