0 0.216623 0.315278 0.006858 0.012963
0 0.216623 0.309259 0.006858 0.012963
0 0.216884 0.303549 0.006858 0.012963
0 0.217144 0.297994 0.006858 0.012963
0 0.217144 0.291898 0.006858 0.013117
0 0.217405 0.286265 0.006858 0.012963
0 0.217622 0.280556 0.006771 0.012963
0 0.217622 0.274537 0.006771 0.012963
0 0.217839 0.268904 0.006858 0.013117
0 0.218099 0.263272 0.006858 0.012963
0 0.218359 0.257562 0.006858 0.012963
0 0.196398 0.231790 0.006337 0.011728
0 0.174696 0.206173 0.005816 0.010802
0 0.152821 0.180401 0.005122 0.009568
0 0.131120 0.154784 0.004601 0.008642
0 0.109245 0.129012 0.003906 0.007407
0 0.087543 0.103395 0.003385 0.006481
0 0.065755 0.077623 0.002691 0.005247
0 0.044010 0.052006 0.002257 0.004321
0 0.022179 0.026157 0.001476 0.002932
0 0.000477 0.000849 0.000955 0.001698
0 0.000477 0.000849 0.000955 0.001698
0 0.000477 0.000849 0.000955 0.001698
0 0.000477 0.000849 0.000955 0.001698
0 0.000477 0.000849 0.000955 0.001698
0 0.000477 0.000849 0.000955 0.001698
0 0.000477 0.000849 0.000955 0.001698
0 0.000477 0.000849 0.000955 0.001698
0 0.000477 0.000849 0.000955 0.001698
0 0.000477 0.000849 0.000955 0.001698
0 0.000477 0.000849 0.000955 0.001698
0 0.000477 0.000849 0.000955 0.001698
0 0.000477 0.000849 0.000955 0.001698
0 0.000477 0.000849 0.000955 0.001698
0 0.000477 0.000849 0.000955 0.001698
0 0.000477 0.000849 0.000955 0.001698
0 0.000477 0.000849 0.000955 0.001698
0 0.000477 0.000849 0.000955 0.001698
0 0.000477 0.000849 0.000955 0.001698
0 0.000477 0.000849 0.000955 0.001698
0 0.000477 0.000849 0.000955 0.001698
0 0.000477 0.000849 0.000955 0.001698
0 0.000477 0.000849 0.000955 0.001698
0 0.000477 0.000849 0.000955 0.001698
0 0.000477 0.000849 0.000955 0.001698
0 0.000477 0.000849 0.000955 0.001698
0 0.000477 0.000849 0.000955 0.001698
0 0.000477 0.000849 0.000955 0.001698
0 0.000477 0.000849 0.000955 0.001698
0 0.000477 0.000849 0.000955 0.001698
0 0.000477 0.000849 0.000955 0.001698
0 0.000477 0.000849 0.000955 0.001698
0 0.000477 0.000849 0.000955 0.001698
0 0.000477 0.000849 0.000955 0.001698
0 0.000477 0.000849 0.000955 0.001698
0 0.000477 0.000849 0.000955 0.001698
0 0.000477 0.000849 0.000955 0.001698
0 0.000477 0.000849 0.000955 0.001698
0 0.000477 0.000849 0.000955 0.001698
0 0.000477 0.000849 0.000955 0.001698
0 0.000477 0.000849 0.000955 0.001698
0 0.000477 0.000849 0.000955 0.001698
0 0.000477 0.000849 0.000955 0.001698
0 0.000477 0.000849 0.000955 0.001698
0 0.000477 0.000849 0.000955 0.001698
0 0.000477 0.000849 0.000955 0.001698
0 0.000477 0.000849 0.000955 0.001698
0 0.000477 0.000849 0.000955 0.001698
0 0.000477 0.000849 0.000955 0.001698
0 0.000477 0.000849 0.000955 0.001698
0 0.000477 0.000849 0.000955 0.001698
0 0.000477 0.000849 0.000955 0.001698
0 0.000477 0.000849 0.000955 0.001698
0 0.000477 0.000849 0.000955 0.001698
0 0.000477 0.000849 0.000955 0.001698
0 0.000477 0.000849 0.000955 0.001698
0 0.000477 0.000849 0.000955 0.001698
0 0.000477 0.000849 0.000955 0.001698
0 0.000477 0.000849 0.000955 0.001698
0 0.000477 0.000849 0.000955 0.001698
0 0.000477 0.000849 0.000955 0.001698
0 0.000477 0.000849 0.000955 0.001698
0 0.000477 0.000849 0.000955 0.001698
0 0.000477 0.000849 0.000955 0.001698
0 0.000477 0.000849 0.000955 0.001698
0 0.000477 0.000849 0.000955 0.001698
0 0.000477 0.000849 0.000955 0.001698
0 0.000477 0.000849 0.000955 0.001698
0 0.000477 0.000849 0.000955 0.001698
0 0.000477 0.000849 0.000955 0.001698
0 0.000477 0.000849 0.000955 0.001698
0 0.000477 0.000849 0.000955 0.001698
0 0.000477 0.000849 0.000955 0.001698
0 0.000477 0.000849 0.000955 0.001698
0 0.000477 0.000849 0.000955 0.001698
0 0.000477 0.000849 0.000955 0.001698
0 0.000477 0.000849 0.000955 0.001698
0 0.000477 0.000849 0.000955 0.001698
0 0.000477 0.000849 0.000955 0.001698
0 0.000477 0.000849 0.000955 0.001698
0 0.000477 0.000849 0.000955 0.001698
0 0.000477 0.000849 0.000955 0.001698
0 0.000477 0.000849 0.000955 0.001698
0 0.000477 0.000849 0.000955 0.001698
0 0.000477 0.000849 0.000955 0.001698
0 0.000477 0.000849 0.000955 0.001698
0 0.000477 0.000849 0.000955 0.001698
0 0.000477 0.000849 0.000955 0.001698
0 0.000477 0.000849 0.000955 0.001698
0 0.000477 0.000849 0.000955 0.001698
0 0.000477 0.000849 0.000955 0.001698
0 0.000477 0.000849 0.000955 0.001698
0 0.000477 0.000849 0.000955 0.001698
0 0.000477 0.000849 0.000955 0.001698
0 0.000477 0.000849 0.000955 0.001698
0 0.000477 0.000849 0.000955 0.001698
0 0.000477 0.000849 0.000955 0.001698
0 0.000477 0.000849 0.000955 0.001698
0 0.000477 0.000849 0.000955 0.001698
0 0.000477 0.000849 0.000955 0.001698
0 0.000477 0.000849 0.000955 0.001698
0 0.022179 0.026157 0.001476 0.002932
0 0.044010 0.052006 0.002257 0.004321
0 0.065755 0.077623 0.002691 0.005247
0 0.087543 0.103395 0.003385 0.006481
0 0.109245 0.129012 0.003906 0.007407
0 0.131120 0.154784 0.004601 0.008642
0 0.152821 0.180401 0.005122 0.009568
0 0.174696 0.206173 0.005816 0.010802
0 0.196398 0.231790 0.006337 0.011728
0 0.218359 0.257562 0.006858 0.012963
0 0.218359 0.257562 0.006858 0.012963
0 0.218359 0.257562 0.006858 0.012963
0 0.218359 0.257562 0.006858 0.012963
0 0.218359 0.257562 0.006858 0.012963
0 0.218359 0.257562 0.006858 0.012963
0 0.218359 0.257562 0.006858 0.012963
0 0.218359 0.257562 0.006858 0.012963
0 0.218359 0.257562 0.006858 0.012963
0 0.218359 0.257562 0.006858 0.012963
0 0.218359 0.257562 0.006858 0.012963
0 0.218359 0.257562 0.006858 0.012963
0 0.218359 0.257562 0.006858 0.012963
0 0.218359 0.257562 0.006858 0.012963
0 0.218359 0.257562 0.006858 0.012963
0 0.218359 0.257562 0.006858 0.012963
0 0.218359 0.257562 0.006858 0.012963
0 0.218359 0.257562 0.006858 0.012963
0 0.218359 0.257562 0.006858 0.012963
0 0.218359 0.257562 0.006858 0.012963
0 0.218359 0.257562 0.006858 0.012963
0 0.218359 0.257562 0.006858 0.012963
0 0.218359 0.257562 0.006858 0.012963
0 0.218359 0.257562 0.006858 0.012963
0 0.218359 0.257562 0.006858 0.012963
0 0.218359 0.257562 0.006858 0.012963
0 0.218359 0.257562 0.006858 0.012963
0 0.218359 0.257562 0.006858 0.012963
0 0.218359 0.257562 0.006858 0.012963
0 0.218359 0.257562 0.006858 0.012963
0 0.218359 0.257562 0.006858 0.012963
0 0.218099 0.260185 0.006858 0.012963
0 0.218099 0.263272 0.006858 0.012963
0 0.218099 0.265895 0.006858 0.012963
0 0.218099 0.268904 0.006858 0.013117
0 0.218099 0.271914 0.006858 0.012963
0 0.217839 0.274537 0.006858 0.012963
0 0.217839 0.277546 0.006858 0.013117
0 0.217839 0.280170 0.006858 0.013117
0 0.217839 0.283179 0.006858 0.012963
0 0.217839 0.286265 0.006858 0.012963
0 0.217622 0.288889 0.006771 0.012963
0 0.217622 0.291898 0.006771 0.013117
0 0.217405 0.294907 0.006858 0.012963
0 0.217405 0.297531 0.006858 0.012963
0 0.217144 0.300540 0.006858 0.013117
0 0.217144 0.303549 0.006858 0.012963
0 0.216884 0.306173 0.006858 0.012963
0 0.216884 0.309259 0.006858 0.012963
0 0.216623 0.312269 0.006858 0.013117
0 0.216623 0.315278 0.006858 0.012963
