0 0.052040 0.176312 0.009462 0.017747
0 0.051302 0.177083 0.009549 0.017747
0 0.050608 0.178009 0.009549 0.017747
0 0.049870 0.178858 0.009462 0.017901
0 0.049132 0.179707 0.009549 0.017747
0 0.048524 0.180633 0.009201 0.017747
0 0.047786 0.181481 0.009288 0.017901
0 0.047049 0.182330 0.009201 0.017747
0 0.046311 0.183256 0.009288 0.017747
0 0.045616 0.184028 0.009288 0.017747
0 0.045095 0.184954 0.009288 0.017747
0 0.044835 0.184954 0.009288 0.017747
0 0.044618 0.184954 0.009201 0.017747
0 0.044618 0.184954 0.009201 0.017747
0 0.044401 0.185417 0.009288 0.017747
0 0.044401 0.185417 0.009288 0.017747
0 0.044141 0.185417 0.009288 0.017747
0 0.043880 0.185802 0.009288 0.017901
0 0.043880 0.185802 0.009288 0.017901
0 0.043620 0.185802 0.009288 0.017901
0 0.043620 0.186265 0.009288 0.017901
0 0.043620 0.185802 0.009288 0.017901
0 0.043880 0.185417 0.009288 0.017747
0 0.044141 0.184954 0.009288 0.017747
0 0.044271 0.184491 0.009549 0.017747
0 0.044488 0.184028 0.009462 0.017747
0 0.044618 0.183642 0.009201 0.017901
0 0.044748 0.183256 0.009462 0.017747
0 0.044965 0.182793 0.009549 0.017747
0 0.045226 0.182330 0.009549 0.017747
0 0.045486 0.181867 0.009549 0.017747
0 0.046441 0.181481 0.009549 0.017901
0 0.047396 0.181096 0.009549 0.017747
0 0.048394 0.180633 0.009462 0.017747
0 0.049392 0.180170 0.009549 0.017747
0 0.050347 0.179707 0.009549 0.017747
0 0.051302 0.179321 0.009549 0.017901
0 0.052300 0.178858 0.009462 0.017901
0 0.053299 0.178472 0.009549 0.017747
0 0.054253 0.178009 0.009549 0.017747
0 0.055339 0.178009 0.009288 0.017747
0 0.055859 0.177083 0.009288 0.017747
0 0.056554 0.176312 0.009288 0.017747
0 0.057335 0.175386 0.009288 0.017747
0 0.058030 0.174691 0.009288 0.018210
0 0.058767 0.174151 0.009201 0.017747
0 0.059505 0.173225 0.009288 0.017747
0 0.060200 0.172531 0.009288 0.018210
0 0.060981 0.171759 0.009288 0.018210
0 0.061675 0.170833 0.009288 0.018210
0 0.062457 0.170370 0.009288 0.018210
0 0.062891 0.169907 0.009288 0.018210
0 0.063672 0.169599 0.009288 0.018210
0 0.064366 0.169136 0.009288 0.018210
0 0.065104 0.168673 0.009201 0.018210
0 0.065842 0.168210 0.009288 0.018210
0 0.066363 0.167747 0.009288 0.018210
0 0.067057 0.167438 0.009288 0.018210
0 0.067795 0.166975 0.009201 0.018210
0 0.068533 0.166512 0.009288 0.018210
0 0.069227 0.166049 0.009288 0.018210
0 0.070139 0.165586 0.009028 0.018210
0 0.071094 0.165278 0.009028 0.018210
0 0.072049 0.164815 0.009028 0.018210
0 0.072917 0.164352 0.008854 0.018210
0 0.074002 0.163889 0.008594 0.018210
0 0.075000 0.163426 0.008507 0.018210
0 0.075868 0.163040 0.008333 0.018364
0 0.076823 0.162654 0.008333 0.018210
0 0.077778 0.162191 0.008333 0.018210
0 0.078906 0.161960 0.007986 0.017747
0 0.079774 0.161034 0.008333 0.017747
0 0.080729 0.160262 0.008333 0.017747
0 0.081684 0.159568 0.008333 0.018210
0 0.082682 0.158873 0.008247 0.017747
0 0.083681 0.158333 0.008333 0.018210
0 0.084635 0.157407 0.008333 0.018210
0 0.085590 0.156713 0.008333 0.017747
0 0.086589 0.156096 0.008247 0.018364
0 0.087543 0.155247 0.008247 0.018210
0 0.088542 0.154784 0.008333 0.018210
0 0.089280 0.153858 0.008247 0.018210
0 0.090234 0.153549 0.008247 0.018210
0 0.091233 0.153086 0.008333 0.018210
0 0.091970 0.152623 0.008247 0.018210
0 0.092925 0.152160 0.008247 0.018210
0 0.093924 0.151389 0.008333 0.018210
0 0.094618 0.150926 0.008333 0.018210
0 0.095616 0.150463 0.008247 0.018210
0 0.096571 0.150000 0.008247 0.018210
0 0.097569 0.149537 0.008333 0.018210
0 0.098307 0.149151 0.008247 0.018364
0 0.099262 0.148765 0.008247 0.018210
0 0.100000 0.148302 0.008333 0.018210
0 0.100998 0.147840 0.008247 0.018210
0 0.101953 0.147377 0.008247 0.018210
0 0.102691 0.146991 0.008333 0.018364
0 0.103646 0.146605 0.008333 0.018210
0 0.104384 0.146142 0.008247 0.018210
0 0.105382 0.145679 0.008333 0.018210
0 0.106337 0.145679 0.008333 0.018210
0 0.107075 0.144753 0.008247 0.018210
0 0.107812 0.144444 0.008333 0.018210
0 0.108550 0.143981 0.008247 0.018210
0 0.109288 0.143056 0.008333 0.018210
0 0.110026 0.142593 0.008247 0.018210
0 0.110764 0.142284 0.008333 0.018210
0 0.111458 0.141358 0.008333 0.018210
0 0.112196 0.140895 0.008247 0.018210
0 0.112934 0.140432 0.008333 0.018210
0 0.113932 0.140046 0.008247 0.018364
0 0.114410 0.139660 0.008333 0.018210
0 0.115148 0.139198 0.008247 0.018210
0 0.115625 0.139198 0.008333 0.018210
0 0.116363 0.138735 0.008247 0.018210
0 0.116840 0.138735 0.008333 0.018210
0 0.117578 0.138272 0.008247 0.018210
0 0.118056 0.137809 0.008333 0.018210
0 0.118793 0.137809 0.008247 0.018210
0 0.119271 0.137500 0.008333 0.018210
0 0.120009 0.137500 0.008247 0.018210
0 0.120269 0.137500 0.008247 0.018210
0 0.120486 0.137500 0.008333 0.018210
0 0.121007 0.137500 0.008333 0.018210
0 0.121224 0.137500 0.008247 0.018210
0 0.121701 0.137809 0.008333 0.018210
0 0.121962 0.137809 0.008333 0.018210
0 0.122222 0.137809 0.008333 0.018210
0 0.122700 0.137809 0.008247 0.018210
0 0.122960 0.137809 0.008247 0.018210
0 0.123437 0.138272 0.008333 0.018210
0 0.123437 0.138272 0.008333 0.018210
0 0.123437 0.138272 0.008333 0.018210
0 0.123437 0.138272 0.008333 0.018210
0 0.123437 0.138272 0.008333 0.018210
0 0.123437 0.138272 0.008333 0.018210
0 0.123437 0.138272 0.008333 0.018210
0 0.123437 0.138272 0.008333 0.018210
0 0.123437 0.138272 0.008333 0.018210
0 0.123437 0.138272 0.008333 0.018210
0 0.123698 0.138272 0.008333 0.018210
0 0.123915 0.137809 0.008247 0.018210
0 0.124175 0.137809 0.008247 0.018210
0 0.124392 0.137500 0.008333 0.018210
0 0.124913 0.137500 0.008333 0.018210
0 0.125130 0.137037 0.008247 0.018210
0 0.125391 0.137037 0.008247 0.018210
0 0.125868 0.136574 0.008333 0.018210
0 0.126128 0.136574 0.008333 0.018210
0 0.126345 0.136111 0.008247 0.018210
0 0.126823 0.136111 0.008333 0.018210
0 0.126823 0.135648 0.008333 0.018210
0 0.127083 0.135340 0.008333 0.018210
0 0.127344 0.134877 0.008333 0.018210
0 0.127604 0.134414 0.008333 0.018210
0 0.127821 0.133951 0.008247 0.018210
0 0.128082 0.133488 0.008247 0.018210
0 0.128299 0.133102 0.008333 0.018364
0 0.128559 0.132716 0.008333 0.018210
0 0.128819 0.132253 0.008333 0.018210
0 0.129036 0.131790 0.008247 0.018210
0 0.128819 0.130864 0.008333 0.018210
0 0.128819 0.130556 0.008333 0.018210
0 0.128819 0.129630 0.008333 0.018210
0 0.128819 0.129167 0.008333 0.018210
0 0.128819 0.128395 0.008333 0.018210
0 0.128819 0.127932 0.008333 0.018210
0 0.128819 0.127006 0.008333 0.018210
0 0.128819 0.126543 0.008333 0.018210
0 0.128819 0.125772 0.008333 0.018210
0 0.128819 0.125309 0.008333 0.018210
0 0.128819 0.125309 0.008333 0.018210
0 0.128819 0.125309 0.008333 0.018210
0 0.128819 0.125309 0.008333 0.018210
0 0.128819 0.125309 0.008333 0.018210
0 0.128819 0.125309 0.008333 0.018210
0 0.128819 0.125309 0.008333 0.018210
0 0.128819 0.125309 0.008333 0.018210
0 0.128819 0.125309 0.008333 0.018210
0 0.128819 0.125309 0.008333 0.018210
0 0.128819 0.125309 0.008333 0.018210
