0 0.121094 0.150926 0.007118 0.026852
0 0.121007 0.154321 0.007292 0.026852
0 0.121137 0.157870 0.007552 0.026852
0 0.121137 0.161497 0.008073 0.026389
0 0.121224 0.164969 0.008247 0.026543
0 0.121354 0.168673 0.008507 0.025926
0 0.121224 0.172145 0.008767 0.026080
0 0.121354 0.175617 0.009028 0.025926
0 0.121354 0.179321 0.009549 0.025617
0 0.121484 0.182716 0.009809 0.025617
0 0.121571 0.186728 0.009983 0.025617
0 0.121701 0.186728 0.009722 0.025617
0 0.121962 0.186728 0.009722 0.025617
0 0.122222 0.186728 0.009722 0.025617
0 0.122309 0.186883 0.009549 0.025926
0 0.122569 0.187114 0.009549 0.025463
0 0.122830 0.187114 0.009549 0.025463
0 0.122960 0.187346 0.009288 0.025926
0 0.123220 0.187346 0.009288 0.025926
0 0.123437 0.187346 0.009201 0.025926
0 0.123785 0.187731 0.009028 0.026080
0 0.123785 0.179552 0.009028 0.026080
0 0.124045 0.171682 0.009028 0.026080
0 0.124045 0.163503 0.009028 0.026080
0 0.124306 0.155633 0.009028 0.026080
0 0.124566 0.147840 0.009028 0.025926
0 0.124566 0.139583 0.009028 0.026080
0 0.124740 0.131790 0.009028 0.025926
0 0.124740 0.123534 0.009028 0.026080
0 0.125000 0.115741 0.009028 0.025926
0 0.125260 0.107948 0.009028 0.026080
0 0.125521 0.107948 0.009028 0.026080
0 0.125781 0.107948 0.009028 0.026080
0 0.125955 0.108410 0.009028 0.026080
0 0.126215 0.108410 0.009028 0.026080
0 0.126476 0.108796 0.009028 0.025926
0 0.126736 0.108796 0.009028 0.025926
0 0.126997 0.108796 0.009028 0.025926
0 0.127214 0.109259 0.009115 0.025926
0 0.127431 0.109259 0.009028 0.025926
0 0.127691 0.109645 0.009028 0.026080
0 0.127821 0.107485 0.008767 0.026080
0 0.128082 0.105556 0.008767 0.026543
0 0.128342 0.103395 0.008767 0.026543
0 0.128559 0.101620 0.008854 0.026389
0 0.128906 0.099460 0.008507 0.026389
0 0.129036 0.097531 0.008247 0.026852
0 0.129297 0.095602 0.008247 0.026389
0 0.129514 0.093673 0.008333 0.026852
0 0.129774 0.091512 0.008333 0.026852
0 0.130165 0.089738 0.008073 0.027006
0 0.130165 0.085340 0.008073 0.026852
0 0.130165 0.081019 0.008073 0.026852
0 0.130165 0.076698 0.008073 0.026852
0 0.130165 0.072608 0.008073 0.026389
0 0.130165 0.068519 0.008073 0.026852
0 0.130165 0.064120 0.008073 0.027006
0 0.130165 0.060031 0.008073 0.026543
0 0.130165 0.055633 0.008073 0.026389
0 0.130165 0.051312 0.008073 0.026389
0 0.130382 0.047454 0.007986 0.026389
0 0.131120 0.046991 0.008073 0.026389
0 0.132075 0.046991 0.008073 0.026389
0 0.132856 0.046991 0.008073 0.026389
0 0.133811 0.046991 0.008073 0.026389
0 0.134505 0.046991 0.008073 0.026389
0 0.135503 0.046991 0.007986 0.026389
0 0.136241 0.046991 0.008073 0.026389
0 0.137196 0.046991 0.008073 0.026389
0 0.137977 0.046991 0.008073 0.026389
0 0.138932 0.046991 0.008073 0.026389
0 0.139193 0.046528 0.008073 0.026389
0 0.139410 0.046528 0.007986 0.026389
0 0.139627 0.046528 0.008073 0.026389
0 0.139887 0.046528 0.008073 0.026389
0 0.140408 0.046528 0.008073 0.026389
0 0.140625 0.046142 0.007986 0.026543
0 0.140885 0.046142 0.007986 0.026543
0 0.141102 0.046142 0.008073 0.026543
0 0.141363 0.046142 0.008073 0.026543
0 0.141884 0.046142 0.008073 0.026543
0 0.142187 0.046142 0.007812 0.026543
0 0.142708 0.046142 0.007812 0.026543
0 0.143186 0.046142 0.007378 0.026543
0 0.143663 0.046142 0.007292 0.026543
0 0.144314 0.046142 0.007031 0.026543
0 0.144661 0.046142 0.006858 0.026543
0 0.145139 0.046142 0.006771 0.026543
0 0.145616 0.046142 0.006337 0.026543
0 0.146137 0.046142 0.006337 0.026543
0 0.146745 0.046142 0.006163 0.026543
0 0.146962 0.046142 0.006076 0.026543
0 0.147483 0.046142 0.006076 0.026543
0 0.147830 0.046142 0.006424 0.026543
0 0.148307 0.046142 0.006337 0.026543
0 0.148698 0.046142 0.006597 0.026543
0 0.149175 0.046142 0.006510 0.026543
0 0.149523 0.046142 0.006858 0.026543
0 0.150043 0.046142 0.006858 0.026543
0 0.150391 0.046142 0.007031 0.026543
0 0.150868 0.046142 0.007118 0.026543
0 0.151128 0.045679 0.007118 0.026543
0 0.151606 0.045679 0.007031 0.026543
0 0.152083 0.045679 0.007118 0.026543
0 0.152474 0.045679 0.007378 0.026543
0 0.152951 0.045679 0.007292 0.026543
0 0.153472 0.045293 0.007292 0.026389
0 0.153776 0.045293 0.007552 0.026389
0 0.154297 0.045293 0.007552 0.026389
0 0.154818 0.045293 0.007552 0.026389
0 0.155252 0.045293 0.007552 0.026389
0 0.155252 0.045293 0.007552 0.026389
0 0.155512 0.045679 0.007552 0.026543
0 0.155773 0.046142 0.007552 0.026543
0 0.156033 0.046142 0.007552 0.026543
0 0.156250 0.046528 0.007639 0.026389
0 0.156467 0.046991 0.007552 0.026389
0 0.156727 0.046991 0.007552 0.026389
0 0.156988 0.047454 0.007552 0.026389
0 0.157248 0.047840 0.007552 0.026543
0 0.157509 0.048302 0.007552 0.026543
0 0.157682 0.048688 0.007552 0.026389
0 0.157943 0.049151 0.007552 0.026389
0 0.158464 0.049614 0.007552 0.026389
0 0.158724 0.050000 0.007552 0.026543
0 0.159158 0.050463 0.007552 0.026543
0 0.159418 0.050926 0.007552 0.026543
0 0.159679 0.051312 0.007552 0.026389
0 0.160156 0.051775 0.007639 0.026389
0 0.160373 0.052238 0.007552 0.026389
0 0.160894 0.053086 0.007552 0.026543
0 0.161155 0.053086 0.007552 0.026543
0 0.161589 0.053472 0.007552 0.026389
0 0.161849 0.053935 0.007552 0.026389
0 0.162370 0.054398 0.007552 0.026389
0 0.162847 0.054784 0.007639 0.026543
0 0.163064 0.054784 0.007552 0.026543
0 0.163585 0.055247 0.007552 0.026543
0 0.163845 0.055633 0.007552 0.026389
0 0.164280 0.056096 0.007552 0.026389
0 0.164800 0.056559 0.007552 0.026389
0 0.165408 0.057176 0.007378 0.027006
0 0.166146 0.057793 0.007292 0.027315
0 0.166840 0.058951 0.007292 0.027778
0 0.167622 0.059568 0.007292 0.028086
0 0.168316 0.060648 0.007292 0.028704
0 0.169054 0.061265 0.007378 0.029012
0 0.169792 0.061960 0.007292 0.029475
0 0.170530 0.063117 0.007378 0.029938
0 0.171267 0.063657 0.007292 0.030401
0 0.172005 0.064815 0.007378 0.030864
0 0.172005 0.065201 0.007378 0.030710
0 0.172222 0.066049 0.007292 0.030864
0 0.172483 0.066975 0.007292 0.030864
0 0.172743 0.067824 0.007292 0.030710
0 0.172960 0.068673 0.007378 0.030864
0 0.173220 0.069522 0.007378 0.030710
0 0.173437 0.070448 0.007292 0.030710
0 0.173698 0.071296 0.007292 0.030864
0 0.173958 0.072145 0.007292 0.030710
0 0.174175 0.072994 0.007378 0.030864
0 0.174436 0.073920 0.007378 0.030864
0 0.174653 0.075154 0.007292 0.030864
0 0.175043 0.076466 0.007552 0.030710
0 0.175304 0.077778 0.007552 0.030864
0 0.175651 0.079090 0.007726 0.030710
0 0.175868 0.080170 0.007812 0.030401
0 0.176128 0.081481 0.007812 0.030247
0 0.176519 0.082793 0.008073 0.030401
0 0.176780 0.084028 0.008073 0.030401
0 0.177127 0.085417 0.008247 0.030401
0 0.177127 0.086265 0.008247 0.030247
0 0.177127 0.087114 0.008247 0.030401
0 0.177127 0.088040 0.008247 0.030401
0 0.177344 0.089043 0.008333 0.029938
0 0.177344 0.089969 0.008333 0.029938
0 0.177344 0.090741 0.008333 0.029938
0 0.177344 0.091667 0.008333 0.029938
0 0.177604 0.092824 0.008333 0.029475
0 0.177604 0.093596 0.008333 0.029475
0 0.177604 0.094522 0.008333 0.029475
