0 0.118793 0.164815 0.013108 0.009568
0 0.118576 0.164352 0.013194 0.009568
0 0.118446 0.164352 0.012934 0.009568
0 0.118316 0.164352 0.012674 0.009568
0 0.118186 0.164352 0.012413 0.009568
0 0.118056 0.164352 0.012153 0.009568
0 0.117969 0.163889 0.011979 0.009568
0 0.117839 0.163889 0.011719 0.009568
0 0.117708 0.163889 0.011458 0.009568
0 0.117578 0.163889 0.011198 0.009568
0 0.117448 0.163889 0.010937 0.009568
0 0.117448 0.163889 0.010937 0.009568
0 0.117448 0.163889 0.010937 0.009568
0 0.117448 0.163889 0.010937 0.009568
0 0.117448 0.163889 0.010937 0.009568
0 0.117448 0.163889 0.010937 0.009568
0 0.117448 0.163889 0.010937 0.009568
0 0.117448 0.163889 0.010937 0.009568
0 0.117448 0.163889 0.010937 0.009568
0 0.117448 0.163889 0.010937 0.009568
0 0.117578 0.164352 0.011198 0.009568
0 0.117448 0.164352 0.011458 0.009568
0 0.117448 0.164352 0.011458 0.009568
0 0.117318 0.164352 0.011719 0.009568
0 0.117318 0.164352 0.011719 0.009568
0 0.117318 0.164352 0.012240 0.009568
0 0.117318 0.164352 0.012240 0.009568
0 0.117231 0.164352 0.012413 0.009568
0 0.117231 0.164352 0.012413 0.009568
0 0.117101 0.164352 0.012674 0.009568
0 0.117231 0.164352 0.012934 0.009568
0 0.117101 0.164352 0.012674 0.009568
0 0.117231 0.164352 0.012413 0.009568
0 0.117318 0.164352 0.012240 0.009568
0 0.117318 0.164352 0.012240 0.009568
0 0.117448 0.164352 0.011979 0.009568
0 0.117578 0.164352 0.011719 0.009568
0 0.117578 0.164352 0.011719 0.009568
0 0.117708 0.164352 0.011458 0.009568
0 0.117839 0.164352 0.011198 0.009568
0 0.117925 0.164352 0.011024 0.009568
0 0.117925 0.163889 0.011024 0.009568
0 0.117925 0.163889 0.011024 0.009568
0 0.117925 0.163889 0.011024 0.009568
0 0.117925 0.163889 0.011024 0.009568
0 0.117925 0.163889 0.011024 0.009568
0 0.117925 0.163426 0.011024 0.009568
0 0.117925 0.163426 0.011024 0.009568
0 0.117925 0.163426 0.011024 0.009568
0 0.117925 0.163426 0.011024 0.009568
0 0.118186 0.163426 0.011024 0.009568
0 0.118056 0.163426 0.011285 0.009568
0 0.118186 0.163426 0.011545 0.009568
0 0.118186 0.163426 0.011545 0.009568
0 0.118186 0.163426 0.011892 0.009568
0 0.118186 0.163426 0.011892 0.009568
0 0.118316 0.163426 0.012153 0.009568
0 0.118186 0.163426 0.012413 0.009568
0 0.118316 0.163426 0.012674 0.009568
0 0.118316 0.163426 0.012674 0.009568
0 0.118446 0.163426 0.012934 0.009568
0 0.118446 0.163426 0.012934 0.009568
0 0.118446 0.163426 0.012934 0.009568
0 0.118446 0.163426 0.012934 0.009568
0 0.118446 0.163426 0.012934 0.009568
0 0.118446 0.163426 0.012934 0.009568
0 0.118446 0.163426 0.012934 0.009568
0 0.118446 0.163426 0.012934 0.009568
0 0.118446 0.163426 0.012934 0.009568
0 0.118446 0.163426 0.012934 0.009568
0 0.118446 0.163426 0.012934 0.009568
0 0.118446 0.163426 0.012934 0.009568
0 0.118446 0.163426 0.012934 0.009568
0 0.118446 0.163426 0.012934 0.009568
0 0.118446 0.163426 0.012934 0.009568
0 0.118446 0.163426 0.012934 0.009568
0 0.118446 0.163426 0.012934 0.009568
0 0.118446 0.163426 0.012934 0.009568
0 0.118446 0.163426 0.012934 0.009568
0 0.118446 0.163426 0.012934 0.009568
0 0.118446 0.163426 0.012934 0.009568
0 0.118446 0.163426 0.012934 0.009568
0 0.118446 0.163426 0.012934 0.009568
0 0.118446 0.163426 0.012934 0.009568
0 0.118446 0.163426 0.012934 0.009568
0 0.118446 0.163426 0.012934 0.009568
0 0.118446 0.163426 0.012934 0.009568
0 0.118446 0.163426 0.012934 0.009568
0 0.118446 0.163426 0.012934 0.009568
0 0.118446 0.163426 0.012934 0.009568
0 0.118446 0.163426 0.012934 0.009568
0 0.118576 0.163040 0.012674 0.009414
0 0.118793 0.163040 0.012760 0.009414
0 0.118924 0.163040 0.012500 0.009414
0 0.119141 0.163040 0.012413 0.009414
0 0.119401 0.163040 0.012413 0.009414
0 0.119531 0.163040 0.012153 0.009414
0 0.119748 0.163040 0.012240 0.009414
0 0.119878 0.163040 0.011979 0.009414
0 0.120139 0.163040 0.011979 0.009414
0 0.120399 0.163040 0.011979 0.009414
0 0.120399 0.163040 0.011979 0.009414
0 0.120399 0.163040 0.011979 0.009414
0 0.120399 0.163040 0.011979 0.009414
0 0.120399 0.163040 0.011979 0.009414
0 0.120399 0.163040 0.011979 0.009414
0 0.120399 0.163040 0.011979 0.009414
0 0.120399 0.163040 0.011979 0.009414
0 0.120399 0.163040 0.011979 0.009414
0 0.120399 0.163040 0.011979 0.009414
0 0.120399 0.163040 0.011979 0.009414
0 0.120399 0.162809 0.011979 0.009877
0 0.120616 0.162809 0.011892 0.009877
0 0.120877 0.163040 0.011892 0.010340
0 0.120877 0.163040 0.011892 0.010340
0 0.121094 0.163272 0.011979 0.010802
0 0.121354 0.163040 0.011979 0.011265
0 0.121354 0.163040 0.011979 0.011265
0 0.121615 0.163272 0.011979 0.011728
0 0.121875 0.163272 0.011979 0.011728
0 0.122092 0.163503 0.011892 0.012191
0 0.122092 0.163503 0.011892 0.012191
0 0.122092 0.163503 0.011892 0.012191
0 0.122092 0.163503 0.011892 0.012191
0 0.122092 0.163503 0.011892 0.012191
0 0.122092 0.163503 0.011892 0.012191
0 0.122092 0.163503 0.011892 0.012191
0 0.122092 0.163503 0.011892 0.012191
0 0.122092 0.163503 0.011892 0.012191
0 0.122092 0.163503 0.011892 0.012191
0 0.122092 0.163503 0.011892 0.012191
0 0.122092 0.163272 0.011892 0.011728
0 0.122092 0.163272 0.011892 0.011728
0 0.122092 0.163272 0.011892 0.011728
0 0.122092 0.163040 0.011892 0.011265
0 0.122179 0.163272 0.011719 0.010802
0 0.122179 0.163272 0.011719 0.010802
0 0.122179 0.163040 0.011719 0.010340
0 0.122179 0.163040 0.011719 0.010340
0 0.122179 0.163040 0.011719 0.010340
0 0.122309 0.163272 0.011458 0.009877
0 0.122309 0.163040 0.011458 0.010340
0 0.122309 0.163040 0.011458 0.010340
0 0.122309 0.163272 0.011458 0.010802
0 0.122309 0.163272 0.011458 0.010802
0 0.122439 0.163503 0.011719 0.011265
0 0.122439 0.163503 0.011719 0.011265
0 0.122439 0.163503 0.011719 0.011265
0 0.122439 0.163735 0.011719 0.011728
0 0.122439 0.163735 0.011719 0.011728
0 0.122569 0.163889 0.011979 0.012037
0 0.122569 0.163503 0.011979 0.012191
0 0.122830 0.163503 0.011979 0.012191
0 0.123090 0.163503 0.011979 0.012191
0 0.123090 0.163503 0.011979 0.012191
0 0.123307 0.163503 0.011892 0.012191
0 0.123524 0.163503 0.011979 0.012191
0 0.123524 0.163503 0.011979 0.012191
0 0.123785 0.163503 0.011979 0.012191
0 0.124045 0.163503 0.011979 0.012191
0 0.124306 0.163503 0.011979 0.012191
0 0.124306 0.163503 0.011979 0.012191
0 0.124523 0.163503 0.011892 0.012191
0 0.124523 0.163503 0.011892 0.012191
0 0.124783 0.163503 0.011892 0.012191
0 0.125000 0.163503 0.011979 0.012191
0 0.125000 0.163503 0.011979 0.012191
0 0.125260 0.163503 0.011979 0.012191
0 0.125260 0.163503 0.011979 0.012191
0 0.125521 0.163503 0.011979 0.012191
0 0.125781 0.163889 0.011979 0.012037
0 0.125781 0.163889 0.011979 0.012037
0 0.125998 0.163889 0.011892 0.012037
0 0.125998 0.163889 0.011892 0.012037
0 0.126215 0.163889 0.011979 0.012037
0 0.126345 0.163889 0.012240 0.012037
0 0.126476 0.163889 0.011979 0.012037
0 0.126606 0.163889 0.012240 0.012037
0 0.126866 0.163889 0.012240 0.012037
0 0.126866 0.163889 0.012240 0.012037
0 0.127083 0.163889 0.012153 0.012037
