0 0.065017 0.004938 0.009028 0.009877
0 0.058377 0.004552 0.008073 0.009105
0 0.051910 0.004090 0.007292 0.008179
0 0.045486 0.003627 0.006597 0.007253
0 0.039019 0.003241 0.005816 0.006481
0 0.032639 0.002778 0.004861 0.005556
0 0.026215 0.002315 0.004167 0.004630
0 0.019748 0.001929 0.003385 0.003858
0 0.013238 0.001466 0.002691 0.002932
0 0.006771 0.001080 0.001910 0.002160
0 0.000477 0.000849 0.000955 0.001698
0 0.000477 0.000849 0.000955 0.001698
0 0.000477 0.000849 0.000955 0.001698
0 0.000477 0.000849 0.000955 0.001698
0 0.000477 0.000849 0.000955 0.001698
0 0.000477 0.000849 0.000955 0.001698
0 0.000477 0.000849 0.000955 0.001698
0 0.000477 0.000849 0.000955 0.001698
0 0.000477 0.000849 0.000955 0.001698
0 0.000477 0.000849 0.000955 0.001698
0 0.000477 0.000849 0.000955 0.001698
0 0.000477 0.000849 0.000955 0.001698
0 0.000477 0.000849 0.000955 0.001698
0 0.000477 0.000849 0.000955 0.001698
0 0.000477 0.000849 0.000955 0.001698
0 0.000477 0.000849 0.000955 0.001698
0 0.000477 0.000849 0.000955 0.001698
0 0.000477 0.000849 0.000955 0.001698
0 0.000477 0.000849 0.000955 0.001698
0 0.000477 0.000849 0.000955 0.001698
0 0.000477 0.000849 0.000955 0.001698
0 0.000477 0.000849 0.000955 0.001698
0 0.000477 0.000849 0.000955 0.001698
0 0.000477 0.000849 0.000955 0.001698
0 0.000477 0.000849 0.000955 0.001698
0 0.000477 0.000849 0.000955 0.001698
0 0.000477 0.000849 0.000955 0.001698
0 0.000477 0.000849 0.000955 0.001698
0 0.000477 0.000849 0.000955 0.001698
0 0.000477 0.000849 0.000955 0.001698
0 0.000477 0.000849 0.000955 0.001698
0 0.000477 0.000849 0.000955 0.001698
0 0.000477 0.000849 0.000955 0.001698
0 0.000477 0.000849 0.000955 0.001698
0 0.000477 0.000849 0.000955 0.001698
0 0.000477 0.000849 0.000955 0.001698
0 0.000477 0.000849 0.000955 0.001698
0 0.000477 0.000849 0.000955 0.001698
0 0.000477 0.000849 0.000955 0.001698
0 0.000477 0.000849 0.000955 0.001698
0 0.000477 0.000849 0.000955 0.001698
0 0.000477 0.000849 0.000955 0.001698
0 0.000477 0.000849 0.000955 0.001698
0 0.000477 0.000849 0.000955 0.001698
0 0.000477 0.000849 0.000955 0.001698
0 0.000477 0.000849 0.000955 0.001698
0 0.000477 0.000849 0.000955 0.001698
0 0.000477 0.000849 0.000955 0.001698
0 0.000477 0.000849 0.000955 0.001698
0 0.000477 0.000849 0.000955 0.001698
0 0.000477 0.000849 0.000955 0.001698
0 0.000477 0.000849 0.000955 0.001698
0 0.000477 0.000849 0.000955 0.001698
0 0.000477 0.000849 0.000955 0.001698
0 0.000477 0.000849 0.000955 0.001698
0 0.000477 0.000849 0.000955 0.001698
0 0.000477 0.000849 0.000955 0.001698
0 0.000477 0.000849 0.000955 0.001698
0 0.000477 0.000849 0.000955 0.001698
0 0.000477 0.000849 0.000955 0.001698
0 0.000477 0.000849 0.000955 0.001698
0 0.006771 0.001080 0.001910 0.002160
0 0.013238 0.001466 0.002691 0.002932
0 0.019748 0.001929 0.003385 0.003858
0 0.026215 0.002315 0.004167 0.004630
0 0.032639 0.002778 0.004861 0.005556
0 0.039019 0.003009 0.005816 0.006019
0 0.045486 0.003395 0.006597 0.006790
0 0.051910 0.003858 0.007292 0.007716
0 0.058377 0.004321 0.008073 0.008642
0 0.065017 0.004707 0.009028 0.009414
0 0.065017 0.004707 0.009028 0.009414
0 0.065017 0.004707 0.009028 0.009414
0 0.065017 0.004707 0.009028 0.009414
0 0.065017 0.004707 0.009028 0.009414
0 0.065017 0.004707 0.009028 0.009414
0 0.065017 0.004707 0.009028 0.009414
0 0.065017 0.004707 0.009028 0.009414
0 0.065017 0.004707 0.009028 0.009414
0 0.065017 0.004707 0.009028 0.009414
0 0.065017 0.004707 0.009028 0.009414
0 0.065017 0.004707 0.009028 0.009414
0 0.065017 0.004707 0.009028 0.009414
0 0.065017 0.004707 0.009028 0.009414
0 0.065017 0.004707 0.009028 0.009414
0 0.065017 0.004707 0.009028 0.009414
0 0.065017 0.004707 0.009028 0.009414
0 0.065017 0.004707 0.009028 0.009414
0 0.065017 0.004707 0.009028 0.009414
0 0.065017 0.004707 0.009028 0.009414
0 0.065017 0.004707 0.009028 0.009414
0 0.064497 0.006867 0.009028 0.010340
0 0.064236 0.009028 0.009028 0.011265
0 0.063889 0.011420 0.009201 0.012654
0 0.063672 0.013812 0.009288 0.013117
0 0.063281 0.016204 0.009549 0.014198
0 0.063021 0.018364 0.009549 0.015123
0 0.062674 0.020756 0.009722 0.015586
0 0.062413 0.023148 0.009722 0.016975
0 0.062066 0.025309 0.010069 0.017901
0 0.061806 0.027855 0.010069 0.018673
0 0.061806 0.030710 0.010069 0.019136
0 0.061806 0.033796 0.010069 0.019136
0 0.061936 0.036574 0.010330 0.019444
0 0.062066 0.039583 0.010069 0.019599
0 0.062153 0.042438 0.010243 0.020062
0 0.062153 0.045448 0.010243 0.019907
0 0.062283 0.048302 0.009983 0.020370
0 0.062413 0.051389 0.010243 0.020370
0 0.062413 0.054090 0.010243 0.020833
0 0.062674 0.057407 0.010243 0.021296
0 0.062543 0.060031 0.009983 0.021296
0 0.062543 0.062886 0.009983 0.020833
0 0.062543 0.065586 0.009983 0.020370
0 0.062543 0.068441 0.009983 0.019907
0 0.062543 0.071528 0.009983 0.019907
0 0.062543 0.074306 0.009983 0.019599
0 0.062543 0.077160 0.009983 0.019136
0 0.062543 0.080015 0.009983 0.018673
0 0.062543 0.082716 0.009983 0.018210
0 0.062543 0.085802 0.009983 0.018210
0 0.062543 0.088889 0.009983 0.018210
0 0.062543 0.091821 0.009983 0.018210
0 0.062543 0.094907 0.009983 0.018210
0 0.062543 0.098457 0.009983 0.018210
0 0.062804 0.101389 0.009983 0.018210
0 0.062804 0.104475 0.009983 0.018210
0 0.062804 0.107948 0.009983 0.018364
0 0.062804 0.110957 0.009983 0.018210
0 0.062804 0.114043 0.009983 0.018210
0 0.063064 0.117438 0.009983 0.018210
0 0.062934 0.120062 0.010243 0.018210
0 0.062934 0.122685 0.010243 0.018210
0 0.062934 0.125309 0.010243 0.018210
0 0.062804 0.127932 0.010503 0.018210
0 0.062804 0.130864 0.010503 0.018210
0 0.062804 0.133488 0.010503 0.018210
0 0.062674 0.136111 0.010764 0.018210
0 0.062674 0.138735 0.010764 0.018210
0 0.062674 0.141358 0.010764 0.018210
0 0.062804 0.144444 0.011024 0.018210
0 0.062804 0.147222 0.011024 0.017901
0 0.063021 0.150231 0.010937 0.016821
0 0.063021 0.153009 0.010937 0.016512
0 0.063281 0.156327 0.010937 0.016049
0 0.063281 0.159182 0.010937 0.015586
0 0.063542 0.162191 0.010937 0.014815
0 0.063542 0.165201 0.010937 0.014660
0 0.063759 0.168210 0.011024 0.013889
0 0.063759 0.171065 0.011024 0.013426
0 0.064019 0.174306 0.011024 0.013117
0 0.063759 0.176698 0.011024 0.013580
0 0.063628 0.179321 0.010764 0.014198
0 0.063542 0.182099 0.010937 0.014815
0 0.063411 0.184722 0.010677 0.015741
0 0.063411 0.187500 0.010677 0.016049
0 0.063151 0.190123 0.010677 0.016975
0 0.063064 0.192747 0.010503 0.017901
0 0.062934 0.195525 0.010764 0.018210
0 0.062804 0.198148 0.010503 0.019136
0 0.062804 0.201003 0.010503 0.019599
0 0.062804 0.203164 0.010503 0.019599
0 0.062804 0.205324 0.010503 0.019599
0 0.062804 0.207485 0.010503 0.019599
0 0.063064 0.209645 0.010503 0.019599
0 0.063064 0.212269 0.010503 0.019599
0 0.063064 0.214429 0.010503 0.019599
0 0.063281 0.216590 0.010417 0.019599
0 0.063281 0.218750 0.010417 0.019599
0 0.063281 0.220988 0.010417 0.019444
0 0.063498 0.223534 0.010503 0.019599
