0 0.152865 0.034414 0.003646 0.013580
0 0.152865 0.034414 0.003646 0.013580
0 0.152865 0.034414 0.003646 0.013580
0 0.152865 0.034414 0.003646 0.013580
0 0.152865 0.034414 0.003646 0.013580
0 0.152865 0.034414 0.003646 0.013580
0 0.152865 0.034414 0.003646 0.013580
0 0.152865 0.034414 0.003646 0.013580
0 0.152865 0.034414 0.003646 0.013580
0 0.152865 0.034414 0.003646 0.013580
0 0.152865 0.034414 0.003646 0.013580
0 0.152865 0.034414 0.003646 0.013580
0 0.152865 0.034414 0.003646 0.013580
0 0.152865 0.034414 0.003646 0.013580
0 0.152865 0.034414 0.003646 0.013580
0 0.152865 0.034414 0.003646 0.013580
0 0.152865 0.034414 0.003646 0.013580
0 0.152865 0.034414 0.003646 0.013580
0 0.152865 0.034414 0.003646 0.013580
0 0.152865 0.034414 0.003646 0.013580
0 0.152865 0.034414 0.003646 0.013580
0 0.153299 0.034414 0.003646 0.013580
0 0.154080 0.034414 0.003646 0.013580
0 0.154774 0.034414 0.003646 0.013580
0 0.155556 0.034414 0.003646 0.013580
0 0.156250 0.034414 0.003646 0.013580
0 0.156988 0.034414 0.003733 0.013580
0 0.157726 0.034414 0.003646 0.013580
0 0.158420 0.034414 0.003646 0.013580
0 0.159201 0.034414 0.003646 0.013580
0 0.159896 0.034799 0.003646 0.013426
0 0.159896 0.040509 0.003646 0.013426
0 0.160156 0.046065 0.003646 0.013426
0 0.160417 0.051775 0.003646 0.013426
0 0.160417 0.057407 0.003646 0.013580
0 0.160677 0.063040 0.003646 0.013426
0 0.160894 0.068673 0.003733 0.013580
0 0.160894 0.074306 0.003733 0.013426
0 0.161111 0.080015 0.003646 0.013426
0 0.161372 0.085571 0.003646 0.013426
0 0.161632 0.091281 0.003646 0.013426
0 0.161632 0.090818 0.003646 0.013426
0 0.161892 0.090818 0.003646 0.013426
0 0.162109 0.090818 0.003733 0.013426
0 0.162326 0.090818 0.003646 0.013426
0 0.162587 0.090818 0.003646 0.013426
0 0.162587 0.090818 0.003646 0.013426
0 0.162847 0.090818 0.003646 0.013426
0 0.163108 0.090818 0.003646 0.013426
0 0.163325 0.090818 0.003733 0.013426
0 0.163542 0.090818 0.003646 0.013426
0 0.163542 0.091667 0.003646 0.013580
0 0.163802 0.092515 0.003646 0.013426
0 0.164062 0.093441 0.003646 0.013426
0 0.164062 0.094213 0.003646 0.013426
0 0.164323 0.095602 0.003646 0.013426
0 0.164583 0.096451 0.003646 0.013580
0 0.164583 0.097299 0.003646 0.013426
0 0.164800 0.098225 0.003733 0.013426
0 0.165017 0.098997 0.003646 0.013426
0 0.165278 0.100386 0.003646 0.013426
0 0.165278 0.100386 0.003646 0.013426
0 0.165538 0.100386 0.003646 0.013426
0 0.165799 0.100386 0.003646 0.013426
0 0.165799 0.100386 0.003646 0.013426
0 0.166016 0.100386 0.003733 0.013426
0 0.166233 0.100386 0.003646 0.013426
0 0.166233 0.100386 0.003646 0.013426
0 0.166493 0.100386 0.003646 0.013426
0 0.166753 0.100386 0.003646 0.013426
0 0.167014 0.100849 0.003646 0.013426
0 0.167014 0.100849 0.003646 0.013426
0 0.167231 0.100849 0.003733 0.013426
0 0.167448 0.100849 0.003646 0.013426
0 0.167708 0.100849 0.003646 0.013426
0 0.167969 0.101157 0.003646 0.013426
0 0.167969 0.101157 0.003646 0.013426
0 0.168229 0.101157 0.003646 0.013426
0 0.168490 0.101157 0.003646 0.013426
0 0.168663 0.101157 0.003646 0.013426
0 0.168924 0.101620 0.003646 0.013426
0 0.168924 0.101620 0.003646 0.013426
0 0.169184 0.101620 0.003646 0.013426
0 0.169184 0.101620 0.003646 0.013426
0 0.169444 0.101620 0.003646 0.013426
0 0.169444 0.102083 0.003646 0.013426
0 0.169705 0.102083 0.003646 0.013426
0 0.169705 0.102083 0.003646 0.013426
0 0.169922 0.102083 0.003733 0.013426
0 0.169922 0.102083 0.003733 0.013426
0 0.170139 0.102546 0.003646 0.013426
0 0.170139 0.102546 0.003646 0.013426
0 0.170139 0.102546 0.003646 0.013426
0 0.170139 0.102546 0.003646 0.013426
0 0.170399 0.103009 0.003646 0.013426
0 0.170399 0.103009 0.003646 0.013426
0 0.170399 0.103009 0.003646 0.013426
0 0.170660 0.103395 0.003646 0.013580
0 0.170660 0.103395 0.003646 0.013580
0 0.170660 0.103395 0.003646 0.013580
0 0.170920 0.103781 0.003646 0.013426
0 0.170920 0.103781 0.003646 0.013426
0 0.171137 0.103781 0.003733 0.013426
0 0.171354 0.103781 0.003646 0.013426
0 0.171615 0.103781 0.003646 0.013426
0 0.171875 0.103781 0.003646 0.013426
0 0.171875 0.103781 0.003646 0.013426
0 0.172135 0.103781 0.003646 0.013426
0 0.172352 0.103781 0.003733 0.013426
0 0.172569 0.103781 0.003646 0.013426
0 0.172830 0.104244 0.003646 0.013426
0 0.172830 0.104244 0.003646 0.013426
0 0.172830 0.104244 0.003646 0.013426
0 0.172830 0.104244 0.003646 0.013426
0 0.172830 0.104244 0.003646 0.013426
0 0.172830 0.104244 0.003646 0.013426
0 0.172830 0.104244 0.003646 0.013426
0 0.172830 0.104244 0.003646 0.013426
0 0.172830 0.104244 0.003646 0.013426
0 0.172830 0.104244 0.003646 0.013426
0 0.172830 0.104244 0.003646 0.013426
0 0.172830 0.104244 0.003646 0.013426
0 0.172830 0.104244 0.003646 0.013426
0 0.172830 0.104244 0.003646 0.013426
0 0.172830 0.104244 0.003646 0.013426
0 0.172830 0.104244 0.003646 0.013426
0 0.172830 0.104244 0.003646 0.013426
0 0.172830 0.104244 0.003646 0.013426
0 0.172830 0.104244 0.003646 0.013426
0 0.172830 0.104244 0.003646 0.013426
0 0.172830 0.104244 0.003646 0.013426
0 0.172830 0.104244 0.003646 0.013426
0 0.172830 0.104244 0.003646 0.013426
0 0.172830 0.104244 0.003646 0.013426
0 0.172830 0.104244 0.003646 0.013426
0 0.172830 0.104244 0.003646 0.013426
0 0.172830 0.104244 0.003646 0.013426
0 0.172830 0.104244 0.003646 0.013426
0 0.172830 0.104244 0.003646 0.013426
0 0.172830 0.104244 0.003646 0.013426
0 0.172830 0.104244 0.003646 0.013426
0 0.172830 0.104244 0.003646 0.013426
0 0.172830 0.104244 0.003646 0.013426
0 0.172830 0.104244 0.003646 0.013426
0 0.172830 0.104244 0.003646 0.013426
0 0.172830 0.104244 0.003646 0.013426
0 0.172830 0.104244 0.003646 0.013426
0 0.172830 0.104244 0.003646 0.013426
0 0.172830 0.104244 0.003646 0.013426
0 0.172830 0.104244 0.003646 0.013426
0 0.172830 0.104244 0.003646 0.013426
0 0.172830 0.101620 0.003646 0.013426
0 0.172830 0.099460 0.003646 0.013426
0 0.172830 0.096836 0.003646 0.013426
0 0.173090 0.094676 0.003646 0.013426
0 0.173090 0.092052 0.003646 0.013426
0 0.173090 0.089892 0.003646 0.013426
0 0.173351 0.087346 0.003646 0.013580
0 0.173351 0.085108 0.003646 0.013426
0 0.173351 0.082562 0.003646 0.013580
0 0.173611 0.080401 0.003646 0.013580
0 0.173611 0.080401 0.003646 0.013580
0 0.173611 0.080401 0.003646 0.013580
0 0.173611 0.080401 0.003646 0.013580
0 0.173611 0.080401 0.003646 0.013580
0 0.173611 0.080401 0.003646 0.013580
0 0.173611 0.080401 0.003646 0.013580
0 0.173611 0.080401 0.003646 0.013580
0 0.173611 0.080401 0.003646 0.013580
0 0.173611 0.080401 0.003646 0.013580
0 0.173611 0.080401 0.003646 0.013580
0 0.173351 0.080015 0.003646 0.013426
0 0.173351 0.079552 0.003646 0.013426
0 0.173351 0.079090 0.003646 0.013426
0 0.173351 0.078627 0.003646 0.013426
0 0.173351 0.078164 0.003646 0.013426
0 0.173351 0.077855 0.003646 0.013426
0 0.173351 0.077392 0.003646 0.013426
0 0.173351 0.076929 0.003646 0.013426
0 0.173351 0.076466 0.003646 0.013426
0 0.173351 0.076003 0.003646 0.013426
