0 0.131597 0.040509 0.003125 0.010031
0 0.131597 0.040509 0.003125 0.010031
0 0.131597 0.040509 0.003125 0.010031
0 0.131597 0.040509 0.003125 0.010031
0 0.131597 0.040509 0.003125 0.010031
0 0.131597 0.040509 0.003125 0.010031
0 0.131597 0.040509 0.003125 0.010031
0 0.131597 0.040509 0.003125 0.010031
0 0.131597 0.040509 0.003125 0.010031
0 0.131597 0.040509 0.003125 0.010031
0 0.131597 0.040895 0.003125 0.009877
0 0.131597 0.040895 0.003125 0.009877
0 0.131597 0.040895 0.003125 0.009877
0 0.131597 0.040895 0.003125 0.009877
0 0.131597 0.040895 0.003125 0.009877
0 0.131597 0.040895 0.003125 0.009877
0 0.131597 0.040895 0.003125 0.009877
0 0.131597 0.040895 0.003125 0.009877
0 0.131597 0.040895 0.003125 0.009877
0 0.131597 0.040895 0.003125 0.009877
0 0.131727 0.041127 0.003385 0.010340
0 0.131467 0.040664 0.003385 0.010340
0 0.131467 0.040664 0.003385 0.010340
0 0.131467 0.040278 0.003385 0.010494
0 0.131250 0.040278 0.003472 0.010494
0 0.131250 0.039815 0.003472 0.010494
0 0.131250 0.039815 0.003472 0.010494
0 0.130990 0.039429 0.003472 0.010340
0 0.130990 0.039429 0.003472 0.010340
0 0.130990 0.038966 0.003472 0.010340
0 0.130990 0.038966 0.003472 0.010340
0 0.130773 0.038966 0.003385 0.010340
0 0.130773 0.038966 0.003385 0.010340
0 0.130773 0.038966 0.003385 0.010340
0 0.130773 0.038966 0.003385 0.010340
0 0.130773 0.038966 0.003385 0.010340
0 0.130773 0.038966 0.003385 0.010340
0 0.130773 0.038966 0.003385 0.010340
0 0.130773 0.038966 0.003385 0.010340
0 0.130773 0.038966 0.003385 0.010340
0 0.130773 0.038966 0.003385 0.010340
0 0.130773 0.038966 0.003385 0.010340
0 0.130773 0.038966 0.003385 0.010340
0 0.130773 0.038966 0.003385 0.010340
0 0.130773 0.038966 0.003385 0.010340
0 0.130773 0.038966 0.003385 0.010340
0 0.130773 0.038966 0.003385 0.010340
0 0.130773 0.038966 0.003385 0.010340
0 0.130773 0.038966 0.003385 0.010340
0 0.130773 0.038966 0.003385 0.010340
0 0.130773 0.038966 0.003385 0.010340
0 0.130773 0.038966 0.003385 0.010340
0 0.130773 0.038966 0.003385 0.010340
0 0.130773 0.038966 0.003385 0.010340
0 0.130773 0.038966 0.003385 0.010340
0 0.130773 0.038966 0.003385 0.010340
0 0.130773 0.038966 0.003385 0.010340
0 0.130773 0.038966 0.003385 0.010340
0 0.130773 0.038966 0.003385 0.010340
0 0.130773 0.038966 0.003385 0.010340
0 0.130773 0.038966 0.003385 0.010340
0 0.130773 0.038966 0.003385 0.010340
0 0.130773 0.038966 0.003385 0.010340
0 0.130773 0.038966 0.003385 0.010340
0 0.130773 0.038966 0.003385 0.010340
0 0.130773 0.038966 0.003385 0.010340
0 0.130773 0.038966 0.003385 0.010340
0 0.130773 0.038966 0.003385 0.010340
0 0.130773 0.038966 0.003385 0.010340
0 0.130773 0.038966 0.003385 0.010340
0 0.130773 0.038966 0.003385 0.010340
0 0.130512 0.038966 0.003385 0.010340
0 0.130512 0.038966 0.003385 0.010340
0 0.130512 0.038966 0.003385 0.010340
0 0.130512 0.038966 0.003385 0.010340
0 0.130512 0.038966 0.003385 0.010340
0 0.130252 0.038966 0.003385 0.010340
0 0.130252 0.038966 0.003385 0.010340
0 0.130252 0.038966 0.003385 0.010340
0 0.130252 0.038966 0.003385 0.010340
0 0.130252 0.038966 0.003385 0.010340
0 0.130252 0.038966 0.003385 0.010340
0 0.130252 0.038966 0.003385 0.010340
0 0.130252 0.038966 0.003385 0.010340
0 0.130512 0.038966 0.003385 0.010340
0 0.130512 0.038966 0.003385 0.010340
0 0.130512 0.038966 0.003385 0.010340
0 0.130773 0.038966 0.003385 0.010340
0 0.130773 0.038966 0.003385 0.010340
0 0.130773 0.038966 0.003385 0.010340
0 0.130990 0.038966 0.003472 0.010340
0 0.130859 0.037654 0.003212 0.010494
0 0.130859 0.036806 0.003212 0.010340
0 0.130729 0.035725 0.002951 0.010031
0 0.130729 0.034645 0.002951 0.010340
0 0.130729 0.033565 0.002951 0.010031
0 0.130599 0.032639 0.002691 0.010031
0 0.130599 0.031404 0.002691 0.010031
0 0.130512 0.030478 0.002517 0.010031
0 0.130512 0.029475 0.002517 0.009568
0 0.130642 0.028549 0.002257 0.009568
0 0.130642 0.028549 0.002257 0.009568
0 0.130642 0.028549 0.002257 0.009568
0 0.130642 0.028549 0.002257 0.009568
0 0.130642 0.028549 0.002257 0.009568
0 0.130642 0.028549 0.002257 0.009568
0 0.130642 0.028549 0.002257 0.009568
0 0.130642 0.028549 0.002257 0.009568
0 0.130642 0.028549 0.002257 0.009568
0 0.130642 0.028549 0.002257 0.009568
0 0.130642 0.028549 0.002257 0.009568
0 0.130642 0.028549 0.002257 0.009568
0 0.130642 0.028549 0.002257 0.009568
0 0.130642 0.028549 0.002257 0.009568
0 0.130642 0.028549 0.002257 0.009568
0 0.130642 0.028549 0.002257 0.009568
0 0.130642 0.028549 0.002257 0.009568
0 0.130642 0.028549 0.002257 0.009568
0 0.130642 0.028549 0.002257 0.009568
0 0.130642 0.028549 0.002257 0.009568
0 0.130642 0.028549 0.002257 0.009568
0 0.130642 0.028549 0.002257 0.009568
0 0.130642 0.028549 0.002257 0.009568
0 0.130642 0.028549 0.002257 0.009568
0 0.130642 0.028549 0.002257 0.009568
0 0.130642 0.028549 0.002257 0.009568
0 0.130642 0.028549 0.002257 0.009568
0 0.130642 0.028549 0.002257 0.009568
0 0.130642 0.028549 0.002257 0.009568
0 0.130642 0.028549 0.002257 0.009568
0 0.130642 0.028549 0.002257 0.009568
0 0.130642 0.028549 0.002257 0.009568
0 0.130642 0.028549 0.002257 0.009568
0 0.130642 0.028549 0.002257 0.009568
0 0.130642 0.028549 0.002257 0.009568
0 0.130642 0.028549 0.002257 0.009568
0 0.130642 0.028549 0.002257 0.009568
0 0.130642 0.028549 0.002257 0.009568
0 0.130642 0.028549 0.002257 0.009568
0 0.130642 0.028549 0.002257 0.009568
0 0.130642 0.028549 0.002257 0.009568
0 0.130642 0.028549 0.002257 0.009568
0 0.130642 0.028549 0.002257 0.009568
0 0.130642 0.028549 0.002257 0.009568
0 0.130642 0.028549 0.002257 0.009568
0 0.130642 0.028549 0.002257 0.009568
0 0.130642 0.028549 0.002257 0.009568
0 0.130642 0.028549 0.002257 0.009568
0 0.130642 0.028549 0.002257 0.009568
0 0.130642 0.028549 0.002257 0.009568
0 0.130642 0.028549 0.002257 0.009568
0 0.130642 0.028549 0.002257 0.009568
0 0.130642 0.028549 0.002257 0.009568
0 0.130642 0.028549 0.002257 0.009568
0 0.130642 0.028549 0.002257 0.009568
0 0.130642 0.028549 0.002257 0.009568
0 0.130642 0.028549 0.002257 0.009568
0 0.130642 0.028549 0.002257 0.009568
0 0.130642 0.028549 0.002257 0.009568
0 0.130642 0.028549 0.002257 0.009568
0 0.130642 0.028549 0.002257 0.009568
0 0.130642 0.028549 0.002257 0.009568
0 0.130642 0.028549 0.002257 0.009568
0 0.130642 0.028549 0.002257 0.009568
0 0.130642 0.028549 0.002257 0.009568
0 0.130642 0.028549 0.002257 0.009568
0 0.130642 0.028549 0.002257 0.009568
0 0.130642 0.028549 0.002257 0.009568
0 0.130642 0.028549 0.002257 0.009568
0 0.130642 0.028549 0.002257 0.009568
0 0.130642 0.028549 0.002257 0.009568
0 0.130642 0.028549 0.002257 0.009568
0 0.130642 0.028549 0.002257 0.009568
0 0.130642 0.028549 0.002257 0.009568
0 0.130642 0.028549 0.002257 0.009568
0 0.130642 0.028549 0.002257 0.009568
0 0.130642 0.028549 0.002257 0.009568
0 0.130642 0.028549 0.002257 0.009568
0 0.130642 0.028549 0.002257 0.009568
0 0.130642 0.028549 0.002257 0.009568
0 0.130642 0.028549 0.002257 0.009568
