0 0.224826 0.148920 0.008507 0.021296
0 0.223351 0.148457 0.008507 0.021296
0 0.221875 0.148071 0.008507 0.021142
0 0.220443 0.147685 0.008594 0.021296
0 0.218967 0.147222 0.008594 0.021296
0 0.217752 0.147222 0.008594 0.021296
0 0.216276 0.146759 0.008594 0.021296
0 0.214844 0.146296 0.008507 0.021296
0 0.213368 0.145910 0.008507 0.021142
0 0.211892 0.145525 0.008507 0.021296
0 0.210677 0.145525 0.008507 0.021296
0 0.210156 0.145062 0.008507 0.021296
0 0.209939 0.145062 0.008594 0.021296
0 0.209679 0.145062 0.008594 0.021296
0 0.209201 0.145062 0.008507 0.021296
0 0.208941 0.145062 0.008507 0.021296
0 0.208724 0.145062 0.008594 0.021296
0 0.208247 0.145062 0.008507 0.021296
0 0.207986 0.145062 0.008507 0.021296
0 0.207726 0.145062 0.008507 0.021296
0 0.207509 0.145062 0.008594 0.021296
0 0.207378 0.144599 0.008333 0.021296
0 0.207378 0.144599 0.008333 0.021296
0 0.207248 0.144599 0.008073 0.021296
0 0.207248 0.144599 0.008073 0.021296
0 0.207248 0.144599 0.008073 0.021296
0 0.207118 0.144367 0.007812 0.020833
0 0.207118 0.144367 0.007812 0.020833
0 0.206988 0.144367 0.007552 0.020833
0 0.206988 0.144367 0.007552 0.020833
0 0.206988 0.144367 0.007552 0.020833
0 0.206988 0.144367 0.007552 0.020833
0 0.206988 0.144830 0.007552 0.020833
0 0.206988 0.144830 0.007552 0.020833
0 0.206988 0.145293 0.007552 0.020833
0 0.207248 0.145293 0.007552 0.020833
0 0.207248 0.145756 0.007552 0.020833
0 0.207248 0.145756 0.007552 0.020833
0 0.207248 0.146065 0.007552 0.020833
0 0.207248 0.146065 0.007552 0.020833
0 0.207509 0.146528 0.007552 0.020833
0 0.207248 0.146759 0.007552 0.021296
0 0.207248 0.147222 0.007552 0.021296
0 0.207248 0.147685 0.007552 0.021296
0 0.207118 0.148302 0.007292 0.021605
0 0.207118 0.148688 0.007292 0.021759
0 0.207118 0.149151 0.007292 0.021759
0 0.207031 0.149769 0.007118 0.022068
0 0.207031 0.150231 0.007118 0.022068
0 0.207031 0.150694 0.007118 0.022068
0 0.207031 0.151312 0.007118 0.022685
0 0.206771 0.151698 0.007118 0.022531
0 0.206771 0.152160 0.007118 0.022531
0 0.206641 0.152855 0.006858 0.022068
0 0.206641 0.153549 0.006858 0.022531
0 0.206510 0.154167 0.006597 0.022222
0 0.206380 0.154552 0.006858 0.022068
0 0.206250 0.155247 0.006597 0.022531
0 0.206250 0.155864 0.006597 0.022222
0 0.206120 0.156327 0.006337 0.022222
0 0.206120 0.157176 0.006337 0.022068
0 0.205946 0.157639 0.006337 0.022068
0 0.205946 0.158256 0.006337 0.022685
0 0.205686 0.158642 0.006337 0.022531
0 0.205686 0.159568 0.006337 0.022531
0 0.205556 0.160031 0.006597 0.022531
0 0.205425 0.160725 0.006337 0.022994
0 0.205295 0.161265 0.006597 0.022531
0 0.205165 0.161960 0.006337 0.022994
0 0.205035 0.162423 0.006597 0.022994
0 0.205035 0.163194 0.006597 0.022994
0 0.203819 0.163426 0.006597 0.023457
0 0.202604 0.163889 0.006597 0.023457
0 0.201519 0.164352 0.006337 0.023457
0 0.200434 0.164583 0.006597 0.023920
0 0.199349 0.165201 0.006337 0.024228
0 0.198134 0.165664 0.006337 0.024228
0 0.197005 0.165895 0.006510 0.024691
0 0.195877 0.166281 0.006337 0.024846
0 0.194661 0.166667 0.006337 0.024691
0 0.193707 0.167361 0.006337 0.025154
0 0.192752 0.167824 0.006337 0.025154
0 0.191970 0.168287 0.006337 0.025154
0 0.191016 0.168750 0.006337 0.025154
0 0.190321 0.169522 0.006337 0.025154
0 0.189280 0.169985 0.006337 0.025154
0 0.188585 0.170448 0.006337 0.025154
0 0.187630 0.171219 0.006337 0.025154
0 0.186849 0.171682 0.006337 0.025154
0 0.185894 0.172145 0.006337 0.025154
0 0.185200 0.173071 0.006337 0.025154
0 0.184679 0.173380 0.006337 0.025154
0 0.184158 0.174306 0.006337 0.025154
0 0.183724 0.175000 0.006337 0.024691
0 0.183203 0.175849 0.006337 0.024846
0 0.182726 0.176698 0.006424 0.024691
0 0.182248 0.177392 0.006337 0.024228
0 0.181727 0.178241 0.006337 0.024383
0 0.181293 0.178858 0.006337 0.023765
0 0.180773 0.179707 0.006337 0.023920
0 0.180382 0.180633 0.006076 0.023920
0 0.180165 0.181019 0.006163 0.023765
0 0.179948 0.181867 0.006076 0.023920
0 0.179688 0.182793 0.006076 0.023920
0 0.179688 0.183642 0.006076 0.023765
0 0.179427 0.184491 0.006076 0.023920
0 0.179167 0.184954 0.006076 0.023920
0 0.179167 0.185802 0.006076 0.023765
0 0.178950 0.186651 0.006163 0.023920
0 0.178733 0.187577 0.006076 0.023920
0 0.178733 0.188426 0.006076 0.023765
0 0.178472 0.189275 0.006076 0.023920
0 0.178212 0.190123 0.006076 0.023765
0 0.177951 0.190972 0.006076 0.023920
0 0.177734 0.192130 0.006163 0.024383
0 0.177474 0.192978 0.006163 0.024228
0 0.177257 0.193827 0.006076 0.024383
0 0.176997 0.194907 0.006076 0.024691
0 0.176736 0.195833 0.006076 0.024691
0 0.176476 0.196605 0.006076 0.024691
0 0.176389 0.197762 0.005903 0.025154
0 0.176042 0.198457 0.006076 0.025617
0 0.175781 0.199228 0.006076 0.025617
0 0.175391 0.200154 0.006337 0.025617
0 0.175130 0.201003 0.006337 0.025463
0 0.174957 0.201852 0.006337 0.025617
0 0.174566 0.202778 0.006597 0.025617
0 0.174306 0.203549 0.006597 0.025617
0 0.173915 0.204475 0.006858 0.025617
0 0.173698 0.205324 0.006771 0.025463
0 0.173481 0.206404 0.006858 0.026080
0 0.173220 0.207330 0.006858 0.026080
0 0.172960 0.208565 0.006858 0.026080
0 0.172700 0.209877 0.006858 0.025926
0 0.172483 0.211188 0.006771 0.026080
0 0.172266 0.212500 0.006858 0.025926
0 0.172005 0.213349 0.006858 0.026080
0 0.171745 0.214660 0.006858 0.025926
0 0.171484 0.215972 0.006858 0.026080
0 0.171267 0.217284 0.006771 0.025926
0 0.171267 0.218596 0.006771 0.026080
0 0.171007 0.219444 0.006771 0.025926
0 0.170790 0.220756 0.006858 0.026080
0 0.170530 0.221605 0.006858 0.025926
0 0.170269 0.222917 0.006858 0.026080
0 0.170269 0.223765 0.006858 0.025926
0 0.170052 0.225077 0.006771 0.026080
0 0.169792 0.225926 0.006771 0.025926
0 0.169575 0.227238 0.006858 0.026080
0 0.169314 0.228086 0.006858 0.025926
0 0.169314 0.229398 0.006858 0.026080
0 0.168793 0.230324 0.006858 0.026080
0 0.168576 0.231559 0.006771 0.026080
0 0.168359 0.232870 0.006858 0.025926
0 0.168099 0.234182 0.006858 0.026080
0 0.167839 0.235494 0.006858 0.025926
0 0.167578 0.236806 0.006858 0.026080
0 0.167361 0.238040 0.006771 0.026080
0 0.167101 0.239429 0.006771 0.026080
0 0.166884 0.240664 0.006858 0.026080
0 0.166623 0.241975 0.006858 0.025926
0 0.166146 0.242824 0.006771 0.026080
0 0.165668 0.244136 0.006858 0.025926
0 0.165148 0.245448 0.006858 0.026080
0 0.164670 0.246759 0.006771 0.025926
0 0.164193 0.248071 0.006858 0.026080
0 0.163672 0.248920 0.006858 0.025926
0 0.163238 0.250231 0.006858 0.026080
0 0.162717 0.251543 0.006858 0.025926
0 0.162240 0.252855 0.006771 0.026080
0 0.161762 0.254090 0.006858 0.026080
0 0.161241 0.255015 0.006858 0.026080
0 0.160764 0.255864 0.006771 0.025926
0 0.160286 0.256713 0.006858 0.026080
0 0.159766 0.257639 0.006858 0.026080
0 0.159332 0.258488 0.006858 0.025926
0 0.159071 0.259799 0.006858 0.026080
0 0.158550 0.260648 0.006858 0.025926
0 0.158073 0.261497 0.006771 0.026080
0 0.157595 0.262423 0.006858 0.026080
0 0.157118 0.263272 0.006771 0.025926
