0 0.071571 0.111420 0.005642 0.022531
0 0.071311 0.110957 0.005642 0.022531
0 0.071181 0.110957 0.005382 0.022531
0 0.070964 0.110957 0.005295 0.022531
0 0.070877 0.110725 0.005122 0.022068
0 0.070616 0.110725 0.005122 0.022068
0 0.070486 0.110494 0.004861 0.022531
0 0.070226 0.110340 0.004861 0.022222
0 0.070095 0.110340 0.004601 0.022222
0 0.069878 0.110340 0.004687 0.022222
0 0.069748 0.110340 0.004427 0.022222
0 0.070009 0.109491 0.004427 0.022068
0 0.070226 0.108565 0.004340 0.022068
0 0.070486 0.107716 0.004340 0.022222
0 0.070703 0.106867 0.004427 0.022068
0 0.071224 0.106404 0.004427 0.022068
0 0.071441 0.105556 0.004340 0.022222
0 0.071701 0.104707 0.004340 0.022068
0 0.071918 0.103781 0.004427 0.022068
0 0.072179 0.102932 0.004427 0.022222
0 0.072700 0.102546 0.004427 0.022068
0 0.073177 0.101466 0.004340 0.021759
0 0.073785 0.100309 0.004687 0.021296
0 0.074392 0.099306 0.004340 0.020833
0 0.075000 0.098380 0.004687 0.020833
0 0.075608 0.097531 0.004340 0.020062
0 0.076215 0.096451 0.004687 0.019444
0 0.076693 0.095602 0.004601 0.019599
0 0.077431 0.094444 0.004687 0.019136
0 0.077908 0.093441 0.004601 0.018673
0 0.078646 0.092747 0.004687 0.018210
0 0.079384 0.091512 0.004601 0.018210
0 0.080208 0.090123 0.004861 0.018210
0 0.081076 0.088889 0.004687 0.018210
0 0.081944 0.087731 0.004861 0.017747
0 0.082899 0.086728 0.004861 0.018210
0 0.083681 0.085340 0.004861 0.018210
0 0.084505 0.084336 0.005122 0.017747
0 0.085373 0.082948 0.004948 0.017747
0 0.086241 0.081713 0.005122 0.017747
0 0.087196 0.080787 0.005122 0.017747
0 0.088151 0.079552 0.005122 0.017747
0 0.089106 0.078241 0.005122 0.017901
0 0.090148 0.077392 0.005122 0.017747
0 0.091102 0.076003 0.005122 0.017747
0 0.092057 0.075231 0.005122 0.017747
0 0.093012 0.073843 0.005122 0.017747
0 0.094054 0.072608 0.005122 0.017747
0 0.095009 0.071682 0.005122 0.017747
0 0.095964 0.070448 0.005122 0.017747
0 0.097179 0.069522 0.005122 0.017747
0 0.097960 0.068287 0.005122 0.017747
0 0.098915 0.066898 0.005122 0.017747
0 0.099870 0.066127 0.005122 0.017747
0 0.100651 0.064738 0.005122 0.017747
0 0.101606 0.063966 0.005122 0.017747
0 0.102561 0.062577 0.005122 0.017747
0 0.103299 0.061343 0.005208 0.017747
0 0.104297 0.060417 0.005122 0.017747
0 0.105252 0.059182 0.005122 0.017747
0 0.106207 0.058256 0.005122 0.017747
0 0.107075 0.056944 0.004948 0.016975
0 0.108073 0.055941 0.004861 0.016512
0 0.108898 0.054784 0.004601 0.016049
0 0.110026 0.053704 0.004427 0.015741
0 0.110981 0.052623 0.004427 0.015123
0 0.111849 0.051543 0.004080 0.014815
0 0.112977 0.050463 0.003906 0.014198
0 0.113802 0.049383 0.003646 0.013889
0 0.114757 0.048302 0.003646 0.013580
0 0.115842 0.047222 0.003385 0.012963
0 0.116753 0.045910 0.003646 0.013117
0 0.117578 0.045062 0.003906 0.012963
0 0.118533 0.044136 0.003906 0.012963
0 0.119401 0.043287 0.004080 0.013117
0 0.120399 0.042438 0.004167 0.012963
0 0.121224 0.041358 0.004427 0.012654
0 0.122092 0.040509 0.004601 0.012500
0 0.123047 0.039583 0.004601 0.012500
0 0.123915 0.038735 0.004948 0.012654
0 0.125043 0.037886 0.005122 0.012500
0 0.125608 0.037037 0.004861 0.012654
0 0.126476 0.036111 0.004687 0.012654
0 0.127214 0.035262 0.004080 0.012500
0 0.127951 0.034414 0.004167 0.012654
0 0.128776 0.033719 0.003906 0.012191
0 0.129557 0.032948 0.003385 0.012191
0 0.130252 0.032022 0.003385 0.012191
0 0.130990 0.031173 0.002951 0.012037
0 0.131814 0.030324 0.002691 0.012191
0 0.132726 0.029630 0.002431 0.011728
0 0.133290 0.028704 0.002691 0.011728
0 0.134071 0.027932 0.002691 0.011728
0 0.134766 0.027238 0.002691 0.012191
0 0.135547 0.026389 0.002691 0.012037
0 0.136241 0.026003 0.002691 0.012191
0 0.136849 0.025077 0.002865 0.012191
0 0.137587 0.024228 0.002951 0.012037
0 0.138325 0.023534 0.002865 0.012500
0 0.139062 0.022685 0.002951 0.012654
0 0.139887 0.022299 0.003212 0.012500
0 0.140408 0.021836 0.003212 0.012500
0 0.141102 0.021373 0.003212 0.012500
0 0.141840 0.020988 0.003125 0.012654
0 0.142578 0.020525 0.003212 0.012654
0 0.143316 0.020525 0.003125 0.012654
0 0.143793 0.020062 0.003212 0.012654
0 0.144531 0.019676 0.003125 0.012500
0 0.145269 0.019213 0.003212 0.012500
0 0.146007 0.018827 0.003125 0.012654
0 0.146745 0.018827 0.003212 0.012654
0 0.147222 0.018133 0.003125 0.012191
0 0.147700 0.017670 0.003212 0.012191
0 0.148220 0.017052 0.003212 0.011574
0 0.148785 0.016667 0.002951 0.011728
0 0.149306 0.015972 0.002951 0.011265
0 0.149783 0.015509 0.002865 0.011265
0 0.150391 0.014892 0.002691 0.010957
0 0.150911 0.014506 0.002691 0.010802
0 0.151345 0.013812 0.002691 0.010340
0 0.152127 0.013580 0.002691 0.009877
0 0.152387 0.013194 0.002691 0.010031
0 0.152821 0.013194 0.002691 0.010031
0 0.153342 0.012731 0.002691 0.010031
0 0.153776 0.012731 0.002691 0.010031
0 0.154297 0.012731 0.002691 0.010031
0 0.154818 0.012269 0.002691 0.010031
0 0.155252 0.012269 0.002691 0.010031
0 0.155773 0.011806 0.002691 0.010031
0 0.156250 0.011806 0.002604 0.010031
0 0.156727 0.011806 0.002691 0.010031
0 0.156988 0.011420 0.002691 0.009877
0 0.157509 0.011034 0.002691 0.010031
0 0.157943 0.010571 0.002691 0.010031
0 0.158203 0.010108 0.002691 0.010031
0 0.158724 0.010108 0.002691 0.010031
0 0.159158 0.009645 0.002691 0.010031
0 0.159418 0.009259 0.002691 0.009877
0 0.159939 0.008796 0.002691 0.009877
0 0.160373 0.008410 0.002691 0.010031
0 0.160894 0.008410 0.002691 0.010031
0 0.161155 0.007948 0.002691 0.010031
0 0.161415 0.007485 0.002691 0.010031
0 0.161589 0.007099 0.002691 0.009877
0 0.161849 0.006636 0.002691 0.009877
0 0.162109 0.006636 0.002691 0.009877
0 0.162370 0.006250 0.002691 0.010031
0 0.162630 0.005787 0.002691 0.010031
0 0.162804 0.005324 0.002691 0.010031
0 0.163064 0.004938 0.002691 0.009877
0 0.163585 0.004938 0.002691 0.009877
0 0.163845 0.004707 0.002691 0.009414
0 0.164062 0.004707 0.002604 0.009414
0 0.164280 0.004707 0.002691 0.009414
0 0.164540 0.004707 0.002691 0.009414
0 0.164800 0.004707 0.002691 0.009414
0 0.165061 0.004552 0.002691 0.009105
0 0.165321 0.004552 0.002691 0.009105
0 0.165495 0.004552 0.002691 0.009105
0 0.165755 0.004552 0.002691 0.009105
0 0.166016 0.004552 0.002691 0.009105
0 0.166016 0.004552 0.002691 0.009105
0 0.166276 0.004552 0.002691 0.009105
0 0.166536 0.004707 0.002691 0.009414
0 0.166623 0.004707 0.002517 0.009414
0 0.166840 0.004938 0.002431 0.009877
0 0.166970 0.004938 0.002691 0.009877
0 0.167101 0.004938 0.002431 0.009877
0 0.167361 0.005170 0.002431 0.010340
0 0.167622 0.005170 0.002431 0.010340
0 0.167882 0.005401 0.002431 0.010802
0 0.167882 0.005401 0.002431 0.010802
0 0.168056 0.005401 0.002431 0.010802
0 0.168316 0.005633 0.002431 0.011265
0 0.168446 0.005633 0.002170 0.011265
0 0.168707 0.005787 0.002170 0.011574
0 0.168837 0.005787 0.002431 0.011574
0 0.168967 0.005787 0.002170 0.011574
0 0.169184 0.006019 0.002257 0.012037
0 0.169401 0.006019 0.002170 0.012037
0 0.169661 0.006250 0.002170 0.012500
