0 0.229340 0.065432 0.004340 0.011420
0 0.229340 0.065432 0.004340 0.011420
0 0.229340 0.065432 0.004340 0.011420
0 0.229557 0.065432 0.004427 0.011420
0 0.229557 0.065432 0.004427 0.011420
0 0.229818 0.065432 0.004427 0.011420
0 0.229818 0.065432 0.004427 0.011420
0 0.229818 0.065432 0.004427 0.011420
0 0.230078 0.065432 0.004427 0.011420
0 0.230078 0.065432 0.004427 0.011420
0 0.230339 0.065818 0.004427 0.011265
0 0.230339 0.065818 0.004427 0.011265
0 0.230339 0.065818 0.004427 0.011265
0 0.230339 0.065818 0.004427 0.011265
0 0.230339 0.065818 0.004427 0.011265
0 0.230339 0.065818 0.004427 0.011265
0 0.230339 0.065818 0.004427 0.011265
0 0.230339 0.065818 0.004427 0.011265
0 0.230339 0.065818 0.004427 0.011265
0 0.230339 0.065818 0.004427 0.011265
0 0.230556 0.065818 0.004340 0.011265
0 0.230556 0.065432 0.004340 0.011420
0 0.230556 0.065432 0.004340 0.011420
0 0.230556 0.065432 0.004340 0.011420
0 0.230556 0.065432 0.004340 0.011420
0 0.230556 0.065432 0.004340 0.011420
0 0.230556 0.065201 0.004340 0.010957
0 0.230556 0.065201 0.004340 0.010957
0 0.230556 0.065201 0.004340 0.010957
0 0.230556 0.065201 0.004340 0.010957
0 0.230556 0.065201 0.004340 0.010957
0 0.230556 0.064969 0.004340 0.010494
0 0.230556 0.064969 0.004340 0.010494
0 0.230556 0.064969 0.004340 0.010494
0 0.230556 0.064969 0.004340 0.010494
0 0.230556 0.064969 0.004340 0.010494
0 0.230556 0.064738 0.004340 0.010031
0 0.230556 0.064738 0.004340 0.010031
0 0.230556 0.064738 0.004340 0.010031
0 0.230556 0.064738 0.004340 0.010031
0 0.230556 0.064738 0.004340 0.010031
0 0.230556 0.064583 0.004340 0.010340
0 0.230556 0.064583 0.004340 0.010340
0 0.230556 0.064583 0.004340 0.010340
0 0.230556 0.064583 0.004340 0.010340
0 0.230556 0.064815 0.004340 0.010802
0 0.230556 0.064815 0.004340 0.010802
0 0.230556 0.064815 0.004340 0.010802
0 0.230556 0.064815 0.004340 0.010802
0 0.230556 0.064815 0.004340 0.010802
0 0.230556 0.065046 0.004340 0.011265
0 0.230556 0.065046 0.004340 0.011265
0 0.230556 0.065046 0.004340 0.011265
0 0.230556 0.065046 0.004340 0.011265
0 0.230556 0.065046 0.004340 0.011265
0 0.230556 0.065046 0.004340 0.011265
0 0.230556 0.065046 0.004340 0.011265
0 0.230556 0.065046 0.004340 0.011265
0 0.230556 0.065046 0.004340 0.011265
0 0.230556 0.065046 0.004340 0.011265
0 0.230556 0.065046 0.004340 0.011265
0 0.230556 0.065046 0.004340 0.011265
0 0.230556 0.065046 0.004340 0.011265
0 0.230556 0.065046 0.004340 0.011265
0 0.230556 0.065046 0.004340 0.011265
0 0.230556 0.065046 0.004340 0.011265
0 0.230556 0.065046 0.004340 0.011265
0 0.230556 0.065046 0.004340 0.011265
0 0.230556 0.065046 0.004340 0.011265
0 0.230556 0.065046 0.004340 0.011265
0 0.230556 0.065046 0.004340 0.011265
0 0.230556 0.064583 0.004340 0.011265
0 0.230556 0.064583 0.004340 0.011265
0 0.230556 0.064583 0.004340 0.011265
0 0.230556 0.064583 0.004340 0.011265
0 0.230556 0.064583 0.004340 0.011265
0 0.230556 0.064583 0.004340 0.011265
0 0.230556 0.064583 0.004340 0.011265
0 0.230556 0.064583 0.004340 0.011265
0 0.230556 0.064583 0.004340 0.011265
0 0.230816 0.064583 0.004340 0.011265
0 0.230686 0.064583 0.004080 0.011265
0 0.230686 0.064583 0.004080 0.011265
0 0.230686 0.064583 0.004080 0.011265
0 0.230686 0.064583 0.004080 0.011265
0 0.230686 0.064583 0.004080 0.011265
0 0.230599 0.064583 0.003906 0.011265
0 0.230599 0.064583 0.003906 0.011265
0 0.230599 0.064583 0.003906 0.011265
0 0.230599 0.064583 0.003906 0.011265
0 0.230599 0.064583 0.003906 0.011265
0 0.230599 0.064583 0.003906 0.011265
0 0.230599 0.064583 0.003906 0.011265
0 0.230599 0.064583 0.003906 0.011265
0 0.230599 0.064583 0.003906 0.011265
0 0.230599 0.064583 0.003906 0.011265
0 0.230599 0.064583 0.003906 0.011265
0 0.230599 0.064583 0.003906 0.011265
0 0.230599 0.064583 0.003906 0.011265
0 0.230599 0.064583 0.003906 0.011265
0 0.230599 0.064583 0.003906 0.011265
0 0.230599 0.064583 0.003906 0.011265
0 0.230599 0.064583 0.003906 0.011265
0 0.230599 0.064583 0.003906 0.011265
0 0.230599 0.064583 0.003906 0.011265
0 0.230686 0.064583 0.004080 0.011265
0 0.230686 0.064583 0.004080 0.011265
0 0.230686 0.064583 0.004080 0.011265
0 0.230686 0.064583 0.004080 0.011265
0 0.230686 0.064583 0.004080 0.011265
0 0.230816 0.064583 0.004340 0.011265
0 0.230816 0.064120 0.004340 0.011265
0 0.230816 0.064120 0.004340 0.011265
0 0.230816 0.064120 0.004340 0.011265
0 0.230816 0.064120 0.004340 0.011265
0 0.230816 0.064120 0.004340 0.011265
0 0.230816 0.064120 0.004340 0.011265
0 0.230816 0.064120 0.004340 0.011265
0 0.230816 0.064120 0.004340 0.011265
0 0.230816 0.064120 0.004340 0.011265
0 0.230816 0.064120 0.004340 0.011265
0 0.230816 0.063657 0.004340 0.011265
0 0.230816 0.063657 0.004340 0.011265
0 0.230816 0.063657 0.004340 0.011265
0 0.230816 0.063657 0.004340 0.011265
0 0.230816 0.063657 0.004340 0.011265
0 0.230816 0.063657 0.004340 0.011265
0 0.230816 0.063657 0.004340 0.011265
0 0.230816 0.063657 0.004340 0.011265
0 0.230816 0.063657 0.004340 0.011265
0 0.230816 0.063657 0.004340 0.011265
0 0.230816 0.063657 0.004340 0.011265
0 0.230816 0.063657 0.004340 0.011265
0 0.230816 0.063657 0.004340 0.011265
0 0.230816 0.063657 0.004340 0.011265
0 0.230816 0.063657 0.004340 0.011265
0 0.230816 0.063657 0.004340 0.011265
0 0.230816 0.063657 0.004340 0.011265
0 0.230816 0.063657 0.004340 0.011265
0 0.230816 0.063657 0.004340 0.011265
0 0.230816 0.063657 0.004340 0.011265
0 0.230816 0.063657 0.004340 0.011265
0 0.230816 0.063657 0.004340 0.011265
0 0.230816 0.063657 0.004340 0.011265
0 0.230816 0.063657 0.004340 0.011265
0 0.230816 0.063657 0.004340 0.011265
0 0.230816 0.063657 0.004340 0.011265
0 0.230816 0.063657 0.004340 0.011265
0 0.230816 0.063657 0.004340 0.011265
0 0.230816 0.063657 0.004340 0.011265
0 0.230816 0.063657 0.004340 0.011265
0 0.230816 0.063426 0.004340 0.010802
0 0.230816 0.063426 0.004340 0.010802
0 0.230816 0.063426 0.004340 0.010802
0 0.230816 0.063426 0.004340 0.010802
0 0.230816 0.063426 0.004340 0.010802
0 0.230816 0.063426 0.004340 0.010802
0 0.230816 0.063426 0.004340 0.010802
0 0.230816 0.063426 0.004340 0.010802
0 0.230816 0.063426 0.004340 0.010802
0 0.230816 0.063426 0.004340 0.010802
0 0.230556 0.063426 0.004340 0.010802
0 0.230339 0.063426 0.004427 0.010802
0 0.230339 0.063426 0.004427 0.010802
0 0.230078 0.063889 0.004427 0.010802
0 0.230078 0.063889 0.004427 0.010802
0 0.229818 0.063889 0.004427 0.010802
0 0.229557 0.064352 0.004427 0.010802
0 0.229557 0.064352 0.004427 0.010802
0 0.229340 0.064352 0.004340 0.010802
0 0.229340 0.064815 0.004340 0.010802
0 0.229340 0.064815 0.004340 0.010802
0 0.229340 0.064815 0.004340 0.010802
0 0.229340 0.064815 0.004340 0.010802
0 0.229340 0.064815 0.004340 0.010802
0 0.229340 0.064815 0.004340 0.010802
0 0.229340 0.064815 0.004340 0.010802
0 0.229340 0.064815 0.004340 0.010802
0 0.229340 0.064815 0.004340 0.010802
0 0.229340 0.064815 0.004340 0.010802
0 0.229340 0.065046 0.004340 0.011265
