0 0.002648 0.207870 0.005295 0.020370
0 0.002431 0.187114 0.004861 0.018673
0 0.002170 0.166281 0.004340 0.016821
0 0.001910 0.145679 0.003819 0.014815
0 0.001693 0.124846 0.003385 0.012963
0 0.001562 0.104244 0.003125 0.010957
0 0.001302 0.083410 0.002604 0.009105
0 0.001085 0.062654 0.002170 0.007407
0 0.000825 0.041975 0.001649 0.005247
0 0.000608 0.021142 0.001215 0.003395
0 0.000477 0.000849 0.000955 0.001698
0 0.000477 0.000849 0.000955 0.001698
0 0.000477 0.000849 0.000955 0.001698
0 0.000477 0.000849 0.000955 0.001698
0 0.000477 0.000849 0.000955 0.001698
0 0.000477 0.000849 0.000955 0.001698
0 0.000477 0.000849 0.000955 0.001698
0 0.000477 0.000849 0.000955 0.001698
0 0.000477 0.000849 0.000955 0.001698
0 0.000477 0.000849 0.000955 0.001698
0 0.000477 0.000849 0.000955 0.001698
0 0.000477 0.000849 0.000955 0.001698
0 0.000477 0.000849 0.000955 0.001698
0 0.000477 0.000849 0.000955 0.001698
0 0.000477 0.000849 0.000955 0.001698
0 0.000477 0.000849 0.000955 0.001698
0 0.000477 0.000849 0.000955 0.001698
0 0.000477 0.000849 0.000955 0.001698
0 0.000477 0.000849 0.000955 0.001698
0 0.000477 0.000849 0.000955 0.001698
0 0.000477 0.000849 0.000955 0.001698
0 0.000477 0.000849 0.000955 0.001698
0 0.000477 0.000849 0.000955 0.001698
0 0.000477 0.000849 0.000955 0.001698
0 0.000477 0.000849 0.000955 0.001698
0 0.000477 0.000849 0.000955 0.001698
0 0.000477 0.000849 0.000955 0.001698
0 0.000477 0.000849 0.000955 0.001698
0 0.000477 0.000849 0.000955 0.001698
0 0.000477 0.000849 0.000955 0.001698
0 0.000477 0.000849 0.000955 0.001698
0 0.000477 0.000849 0.000955 0.001698
0 0.000477 0.000849 0.000955 0.001698
0 0.000477 0.000849 0.000955 0.001698
0 0.000477 0.000849 0.000955 0.001698
0 0.000477 0.000849 0.000955 0.001698
0 0.000477 0.000849 0.000955 0.001698
0 0.000477 0.000849 0.000955 0.001698
0 0.000477 0.000849 0.000955 0.001698
0 0.000477 0.000849 0.000955 0.001698
0 0.000477 0.000849 0.000955 0.001698
0 0.000477 0.000849 0.000955 0.001698
0 0.000477 0.000849 0.000955 0.001698
0 0.000477 0.000849 0.000955 0.001698
0 0.000477 0.000849 0.000955 0.001698
0 0.000477 0.000849 0.000955 0.001698
0 0.000477 0.000849 0.000955 0.001698
0 0.000477 0.000849 0.000955 0.001698
0 0.000477 0.000849 0.000955 0.001698
0 0.000477 0.000849 0.000955 0.001698
0 0.000477 0.000849 0.000955 0.001698
0 0.000477 0.000849 0.000955 0.001698
0 0.000477 0.000849 0.000955 0.001698
0 0.000477 0.000849 0.000955 0.001698
0 0.000477 0.000849 0.000955 0.001698
0 0.000477 0.000849 0.000955 0.001698
0 0.000477 0.000849 0.000955 0.001698
0 0.000477 0.000849 0.000955 0.001698
0 0.000477 0.000849 0.000955 0.001698
0 0.000477 0.000849 0.000955 0.001698
0 0.000477 0.000849 0.000955 0.001698
0 0.000477 0.000849 0.000955 0.001698
0 0.000477 0.000849 0.000955 0.001698
0 0.000477 0.000849 0.000955 0.001698
0 0.000477 0.000849 0.000955 0.001698
0 0.000477 0.000849 0.000955 0.001698
0 0.000477 0.000849 0.000955 0.001698
0 0.000477 0.000849 0.000955 0.001698
0 0.000477 0.000849 0.000955 0.001698
0 0.000477 0.000849 0.000955 0.001698
0 0.000477 0.000849 0.000955 0.001698
0 0.000477 0.000849 0.000955 0.001698
0 0.000477 0.000849 0.000955 0.001698
0 0.000477 0.000849 0.000955 0.001698
0 0.000477 0.000849 0.000955 0.001698
0 0.000477 0.000849 0.000955 0.001698
0 0.000477 0.000849 0.000955 0.001698
0 0.000477 0.000849 0.000955 0.001698
0 0.000477 0.000849 0.000955 0.001698
0 0.000477 0.000849 0.000955 0.001698
0 0.000477 0.000849 0.000955 0.001698
0 0.000477 0.000849 0.000955 0.001698
0 0.000477 0.000849 0.000955 0.001698
0 0.000477 0.000849 0.000955 0.001698
0 0.000477 0.000849 0.000955 0.001698
0 0.000477 0.000849 0.000955 0.001698
0 0.000477 0.000849 0.000955 0.001698
0 0.000477 0.000849 0.000955 0.001698
0 0.000477 0.000849 0.000955 0.001698
0 0.000477 0.000849 0.000955 0.001698
0 0.000477 0.000849 0.000955 0.001698
0 0.000477 0.000849 0.000955 0.001698
0 0.000477 0.000849 0.000955 0.001698
0 0.000477 0.000849 0.000955 0.001698
0 0.000477 0.000849 0.000955 0.001698
0 0.000477 0.000849 0.000955 0.001698
0 0.000477 0.000849 0.000955 0.001698
0 0.000477 0.000849 0.000955 0.001698
0 0.000477 0.000849 0.000955 0.001698
0 0.000477 0.000849 0.000955 0.001698
0 0.000477 0.000849 0.000955 0.001698
0 0.000477 0.000849 0.000955 0.001698
0 0.000477 0.000849 0.000955 0.001698
0 0.000477 0.000849 0.000955 0.001698
0 0.000477 0.000849 0.000955 0.001698
0 0.000477 0.000849 0.000955 0.001698
0 0.000477 0.000849 0.000955 0.001698
0 0.000477 0.000849 0.000955 0.001698
0 0.000477 0.000849 0.000955 0.001698
0 0.000477 0.000849 0.000955 0.001698
0 0.000477 0.000849 0.000955 0.001698
0 0.000477 0.000849 0.000955 0.001698
0 0.000477 0.000849 0.000955 0.001698
0 0.000477 0.000849 0.000955 0.001698
0 0.000477 0.000849 0.000955 0.001698
0 0.000477 0.000849 0.000955 0.001698
0 0.000477 0.000849 0.000955 0.001698
0 0.000477 0.000849 0.000955 0.001698
0 0.000477 0.000849 0.000955 0.001698
0 0.000477 0.000849 0.000955 0.001698
0 0.000477 0.000849 0.000955 0.001698
0 0.000608 0.021142 0.001215 0.003395
0 0.000825 0.041975 0.001649 0.005247
0 0.001085 0.062654 0.002170 0.007407
0 0.001302 0.083410 0.002604 0.009105
0 0.001562 0.104244 0.003125 0.010957
0 0.001693 0.124846 0.003385 0.012963
0 0.001910 0.145679 0.003819 0.014815
0 0.002170 0.166281 0.004340 0.016821
0 0.002431 0.187114 0.004861 0.018673
0 0.002648 0.207870 0.005295 0.020370
0 0.004861 0.203549 0.007292 0.021296
0 0.007118 0.199537 0.009028 0.022531
0 0.009462 0.195139 0.010764 0.023302
0 0.011806 0.191204 0.012500 0.024383
0 0.014106 0.186960 0.014149 0.025154
0 0.016450 0.182793 0.015885 0.026389
0 0.018750 0.178704 0.017535 0.026852
0 0.021094 0.174537 0.019271 0.028086
0 0.023351 0.170216 0.021007 0.029012
0 0.025825 0.166358 0.023003 0.029938
0 0.027257 0.164738 0.022917 0.030401
0 0.028993 0.163426 0.022917 0.031173
0 0.030469 0.162191 0.022917 0.032099
0 0.032161 0.160802 0.023003 0.032099
0 0.033767 0.159568 0.022743 0.033025
0 0.035330 0.158256 0.022917 0.033796
0 0.036936 0.156944 0.022656 0.033951
0 0.038542 0.155633 0.022917 0.034722
0 0.040104 0.154398 0.022743 0.035648
0 0.041797 0.153318 0.022656 0.035957
0 0.042535 0.152392 0.022743 0.035957
0 0.043533 0.151929 0.022656 0.035957
0 0.044488 0.151157 0.022656 0.035957
0 0.045226 0.150694 0.022743 0.035957
0 0.046181 0.150000 0.022743 0.036420
0 0.047179 0.149383 0.022656 0.036111
0 0.047917 0.148765 0.022743 0.036420
0 0.048872 0.148071 0.022743 0.035957
0 0.049870 0.147377 0.022656 0.036420
0 0.050825 0.146991 0.022656 0.036574
0 0.052040 0.146142 0.022656 0.036420
0 0.053255 0.145679 0.022656 0.036420
0 0.054514 0.144753 0.022743 0.036420
0 0.055729 0.144444 0.022743 0.036420
0 0.056944 0.143519 0.022743 0.036420
0 0.058160 0.143056 0.022743 0.036420
0 0.059375 0.142207 0.022743 0.036574
0 0.060590 0.141821 0.022743 0.036420
0 0.061806 0.140895 0.022743 0.036420
0 0.063021 0.140432 0.022743 0.036420
