0 0.085720 0.190586 0.011024 0.024691
0 0.085720 0.190123 0.011024 0.024691
0 0.085720 0.190123 0.011024 0.024691
0 0.085720 0.190123 0.011024 0.024691
0 0.085720 0.189892 0.011024 0.025154
0 0.085720 0.189892 0.011024 0.025154
0 0.085720 0.189660 0.011024 0.024691
0 0.085720 0.189429 0.011024 0.025154
0 0.085720 0.189429 0.011024 0.025154
0 0.085720 0.189429 0.011024 0.025154
0 0.085720 0.189429 0.011024 0.025154
0 0.085851 0.189120 0.010764 0.025154
0 0.086111 0.188657 0.010764 0.025154
0 0.086241 0.188426 0.010503 0.024691
0 0.086545 0.187963 0.010243 0.024691
0 0.086675 0.187963 0.009983 0.024691
0 0.086936 0.187500 0.009983 0.024691
0 0.087196 0.187114 0.009462 0.024846
0 0.087413 0.186883 0.009549 0.024383
0 0.087543 0.186497 0.009288 0.024228
0 0.087934 0.186497 0.009028 0.024228
0 0.087934 0.186497 0.009028 0.024228
0 0.088064 0.186497 0.009288 0.024228
0 0.088064 0.186497 0.009288 0.024228
0 0.088194 0.186497 0.009549 0.024228
0 0.088194 0.186728 0.009549 0.024691
0 0.088281 0.186728 0.009722 0.024691
0 0.088281 0.186728 0.009722 0.024691
0 0.088411 0.186728 0.009983 0.024691
0 0.088411 0.186728 0.009983 0.024691
0 0.088672 0.186960 0.009983 0.025154
0 0.088411 0.186497 0.009983 0.025154
0 0.088411 0.186497 0.009983 0.025154
0 0.088411 0.186497 0.009983 0.025154
0 0.088151 0.186497 0.009983 0.025154
0 0.088151 0.186497 0.009983 0.025154
0 0.088151 0.186497 0.009983 0.025154
0 0.087934 0.186497 0.010069 0.025154
0 0.087934 0.186497 0.010069 0.025154
0 0.087934 0.186497 0.010069 0.025154
0 0.087934 0.186497 0.010069 0.025154
0 0.087934 0.186497 0.010069 0.025154
0 0.087934 0.186497 0.010069 0.025154
0 0.087934 0.186497 0.010069 0.025154
0 0.087934 0.186497 0.010069 0.025154
0 0.087934 0.186497 0.010069 0.025154
0 0.087934 0.186497 0.010069 0.025154
0 0.087934 0.186497 0.010069 0.025154
0 0.087934 0.186497 0.010069 0.025154
0 0.087934 0.186497 0.010069 0.025154
0 0.087934 0.186497 0.010069 0.025154
0 0.087674 0.186034 0.010069 0.025154
0 0.087543 0.186034 0.009809 0.025154
0 0.087413 0.185802 0.009549 0.025617
0 0.087283 0.185571 0.009288 0.025154
0 0.087153 0.185571 0.009028 0.025154
0 0.086979 0.185340 0.009028 0.025617
0 0.086849 0.185108 0.008767 0.025154
0 0.086719 0.184954 0.008507 0.025463
0 0.086589 0.184954 0.008247 0.025463
0 0.086458 0.184954 0.007986 0.025463
0 0.086328 0.184568 0.008247 0.025617
0 0.086328 0.184105 0.008247 0.025617
0 0.086328 0.183873 0.008247 0.025154
0 0.086458 0.183642 0.008507 0.025617
0 0.086458 0.183410 0.008507 0.025154
0 0.086458 0.182948 0.008507 0.025154
0 0.086589 0.182716 0.008767 0.025617
0 0.086589 0.182562 0.008767 0.025309
0 0.086589 0.182176 0.008767 0.025154
0 0.086719 0.182176 0.009028 0.025154
0 0.086719 0.181713 0.009028 0.025154
0 0.086719 0.181481 0.009028 0.025617
0 0.086849 0.181481 0.009288 0.025617
0 0.086849 0.181250 0.009288 0.026080
0 0.086936 0.181250 0.009462 0.026080
0 0.086936 0.180787 0.009462 0.026080
0 0.086936 0.180633 0.009462 0.026389
0 0.087066 0.180633 0.009722 0.026389
0 0.087066 0.180401 0.009722 0.026852
0 0.087196 0.180401 0.009983 0.026852
0 0.086806 0.179938 0.009722 0.026852
0 0.086719 0.179938 0.009549 0.026852
0 0.086589 0.179707 0.009288 0.026389
0 0.086328 0.179707 0.009288 0.026389
0 0.086198 0.179707 0.009028 0.026389
0 0.086068 0.179321 0.008767 0.026543
0 0.085851 0.179321 0.008854 0.026543
0 0.085720 0.179090 0.008594 0.026080
0 0.085590 0.179090 0.008333 0.026080
0 0.085460 0.179090 0.008073 0.026080
0 0.084896 0.179090 0.008333 0.026080
0 0.084418 0.179090 0.008767 0.026080
0 0.083767 0.179090 0.009028 0.026080
0 0.083290 0.179090 0.009462 0.026080
0 0.082812 0.179090 0.010069 0.026080
0 0.082205 0.179090 0.010243 0.026080
0 0.081684 0.179090 0.010764 0.026080
0 0.081076 0.179090 0.010937 0.026080
0 0.080642 0.179090 0.011458 0.026080
0 0.080122 0.179321 0.011979 0.025617
0 0.079036 0.179784 0.011719 0.025617
0 0.078168 0.180401 0.011545 0.025926
0 0.077170 0.181019 0.010937 0.026543
0 0.076345 0.181481 0.010677 0.026543
0 0.075477 0.182330 0.010503 0.026389
0 0.074392 0.183025 0.010243 0.026852
0 0.073524 0.183410 0.010069 0.027006
0 0.072569 0.184028 0.009549 0.027315
0 0.071701 0.184722 0.009201 0.027778
0 0.070833 0.185648 0.009028 0.027778
0 0.070399 0.185648 0.009028 0.027778
0 0.070139 0.185648 0.009028 0.027778
0 0.069878 0.186034 0.009028 0.027623
0 0.069618 0.186034 0.009028 0.027623
0 0.069358 0.186420 0.009028 0.027778
0 0.068924 0.186420 0.009028 0.027778
0 0.068663 0.186420 0.009028 0.027778
0 0.068403 0.186883 0.009028 0.027778
0 0.068142 0.186883 0.009028 0.027778
0 0.067882 0.187346 0.009028 0.027778
0 0.067795 0.187346 0.009201 0.027778
0 0.067795 0.187809 0.009722 0.027778
0 0.067665 0.188194 0.009983 0.027623
0 0.067795 0.188349 0.010243 0.027315
0 0.067665 0.188812 0.010503 0.027315
0 0.067665 0.189043 0.011024 0.027778
0 0.067665 0.189275 0.011024 0.027315
0 0.067708 0.189738 0.011458 0.027315
0 0.067578 0.190201 0.011719 0.027315
0 0.067665 0.190586 0.011892 0.027469
0 0.067318 0.190355 0.011719 0.027006
0 0.067187 0.190355 0.011458 0.027006
0 0.067057 0.190355 0.011198 0.027006
0 0.066797 0.190355 0.011198 0.027006
0 0.066710 0.190355 0.011024 0.027006
0 0.066580 0.190355 0.010764 0.027006
0 0.066319 0.190355 0.010764 0.027006
0 0.066189 0.190355 0.010503 0.027006
0 0.066059 0.190355 0.010243 0.027006
0 0.065972 0.190355 0.010069 0.027006
0 0.066059 0.190355 0.010243 0.027006
0 0.066319 0.190355 0.010243 0.027006
0 0.066450 0.190355 0.010503 0.027006
0 0.066840 0.190355 0.010764 0.027006
0 0.066927 0.190818 0.010937 0.027006
0 0.067187 0.190818 0.010937 0.027006
0 0.067448 0.190818 0.011458 0.027006
0 0.067708 0.190818 0.011458 0.027006
0 0.067795 0.190818 0.011632 0.027006
0 0.068142 0.191204 0.011979 0.026852
0 0.068142 0.191204 0.011979 0.026852
0 0.068142 0.191204 0.011979 0.026852
0 0.068142 0.191204 0.011979 0.026852
0 0.068142 0.191204 0.011979 0.026852
0 0.068142 0.191204 0.011979 0.026852
0 0.068142 0.191204 0.011979 0.026852
0 0.068142 0.191204 0.011979 0.026852
0 0.068142 0.191204 0.011979 0.026852
0 0.068142 0.191204 0.011979 0.026852
0 0.068142 0.191204 0.011979 0.026852
0 0.068403 0.191049 0.011979 0.026543
0 0.068793 0.191049 0.011719 0.026543
0 0.069054 0.191049 0.011719 0.026543
0 0.069358 0.191049 0.011458 0.026543
0 0.069618 0.191049 0.011458 0.026543
0 0.070009 0.190818 0.011198 0.026080
0 0.070226 0.190818 0.011285 0.026080
0 0.070616 0.190818 0.011024 0.026080
0 0.070833 0.190818 0.010937 0.026080
0 0.071354 0.190818 0.010937 0.026080
0 0.071354 0.190818 0.010937 0.026080
0 0.071571 0.190818 0.011024 0.026080
0 0.071571 0.190818 0.011024 0.026080
0 0.071832 0.190818 0.011024 0.026080
0 0.071918 0.191049 0.011198 0.026543
0 0.072049 0.191049 0.010937 0.026543
0 0.072179 0.191049 0.011198 0.026543
0 0.072309 0.191049 0.010937 0.026543
0 0.072439 0.191049 0.011198 0.026543
0 0.072700 0.191204 0.011198 0.026852
