0 0.100043 0.118981 0.006337 0.016975
0 0.098785 0.118981 0.006424 0.016975
0 0.097656 0.119444 0.006076 0.016975
0 0.096571 0.119444 0.006337 0.016975
0 0.095486 0.119907 0.006076 0.016975
0 0.094401 0.119907 0.006337 0.016975
0 0.093316 0.120293 0.006076 0.016821
0 0.092101 0.120293 0.006076 0.016821
0 0.091102 0.120756 0.006163 0.016821
0 0.089887 0.120756 0.006163 0.016821
0 0.088889 0.121142 0.006076 0.016975
0 0.087413 0.121142 0.006076 0.016975
0 0.085981 0.121605 0.006163 0.016975
0 0.084505 0.121605 0.006163 0.016975
0 0.083203 0.122068 0.006337 0.016975
0 0.081814 0.122454 0.006163 0.016821
0 0.080382 0.122454 0.006076 0.016821
0 0.079036 0.122917 0.006337 0.016821
0 0.077561 0.122917 0.006337 0.016821
0 0.076085 0.123302 0.006337 0.016975
0 0.074870 0.123765 0.006337 0.016975
0 0.073394 0.124228 0.006337 0.016975
0 0.071918 0.124691 0.006337 0.016975
0 0.070443 0.125540 0.006337 0.016821
0 0.069227 0.125926 0.006337 0.016975
0 0.067795 0.126852 0.006424 0.016975
0 0.066363 0.127238 0.006337 0.016821
0 0.065148 0.127701 0.006337 0.016821
0 0.063672 0.128549 0.006337 0.016975
0 0.062196 0.129012 0.006337 0.016975
0 0.060981 0.129861 0.006337 0.016821
0 0.059245 0.130247 0.006337 0.016975
0 0.057769 0.131173 0.006337 0.016975
0 0.056120 0.132022 0.006337 0.016821
0 0.054644 0.132870 0.006337 0.016975
0 0.053168 0.133796 0.006337 0.016975
0 0.051432 0.134182 0.006337 0.016821
0 0.049957 0.135031 0.006337 0.016975
0 0.048307 0.135957 0.006337 0.016975
0 0.046832 0.136806 0.006337 0.016821
0 0.045356 0.137654 0.006337 0.016975
0 0.043620 0.138117 0.006337 0.016975
0 0.041927 0.138966 0.006424 0.016821
0 0.040495 0.139815 0.006337 0.016975
0 0.038759 0.140741 0.006337 0.016975
0 0.037283 0.141590 0.006337 0.016821
0 0.035547 0.141975 0.006337 0.016975
0 0.033898 0.142901 0.006337 0.016975
0 0.032422 0.143750 0.006337 0.016821
0 0.030686 0.144599 0.006337 0.016975
0 0.029210 0.145448 0.006337 0.016821
0 0.028125 0.146142 0.006597 0.017284
0 0.027170 0.146759 0.007118 0.017901
0 0.026042 0.147377 0.007292 0.018210
0 0.025217 0.148071 0.007552 0.018673
0 0.024262 0.148765 0.008073 0.019136
0 0.023134 0.149383 0.008247 0.019444
0 0.022309 0.150000 0.008507 0.020062
0 0.021181 0.150617 0.008854 0.020370
0 0.020182 0.151312 0.009288 0.020833
0 0.019358 0.152006 0.009549 0.021296
0 0.019097 0.152006 0.009549 0.021296
0 0.018880 0.152006 0.009462 0.021296
0 0.018620 0.152006 0.009462 0.021296
0 0.018403 0.152160 0.009549 0.021605
0 0.018142 0.152392 0.009549 0.021142
0 0.017882 0.152392 0.009549 0.021142
0 0.017622 0.152623 0.009549 0.021605
0 0.017405 0.152623 0.009462 0.021605
0 0.017187 0.152623 0.009549 0.021605
0 0.017187 0.153086 0.009549 0.021605
0 0.016927 0.153086 0.009549 0.021605
0 0.016667 0.153086 0.009549 0.021605
0 0.016667 0.153086 0.009549 0.021605
0 0.016406 0.153086 0.009549 0.021605
0 0.016406 0.153472 0.009549 0.021759
0 0.016189 0.153472 0.009462 0.021759
0 0.015929 0.153472 0.009462 0.021759
0 0.015929 0.153472 0.009462 0.021759
0 0.015712 0.153472 0.009549 0.021759
0 0.015712 0.153935 0.009549 0.021759
0 0.015712 0.153472 0.009549 0.021759
0 0.015929 0.153472 0.009462 0.021759
0 0.015929 0.153472 0.009462 0.021759
0 0.016189 0.153472 0.009462 0.021759
0 0.016189 0.153472 0.009462 0.021759
0 0.016406 0.153086 0.009549 0.021605
0 0.016406 0.153086 0.009549 0.021605
0 0.016667 0.153086 0.009549 0.021605
0 0.016667 0.153086 0.009549 0.021605
0 0.016927 0.153086 0.009549 0.021605
0 0.017622 0.152623 0.009549 0.021605
0 0.018620 0.152623 0.009462 0.021605
0 0.019618 0.152623 0.009549 0.021605
0 0.020573 0.152623 0.009549 0.021605
0 0.021528 0.152623 0.009549 0.021605
0 0.022309 0.152623 0.009549 0.021605
0 0.023264 0.152623 0.009549 0.021605
0 0.024219 0.152623 0.009549 0.021605
0 0.025217 0.152623 0.009462 0.021605
0 0.026215 0.152623 0.009549 0.021605
0 0.026910 0.151775 0.009549 0.021759
0 0.027908 0.151312 0.009462 0.021759
0 0.028863 0.150849 0.009462 0.021759
0 0.029601 0.150463 0.009549 0.021605
0 0.030556 0.150000 0.009549 0.021605
0 0.031554 0.149151 0.009462 0.021759
0 0.032292 0.148688 0.009549 0.021759
0 0.033247 0.148302 0.009549 0.021605
0 0.034245 0.147840 0.009462 0.021605
0 0.035243 0.147454 0.009549 0.021759
0 0.035460 0.146991 0.009462 0.021759
0 0.035937 0.146528 0.009549 0.021759
0 0.036458 0.146142 0.009549 0.021605
0 0.036936 0.146142 0.009462 0.021605
0 0.037413 0.145679 0.009549 0.021605
0 0.037674 0.145293 0.009549 0.021759
0 0.038151 0.145293 0.009462 0.021759
0 0.038628 0.144830 0.009549 0.021759
0 0.039149 0.144367 0.009549 0.021759
0 0.039583 0.144367 0.009549 0.021759
0 0.040365 0.143981 0.009549 0.021605
0 0.041319 0.143981 0.009549 0.021605
0 0.042057 0.143519 0.009462 0.021605
0 0.043012 0.143519 0.009462 0.021605
0 0.043880 0.143519 0.009809 0.021605
0 0.044748 0.143056 0.009462 0.021605
0 0.045573 0.143056 0.009722 0.021605
0 0.046441 0.142670 0.009549 0.021759
0 0.047309 0.142670 0.009722 0.021759
0 0.048264 0.142670 0.009722 0.021759
0 0.049002 0.142207 0.009809 0.021759
0 0.049740 0.142207 0.009722 0.021759
0 0.050694 0.141744 0.009722 0.021759
0 0.051432 0.141744 0.009809 0.021759
0 0.052431 0.141744 0.009722 0.021759
0 0.053168 0.141358 0.009809 0.021605
0 0.053906 0.141358 0.009722 0.021605
0 0.054861 0.140895 0.009722 0.021605
0 0.055599 0.140895 0.009809 0.021605
0 0.056554 0.140895 0.009809 0.021605
0 0.057292 0.140509 0.009722 0.021759
0 0.058030 0.140046 0.009809 0.021759
0 0.058767 0.139583 0.009722 0.021759
0 0.059505 0.139583 0.009809 0.021759
0 0.060460 0.139198 0.009809 0.021605
0 0.061198 0.138735 0.009722 0.021605
0 0.061936 0.138735 0.009809 0.021605
0 0.062674 0.138349 0.009722 0.021759
0 0.063411 0.137886 0.009809 0.021759
0 0.064366 0.137886 0.009809 0.021759
0 0.065104 0.137037 0.009722 0.021605
0 0.065842 0.136574 0.009809 0.021605
0 0.066840 0.136111 0.009722 0.021605
0 0.067535 0.135725 0.009722 0.021759
0 0.068533 0.135262 0.009809 0.021759
0 0.069271 0.134799 0.009722 0.021759
0 0.070009 0.134414 0.009809 0.021605
0 0.070964 0.133951 0.009809 0.021605
0 0.071701 0.133565 0.009722 0.021759
0 0.072656 0.133102 0.009722 0.021759
0 0.073177 0.132639 0.009722 0.021759
0 0.073872 0.132639 0.009722 0.021759
0 0.074609 0.132253 0.009809 0.021605
0 0.075347 0.132253 0.009722 0.021605
0 0.076085 0.132253 0.009809 0.021605
0 0.076562 0.131790 0.009722 0.021605
0 0.077300 0.131790 0.009809 0.021605
0 0.078038 0.131404 0.009722 0.021759
0 0.078776 0.131404 0.009809 0.021759
0 0.079514 0.131404 0.009722 0.021759
0 0.079644 0.131173 0.009462 0.021296
0 0.079991 0.131173 0.009288 0.021296
0 0.080252 0.131173 0.009288 0.021296
0 0.080642 0.131173 0.009028 0.021296
0 0.080816 0.131173 0.009028 0.021296
0 0.081076 0.131173 0.008507 0.021296
0 0.081337 0.131173 0.008507 0.021296
0 0.081684 0.131173 0.008333 0.021296
0 0.081944 0.131173 0.008333 0.021296
0 0.082335 0.131173 0.008073 0.021296
