0 0.242405 0.234414 0.009462 0.017901
0 0.242144 0.234568 0.009462 0.018210
0 0.242144 0.235031 0.009462 0.018210
0 0.242144 0.235494 0.009462 0.018210
0 0.242144 0.235957 0.009462 0.018210
0 0.242144 0.236420 0.009462 0.018210
0 0.241927 0.236728 0.009549 0.018210
0 0.241927 0.237191 0.009549 0.018210
0 0.241927 0.237654 0.009549 0.018210
0 0.241927 0.238117 0.009549 0.018210
0 0.241927 0.238580 0.009549 0.018210
0 0.241927 0.238580 0.009549 0.018210
0 0.241927 0.238735 0.009549 0.017901
0 0.242144 0.238889 0.009462 0.018210
0 0.242144 0.239120 0.009462 0.017747
0 0.242405 0.239352 0.009462 0.018210
0 0.242405 0.239583 0.009462 0.017747
0 0.242405 0.239583 0.009462 0.017747
0 0.242622 0.240046 0.009549 0.017747
0 0.242622 0.240046 0.009549 0.017747
0 0.242882 0.240509 0.009549 0.017747
0 0.242752 0.240509 0.009809 0.017747
0 0.242752 0.240509 0.009809 0.017747
0 0.242752 0.240509 0.009809 0.017747
0 0.242752 0.240895 0.009809 0.017901
0 0.242752 0.240895 0.009809 0.017901
0 0.242752 0.240895 0.009809 0.017901
0 0.242752 0.241358 0.009809 0.017901
0 0.242752 0.241358 0.009809 0.017901
0 0.242752 0.241358 0.009809 0.017901
0 0.242882 0.241744 0.010069 0.017747
0 0.242882 0.241744 0.010069 0.017747
0 0.242882 0.241744 0.010069 0.017747
0 0.242882 0.242207 0.010069 0.017747
0 0.242882 0.242207 0.010069 0.017747
0 0.242882 0.242670 0.010069 0.017747
0 0.242882 0.242670 0.010069 0.017747
0 0.242882 0.242670 0.010069 0.017747
0 0.242882 0.243133 0.010069 0.017747
0 0.242882 0.243133 0.010069 0.017747
0 0.242882 0.243519 0.010069 0.017901
0 0.242665 0.243133 0.009983 0.017747
0 0.242665 0.242670 0.009983 0.017747
0 0.242405 0.242207 0.009983 0.017747
0 0.242405 0.241744 0.009983 0.017747
0 0.242405 0.241358 0.009983 0.017901
0 0.242144 0.240895 0.009983 0.017901
0 0.242144 0.240509 0.009983 0.017747
0 0.241884 0.240046 0.009983 0.017747
0 0.241884 0.239583 0.009983 0.017747
0 0.241884 0.239120 0.009983 0.017747
0 0.241667 0.239120 0.010069 0.017747
0 0.241667 0.239120 0.010069 0.017747
0 0.241406 0.239120 0.010069 0.017747
0 0.241406 0.239120 0.010069 0.017747
0 0.241189 0.239120 0.009983 0.017747
0 0.241189 0.239120 0.009983 0.017747
0 0.240929 0.239120 0.009983 0.017747
0 0.240929 0.239120 0.009983 0.017747
0 0.240668 0.239120 0.009983 0.017747
0 0.240668 0.239120 0.009983 0.017747
0 0.240408 0.239583 0.009983 0.017747
0 0.240191 0.240509 0.010069 0.017747
0 0.240191 0.241358 0.010069 0.017901
0 0.239974 0.241975 0.009983 0.018210
0 0.239974 0.242901 0.009983 0.018210
0 0.239714 0.243519 0.009983 0.017901
0 0.239453 0.244136 0.009983 0.018210
0 0.239453 0.245062 0.009983 0.018210
0 0.239193 0.245833 0.009983 0.018210
0 0.239193 0.246759 0.009983 0.018210
0 0.239193 0.247685 0.009983 0.018210
0 0.239193 0.248920 0.009983 0.018210
0 0.239453 0.250231 0.009983 0.018364
0 0.239453 0.251312 0.009983 0.017747
0 0.239714 0.252623 0.009983 0.017901
0 0.239714 0.253704 0.009983 0.018210
0 0.239714 0.254784 0.009983 0.017901
0 0.239974 0.256096 0.009983 0.017747
0 0.239974 0.257407 0.009983 0.017901
0 0.240191 0.258719 0.010069 0.017747
0 0.239974 0.259568 0.009983 0.017901
0 0.239974 0.260417 0.009983 0.017747
0 0.239714 0.261343 0.009983 0.017747
0 0.239714 0.262114 0.009983 0.017747
0 0.239714 0.263503 0.009983 0.017747
0 0.239453 0.264352 0.009983 0.017901
0 0.239453 0.265201 0.009983 0.017747
0 0.239193 0.266049 0.009983 0.017901
0 0.239193 0.266898 0.009983 0.017747
0 0.239193 0.268287 0.009983 0.017747
0 0.239453 0.268673 0.009983 0.017901
0 0.239714 0.269522 0.009983 0.017747
0 0.239974 0.270448 0.009983 0.017747
0 0.240191 0.271219 0.010069 0.017747
0 0.240668 0.272145 0.009983 0.017747
0 0.240929 0.272994 0.009983 0.017901
0 0.241189 0.273843 0.009983 0.017747
0 0.241406 0.274769 0.010069 0.017747
0 0.241667 0.275617 0.010069 0.017901
0 0.242144 0.276466 0.009983 0.017747
0 0.242144 0.276929 0.009983 0.017747
0 0.242144 0.277778 0.009983 0.017901
0 0.242144 0.278627 0.009983 0.017747
0 0.242144 0.279321 0.009983 0.018210
0 0.242405 0.280170 0.009983 0.018364
0 0.242405 0.280787 0.009983 0.017747
0 0.242405 0.281481 0.009983 0.018210
0 0.242405 0.282407 0.009983 0.018210
0 0.242405 0.283179 0.009983 0.018210
0 0.242665 0.284105 0.009983 0.018210
0 0.242665 0.284568 0.009983 0.018210
0 0.242882 0.285340 0.010069 0.018210
0 0.243099 0.286265 0.009983 0.018210
0 0.243359 0.286728 0.009983 0.018210
0 0.243620 0.287500 0.009983 0.018210
0 0.243880 0.288426 0.009983 0.018210
0 0.244097 0.288889 0.010069 0.018210
0 0.244314 0.289660 0.009983 0.018210
0 0.244575 0.290586 0.009983 0.018210
0 0.244835 0.291512 0.009983 0.018210
0 0.244835 0.291821 0.009983 0.018210
0 0.245095 0.292284 0.009983 0.018210
0 0.245312 0.292747 0.010069 0.018210
0 0.245312 0.293210 0.010069 0.018210
0 0.245573 0.293673 0.010069 0.018210
0 0.245790 0.293981 0.009983 0.018210
0 0.245790 0.294444 0.009983 0.018210
0 0.246050 0.294907 0.009983 0.018210
0 0.246311 0.295370 0.009983 0.018210
0 0.246571 0.295988 0.009983 0.017901
0 0.246788 0.296219 0.010069 0.017438
0 0.247135 0.296682 0.010243 0.017438
0 0.247526 0.297068 0.010503 0.017284
0 0.247917 0.297531 0.010243 0.017284
0 0.248220 0.297994 0.010503 0.017284
0 0.248611 0.298380 0.010764 0.017438
0 0.249002 0.298843 0.010503 0.017438
0 0.249349 0.299228 0.010677 0.017284
0 0.249696 0.299691 0.011024 0.017284
0 0.250217 0.300154 0.011024 0.017284
0 0.250564 0.300540 0.011198 0.017438
0 0.251042 0.301389 0.011285 0.017284
0 0.251519 0.302083 0.011198 0.017747
0 0.252170 0.302932 0.011458 0.017901
0 0.252604 0.303549 0.011458 0.018210
0 0.253125 0.304475 0.011458 0.018210
0 0.253776 0.305170 0.011719 0.018673
0 0.254210 0.305941 0.011719 0.018673
0 0.254731 0.306636 0.011719 0.019136
0 0.255295 0.307485 0.011979 0.018981
0 0.255816 0.307948 0.011979 0.018981
0 0.256293 0.308333 0.011892 0.019136
0 0.256771 0.308796 0.011979 0.019136
0 0.257552 0.309259 0.011979 0.019136
0 0.257986 0.309645 0.011979 0.018981
0 0.258507 0.310108 0.011979 0.018981
0 0.259201 0.310494 0.011979 0.019136
0 0.259722 0.310957 0.011979 0.019136
0 0.260200 0.311420 0.011892 0.019136
0 0.260937 0.311883 0.011979 0.019136
0 0.261068 0.311883 0.012240 0.019136
0 0.261415 0.312269 0.012413 0.018981
0 0.261806 0.312423 0.012674 0.018673
0 0.261936 0.312654 0.012934 0.019136
0 0.262283 0.313117 0.013108 0.019136
0 0.262630 0.313349 0.013455 0.018673
0 0.262760 0.313580 0.013715 0.019136
0 0.263108 0.313812 0.013889 0.018673
0 0.263498 0.314275 0.014149 0.018673
0 0.263889 0.314660 0.014410 0.018519
0 0.264106 0.314660 0.014323 0.018519
0 0.264453 0.314660 0.014149 0.018519
0 0.264974 0.314815 0.014149 0.018210
0 0.265321 0.315046 0.013976 0.018673
0 0.265799 0.315046 0.013889 0.018673
0 0.266059 0.315278 0.013889 0.018210
0 0.266580 0.315278 0.013889 0.018210
0 0.266927 0.315509 0.013715 0.018673
0 0.267405 0.315741 0.013628 0.018210
0 0.267752 0.315741 0.013455 0.018210
