0 0.252778 0.197917 0.004340 0.014352
0 0.252778 0.197917 0.004340 0.014352
0 0.252778 0.197917 0.004340 0.014352
0 0.252778 0.197917 0.004340 0.014352
0 0.252778 0.197917 0.004340 0.014352
0 0.252778 0.197917 0.004340 0.014352
0 0.252778 0.197917 0.004340 0.014352
0 0.252778 0.197917 0.004340 0.014352
0 0.252778 0.197917 0.004340 0.014352
0 0.252778 0.197917 0.004340 0.014352
0 0.252778 0.197917 0.004340 0.014352
0 0.252648 0.197685 0.004601 0.013889
0 0.252648 0.197685 0.004601 0.013889
0 0.252648 0.197685 0.004601 0.013889
0 0.252648 0.197685 0.004601 0.013889
0 0.252648 0.197685 0.004601 0.013889
0 0.252517 0.197685 0.004861 0.013889
0 0.252517 0.197685 0.004861 0.013889
0 0.252517 0.197685 0.004861 0.013889
0 0.252517 0.197685 0.004861 0.013889
0 0.252517 0.197685 0.004861 0.013889
0 0.252257 0.197685 0.004861 0.013889
0 0.252257 0.197685 0.004861 0.013889
0 0.252257 0.197685 0.004861 0.013889
0 0.252257 0.197685 0.004861 0.013889
0 0.252257 0.197685 0.004861 0.013889
0 0.252127 0.197685 0.005122 0.013889
0 0.252127 0.197685 0.005122 0.013889
0 0.252127 0.197685 0.005122 0.013889
0 0.252127 0.197685 0.005122 0.013889
0 0.252127 0.197685 0.005122 0.013889
0 0.252127 0.197377 0.005122 0.013889
0 0.252387 0.197377 0.005122 0.013889
0 0.252387 0.197377 0.005122 0.013889
0 0.252648 0.197377 0.005122 0.013889
0 0.252648 0.197377 0.005122 0.013889
0 0.252908 0.197377 0.005122 0.013889
0 0.252908 0.197377 0.005122 0.013889
0 0.253168 0.197377 0.005122 0.013889
0 0.253168 0.197377 0.005122 0.013889
0 0.253342 0.197377 0.005122 0.013889
0 0.253168 0.197377 0.005122 0.013889
0 0.253168 0.197377 0.005122 0.013889
0 0.253168 0.197377 0.005122 0.013889
0 0.253038 0.197377 0.005382 0.013889
0 0.253038 0.197377 0.005382 0.013889
0 0.253038 0.197377 0.005382 0.013889
0 0.252908 0.197377 0.005642 0.013889
0 0.252908 0.197377 0.005642 0.013889
0 0.252908 0.197377 0.005642 0.013889
0 0.252908 0.197685 0.005642 0.013889
0 0.252908 0.197531 0.005642 0.013580
0 0.252908 0.197531 0.005642 0.013580
0 0.253125 0.197531 0.005556 0.013580
0 0.253125 0.197531 0.005556 0.013580
0 0.253385 0.197531 0.005556 0.013580
0 0.253385 0.197531 0.005556 0.013580
0 0.253385 0.197531 0.005556 0.013580
0 0.253602 0.197531 0.005642 0.013580
0 0.253602 0.197531 0.005642 0.013580
0 0.253863 0.197531 0.005642 0.013580
0 0.253602 0.197531 0.005642 0.013580
0 0.253602 0.197685 0.005642 0.013889
0 0.253602 0.197917 0.005642 0.013426
0 0.253472 0.198148 0.005382 0.013889
0 0.253472 0.198380 0.005382 0.013426
0 0.253385 0.198611 0.005556 0.013889
0 0.253255 0.198611 0.005295 0.013889
0 0.253255 0.199074 0.005295 0.013889
0 0.253255 0.199074 0.005295 0.013889
0 0.253255 0.199537 0.005295 0.013889
0 0.252778 0.199537 0.005382 0.013889
0 0.252517 0.199537 0.005382 0.013889
0 0.252257 0.199537 0.005382 0.013889
0 0.251910 0.199537 0.005208 0.013889
0 0.251693 0.199537 0.005122 0.013889
0 0.251302 0.199537 0.005382 0.013889
0 0.250911 0.199537 0.005122 0.013889
0 0.250651 0.199537 0.005122 0.013889
0 0.250477 0.199537 0.005122 0.013889
0 0.250217 0.199846 0.005122 0.013889
0 0.249826 0.199537 0.004861 0.013889
0 0.249566 0.199537 0.004861 0.013889
0 0.249349 0.199537 0.004948 0.013889
0 0.249132 0.199537 0.004861 0.013889
0 0.248872 0.199537 0.004861 0.013889
0 0.248611 0.199537 0.004861 0.013889
0 0.248351 0.199537 0.004861 0.013889
0 0.248134 0.199537 0.004948 0.013889
0 0.247873 0.199537 0.004948 0.013889
0 0.247656 0.199537 0.004861 0.013889
0 0.247266 0.199074 0.005122 0.013889
0 0.247135 0.199074 0.005382 0.013889
0 0.246875 0.198843 0.005382 0.014352
0 0.246788 0.198843 0.005556 0.014352
0 0.246528 0.198843 0.005556 0.014352
0 0.246398 0.198611 0.005816 0.014815
0 0.246181 0.198611 0.005903 0.014815
0 0.246050 0.198380 0.006163 0.015278
0 0.245833 0.198380 0.006076 0.015278
0 0.245703 0.198380 0.006337 0.015278
0 0.245573 0.198148 0.006076 0.014815
0 0.245573 0.198148 0.006076 0.014815
0 0.245443 0.198148 0.005816 0.014815
0 0.245443 0.198148 0.005816 0.014815
0 0.245312 0.198148 0.005556 0.014815
0 0.245312 0.197917 0.005556 0.014352
0 0.245226 0.197917 0.005382 0.014352
0 0.245226 0.197917 0.005382 0.014352
0 0.245095 0.197917 0.005122 0.014352
0 0.245095 0.198148 0.005122 0.013889
0 0.244835 0.198148 0.005122 0.013889
0 0.244835 0.198148 0.005122 0.013889
0 0.244835 0.198148 0.005122 0.013889
0 0.244835 0.198148 0.005122 0.013889
0 0.244835 0.198380 0.005122 0.014352
0 0.244705 0.198380 0.005382 0.014352
0 0.244705 0.198380 0.005382 0.014352
0 0.244705 0.198380 0.005382 0.014352
0 0.244705 0.198380 0.005382 0.014352
0 0.244705 0.198843 0.005382 0.014352
0 0.244444 0.198380 0.005382 0.014352
0 0.244358 0.198380 0.005556 0.014352
0 0.244358 0.197917 0.005556 0.014352
0 0.244227 0.197917 0.005816 0.014352
0 0.244227 0.197762 0.005816 0.014660
0 0.243967 0.197531 0.005816 0.014198
0 0.243837 0.197299 0.006076 0.014660
0 0.243837 0.197145 0.006076 0.014352
0 0.243707 0.196914 0.006337 0.014815
0 0.243707 0.196914 0.006337 0.014815
0 0.243707 0.196682 0.006337 0.015278
0 0.243707 0.196682 0.006337 0.015278
0 0.243967 0.196682 0.006337 0.015278
0 0.243967 0.196682 0.006337 0.015278
0 0.244227 0.196836 0.006337 0.015586
0 0.244227 0.196836 0.006337 0.015586
0 0.244227 0.196836 0.006337 0.015586
0 0.244488 0.196836 0.006337 0.015586
0 0.244488 0.196836 0.006337 0.015586
0 0.244748 0.197068 0.006337 0.016049
0 0.244748 0.197068 0.006337 0.016049
0 0.244748 0.197068 0.006337 0.016049
0 0.244748 0.197068 0.006337 0.016049
0 0.244748 0.197068 0.006337 0.016049
0 0.244748 0.197068 0.006337 0.016049
0 0.244748 0.197068 0.006337 0.016049
0 0.244748 0.197068 0.006337 0.016049
0 0.244748 0.197068 0.006337 0.016049
0 0.244748 0.197068 0.006337 0.016049
0 0.244748 0.197068 0.006337 0.016049
0 0.244748 0.196605 0.006337 0.016049
0 0.244748 0.196605 0.006337 0.016049
0 0.244748 0.196605 0.006337 0.016049
0 0.244748 0.196296 0.006337 0.016049
0 0.244748 0.196296 0.006337 0.016049
0 0.244748 0.196296 0.006337 0.016049
0 0.244748 0.195833 0.006337 0.016049
0 0.244748 0.195833 0.006337 0.016049
0 0.244748 0.195833 0.006337 0.016049
0 0.244922 0.195833 0.006337 0.016049
0 0.244835 0.195370 0.006163 0.016049
0 0.244835 0.195139 0.006163 0.016512
0 0.244835 0.195139 0.006163 0.016512
0 0.244835 0.194676 0.006163 0.016512
0 0.244835 0.194676 0.006163 0.016512
0 0.244835 0.194444 0.006163 0.016975
0 0.244835 0.194059 0.006163 0.016821
0 0.244835 0.194059 0.006163 0.016821
0 0.244835 0.193827 0.006163 0.017284
0 0.244835 0.193827 0.006163 0.017284
0 0.244618 0.193364 0.006076 0.017284
0 0.244618 0.193364 0.006076 0.017284
0 0.244618 0.193364 0.006076 0.017284
0 0.244358 0.193364 0.006076 0.017284
0 0.244358 0.193364 0.006076 0.017284
0 0.244358 0.192978 0.006076 0.017438
0 0.244358 0.192978 0.006076 0.017438
0 0.244097 0.192978 0.006076 0.017438
0 0.244097 0.192978 0.006076 0.017438
0 0.244097 0.192978 0.006076 0.017438
