0 0.190278 0.178395 0.005903 0.016049
0 0.190408 0.178858 0.005642 0.016049
0 0.190668 0.179552 0.005642 0.015586
0 0.190929 0.180170 0.005642 0.015278
0 0.191059 0.181019 0.005382 0.015123
0 0.191276 0.181713 0.005295 0.014660
0 0.191493 0.182099 0.005382 0.014815
0 0.191623 0.183025 0.005122 0.014815
0 0.191884 0.183642 0.005122 0.014198
0 0.192144 0.184259 0.005122 0.013889
0 0.192405 0.185185 0.005122 0.013889
0 0.192405 0.185185 0.005122 0.013889
0 0.192578 0.185648 0.005122 0.013889
0 0.192839 0.185957 0.005122 0.013889
0 0.192839 0.186420 0.005122 0.013889
0 0.193099 0.186883 0.005122 0.013889
0 0.193359 0.187346 0.005122 0.013889
0 0.193359 0.187809 0.005122 0.013889
0 0.193620 0.188272 0.005122 0.013889
0 0.193793 0.188580 0.005122 0.013889
0 0.194054 0.189043 0.005122 0.013889
0 0.193793 0.189043 0.005122 0.013889
0 0.193620 0.189506 0.005122 0.013889
0 0.193359 0.189969 0.005122 0.013889
0 0.193099 0.190432 0.005122 0.013889
0 0.193099 0.190741 0.005122 0.013889
0 0.192839 0.191204 0.005122 0.013889
0 0.192578 0.191667 0.005122 0.013889
0 0.192405 0.192130 0.005122 0.013889
0 0.192144 0.192593 0.005122 0.013889
0 0.192144 0.192901 0.005122 0.013889
0 0.191623 0.192901 0.005122 0.013889
0 0.191189 0.193364 0.005122 0.013889
0 0.190668 0.193364 0.005122 0.013889
0 0.190408 0.193827 0.005122 0.013889
0 0.189887 0.193827 0.005122 0.013889
0 0.189453 0.194290 0.005122 0.013889
0 0.189193 0.194290 0.005122 0.013889
0 0.188672 0.194753 0.005122 0.013889
0 0.188238 0.194753 0.005122 0.013889
0 0.187977 0.195139 0.005122 0.013735
0 0.187847 0.194290 0.004861 0.013889
0 0.187847 0.193364 0.004861 0.013889
0 0.187847 0.192593 0.004861 0.013889
0 0.187977 0.191898 0.004601 0.013426
0 0.187977 0.191204 0.004601 0.013889
0 0.187977 0.190432 0.004601 0.013889
0 0.188108 0.189738 0.004340 0.013426
0 0.188108 0.188812 0.004340 0.013426
0 0.188108 0.188040 0.004340 0.013426
0 0.188194 0.187577 0.004167 0.013426
0 0.188108 0.185417 0.004340 0.013426
0 0.187977 0.183256 0.004601 0.013426
0 0.187977 0.181096 0.004601 0.013426
0 0.187847 0.178935 0.004861 0.013426
0 0.187847 0.176698 0.004861 0.013580
0 0.187717 0.174537 0.005122 0.013580
0 0.187587 0.172299 0.005382 0.013426
0 0.187587 0.170139 0.005382 0.013426
0 0.187500 0.167978 0.005556 0.013426
0 0.187500 0.165818 0.005556 0.013426
0 0.187153 0.163194 0.005382 0.013426
0 0.187023 0.161034 0.005122 0.013426
0 0.186762 0.158488 0.005122 0.013580
0 0.186632 0.156250 0.004861 0.013426
0 0.186372 0.153858 0.004861 0.013889
0 0.186285 0.151543 0.004687 0.013580
0 0.186024 0.149228 0.004687 0.013889
0 0.185894 0.146759 0.004427 0.013580
0 0.185634 0.144444 0.004427 0.013889
0 0.185503 0.142284 0.004167 0.013889
0 0.185069 0.140895 0.004167 0.013889
0 0.184549 0.140046 0.004167 0.013735
0 0.184158 0.138966 0.003906 0.013426
0 0.183854 0.137809 0.004167 0.013889
0 0.183464 0.136806 0.003906 0.013426
0 0.182943 0.135880 0.003906 0.013426
0 0.182639 0.134645 0.004167 0.013426
0 0.182248 0.133719 0.003906 0.013426
0 0.181727 0.132716 0.003906 0.012963
0 0.181467 0.131790 0.003906 0.012963
0 0.181033 0.131327 0.003906 0.012963
0 0.180642 0.131327 0.004167 0.012963
0 0.180165 0.131327 0.004080 0.012963
0 0.179948 0.131096 0.004167 0.013426
0 0.179427 0.131096 0.004167 0.013426
0 0.179080 0.131096 0.004340 0.013426
0 0.178733 0.130864 0.004167 0.013889
0 0.178342 0.130864 0.004427 0.013889
0 0.177865 0.130864 0.004340 0.013889
0 0.177604 0.130864 0.004340 0.013889
0 0.176866 0.130864 0.004427 0.013889
0 0.176128 0.130864 0.004340 0.013889
0 0.175391 0.130864 0.004427 0.013889
0 0.174696 0.131327 0.004427 0.013889
0 0.174175 0.131327 0.004427 0.013889
0 0.173481 0.131327 0.004427 0.013889
0 0.172700 0.131790 0.004427 0.013889
0 0.172005 0.131790 0.004427 0.013889
0 0.171267 0.131790 0.004340 0.013889
0 0.170790 0.132253 0.004427 0.013889
0 0.170269 0.132253 0.004427 0.013889
0 0.169792 0.132253 0.004340 0.013889
0 0.169314 0.132253 0.004427 0.013889
0 0.168837 0.132716 0.004340 0.013889
0 0.168316 0.132716 0.004340 0.013889
0 0.167839 0.132716 0.004427 0.013889
0 0.167361 0.133102 0.004340 0.013735
0 0.166884 0.133102 0.004427 0.013735
0 0.166363 0.133102 0.004427 0.013735
0 0.165885 0.133488 0.004340 0.013889
0 0.165408 0.133488 0.004427 0.013889
0 0.165148 0.133488 0.004427 0.013889
0 0.164670 0.133488 0.004340 0.013889
0 0.164453 0.133488 0.004427 0.013889
0 0.164193 0.133488 0.004427 0.013889
0 0.163672 0.133488 0.004427 0.013889
0 0.163455 0.133488 0.004340 0.013889
0 0.162977 0.133488 0.004427 0.013889
0 0.162717 0.133488 0.004427 0.013889
0 0.162457 0.133951 0.004427 0.013889
0 0.161762 0.133951 0.004427 0.013889
0 0.161241 0.133951 0.004427 0.013889
0 0.160764 0.133951 0.004340 0.013889
0 0.160286 0.133951 0.004427 0.013889
0 0.159766 0.133951 0.004427 0.013889
0 0.159288 0.133951 0.004340 0.013889
0 0.158811 0.133951 0.004427 0.013889
0 0.158333 0.133951 0.004340 0.013889
0 0.157856 0.133951 0.004427 0.013889
0 0.157335 0.133951 0.004427 0.013889
0 0.156641 0.133951 0.004427 0.013889
0 0.155903 0.133951 0.004340 0.013889
0 0.155252 0.133951 0.004601 0.013889
0 0.154557 0.133951 0.004601 0.013889
0 0.154036 0.134182 0.004601 0.013426
0 0.153342 0.134182 0.004601 0.013426
0 0.152604 0.134182 0.004687 0.013426
0 0.151997 0.134182 0.004861 0.013426
0 0.151259 0.134182 0.004948 0.013426
0 0.150781 0.134645 0.004861 0.013426
0 0.149913 0.134414 0.004687 0.012963
0 0.149175 0.134414 0.004601 0.012963
0 0.148438 0.134414 0.004687 0.012963
0 0.147700 0.134414 0.004601 0.012963
0 0.146962 0.134414 0.004687 0.012963
0 0.146137 0.134414 0.004427 0.012963
0 0.145399 0.134414 0.004340 0.012963
0 0.144661 0.134414 0.004427 0.012963
0 0.143924 0.134414 0.004340 0.012963
0 0.143186 0.134414 0.004427 0.012963
0 0.142231 0.134414 0.004427 0.012963
0 0.141493 0.134414 0.004340 0.012963
0 0.140495 0.134414 0.004427 0.012963
0 0.139800 0.134414 0.004427 0.012963
0 0.138802 0.134877 0.004340 0.012963
0 0.138064 0.134877 0.004427 0.012963
0 0.137109 0.134877 0.004427 0.012963
0 0.136372 0.134877 0.004340 0.012963
0 0.135373 0.134877 0.004427 0.012963
0 0.134679 0.135262 0.004427 0.013117
0 0.133681 0.135262 0.004340 0.013117
0 0.132682 0.135262 0.004427 0.013117
0 0.131727 0.135725 0.004427 0.013117
0 0.130773 0.135725 0.004427 0.013117
0 0.129774 0.136111 0.004340 0.012963
0 0.128776 0.136111 0.004427 0.012963
0 0.127821 0.136111 0.004427 0.012963
0 0.126866 0.136574 0.004427 0.012963
0 0.125868 0.136574 0.004340 0.012963
0 0.124870 0.137037 0.004427 0.012963
0 0.123915 0.137037 0.004427 0.012963
0 0.123177 0.137037 0.004340 0.012963
0 0.122439 0.137269 0.004427 0.013426
0 0.121615 0.137269 0.004167 0.013426
0 0.120877 0.137269 0.004080 0.013426
0 0.120139 0.137654 0.004167 0.013580
0 0.119401 0.137654 0.004080 0.013580
0 0.118533 0.137654 0.003906 0.013580
0 0.117839 0.137809 0.003906 0.013889
0 0.117057 0.137809 0.003906 0.013889
