0 0.136979 0.132022 0.009028 0.027315
0 0.137370 0.132022 0.008767 0.027315
0 0.137717 0.132253 0.008594 0.026852
0 0.138064 0.132253 0.008247 0.026852
0 0.138542 0.132716 0.008333 0.026852
0 0.138932 0.132716 0.008073 0.026852
0 0.139323 0.132870 0.007812 0.026543
0 0.139757 0.133102 0.007812 0.027006
0 0.140148 0.133333 0.007552 0.026543
0 0.140538 0.133333 0.007292 0.026543
0 0.140972 0.133719 0.007292 0.026389
0 0.141363 0.133719 0.007552 0.026389
0 0.141753 0.133719 0.007812 0.026389
0 0.142101 0.133719 0.007986 0.026389
0 0.142578 0.133719 0.008073 0.026389
0 0.142969 0.133951 0.008333 0.025926
0 0.143316 0.133951 0.008507 0.025926
0 0.143793 0.133951 0.008594 0.025926
0 0.144141 0.133951 0.008767 0.025926
0 0.144531 0.133951 0.009028 0.025926
0 0.145052 0.134182 0.009028 0.025463
0 0.145399 0.133796 0.008854 0.025617
0 0.145877 0.133796 0.008767 0.025617
0 0.146484 0.133565 0.008594 0.026080
0 0.146962 0.133333 0.008507 0.025617
0 0.147569 0.133333 0.008333 0.025617
0 0.147960 0.133102 0.008073 0.026080
0 0.148438 0.132870 0.007986 0.025617
0 0.149045 0.132639 0.007812 0.026080
0 0.149566 0.132639 0.007812 0.026080
0 0.150130 0.132639 0.007552 0.026080
0 0.150391 0.132639 0.007552 0.026080
0 0.150911 0.132870 0.007552 0.025617
0 0.151345 0.133102 0.007552 0.026080
0 0.151866 0.133333 0.007552 0.025617
0 0.152344 0.133565 0.007639 0.026080
0 0.152821 0.133796 0.007552 0.025617
0 0.153342 0.133796 0.007552 0.025617
0 0.153776 0.134182 0.007552 0.025463
0 0.154297 0.134182 0.007552 0.025463
0 0.154818 0.134568 0.007552 0.025617
0 0.155122 0.134182 0.007812 0.025463
0 0.155773 0.134182 0.008073 0.025463
0 0.156250 0.134182 0.007986 0.025463
0 0.156858 0.133796 0.008333 0.025617
0 0.157335 0.133796 0.008247 0.025617
0 0.157986 0.133796 0.008507 0.025617
0 0.158464 0.133333 0.008594 0.025617
0 0.159071 0.133333 0.008767 0.025617
0 0.159549 0.133333 0.008854 0.025617
0 0.160156 0.133333 0.009028 0.025617
0 0.160417 0.133333 0.009028 0.025617
0 0.160677 0.133796 0.009028 0.025617
0 0.161111 0.133796 0.009028 0.025617
0 0.161372 0.134182 0.009028 0.025463
0 0.161892 0.134336 0.009028 0.025154
0 0.162109 0.134568 0.009115 0.025617
0 0.162326 0.134799 0.009028 0.025154
0 0.162847 0.135031 0.009028 0.025617
0 0.163108 0.135262 0.009028 0.025154
0 0.163542 0.135725 0.009028 0.025154
0 0.164062 0.135494 0.009028 0.025617
0 0.164583 0.135494 0.009028 0.025617
0 0.165148 0.135494 0.009288 0.026543
0 0.165668 0.135494 0.009288 0.026543
0 0.166363 0.135725 0.009288 0.027006
0 0.166884 0.135494 0.009288 0.027469
0 0.167361 0.135494 0.009201 0.027469
0 0.167969 0.135494 0.009549 0.028086
0 0.168446 0.135494 0.009462 0.028086
0 0.169184 0.135725 0.009549 0.028549
0 0.169575 0.135494 0.009288 0.028086
0 0.170009 0.135494 0.009288 0.028086
0 0.170399 0.135494 0.009028 0.027469
0 0.170920 0.135494 0.009028 0.027469
0 0.171484 0.135725 0.008767 0.027006
0 0.171875 0.135494 0.008507 0.026543
0 0.172352 0.135494 0.008594 0.026543
0 0.172743 0.135494 0.008333 0.025617
0 0.173220 0.135494 0.008247 0.025617
0 0.173828 0.135725 0.008073 0.025154
0 0.174175 0.135725 0.008247 0.025154
0 0.174653 0.135725 0.008333 0.025154
0 0.175130 0.135725 0.008767 0.025154
0 0.175651 0.135725 0.008767 0.025154
0 0.176302 0.135957 0.009028 0.025617
0 0.176606 0.135957 0.009288 0.025617
0 0.177127 0.135957 0.009288 0.025617
0 0.177604 0.135957 0.009722 0.025617
0 0.178082 0.135957 0.009809 0.025617
0 0.178689 0.136420 0.009983 0.025617
0 0.179080 0.136420 0.009722 0.025617
0 0.179688 0.136420 0.009549 0.025617
0 0.180165 0.136420 0.009462 0.025617
0 0.180642 0.136420 0.009028 0.025617
0 0.181163 0.136574 0.009028 0.025926
0 0.181727 0.136574 0.008767 0.025926
0 0.182118 0.136574 0.008507 0.025926
0 0.182726 0.136574 0.008333 0.025926
0 0.183203 0.136574 0.008247 0.025926
0 0.183811 0.136960 0.008073 0.026080
0 0.184201 0.136574 0.008333 0.025926
0 0.184679 0.136574 0.008247 0.025926
0 0.185156 0.136574 0.008333 0.025926
0 0.185677 0.136574 0.008333 0.025926
0 0.186285 0.136574 0.008507 0.025926
0 0.186632 0.136188 0.008854 0.026080
0 0.187109 0.136188 0.008767 0.026080
0 0.187630 0.136188 0.008767 0.026080
0 0.188064 0.136188 0.008767 0.026080
0 0.188715 0.136188 0.009028 0.026080
0 0.189106 0.136188 0.008767 0.026080
0 0.189453 0.136188 0.008594 0.026080
0 0.189931 0.136188 0.008507 0.026080
0 0.190278 0.136343 0.008333 0.026389
0 0.190929 0.136343 0.008073 0.026389
0 0.191233 0.136343 0.007812 0.026389
0 0.191623 0.136574 0.007552 0.026852
0 0.192144 0.136574 0.007552 0.026852
0 0.192491 0.136574 0.007378 0.026852
0 0.193099 0.136806 0.007031 0.027315
0 0.193576 0.136806 0.007118 0.027315
0 0.194184 0.136806 0.007292 0.027315
0 0.194835 0.136806 0.007552 0.027315
0 0.195399 0.137037 0.007812 0.026852
0 0.196050 0.137037 0.008073 0.026852
0 0.196615 0.137037 0.008333 0.026852
0 0.197222 0.137191 0.008507 0.026543
0 0.197873 0.137191 0.008767 0.026543
0 0.198437 0.137191 0.009028 0.026543
0 0.199219 0.137654 0.009028 0.026543
0 0.200043 0.137654 0.008767 0.026543
0 0.200998 0.137654 0.008767 0.026543
0 0.202040 0.137654 0.008767 0.026543
0 0.203125 0.137886 0.008507 0.026080
0 0.204080 0.137886 0.008507 0.026080
0 0.205035 0.137886 0.008507 0.026080
0 0.206163 0.138117 0.008333 0.025617
0 0.207118 0.138117 0.008333 0.025617
0 0.208116 0.138117 0.008247 0.025617
0 0.209201 0.138580 0.007986 0.025617
0 0.210286 0.138580 0.008247 0.025617
0 0.211632 0.138966 0.008507 0.025463
0 0.212847 0.139352 0.008507 0.025617
0 0.214193 0.139352 0.008767 0.025617
0 0.215538 0.139815 0.009028 0.025617
0 0.216623 0.140278 0.009288 0.025617
0 0.217969 0.140278 0.009549 0.025617
0 0.219184 0.140741 0.009549 0.025617
0 0.220573 0.141127 0.009722 0.025463
0 0.221918 0.141512 0.009983 0.025617
0 0.222743 0.141512 0.009722 0.025617
0 0.223741 0.141512 0.009809 0.025617
0 0.224826 0.141975 0.009549 0.025617
0 0.225781 0.141975 0.009549 0.025617
0 0.226866 0.142438 0.009288 0.025617
0 0.227778 0.142438 0.009028 0.025617
0 0.228733 0.142438 0.009028 0.025617
0 0.229818 0.142901 0.008767 0.025617
0 0.230773 0.142901 0.008767 0.025617
0 0.231901 0.143364 0.008594 0.025617
0 0.232378 0.143364 0.008507 0.025617
0 0.232899 0.143673 0.008507 0.025617
0 0.233464 0.144136 0.008767 0.025617
0 0.233984 0.144136 0.008767 0.025617
0 0.234462 0.144599 0.008854 0.025617
0 0.235069 0.145062 0.009028 0.025617
0 0.235590 0.145062 0.009028 0.025617
0 0.236024 0.145525 0.009028 0.025617
0 0.236675 0.145910 0.009288 0.025463
0 0.237153 0.145910 0.009201 0.025463
0 0.237630 0.146296 0.009288 0.025617
0 0.238368 0.146759 0.009201 0.025617
