0 0.000477 0.000849 0.000955 0.001698
0 0.000477 0.000849 0.000955 0.001698
0 0.000477 0.000849 0.000955 0.001698
0 0.000477 0.000849 0.000955 0.001698
0 0.000477 0.000849 0.000955 0.001698
0 0.000477 0.000849 0.000955 0.001698
0 0.000477 0.000849 0.000955 0.001698
0 0.000477 0.000849 0.000955 0.001698
0 0.000477 0.000849 0.000955 0.001698
0 0.000477 0.000849 0.000955 0.001698
0 0.000477 0.000849 0.000955 0.001698
0 0.000477 0.000849 0.000955 0.001698
0 0.000477 0.000849 0.000955 0.001698
0 0.000477 0.000849 0.000955 0.001698
0 0.000477 0.000849 0.000955 0.001698
0 0.000477 0.000849 0.000955 0.001698
0 0.000477 0.000849 0.000955 0.001698
0 0.000477 0.000849 0.000955 0.001698
0 0.000477 0.000849 0.000955 0.001698
0 0.000477 0.000849 0.000955 0.001698
0 0.000477 0.000849 0.000955 0.001698
0 0.000477 0.000849 0.000955 0.001698
0 0.000477 0.000849 0.000955 0.001698
0 0.000477 0.000849 0.000955 0.001698
0 0.000477 0.000849 0.000955 0.001698
0 0.000477 0.000849 0.000955 0.001698
0 0.000477 0.000849 0.000955 0.001698
0 0.000477 0.000849 0.000955 0.001698
0 0.000477 0.000849 0.000955 0.001698
0 0.000477 0.000849 0.000955 0.001698
0 0.000477 0.000849 0.000955 0.001698
0 0.000477 0.000849 0.000955 0.001698
0 0.000477 0.000849 0.000955 0.001698
0 0.000477 0.000849 0.000955 0.001698
0 0.000477 0.000849 0.000955 0.001698
0 0.000477 0.000849 0.000955 0.001698
0 0.000477 0.000849 0.000955 0.001698
0 0.000477 0.000849 0.000955 0.001698
0 0.000477 0.000849 0.000955 0.001698
0 0.000477 0.000849 0.000955 0.001698
0 0.000477 0.000849 0.000955 0.001698
0 0.000477 0.000849 0.000955 0.001698
0 0.000477 0.000849 0.000955 0.001698
0 0.000477 0.000849 0.000955 0.001698
0 0.000477 0.000849 0.000955 0.001698
0 0.000477 0.000849 0.000955 0.001698
0 0.000477 0.000849 0.000955 0.001698
0 0.000477 0.000849 0.000955 0.001698
0 0.000477 0.000849 0.000955 0.001698
0 0.000477 0.000849 0.000955 0.001698
0 0.000477 0.000849 0.000955 0.001698
0 0.000477 0.000849 0.000955 0.001698
0 0.000477 0.000849 0.000955 0.001698
0 0.000477 0.000849 0.000955 0.001698
0 0.000477 0.000849 0.000955 0.001698
0 0.000477 0.000849 0.000955 0.001698
0 0.000477 0.000849 0.000955 0.001698
0 0.000477 0.000849 0.000955 0.001698
0 0.000477 0.000849 0.000955 0.001698
0 0.000477 0.000849 0.000955 0.001698
0 0.000477 0.000849 0.000955 0.001698
0 0.000477 0.000849 0.000955 0.001698
0 0.000477 0.000849 0.000955 0.001698
0 0.000477 0.000849 0.000955 0.001698
0 0.000477 0.000849 0.000955 0.001698
0 0.000477 0.000849 0.000955 0.001698
0 0.000477 0.000849 0.000955 0.001698
0 0.000477 0.000849 0.000955 0.001698
0 0.000477 0.000849 0.000955 0.001698
0 0.000477 0.000849 0.000955 0.001698
0 0.000477 0.000849 0.000955 0.001698
0 0.000477 0.000849 0.000955 0.001698
0 0.000477 0.000849 0.000955 0.001698
0 0.000477 0.000849 0.000955 0.001698
0 0.000477 0.000849 0.000955 0.001698
0 0.000477 0.000849 0.000955 0.001698
0 0.000477 0.000849 0.000955 0.001698
0 0.000477 0.000849 0.000955 0.001698
0 0.000477 0.000849 0.000955 0.001698
0 0.000477 0.000849 0.000955 0.001698
0 0.000477 0.000849 0.000955 0.001698
0 0.000477 0.000849 0.000955 0.001698
0 0.000477 0.000849 0.000955 0.001698
0 0.000477 0.000849 0.000955 0.001698
0 0.000477 0.000849 0.000955 0.001698
0 0.000477 0.000849 0.000955 0.001698
0 0.000477 0.000849 0.000955 0.001698
0 0.000477 0.000849 0.000955 0.001698
0 0.000477 0.000849 0.000955 0.001698
0 0.000477 0.000849 0.000955 0.001698
0 0.000477 0.000849 0.000955 0.001698
0 0.000477 0.000849 0.000955 0.001698
0 0.000477 0.000849 0.000955 0.001698
0 0.000477 0.000849 0.000955 0.001698
0 0.000477 0.000849 0.000955 0.001698
0 0.000477 0.000849 0.000955 0.001698
0 0.000477 0.000849 0.000955 0.001698
0 0.000477 0.000849 0.000955 0.001698
0 0.000477 0.000849 0.000955 0.001698
0 0.000477 0.000849 0.000955 0.001698
0 0.000477 0.000849 0.000955 0.001698
0 0.000477 0.000849 0.000955 0.001698
0 0.000477 0.000849 0.000955 0.001698
0 0.000477 0.000849 0.000955 0.001698
0 0.000477 0.000849 0.000955 0.001698
0 0.000477 0.000849 0.000955 0.001698
0 0.000477 0.000849 0.000955 0.001698
0 0.000477 0.000849 0.000955 0.001698
0 0.000477 0.000849 0.000955 0.001698
0 0.000477 0.000849 0.000955 0.001698
0 0.000477 0.000849 0.000955 0.001698
0 0.013498 0.004707 0.001649 0.002623
0 0.026823 0.008565 0.002431 0.003549
0 0.039974 0.012963 0.003385 0.004321
0 0.053168 0.016821 0.003906 0.005247
0 0.066450 0.021219 0.004601 0.006019
0 0.079644 0.025077 0.005642 0.006944
0 0.092795 0.029012 0.006076 0.007716
0 0.105990 0.033333 0.007118 0.008642
0 0.119271 0.037191 0.007812 0.009568
0 0.132595 0.041590 0.008594 0.010340
0 0.132595 0.045910 0.008594 0.010340
0 0.132812 0.050694 0.008507 0.010340
0 0.133073 0.055478 0.008507 0.010340
0 0.133203 0.060262 0.008247 0.010340
0 0.133420 0.064969 0.008333 0.010494
0 0.133681 0.069753 0.008333 0.010494
0 0.133811 0.074537 0.008073 0.010494
0 0.134071 0.079321 0.008073 0.010494
0 0.134288 0.084105 0.007986 0.010494
0 0.134505 0.088889 0.008073 0.010494
0 0.134505 0.089275 0.008073 0.010340
0 0.134505 0.089738 0.008073 0.010340
0 0.134505 0.090123 0.008073 0.010494
0 0.134766 0.090586 0.008073 0.010494
0 0.134766 0.091049 0.008073 0.010494
0 0.134766 0.091435 0.008073 0.010340
0 0.135026 0.091898 0.008073 0.010340
0 0.135026 0.092361 0.008073 0.010340
0 0.135026 0.092747 0.008073 0.010494
0 0.135286 0.093210 0.008073 0.010494
0 0.135286 0.093210 0.008073 0.010494
0 0.135286 0.093210 0.008073 0.010494
0 0.135286 0.093210 0.008073 0.010494
0 0.135286 0.093210 0.008073 0.010494
0 0.135286 0.093210 0.008073 0.010494
0 0.135286 0.093210 0.008073 0.010494
0 0.135286 0.093210 0.008073 0.010494
0 0.135286 0.093210 0.008073 0.010494
0 0.135286 0.093210 0.008073 0.010494
0 0.135286 0.093596 0.008073 0.010340
0 0.135026 0.093596 0.008073 0.010340
0 0.135026 0.093596 0.008073 0.010340
0 0.134766 0.093596 0.008073 0.010340
0 0.134766 0.093596 0.008073 0.010340
0 0.134766 0.093596 0.008073 0.010340
0 0.134505 0.093596 0.008073 0.010340
0 0.134505 0.093596 0.008073 0.010340
0 0.134288 0.093596 0.007986 0.010340
0 0.134288 0.093596 0.007986 0.010340
0 0.134288 0.094059 0.007986 0.010340
0 0.134375 0.094059 0.007812 0.010340
0 0.134635 0.094290 0.007812 0.009877
0 0.134896 0.094522 0.007812 0.010340
0 0.135156 0.094676 0.007812 0.010031
0 0.135547 0.094907 0.007552 0.010494
0 0.135634 0.095139 0.007378 0.010031
0 0.135851 0.095139 0.007292 0.010031
0 0.136111 0.095602 0.007292 0.010031
0 0.136372 0.095602 0.007292 0.010031
0 0.136719 0.095988 0.007118 0.009877
0 0.136979 0.095988 0.007118 0.009877
0 0.137457 0.095988 0.007031 0.009877
0 0.137934 0.095988 0.007118 0.009877
0 0.138194 0.095988 0.007118 0.009877
0 0.138672 0.095988 0.007031 0.009877
0 0.139149 0.095988 0.007118 0.009877
0 0.139670 0.095988 0.007118 0.009877
0 0.139887 0.095988 0.007031 0.009877
0 0.140408 0.095988 0.007031 0.009877
0 0.140885 0.095988 0.007118 0.009877
