0 0.292622 0.304861 0.009028 0.015586
0 0.292535 0.307099 0.009201 0.014815
0 0.292535 0.309491 0.009201 0.013426
0 0.292535 0.312037 0.009201 0.012654
0 0.292535 0.314429 0.009201 0.011265
0 0.292535 0.317052 0.009201 0.010340
0 0.292535 0.319213 0.009201 0.009414
0 0.292535 0.321605 0.009201 0.008333
0 0.292535 0.324228 0.009201 0.007407
0 0.292535 0.326620 0.009201 0.006019
0 0.292535 0.329167 0.009201 0.005247
0 0.292535 0.329167 0.009201 0.005247
0 0.292535 0.329167 0.009201 0.005247
0 0.292535 0.329167 0.009201 0.005247
0 0.292535 0.329167 0.009201 0.005247
0 0.292535 0.329167 0.009201 0.005247
0 0.292535 0.329167 0.009201 0.005247
0 0.292535 0.329167 0.009201 0.005247
0 0.292535 0.329167 0.009201 0.005247
0 0.292535 0.329167 0.009201 0.005247
0 0.292535 0.329167 0.009201 0.005247
0 0.292535 0.329167 0.009201 0.005247
0 0.292535 0.329167 0.009201 0.005247
0 0.292535 0.329167 0.009201 0.005247
0 0.292535 0.329167 0.009201 0.005247
0 0.292535 0.329167 0.009201 0.005247
0 0.292535 0.329167 0.009201 0.005247
0 0.292535 0.329167 0.009201 0.005247
0 0.292535 0.329167 0.009201 0.005247
0 0.292535 0.329167 0.009201 0.005247
0 0.292535 0.329167 0.009201 0.005247
0 0.292535 0.329167 0.009201 0.005247
0 0.292535 0.329167 0.009201 0.005247
0 0.292535 0.329167 0.009201 0.005247
0 0.292535 0.329167 0.009201 0.005247
0 0.292535 0.329167 0.009201 0.005247
0 0.292535 0.329167 0.009201 0.005247
0 0.292535 0.329167 0.009201 0.005247
0 0.292535 0.329167 0.009201 0.005247
0 0.292535 0.329167 0.009201 0.005247
0 0.292535 0.329167 0.009201 0.005247
0 0.292535 0.329167 0.009201 0.005247
0 0.292535 0.329167 0.009201 0.005247
0 0.292535 0.329167 0.009201 0.005247
0 0.292535 0.329167 0.009201 0.005247
0 0.292535 0.329167 0.009201 0.005247
0 0.292535 0.329167 0.009201 0.005247
0 0.292535 0.329167 0.009201 0.005247
0 0.292535 0.329167 0.009201 0.005247
0 0.292535 0.329167 0.009201 0.005247
0 0.292535 0.329167 0.009201 0.005247
0 0.292535 0.329167 0.009201 0.005247
0 0.292535 0.329167 0.009201 0.005247
0 0.292535 0.329167 0.009201 0.005247
0 0.292535 0.329167 0.009201 0.005247
0 0.292535 0.329167 0.009201 0.005247
0 0.292535 0.329167 0.009201 0.005247
0 0.292535 0.329167 0.009201 0.005247
0 0.292535 0.329167 0.009201 0.005247
0 0.292535 0.329167 0.009201 0.005247
0 0.292535 0.329167 0.009201 0.005247
0 0.292535 0.329167 0.009201 0.005247
0 0.292535 0.329167 0.009201 0.005247
0 0.292535 0.329167 0.009201 0.005247
0 0.292535 0.329167 0.009201 0.005247
0 0.292535 0.329167 0.009201 0.005247
0 0.292535 0.329167 0.009201 0.005247
0 0.292535 0.329167 0.009201 0.005247
0 0.292535 0.329167 0.009201 0.005247
0 0.292535 0.329167 0.009201 0.005247
0 0.292535 0.329167 0.009201 0.005247
0 0.292535 0.329167 0.009201 0.005247
0 0.292535 0.329167 0.009201 0.005247
0 0.292535 0.329167 0.009201 0.005247
0 0.292535 0.329167 0.009201 0.005247
0 0.292535 0.329167 0.009201 0.005247
0 0.292535 0.329167 0.009201 0.005247
0 0.292535 0.329167 0.009201 0.005247
0 0.292535 0.329167 0.009201 0.005247
0 0.292535 0.329167 0.009201 0.005247
0 0.292535 0.329167 0.009201 0.005247
0 0.292535 0.329167 0.009201 0.005247
0 0.292535 0.329167 0.009201 0.005247
0 0.292535 0.329167 0.009201 0.005247
0 0.292535 0.329167 0.009201 0.005247
0 0.292535 0.329167 0.009201 0.005247
0 0.292535 0.329167 0.009201 0.005247
0 0.292535 0.329167 0.009201 0.005247
0 0.292535 0.329167 0.009201 0.005247
0 0.292535 0.329167 0.009201 0.005247
0 0.292535 0.329167 0.009201 0.005247
0 0.292535 0.329167 0.009201 0.005247
0 0.292535 0.329167 0.009201 0.005247
0 0.292535 0.329167 0.009201 0.005247
0 0.292535 0.329167 0.009201 0.005247
0 0.292535 0.329167 0.009201 0.005247
0 0.292535 0.329167 0.009201 0.005247
0 0.292535 0.329167 0.009201 0.005247
0 0.292535 0.329167 0.009201 0.005247
0 0.292535 0.329167 0.009201 0.005247
0 0.292535 0.329167 0.009201 0.005247
0 0.292535 0.329167 0.009201 0.005247
0 0.292535 0.329167 0.009201 0.005247
0 0.292535 0.329167 0.009201 0.005247
0 0.292535 0.329167 0.009201 0.005247
0 0.292535 0.329167 0.009201 0.005247
0 0.292535 0.329167 0.009201 0.005247
0 0.292535 0.329167 0.009201 0.005247
0 0.292535 0.329167 0.009201 0.005247
0 0.292535 0.329167 0.009201 0.005247
0 0.292535 0.329167 0.009201 0.005247
0 0.292535 0.329167 0.009201 0.005247
0 0.292535 0.329167 0.009201 0.005247
0 0.292535 0.329167 0.009201 0.005247
0 0.292535 0.329167 0.009201 0.005247
0 0.292535 0.329167 0.009201 0.005247
0 0.292535 0.329167 0.009201 0.005247
0 0.292535 0.329167 0.009201 0.005247
0 0.292535 0.329167 0.009201 0.005247
0 0.292535 0.329167 0.009201 0.005247
0 0.292535 0.329167 0.009201 0.005247
0 0.292535 0.329167 0.009201 0.005247
0 0.292535 0.329167 0.009201 0.005247
0 0.292535 0.329167 0.009201 0.005247
0 0.292535 0.329167 0.009201 0.005247
0 0.292535 0.329167 0.009201 0.005247
0 0.292535 0.329167 0.009201 0.005247
0 0.292535 0.329167 0.009201 0.005247
0 0.292535 0.329167 0.009201 0.005247
0 0.292535 0.329167 0.009201 0.005247
0 0.292535 0.329167 0.009201 0.005247
0 0.292535 0.329167 0.009201 0.005247
0 0.292535 0.329167 0.009201 0.005247
0 0.292535 0.329167 0.009201 0.005247
0 0.292535 0.329167 0.009201 0.005247
0 0.292535 0.329167 0.009201 0.005247
0 0.292535 0.329167 0.009201 0.005247
0 0.292535 0.329167 0.009201 0.005247
0 0.292535 0.329167 0.009201 0.005247
0 0.292535 0.329167 0.009201 0.005247
0 0.292535 0.329167 0.009201 0.005247
0 0.292535 0.329167 0.009201 0.005247
0 0.292535 0.329167 0.009201 0.005247
0 0.292535 0.329167 0.009201 0.005247
0 0.292535 0.329167 0.009201 0.005247
0 0.292535 0.329167 0.009201 0.005247
0 0.292535 0.329167 0.009201 0.005247
0 0.292535 0.329167 0.009201 0.005247
0 0.292535 0.329167 0.009201 0.005247
0 0.292535 0.329167 0.009201 0.005247
0 0.292535 0.329167 0.009201 0.005247
0 0.292535 0.329167 0.009201 0.005247
0 0.292535 0.329167 0.009201 0.005247
0 0.292535 0.329167 0.009201 0.005247
0 0.292535 0.329167 0.009201 0.005247
0 0.292535 0.329167 0.009201 0.005247
0 0.292535 0.329167 0.009201 0.005247
0 0.292535 0.329167 0.009201 0.005247
0 0.292535 0.329167 0.009201 0.005247
0 0.292535 0.329167 0.009201 0.005247
0 0.292535 0.329167 0.009201 0.005247
0 0.292535 0.329167 0.009201 0.005247
0 0.292535 0.329167 0.009201 0.005247
0 0.292535 0.329167 0.009201 0.005247
0 0.292535 0.329167 0.009201 0.005247
0 0.292535 0.329167 0.009201 0.005247
0 0.292535 0.329167 0.009201 0.005247
0 0.292535 0.329167 0.009201 0.005247
0 0.292535 0.329167 0.009201 0.005247
0 0.292535 0.329167 0.009201 0.005247
0 0.292535 0.329167 0.009201 0.005247
0 0.292535 0.329167 0.009201 0.005247
0 0.292535 0.329167 0.009201 0.005247
0 0.292535 0.329167 0.009201 0.005247
0 0.292535 0.329167 0.009201 0.005247
0 0.292535 0.329167 0.009201 0.005247
0 0.292535 0.329167 0.009201 0.005247
0 0.292535 0.329167 0.009201 0.005247
0 0.292535 0.329167 0.009201 0.005247
0 0.292535 0.329167 0.009201 0.005247
0 0.292535 0.329167 0.009201 0.005247
