0 0.153429 0.071914 0.005816 0.020062
0 0.153429 0.071914 0.005816 0.020062
0 0.153429 0.071914 0.005816 0.020062
0 0.153429 0.071914 0.005816 0.020062
0 0.153559 0.071914 0.005556 0.020062
0 0.153559 0.071914 0.005556 0.020062
0 0.153559 0.071914 0.005556 0.020062
0 0.153689 0.071914 0.005295 0.020062
0 0.153689 0.071914 0.005295 0.020062
0 0.153689 0.071914 0.005295 0.020062
0 0.153906 0.072377 0.005382 0.020062
0 0.153906 0.072377 0.005382 0.020062
0 0.153906 0.072377 0.005382 0.020062
0 0.153906 0.072377 0.005382 0.020062
0 0.154167 0.072377 0.005382 0.020062
0 0.154167 0.072377 0.005382 0.020062
0 0.154167 0.072377 0.005382 0.020062
0 0.154427 0.072377 0.005382 0.020062
0 0.154427 0.072377 0.005382 0.020062
0 0.154427 0.072377 0.005382 0.020062
0 0.154687 0.072377 0.005382 0.020062
0 0.154905 0.072377 0.005295 0.020062
0 0.155252 0.072377 0.005642 0.020062
0 0.155512 0.072377 0.005642 0.020062
0 0.156033 0.072377 0.005642 0.020062
0 0.156250 0.072377 0.005556 0.020062
0 0.156641 0.072377 0.005816 0.020062
0 0.156988 0.072377 0.005642 0.020062
0 0.157335 0.072377 0.005816 0.020062
0 0.157595 0.072377 0.005816 0.020062
0 0.158073 0.072762 0.005903 0.019907
0 0.158073 0.072377 0.005903 0.020062
0 0.158333 0.072377 0.005903 0.020062
0 0.158333 0.072377 0.005903 0.020062
0 0.158550 0.071914 0.005816 0.020062
0 0.158811 0.071914 0.005816 0.020062
0 0.158811 0.071914 0.005816 0.020062
0 0.159071 0.071528 0.005816 0.019907
0 0.159071 0.071528 0.005816 0.019907
0 0.159288 0.071528 0.005903 0.019907
0 0.159549 0.071528 0.005903 0.019907
0 0.159809 0.071528 0.005903 0.019907
0 0.160156 0.071528 0.005556 0.019907
0 0.160373 0.071682 0.005642 0.019599
0 0.160764 0.071682 0.005382 0.019599
0 0.161024 0.072145 0.005382 0.019599
0 0.161415 0.072145 0.005122 0.019599
0 0.161589 0.072145 0.005122 0.019599
0 0.161979 0.072377 0.004861 0.019136
0 0.162240 0.072377 0.004861 0.019136
0 0.162587 0.072840 0.004687 0.019136
0 0.162717 0.072840 0.004948 0.019136
0 0.162934 0.072840 0.004861 0.019136
0 0.163194 0.072840 0.004861 0.019136
0 0.163455 0.072840 0.004861 0.019136
0 0.163715 0.072840 0.004861 0.019136
0 0.163932 0.072840 0.004948 0.019136
0 0.164193 0.072840 0.004948 0.019136
0 0.164410 0.072840 0.004861 0.019136
0 0.164670 0.072840 0.004861 0.019136
0 0.164931 0.073225 0.004861 0.018981
0 0.165191 0.072840 0.004861 0.019136
0 0.165408 0.072840 0.004948 0.019136
0 0.165625 0.072840 0.004861 0.019136
0 0.166016 0.072840 0.004601 0.019136
0 0.166406 0.072840 0.004861 0.019136
0 0.166623 0.072840 0.004948 0.019136
0 0.166970 0.072840 0.004601 0.019136
0 0.167231 0.072840 0.004601 0.019136
0 0.167491 0.072840 0.004601 0.019136
0 0.167969 0.072840 0.004687 0.019136
0 0.168186 0.072840 0.004601 0.019136
0 0.168446 0.072840 0.004601 0.019136
0 0.168707 0.072840 0.004601 0.019136
0 0.168967 0.072840 0.004601 0.019136
0 0.169184 0.072840 0.004687 0.019136
0 0.169444 0.072840 0.004687 0.019136
0 0.169661 0.072840 0.004601 0.019136
0 0.169922 0.072840 0.004601 0.019136
0 0.170182 0.072840 0.004601 0.019136
0 0.170660 0.073225 0.004687 0.018981
0 0.170660 0.073225 0.004687 0.018981
0 0.170660 0.073225 0.004687 0.018981
0 0.170660 0.073225 0.004687 0.018981
0 0.170877 0.073225 0.004601 0.018981
0 0.170877 0.073225 0.004601 0.018981
0 0.170877 0.073225 0.004601 0.018981
0 0.171137 0.073225 0.004601 0.018981
0 0.171137 0.073225 0.004601 0.018981
0 0.171137 0.073225 0.004601 0.018981
0 0.171398 0.073688 0.004601 0.018981
0 0.171398 0.073688 0.004601 0.018981
0 0.171398 0.073688 0.004601 0.018981
0 0.171398 0.073688 0.004601 0.018981
0 0.171398 0.073688 0.004601 0.018981
0 0.171528 0.073688 0.004861 0.018981
0 0.171528 0.073688 0.004861 0.018981
0 0.171528 0.073688 0.004861 0.018981
0 0.171528 0.073688 0.004861 0.018981
0 0.171528 0.073688 0.004861 0.018981
0 0.171745 0.073688 0.004948 0.018981
0 0.171267 0.073688 0.004861 0.018981
0 0.171007 0.073688 0.004861 0.018981
0 0.170530 0.073688 0.004948 0.018981
0 0.170313 0.073688 0.004861 0.018981
0 0.169922 0.073688 0.004601 0.018981
0 0.169531 0.073688 0.004861 0.018981
0 0.169184 0.073688 0.004687 0.018981
0 0.168837 0.073688 0.004861 0.018981
0 0.168446 0.073688 0.004601 0.018981
0 0.168186 0.073688 0.004601 0.018981
0 0.167708 0.073688 0.004687 0.018981
0 0.167491 0.073688 0.004601 0.018981
0 0.166970 0.073688 0.004601 0.018981
0 0.166753 0.073688 0.004687 0.018981
0 0.166493 0.073688 0.004687 0.018981
0 0.166016 0.073688 0.004601 0.018981
0 0.165755 0.073688 0.004601 0.018981
0 0.165278 0.073688 0.004687 0.018981
0 0.165061 0.073688 0.004601 0.018981
0 0.164800 0.074074 0.004601 0.019136
0 0.164062 0.073688 0.004687 0.018981
0 0.163325 0.073688 0.004601 0.018981
0 0.162587 0.073688 0.004687 0.018981
0 0.161849 0.073688 0.004601 0.018981
0 0.161155 0.073688 0.004601 0.018981
0 0.160417 0.073688 0.004687 0.018981
0 0.159679 0.073688 0.004601 0.018981
0 0.158941 0.073688 0.004687 0.018981
0 0.158203 0.073688 0.004601 0.018981
0 0.157465 0.073688 0.004687 0.018981
0 0.156727 0.073688 0.004601 0.018981
0 0.156250 0.073688 0.004687 0.018981
0 0.155773 0.073688 0.004601 0.018981
0 0.155035 0.074074 0.004687 0.019136
0 0.154557 0.074074 0.004601 0.019136
0 0.154036 0.074074 0.004601 0.019136
0 0.153342 0.074537 0.004601 0.019136
0 0.152821 0.074537 0.004601 0.019136
0 0.152344 0.074537 0.004687 0.019136
0 0.151866 0.075000 0.004601 0.019136
0 0.150868 0.075000 0.004687 0.019136
0 0.150000 0.075000 0.004861 0.019136
0 0.149175 0.075000 0.004601 0.019136
0 0.148351 0.075000 0.004861 0.019136
0 0.147483 0.075386 0.004687 0.018981
0 0.146615 0.075386 0.004861 0.018981
0 0.145660 0.075386 0.004861 0.018981
0 0.144878 0.075386 0.004861 0.018981
0 0.143924 0.075386 0.004861 0.018981
0 0.143229 0.075849 0.004861 0.018981
0 0.142187 0.075849 0.004861 0.018981
0 0.141493 0.076235 0.004861 0.019136
0 0.140755 0.076235 0.004948 0.019136
0 0.139887 0.076698 0.004601 0.019136
0 0.139193 0.076698 0.004601 0.019136
0 0.138325 0.077160 0.004948 0.019136
0 0.137457 0.077160 0.004601 0.019136
0 0.136719 0.077623 0.004687 0.019136
0 0.135981 0.077623 0.004601 0.019136
0 0.135286 0.078009 0.004601 0.018981
0 0.134288 0.077778 0.004687 0.019444
0 0.133420 0.078009 0.004340 0.019907
0 0.132465 0.078009 0.004340 0.019907
0 0.131597 0.078241 0.004167 0.020370
0 0.130773 0.078241 0.003906 0.020370
0 0.129818 0.078472 0.003906 0.020833
0 0.128906 0.078472 0.003646 0.020833
0 0.127951 0.078704 0.003646 0.021296
0 0.127083 0.078704 0.003472 0.021296
0 0.126345 0.078858 0.003385 0.021605
0 0.125868 0.078858 0.003472 0.021605
0 0.125391 0.078858 0.003385 0.021605
0 0.124870 0.079090 0.003385 0.022068
0 0.124392 0.079090 0.003472 0.022068
0 0.123915 0.079321 0.003385 0.022531
0 0.123524 0.079321 0.003646 0.022531
0 0.123090 0.079552 0.003646 0.022994
0 0.122569 0.079552 0.003646 0.022994
0 0.122092 0.079784 0.003733 0.023457
0 0.121615 0.079784 0.003646 0.023457
