0 0.128082 0.077083 0.004427 0.016512
0 0.127821 0.077083 0.004427 0.016512
0 0.127561 0.077083 0.004427 0.016512
0 0.127344 0.077546 0.004340 0.016512
0 0.127083 0.077546 0.004340 0.016512
0 0.126866 0.078009 0.004427 0.016512
0 0.126606 0.078009 0.004427 0.016512
0 0.126345 0.078009 0.004427 0.016512
0 0.126128 0.078472 0.004340 0.016512
0 0.125868 0.078472 0.004340 0.016512
0 0.125651 0.078935 0.004427 0.016512
0 0.125651 0.078935 0.004427 0.016512
0 0.125651 0.078935 0.004427 0.016512
0 0.125651 0.078935 0.004427 0.016512
0 0.125651 0.078935 0.004427 0.016512
0 0.125651 0.078935 0.004427 0.016512
0 0.125651 0.078935 0.004427 0.016512
0 0.125651 0.078935 0.004427 0.016512
0 0.125651 0.078935 0.004427 0.016512
0 0.125651 0.078935 0.004427 0.016512
0 0.125651 0.078935 0.004427 0.016512
0 0.125651 0.078935 0.004427 0.016512
0 0.125651 0.078935 0.004427 0.016512
0 0.125651 0.078935 0.004427 0.016512
0 0.125651 0.078935 0.004427 0.016512
0 0.125651 0.078935 0.004427 0.016512
0 0.125651 0.078935 0.004427 0.016512
0 0.125651 0.078935 0.004427 0.016512
0 0.125651 0.078935 0.004427 0.016512
0 0.125651 0.078935 0.004427 0.016512
0 0.125651 0.078935 0.004427 0.016512
0 0.125651 0.078935 0.004427 0.016512
0 0.125651 0.078935 0.004427 0.016512
0 0.125651 0.078935 0.004427 0.016512
0 0.125868 0.078935 0.004340 0.016512
0 0.125868 0.079321 0.004340 0.016358
0 0.125868 0.079321 0.004340 0.016358
0 0.126128 0.079321 0.004340 0.016358
0 0.126128 0.079321 0.004340 0.016358
0 0.126128 0.079321 0.004340 0.016358
0 0.126345 0.079707 0.004427 0.016512
0 0.126345 0.079321 0.004427 0.016358
0 0.126345 0.079321 0.004427 0.016358
0 0.126345 0.079321 0.004427 0.016358
0 0.126606 0.079321 0.004427 0.016358
0 0.126606 0.079321 0.004427 0.016358
0 0.126606 0.079321 0.004427 0.016358
0 0.126866 0.079321 0.004427 0.016358
0 0.126866 0.079321 0.004427 0.016358
0 0.126866 0.079321 0.004427 0.016358
0 0.127083 0.079321 0.004340 0.016358
0 0.127083 0.078935 0.004340 0.016512
0 0.127083 0.078935 0.004340 0.016512
0 0.127083 0.078935 0.004340 0.016512
0 0.127344 0.078472 0.004340 0.016512
0 0.127344 0.078472 0.004340 0.016512
0 0.127344 0.078472 0.004340 0.016512
0 0.127561 0.078009 0.004427 0.016512
0 0.127561 0.078009 0.004427 0.016512
0 0.127561 0.078009 0.004427 0.016512
0 0.127821 0.078009 0.004427 0.016512
0 0.127821 0.077546 0.004427 0.016512
0 0.128082 0.077546 0.004427 0.016512
0 0.128082 0.077546 0.004427 0.016512
0 0.128299 0.077546 0.004340 0.016512
0 0.128299 0.077546 0.004340 0.016512
0 0.128559 0.077546 0.004340 0.016512
0 0.128559 0.077546 0.004340 0.016512
0 0.128776 0.077546 0.004427 0.016512
0 0.128776 0.077546 0.004427 0.016512
0 0.129036 0.077546 0.004427 0.016512
0 0.129036 0.077083 0.004427 0.016512
0 0.129036 0.077083 0.004427 0.016512
0 0.129297 0.076698 0.004427 0.016358
0 0.129297 0.076698 0.004427 0.016358
0 0.129557 0.076312 0.004427 0.016512
0 0.129557 0.076312 0.004427 0.016512
0 0.129557 0.075849 0.004427 0.016512
0 0.129774 0.075849 0.004340 0.016512
0 0.129774 0.075386 0.004340 0.016512
0 0.130035 0.075386 0.004340 0.016512
0 0.129774 0.074923 0.004340 0.016512
0 0.129774 0.074923 0.004340 0.016512
0 0.129557 0.074923 0.004427 0.016512
0 0.129557 0.074923 0.004427 0.016512
0 0.129297 0.074923 0.004427 0.016512
0 0.129297 0.074923 0.004427 0.016512
0 0.129036 0.074923 0.004427 0.016512
0 0.129036 0.074923 0.004427 0.016512
0 0.128776 0.074923 0.004427 0.016512
0 0.128776 0.074923 0.004427 0.016512
0 0.128559 0.074923 0.004340 0.016512
0 0.128299 0.074923 0.004340 0.016512
0 0.128082 0.074923 0.004427 0.016512
0 0.127821 0.074923 0.004427 0.016512
0 0.127561 0.075386 0.004427 0.016512
0 0.127344 0.075386 0.004340 0.016512
0 0.127083 0.075386 0.004340 0.016512
0 0.126866 0.075386 0.004427 0.016512
0 0.126606 0.075386 0.004427 0.016512
0 0.126606 0.075849 0.004427 0.016512
0 0.126345 0.075849 0.004427 0.016512
0 0.126128 0.075849 0.004340 0.016512
0 0.125868 0.075849 0.004340 0.016512
0 0.125651 0.075849 0.004427 0.016512
0 0.125651 0.075849 0.004427 0.016512
0 0.125391 0.075849 0.004427 0.016512
0 0.125130 0.075849 0.004427 0.016512
0 0.124870 0.075849 0.004427 0.016512
0 0.124653 0.075849 0.004340 0.016512
0 0.124653 0.076312 0.004340 0.016512
0 0.124175 0.076312 0.004427 0.016512
0 0.123655 0.076312 0.004427 0.016512
0 0.123177 0.076312 0.004340 0.016512
0 0.122830 0.076312 0.004167 0.016512
0 0.122439 0.076543 0.004427 0.016049
0 0.121962 0.076543 0.004340 0.016049
0 0.121615 0.076543 0.004167 0.016049
0 0.121094 0.076543 0.004167 0.016049
0 0.120616 0.076543 0.004080 0.016049
0 0.120399 0.076698 0.004167 0.015741
0 0.119878 0.076698 0.004167 0.015741
0 0.119401 0.076698 0.004080 0.015741
0 0.118924 0.076698 0.004167 0.015741
0 0.118663 0.077083 0.004167 0.015586
0 0.118186 0.077083 0.004080 0.015586
0 0.117708 0.077083 0.004167 0.015586
0 0.117448 0.077546 0.004167 0.015586
0 0.116970 0.077546 0.004080 0.015586
0 0.116493 0.077546 0.004167 0.015586
0 0.116233 0.078009 0.004167 0.015586
0 0.115972 0.078009 0.004167 0.015586
0 0.115712 0.078009 0.004167 0.015586
0 0.115495 0.078009 0.004080 0.015586
0 0.115278 0.078009 0.004167 0.015586
0 0.115017 0.078009 0.004167 0.015586
0 0.114757 0.078009 0.004167 0.015586
0 0.114497 0.078009 0.004167 0.015586
0 0.114280 0.078009 0.004080 0.015586
0 0.114062 0.078009 0.004167 0.015586
0 0.113802 0.078241 0.004167 0.015123
0 0.113542 0.078241 0.004167 0.015123
0 0.113542 0.078241 0.004167 0.015123
0 0.113281 0.078241 0.004167 0.015123
0 0.113281 0.078241 0.004167 0.015123
0 0.113064 0.078241 0.004080 0.015123
0 0.113064 0.078241 0.004080 0.015123
0 0.112847 0.078241 0.004167 0.015123
0 0.112847 0.078241 0.004167 0.015123
0 0.112587 0.078241 0.004167 0.015123
0 0.112587 0.078241 0.004167 0.015123
0 0.112587 0.078241 0.004167 0.015123
0 0.112587 0.078241 0.004167 0.015123
0 0.112587 0.078241 0.004167 0.015123
0 0.112587 0.078704 0.004167 0.015123
0 0.112587 0.078704 0.004167 0.015123
0 0.112587 0.078704 0.004167 0.015123
0 0.112587 0.079090 0.004167 0.015278
0 0.112587 0.079090 0.004167 0.015278
0 0.112587 0.079090 0.004167 0.015278
0 0.112587 0.079552 0.004167 0.015278
0 0.112587 0.079090 0.004167 0.015278
0 0.112587 0.079090 0.004167 0.015278
0 0.112587 0.079090 0.004167 0.015278
0 0.112587 0.079090 0.004167 0.015278
0 0.112587 0.079090 0.004167 0.015278
0 0.112587 0.078935 0.004167 0.015586
0 0.112587 0.078935 0.004167 0.015586
0 0.112587 0.078935 0.004167 0.015586
0 0.112587 0.078935 0.004167 0.015586
0 0.112587 0.078935 0.004167 0.015586
0 0.112587 0.078472 0.004167 0.015586
0 0.112587 0.078472 0.004167 0.015586
0 0.112587 0.078472 0.004167 0.015586
0 0.112587 0.078472 0.004167 0.015586
0 0.112587 0.078472 0.004167 0.015586
0 0.112587 0.078472 0.004167 0.015586
0 0.112587 0.078472 0.004167 0.015586
0 0.112587 0.078472 0.004167 0.015586
0 0.112587 0.078472 0.004167 0.015586
0 0.112587 0.078472 0.004167 0.015586
