0 0.100217 0.161728 0.006337 0.024383
0 0.100043 0.158256 0.006337 0.024228
0 0.099783 0.155247 0.006337 0.024383
0 0.099523 0.151775 0.006337 0.024228
0 0.099262 0.148688 0.006337 0.024228
0 0.099262 0.145679 0.006337 0.024383
0 0.099002 0.142207 0.006337 0.024228
0 0.098785 0.139198 0.006424 0.024383
0 0.098568 0.135725 0.006337 0.024228
0 0.098307 0.132639 0.006337 0.024228
0 0.098307 0.129630 0.006337 0.024383
0 0.098047 0.125309 0.006337 0.024383
0 0.097786 0.121373 0.006337 0.024228
0 0.097526 0.117052 0.006337 0.024228
0 0.097352 0.113117 0.006337 0.024383
0 0.097092 0.109259 0.006337 0.024383
0 0.096832 0.104938 0.006337 0.024383
0 0.096571 0.101003 0.006337 0.024228
0 0.096311 0.096682 0.006337 0.024228
0 0.096137 0.092747 0.006337 0.024383
0 0.095877 0.088812 0.006337 0.024228
0 0.095616 0.086651 0.006337 0.024228
0 0.095356 0.084954 0.006337 0.024228
0 0.095356 0.082793 0.006337 0.024228
0 0.095095 0.081019 0.006337 0.024383
0 0.095095 0.079321 0.006337 0.024383
0 0.094878 0.077160 0.006424 0.024383
0 0.094661 0.075386 0.006337 0.024228
0 0.094661 0.073225 0.006337 0.024228
0 0.094401 0.071528 0.006337 0.024228
0 0.094401 0.069753 0.006337 0.024383
0 0.094141 0.069753 0.006337 0.024383
0 0.094141 0.069753 0.006337 0.024383
0 0.094141 0.069753 0.006337 0.024383
0 0.094141 0.069753 0.006337 0.024383
0 0.094141 0.070216 0.006337 0.024383
0 0.093880 0.070216 0.006337 0.024383
0 0.093880 0.070216 0.006337 0.024383
0 0.093880 0.070216 0.006337 0.024383
0 0.093880 0.070216 0.006337 0.024383
0 0.093880 0.070602 0.006337 0.024228
0 0.093880 0.070602 0.006337 0.024228
0 0.093880 0.071065 0.006337 0.024228
0 0.093880 0.071528 0.006337 0.024228
0 0.093880 0.071914 0.006337 0.024383
0 0.093880 0.072377 0.006337 0.024383
0 0.093880 0.072377 0.006337 0.024383
0 0.093880 0.072762 0.006337 0.024228
0 0.093880 0.073225 0.006337 0.024228
0 0.093880 0.073688 0.006337 0.024228
0 0.093880 0.074074 0.006337 0.024383
0 0.093880 0.074074 0.006337 0.024383
0 0.094010 0.074074 0.006597 0.024383
0 0.094010 0.074306 0.006597 0.023920
0 0.094141 0.074537 0.006858 0.024383
0 0.094271 0.074769 0.007118 0.023920
0 0.094271 0.074769 0.007118 0.023920
0 0.094401 0.075000 0.007378 0.024383
0 0.094401 0.075231 0.007378 0.023920
0 0.094488 0.075231 0.007552 0.023920
0 0.094618 0.075617 0.007812 0.023765
0 0.094618 0.075617 0.007812 0.023765
0 0.094618 0.075617 0.007812 0.023765
0 0.094618 0.075617 0.007812 0.023765
0 0.094618 0.075617 0.007812 0.023765
0 0.094618 0.075617 0.007812 0.023765
0 0.094618 0.075617 0.007812 0.023765
0 0.094618 0.075617 0.007812 0.023765
0 0.094618 0.075617 0.007812 0.023765
0 0.094618 0.075617 0.007812 0.023765
0 0.094618 0.075617 0.007812 0.023765
0 0.094618 0.075617 0.007812 0.023765
0 0.094618 0.075617 0.007812 0.023765
0 0.094618 0.075617 0.007812 0.023765
0 0.094618 0.075617 0.007812 0.023765
0 0.094618 0.075617 0.007812 0.023765
0 0.094618 0.075617 0.007812 0.023765
0 0.094618 0.075617 0.007812 0.023765
0 0.094618 0.075617 0.007812 0.023765
0 0.094618 0.075617 0.007812 0.023765
0 0.094618 0.075617 0.007812 0.023765
0 0.094184 0.075617 0.007812 0.023765
0 0.093924 0.075617 0.007812 0.023765
0 0.093663 0.075617 0.007812 0.023765
0 0.093403 0.075617 0.007812 0.023765
0 0.093142 0.075617 0.007812 0.023765
0 0.092708 0.075617 0.007812 0.023765
0 0.092448 0.075617 0.007812 0.023765
0 0.092187 0.075617 0.007812 0.023765
0 0.091927 0.075617 0.007812 0.023765
0 0.091710 0.075617 0.007726 0.023765
0 0.091233 0.075617 0.007812 0.023765
0 0.090972 0.076080 0.007812 0.023765
0 0.090451 0.076466 0.007812 0.023920
0 0.090278 0.076929 0.007812 0.023920
0 0.090017 0.077392 0.007812 0.023920
0 0.089497 0.077392 0.007812 0.023920
0 0.089236 0.077778 0.007812 0.023765
0 0.088802 0.078241 0.007812 0.023765
0 0.088542 0.078627 0.007812 0.023920
0 0.088281 0.079090 0.007812 0.023920
0 0.088021 0.079090 0.007812 0.023920
0 0.087804 0.079090 0.007726 0.023920
0 0.087587 0.079090 0.007812 0.023920
0 0.087326 0.079090 0.007812 0.023920
0 0.087326 0.079090 0.007812 0.023920
0 0.087066 0.079090 0.007812 0.023920
0 0.086806 0.079090 0.007812 0.023920
0 0.086545 0.079090 0.007812 0.023920
0 0.086372 0.079090 0.007812 0.023920
0 0.086372 0.079090 0.007812 0.023920
0 0.086111 0.079090 0.007812 0.023920
0 0.086111 0.079090 0.007812 0.023920
0 0.086111 0.079090 0.007812 0.023920
0 0.086111 0.079090 0.007812 0.023920
0 0.086111 0.079090 0.007812 0.023920
0 0.085851 0.079090 0.007812 0.023920
0 0.085851 0.079090 0.007812 0.023920
0 0.085851 0.079090 0.007812 0.023920
0 0.085851 0.079090 0.007812 0.023920
0 0.085851 0.079090 0.007812 0.023920
0 0.085851 0.078627 0.007812 0.023920
0 0.085851 0.078627 0.007812 0.023920
0 0.085851 0.078627 0.007812 0.023920
0 0.085851 0.078627 0.007812 0.023920
0 0.085851 0.078627 0.007812 0.023920
0 0.085851 0.078241 0.007812 0.023765
0 0.085851 0.078241 0.007812 0.023765
0 0.085851 0.078241 0.007812 0.023765
0 0.085851 0.078241 0.007812 0.023765
0 0.085851 0.078241 0.007812 0.023765
0 0.085720 0.077623 0.007552 0.023457
0 0.085720 0.077392 0.007552 0.022994
0 0.085720 0.076929 0.007552 0.022994
0 0.085720 0.076698 0.007552 0.022531
0 0.085720 0.076466 0.007552 0.022068
0 0.085720 0.075849 0.007552 0.021759
0 0.085720 0.075617 0.007552 0.021296
0 0.085720 0.075154 0.007552 0.021296
0 0.085720 0.074923 0.007552 0.020833
0 0.085720 0.074691 0.007552 0.020370
0 0.085720 0.074691 0.007552 0.020370
0 0.085981 0.075154 0.007552 0.020370
0 0.086241 0.075154 0.007552 0.020370
0 0.086458 0.075617 0.007639 0.020370
0 0.086675 0.076080 0.007552 0.020370
0 0.086675 0.076080 0.007552 0.020370
0 0.086936 0.076543 0.007552 0.020370
0 0.087196 0.076543 0.007552 0.020370
0 0.087457 0.076929 0.007552 0.020525
0 0.087717 0.077315 0.007552 0.020370
0 0.087804 0.078009 0.007378 0.020833
0 0.088021 0.078935 0.007292 0.020833
0 0.088281 0.079475 0.007292 0.021296
0 0.088542 0.080401 0.007292 0.021296
0 0.088802 0.081250 0.007292 0.021142
0 0.089019 0.081944 0.007378 0.021605
0 0.089280 0.082793 0.007378 0.021759
0 0.089497 0.083410 0.007292 0.022068
0 0.089757 0.084336 0.007292 0.022068
0 0.090017 0.085185 0.007292 0.022222
0 0.090148 0.086265 0.007552 0.021605
0 0.090365 0.087577 0.007639 0.021759
0 0.090582 0.088889 0.007552 0.021605
0 0.090842 0.090123 0.007552 0.021605
0 0.091233 0.091435 0.007812 0.021759
0 0.091363 0.092747 0.008073 0.021605
0 0.091580 0.094059 0.007986 0.021759
0 0.091840 0.095370 0.007986 0.021605
0 0.092057 0.096682 0.008073 0.021759
0 0.092448 0.097994 0.008333 0.021605
0 0.092448 0.099306 0.008333 0.021759
0 0.092708 0.100540 0.008333 0.021759
0 0.092925 0.102315 0.008247 0.021605
0 0.092925 0.103627 0.008247 0.021759
0 0.093186 0.105324 0.008247 0.021759
0 0.093403 0.106636 0.008333 0.021605
0 0.093663 0.108410 0.008333 0.021759
0 0.093663 0.109645 0.008333 0.021759
0 0.093924 0.111420 0.008333 0.021605
0 0.094141 0.112731 0.008247 0.021759
