0 0.514258 0.532734 0.010218 0.045720
0 0.484465 0.540106 0.011517 0.028309
0 0.493319 0.531400 0.009301 0.024280
0 0.635753 0.540106 0.009269 0.025627
0 0.642773 0.548811 0.009269 0.024293
0 0.659749 0.528719 0.010000 0.026962
0 0.446376 0.643699 0.009541 0.041229
0 0.459290 0.629630 0.019869 0.037213
0 0.421659 0.629630 0.011015 0.037213
0 0.432445 0.632536 0.011572 0.032299
0 0.437707 0.615112 0.014334 0.026922
0 0.429039 0.603937 0.010284 0.023355
0 0.437151 0.590317 0.013231 0.030938
0 0.435404 0.568547 0.008614 0.023554
0 0.462249 0.546988 0.008057 0.035390
0 0.454498 0.535826 0.010273 0.031810
0 0.667238 0.551678 0.012806 0.026011
