0 0.363932 0.525368 0.011429 0.045540
0 0.330610 0.532711 0.012882 0.028197
0 0.340513 0.524039 0.010403 0.024184
0 0.499817 0.532711 0.010366 0.025526
0 0.507668 0.541382 0.010366 0.024197
0 0.526654 0.521368 0.011184 0.026855
0 0.288010 0.635895 0.010672 0.041066
0 0.302454 0.621882 0.022222 0.037066
0 0.260366 0.621882 0.012320 0.037066
0 0.272430 0.624776 0.012943 0.032171
0 0.278315 0.607421 0.016032 0.026816
0 0.268620 0.596289 0.011502 0.023263
0 0.277692 0.582724 0.014799 0.030816
0 0.275739 0.561039 0.009634 0.023461
0 0.305763 0.539566 0.009011 0.035250
0 0.297094 0.528447 0.011490 0.031684
0 0.535030 0.544237 0.014322 0.025908
