0 0.026081 0.718911 0.052162 0.185573
0 0.075405 0.699814 0.052518 0.179198
0 0.152063 0.671404 0.025633 0.131948
0 0.300341 0.618324 0.028222 0.063997
0 0.326159 0.666089 0.031380 0.078883
0 0.372518 0.650172 0.039801 0.108596
0 0.434154 0.634255 0.049260 0.076748
0 0.466814 0.645129 0.032404 0.082579
0 0.679630 0.666103 0.040782 0.095860
0 0.714922 0.690516 0.060782 0.176533
0 0.729147 0.611963 0.019701 0.032149
0 0.771280 0.691060 0.066046 0.215817
0 0.822902 0.689470 0.106060 0.231734
0 0.916942 0.709370 0.094979 0.204671
0 0.864267 0.628152 0.033883 0.050731
