0 0.044372 0.693351 0.070345 0.168879
0 0.102083 0.675971 0.050924 0.163077
0 0.176414 0.650117 0.024855 0.120078
0 0.320193 0.601812 0.027366 0.058240
0 0.345228 0.645280 0.030428 0.071786
0 0.390179 0.630795 0.038593 0.098827
0 0.449945 0.616310 0.047766 0.069844
0 0.481614 0.626206 0.031421 0.075150
0 0.687972 0.645293 0.039545 0.087236
0 0.722193 0.667510 0.058938 0.160652
0 0.735986 0.596023 0.019103 0.029257
0 0.776841 0.668005 0.064041 0.196402
0 0.826897 0.666558 0.102841 0.210887
0 0.918083 0.684668 0.092097 0.186258
0 0.867007 0.610756 0.032855 0.046167
