0 0.638557 0.945282 0.090284 0.063390
0 0.468112 0.936677 0.071168 0.094564
0 0.666832 0.854161 0.074166 0.114310
0 0.261614 0.881300 0.049290 0.072843
0 0.141194 0.833678 0.055553 0.061047
0 0.319469 0.846801 0.065225 0.086610
0 0.346653 0.796636 0.053822 0.075375
0 0.585450 0.803288 0.071579 0.100242
0 0.682820 0.718536 0.050851 0.059853
0 0.444948 0.844856 0.060960 0.094827
0 0.439733 0.757640 0.045625 0.065046
0 0.609589 0.606733 0.044802 0.066821
0 0.564659 0.599732 0.057146 0.079055
0 0.513157 0.650764 0.051453 0.064724
0 0.424474 0.681316 0.046430 0.063478
0 0.409656 0.727439 0.046039 0.071041
