0 0.960910 0.632997 0.054537 0.136701
0 0.934336 0.625340 0.042539 0.144350
0 0.818395 0.632283 0.039568 0.138131
0 0.895332 0.646158 0.051983 0.119948
0 0.861474 0.638975 0.040841 0.117080
0 0.858472 0.634910 0.019414 0.117554
0 0.705887 0.561921 0.043457 0.095030
0 0.474005 0.553781 0.037508 0.124703
0 0.524367 0.566227 0.032785 0.103643
0 0.542585 0.553307 0.030633 0.106512
0 0.320988 0.496348 0.024691 0.090215
0 0.285409 0.497786 0.030702 0.081602
0 0.249406 0.494195 0.025563 0.088777
0 0.224761 0.479595 0.025139 0.073936
0 0.195833 0.506632 0.036721 0.073471
0 0.027168 0.453514 0.020903 0.076322
0 0.017955 0.474806 0.020478 0.064367
0 0.082461 0.472420 0.028603 0.094040
0 0.112677 0.475771 0.024738 0.083506
0 0.133248 0.481266 0.029877 0.080164
0 0.148465 0.457812 0.021728 0.050474
