0 0.836786 0.642857 0.022143 0.026667
0 0.075000 0.364762 0.018571 0.032381
0 0.301071 0.496190 0.016429 0.028571
0 0.371786 0.478095 0.006429 0.020952
0 0.442143 0.406190 0.008571 0.027619
0 0.401429 0.432857 0.008571 0.029524
0 0.418929 0.391905 0.015000 0.037143
0 0.378571 0.082857 0.008571 0.036190
0 0.328929 0.013810 0.007857 0.021905
0 0.307500 0.259524 0.010714 0.027619
0 0.326071 0.058095 0.012143 0.017143
0 0.301429 0.260476 0.014286 0.037143
0 0.318571 0.052857 0.014286 0.027619
0 0.371786 0.459524 0.010714 0.025714
