0 0.316500 0.286333 0.072000 0.035333
0 0.518500 0.084000 0.041000 0.045333
0 0.498500 0.127667 0.052000 0.043333
0 0.484750 0.176000 0.072500 0.044000
0 0.436750 0.201000 0.019500 0.036667
0 0.411750 0.243667 0.028500 0.048667
0 0.425250 0.830667 0.006500 0.022667
0 0.438750 0.759333 0.006500 0.020000
0 0.449250 0.762333 0.008500 0.022000
0 0.463000 0.755667 0.007000 0.019333
0 0.440250 0.499333 0.021500 0.042667
0 0.441500 0.453000 0.007000 0.012667
0 0.331000 0.405000 0.012000 0.016667
0 0.354500 0.392000 0.009000 0.013333
0 0.783250 0.282667 0.020500 0.006667
