0 0.460000 0.940667 0.016000 0.034667
0 0.474000 0.809667 0.013000 0.040667
0 0.469750 0.627333 0.010500 0.033333
0 0.459500 0.628333 0.011000 0.036667
0 0.462000 0.477000 0.007000 0.026000
0 0.438500 0.420000 0.006000 0.025333
0 0.512250 0.395667 0.005500 0.026000
0 0.512250 0.392333 0.006500 0.024667
0 0.435500 0.352333 0.005000 0.016667
0 0.456000 0.311667 0.004000 0.014000
0 0.459000 0.309000 0.005000 0.019333
0 0.486250 0.279333 0.005500 0.018667
0 0.483500 0.266667 0.005000 0.014667
0 0.503000 0.279000 0.007000 0.020667
0 0.399500 0.316333 0.006000 0.019333
0 0.402250 0.314000 0.006500 0.018667
0 0.407500 0.313667 0.008000 0.020667
0 0.492750 0.243000 0.004500 0.015333
0 0.482750 0.225000 0.005500 0.015333
0 0.462500 0.088333 0.034000 0.111333
0 0.306250 0.142000 0.094500 0.089333
0 0.066250 0.204000 0.066500 0.036000
