0 0.699632 0.598693 0.011029 0.049673
0 0.708824 0.586928 0.014706 0.054902
0 0.756985 0.496732 0.009559 0.041830
0 0.820221 0.606536 0.018382 0.052288
0 0.870221 0.539216 0.012500 0.045752
0 0.823897 0.552941 0.011029 0.057516
0 0.836765 0.550980 0.010294 0.053595
0 0.720588 0.474510 0.008824 0.026144
0 0.709926 0.472549 0.006618 0.032680
0 0.796691 0.467974 0.009559 0.036601
0 0.805515 0.471895 0.006618 0.026144
0 0.500735 0.371895 0.004412 0.022222
0 0.544485 0.372549 0.005147 0.023529
0 0.641544 0.450327 0.009559 0.037908
0 0.633456 0.451634 0.008088 0.030065
0 0.658088 0.441176 0.007353 0.032680
0 0.089706 0.593464 0.016176 0.065359
0 0.186397 0.542484 0.012500 0.054902
0 0.197426 0.546405 0.012500 0.054902
0 0.208824 0.538562 0.007353 0.033987
0 0.301838 0.381046 0.005147 0.019608
0 0.506618 0.283660 0.060294 0.047059
