0 0.160662 0.033333 0.052206 0.066667
0 0.013235 0.037255 0.025000 0.074510
0 0.760662 0.364052 0.009559 0.045752
0 0.658824 0.381699 0.011765 0.047059
0 0.530515 0.620915 0.011029 0.067974
0 0.691912 0.860131 0.026471 0.078431
0 0.287868 0.845098 0.015441 0.071895
0 0.275735 0.408497 0.008824 0.045752
0 0.279044 0.403268 0.006618 0.045752
0 0.083456 0.310458 0.015441 0.043137
0 0.099632 0.312418 0.011029 0.044444
0 0.186397 0.124837 0.006618 0.024837
0 0.203676 0.156863 0.007353 0.031373
0 0.209559 0.153595 0.005882 0.035294
0 0.093382 0.199346 0.007353 0.040523
0 0.105515 0.210458 0.006618 0.033987
0 0.110662 0.213072 0.005147 0.028758
0 0.134926 0.206536 0.006618 0.033987
0 0.161397 0.215033 0.008088 0.040523
0 0.168382 0.213725 0.008824 0.037908
0 0.175000 0.139869 0.014706 0.039216
0 0.183088 0.207843 0.004412 0.031373
0 0.112132 0.050980 0.003676 0.020915
0 0.113971 0.052941 0.004412 0.016993
0 0.118015 0.030719 0.005147 0.024837
