0 0.711979 0.880556 0.242708 0.231481
0 0.301563 0.850926 0.019792 0.072222
0 0.295312 0.838889 0.019792 0.081481
0 0.334896 0.740741 0.015625 0.062963
0 0.347396 0.679630 0.013542 0.051852
0 0.326562 0.692593 0.007292 0.044444
0 0.573438 0.936111 0.015625 0.064815
0 0.408333 0.470370 0.008333 0.033333
0 0.735938 0.715741 0.021875 0.079630
0 0.575000 0.437963 0.010417 0.038889
0 0.569792 0.436111 0.010417 0.038889
0 0.401042 0.472222 0.010417 0.029630
0 0.434896 0.431481 0.009375 0.040741
0 0.426563 0.431481 0.009375 0.033333
0 0.418229 0.437963 0.009375 0.035185
0 0.410938 0.436111 0.009375 0.035185
0 0.578646 0.364815 0.007292 0.025926
0 0.583854 0.357407 0.007292 0.037037
0 0.590104 0.362037 0.007292 0.031481
0 0.571354 0.191667 0.259375 0.220370
0 0.286979 0.240741 0.311458 0.133333
