0 0.869118 0.425490 0.011765 0.045752
0 0.854779 0.424183 0.011029 0.048366
0 0.683824 0.509150 0.011765 0.048366
0 0.636029 0.452941 0.010294 0.050980
0 0.623162 0.445752 0.012500 0.052288
0 0.601103 0.369281 0.009559 0.037908
0 0.431250 0.410458 0.009559 0.041830
0 0.362868 0.176471 0.006618 0.028758
0 0.320956 0.086928 0.005147 0.019608
0 0.333824 0.123529 0.025000 0.019608
0 0.298529 0.019608 0.026471 0.039216
0 0.150735 0.065359 0.004412 0.015686
0 0.145956 0.064706 0.003676 0.014379
0 0.340809 0.295425 0.009559 0.039216
0 0.156618 0.201961 0.007353 0.030065
0 0.194485 0.124183 0.006618 0.020915
0 0.187500 0.123529 0.004412 0.024837
0 0.272426 0.056863 0.003676 0.014379
0 0.272794 0.051634 0.004412 0.016993
0 0.263603 0.015033 0.002206 0.009150
0 0.259926 0.009150 0.002206 0.010458
