0 0.853646 0.346296 0.276042 0.112963
0 0.614062 0.222222 0.118750 0.188889
0 0.306510 0.180093 0.116146 0.137963
0 0.419010 0.089352 0.113021 0.150926
0 0.219531 0.731019 0.013021 0.054630
0 0.201302 0.704630 0.010937 0.053704
0 0.177604 0.711111 0.010417 0.048148
0 0.179167 0.703704 0.012500 0.050000
0 0.153385 0.721759 0.010937 0.050926
0 0.153646 0.698148 0.012500 0.053704
0 0.224219 0.426389 0.008854 0.034259
0 0.270313 0.405093 0.007292 0.034259
0 0.257292 0.373611 0.009375 0.030556
0 0.233854 0.387963 0.007292 0.031481
0 0.239063 0.378704 0.007292 0.031481
0 0.377083 0.300463 0.005208 0.025000
0 0.357812 0.344907 0.005208 0.026852
0 0.216667 0.291204 0.008333 0.023148
0 0.238281 0.259259 0.005729 0.020370
0 0.728906 0.502778 0.010937 0.037037
0 0.617708 0.325463 0.006250 0.028704
0 0.510417 0.277778 0.006250 0.018519
0 0.467187 0.182407 0.003125 0.014815
0 0.472135 0.183333 0.004687 0.014815
0 0.398438 0.178241 0.003125 0.015741
