0 0.300000 0.865482 0.010000 0.025381
0 0.354643 0.805838 0.009286 0.025381
0 0.347143 0.788071 0.010000 0.030457
0 0.365000 0.522208 0.010000 0.036802
0 0.391786 0.419416 0.007857 0.024112
0 0.246786 0.234772 0.010714 0.035533
0 0.381786 0.234137 0.006429 0.034264
0 0.393214 0.226523 0.009286 0.034264
0 0.506071 0.145305 0.006429 0.034264
0 0.422500 0.163071 0.007857 0.036802
0 0.456071 0.147208 0.006429 0.025381
0 0.497857 0.147208 0.005714 0.022843
0 0.533929 0.049492 0.006429 0.032995
0 0.484286 0.113579 0.007143 0.024112
0 0.488214 0.116117 0.005000 0.024112
0 0.490000 0.076142 0.004286 0.020305
0 0.493571 0.051396 0.007143 0.029188
0 0.509643 0.058376 0.006429 0.027919
0 0.504643 0.050761 0.006429 0.032995
0 0.538929 0.027919 0.006429 0.027919
