0 0.214286 0.300000 0.028571 0.032381
0 0.266071 0.324286 0.059286 0.050476
0 0.422857 0.438095 0.010000 0.045714
0 0.441429 0.405714 0.011429 0.038095
0 0.438214 0.343810 0.030714 0.032381
0 0.577143 0.285714 0.011429 0.026667
0 0.917500 0.616667 0.019286 0.054286
0 0.906429 0.584762 0.021429 0.057143
0 0.890357 0.213333 0.016429 0.019048
0 0.918929 0.193810 0.022143 0.020000
0 0.911071 0.263333 0.006429 0.014286
0 0.975000 0.254762 0.018571 0.025714
0 0.953571 0.342857 0.032857 0.051429
0 0.667857 0.245714 0.005714 0.017143
0 0.535357 0.322857 0.006429 0.017143
0 0.542500 0.323333 0.005000 0.016190
