0 0.460662 0.839869 0.013971 0.050980
0 0.325368 0.487582 0.008088 0.033987
0 0.365809 0.320915 0.005147 0.019608
0 0.369853 0.315686 0.005882 0.027451
0 0.477206 0.256209 0.004412 0.018301
0 0.515074 0.135948 0.031618 0.047059
0 0.385294 0.072549 0.019118 0.079739
0 0.449265 0.084314 0.030882 0.087582
0 0.362500 0.045752 0.027941 0.023529
0 0.414706 0.065359 0.035294 0.047059
0 0.701103 0.474510 0.005147 0.033987
0 0.695221 0.465359 0.005147 0.031373
0 0.698529 0.469281 0.005882 0.033987
0 0.430515 0.122876 0.003676 0.013072
