0 0.273500 0.130667 0.020000 0.014667
0 0.302000 0.098333 0.004000 0.010000
0 0.614250 0.386333 0.005500 0.014000
0 0.626250 0.376333 0.004500 0.014000
0 0.666500 0.398000 0.004000 0.014667
0 0.651000 0.349667 0.004000 0.014000
0 0.657000 0.353667 0.004000 0.014000
0 0.661750 0.315000 0.004500 0.011333
0 0.685250 0.308000 0.003500 0.012000
0 0.688000 0.307667 0.003000 0.012667
0 0.105750 0.930000 0.015500 0.024000
0 0.187250 0.713000 0.007500 0.020667
0 0.234750 0.483000 0.015500 0.022000
0 0.226500 0.508667 0.019000 0.021333
0 0.248500 0.464333 0.016000 0.022000
0 0.610750 0.186000 0.004500 0.010667
0 0.666250 0.072333 0.039500 0.055333
0 0.708500 0.066333 0.024000 0.043333
