0 0.945714 0.480330 0.010000 0.031726
0 0.955357 0.478426 0.010714 0.035533
0 0.915357 0.452411 0.010714 0.026650
0 0.909286 0.429569 0.010000 0.029188
0 0.913929 0.432107 0.007857 0.026650
0 0.898571 0.413071 0.007143 0.021574
0 0.741071 0.238579 0.006429 0.027919
0 0.646786 0.095812 0.006429 0.024112
0 0.641071 0.093909 0.005000 0.027919
0 0.616071 0.095812 0.005000 0.024112
0 0.571429 0.017766 0.012857 0.027919
0 0.564643 0.010152 0.005000 0.020305
0 0.529643 0.019036 0.005000 0.020305
0 0.537143 0.017766 0.004286 0.022843
0 0.542500 0.018401 0.005000 0.024112
0 0.548929 0.015228 0.005000 0.025381
