0 0.430515 0.239216 0.041912 0.028758
0 0.488971 0.180392 0.089706 0.067974
0 0.552206 0.259477 0.033824 0.030065
0 0.438971 0.272549 0.002941 0.014379
0 0.436029 0.273203 0.002941 0.013072
0 0.418382 0.295425 0.002941 0.015686
0 0.416544 0.296078 0.002206 0.014379
0 0.401471 0.284314 0.002941 0.014379
0 0.398897 0.284314 0.002206 0.014379
0 0.390809 0.311765 0.003676 0.016993
0 0.489338 0.256209 0.002206 0.010458
0 0.571691 0.306536 0.002206 0.014379
0 0.568015 0.310458 0.002206 0.014379
0 0.569118 0.308497 0.002941 0.015686
0 0.734559 0.483007 0.008824 0.027451
0 0.667647 0.405229 0.005882 0.026144
0 0.672426 0.411111 0.003676 0.014379
0 0.676471 0.408497 0.004412 0.022222
0 0.681250 0.412418 0.005147 0.019608
0 0.296324 0.639869 0.008824 0.045752
0 0.304412 0.643791 0.007353 0.027451
0 0.254412 0.608497 0.007353 0.037908
0 0.267279 0.606536 0.009559 0.036601
0 0.131618 0.754902 0.013235 0.050980
0 0.239338 0.490196 0.006618 0.020915
0 0.135662 0.424183 0.005147 0.027451
0 0.150000 0.415686 0.005882 0.026144
0 0.137132 0.456863 0.005147 0.027451
0 0.139706 0.455556 0.004412 0.027451
0 0.144853 0.454248 0.005882 0.024837
0 0.152574 0.450327 0.006618 0.027451
0 0.237132 0.305882 0.003676 0.018301
0 0.304779 0.339869 0.003676 0.015686
0 0.319853 0.318301 0.008824 0.009150
