0 0.623177 0.942593 0.007812 0.038889
0 0.615365 0.933796 0.009896 0.045370
0 0.575781 0.729630 0.007812 0.042593
0 0.577865 0.693056 0.007812 0.045370
0 0.568229 0.694907 0.009375 0.043519
0 0.039844 0.955093 0.010937 0.039815
0 0.180990 0.801389 0.011979 0.043519
0 0.192448 0.643056 0.007812 0.039815
0 0.208073 0.637500 0.007812 0.043519
0 0.226042 0.651389 0.008333 0.039815
0 0.572656 0.581944 0.008854 0.036111
0 0.559375 0.538889 0.006250 0.033333
0 0.390885 0.321296 0.002604 0.014815
0 0.483854 0.186574 0.057292 0.054630
0 0.527344 0.407870 0.004687 0.021296
0 0.526823 0.382407 0.002604 0.022222
0 0.507031 0.306944 0.003646 0.013889
