0 0.263214 0.657619 0.010714 0.008571
0 0.190714 0.534286 0.008571 0.009524
0 0.249286 0.447619 0.010000 0.011429
0 0.262500 0.442857 0.009286 0.011429
0 0.274643 0.397143 0.009286 0.011429
0 0.255000 0.287143 0.007143 0.010476
0 0.249286 0.279524 0.007143 0.010476
0 0.258214 0.275238 0.012143 0.013333
0 0.337500 0.256190 0.009286 0.019048
0 0.327143 0.129524 0.008571 0.017143
0 0.574643 0.660000 0.012143 0.017143
0 0.612857 0.621905 0.008571 0.007619
0 0.430357 0.497619 0.006429 0.008571
0 0.369643 0.435238 0.006429 0.013333
0 0.508571 0.079524 0.005714 0.012381
0 0.498929 0.068095 0.006429 0.018095
0 0.664643 0.940952 0.007857 0.011429
0 0.751429 0.532857 0.010000 0.010476
0 0.866071 0.067619 0.006429 0.011429
0 0.865357 0.062381 0.009286 0.016190
