0 0.236765 0.815033 0.019118 0.084967
0 0.097794 0.721569 0.030882 0.075817
0 0.344485 0.391503 0.006618 0.030065
0 0.342279 0.303922 0.006618 0.030065
0 0.379044 0.230065 0.005147 0.018301
0 0.383824 0.228758 0.002941 0.018301
0 0.386397 0.229412 0.003676 0.019608
0 0.383088 0.170588 0.002941 0.014379
0 0.400735 0.128758 0.011765 0.016993
0 0.393382 0.143137 0.011765 0.016993
0 0.395221 0.163399 0.002206 0.013072
0 0.388971 0.159477 0.007353 0.013072
0 0.381618 0.158170 0.004412 0.007843
0 0.990074 0.374510 0.016912 0.037908
0 0.750368 0.407843 0.015441 0.013072
0 0.740809 0.388889 0.019853 0.019608
0 0.696324 0.328105 0.008824 0.015686
0 0.678309 0.320915 0.025735 0.014379
0 0.722794 0.338562 0.008824 0.033987
0 0.720221 0.331373 0.009559 0.035294
0 0.709191 0.314379 0.006618 0.030065
0 0.688603 0.298039 0.005147 0.023529
0 0.442279 0.054902 0.013971 0.018301
0 0.450368 0.070588 0.005147 0.010458
0 0.461397 0.088889 0.008088 0.018301
0 0.454412 0.100654 0.011765 0.013072
0 0.479779 0.167974 0.002206 0.014379
0 0.458088 0.113725 0.007353 0.010458
0 0.490074 0.100654 0.011029 0.007843
0 0.495956 0.115686 0.009559 0.016993
0 0.508824 0.128758 0.008824 0.016993
0 0.579779 0.251634 0.005147 0.024837
0 0.577206 0.201307 0.010294 0.018301
0 0.508456 0.141830 0.005147 0.009150
0 0.529779 0.173856 0.003676 0.018301
