0 0.571875 0.218056 0.060417 0.028704
0 0.097135 0.428704 0.029687 0.029630
0 0.499219 0.259722 0.019271 0.013889
0 0.740885 0.193056 0.054688 0.019444
0 0.729688 0.376852 0.004167 0.024074
0 0.709635 0.376389 0.003646 0.028704
0 0.705469 0.379630 0.005729 0.025926
0 0.556510 0.378704 0.005729 0.027778
0 0.546615 0.365741 0.003646 0.029630
0 0.533333 0.363426 0.004167 0.026852
0 0.501823 0.349537 0.004687 0.025000
0 0.329167 0.346296 0.005208 0.018519
0 0.295573 0.491204 0.008854 0.037963
0 0.281250 0.491204 0.006250 0.034259
0 0.286979 0.511574 0.007292 0.041667
0 0.458073 0.386111 0.007812 0.024074
