0 0.453309 0.775163 0.008088 0.041830
0 0.416912 0.674510 0.007353 0.036601
0 0.403676 0.687582 0.007353 0.036601
0 0.388235 0.687582 0.007353 0.036601
0 0.463235 0.687582 0.007353 0.036601
0 0.468382 0.683007 0.005882 0.035294
0 0.479412 0.680392 0.005882 0.035294
0 0.473162 0.677778 0.006618 0.035294
0 0.106250 0.281046 0.012500 0.015686
0 0.444853 0.513072 0.004412 0.035294
0 0.589338 0.802614 0.008088 0.044444
0 0.601471 0.794771 0.008824 0.041830
0 0.596691 0.788235 0.009559 0.039216
0 0.365074 0.642484 0.005147 0.027451
0 0.368015 0.558824 0.033088 0.040523
0 0.438971 0.520261 0.005882 0.028758
0 0.320588 0.478431 0.004412 0.023529
0 0.295221 0.375817 0.005147 0.016993
0 0.293750 0.318301 0.003676 0.016993
0 0.078309 0.176471 0.122794 0.057516
0 0.285294 0.128105 0.054412 0.091503
0 0.455882 0.110458 0.230882 0.030065
