0 0.457857 0.341905 0.037143 0.020952
0 0.397143 0.352381 0.007143 0.013333
0 0.392857 0.338095 0.004286 0.009524
0 0.427500 0.375238 0.015000 0.015238
0 0.428214 0.309048 0.005000 0.006667
0 0.351429 0.305238 0.024286 0.021905
0 0.426429 0.658571 0.014286 0.050476
0 0.405357 0.549524 0.010714 0.026667
0 0.533214 0.523333 0.015000 0.023810
0 0.417857 0.481905 0.007143 0.011429
0 0.451071 0.400476 0.005000 0.008571
0 0.478214 0.397143 0.002143 0.007619
0 0.613571 0.710000 0.018571 0.025714
0 0.585357 0.664762 0.009286 0.020952
0 0.570000 0.637619 0.004286 0.012381
0 0.567143 0.627143 0.002857 0.010476
0 0.569286 0.613333 0.004286 0.011429
0 0.559286 0.578095 0.007143 0.017143
0 0.495357 0.448571 0.016429 0.022857
0 0.510714 0.524762 0.010000 0.013333
0 0.315000 0.418095 0.008571 0.009524
0 0.268214 0.424762 0.010714 0.007619
0 0.318929 0.440000 0.002143 0.007619
0 0.295000 0.388571 0.001429 0.005714
0 0.223571 0.307143 0.060000 0.020000
