0 0.120357 0.185714 0.025000 0.070476
0 0.142500 0.310952 0.046429 0.023810
0 0.820000 0.258571 0.027143 0.035238
0 0.863214 0.220476 0.033571 0.037143
0 0.898929 0.187619 0.035000 0.034286
0 0.797857 0.286667 0.012857 0.013333
0 0.803214 0.576190 0.033571 0.019048
0 0.275714 0.581429 0.004286 0.012381
0 0.287857 0.584762 0.004286 0.011429
0 0.114643 0.461429 0.003571 0.010476
0 0.158929 0.461429 0.002143 0.008571
0 0.170000 0.459524 0.002857 0.008571
0 0.156786 0.463810 0.002143 0.005714
0 0.089286 0.406667 0.008571 0.036190
0 0.104286 0.432381 0.008571 0.013333
0 0.704643 0.397143 0.002143 0.007619
0 0.707857 0.396667 0.002857 0.008571
0 0.605714 0.772857 0.002857 0.014286
0 0.587500 0.874762 0.006429 0.014286
0 0.656786 0.713810 0.005000 0.012381
0 0.528214 0.531905 0.003571 0.008571
0 0.412857 0.560952 0.002857 0.007619
0 0.408929 0.561429 0.002143 0.010476
