0 0.122390 0.909555 0.017223 0.045455
0 0.132046 0.907699 0.015658 0.054731
0 0.323852 0.950835 0.015136 0.050093
0 0.390658 0.831633 0.015136 0.045455
0 0.400052 0.821892 0.010960 0.044527
0 0.521138 0.832560 0.009916 0.045455
0 0.872390 0.974490 0.012004 0.041744
0 0.788883 0.702690 0.012004 0.041744
0 0.524008 0.203154 0.004175 0.018553
0 0.639614 0.089518 0.003653 0.010204
0 0.598121 0.015770 0.002088 0.007421
0 0.605689 0.018089 0.002610 0.008349
0 0.585073 0.028757 0.005219 0.012987
0 0.602035 0.038961 0.007829 0.009276
