0 0.081250 0.317647 0.133088 0.054902
0 0.225368 0.277778 0.046324 0.037908
0 0.474265 0.572549 0.014706 0.054902
0 0.500735 0.564706 0.014706 0.060131
0 0.553309 0.600654 0.015441 0.056209
0 0.550368 0.588889 0.015441 0.056209
0 0.602206 0.392810 0.008824 0.043137
0 0.620588 0.392157 0.008824 0.041830
0 0.636765 0.392157 0.007353 0.031373
0 0.937132 0.741830 0.016912 0.074510
0 0.953309 0.722222 0.016912 0.074510
0 0.932721 0.696732 0.011029 0.047059
0 0.855147 0.348366 0.011765 0.035294
0 0.304044 0.216993 0.033088 0.026144
0 0.350000 0.166013 0.050000 0.028758
0 0.356250 0.278431 0.006618 0.028758
0 0.502574 0.092157 0.093382 0.043137
0 0.626838 0.338562 0.005147 0.031373
0 0.631250 0.337255 0.005147 0.031373
0 0.638603 0.317647 0.005147 0.031373
0 0.632353 0.319608 0.005882 0.027451
0 0.653676 0.241176 0.045588 0.069281
0 0.563971 0.269935 0.007353 0.032680
