0 0.815074 0.741176 0.012500 0.057516
0 0.630882 0.728105 0.013235 0.052288
0 0.609559 0.507190 0.007353 0.041830
0 0.548897 0.388235 0.005147 0.033987
0 0.555882 0.331373 0.007353 0.030065
0 0.547059 0.318954 0.005882 0.028758
0 0.539706 0.300000 0.004412 0.027451
0 0.557721 0.252288 0.005147 0.020915
0 0.522059 0.133333 0.002941 0.013072
0 0.525735 0.132680 0.002941 0.014379
0 0.465441 0.133987 0.002941 0.011765
0 0.453309 0.147059 0.003676 0.014379
0 0.450000 0.133333 0.002941 0.015686
0 0.479044 0.059477 0.061029 0.061438
0 0.426838 0.460784 0.005147 0.035294
0 0.420588 0.447712 0.007353 0.032680
0 0.284926 0.369281 0.008088 0.030065
0 0.198162 0.442484 0.006618 0.045752
