0 0.503571 0.067143 0.004286 0.008571
0 0.519643 0.112857 0.005000 0.010476
0 0.602500 0.033333 0.003571 0.011429
0 0.606786 0.206667 0.003571 0.015238
0 0.582500 0.193810 0.003571 0.012381
0 0.565714 0.201429 0.002857 0.012381
0 0.610000 0.184286 0.002857 0.016190
0 0.607500 0.180952 0.003571 0.013333
0 0.610357 0.206667 0.002143 0.013333
0 0.613214 0.204762 0.003571 0.015238
0 0.607500 0.200476 0.003571 0.012381
0 0.610357 0.171429 0.003571 0.011429
0 0.608214 0.176667 0.003571 0.014286
0 0.841071 0.575714 0.010714 0.020000
0 0.847857 0.588571 0.007143 0.011429
0 0.832857 0.588095 0.007143 0.012381
0 0.890000 0.608095 0.030000 0.033333
0 0.439286 0.328571 0.021429 0.024762
