0 0.215500 0.559000 0.022000 0.039333
0 0.302500 0.784000 0.020000 0.033333
0 0.323500 0.817333 0.029000 0.034667
0 0.797750 0.763333 0.031500 0.033333
0 0.751000 0.834667 0.025000 0.040000
0 0.730750 0.736667 0.024500 0.026667
0 0.738500 0.718667 0.025000 0.029333
0 0.706500 0.643000 0.030000 0.039333
0 0.543250 0.705333 0.015500 0.033333
0 0.490000 0.687333 0.016000 0.033333
0 0.475500 0.654000 0.018000 0.038667
0 0.495500 0.264333 0.010000 0.034000
0 0.591750 0.174667 0.006500 0.017333
0 0.587250 0.168000 0.007500 0.024000
0 0.469000 0.128000 0.009000 0.032000
0 0.489750 0.117667 0.009500 0.030000
0 0.483750 0.113333 0.007500 0.029333
0 0.536750 0.037000 0.082500 0.074000
0 0.605750 0.029333 0.054500 0.058667
