0 0.495042 0.982839 0.009916 0.032468
0 0.469468 0.641929 0.007829 0.033395
0 0.472338 0.635436 0.006263 0.031540
0 0.507046 0.283395 0.004697 0.017625
0 0.524269 0.301020 0.003653 0.017625
0 0.516180 0.304731 0.004175 0.021336
0 0.521138 0.255566 0.004697 0.017625
0 0.580898 0.300093 0.003132 0.017625
0 0.532359 0.222635 0.008351 0.014842
0 0.529228 0.176716 0.003132 0.013915
0 0.530271 0.172078 0.003132 0.012059
0 0.532359 0.175325 0.003132 0.012987
0 0.625000 0.521800 0.005741 0.028757
0 0.615084 0.260204 0.002610 0.015770
0 0.612213 0.261596 0.004175 0.016698
0 0.612735 0.255102 0.004175 0.014842
0 0.592641 0.240724 0.008873 0.021336
0 0.554541 0.229592 0.003653 0.008349
0 0.609081 0.207328 0.004175 0.013915
0 0.598382 0.102505 0.001566 0.006494
0 0.583507 0.102041 0.002088 0.011132
0 0.575418 0.022727 0.023486 0.043599
