0 0.309643 0.366667 0.006429 0.020952
0 0.227857 0.307143 0.005714 0.016190
0 0.228214 0.293333 0.005000 0.017143
0 0.223214 0.330476 0.005000 0.015238
0 0.165000 0.302857 0.002857 0.013333
0 0.167143 0.300952 0.002857 0.013333
0 0.278571 0.290000 0.017143 0.023810
0 0.294286 0.285238 0.015714 0.021905
0 0.563214 0.325714 0.005000 0.017143
0 0.559286 0.320000 0.004286 0.019048
0 0.563571 0.316190 0.004286 0.019048
0 0.764643 0.377619 0.022143 0.023810
0 0.745000 0.352857 0.025714 0.021905
0 0.825714 0.373810 0.032857 0.035238
0 0.850000 0.337143 0.037143 0.026667
0 0.545357 0.265238 0.025000 0.027619
0 0.522143 0.253810 0.024286 0.027619
0 0.497143 0.246667 0.022857 0.019048
0 0.480357 0.240476 0.015000 0.018095
0 0.413214 0.227143 0.025000 0.020000
0 0.330000 0.208571 0.020000 0.015238
0 0.354643 0.196667 0.019286 0.016190
0 0.382857 0.206667 0.025714 0.020952
0 0.421071 0.393333 0.009286 0.026667
0 0.648571 0.280952 0.031429 0.036190
0 0.357500 0.427143 0.019286 0.029524
