0 0.238214 0.796190 0.027857 0.068571
0 0.216071 0.810000 0.022143 0.061905
0 0.796071 0.682381 0.017857 0.050476
0 0.777143 0.660476 0.018571 0.052381
0 0.758571 0.664286 0.011429 0.050476
0 0.105000 0.073333 0.010000 0.007619
0 0.143929 0.104286 0.020714 0.016190
0 0.123214 0.088095 0.009286 0.006667
0 0.181071 0.130952 0.009286 0.012381
0 0.170714 0.138571 0.002857 0.010476
0 0.172857 0.138571 0.002857 0.008571
0 0.233929 0.165238 0.009286 0.018095
0 0.211429 0.145714 0.007143 0.007619
0 0.193214 0.131905 0.006429 0.006667
0 0.038571 0.286667 0.010000 0.022857
0 0.139286 0.287619 0.008571 0.022857
0 0.862500 0.419048 0.012143 0.040000
