0 0.527143 0.777619 0.014286 0.044762
0 0.495714 0.747619 0.008571 0.040000
0 0.530714 0.741905 0.012857 0.040000
0 0.361429 0.698571 0.014286 0.040952
0 0.385714 0.590000 0.011429 0.033333
0 0.399643 0.587619 0.013571 0.032381
0 0.399643 0.540952 0.007857 0.028571
0 0.385000 0.529524 0.007143 0.026667
0 0.377500 0.530000 0.007857 0.027619
0 0.376786 0.515714 0.006429 0.021905
0 0.373571 0.513810 0.005714 0.021905
0 0.333214 0.310476 0.025000 0.020952
0 0.301786 0.294286 0.020714 0.019048
0 0.276071 0.288095 0.015000 0.016190
0 0.226071 0.264286 0.017857 0.020000
0 0.759286 0.353810 0.015714 0.020000
0 0.679286 0.367619 0.024286 0.019048
0 0.055714 0.342381 0.022857 0.012381
0 0.955000 0.453333 0.007143 0.028571
0 0.966071 0.457619 0.006429 0.018095
0 0.985357 0.448095 0.006429 0.025714
0 0.995000 0.451905 0.008571 0.025714
0 0.493571 0.702857 0.011429 0.036190
