0 0.499739 0.804731 0.019311 0.028757
0 0.523747 0.381725 0.005741 0.026902
0 0.527401 0.378015 0.007829 0.025046
0 0.868476 0.840909 0.013570 0.039889
0 0.679019 0.339518 0.007307 0.033395
0 0.668841 0.337199 0.004697 0.023191
0 0.658925 0.345083 0.004697 0.018553
0 0.696764 0.302412 0.007307 0.024119
0 0.674322 0.288961 0.009395 0.025046
0 0.724948 0.238404 0.007307 0.027829
0 0.578288 0.255102 0.007307 0.024119
0 0.645616 0.120594 0.005219 0.022263
0 0.652401 0.126160 0.005219 0.020408
0 0.652140 0.097866 0.004697 0.021336
0 0.631785 0.109462 0.006785 0.022263
