0 0.478646 0.300000 0.121875 0.144444
0 0.112500 0.960185 0.025000 0.079630
0 0.136458 0.775926 0.014583 0.059259
0 0.335938 0.661111 0.013542 0.062963
0 0.336979 0.650000 0.013542 0.051852
0 0.362500 0.635185 0.010417 0.048148
0 0.265104 0.608333 0.013542 0.053704
0 0.382812 0.557407 0.011458 0.048148
0 0.369792 0.548148 0.010417 0.040741
0 0.444792 0.537963 0.008333 0.046296
0 0.431771 0.531481 0.007292 0.044444
0 0.556771 0.575000 0.013542 0.020370
0 0.390625 0.515741 0.008333 0.042593
0 0.405729 0.504630 0.007292 0.035185
0 0.576562 0.567593 0.007292 0.035185
0 0.431771 0.485185 0.007292 0.033333
0 0.421354 0.476852 0.007292 0.035185
0 0.427083 0.480556 0.006250 0.035185
0 0.434896 0.476852 0.005208 0.027778
0 0.406771 0.477778 0.005208 0.033333
0 0.501042 0.438889 0.006250 0.025926
0 0.447917 0.398148 0.006250 0.022222
0 0.633854 0.655556 0.011458 0.062963
0 0.624479 0.654630 0.011458 0.061111
0 0.603125 0.631481 0.012500 0.062963
0 0.578125 0.465741 0.006250 0.027778
0 0.545833 0.457407 0.008333 0.033333
