0 0.459551 0.948980 0.008873 0.033395
0 0.469207 0.725881 0.008351 0.021336
0 0.501044 0.668831 0.005219 0.018553
0 0.545146 0.638219 0.003653 0.018553
0 0.588987 0.905380 0.007829 0.035250
0 0.570198 0.637291 0.003653 0.016698
0 0.578549 0.579314 0.004697 0.013915
0 0.521921 0.510204 0.003132 0.009276
0 0.526879 0.448052 0.001566 0.009276
0 0.520094 0.447588 0.001566 0.006494
0 0.546973 0.452690 0.002088 0.009276
0 0.551148 0.452690 0.002088 0.009276
0 0.541754 0.424397 0.002088 0.006494
0 0.545668 0.420686 0.001566 0.006494
0 0.704071 0.471243 0.002088 0.009276
0 0.836639 0.466605 0.002088 0.007421
0 0.546973 0.412338 0.002088 0.006494
0 0.548278 0.411410 0.001566 0.004638
0 0.550626 0.405380 0.001044 0.005566
0 0.635699 0.371521 0.102296 0.095547
0 0.544624 0.384972 0.024530 0.055659
0 0.667276 0.428571 0.027662 0.024119
