0 0.366071 0.047143 0.033571 0.039048
0 0.425357 0.325238 0.019286 0.040952
0 0.329643 0.260000 0.010714 0.030476
0 0.411071 0.252381 0.013571 0.030476
0 0.196786 0.330476 0.022143 0.038095
0 0.200357 0.458571 0.015000 0.037143
0 0.472500 0.395238 0.010714 0.043810
0 0.558571 0.037619 0.004286 0.012381
0 0.525714 0.013333 0.004286 0.009524
0 0.590714 0.057143 0.004286 0.013333
0 0.577500 0.049048 0.005000 0.016190
0 0.661786 0.024762 0.043571 0.036190
0 0.895714 0.261905 0.012857 0.034286
0 0.957143 0.308095 0.015714 0.035238
