0 0.151042 0.888889 0.007292 0.014815
0 0.033073 0.806944 0.011979 0.015741
0 0.175260 0.810185 0.006771 0.012963
0 0.195052 0.808796 0.006771 0.008333
0 0.270313 0.580556 0.005208 0.014815
0 0.275260 0.582870 0.004687 0.012037
0 0.255469 0.518519 0.003646 0.011111
0 0.347135 0.213889 0.004687 0.016667
0 0.342448 0.218981 0.005729 0.013889
0 0.372396 0.572222 0.006250 0.016667
0 0.366667 0.577315 0.004167 0.013889
0 0.374740 0.617130 0.004687 0.012037
0 0.373177 0.630093 0.005729 0.012037
0 0.711458 0.717130 0.007292 0.010185
0 0.708073 0.730556 0.008854 0.009259
0 0.649740 0.687500 0.006771 0.010185
0 0.947135 0.585648 0.006771 0.010185
0 0.898958 0.828704 0.009375 0.009259
0 0.896354 0.850000 0.007292 0.007407
0 0.906510 0.857407 0.003646 0.016667
0 0.777344 0.730093 0.007812 0.010185
0 0.776823 0.739815 0.007812 0.009259
0 0.797396 0.748148 0.008333 0.007407
0 0.797396 0.755556 0.007292 0.007407
0 0.429427 0.776389 0.004687 0.010185
0 0.420573 0.780556 0.005729 0.009259
