0 0.297143 0.710000 0.012857 0.040952
0 0.301429 0.693810 0.014286 0.044762
0 0.315357 0.686190 0.013571 0.039048
0 0.473929 0.520952 0.010714 0.020952
0 0.341429 0.389524 0.035714 0.032381
0 0.113214 0.264286 0.019286 0.031429
0 0.135357 0.267143 0.023571 0.031429
0 0.120357 0.240476 0.020714 0.027619
0 0.157143 0.299524 0.032857 0.035238
0 0.180000 0.287619 0.014286 0.030476
0 0.056429 0.139048 0.008571 0.011429
0 0.712143 0.493333 0.010000 0.026667
0 0.758929 0.454762 0.007857 0.021905
0 0.767500 0.458571 0.009286 0.025714
0 0.792857 0.448095 0.008571 0.016190
0 0.531786 0.536667 0.006429 0.033333
