0 0.244286 0.399524 0.021429 0.016190
0 0.306071 0.393810 0.013571 0.018095
0 0.292857 0.324286 0.014286 0.054286
0 0.230357 0.300476 0.016429 0.018095
0 0.217143 0.325238 0.002857 0.008571
0 0.212143 0.329524 0.002857 0.007619
0 0.297500 0.269048 0.006429 0.012381
0 0.220357 0.632857 0.006429 0.010476
0 0.259286 0.602857 0.002857 0.007619
0 0.255000 0.601429 0.002857 0.006667
0 0.269286 0.591905 0.002857 0.008571
0 0.266786 0.587143 0.002143 0.008571
0 0.281786 0.564762 0.002143 0.009524
0 0.252500 0.514762 0.010714 0.042857
0 0.056786 0.609524 0.020714 0.013333
0 0.087143 0.532381 0.005714 0.009524
0 0.450714 0.269048 0.018571 0.018095
0 0.500357 0.243810 0.027857 0.011429
0 0.013929 0.691429 0.010714 0.017143
