0 0.769853 0.668627 0.019118 0.069281
0 0.761029 0.630065 0.016176 0.070588
0 0.750368 0.642484 0.019853 0.066667
0 0.736029 0.600000 0.026471 0.070588
0 0.715441 0.615686 0.019118 0.070588
0 0.620588 0.605229 0.019118 0.062745
0 0.656618 0.604575 0.019118 0.066667
0 0.640074 0.584314 0.019853 0.062745
0 0.563971 0.562745 0.014706 0.058824
0 0.549265 0.579739 0.010294 0.056209
0 0.528309 0.550327 0.019853 0.067974
0 0.258088 0.406536 0.017647 0.057516
0 0.310662 0.564052 0.013971 0.061438
0 0.322426 0.571242 0.018382 0.073203
0 0.351471 0.558824 0.016176 0.069281
0 0.684559 0.956209 0.023529 0.069281
0 0.682721 0.922876 0.019853 0.083660
