0 0.839643 0.617386 0.005000 0.006345
0 0.888571 0.612944 0.011429 0.025381
0 0.991786 0.621193 0.009286 0.021574
0 0.843929 0.595178 0.009286 0.030457
0 0.939643 0.480330 0.010714 0.029188
0 0.931786 0.524746 0.046429 0.059645
0 0.876071 0.262690 0.007857 0.027919
0 0.914643 0.352792 0.006429 0.017766
0 0.826786 0.317893 0.006429 0.024112
0 0.816786 0.312183 0.007857 0.025381
0 0.764286 0.180203 0.007143 0.025381
0 0.760000 0.226523 0.007143 0.021574
0 0.734286 0.094543 0.005714 0.013959
0 0.819643 0.147208 0.006429 0.020305
0 0.738214 0.118020 0.003571 0.015228
