0 0.493929 0.298571 0.010714 0.025714
0 0.470357 0.301905 0.006429 0.019048
0 0.485714 0.267619 0.002857 0.007619
0 0.478929 0.329524 0.005000 0.011429
0 0.600357 0.149524 0.025000 0.024762
0 0.712500 0.417143 0.019286 0.028571
0 0.031071 0.650000 0.007857 0.018095
0 0.038571 0.644762 0.010000 0.019048
0 0.020357 0.613810 0.012143 0.020000
0 0.008929 0.623810 0.010714 0.022857
0 0.075000 0.659048 0.010000 0.017143
0 0.063571 0.665238 0.010000 0.020000
0 0.527143 0.222381 0.004286 0.008571
0 0.494643 0.199524 0.023571 0.020000
0 0.511071 0.178095 0.022143 0.009524
