0 0.550357 0.360000 0.025000 0.026667
0 0.503214 0.276667 0.023571 0.020000
0 0.508571 0.347143 0.007143 0.010476
0 0.477143 0.349048 0.011429 0.010476
0 0.423571 0.300952 0.022857 0.017143
0 0.811071 0.974762 0.010714 0.018095
0 0.691071 0.669524 0.013571 0.022857
0 0.563929 0.438571 0.002143 0.008571
0 0.576071 0.442381 0.003571 0.008571
0 0.542143 0.446190 0.005714 0.010476
0 0.514643 0.410476 0.006429 0.011429
0 0.402857 0.457619 0.010000 0.010476
0 0.327857 0.504762 0.002857 0.009524
0 0.472500 0.374286 0.007857 0.015238
0 0.526786 0.358095 0.015000 0.022857
0 0.634286 0.750476 0.008571 0.017143
0 0.786429 0.897619 0.007143 0.020000
0 0.802143 0.952381 0.005714 0.019048
