0 0.296429 0.426667 0.005714 0.017143
0 0.357857 0.409524 0.002857 0.013333
0 0.299286 0.422381 0.004286 0.014286
0 0.318214 0.403810 0.005000 0.015238
0 0.451071 0.300000 0.003571 0.011429
0 0.508571 0.518571 0.007143 0.021905
0 0.505357 0.558095 0.007857 0.022857
0 0.513929 0.655714 0.007857 0.025714
0 0.503929 0.610476 0.009286 0.026667
0 0.493571 0.570000 0.005714 0.023810
0 0.499286 0.755238 0.011429 0.028571
0 0.580357 0.470000 0.010714 0.025714
0 0.567857 0.491429 0.004286 0.019048
0 0.726786 0.377619 0.005000 0.016190
0 0.458571 0.189048 0.027143 0.014286
