0 0.492500 0.230952 0.009286 0.018095
0 0.491429 0.197143 0.008571 0.009524
0 0.493929 0.081905 0.013571 0.022857
0 0.472500 0.158095 0.003571 0.007619
0 0.485000 0.147143 0.002857 0.006667
0 0.465000 0.224286 0.005714 0.010476
0 0.452143 0.262381 0.004286 0.012381
0 0.497143 0.332381 0.007143 0.013333
0 0.493214 0.249048 0.002143 0.006667
0 0.495357 0.250000 0.002143 0.006667
0 0.487143 0.276190 0.001429 0.007619
0 0.283929 0.718095 0.005000 0.017143
0 0.613214 0.699048 0.005000 0.013333
0 0.585714 0.599048 0.005714 0.017143
0 0.572143 0.625238 0.008571 0.012381
0 0.379643 0.428571 0.002143 0.011429
0 0.421071 0.472857 0.003571 0.012381
0 0.402500 0.412381 0.002143 0.011429
0 0.406071 0.393810 0.002143 0.012381
0 0.404643 0.401429 0.002143 0.010476
0 0.410714 0.385238 0.002857 0.010476
0 0.602143 0.578571 0.004286 0.016190
