0 0.502000 0.979000 0.015000 0.042000
0 0.515750 0.985333 0.012500 0.026667
0 0.530750 0.636667 0.008500 0.037333
0 0.469500 0.555000 0.008000 0.027333
0 0.213500 0.581000 0.008000 0.030000
0 0.523500 0.329667 0.003000 0.011333
0 0.525250 0.343667 0.002500 0.010000
0 0.531750 0.343000 0.002500 0.011333
0 0.534750 0.371667 0.003500 0.011333
0 0.520750 0.368333 0.003500 0.012667
0 0.515750 0.355333 0.004500 0.012000
0 0.526250 0.394333 0.003500 0.016667
0 0.499750 0.425000 0.003500 0.016667
0 0.513750 0.404000 0.003500 0.016000
0 0.521250 0.416667 0.004500 0.017333
0 0.505750 0.420667 0.005500 0.017333
0 0.507250 0.433000 0.006500 0.022000
0 0.538500 0.472333 0.006000 0.020667
0 0.537000 0.459333 0.006000 0.017333
0 0.539500 0.452000 0.005000 0.017333
0 0.537250 0.419333 0.003500 0.017333
0 0.530000 0.415000 0.004000 0.016667
0 0.532000 0.394000 0.003000 0.014667
0 0.507500 0.379000 0.004000 0.014000
0 0.506250 0.406000 0.004500 0.014667
0 0.510750 0.399667 0.003500 0.015333
0 0.520500 0.350000 0.003000 0.009333
0 0.519250 0.352000 0.002500 0.006667
0 0.514000 0.341667 0.004000 0.008667
0 0.513500 0.339000 0.004000 0.011333
0 0.539000 0.343000 0.007000 0.007333
0 0.537750 0.398333 0.003500 0.014000
0 0.535750 0.391667 0.003500 0.012667
0 0.533000 0.389000 0.004000 0.012667
0 0.535750 0.389667 0.003500 0.012667
0 0.516500 0.402667 0.004000 0.014667
0 0.521000 0.407000 0.004000 0.012667
0 0.524750 0.414667 0.003500 0.016000
0 0.527750 0.414333 0.003500 0.015333
0 0.544500 0.457000 0.005000 0.018000
0 0.566750 0.481667 0.006500 0.026000
0 0.594000 0.672333 0.009000 0.035333
0 0.598000 0.399333 0.005000 0.014667
0 0.549250 0.469667 0.006500 0.019333
0 0.624000 0.371667 0.004000 0.014000
0 0.626750 0.371333 0.003500 0.012000
