0 0.125500 0.617000 0.050000 0.064667
0 0.181000 0.619667 0.054000 0.070000
0 0.236250 0.625000 0.035500 0.063333
0 0.283250 0.631333 0.037500 0.058667
0 0.326250 0.640667 0.051500 0.066667
0 0.375500 0.653333 0.045000 0.062667
0 0.414250 0.662000 0.029500 0.060000
0 0.453250 0.654333 0.039500 0.082000
0 0.468250 0.604667 0.005500 0.014667
0 0.528000 0.508000 0.021000 0.041333
0 0.561750 0.512000 0.021500 0.044000
0 0.587500 0.514000 0.020000 0.042667
0 0.620750 0.514333 0.021500 0.043333
0 0.593250 0.687667 0.007500 0.018000
0 0.631250 0.842000 0.005500 0.020000
