0 0.050781 0.223611 0.004687 0.013889
0 0.080469 0.251389 0.003646 0.015741
0 0.073698 0.258333 0.002604 0.009259
0 0.036979 0.242593 0.003125 0.012963
0 0.035156 0.237963 0.002604 0.012963
0 0.133854 0.233333 0.022917 0.020370
0 0.120833 0.252778 0.028125 0.024074
0 0.099219 0.267130 0.023438 0.030556
0 0.848437 0.353704 0.038542 0.029630
0 0.787240 0.361111 0.004687 0.022222
0 0.601042 0.236111 0.003125 0.012963
0 0.588281 0.225000 0.002604 0.012963
0 0.530469 0.223148 0.044271 0.020370
0 0.739583 0.303704 0.003125 0.018519
0 0.742708 0.305093 0.003125 0.017593
0 0.715625 0.293519 0.003125 0.014815
0 0.725521 0.292130 0.003125 0.017593
0 0.732552 0.281944 0.003646 0.017593
0 0.684896 0.274074 0.003125 0.018519
0 0.692448 0.281019 0.003646 0.017593
0 0.679688 0.273148 0.004167 0.016667
0 0.595052 0.243981 0.002604 0.013889
0 0.750000 0.324537 0.004167 0.017593
0 0.793490 0.326852 0.044271 0.029630
0 0.356250 0.248148 0.003125 0.014815
0 0.360938 0.256481 0.002083 0.012963
0 0.365104 0.259259 0.003125 0.016667
0 0.364063 0.257407 0.003125 0.014815
0 0.262760 0.234259 0.003646 0.012963
0 0.282552 0.195370 0.028646 0.018519
0 0.242708 0.168056 0.018750 0.015741
0 0.252083 0.119907 0.014583 0.034259
0 0.230729 0.117593 0.015625 0.027778
0 0.247656 0.147222 0.009896 0.022222
