0 0.761429 0.650476 0.012857 0.040000
0 0.684286 0.531905 0.011429 0.029524
0 0.229643 0.516667 0.010714 0.027619
0 0.192143 0.490476 0.008571 0.026667
0 0.723929 0.618571 0.005000 0.033333
0 0.315357 0.485238 0.006429 0.025714
0 0.100000 0.252857 0.004286 0.012381
0 0.169643 0.190476 0.016429 0.041905
0 0.145357 0.171429 0.015000 0.019048
0 0.211429 0.242381 0.004286 0.006667
0 0.237857 0.335238 0.005714 0.013333
0 0.221786 0.252857 0.003571 0.006667
0 0.270000 0.241429 0.032857 0.023810
0 0.240357 0.249048 0.035000 0.033333
0 0.246429 0.325714 0.007143 0.015238
0 0.344286 0.290000 0.005714 0.008571
0 0.338571 0.290000 0.002857 0.006667
0 0.448929 0.378095 0.005000 0.020952
0 0.435000 0.378095 0.005714 0.017143
0 0.246786 0.500952 0.010714 0.030476
0 0.249643 0.501429 0.007857 0.029524
0 0.530357 0.412857 0.036429 0.029524
