0 0.592500 0.572667 0.006000 0.020000
0 0.575500 0.369000 0.007000 0.015333
0 0.529750 0.348333 0.005500 0.015333
0 0.552250 0.314667 0.004500 0.016000
0 0.468500 0.367667 0.004000 0.014000
0 0.313750 0.324000 0.004500 0.016000
0 0.610250 0.276000 0.003500 0.012000
0 0.614750 0.280333 0.003500 0.012667
0 0.627250 0.273333 0.002500 0.008000
0 0.623250 0.266333 0.003500 0.011333
0 0.498750 0.219667 0.002500 0.008667
0 0.496000 0.219667 0.002000 0.008667
0 0.228750 0.338333 0.004500 0.014000
0 0.232500 0.332000 0.006000 0.014667
0 0.257000 0.347000 0.006000 0.016667
0 0.290250 0.324667 0.005500 0.014667
0 0.285250 0.337333 0.005500 0.013333
0 0.182000 0.280667 0.005000 0.013333
0 0.205250 0.276000 0.004500 0.010667
0 0.201750 0.270667 0.003500 0.009333
0 0.202250 0.241333 0.004500 0.010667
0 0.188000 0.072667 0.117000 0.054667
0 0.110500 0.105667 0.041000 0.022000
0 0.057500 0.182667 0.027000 0.020000
0 0.207500 0.104333 0.003000 0.008667
0 0.170250 0.099667 0.044500 0.011333
