0 0.032292 0.425000 0.012500 0.035185
0 0.075521 0.481481 0.013542 0.025926
0 0.089583 0.584259 0.010417 0.031481
0 0.091667 0.601852 0.008333 0.033333
0 0.007812 0.853704 0.015625 0.062963
0 0.057292 0.984259 0.010417 0.031481
0 0.080208 0.961111 0.014583 0.077778
0 0.154688 0.737037 0.011458 0.059259
0 0.178125 0.704630 0.012500 0.061111
0 0.204687 0.644444 0.009375 0.029630
0 0.125000 0.581481 0.008333 0.033333
0 0.124479 0.516667 0.011458 0.037037
0 0.177083 0.556481 0.010417 0.038889
0 0.166146 0.558333 0.011458 0.042593
0 0.160938 0.523148 0.009375 0.038889
0 0.214062 0.525926 0.007292 0.044444
0 0.126562 0.470370 0.009375 0.037037
0 0.142708 0.491667 0.022917 0.027778
0 0.144792 0.468519 0.008333 0.033333
0 0.117188 0.412963 0.009375 0.033333
0 0.132292 0.403704 0.018750 0.040741
0 0.146875 0.408333 0.010417 0.031481
0 0.161458 0.401852 0.008333 0.029630
0 0.201563 0.435185 0.007292 0.033333
0 0.223958 0.450000 0.010417 0.033333
0 0.237500 0.446296 0.010417 0.037037
0 0.249479 0.453704 0.005208 0.022222
0 0.252083 0.448148 0.006250 0.029630
0 0.231250 0.479630 0.010417 0.037037
0 0.304688 0.503704 0.044792 0.040741
0 0.272396 0.472222 0.007292 0.029630
0 0.319792 0.473148 0.008333 0.035185
0 0.303125 0.586111 0.006250 0.038889
0 0.271875 0.589815 0.010417 0.035185
0 0.480208 0.428704 0.008333 0.024074
0 0.427083 0.537037 0.010417 0.044444
0 0.463542 0.535185 0.008333 0.044444
0 0.361979 0.635185 0.017708 0.048148
0 0.427083 0.614815 0.012500 0.044444
0 0.440104 0.638889 0.009375 0.055556
0 0.456771 0.596296 0.007292 0.037037
0 0.510417 0.631481 0.012500 0.048148
0 0.521875 0.617593 0.010417 0.057407
0 0.532813 0.614815 0.013542 0.055556
0 0.616667 0.605556 0.006250 0.048148
0 0.572917 0.678704 0.014583 0.057407
0 0.695833 0.794444 0.064583 0.074074
