0 0.089338 0.250327 0.008088 0.032680
0 0.120956 0.196732 0.005147 0.014379
0 0.137500 0.161438 0.004412 0.024837
0 0.129412 0.149673 0.002941 0.014379
0 0.124265 0.151634 0.004412 0.023529
0 0.255882 0.333333 0.027941 0.052288
0 0.274265 0.283007 0.023529 0.043137
0 0.166176 0.086275 0.004412 0.020915
0 0.177206 0.091503 0.005882 0.020915
0 0.174265 0.090850 0.002941 0.019608
0 0.184191 0.084314 0.005147 0.022222
0 0.189338 0.082353 0.003676 0.020915
0 0.193015 0.085621 0.003676 0.019608
0 0.213235 0.049673 0.004412 0.015686
0 0.238971 0.028105 0.022059 0.014379
0 0.533824 0.035948 0.002941 0.019608
0 0.537132 0.034641 0.002206 0.019608
0 0.542279 0.058170 0.002206 0.016993
0 0.545221 0.059477 0.003676 0.016993
0 0.552206 0.057516 0.002941 0.018301
0 0.607721 0.027451 0.002206 0.018301
0 0.625735 0.047712 0.002941 0.016993
0 0.921691 0.150327 0.005147 0.018301
0 0.867279 0.205882 0.003676 0.016993
0 0.873162 0.204575 0.003676 0.016993
0 0.876471 0.184314 0.004412 0.020915
0 0.890441 0.188889 0.002941 0.019608
0 0.891912 0.179085 0.002941 0.015686
0 0.933456 0.187582 0.005147 0.022222
0 0.938971 0.184967 0.002941 0.022222
0 0.673162 0.235948 0.005147 0.024837
0 0.184559 0.517647 0.010294 0.039216
0 0.551103 0.348366 0.008088 0.022222
0 0.190441 0.631373 0.008824 0.036601
0 0.202206 0.621569 0.007353 0.037908
0 0.211765 0.611765 0.010294 0.041830
0 0.650000 0.103922 0.002941 0.019608
