0 0.281429 0.647143 0.008571 0.023810
0 0.283214 0.728095 0.012143 0.027619
0 0.319286 0.770952 0.011429 0.027619
0 0.325000 0.864286 0.010000 0.027619
0 0.333571 0.838571 0.011429 0.021905
0 0.339643 0.783810 0.012143 0.028571
0 0.270357 0.284762 0.012143 0.013333
0 0.297500 0.298571 0.007857 0.010476
0 0.268929 0.345714 0.027857 0.022857
0 0.237857 0.397619 0.005714 0.012381
0 0.241429 0.395238 0.005714 0.013333
0 0.248214 0.455238 0.006429 0.015238
0 0.271429 0.387143 0.005714 0.014286
0 0.290714 0.433333 0.005714 0.015238
0 0.276429 0.389048 0.005714 0.012381
0 0.297857 0.843810 0.017143 0.036190
0 0.360357 0.683810 0.007857 0.022857
0 0.387857 0.827143 0.012857 0.040952
0 0.800000 0.794762 0.011429 0.031429
0 0.787857 0.794286 0.011429 0.020952
0 0.752500 0.728095 0.012143 0.025714
0 0.629286 0.543810 0.008571 0.019048
0 0.626429 0.538095 0.007143 0.019048
0 0.623929 0.534762 0.009286 0.020000
0 0.658214 0.372857 0.005000 0.010476
0 0.474286 0.360000 0.004286 0.015238
0 0.481429 0.351429 0.005714 0.013333
0 0.462143 0.353810 0.004286 0.012381
0 0.512500 0.406667 0.005000 0.017143
0 0.533571 0.403810 0.005714 0.017143
0 0.490714 0.431429 0.005714 0.015238
0 0.477857 0.423810 0.005714 0.017143
0 0.469643 0.408095 0.006429 0.016190
0 0.466429 0.391905 0.005714 0.018095
0 0.456071 0.398095 0.005000 0.013333
0 0.612500 0.309048 0.026429 0.010476
0 0.412500 0.311429 0.003571 0.011429
0 0.543929 0.316667 0.009286 0.012381
0 0.950357 0.275714 0.042143 0.035238
