0 0.845313 0.763889 0.023958 0.053704
0 0.319271 0.429630 0.011458 0.029630
0 0.698438 0.288889 0.003125 0.018519
0 0.634896 0.233333 0.005208 0.014815
0 0.706250 0.294444 0.008333 0.018519
0 0.394271 0.209259 0.005208 0.014815
0 0.341667 0.067593 0.022917 0.027778
0 0.337500 0.115741 0.029167 0.031481
0 0.370833 0.069444 0.014583 0.016667
0 0.306250 0.099074 0.033333 0.053704
0 0.312500 0.142593 0.006250 0.011111
0 0.294792 0.149074 0.010417 0.035185
0 0.302083 0.172222 0.020833 0.033333
0 0.243750 0.121296 0.014583 0.027778
0 0.070312 0.140741 0.140625 0.077778
0 0.298438 0.241667 0.009375 0.016667
0 0.317188 0.264815 0.017708 0.059259
0 0.986979 0.934259 0.015625 0.068519
