0 0.833000 0.563333 0.144000 0.030667
0 0.844500 0.524000 0.145000 0.048000
0 0.706500 0.214000 0.124000 0.020000
0 0.588000 0.216333 0.111000 0.023333
0 0.125250 0.557667 0.235500 0.080667
0 0.613500 0.456333 0.007000 0.019333
0 0.639750 0.466000 0.006500 0.018667
0 0.445000 0.394667 0.006000 0.018667
0 0.409750 0.459000 0.004500 0.016667
0 0.403750 0.460000 0.004500 0.020000
0 0.457750 0.341333 0.006500 0.017333
0 0.437250 0.223333 0.006500 0.017333
0 0.505500 0.210667 0.056000 0.018667
0 0.872250 0.522667 0.008500 0.026667
0 0.536750 0.216667 0.004500 0.013333
0 0.559500 0.225333 0.005000 0.013333
0 0.511250 0.215667 0.003500 0.012667
