0 0.291071 0.667513 0.007857 0.022843
0 0.275000 0.632614 0.014286 0.044416
0 0.292143 0.622462 0.008571 0.031726
0 0.298214 0.618655 0.007857 0.024112
0 0.289643 0.550761 0.010714 0.032995
0 0.337500 0.557741 0.010714 0.036802
0 0.348929 0.560279 0.009286 0.036802
0 0.356071 0.546954 0.012143 0.038071
0 0.370000 0.538071 0.011429 0.038071
0 0.369286 0.380076 0.010000 0.024112
0 0.325000 0.554569 0.012857 0.038071
0 0.329286 0.515228 0.010000 0.027919
0 0.317857 0.526015 0.008571 0.021574
0 0.343929 0.517766 0.009286 0.030457
0 0.357143 0.524746 0.010000 0.034264
0 0.333929 0.086294 0.009286 0.035533
0 0.439643 0.094543 0.009286 0.036802
0 0.417143 0.067893 0.005714 0.029188
0 0.421786 0.069797 0.005000 0.022843
0 0.451071 0.057107 0.007857 0.030457
