0 0.054779 0.694118 0.030147 0.099346
0 0.058824 0.638562 0.025000 0.090196
0 0.486765 0.550980 0.020588 0.074510
0 0.497794 0.533333 0.010294 0.075817
0 0.472794 0.413725 0.011765 0.061438
0 0.954044 0.454902 0.021324 0.067974
0 0.978309 0.457516 0.021324 0.065359
0 0.906985 0.200000 0.011029 0.039216
0 0.943750 0.186928 0.011029 0.039216
0 0.797794 0.147059 0.010294 0.043137
0 0.559559 0.060131 0.005882 0.031373
0 0.462500 0.043791 0.005882 0.027451
0 0.384559 0.053595 0.005882 0.028758
0 0.141176 0.028758 0.007353 0.026144
0 0.048897 0.044444 0.008088 0.031373
0 0.873529 0.035294 0.147059 0.065359
