0 0.255515 0.496732 0.008088 0.039216
0 0.809926 0.960784 0.022794 0.075817
0 0.382721 0.516340 0.005147 0.036601
0 0.384191 0.522876 0.005147 0.033987
0 0.387500 0.518301 0.005882 0.035294
0 0.583456 0.375163 0.003676 0.020915
0 0.579412 0.374510 0.004412 0.022222
0 0.452574 0.316340 0.003676 0.015686
0 0.483088 0.328105 0.002941 0.018301
0 0.573897 0.291503 0.002206 0.015686
0 0.529412 0.269281 0.002941 0.010458
0 0.476471 0.289542 0.002941 0.014379
0 0.519485 0.233333 0.002206 0.009150
0 0.468382 0.171242 0.005882 0.013072
0 0.477574 0.181046 0.009559 0.014379
0 0.488971 0.192810 0.005882 0.009150
0 0.495588 0.200654 0.005882 0.006536
