0 0.006250 0.421296 0.006250 0.024074
0 0.060937 0.412037 0.005208 0.016667
0 0.105729 0.417593 0.007292 0.024074
0 0.127083 0.477778 0.008333 0.022222
0 0.005208 0.445370 0.006250 0.016667
0 0.050521 0.413889 0.005208 0.016667
0 0.052083 0.412037 0.004167 0.024074
0 0.022917 0.405556 0.012500 0.011111
0 0.120833 0.393519 0.052083 0.016667
0 0.180208 0.388889 0.041667 0.022222
0 0.210938 0.390741 0.003125 0.014815
0 0.501563 0.575000 0.028125 0.057407
0 0.589063 0.454630 0.005208 0.020370
0 0.593750 0.457407 0.006250 0.018519
0 0.568750 0.325926 0.004167 0.011111
0 0.572917 0.356481 0.004167 0.012963
0 0.562500 0.280556 0.035417 0.012963
0 0.547917 0.432407 0.004167 0.020370
0 0.544792 0.433333 0.004167 0.022222
0 0.540625 0.429630 0.006250 0.014815
0 0.541667 0.440741 0.004167 0.018519
0 0.522396 0.433333 0.005208 0.022222
0 0.574479 0.398148 0.003125 0.014815
0 0.575000 0.394444 0.004167 0.018519
0 0.581771 0.403704 0.005208 0.018519
0 0.579688 0.402778 0.005208 0.016667
0 0.579688 0.396296 0.005208 0.018519
