0 0.425250 0.914333 0.028500 0.056667
0 0.501250 0.813000 0.018500 0.047333
0 0.500000 0.587000 0.009000 0.040667
0 0.490000 0.588000 0.011000 0.046667
0 0.472500 0.911333 0.016000 0.048000
0 0.443250 0.252333 0.006500 0.022000
0 0.438000 0.252667 0.004000 0.020000
0 0.434000 0.254333 0.005000 0.022000
0 0.499000 0.242667 0.004000 0.018667
0 0.495750 0.246667 0.003500 0.010667
0 0.523750 0.217000 0.004500 0.018000
0 0.534250 0.217000 0.004500 0.018000
0 0.534000 0.202667 0.004000 0.013333
0 0.522500 0.175333 0.003000 0.016000
0 0.527250 0.171667 0.003500 0.015333
0 0.516000 0.183333 0.005000 0.013333
0 0.533750 0.382333 0.007500 0.027333
0 0.549000 0.324333 0.007000 0.028667
