0 0.701786 0.650476 0.039286 0.106667
0 0.736071 0.662857 0.039286 0.120000
0 0.983571 0.662381 0.032857 0.138095
0 0.787500 0.526667 0.029286 0.072381
0 0.085000 0.351429 0.081429 0.043810
0 0.585000 0.456190 0.015714 0.041905
0 0.600357 0.455238 0.017857 0.049524
0 0.690000 0.344286 0.004286 0.012381
0 0.747500 0.345714 0.005000 0.015238
0 0.899286 0.352857 0.005714 0.018095
0 0.782857 0.353333 0.007143 0.015238
0 0.797143 0.354762 0.007143 0.014286
0 0.800000 0.353333 0.007143 0.015238
0 0.807143 0.359048 0.004286 0.017143
0 0.806786 0.357143 0.006429 0.019048
0 0.817500 0.352381 0.006429 0.017143
0 0.822857 0.353810 0.005714 0.016190
