0 0.069792 0.253241 0.106250 0.106481
0 0.327865 0.224537 0.039062 0.054630
0 0.286198 0.208796 0.043229 0.036111
0 0.354167 0.887963 0.064583 0.212963
0 0.303385 0.641667 0.119271 0.187037
0 0.331510 0.759722 0.066146 0.063889
0 0.317969 0.841204 0.019271 0.123148
0 0.074219 0.820370 0.014063 0.055556
0 0.231250 0.801852 0.015625 0.059259
0 0.283073 0.837037 0.017188 0.059259
0 0.288281 0.763426 0.010937 0.049074
0 0.252083 0.983333 0.020833 0.033333
0 0.116406 0.834259 0.015104 0.055556
0 0.102604 0.822685 0.013542 0.052778
0 0.113281 0.806481 0.016146 0.059259
0 0.088281 0.624537 0.014063 0.041667
0 0.124740 0.413426 0.007812 0.030556
0 0.760938 0.567593 0.011458 0.035185
0 0.873437 0.611574 0.010417 0.043519
0 0.204427 0.378704 0.019271 0.033333
0 0.215365 0.406019 0.017188 0.036111
0 0.187500 0.367593 0.006250 0.025926
0 0.541927 0.386574 0.006771 0.017593
0 0.515885 0.318056 0.004687 0.023148
0 0.510677 0.317593 0.003646 0.022222
