0 0.065074 0.915686 0.019853 0.077124
0 0.087868 0.923529 0.018382 0.071895
0 0.125735 0.800654 0.017647 0.056209
0 0.138971 0.799346 0.016176 0.066667
0 0.131250 0.918954 0.027206 0.081046
0 0.224632 0.258170 0.006618 0.024837
0 0.239338 0.255556 0.005147 0.022222
0 0.295956 0.205882 0.003676 0.016993
0 0.313603 0.223529 0.005147 0.020915
0 0.319853 0.180392 0.039706 0.039216
0 0.347426 0.153595 0.003676 0.014379
0 0.347059 0.174510 0.004412 0.016993
0 0.372794 0.125490 0.002941 0.015686
0 0.375000 0.125490 0.001471 0.013072
0 0.379412 0.116340 0.002941 0.013072
0 0.383456 0.125490 0.002206 0.013072
0 0.398162 0.094118 0.015441 0.039216
0 0.423529 0.071895 0.013235 0.015686
0 0.423529 0.123529 0.017647 0.037908
0 0.478676 0.050327 0.029412 0.048366
0 0.496324 0.110458 0.008824 0.043137
0 0.502206 0.158824 0.007353 0.040523
0 0.264338 0.469935 0.008088 0.037908
0 0.604044 0.481046 0.008088 0.031373
0 0.750368 0.561438 0.012500 0.048366
0 0.826103 0.413072 0.006618 0.023529
0 0.818015 0.410458 0.008088 0.036601
0 0.800368 0.412418 0.008088 0.035294
0 0.738603 0.333987 0.005147 0.022222
0 0.703309 0.252288 0.068382 0.117647
0 0.589706 0.185621 0.047059 0.112418
0 0.550735 0.130719 0.026471 0.054902
