0 0.268750 0.856481 0.018750 0.094444
0 0.277604 0.825000 0.017708 0.075926
0 0.152604 0.765741 0.015625 0.079630
0 0.691146 0.918519 0.021875 0.103704
0 0.715625 0.860185 0.020833 0.098148
0 0.700000 0.849074 0.020833 0.094444
0 0.598958 0.628704 0.020833 0.053704
0 0.583854 0.629630 0.013542 0.055556
0 0.605729 0.616667 0.011458 0.051852
0 0.594271 0.612963 0.011458 0.048148
0 0.410417 0.687037 0.014583 0.066667
0 0.423438 0.637963 0.009375 0.061111
0 0.353125 0.660185 0.012500 0.072222
0 0.342187 0.668519 0.011458 0.055556
0 0.336458 0.637963 0.008333 0.050000
0 0.340104 0.635185 0.013542 0.051852
0 0.450521 0.510185 0.009375 0.038889
0 0.355208 0.587963 0.010417 0.050000
0 0.385937 0.569444 0.009375 0.042593
0 0.364583 0.562037 0.012500 0.042593
0 0.428125 0.562037 0.010417 0.050000
0 0.414062 0.524074 0.007292 0.044444
0 0.419271 0.537037 0.007292 0.044444
0 0.601042 0.530556 0.006250 0.020370
0 0.609375 0.517593 0.008333 0.042593
0 0.563542 0.496296 0.010417 0.037037
0 0.515625 0.473148 0.006250 0.035185
0 0.509896 0.475000 0.007292 0.038889
0 0.403646 0.523148 0.009375 0.035185
0 0.447917 0.441667 0.006250 0.024074
0 0.442708 0.411111 0.006250 0.022222
0 0.490104 0.316667 0.080208 0.066667
