0 0.278125 0.695370 0.022917 0.075926
0 0.335938 0.618519 0.015625 0.059259
0 0.375000 0.545370 0.012500 0.042593
0 0.190104 0.387037 0.009375 0.033333
0 0.541667 0.598148 0.014583 0.059259
0 0.569271 0.518519 0.009375 0.040741
0 0.550521 0.493519 0.009375 0.042593
0 0.666667 0.408333 0.179167 0.357407
0 0.516146 0.199074 0.126042 0.201852
0 0.538021 0.437963 0.007292 0.038889
0 0.533854 0.447222 0.007292 0.038889
0 0.519792 0.443519 0.010417 0.038889
0 0.568750 0.338889 0.018750 0.077778
0 0.541146 0.377778 0.009375 0.037037
0 0.547917 0.365741 0.008333 0.031481
0 0.427083 0.446296 0.010417 0.044444
0 0.431250 0.424074 0.008333 0.037037
0 0.417187 0.400926 0.011458 0.038889
0 0.446875 0.352778 0.008333 0.027778
0 0.449479 0.328704 0.007292 0.027778
0 0.462500 0.319444 0.006250 0.024074
0 0.441146 0.332407 0.005208 0.020370
