0 0.252941 0.804575 0.014706 0.071895
0 0.288603 0.600654 0.011029 0.058824
0 0.010294 0.509804 0.013235 0.044444
0 0.004044 0.514379 0.008088 0.043137
0 0.303309 0.345752 0.008088 0.040523
0 0.293750 0.342484 0.009559 0.039216
0 0.280882 0.339869 0.007353 0.028758
0 0.422059 0.362745 0.010294 0.037908
0 0.508088 0.132680 0.004412 0.019608
0 0.812132 0.406536 0.012500 0.039216
0 0.736765 0.133987 0.004412 0.022222
0 0.557721 0.066013 0.003676 0.014379
0 0.667279 0.059477 0.003676 0.014379
0 0.447426 0.169935 0.005147 0.023529
0 0.465441 0.128758 0.002941 0.022222
