0 0.727539 0.644531 0.006836 0.013021
0 0.814453 0.335503 0.000977 0.004340
0 0.242432 0.375000 0.003418 0.010417
0 0.783447 0.389323 0.003418 0.009549
0 0.069336 0.847656 0.013672 0.009549
0 0.319824 0.117622 0.001953 0.004340
0 0.373535 0.258247 0.001953 0.004340
0 0.940430 0.623698 0.009766 0.009549
0 0.442383 0.527778 0.004883 0.008681
0 0.759766 0.789497 0.006836 0.016493
0 0.537109 0.266059 0.003906 0.007812
0 0.556152 0.862847 0.013672 0.010417
0 0.270508 0.715712 0.001953 0.004340
0 0.601807 0.962240 0.011230 0.009549
0 0.401611 0.152778 0.007324 0.005208
0 0.023438 0.580295 0.005859 0.011285
0 0.226318 0.756076 0.002441 0.006944
0 0.268066 0.920139 0.002930 0.008681
0 0.210693 0.171441 0.001465 0.002604
0 0.279297 0.210069 0.012695 0.010417
0 0.096436 0.903212 0.001465 0.002604
0 0.710693 0.038194 0.002441 0.008681
0 0.273193 0.796441 0.015137 0.014757
0 0.859131 0.097656 0.006348 0.018229
0 0.485352 0.865885 0.009766 0.011285
0 0.553223 0.481337 0.006836 0.007812
0 0.329346 0.238281 0.006348 0.021701
0 0.677979 0.154948 0.015137 0.065104
0 0.808594 0.644965 0.016602 0.057292
0 0.627930 0.556858 0.017578 0.066840
0 0.921631 0.061632 0.013184 0.060764
0 0.665527 0.151476 0.014648 0.063368
0 0.592041 0.557726 0.022949 0.073785
0 0.969727 0.194878 0.014648 0.063368
0 0.932617 0.065104 0.019531 0.067708
0 0.683350 0.149306 0.017090 0.060764
0 0.678955 0.177517 0.014160 0.058160
0 0.565918 0.100260 0.014648 0.059896
0 0.773682 0.051649 0.018066 0.054688
0 0.845459 0.108507 0.014160 0.060764
0 0.853760 0.126736 0.016113 0.074653
0 0.947754 0.212240 0.014648 0.059896
0 0.890137 0.060764 0.016602 0.065972
0 0.825684 0.097222 0.021484 0.088542
0 0.908936 0.055122 0.019043 0.066840
