0 0.765643 0.510758 0.001181 0.002445
0 0.426210 0.158191 0.000787 0.002445
0 0.572412 0.931540 0.001968 0.003912
0 0.687525 0.119560 0.007871 0.006357
0 0.344156 0.402445 0.001181 0.001956
0 0.915191 0.436675 0.010626 0.006846
0 0.282763 0.094377 0.008264 0.008802
0 0.672963 0.786553 0.003935 0.007335
0 0.341991 0.278240 0.012593 0.007824
0 0.726486 0.769438 0.002361 0.001467
0 0.546045 0.365037 0.002755 0.006357
0 0.826250 0.732274 0.005116 0.011247
0 0.540338 0.694866 0.007871 0.010758
0 0.853011 0.784352 0.007477 0.009780
0 0.577725 0.317848 0.011019 0.008802
0 0.881936 0.811736 0.005510 0.003912
0 0.063361 0.877017 0.012593 0.008313
0 0.304014 0.887775 0.001968 0.006357
0 0.878591 0.510513 0.002755 0.006846
0 0.626525 0.094866 0.005510 0.007824
0 0.818379 0.687042 0.001181 0.001956
0 0.160960 0.593643 0.001574 0.002934
0 0.259543 0.487286 0.002755 0.010269
0 0.683983 0.031785 0.017316 0.043032
0 0.226092 0.212225 0.019284 0.044988
0 0.218221 0.326895 0.024006 0.045477
0 0.250492 0.225672 0.018497 0.060147
0 0.274498 0.269193 0.019284 0.059169
0 0.224518 0.246210 0.018497 0.065037
0 0.279811 0.239120 0.017316 0.046944
0 0.354191 0.276773 0.021251 0.063570
0 0.197166 0.331785 0.026761 0.044499
0 0.258953 0.283374 0.019677 0.063081
