0 0.798047 0.402083 0.007031 0.009722
0 0.222266 0.084722 0.002344 0.008333
0 0.510547 0.253472 0.003906 0.009722
0 0.885547 0.986111 0.002344 0.008333
0 0.704688 0.539583 0.012500 0.009722
0 0.227344 0.011806 0.001563 0.012500
0 0.715625 0.070833 0.012500 0.030556
0 0.625781 0.296528 0.020313 0.029167
0 0.178125 0.345833 0.021875 0.025000
0 0.075000 0.379861 0.020313 0.026389
0 0.817578 0.200000 0.016406 0.036111
0 0.033203 0.207639 0.008594 0.026389
0 0.114453 0.515972 0.019531 0.029167
0 0.966016 0.066667 0.021094 0.027778
0 0.407813 0.525694 0.003125 0.015278
0 0.721484 0.017361 0.005469 0.018056
0 0.036719 0.779167 0.007812 0.013889
0 0.543750 0.147917 0.007812 0.029167
0 0.369531 0.834028 0.023438 0.023611
0 0.843750 0.641667 0.004687 0.019444
0 0.196875 0.162500 0.003125 0.011111
0 0.687891 0.588889 0.002344 0.008333
0 0.096484 0.050694 0.013281 0.034722
0 0.298438 0.990972 0.028125 0.018056
0 0.810547 0.070139 0.002344 0.009722
0 0.052734 0.308333 0.008594 0.016667
0 0.962891 0.459722 0.002344 0.011111
0 0.196484 0.637500 0.003906 0.019444
0 0.477344 0.329861 0.014063 0.015278
0 0.434375 0.828472 0.009375 0.018056
0 0.312891 0.413194 0.013281 0.043056
0 0.582812 0.402778 0.021875 0.013889
0 0.544141 0.478472 0.011719 0.018056
0 0.604297 0.415278 0.002344 0.008333
0 0.428125 0.225000 0.006250 0.013889
0 0.065234 0.070833 0.011719 0.019444
0 0.759766 0.538889 0.017969 0.016667
0 0.289062 0.659722 0.007812 0.008333
0 0.326172 0.272917 0.007031 0.031944
0 0.368750 0.661111 0.012500 0.047222
0 0.859375 0.552778 0.009375 0.038889
0 0.089063 0.299306 0.007812 0.029167
0 0.320312 0.275694 0.006250 0.031944
0 0.076953 0.395833 0.008594 0.038889
0 0.939844 0.679167 0.009375 0.047222
0 0.097266 0.411111 0.008594 0.038889
0 0.947656 0.684028 0.009375 0.048611
0 0.429688 0.296528 0.007812 0.034722
0 0.353906 0.601389 0.010937 0.047222
0 0.367578 0.607639 0.011719 0.048611
0 0.783203 0.895139 0.013281 0.056944
0 0.427344 0.290972 0.007812 0.034722
0 0.815234 0.235417 0.007031 0.029167
0 0.507422 0.647917 0.008594 0.045833
0 0.925391 0.525694 0.008594 0.031944
0 0.593750 0.641667 0.009375 0.044444
0 0.564063 0.619444 0.009375 0.038889
0 0.104297 0.409722 0.008594 0.036111
0 0.080078 0.290278 0.007031 0.033333
0 0.323828 0.268056 0.007031 0.030556
0 0.494531 0.647222 0.009375 0.047222
0 0.074219 0.387500 0.007812 0.036111
0 0.600781 0.634722 0.009375 0.050000
0 0.328125 0.268750 0.006250 0.031944
0 0.525000 0.636806 0.009375 0.048611
0 0.186328 0.301389 0.007031 0.027778
0 0.043359 0.364583 0.008594 0.037500
0 0.841406 0.552778 0.010937 0.047222
0 0.429688 0.311111 0.007812 0.036111
0 0.405469 0.303472 0.007812 0.031944
0 0.943359 0.677778 0.010156 0.047222
0 0.413281 0.300694 0.007812 0.034722
0 0.700781 0.756944 0.012500 0.050000
0 0.042188 0.109722 0.006250 0.025000
0 0.074219 0.303472 0.007812 0.034722
0 0.851562 0.555556 0.009375 0.041667
0 0.548047 0.862500 0.013281 0.061111
0 0.864062 0.551389 0.009375 0.041667
0 0.441406 0.312500 0.007812 0.036111
0 0.052344 0.367361 0.009375 0.040278
0 0.085547 0.396528 0.007031 0.040278
0 0.834375 0.551389 0.010937 0.047222
0 0.608594 0.631944 0.009375 0.052778
0 0.307422 0.279861 0.007031 0.031944
0 0.726172 0.687500 0.013281 0.047222
0 0.950391 0.675694 0.008594 0.051389
0 0.760156 0.691667 0.009375 0.044444
0 0.751563 0.692361 0.010937 0.045833
0 0.152344 0.299306 0.007812 0.037500
0 0.744141 0.839583 0.011719 0.056944
0 0.144531 0.300694 0.007812 0.034722
0 0.933594 0.678472 0.012500 0.045833
0 0.760938 0.840972 0.009375 0.054167
0 0.929688 0.625000 0.010937 0.047222
0 0.686328 0.754861 0.011719 0.051389
0 0.884375 0.954167 0.014063 0.063889
0 0.299219 0.280556 0.006250 0.030556
0 0.241797 0.275000 0.008594 0.030556
0 0.730078 0.847917 0.013281 0.056944
0 0.306641 0.368056 0.007031 0.033333
0 0.860156 0.573611 0.009375 0.044444
0 0.316406 0.365278 0.007812 0.038889
0 0.288672 0.366667 0.010156 0.036111
0 0.921875 0.599306 0.010937 0.048611
0 0.968359 0.961111 0.014844 0.061111
0 0.990625 0.976389 0.012500 0.047222
