0 0.065640 0.659132 0.043760 0.034358
0 0.426256 0.330922 0.006483 0.021700
0 0.217180 0.047920 0.006483 0.009042
0 0.674230 0.858047 0.006483 0.009042
0 0.391410 0.232369 0.008104 0.016275
0 0.539708 0.573237 0.038898 0.039783
0 0.323339 0.113924 0.027553 0.018083
0 0.088331 0.317360 0.014587 0.005425
0 0.905997 0.787523 0.003241 0.016275
0 0.538898 0.624774 0.027553 0.045208
0 0.565640 0.698011 0.038898 0.039783
0 0.420583 0.591320 0.053485 0.028933
0 0.551053 0.320072 0.019449 0.010850
0 0.247974 0.742315 0.042139 0.034358
0 0.647488 0.045208 0.027553 0.028933
0 0.320908 0.057866 0.006483 0.021700
0 0.128849 0.292948 0.053485 0.028933
0 0.613452 0.179024 0.004862 0.010850
0 0.680713 0.323689 0.042139 0.036166
0 0.910859 0.294756 0.012966 0.007233
0 0.929498 0.246835 0.040519 0.037975
0 0.044571 0.399638 0.030794 0.047016
0 0.748784 0.060579 0.012966 0.023508
0 0.479741 0.858047 0.029173 0.023508
0 0.380065 0.341772 0.043760 0.025316
0 0.360616 0.304702 0.021070 0.045208
0 0.882496 0.772152 0.034036 0.018083
0 0.914100 0.190778 0.009724 0.027125
0 0.441653 0.446655 0.027553 0.047016
0 0.665316 0.130199 0.024311 0.050633
0 0.318476 0.803797 0.027553 0.052441
0 0.093193 0.912297 0.008104 0.016275
0 0.379254 0.726944 0.029173 0.028933
0 0.490276 0.969259 0.021070 0.025316
0 0.018639 0.242315 0.008104 0.007233
0 0.405997 0.914105 0.004862 0.012658
0 0.517828 0.760398 0.004862 0.012658
0 0.415721 0.532550 0.014587 0.009042
0 0.111021 0.235081 0.021070 0.054250
0 0.578606 0.536166 0.058347 0.023508
0 0.664506 0.784810 0.035656 0.083183
0 0.942464 0.554250 0.021070 0.063291
0 0.954619 0.628391 0.025932 0.059675
0 0.017828 0.770344 0.032415 0.097649
0 0.890600 0.531646 0.021070 0.061483
0 0.645057 0.839964 0.025932 0.077758
0 0.858995 0.910488 0.042139 0.088608
0 0.558347 0.874322 0.027553 0.081374
0 0.662885 0.869801 0.025932 0.068716
0 0.793355 0.870705 0.037277 0.092224
0 0.711507 0.824593 0.035656 0.083183
0 0.093193 0.842676 0.034036 0.104882
0 0.990276 0.577758 0.019449 0.063291
0 0.696921 0.757685 0.032415 0.075949
0 0.732577 0.855335 0.032415 0.079566
