0 0.213710 0.192204 0.026210 0.024194
0 0.661290 0.514113 0.004032 0.022849
0 0.470766 0.949597 0.002016 0.006720
0 0.336694 0.353495 0.002016 0.005376
0 0.917843 0.108871 0.027218 0.024194
0 0.622984 0.147177 0.004032 0.012097
0 0.084677 0.270833 0.012097 0.012097
0 0.578125 0.904570 0.031250 0.013441
0 0.644657 0.057796 0.003024 0.016129
0 0.103327 0.941532 0.005040 0.009409
0 0.015121 0.143817 0.004032 0.013441
0 0.610887 0.117608 0.002016 0.006720
0 0.060988 0.052419 0.001008 0.005376
0 0.515625 0.682796 0.001008 0.005376
0 0.896169 0.419355 0.002016 0.002688
0 0.277218 0.125672 0.018145 0.033602
0 0.173891 0.344758 0.001008 0.001344
0 0.299899 0.345430 0.005040 0.008065
0 0.382056 0.020161 0.004032 0.010753
0 0.507560 0.846102 0.039315 0.009409
0 0.230847 0.570565 0.008065 0.020161
0 0.374496 0.081317 0.009073 0.006720
0 0.892137 0.314516 0.002016 0.002688
0 0.659778 0.441532 0.019153 0.020161
0 0.451613 0.145833 0.024194 0.028226
0 0.757560 0.422715 0.011089 0.014785
0 0.484879 0.075269 0.006048 0.013441
0 0.500504 0.063172 0.017137 0.021505
0 0.637097 0.453629 0.018145 0.044355
0 0.951109 0.611559 0.017137 0.069892
0 0.609375 0.455645 0.013105 0.040323
0 0.927419 0.575269 0.014113 0.053763
0 0.930948 0.469758 0.013105 0.038978
0 0.212198 0.604167 0.013105 0.041667
0 0.501008 0.808468 0.014113 0.055108
0 0.168347 0.571237 0.016129 0.037634
0 0.654234 0.464382 0.012097 0.036290
0 0.822077 0.098118 0.011089 0.034946
0 0.354839 0.668683 0.014113 0.041667
0 0.745464 0.039651 0.011089 0.033602
0 0.503024 0.823925 0.014113 0.043011
0 0.318548 0.529570 0.012097 0.034946
0 0.221774 0.608199 0.012097 0.038978
0 0.893145 0.651210 0.016129 0.044355
0 0.926915 0.237903 0.013105 0.029570
0 0.273690 0.583333 0.015121 0.045699
0 0.923891 0.254032 0.011089 0.032258
0 0.285786 0.580645 0.013105 0.045699
0 0.340222 0.528898 0.015121 0.041667
0 0.370464 0.662634 0.013105 0.040323
0 0.840726 0.381048 0.012097 0.030914
0 0.919355 0.312500 0.012097 0.033602
0 0.253024 0.587366 0.014113 0.037634
0 0.071573 0.889113 0.014113 0.038978
0 0.351310 0.557796 0.013105 0.040323
0 0.913810 0.250672 0.011089 0.033602
0 0.936996 0.381048 0.011089 0.033602
0 0.900202 0.246640 0.012097 0.036290
0 0.366935 0.602151 0.012097 0.043011
0 0.344254 0.600806 0.013105 0.037634
0 0.920363 0.434140 0.010081 0.034946
0 0.203125 0.925403 0.017137 0.033602
0 0.908266 0.431452 0.012097 0.040323
0 0.144153 0.577285 0.012097 0.036290
0 0.056956 0.933468 0.019153 0.049731
0 0.855343 0.229839 0.011089 0.032258
0 0.940020 0.250000 0.011089 0.032258
0 0.914315 0.365591 0.012097 0.037634
0 0.472278 0.801747 0.011089 0.038978
0 0.676411 0.498656 0.014113 0.043011
0 0.460181 0.794355 0.011089 0.040323
