0 0.507552 0.331944 0.002604 0.006481
0 0.761719 0.589815 0.007812 0.014815
0 0.802083 0.923148 0.001042 0.003704
0 0.865365 0.690278 0.001563 0.004630
0 0.847396 0.651389 0.006250 0.012037
0 0.170573 0.592130 0.001563 0.004630
0 0.479687 0.675926 0.001042 0.003704
0 0.209896 0.375463 0.010417 0.015741
0 0.938542 0.051389 0.001042 0.002778
0 0.651042 0.555093 0.008333 0.004630
0 0.271094 0.729630 0.006771 0.007407
0 0.556510 0.048611 0.017188 0.013889
0 0.267708 0.226389 0.001042 0.002778
0 0.508073 0.013889 0.004687 0.025926
0 0.421354 0.837963 0.003125 0.007407
0 0.862760 0.596296 0.010937 0.016667
0 0.559115 0.235185 0.016146 0.014815
0 0.223958 0.606481 0.004167 0.011111
0 0.485677 0.493519 0.013021 0.016667
0 0.482812 0.352778 0.002083 0.003704
0 0.978646 0.045370 0.016667 0.014815
0 0.414323 0.579630 0.006771 0.016667
0 0.830469 0.311574 0.003646 0.015741
0 0.898698 0.495370 0.002604 0.009259
0 0.204427 0.199074 0.002604 0.009259
0 0.102344 0.277315 0.015104 0.015741
0 0.360938 0.600926 0.001042 0.001852
0 0.802344 0.214815 0.007812 0.012963
0 0.806250 0.114352 0.007292 0.013889
0 0.563281 0.004630 0.006771 0.009259
0 0.572656 0.052315 0.005729 0.010185
0 0.611198 0.147222 0.006771 0.011111
0 0.616927 0.122222 0.005729 0.011111
0 0.591406 0.010185 0.004687 0.009259
0 0.758333 0.252315 0.008333 0.013889
0 0.619792 0.197685 0.006250 0.010185
0 0.620833 0.137037 0.006250 0.011111
0 0.831510 0.315741 0.006771 0.011111
0 0.812760 0.348611 0.005729 0.010185
0 0.611458 0.087500 0.007292 0.010185
0 0.814844 0.170833 0.006771 0.013889
0 0.620833 0.071759 0.008333 0.010185
0 0.815625 0.338426 0.007292 0.012037
0 0.802083 0.234722 0.007292 0.010185
0 0.578646 0.140741 0.009375 0.012963
0 0.799479 0.195370 0.008333 0.011111
0 0.860417 0.377778 0.009375 0.014815
0 0.830469 0.459722 0.007812 0.012037
0 0.821094 0.236111 0.007812 0.011111
0 0.883594 0.313426 0.007812 0.012037
0 0.589063 0.134722 0.006250 0.010185
0 0.211198 0.453704 0.009896 0.011111
0 0.833594 0.384259 0.007812 0.012963
0 0.285938 0.500463 0.008333 0.015741
0 0.593750 0.074074 0.007292 0.011111
0 0.590885 0.164815 0.006771 0.011111
0 0.826042 0.316204 0.008333 0.012037
0 0.755990 0.281944 0.008854 0.017593
0 0.769792 0.172685 0.011458 0.019444
0 0.626042 0.149074 0.005208 0.009259
0 0.819271 0.410185 0.006250 0.009259
0 0.807552 0.222685 0.009896 0.010185
0 0.836719 0.249537 0.010937 0.012037
0 0.783073 0.505556 0.008854 0.009259
0 0.765625 0.306019 0.006250 0.012037
0 0.601562 0.053704 0.010417 0.009259
0 0.815625 0.304167 0.009375 0.017593
0 0.894271 0.256019 0.006250 0.013889
0 0.804688 0.379167 0.008333 0.012037
0 0.568750 0.029630 0.006250 0.011111
0 0.781771 0.333333 0.006250 0.016667
0 0.856250 0.331944 0.008333 0.012037
0 0.596094 0.036111 0.006771 0.009259
0 0.813542 0.318519 0.007292 0.012963
