0 0.489453 0.865278 0.019531 0.027778
0 0.657422 0.402083 0.014844 0.037500
0 0.417969 0.028472 0.012500 0.026389
0 0.580469 0.602083 0.003125 0.006944
0 0.376563 0.475694 0.004687 0.012500
0 0.945703 0.852083 0.013281 0.043056
0 0.355859 0.549306 0.019531 0.029167
0 0.400781 0.827083 0.028125 0.020833
0 0.829688 0.357639 0.004687 0.023611
0 0.676562 0.705556 0.010937 0.027778
0 0.188281 0.497222 0.012500 0.033333
0 0.544141 0.425694 0.013281 0.040278
0 0.658984 0.927778 0.019531 0.030556
0 0.610547 0.334722 0.002344 0.008333
0 0.261328 0.018056 0.010156 0.036111
0 0.613281 0.264583 0.025000 0.023611
0 0.910937 0.378472 0.010937 0.051389
0 0.731641 0.826389 0.008594 0.011111
0 0.942187 0.689583 0.003125 0.006944
0 0.931250 0.850000 0.004687 0.016667
0 0.927734 0.311806 0.007031 0.015278
0 0.096484 0.591667 0.008594 0.016667
0 0.650781 0.852778 0.006250 0.008333
0 0.160156 0.495833 0.003125 0.008333
0 0.921094 0.526389 0.003125 0.008333
0 0.326172 0.272917 0.007031 0.031944
0 0.368750 0.661111 0.012500 0.047222
0 0.859375 0.552778 0.009375 0.038889
0 0.089063 0.299306 0.007812 0.029167
0 0.320312 0.275694 0.006250 0.031944
0 0.076953 0.395833 0.008594 0.038889
0 0.939844 0.679167 0.009375 0.047222
0 0.097266 0.411111 0.008594 0.038889
0 0.947656 0.684028 0.009375 0.048611
0 0.429688 0.296528 0.007812 0.034722
0 0.353906 0.601389 0.010937 0.047222
0 0.367578 0.607639 0.011719 0.048611
0 0.783203 0.895139 0.013281 0.056944
0 0.427344 0.290972 0.007812 0.034722
0 0.815234 0.235417 0.007031 0.029167
0 0.507422 0.647917 0.008594 0.045833
0 0.925391 0.525694 0.008594 0.031944
0 0.593750 0.641667 0.009375 0.044444
0 0.564063 0.619444 0.009375 0.038889
0 0.104297 0.409722 0.008594 0.036111
0 0.080078 0.290278 0.007031 0.033333
0 0.323828 0.268056 0.007031 0.030556
0 0.494531 0.647222 0.009375 0.047222
0 0.074219 0.387500 0.007812 0.036111
0 0.600781 0.634722 0.009375 0.050000
0 0.328125 0.268750 0.006250 0.031944
0 0.525000 0.636806 0.009375 0.048611
0 0.186328 0.301389 0.007031 0.027778
0 0.043359 0.364583 0.008594 0.037500
0 0.841406 0.552778 0.010937 0.047222
0 0.429688 0.311111 0.007812 0.036111
0 0.405469 0.303472 0.007812 0.031944
0 0.943359 0.677778 0.010156 0.047222
0 0.413281 0.300694 0.007812 0.034722
0 0.700781 0.756944 0.012500 0.050000
0 0.042188 0.109722 0.006250 0.025000
0 0.074219 0.303472 0.007812 0.034722
0 0.851562 0.555556 0.009375 0.041667
0 0.548047 0.862500 0.013281 0.061111
0 0.864062 0.551389 0.009375 0.041667
0 0.441406 0.312500 0.007812 0.036111
0 0.052344 0.367361 0.009375 0.040278
0 0.085547 0.396528 0.007031 0.040278
0 0.834375 0.551389 0.010937 0.047222
0 0.608594 0.631944 0.009375 0.052778
0 0.307422 0.279861 0.007031 0.031944
0 0.726172 0.687500 0.013281 0.047222
0 0.950391 0.675694 0.008594 0.051389
0 0.760156 0.691667 0.009375 0.044444
0 0.751563 0.692361 0.010937 0.045833
0 0.152344 0.299306 0.007812 0.037500
0 0.744141 0.839583 0.011719 0.056944
0 0.144531 0.300694 0.007812 0.034722
0 0.933594 0.678472 0.012500 0.045833
0 0.760938 0.840972 0.009375 0.054167
0 0.929688 0.625000 0.010937 0.047222
0 0.686328 0.754861 0.011719 0.051389
0 0.884375 0.954167 0.014063 0.063889
0 0.299219 0.280556 0.006250 0.030556
0 0.241797 0.275000 0.008594 0.030556
0 0.730078 0.847917 0.013281 0.056944
0 0.306641 0.368056 0.007031 0.033333
0 0.860156 0.573611 0.009375 0.044444
0 0.316406 0.365278 0.007812 0.038889
0 0.288672 0.366667 0.010156 0.036111
0 0.921875 0.599306 0.010937 0.048611
0 0.968359 0.961111 0.014844 0.061111
0 0.990625 0.976389 0.012500 0.047222
