0 0.454167 0.921875 0.026667 0.021250
0 0.466250 0.900000 0.027500 0.020000
0 0.050000 0.258125 0.013333 0.021250
0 0.554583 0.478750 0.007500 0.012500
0 0.902083 0.860625 0.015833 0.033750
0 0.366250 0.067500 0.020833 0.027500
0 0.256667 0.086250 0.008333 0.010000
0 0.363333 0.562500 0.023333 0.022500
0 0.371667 0.653750 0.003333 0.007500
0 0.981667 0.806250 0.015000 0.035000
0 0.039583 0.971875 0.015833 0.026250
0 0.931250 0.443750 0.017500 0.012500
0 0.381667 0.420000 0.005000 0.010000
0 0.315833 0.593750 0.020000 0.027500
0 0.692917 0.015000 0.002500 0.007500
0 0.525417 0.760000 0.015833 0.032500
0 0.717083 0.725000 0.004167 0.005000
0 0.815833 0.925625 0.018333 0.028750
0 0.148750 0.825625 0.010833 0.016250
0 0.727917 0.653750 0.015833 0.030000
0 0.652917 0.895625 0.020833 0.026250
0 0.952500 0.975000 0.026667 0.020000
0 0.292083 0.275000 0.002500 0.010000
0 0.124167 0.260000 0.005000 0.012500
0 0.394167 0.915000 0.005000 0.007500
0 0.350833 0.865625 0.005000 0.008750
0 0.535833 0.301875 0.006667 0.018750
0 0.032500 0.947500 0.013333 0.017500
0 0.373333 0.422500 0.010000 0.020000
0 0.460000 0.201875 0.016667 0.026250
0 0.166667 0.291250 0.015000 0.022500
0 0.266667 0.770625 0.011667 0.036250
0 0.015417 0.340000 0.025833 0.020000
0 0.512917 0.252500 0.017500 0.025000
0 0.534583 0.128750 0.002500 0.010000
0 0.847083 0.533750 0.002500 0.007500
0 0.106667 0.330625 0.003333 0.011250
0 0.885833 0.135000 0.028333 0.020000
0 0.604583 0.483750 0.012500 0.017500
0 0.030000 0.511875 0.006667 0.008750
0 0.395417 0.726875 0.009167 0.023750
0 0.552083 0.305625 0.014167 0.038750
0 0.576250 0.348750 0.010833 0.040000
0 0.586667 0.379375 0.010000 0.036250
0 0.545000 0.251250 0.010000 0.040000
0 0.539167 0.296250 0.010000 0.040000
0 0.561667 0.173750 0.008333 0.035000
0 0.432500 0.376875 0.011667 0.038750
0 0.537083 0.328750 0.009167 0.032500
0 0.547917 0.303125 0.009167 0.038750
0 0.535833 0.282500 0.008333 0.035000
0 0.548750 0.145000 0.009167 0.035000
0 0.691250 0.426875 0.010833 0.041250
0 0.479583 0.258750 0.009167 0.035000
0 0.497500 0.627500 0.013333 0.040000
0 0.498750 0.324375 0.010833 0.036250
0 0.482500 0.365000 0.011667 0.040000
0 0.363333 0.014375 0.010000 0.028750
0 0.522500 0.280625 0.010000 0.038750
0 0.442083 0.303125 0.010833 0.036250
0 0.559167 0.304375 0.010000 0.038750
0 0.482917 0.760625 0.012500 0.048750
0 0.476667 0.682500 0.013333 0.047500
0 0.590417 0.685000 0.014167 0.045000
0 0.537917 0.355625 0.009167 0.038750
0 0.562917 0.223125 0.010833 0.036250
0 0.527500 0.333125 0.008333 0.036250
0 0.635417 0.452500 0.009167 0.040000
0 0.553750 0.241250 0.009167 0.037500
0 0.512917 0.337500 0.009167 0.037500
0 0.628750 0.423125 0.010833 0.046250
