0 0.237500 0.693384 0.065000 0.053435
0 0.197500 0.910941 0.035000 0.040712
0 0.121250 0.394402 0.017500 0.035623
0 0.846250 0.067430 0.007500 0.017812
0 0.223750 0.989822 0.007500 0.020356
0 0.945000 0.372774 0.035000 0.048346
0 0.816250 0.274809 0.037500 0.050891
0 0.650000 0.765903 0.030000 0.061069
0 0.373750 0.811705 0.017500 0.050891
0 0.085000 0.416031 0.045000 0.053435
0 0.118750 0.049618 0.007500 0.022901
0 0.097500 0.044529 0.010000 0.012723
0 0.106250 0.577608 0.012500 0.010178
0 0.661250 0.659033 0.062500 0.055980
0 0.216250 0.045802 0.057500 0.055980
0 0.257500 0.472010 0.055000 0.058524
0 0.241250 0.886768 0.042500 0.033079
0 0.558750 0.821883 0.097500 0.035623
0 0.046250 0.755725 0.077500 0.040712
0 0.748750 0.790076 0.072500 0.043257
0 0.211250 0.488550 0.032500 0.035623
0 0.256250 0.541985 0.007500 0.015267
0 0.336250 0.246819 0.012500 0.025445
0 0.771250 0.314249 0.032500 0.053435
0 0.378750 0.980916 0.012500 0.022901
0 0.487500 0.937659 0.045000 0.063613
0 0.351250 0.301527 0.007500 0.017812
0 0.343750 0.185751 0.007500 0.020356
0 0.308750 0.762087 0.017500 0.048346
0 0.460000 0.422392 0.020000 0.050891
0 0.330000 0.351145 0.020000 0.040712
0 0.276250 0.162850 0.017500 0.040712
0 0.632500 0.075064 0.020000 0.058524
0 0.282500 0.787532 0.015000 0.048346
0 0.712500 0.965649 0.015000 0.048346
0 0.931250 0.830789 0.022500 0.048346
0 0.308750 0.692112 0.017500 0.045802
0 0.185000 0.184478 0.015000 0.038168
0 0.088750 0.828244 0.017500 0.048346
0 0.082500 0.872774 0.015000 0.045802
0 0.792500 0.180662 0.020000 0.035623
0 0.770000 0.075064 0.020000 0.048346
0 0.135000 0.207379 0.020000 0.048346
0 0.510000 0.480916 0.020000 0.050891
0 0.098750 0.870229 0.022500 0.045802
0 0.295000 0.784987 0.015000 0.043257
0 0.367500 0.987277 0.020000 0.025445
0 0.790000 0.073791 0.020000 0.050891
0 0.336250 0.865140 0.022500 0.055980
0 0.626250 0.958015 0.022500 0.053435
0 0.383750 0.983461 0.017500 0.033079
0 0.883750 0.041985 0.017500 0.048346
0 0.898750 0.816794 0.022500 0.061069
0 0.066250 0.849873 0.017500 0.050891
0 0.950000 0.828244 0.020000 0.053435
