0 0.221440 0.865706 0.007825 0.013657
0 0.292645 0.040971 0.012520 0.018209
0 0.823944 0.248862 0.048513 0.024279
0 0.010172 0.940061 0.014085 0.013657
0 0.332551 0.726859 0.026604 0.012140
0 0.960876 0.069803 0.015649 0.012140
0 0.500000 0.587253 0.057903 0.021244
0 0.713615 0.679818 0.015649 0.021244
0 0.609546 0.185888 0.020344 0.016692
0 0.030516 0.600152 0.004695 0.010622
0 0.748044 0.349772 0.015649 0.010622
0 0.953834 0.791351 0.023474 0.053111
0 0.235524 0.124431 0.010955 0.015175
0 0.505477 0.622914 0.015649 0.025797
0 0.143975 0.884674 0.028169 0.015175
0 0.052426 0.181335 0.004695 0.010622
0 0.190923 0.343703 0.043818 0.028832
0 0.373239 0.732170 0.051643 0.022762
0 0.951487 0.653263 0.006260 0.007587
0 0.517997 0.138847 0.006260 0.013657
0 0.556338 0.796662 0.039124 0.024279
0 0.975743 0.103187 0.007825 0.006070
0 0.661189 0.768589 0.004695 0.010622
0 0.421753 0.105463 0.017214 0.031866
0 0.435837 0.252656 0.042254 0.028832
0 0.241784 0.497724 0.007825 0.006070
0 0.528169 0.923369 0.023474 0.013657
0 0.753521 0.585736 0.026604 0.045524
0 0.602504 0.507587 0.043818 0.028832
0 0.851330 0.656297 0.025039 0.019727
0 0.199531 0.470410 0.032864 0.066768
0 0.690141 0.937026 0.028169 0.028832
0 0.979656 0.213961 0.028169 0.036419
0 0.798122 0.858877 0.021909 0.027314
0 0.336463 0.469651 0.031299 0.040971
0 0.832551 0.852807 0.015649 0.030349
0 0.446792 0.355842 0.045383 0.040971
0 0.230047 0.464340 0.028169 0.054628
0 0.794992 0.949924 0.021909 0.027314
0 0.739437 0.908194 0.023474 0.022762
0 0.459311 0.518209 0.026604 0.034901
0 0.331768 0.489378 0.034429 0.044006
0 0.939750 0.323217 0.023474 0.045524
0 0.354460 0.764036 0.020344 0.031866
0 0.418623 0.477997 0.023474 0.030349
0 0.395149 0.513657 0.029734 0.044006
0 0.501565 0.404401 0.023474 0.037936
0 0.737872 0.962822 0.026604 0.022762
0 0.799687 0.675266 0.021909 0.030349
0 0.737089 0.824734 0.025039 0.028832
0 0.888106 0.659332 0.026604 0.031866
0 0.419405 0.522762 0.034429 0.037936
0 0.360720 0.452959 0.035994 0.050076
0 0.653365 0.506070 0.023474 0.031866
0 0.498435 0.823976 0.020344 0.027314
