0 0.252784 0.437215 0.033408 0.029680
0 0.265033 0.144977 0.057906 0.025114
0 0.793987 0.418950 0.011136 0.006849
0 0.899777 0.265982 0.004454 0.011416
0 0.792873 0.692922 0.048998 0.025114
0 0.626949 0.708904 0.042316 0.025114
0 0.155902 0.934932 0.040089 0.047945
0 0.064588 0.376712 0.017817 0.036530
0 0.836303 0.292237 0.024499 0.054795
0 0.551225 0.269406 0.020045 0.036530
0 0.048998 0.386986 0.008909 0.015982
0 0.175947 0.755708 0.053452 0.050228
0 0.126949 0.668950 0.004454 0.013699
0 0.386414 0.065068 0.011136 0.015982
0 0.298441 0.936073 0.008909 0.013699
0 0.885301 0.510274 0.006682 0.011416
0 0.744989 0.663242 0.037862 0.047945
0 0.942094 0.955479 0.026726 0.029680
0 0.052339 0.039954 0.006682 0.006849
0 0.307350 0.818493 0.022272 0.047945
0 0.069042 0.863014 0.013363 0.054795
0 0.590200 0.113014 0.026726 0.029680
0 0.670379 0.675799 0.031180 0.068493
0 0.814031 0.607306 0.024499 0.073059
0 0.992205 0.922374 0.015590 0.063927
0 0.993318 0.634703 0.013363 0.063927
0 0.975501 0.934932 0.022272 0.057078
0 0.714922 0.770548 0.022272 0.061644
0 0.949889 0.952055 0.024499 0.068493
0 0.968820 0.642694 0.022272 0.066210
0 0.772829 0.776256 0.026726 0.063927
0 0.879733 0.970320 0.026726 0.059361
0 0.602450 0.946347 0.028953 0.075342
0 0.817372 0.926941 0.022272 0.063927
0 0.964365 0.600457 0.022272 0.068493
0 0.752784 0.833333 0.026726 0.068493
0 0.851893 0.801370 0.028953 0.073059
0 0.891982 0.920091 0.033408 0.073059
0 0.789532 0.934932 0.028953 0.061644
0 0.933185 0.593607 0.017817 0.063927
0 0.383073 0.852740 0.022272 0.070776
0 0.857461 0.623288 0.022272 0.073059
0 0.685969 0.517123 0.026726 0.070776
0 0.356347 0.859589 0.026726 0.070776
