0 0.162568 0.893056 0.024590 0.041667
0 0.390710 0.461111 0.027322 0.044444
0 0.301913 0.162500 0.008197 0.008333
0 0.411202 0.893056 0.019126 0.052778
0 0.551913 0.273611 0.010929 0.008333
0 0.603825 0.906944 0.005464 0.013889
0 0.397541 0.834722 0.030055 0.019444
0 0.110656 0.691667 0.008197 0.011111
0 0.200820 0.223611 0.024590 0.052778
0 0.606557 0.101389 0.010929 0.013889
0 0.743169 0.825000 0.065574 0.061111
0 0.012295 0.359722 0.008197 0.013889
0 0.530055 0.568056 0.010929 0.013889
0 0.588798 0.294444 0.013661 0.033333
0 0.382514 0.312500 0.054645 0.052778
0 0.296448 0.108333 0.046448 0.088889
0 0.754098 0.522222 0.027322 0.038889
0 0.495902 0.784722 0.051913 0.075000
0 0.691257 0.704167 0.005464 0.013889
0 0.743169 0.366667 0.032787 0.038889
0 0.666667 0.406944 0.016393 0.036111
0 0.911202 0.577778 0.062842 0.033333
0 0.282787 0.368056 0.019126 0.036111
0 0.717213 0.912500 0.079235 0.047222
0 0.396175 0.158333 0.016393 0.061111
0 0.471311 0.622222 0.008197 0.016667
0 0.782787 0.368056 0.030055 0.036111
0 0.027322 0.488889 0.038251 0.033333
0 0.520492 0.925000 0.040984 0.027778
0 0.121585 0.097222 0.030055 0.066667
0 0.370219 0.243056 0.030055 0.063889
0 0.896175 0.063889 0.021858 0.066667
0 0.147541 0.033333 0.027322 0.050000
0 0.826503 0.665278 0.035519 0.080556
0 0.919399 0.744444 0.030055 0.072222
0 0.592896 0.065278 0.032787 0.097222
0 0.774590 0.615278 0.040984 0.075000
0 0.912568 0.034722 0.021858 0.069444
0 0.969945 0.075000 0.027322 0.083333
0 0.883880 0.783333 0.035519 0.077778
0 0.948087 0.093056 0.027322 0.080556
0 0.939891 0.034722 0.027322 0.063889
0 0.012295 0.116667 0.024590 0.077778
0 0.187158 0.736111 0.035519 0.083333
