0 0.321250 0.234097 0.077500 0.035623
0 0.561250 0.183206 0.032500 0.045802
0 0.053750 0.036896 0.057500 0.058524
0 0.046250 0.973282 0.012500 0.017812
0 0.822500 0.125954 0.055000 0.058524
0 0.651250 0.856234 0.057500 0.048346
0 0.146250 0.896947 0.057500 0.058524
0 0.872500 0.902036 0.070000 0.048346
0 0.750000 0.389313 0.010000 0.015267
0 0.140000 0.506361 0.010000 0.025445
0 0.907500 0.479644 0.010000 0.022901
0 0.531250 0.197201 0.022500 0.033079
0 0.641250 0.613232 0.057500 0.045802
0 0.947500 0.662850 0.010000 0.012723
0 0.015000 0.597964 0.015000 0.010178
0 0.932500 0.049618 0.035000 0.038168
0 0.655000 0.128499 0.065000 0.053435
0 0.581250 0.821883 0.077500 0.040712
0 0.555000 0.237913 0.020000 0.022901
0 0.740000 0.540712 0.010000 0.012723
0 0.078750 0.732824 0.032500 0.050891
0 0.083750 0.114504 0.007500 0.015267
0 0.248750 0.512723 0.017500 0.017812
0 0.301250 0.464377 0.052500 0.058524
0 0.815000 0.064885 0.055000 0.053435
0 0.065000 0.458015 0.020000 0.050891
0 0.218750 0.370229 0.027500 0.058524
0 0.912500 0.538168 0.030000 0.053435
0 0.270000 0.189567 0.065000 0.048346
0 0.795000 0.496183 0.065000 0.050891
0 0.046250 0.513995 0.027500 0.055980
0 0.308750 0.762087 0.017500 0.048346
0 0.460000 0.422392 0.020000 0.050891
0 0.330000 0.351145 0.020000 0.040712
0 0.276250 0.162850 0.017500 0.040712
0 0.632500 0.075064 0.020000 0.058524
0 0.282500 0.787532 0.015000 0.048346
0 0.712500 0.965649 0.015000 0.048346
0 0.931250 0.830789 0.022500 0.048346
0 0.308750 0.692112 0.017500 0.045802
0 0.185000 0.184478 0.015000 0.038168
0 0.088750 0.828244 0.017500 0.048346
0 0.082500 0.872774 0.015000 0.045802
0 0.792500 0.180662 0.020000 0.035623
0 0.770000 0.075064 0.020000 0.048346
0 0.135000 0.207379 0.020000 0.048346
0 0.510000 0.480916 0.020000 0.050891
0 0.098750 0.870229 0.022500 0.045802
0 0.295000 0.784987 0.015000 0.043257
0 0.367500 0.987277 0.020000 0.025445
0 0.790000 0.073791 0.020000 0.050891
0 0.336250 0.865140 0.022500 0.055980
0 0.626250 0.958015 0.022500 0.053435
0 0.383750 0.983461 0.017500 0.033079
0 0.883750 0.041985 0.017500 0.048346
0 0.898750 0.816794 0.022500 0.061069
0 0.066250 0.849873 0.017500 0.050891
0 0.950000 0.828244 0.020000 0.053435
