0 0.468750 0.256997 0.047500 0.030534
0 0.900000 0.834606 0.020000 0.050891
0 0.835000 0.764631 0.010000 0.012723
0 0.466250 0.223919 0.007500 0.015267
0 0.326250 0.586514 0.007500 0.022901
0 0.543750 0.283715 0.062500 0.053435
0 0.722500 0.694656 0.055000 0.055980
0 0.950000 0.627226 0.010000 0.012723
0 0.861250 0.774809 0.012500 0.038168
0 0.925000 0.670483 0.010000 0.012723
0 0.710000 0.431298 0.055000 0.033079
0 0.926250 0.732824 0.027500 0.035623
0 0.393750 0.159033 0.027500 0.017812
0 0.708750 0.863868 0.012500 0.022901
0 0.141250 0.077608 0.082500 0.033079
0 0.678750 0.017812 0.017500 0.010178
0 0.855000 0.736641 0.005000 0.022901
0 0.365000 0.840967 0.075000 0.043257
0 0.152500 0.253181 0.025000 0.038168
0 0.241250 0.212468 0.007500 0.017812
0 0.573750 0.707379 0.017500 0.040712
0 0.246250 0.790076 0.032500 0.048346
0 0.122500 0.381679 0.075000 0.045802
0 0.783750 0.318066 0.007500 0.015267
0 0.398750 0.057252 0.022500 0.017812
0 0.743750 0.124682 0.072500 0.035623
0 0.082500 0.223919 0.030000 0.025445
0 0.246250 0.262087 0.012500 0.010178
0 0.217500 0.863868 0.040000 0.063613
0 0.290000 0.176845 0.050000 0.053435
0 0.428750 0.740458 0.047500 0.055980
0 0.947500 0.561069 0.045000 0.073791
0 0.280000 0.027990 0.105000 0.025445
0 0.332500 0.926209 0.040000 0.081425
0 0.583750 0.936387 0.067500 0.050891
0 0.323750 0.374046 0.012500 0.010178
0 0.551250 0.872774 0.047500 0.071247
0 0.531250 0.961832 0.007500 0.020356
0 0.643750 0.169211 0.047500 0.053435
0 0.308750 0.762087 0.017500 0.048346
0 0.460000 0.422392 0.020000 0.050891
0 0.330000 0.351145 0.020000 0.040712
0 0.276250 0.162850 0.017500 0.040712
0 0.632500 0.075064 0.020000 0.058524
0 0.282500 0.787532 0.015000 0.048346
0 0.712500 0.965649 0.015000 0.048346
0 0.931250 0.830789 0.022500 0.048346
0 0.308750 0.692112 0.017500 0.045802
0 0.185000 0.184478 0.015000 0.038168
0 0.088750 0.828244 0.017500 0.048346
0 0.082500 0.872774 0.015000 0.045802
0 0.792500 0.180662 0.020000 0.035623
0 0.770000 0.075064 0.020000 0.048346
0 0.135000 0.207379 0.020000 0.048346
0 0.510000 0.480916 0.020000 0.050891
0 0.098750 0.870229 0.022500 0.045802
0 0.295000 0.784987 0.015000 0.043257
0 0.367500 0.987277 0.020000 0.025445
0 0.790000 0.073791 0.020000 0.050891
0 0.336250 0.865140 0.022500 0.055980
0 0.626250 0.958015 0.022500 0.053435
0 0.383750 0.983461 0.017500 0.033079
0 0.883750 0.041985 0.017500 0.048346
0 0.898750 0.816794 0.022500 0.061069
0 0.066250 0.849873 0.017500 0.050891
0 0.950000 0.828244 0.020000 0.053435
