0 0.143316 0.059799 0.010937 0.030401
0 0.144661 0.060262 0.011198 0.030401
0 0.146137 0.060648 0.011198 0.030247
0 0.147483 0.061034 0.011458 0.030401
0 0.148958 0.061728 0.011458 0.030864
0 0.150304 0.062423 0.011719 0.030401
0 0.151736 0.062886 0.011632 0.030401
0 0.153082 0.063503 0.011892 0.030710
0 0.154514 0.063889 0.011979 0.030864
0 0.155903 0.064352 0.012153 0.030864
0 0.157335 0.065201 0.012240 0.030710
0 0.158550 0.065201 0.012240 0.030710
0 0.159809 0.065664 0.012153 0.030710
0 0.161241 0.065664 0.012240 0.030710
0 0.162457 0.066049 0.012240 0.030864
0 0.163932 0.066512 0.012240 0.030864
0 0.165148 0.066512 0.012240 0.030864
0 0.166363 0.066975 0.012240 0.030864
0 0.167839 0.066975 0.012240 0.030864
0 0.169054 0.067361 0.012240 0.030710
0 0.170530 0.067824 0.012240 0.030710
0 0.171615 0.068441 0.011979 0.030401
0 0.172830 0.069367 0.011979 0.030401
0 0.174045 0.069985 0.011979 0.029784
0 0.175260 0.070833 0.011979 0.029938
0 0.176476 0.071759 0.011979 0.029938
0 0.177734 0.072377 0.011892 0.029630
0 0.178950 0.073225 0.011892 0.029475
0 0.180165 0.073920 0.011892 0.029012
0 0.181380 0.074769 0.011892 0.029167
0 0.182639 0.075849 0.011979 0.028549
0 0.183854 0.077160 0.011979 0.028704
0 0.185286 0.078858 0.011892 0.028704
0 0.186762 0.080170 0.011892 0.028549
0 0.188194 0.081944 0.011979 0.028704
0 0.189670 0.083179 0.011979 0.028704
0 0.191016 0.084954 0.012240 0.028549
0 0.192491 0.086265 0.012240 0.028704
0 0.193967 0.087963 0.012240 0.028704
0 0.195399 0.089275 0.012153 0.028549
0 0.196875 0.091049 0.012153 0.028704
0 0.197960 0.092747 0.012413 0.028704
0 0.199175 0.094676 0.012413 0.028241
0 0.200304 0.096682 0.012760 0.028549
0 0.201519 0.098611 0.012760 0.028086
0 0.202821 0.100540 0.012934 0.028549
0 0.203993 0.102546 0.013194 0.028241
0 0.205208 0.104244 0.013194 0.028241
0 0.206293 0.106404 0.013455 0.028241
0 0.207509 0.108179 0.013455 0.028086
0 0.208854 0.110340 0.013715 0.028086
0 0.209722 0.112731 0.013889 0.028549
0 0.210677 0.115509 0.013889 0.029167
0 0.211502 0.118210 0.014149 0.029938
0 0.212587 0.120910 0.014410 0.030401
0 0.213498 0.123765 0.014670 0.030864
0 0.214453 0.126157 0.014670 0.031327
0 0.215451 0.128935 0.015104 0.031636
0 0.216406 0.131559 0.015104 0.032562
0 0.217231 0.134414 0.015365 0.033025
0 0.218359 0.137191 0.015538 0.033333
0 0.219097 0.139815 0.015625 0.033333
0 0.219792 0.142438 0.015625 0.033333
0 0.220573 0.145062 0.015625 0.033333
0 0.221528 0.147608 0.015625 0.033488
0 0.222222 0.150231 0.015625 0.033488
0 0.223003 0.152855 0.015625 0.033488
0 0.223958 0.155478 0.015625 0.033488
0 0.224740 0.158025 0.015625 0.033333
0 0.225434 0.160648 0.015625 0.033333
0 0.226389 0.163272 0.015625 0.033333
0 0.227040 0.165432 0.015365 0.033333
0 0.227734 0.168056 0.015365 0.033333
0 0.228516 0.170448 0.015365 0.033796
0 0.229210 0.173071 0.014844 0.033796
0 0.229948 0.175463 0.014931 0.034259
0 0.230686 0.178009 0.014844 0.034414
0 0.231424 0.180324 0.014410 0.034722
0 0.232118 0.182948 0.014410 0.034722
0 0.232899 0.185340 0.014410 0.035185
0 0.233724 0.187963 0.014149 0.035185
0 0.234115 0.190355 0.013889 0.034722
0 0.234462 0.193210 0.013715 0.034259
0 0.234852 0.195833 0.013455 0.034259
0 0.235200 0.198380 0.013108 0.033488
0 0.235677 0.201235 0.013194 0.033025
0 0.236068 0.203858 0.012934 0.033025
0 0.236415 0.206481 0.012760 0.032099
0 0.236762 0.208951 0.012413 0.032099
0 0.237153 0.211806 0.012153 0.031636
0 0.237760 0.214660 0.011979 0.031173
0 0.237891 0.216590 0.012240 0.030710
0 0.238108 0.218596 0.012153 0.030401
0 0.238368 0.220525 0.012153 0.029938
0 0.238759 0.222454 0.012413 0.029475
0 0.238976 0.224614 0.012500 0.028549
0 0.239193 0.226620 0.012413 0.028241
0 0.239583 0.228549 0.012674 0.027778
0 0.239844 0.230478 0.012674 0.027315
0 0.240104 0.232407 0.012674 0.026852
0 0.240408 0.234799 0.012934 0.026389
0 0.240104 0.237037 0.013194 0.026543
0 0.239844 0.239583 0.013194 0.026389
0 0.239583 0.241744 0.013194 0.026389
0 0.239323 0.244367 0.013194 0.026389
0 0.239106 0.246528 0.013108 0.026389
0 0.238845 0.249151 0.013108 0.026389
0 0.238628 0.251312 0.013194 0.026389
0 0.238368 0.253935 0.013194 0.026389
0 0.238108 0.256096 0.013194 0.026389
0 0.237847 0.258719 0.013194 0.026389
0 0.237413 0.260417 0.013194 0.026389
0 0.236892 0.262577 0.013194 0.026389
0 0.236415 0.264738 0.013108 0.026389
0 0.236198 0.266512 0.013194 0.026543
0 0.235677 0.268673 0.013194 0.026543
0 0.235200 0.270833 0.013108 0.026543
0 0.234983 0.272608 0.013194 0.026389
0 0.234462 0.274769 0.013194 0.026389
0 0.233941 0.276929 0.013194 0.026389
0 0.233724 0.279090 0.013108 0.026389
0 0.232726 0.279552 0.013194 0.026389
0 0.232031 0.280401 0.013194 0.026543
0 0.231163 0.281250 0.013368 0.026389
0 0.230295 0.282099 0.013194 0.026543
0 0.229601 0.283025 0.013194 0.026543
0 0.228733 0.283410 0.013368 0.026389
0 0.227865 0.284259 0.013194 0.026543
0 0.227040 0.285185 0.013455 0.026543
0 0.226302 0.286034 0.013368 0.026389
0 0.225564 0.286883 0.013455 0.026543
0 0.224566 0.286497 0.013368 0.026389
0 0.223611 0.286497 0.013368 0.026389
0 0.222613 0.286497 0.013455 0.026389
0 0.221658 0.286497 0.013455 0.026389
0 0.220660 0.286497 0.013368 0.026389
0 0.219705 0.286034 0.013368 0.026389
0 0.218707 0.286034 0.013455 0.026389
0 0.217752 0.286034 0.013455 0.026389
0 0.216753 0.286034 0.013368 0.026389
0 0.216016 0.286034 0.013455 0.026389
0 0.214800 0.285571 0.013455 0.026389
0 0.213845 0.285185 0.013455 0.026543
0 0.212630 0.284722 0.013455 0.026543
0 0.211632 0.284259 0.013368 0.026543
0 0.210417 0.283873 0.013368 0.026389
0 0.209462 0.283410 0.013368 0.026389
0 0.208203 0.283025 0.013455 0.026543
0 0.207248 0.282562 0.013455 0.026543
0 0.206033 0.282099 0.013455 0.026543
0 0.205078 0.281713 0.013455 0.026389
0 0.203602 0.281250 0.013455 0.026389
0 0.202127 0.281250 0.013455 0.026389
0 0.200911 0.280787 0.013455 0.026389
0 0.199436 0.280787 0.013455 0.026389
0 0.198220 0.280401 0.013455 0.026543
0 0.196745 0.280401 0.013455 0.026543
0 0.195312 0.279938 0.013368 0.026543
0 0.194054 0.279938 0.013455 0.026543
0 0.192622 0.279552 0.013368 0.026389
0 0.191406 0.279552 0.013368 0.026389
0 0.190278 0.279090 0.013715 0.026389
0 0.189323 0.279090 0.013715 0.026389
0 0.188194 0.278627 0.013889 0.026389
0 0.187240 0.278627 0.013889 0.026389
0 0.186415 0.278627 0.014149 0.026389
0 0.185286 0.278241 0.014323 0.026543
0 0.184288 0.278241 0.014410 0.026543
0 0.183203 0.277778 0.014670 0.026543
0 0.182248 0.277778 0.014670 0.026543
0 0.181380 0.277778 0.014844 0.026543
0 0.179774 0.277315 0.015104 0.026543
0 0.178212 0.276929 0.015451 0.026389
0 0.176780 0.276929 0.015885 0.026389
0 0.175304 0.276466 0.015885 0.026389
0 0.173698 0.276312 0.016146 0.026080
0 0.172266 0.276080 0.016580 0.026543
0 0.170660 0.275849 0.016840 0.026080
0 0.169184 0.275386 0.016840 0.026080
0 0.167708 0.275386 0.017361 0.026080
0 0.166146 0.274923 0.017535 0.026080
