0 0.297179 0.143287 0.007378 0.022068
0 0.267405 0.128781 0.006858 0.019907
0 0.237760 0.114660 0.006076 0.017901
0 0.208073 0.100309 0.005382 0.016049
0 0.178342 0.086265 0.004948 0.013889
0 0.148698 0.071991 0.004167 0.012191
0 0.119054 0.057562 0.003385 0.009568
0 0.089280 0.043287 0.002865 0.007870
0 0.059592 0.029244 0.002170 0.005710
0 0.029991 0.014892 0.001476 0.003858
0 0.000477 0.000849 0.000955 0.001698
0 0.000477 0.000849 0.000955 0.001698
0 0.000477 0.000849 0.000955 0.001698
0 0.000477 0.000849 0.000955 0.001698
0 0.000477 0.000849 0.000955 0.001698
0 0.000477 0.000849 0.000955 0.001698
0 0.000477 0.000849 0.000955 0.001698
0 0.000477 0.000849 0.000955 0.001698
0 0.000477 0.000849 0.000955 0.001698
0 0.000477 0.000849 0.000955 0.001698
0 0.000477 0.000849 0.000955 0.001698
0 0.000477 0.000849 0.000955 0.001698
0 0.000477 0.000849 0.000955 0.001698
0 0.000477 0.000849 0.000955 0.001698
0 0.000477 0.000849 0.000955 0.001698
0 0.000477 0.000849 0.000955 0.001698
0 0.000477 0.000849 0.000955 0.001698
0 0.000477 0.000849 0.000955 0.001698
0 0.000477 0.000849 0.000955 0.001698
0 0.000477 0.000849 0.000955 0.001698
0 0.000477 0.000849 0.000955 0.001698
0 0.000477 0.000849 0.000955 0.001698
0 0.000477 0.000849 0.000955 0.001698
0 0.000477 0.000849 0.000955 0.001698
0 0.000477 0.000849 0.000955 0.001698
0 0.000477 0.000849 0.000955 0.001698
0 0.000477 0.000849 0.000955 0.001698
0 0.000477 0.000849 0.000955 0.001698
0 0.000477 0.000849 0.000955 0.001698
0 0.000477 0.000849 0.000955 0.001698
0 0.000477 0.000849 0.000955 0.001698
0 0.000477 0.000849 0.000955 0.001698
0 0.000477 0.000849 0.000955 0.001698
0 0.000477 0.000849 0.000955 0.001698
0 0.000477 0.000849 0.000955 0.001698
0 0.000477 0.000849 0.000955 0.001698
0 0.000477 0.000849 0.000955 0.001698
0 0.000477 0.000849 0.000955 0.001698
0 0.000477 0.000849 0.000955 0.001698
0 0.000477 0.000849 0.000955 0.001698
0 0.000477 0.000849 0.000955 0.001698
0 0.000477 0.000849 0.000955 0.001698
0 0.000477 0.000849 0.000955 0.001698
0 0.000477 0.000849 0.000955 0.001698
0 0.000477 0.000849 0.000955 0.001698
0 0.000477 0.000849 0.000955 0.001698
0 0.000477 0.000849 0.000955 0.001698
0 0.000477 0.000849 0.000955 0.001698
0 0.000477 0.000849 0.000955 0.001698
0 0.000477 0.000849 0.000955 0.001698
0 0.000477 0.000849 0.000955 0.001698
0 0.000477 0.000849 0.000955 0.001698
0 0.000477 0.000849 0.000955 0.001698
0 0.000477 0.000849 0.000955 0.001698
0 0.000477 0.000849 0.000955 0.001698
0 0.000477 0.000849 0.000955 0.001698
0 0.000477 0.000849 0.000955 0.001698
0 0.000477 0.000849 0.000955 0.001698
0 0.000477 0.000849 0.000955 0.001698
0 0.000477 0.000849 0.000955 0.001698
0 0.000477 0.000849 0.000955 0.001698
0 0.030122 0.014892 0.001736 0.003858
0 0.059852 0.029012 0.002170 0.006173
0 0.089497 0.043287 0.002951 0.007870
0 0.119271 0.057407 0.003472 0.009877
0 0.148958 0.071759 0.004167 0.011728
0 0.178689 0.085802 0.004601 0.013889
0 0.208333 0.099846 0.005382 0.016049
0 0.238108 0.114275 0.005903 0.017747
0 0.267795 0.128318 0.006597 0.019907
0 0.297656 0.142824 0.007292 0.022068
0 0.297656 0.142824 0.007292 0.022068
0 0.297656 0.142824 0.007292 0.022068
0 0.297656 0.142824 0.007292 0.022068
0 0.297656 0.142824 0.007292 0.022068
0 0.297656 0.142824 0.007292 0.022068
0 0.297656 0.142824 0.007292 0.022068
0 0.297656 0.142824 0.007292 0.022068
0 0.297656 0.142824 0.007292 0.022068
0 0.297656 0.142824 0.007292 0.022068
0 0.297656 0.142824 0.007292 0.022068
0 0.297656 0.142824 0.007292 0.022068
0 0.297656 0.142824 0.007292 0.022068
0 0.297656 0.142824 0.007292 0.022068
0 0.297656 0.142824 0.007292 0.022068
0 0.297656 0.142824 0.007292 0.022068
0 0.297656 0.142824 0.007292 0.022068
0 0.297656 0.142824 0.007292 0.022068
0 0.297656 0.142824 0.007292 0.022068
0 0.297656 0.142824 0.007292 0.022068
0 0.297656 0.142824 0.007292 0.022068
0 0.300477 0.142438 0.007552 0.022222
0 0.303429 0.142207 0.008073 0.022685
0 0.306424 0.141821 0.008333 0.022531
0 0.309375 0.141821 0.008854 0.022531
0 0.312413 0.141358 0.009028 0.022531
0 0.315365 0.141127 0.009549 0.022994
0 0.318273 0.140895 0.009983 0.022531
0 0.321354 0.140664 0.010243 0.022994
0 0.324262 0.140201 0.010677 0.022994
0 0.327300 0.140201 0.011024 0.022994
0 0.326953 0.139892 0.011198 0.022994
0 0.326693 0.139660 0.011198 0.022531
0 0.326432 0.139198 0.011198 0.022531
0 0.326302 0.138966 0.011458 0.022068
0 0.326128 0.138966 0.011458 0.022068
0 0.325868 0.138503 0.011458 0.022068
0 0.325738 0.138349 0.011719 0.021759
0 0.325477 0.137886 0.011719 0.021759
0 0.325217 0.137654 0.011719 0.021296
0 0.325087 0.137654 0.011979 0.021296
0 0.324870 0.137191 0.011892 0.021296
0 0.324870 0.137037 0.011892 0.021605
0 0.324870 0.136574 0.011892 0.021605
0 0.324783 0.136574 0.011719 0.021605
0 0.324783 0.136343 0.011719 0.022068
0 0.324783 0.135880 0.011719 0.022068
0 0.324653 0.135880 0.011458 0.022068
0 0.324653 0.135494 0.011458 0.022222
0 0.324653 0.135262 0.011458 0.022685
0 0.324653 0.135262 0.011458 0.022685
0 0.324132 0.134877 0.011458 0.022531
0 0.323785 0.134877 0.011285 0.022531
0 0.323394 0.134645 0.011024 0.022068
0 0.323047 0.134414 0.010677 0.022531
0 0.322700 0.134414 0.010503 0.022531
0 0.322179 0.134182 0.010503 0.022068
0 0.321788 0.133951 0.010243 0.022531
0 0.321484 0.133719 0.009983 0.022068
0 0.321094 0.133719 0.009722 0.022068
0 0.320833 0.133719 0.009722 0.022068
0 0.319965 0.133333 0.009549 0.022222
0 0.319141 0.133102 0.009288 0.021759
0 0.318403 0.132870 0.008854 0.022222
0 0.317665 0.132639 0.008767 0.021759
0 0.316927 0.132639 0.008333 0.021759
0 0.316102 0.132253 0.008073 0.021605
0 0.315321 0.132022 0.008073 0.021142
0 0.314627 0.131790 0.007552 0.021605
0 0.313759 0.131636 0.007378 0.021296
0 0.313151 0.131636 0.007031 0.021296
0 0.312804 0.132022 0.007378 0.021142
0 0.312543 0.132407 0.007378 0.021296
0 0.312326 0.132870 0.007292 0.021296
0 0.312066 0.133333 0.007292 0.021296
0 0.311806 0.134028 0.007292 0.020833
0 0.311415 0.134336 0.007552 0.020833
0 0.311241 0.134799 0.007552 0.020833
0 0.310981 0.135262 0.007552 0.020833
0 0.310720 0.135725 0.007552 0.020833
0 0.310460 0.136574 0.007552 0.020679
0 0.309505 0.136574 0.007552 0.020679
0 0.308767 0.136960 0.007639 0.020833
0 0.308030 0.136960 0.007552 0.020833
0 0.307335 0.137423 0.007552 0.020833
0 0.306554 0.137886 0.007552 0.020833
0 0.305599 0.137886 0.007552 0.020833
0 0.304861 0.138349 0.007639 0.020833
0 0.304123 0.138349 0.007552 0.020833
0 0.303429 0.138812 0.007552 0.020833
0 0.302648 0.139120 0.007552 0.020833
0 0.301953 0.139583 0.007552 0.020833
0 0.301172 0.140046 0.007552 0.020833
0 0.300738 0.140509 0.007552 0.020833
0 0.299957 0.141127 0.007552 0.021142
0 0.299392 0.141512 0.007292 0.021296
0 0.298741 0.141975 0.007552 0.021296
0 0.298177 0.142438 0.007292 0.021296
0 0.297396 0.143056 0.007292 0.021605
0 0.296918 0.143519 0.007378 0.021605
0 0.296181 0.143981 0.007292 0.021605
