0 0.137457 0.001698 0.004601 0.003395
0 0.123655 0.001466 0.004427 0.002932
0 0.110026 0.001466 0.003906 0.002932
0 0.096224 0.001235 0.003733 0.002469
0 0.082552 0.001235 0.003125 0.002469
0 0.068880 0.001235 0.002691 0.002469
0 0.055122 0.001080 0.002431 0.002160
0 0.041450 0.001080 0.001997 0.002160
0 0.027648 0.000849 0.001649 0.001698
0 0.013976 0.000849 0.001215 0.001698
0 0.000477 0.000849 0.000955 0.001698
0 0.000477 0.000849 0.000955 0.001698
0 0.000477 0.000849 0.000955 0.001698
0 0.000477 0.000849 0.000955 0.001698
0 0.000477 0.000849 0.000955 0.001698
0 0.000477 0.000849 0.000955 0.001698
0 0.000477 0.000849 0.000955 0.001698
0 0.000477 0.000849 0.000955 0.001698
0 0.000477 0.000849 0.000955 0.001698
0 0.000477 0.000849 0.000955 0.001698
0 0.000477 0.000849 0.000955 0.001698
0 0.000477 0.000849 0.000955 0.001698
0 0.000477 0.000849 0.000955 0.001698
0 0.000477 0.000849 0.000955 0.001698
0 0.000477 0.000849 0.000955 0.001698
0 0.000477 0.000849 0.000955 0.001698
0 0.000477 0.000849 0.000955 0.001698
0 0.000477 0.000849 0.000955 0.001698
0 0.000477 0.000849 0.000955 0.001698
0 0.000477 0.000849 0.000955 0.001698
0 0.000477 0.000849 0.000955 0.001698
0 0.000477 0.000849 0.000955 0.001698
0 0.000477 0.000849 0.000955 0.001698
0 0.000477 0.000849 0.000955 0.001698
0 0.000477 0.000849 0.000955 0.001698
0 0.000477 0.000849 0.000955 0.001698
0 0.000477 0.000849 0.000955 0.001698
0 0.000477 0.000849 0.000955 0.001698
0 0.000477 0.000849 0.000955 0.001698
0 0.000477 0.000849 0.000955 0.001698
0 0.000477 0.000849 0.000955 0.001698
0 0.000477 0.000849 0.000955 0.001698
0 0.000477 0.000849 0.000955 0.001698
0 0.000477 0.000849 0.000955 0.001698
0 0.000477 0.000849 0.000955 0.001698
0 0.000477 0.000849 0.000955 0.001698
0 0.000477 0.000849 0.000955 0.001698
0 0.000477 0.000849 0.000955 0.001698
0 0.000477 0.000849 0.000955 0.001698
0 0.000477 0.000849 0.000955 0.001698
0 0.000477 0.000849 0.000955 0.001698
0 0.000477 0.000849 0.000955 0.001698
0 0.000477 0.000849 0.000955 0.001698
0 0.000477 0.000849 0.000955 0.001698
0 0.000477 0.000849 0.000955 0.001698
0 0.000477 0.000849 0.000955 0.001698
0 0.000477 0.000849 0.000955 0.001698
0 0.000477 0.000849 0.000955 0.001698
0 0.000477 0.000849 0.000955 0.001698
0 0.000477 0.000849 0.000955 0.001698
0 0.000477 0.000849 0.000955 0.001698
0 0.000477 0.000849 0.000955 0.001698
0 0.000477 0.000849 0.000955 0.001698
0 0.000477 0.000849 0.000955 0.001698
0 0.000477 0.000849 0.000955 0.001698
0 0.000477 0.000849 0.000955 0.001698
0 0.000477 0.000849 0.000955 0.001698
0 0.000477 0.000849 0.000955 0.001698
0 0.000477 0.000849 0.000955 0.001698
0 0.000477 0.000849 0.000955 0.001698
0 0.000477 0.000849 0.000955 0.001698
0 0.000477 0.000849 0.000955 0.001698
0 0.000477 0.000849 0.000955 0.001698
0 0.000477 0.000849 0.000955 0.001698
0 0.000477 0.000849 0.000955 0.001698
0 0.000477 0.000849 0.000955 0.001698
0 0.000477 0.000849 0.000955 0.001698
0 0.000477 0.000849 0.000955 0.001698
0 0.000477 0.000849 0.000955 0.001698
0 0.000477 0.000849 0.000955 0.001698
0 0.000477 0.000849 0.000955 0.001698
0 0.000477 0.000849 0.000955 0.001698
0 0.000477 0.000849 0.000955 0.001698
0 0.000477 0.000849 0.000955 0.001698
0 0.000477 0.000849 0.000955 0.001698
0 0.000477 0.000849 0.000955 0.001698
0 0.000477 0.000849 0.000955 0.001698
0 0.000477 0.000849 0.000955 0.001698
0 0.000477 0.000849 0.000955 0.001698
0 0.000477 0.000849 0.000955 0.001698
0 0.000477 0.000849 0.000955 0.001698
0 0.013498 0.003164 0.001649 0.002932
0 0.026693 0.005787 0.002170 0.004784
0 0.039887 0.008410 0.002691 0.005710
0 0.053038 0.010957 0.003125 0.007407
0 0.066363 0.013812 0.003906 0.008796
0 0.079514 0.016204 0.004340 0.009877
0 0.092708 0.018827 0.004861 0.011728
0 0.105859 0.021373 0.005295 0.012500
0 0.119054 0.023997 0.005816 0.014352
0 0.132335 0.026775 0.006510 0.015586
0 0.132335 0.026775 0.006510 0.015586
0 0.132335 0.026775 0.006510 0.015586
0 0.132335 0.026775 0.006510 0.015586
0 0.132335 0.026775 0.006510 0.015586
0 0.132335 0.026775 0.006510 0.015586
0 0.132335 0.026775 0.006510 0.015586
0 0.132335 0.026775 0.006510 0.015586
0 0.132335 0.026775 0.006510 0.015586
0 0.132335 0.026775 0.006510 0.015586
0 0.132335 0.026775 0.006510 0.015586
0 0.132335 0.026775 0.006510 0.015586
0 0.132335 0.026775 0.006510 0.015586
0 0.132335 0.026775 0.006510 0.015586
0 0.132335 0.026775 0.006510 0.015586
0 0.132335 0.026775 0.006510 0.015586
0 0.132335 0.026775 0.006510 0.015586
0 0.132335 0.026775 0.006510 0.015586
0 0.132335 0.026775 0.006510 0.015586
0 0.132335 0.026775 0.006510 0.015586
0 0.132335 0.026775 0.006510 0.015586
0 0.132335 0.026775 0.006510 0.015586
0 0.132335 0.026775 0.006510 0.015586
0 0.132335 0.026775 0.006510 0.015586
0 0.132335 0.026775 0.006510 0.015586
0 0.132335 0.026775 0.006510 0.015586
0 0.132335 0.026775 0.006510 0.015586
0 0.132335 0.026775 0.006510 0.015586
0 0.132335 0.026775 0.006510 0.015586
0 0.132335 0.026775 0.006510 0.015586
0 0.132335 0.026775 0.006510 0.015586
0 0.132682 0.023997 0.006337 0.014352
0 0.133333 0.021605 0.006076 0.012963
0 0.133811 0.019059 0.006163 0.012191
0 0.134288 0.016667 0.005556 0.010802
0 0.134766 0.014198 0.005642 0.009568
0 0.135417 0.011420 0.005382 0.008333
0 0.135720 0.009028 0.005122 0.006944
0 0.136372 0.006404 0.004861 0.006019
0 0.136849 0.004090 0.004948 0.004784
0 0.137457 0.001698 0.004601 0.003395
0 0.137196 0.002160 0.004601 0.004321
0 0.136979 0.002546 0.004687 0.005093
0 0.136849 0.003009 0.004948 0.006019
0 0.136632 0.003627 0.004861 0.007253
0 0.136502 0.004090 0.005122 0.008179
0 0.136241 0.004552 0.005122 0.009105
0 0.135981 0.005170 0.005122 0.010340
0 0.135851 0.005633 0.005382 0.011265
0 0.135634 0.006019 0.005295 0.012037
0 0.135503 0.006713 0.005556 0.013426
0 0.135286 0.006867 0.005642 0.013735
0 0.135156 0.007485 0.005903 0.014352
0 0.135026 0.008179 0.006163 0.014815
0 0.135026 0.008796 0.006163 0.015123
0 0.134939 0.009491 0.006337 0.015586
0 0.134809 0.009954 0.006597 0.015586
0 0.134809 0.010494 0.006597 0.016049
0 0.134679 0.011188 0.006858 0.016512
0 0.134549 0.011883 0.007118 0.016975
0 0.134549 0.012500 0.007118 0.017284
0 0.134288 0.012963 0.007118 0.017284
0 0.134028 0.013580 0.007118 0.016975
0 0.133811 0.014429 0.007031 0.016821
0 0.133550 0.015046 0.007031 0.016512
0 0.133464 0.015972 0.006858 0.016512
0 0.133203 0.016435 0.006858 0.016512
0 0.132943 0.017130 0.006858 0.016049
0 0.132682 0.017901 0.006858 0.016049
0 0.132465 0.018596 0.006771 0.015586
0 0.132335 0.019444 0.006510 0.015741
0 0.132335 0.019830 0.006510 0.015586
0 0.132335 0.020293 0.006510 0.015586
0 0.132335 0.020756 0.006510 0.015586
0 0.132335 0.021219 0.006510 0.015586
0 0.132335 0.021605 0.006510 0.015741
0 0.132335 0.021991 0.006510 0.015586
0 0.132335 0.022454 0.006510 0.015586
0 0.132335 0.022917 0.006510 0.015586
0 0.132335 0.023380 0.006510 0.015586
0 0.132335 0.023843 0.006510 0.015586
