0 0.236415 0.053009 0.007378 0.027315
0 0.212717 0.047608 0.006858 0.025154
0 0.189193 0.042438 0.006163 0.022531
0 0.165538 0.037269 0.005556 0.019907
0 0.141970 0.032022 0.004948 0.017438
0 0.118403 0.026852 0.004167 0.014815
0 0.094792 0.021605 0.003646 0.012037
0 0.071181 0.016358 0.002951 0.009568
0 0.047569 0.011188 0.002431 0.006944
0 0.024002 0.006019 0.001649 0.004321
0 0.000477 0.000849 0.000955 0.001698
0 0.000477 0.000849 0.000955 0.001698
0 0.000477 0.000849 0.000955 0.001698
0 0.000477 0.000849 0.000955 0.001698
0 0.000477 0.000849 0.000955 0.001698
0 0.000477 0.000849 0.000955 0.001698
0 0.000477 0.000849 0.000955 0.001698
0 0.000477 0.000849 0.000955 0.001698
0 0.000477 0.000849 0.000955 0.001698
0 0.000477 0.000849 0.000955 0.001698
0 0.000477 0.000849 0.000955 0.001698
0 0.000477 0.000849 0.000955 0.001698
0 0.000477 0.000849 0.000955 0.001698
0 0.000477 0.000849 0.000955 0.001698
0 0.000477 0.000849 0.000955 0.001698
0 0.000477 0.000849 0.000955 0.001698
0 0.000477 0.000849 0.000955 0.001698
0 0.000477 0.000849 0.000955 0.001698
0 0.000477 0.000849 0.000955 0.001698
0 0.000477 0.000849 0.000955 0.001698
0 0.000477 0.000849 0.000955 0.001698
0 0.000477 0.000849 0.000955 0.001698
0 0.000477 0.000849 0.000955 0.001698
0 0.000477 0.000849 0.000955 0.001698
0 0.000477 0.000849 0.000955 0.001698
0 0.000477 0.000849 0.000955 0.001698
0 0.000477 0.000849 0.000955 0.001698
0 0.000477 0.000849 0.000955 0.001698
0 0.000477 0.000849 0.000955 0.001698
0 0.000477 0.000849 0.000955 0.001698
0 0.000477 0.000849 0.000955 0.001698
0 0.000477 0.000849 0.000955 0.001698
0 0.000477 0.000849 0.000955 0.001698
0 0.000477 0.000849 0.000955 0.001698
0 0.000477 0.000849 0.000955 0.001698
0 0.000477 0.000849 0.000955 0.001698
0 0.000477 0.000849 0.000955 0.001698
0 0.000477 0.000849 0.000955 0.001698
0 0.000477 0.000849 0.000955 0.001698
0 0.000477 0.000849 0.000955 0.001698
0 0.000477 0.000849 0.000955 0.001698
0 0.000477 0.000849 0.000955 0.001698
0 0.000477 0.000849 0.000955 0.001698
0 0.000477 0.000849 0.000955 0.001698
0 0.000477 0.000849 0.000955 0.001698
0 0.000477 0.000849 0.000955 0.001698
0 0.000477 0.000849 0.000955 0.001698
0 0.000477 0.000849 0.000955 0.001698
0 0.000477 0.000849 0.000955 0.001698
0 0.000477 0.000849 0.000955 0.001698
0 0.000477 0.000849 0.000955 0.001698
0 0.000477 0.000849 0.000955 0.001698
0 0.000477 0.000849 0.000955 0.001698
0 0.000477 0.000849 0.000955 0.001698
0 0.000477 0.000849 0.000955 0.001698
0 0.000477 0.000849 0.000955 0.001698
0 0.000477 0.000849 0.000955 0.001698
0 0.000477 0.000849 0.000955 0.001698
0 0.000477 0.000849 0.000955 0.001698
0 0.000477 0.000849 0.000955 0.001698
0 0.000477 0.000849 0.000955 0.001698
0 0.024002 0.006019 0.001649 0.004321
0 0.047569 0.011188 0.002431 0.006944
0 0.071181 0.016358 0.002951 0.009568
0 0.094792 0.021605 0.003646 0.012037
0 0.118403 0.026852 0.004167 0.014815
0 0.141970 0.032022 0.004948 0.017438
0 0.165538 0.037269 0.005556 0.019907
0 0.189193 0.042438 0.006163 0.022531
0 0.212717 0.047608 0.006858 0.025154
0 0.236415 0.053009 0.007378 0.027315
0 0.221267 0.053009 0.007292 0.027315
0 0.206163 0.053009 0.007292 0.027315
0 0.191016 0.053009 0.007378 0.027315
0 0.175868 0.053009 0.007292 0.027315
0 0.161024 0.053009 0.007292 0.027315
0 0.145877 0.053009 0.007378 0.027315
0 0.130729 0.053009 0.007292 0.027315
0 0.115625 0.053009 0.007292 0.027315
0 0.100521 0.053009 0.007292 0.027315
0 0.085590 0.053009 0.007292 0.027315
0 0.100521 0.053009 0.007292 0.027315
0 0.115625 0.053009 0.007292 0.027315
0 0.130729 0.053009 0.007292 0.027315
0 0.145877 0.053009 0.007378 0.027315
0 0.161024 0.053009 0.007292 0.027315
0 0.175868 0.053009 0.007292 0.027315
0 0.191016 0.053009 0.007378 0.027315
0 0.206163 0.053009 0.007292 0.027315
0 0.221267 0.053009 0.007292 0.027315
0 0.236415 0.053009 0.007378 0.027315
0 0.240538 0.054167 0.007292 0.027778
0 0.244835 0.055401 0.007552 0.027778
0 0.249132 0.056790 0.007812 0.027778
0 0.253342 0.058025 0.007552 0.027778
0 0.257639 0.059414 0.007812 0.027778
0 0.261936 0.060417 0.008073 0.028241
0 0.266146 0.061728 0.007812 0.028086
0 0.270443 0.063040 0.008073 0.028241
0 0.274740 0.064352 0.008333 0.028086
0 0.279123 0.065895 0.008247 0.028704
0 0.280339 0.065895 0.008247 0.028704
0 0.281814 0.066281 0.008247 0.028549
0 0.283247 0.066744 0.008333 0.028549
0 0.284722 0.067130 0.008333 0.028704
0 0.286198 0.067593 0.008333 0.028704
0 0.287674 0.068056 0.008333 0.028704
0 0.289106 0.068441 0.008247 0.028549
0 0.290582 0.068904 0.008247 0.028549
0 0.292057 0.069367 0.008247 0.028549
0 0.293490 0.069753 0.008333 0.028704
0 0.293880 0.069753 0.008594 0.028704
0 0.294227 0.070216 0.008767 0.028704
0 0.294748 0.070448 0.008767 0.028241
0 0.295139 0.070602 0.009028 0.028549
0 0.295573 0.071065 0.009028 0.028549
0 0.295964 0.071296 0.009288 0.028086
0 0.296311 0.071528 0.009462 0.028549
0 0.296788 0.071682 0.009549 0.028241
0 0.297179 0.072145 0.009809 0.028241
0 0.297786 0.072608 0.009983 0.028241
0 0.296050 0.071682 0.009983 0.028241
0 0.294618 0.071296 0.010069 0.028086
0 0.292925 0.070833 0.009983 0.028086
0 0.291450 0.070448 0.009983 0.028241
0 0.289714 0.069985 0.009983 0.028241
0 0.288238 0.069522 0.009983 0.028241
0 0.286589 0.069136 0.009983 0.028086
0 0.285113 0.068673 0.009983 0.028086
0 0.283377 0.068287 0.009983 0.028241
0 0.281901 0.067824 0.009983 0.028241
0 0.277778 0.066512 0.010069 0.028086
0 0.273741 0.065201 0.009809 0.028241
0 0.269705 0.063966 0.009549 0.028241
0 0.265582 0.062577 0.009462 0.028241
0 0.261545 0.061343 0.009201 0.028241
0 0.257552 0.059954 0.009028 0.028241
0 0.253385 0.058719 0.009028 0.028241
0 0.249349 0.057407 0.008767 0.028086
0 0.245312 0.056096 0.008507 0.028241
0 0.241406 0.055015 0.008507 0.027623
0 0.237153 0.054167 0.008333 0.027778
0 0.233116 0.053472 0.008073 0.027315
0 0.229080 0.052701 0.007812 0.027315
0 0.225043 0.052238 0.007552 0.027315
0 0.221050 0.051312 0.007378 0.027315
0 0.216884 0.050694 0.007378 0.027006
0 0.212847 0.050077 0.007118 0.027315
0 0.208811 0.049383 0.006858 0.026852
0 0.204774 0.048457 0.006597 0.026852
0 0.200825 0.048071 0.006337 0.027006
0 0.197873 0.047685 0.006337 0.026852
0 0.195182 0.047685 0.006337 0.026852
0 0.192491 0.047685 0.006337 0.026852
0 0.189800 0.047222 0.006337 0.026852
0 0.187109 0.047222 0.006337 0.026852
0 0.184418 0.047222 0.006337 0.026852
0 0.181727 0.046759 0.006337 0.026852
0 0.179036 0.046759 0.006337 0.026852
0 0.176345 0.046759 0.006337 0.026852
0 0.173698 0.046759 0.006424 0.026852
0 0.170269 0.046296 0.006337 0.026852
0 0.166884 0.046296 0.006337 0.026852
0 0.163455 0.046296 0.006424 0.026852
0 0.160026 0.046296 0.006337 0.026852
0 0.156641 0.046296 0.006337 0.026852
0 0.153429 0.046296 0.006337 0.026852
0 0.150043 0.046296 0.006337 0.026852
0 0.146615 0.046296 0.006424 0.026852
0 0.143186 0.046296 0.006337 0.026852
0 0.139800 0.046296 0.006337 0.026852
