0 0.157248 0.009722 0.005642 0.010802
0 0.141363 0.008642 0.005122 0.009568
0 0.125738 0.007716 0.004601 0.008642
0 0.110156 0.006867 0.004167 0.007870
0 0.094401 0.005941 0.003906 0.006944
0 0.078776 0.005170 0.003385 0.006019
0 0.063064 0.004244 0.002691 0.005093
0 0.047309 0.003395 0.002431 0.004321
0 0.031684 0.002546 0.001910 0.003549
0 0.016059 0.001620 0.001389 0.002623
0 0.000477 0.000849 0.000955 0.001698
0 0.015972 0.001080 0.001215 0.002160
0 0.031554 0.001235 0.001649 0.002469
0 0.047179 0.001466 0.002170 0.002932
0 0.062804 0.001929 0.002691 0.003858
0 0.078429 0.002160 0.003212 0.004321
0 0.093880 0.002315 0.003385 0.004630
0 0.109505 0.002778 0.003906 0.005556
0 0.125130 0.003009 0.004427 0.006019
0 0.140755 0.003241 0.004948 0.006481
0 0.156467 0.003627 0.005122 0.007253
0 0.157378 0.005787 0.005382 0.008179
0 0.158333 0.007948 0.005382 0.009105
0 0.159288 0.010108 0.005382 0.010031
0 0.160243 0.012269 0.005382 0.010957
0 0.161285 0.014506 0.005382 0.011728
0 0.162109 0.016590 0.005642 0.012500
0 0.163064 0.018750 0.005642 0.013426
0 0.164062 0.020910 0.005556 0.014352
0 0.165061 0.023148 0.005642 0.015123
0 0.166016 0.025309 0.005642 0.016049
0 0.165885 0.027701 0.005903 0.015586
0 0.166016 0.030093 0.006163 0.015123
0 0.165929 0.032485 0.006337 0.014660
0 0.166016 0.035031 0.006510 0.014815
0 0.165885 0.037423 0.006771 0.014352
0 0.166016 0.039815 0.007031 0.013889
0 0.165885 0.042438 0.007292 0.013889
0 0.166016 0.044830 0.007552 0.013426
0 0.165885 0.047222 0.007812 0.012963
0 0.166016 0.050000 0.008073 0.012654
0 0.165755 0.052623 0.008073 0.012654
0 0.165755 0.055247 0.008073 0.012654
0 0.165495 0.057870 0.008073 0.012654
0 0.165495 0.060417 0.008073 0.012500
0 0.165278 0.063040 0.007986 0.012500
0 0.165278 0.065664 0.007986 0.012500
0 0.165061 0.068210 0.008073 0.012654
0 0.165061 0.070833 0.008073 0.012654
0 0.164800 0.073457 0.008073 0.012654
0 0.164800 0.076080 0.008073 0.012654
0 0.164540 0.078241 0.008073 0.012654
0 0.164280 0.080864 0.008073 0.012654
0 0.164062 0.083410 0.007986 0.012500
0 0.163845 0.086034 0.008073 0.012500
0 0.163585 0.088657 0.008073 0.012500
0 0.163325 0.091049 0.008073 0.012963
0 0.163064 0.093673 0.008073 0.012963
0 0.162847 0.096219 0.007986 0.013117
0 0.162630 0.098843 0.008073 0.013117
0 0.162370 0.101389 0.008073 0.012963
0 0.162109 0.103627 0.008073 0.013117
0 0.161849 0.106173 0.008073 0.012963
0 0.161589 0.108333 0.008073 0.012963
0 0.161372 0.110957 0.007986 0.012963
0 0.161155 0.113580 0.008073 0.012963
0 0.160894 0.115741 0.008073 0.012963
0 0.160634 0.118364 0.008073 0.012963
0 0.160373 0.120525 0.008073 0.012963
0 0.160156 0.123148 0.007986 0.012963
0 0.160156 0.125772 0.007986 0.012963
0 0.159418 0.127932 0.008073 0.012963
0 0.158941 0.130093 0.007986 0.012963
0 0.158464 0.132253 0.008073 0.012963
0 0.157726 0.134877 0.007986 0.012963
0 0.157248 0.137037 0.008073 0.012963
0 0.156727 0.139198 0.008073 0.012963
0 0.156033 0.141821 0.008073 0.012963
0 0.155512 0.143981 0.008073 0.012963
0 0.155035 0.146142 0.007986 0.012963
0 0.154557 0.148765 0.008073 0.012963
0 0.154036 0.150926 0.008073 0.012963
0 0.153559 0.153086 0.007986 0.012963
0 0.153082 0.155247 0.008073 0.012963
0 0.152561 0.157407 0.008073 0.012963
0 0.152127 0.160031 0.008073 0.012963
0 0.151606 0.162191 0.008073 0.012963
0 0.151128 0.164352 0.007986 0.012963
0 0.150651 0.166512 0.008073 0.012963
0 0.150130 0.168673 0.008073 0.012963
0 0.149783 0.171296 0.008247 0.012963
0 0.149045 0.173457 0.008333 0.012963
0 0.148568 0.175617 0.008247 0.012963
0 0.148090 0.177778 0.008333 0.012963
0 0.147352 0.179938 0.008247 0.012963
0 0.146875 0.182099 0.008333 0.012963
0 0.146354 0.184259 0.008333 0.012963
0 0.145660 0.186420 0.008333 0.012963
0 0.145139 0.188657 0.008333 0.013117
0 0.144661 0.190818 0.008247 0.013117
0 0.144184 0.193364 0.008333 0.012963
0 0.143446 0.195139 0.008247 0.013117
0 0.142708 0.196914 0.008333 0.012963
0 0.141970 0.198611 0.008247 0.012963
0 0.141233 0.200772 0.008333 0.012963
0 0.140495 0.202469 0.008247 0.012963
0 0.139757 0.204244 0.008333 0.013117
0 0.139062 0.206404 0.008333 0.013117
0 0.138325 0.208179 0.008247 0.012963
0 0.137587 0.209877 0.008333 0.012963
0 0.136849 0.212037 0.008247 0.012963
0 0.136155 0.213966 0.008767 0.013426
0 0.135503 0.215895 0.009028 0.013889
0 0.134896 0.218133 0.009201 0.014660
0 0.134288 0.220062 0.009549 0.015123
0 0.133681 0.222454 0.009722 0.015586
0 0.132986 0.224383 0.010243 0.016049
0 0.132335 0.226312 0.010503 0.016512
0 0.131727 0.228549 0.010677 0.017284
0 0.131120 0.230478 0.011024 0.017747
0 0.130512 0.232870 0.011198 0.018210
0 0.129774 0.234568 0.011285 0.018210
0 0.129297 0.236420 0.011198 0.018210
0 0.128776 0.238117 0.011198 0.018210
0 0.128082 0.239815 0.011198 0.018210
0 0.127561 0.241512 0.011198 0.018210
0 0.127083 0.243364 0.011285 0.018210
0 0.126345 0.245062 0.011198 0.018210
0 0.125868 0.246759 0.011285 0.018210
0 0.125391 0.248457 0.011198 0.018210
0 0.124870 0.250617 0.011198 0.018210
0 0.124175 0.252469 0.011198 0.018210
0 0.123655 0.254630 0.011198 0.018210
0 0.122960 0.256790 0.011198 0.018210
0 0.122439 0.258951 0.011198 0.018210
0 0.121745 0.261111 0.011198 0.018210
0 0.121224 0.262809 0.011198 0.018210
0 0.120530 0.264969 0.011198 0.018210
0 0.120009 0.267130 0.011198 0.018210
0 0.119271 0.269290 0.011285 0.018210
0 0.118793 0.271451 0.011198 0.018210
0 0.118056 0.272840 0.011285 0.018210
0 0.117578 0.274537 0.011198 0.018210
0 0.116840 0.275772 0.011285 0.018210
0 0.116363 0.277623 0.011198 0.018210
0 0.115842 0.278858 0.011198 0.018210
0 0.115148 0.280556 0.011198 0.018210
0 0.114627 0.281944 0.011198 0.018210
0 0.113932 0.283642 0.011198 0.018210
0 0.113411 0.284877 0.011198 0.018210
0 0.112934 0.286728 0.011285 0.018210
0 0.112196 0.287963 0.011198 0.018210
0 0.111719 0.289660 0.011285 0.018210
0 0.111241 0.291512 0.011198 0.018210
0 0.110503 0.293210 0.011285 0.018210
0 0.110026 0.294907 0.011198 0.018210
0 0.109505 0.296605 0.011198 0.018210
0 0.108811 0.298457 0.011198 0.018210
0 0.108290 0.300154 0.011198 0.018210
0 0.107812 0.301852 0.011285 0.018210
0 0.107335 0.303549 0.011198 0.018210
0 0.106814 0.305401 0.011198 0.018210
0 0.106597 0.307562 0.011285 0.018210
0 0.106337 0.309491 0.011285 0.017747
0 0.106120 0.311420 0.011198 0.018210
0 0.105859 0.313349 0.011198 0.017747
0 0.105382 0.315509 0.011285 0.017747
0 0.105122 0.317207 0.011285 0.017747
0 0.104905 0.319444 0.011198 0.017901
0 0.104644 0.321373 0.011198 0.017438
0 0.104384 0.323534 0.011198 0.017438
0 0.104384 0.323534 0.011198 0.017438
0 0.104384 0.323534 0.011198 0.017438
0 0.104384 0.323534 0.011198 0.017438
0 0.104384 0.323534 0.011198 0.017438
0 0.104384 0.323534 0.011198 0.017438
0 0.104384 0.323534 0.011198 0.017438
0 0.104384 0.323534 0.011198 0.017438
0 0.104384 0.323534 0.011198 0.017438
0 0.104384 0.323534 0.011198 0.017438
0 0.104384 0.323534 0.011198 0.017438
