0 0.129774 0.098843 0.006771 0.014660
0 0.116710 0.088657 0.006163 0.013426
0 0.103776 0.078858 0.005642 0.012037
0 0.090842 0.069136 0.005122 0.010802
0 0.077908 0.059414 0.004601 0.009568
0 0.065148 0.049614 0.003906 0.008179
0 0.052040 0.039892 0.003212 0.006944
0 0.039106 0.030093 0.002691 0.005556
0 0.026172 0.020370 0.002170 0.004321
0 0.013281 0.010571 0.001736 0.002932
0 0.000477 0.000849 0.000955 0.001698
0 0.013281 0.010571 0.001736 0.002932
0 0.026172 0.020370 0.002170 0.004321
0 0.039106 0.030093 0.002691 0.005556
0 0.052040 0.039892 0.003212 0.006944
0 0.065148 0.049614 0.003906 0.008179
0 0.077908 0.059414 0.004601 0.009568
0 0.090842 0.069136 0.005122 0.010802
0 0.103776 0.078858 0.005642 0.012037
0 0.116710 0.088657 0.006163 0.013426
0 0.129774 0.098843 0.006771 0.014660
0 0.129774 0.098843 0.006771 0.014660
0 0.129774 0.098843 0.006771 0.014660
0 0.129774 0.098843 0.006771 0.014660
0 0.129774 0.098843 0.006771 0.014660
0 0.129774 0.098843 0.006771 0.014660
0 0.129774 0.098843 0.006771 0.014660
0 0.129774 0.098843 0.006771 0.014660
0 0.129774 0.098843 0.006771 0.014660
0 0.129774 0.098843 0.006771 0.014660
0 0.129774 0.098843 0.006771 0.014660
0 0.129774 0.098843 0.006771 0.014660
0 0.129774 0.098843 0.006771 0.014660
0 0.129774 0.098843 0.006771 0.014660
0 0.129774 0.098843 0.006771 0.014660
0 0.129774 0.098843 0.006771 0.014660
0 0.129774 0.098843 0.006771 0.014660
0 0.129774 0.098843 0.006771 0.014660
0 0.129774 0.098843 0.006771 0.014660
0 0.129774 0.098843 0.006771 0.014660
0 0.129774 0.098843 0.006771 0.014660
0 0.129774 0.098843 0.006771 0.014660
0 0.129774 0.098843 0.006771 0.014660
0 0.129774 0.098843 0.006771 0.014660
0 0.129774 0.098843 0.006771 0.014660
0 0.129774 0.098843 0.006771 0.014660
0 0.129774 0.098843 0.006771 0.014660
0 0.129774 0.098843 0.006771 0.014660
0 0.129774 0.098843 0.006771 0.014660
0 0.129774 0.098843 0.006771 0.014660
0 0.129774 0.098843 0.006771 0.014660
0 0.129557 0.100154 0.006858 0.014815
0 0.129427 0.101620 0.007118 0.014352
0 0.129297 0.103395 0.006858 0.014198
0 0.129167 0.104938 0.007118 0.013889
0 0.129036 0.106636 0.006858 0.013889
0 0.128906 0.108102 0.007118 0.013426
0 0.128689 0.109722 0.007031 0.012963
0 0.128689 0.111420 0.007031 0.012963
0 0.128429 0.112963 0.007031 0.012654
0 0.128429 0.114660 0.007031 0.012654
0 0.128429 0.114660 0.007031 0.012654
0 0.128429 0.114660 0.007031 0.012654
0 0.128429 0.114660 0.007031 0.012654
0 0.128429 0.114660 0.007031 0.012654
0 0.128429 0.114660 0.007031 0.012654
0 0.128429 0.114660 0.007031 0.012654
0 0.128429 0.114660 0.007031 0.012654
0 0.128429 0.114660 0.007031 0.012654
0 0.128429 0.114660 0.007031 0.012654
0 0.128429 0.114660 0.007031 0.012654
0 0.128429 0.114660 0.007031 0.012654
0 0.128429 0.114660 0.007031 0.012654
0 0.128429 0.114660 0.007031 0.012654
0 0.128429 0.114660 0.007031 0.012654
0 0.128429 0.114660 0.007031 0.012654
0 0.128429 0.114660 0.007031 0.012654
0 0.128429 0.114660 0.007031 0.012654
0 0.128429 0.114660 0.007031 0.012654
0 0.128429 0.114660 0.007031 0.012654
0 0.128429 0.114660 0.007031 0.012654
0 0.128429 0.114660 0.007031 0.012654
0 0.128429 0.114660 0.007031 0.012654
0 0.128429 0.114660 0.007031 0.012654
0 0.128429 0.114660 0.007031 0.012654
0 0.128429 0.114660 0.007031 0.012654
0 0.128429 0.114660 0.007031 0.012654
0 0.128429 0.114660 0.007031 0.012654
0 0.128429 0.114660 0.007031 0.012654
0 0.128429 0.114660 0.007031 0.012654
0 0.128429 0.114660 0.007031 0.012654
0 0.128429 0.114660 0.007031 0.012654
0 0.128429 0.114660 0.007031 0.012654
0 0.128429 0.114660 0.007031 0.012654
0 0.128429 0.114660 0.007031 0.012654
0 0.128429 0.114660 0.007031 0.012654
0 0.128429 0.114660 0.007031 0.012654
0 0.128429 0.114660 0.007031 0.012654
0 0.128429 0.114660 0.007031 0.012654
0 0.128429 0.114660 0.007031 0.012654
0 0.128429 0.114660 0.007031 0.012654
0 0.128429 0.114660 0.007031 0.012654
0 0.128429 0.114660 0.007031 0.012654
0 0.128429 0.114660 0.007031 0.012654
0 0.128429 0.114660 0.007031 0.012654
0 0.128429 0.114660 0.007031 0.012654
0 0.128429 0.114660 0.007031 0.012654
0 0.128429 0.114660 0.007031 0.012654
0 0.128429 0.114660 0.007031 0.012654
0 0.128429 0.114660 0.007031 0.012654
0 0.128429 0.114660 0.007031 0.012654
0 0.128906 0.104475 0.007118 0.012963
0 0.129427 0.094213 0.007118 0.013426
0 0.129905 0.084105 0.007031 0.013889
0 0.130382 0.073843 0.007118 0.014352
0 0.130859 0.063889 0.007031 0.015123
0 0.131380 0.053704 0.007031 0.015741
0 0.131858 0.043519 0.007118 0.016049
0 0.132335 0.033333 0.007031 0.016358
0 0.132812 0.023148 0.007118 0.016975
0 0.133550 0.013349 0.007031 0.017438
0 0.133333 0.015123 0.007118 0.017284
0 0.133333 0.016821 0.007118 0.017284
0 0.133073 0.018596 0.007118 0.017438
0 0.133073 0.020293 0.007118 0.017438
0 0.132812 0.022068 0.007118 0.017284
0 0.132812 0.023765 0.007118 0.017284
0 0.132595 0.025540 0.007031 0.017438
0 0.132595 0.027238 0.007031 0.017438
0 0.132335 0.029012 0.007031 0.017284
0 0.132335 0.031173 0.007031 0.017284
0 0.132075 0.032870 0.007031 0.017284
0 0.132075 0.034645 0.007031 0.017438
0 0.132075 0.036343 0.007031 0.017438
0 0.132075 0.038503 0.007031 0.017438
0 0.132075 0.040278 0.007031 0.017284
0 0.131858 0.041975 0.007118 0.017284
0 0.131858 0.044136 0.007118 0.017284
0 0.131858 0.045910 0.007118 0.017438
0 0.131858 0.047685 0.007118 0.017284
0 0.131858 0.049846 0.007118 0.017284
0 0.131727 0.051312 0.006858 0.016821
0 0.131727 0.053086 0.006858 0.016975
0 0.131727 0.054552 0.006858 0.016512
0 0.131727 0.056327 0.006858 0.016358
0 0.131727 0.057870 0.006858 0.016049
0 0.131727 0.059568 0.006858 0.016049
0 0.131727 0.061034 0.006858 0.015586
0 0.131727 0.062886 0.006858 0.015586
0 0.131727 0.064352 0.006858 0.015123
0 0.131727 0.066049 0.006858 0.015123
0 0.131467 0.067593 0.006858 0.015741
0 0.131467 0.069367 0.006858 0.015586
0 0.131250 0.070833 0.006771 0.016049
0 0.131250 0.072531 0.006771 0.016049
0 0.131120 0.074151 0.007031 0.016512
0 0.130990 0.075849 0.006771 0.016512
0 0.130859 0.077315 0.007031 0.016975
0 0.130773 0.079090 0.006858 0.016821
0 0.130642 0.080633 0.007118 0.017438
0 0.130642 0.082330 0.007118 0.017438
0 0.130382 0.083873 0.007118 0.016821
0 0.130382 0.085648 0.007118 0.016975
0 0.130252 0.087114 0.006858 0.016512
0 0.130122 0.088812 0.007118 0.016512
0 0.130122 0.090432 0.007118 0.016049
0 0.129991 0.092130 0.006858 0.016049
0 0.129905 0.093596 0.007031 0.015586
0 0.129774 0.095370 0.006771 0.015741
0 0.129774 0.096914 0.006771 0.015123
0 0.129774 0.098843 0.006771 0.014660
0 0.129557 0.099923 0.006858 0.014352
0 0.129427 0.101235 0.007118 0.014198
0 0.129297 0.102546 0.006858 0.014352
0 0.129167 0.103549 0.007118 0.013889
0 0.129036 0.104938 0.006858 0.013889
0 0.128906 0.106404 0.007118 0.013426
0 0.128776 0.107716 0.006858 0.013580
0 0.128689 0.108796 0.007031 0.012963
0 0.128559 0.110108 0.006771 0.013117
0 0.128429 0.111420 0.007031 0.012963
