0 0.192361 0.096605 0.007118 0.013889
0 0.192361 0.097762 0.007118 0.013426
0 0.192361 0.099228 0.007118 0.012963
0 0.192361 0.100772 0.007118 0.012654
0 0.192361 0.101852 0.007118 0.012037
0 0.192622 0.103395 0.007118 0.011728
0 0.192622 0.104861 0.007118 0.011265
0 0.192622 0.106019 0.007118 0.010802
0 0.192622 0.107485 0.007118 0.010340
0 0.192622 0.109028 0.007118 0.010031
0 0.192839 0.110494 0.007031 0.009568
0 0.192752 0.111883 0.006858 0.009568
0 0.192752 0.113117 0.006858 0.009568
0 0.192752 0.114506 0.006858 0.009568
0 0.192752 0.115741 0.006858 0.009568
0 0.192752 0.117052 0.006858 0.009414
0 0.192752 0.118364 0.006858 0.009568
0 0.192752 0.119599 0.006858 0.009568
0 0.192752 0.120988 0.006858 0.009568
0 0.192752 0.122222 0.006858 0.009568
0 0.192752 0.123843 0.006858 0.009105
0 0.192491 0.124846 0.006858 0.008642
0 0.192491 0.126157 0.006858 0.008796
0 0.192491 0.127469 0.006858 0.008642
0 0.192361 0.128781 0.006597 0.008796
0 0.192361 0.130093 0.006597 0.008642
0 0.192231 0.131173 0.006858 0.008333
0 0.192101 0.132485 0.006597 0.008179
0 0.192101 0.133719 0.006597 0.008179
0 0.192101 0.135031 0.006597 0.008333
0 0.192101 0.136574 0.006597 0.007716
0 0.191884 0.137423 0.006510 0.007870
0 0.191884 0.138735 0.006510 0.007716
0 0.191884 0.140046 0.006510 0.007870
0 0.191797 0.141127 0.006337 0.007253
0 0.191797 0.142438 0.006337 0.007407
0 0.191797 0.143673 0.006337 0.007407
0 0.191667 0.144830 0.006076 0.006944
0 0.191667 0.146065 0.006076 0.006944
0 0.191667 0.147454 0.006076 0.006944
0 0.191667 0.148688 0.006076 0.006944
0 0.191406 0.149846 0.006076 0.007407
0 0.191406 0.151080 0.006076 0.007407
0 0.191146 0.152469 0.006076 0.007407
0 0.191146 0.153704 0.006076 0.007407
0 0.191016 0.155015 0.005816 0.007253
0 0.190885 0.156096 0.006076 0.007870
0 0.190799 0.157407 0.005903 0.007716
0 0.190668 0.158719 0.006163 0.007870
0 0.190538 0.160031 0.005903 0.007716
0 0.190538 0.161497 0.005903 0.008179
0 0.190408 0.162654 0.006163 0.008642
0 0.190408 0.163889 0.006163 0.008642
0 0.190408 0.165201 0.006163 0.008796
0 0.190408 0.166512 0.006163 0.008642
0 0.190538 0.167824 0.006424 0.008796
0 0.190451 0.168904 0.006597 0.009105
0 0.190451 0.170139 0.006597 0.009105
0 0.190451 0.171528 0.006597 0.009105
0 0.190451 0.172762 0.006597 0.009105
0 0.190538 0.174306 0.006771 0.009414
0 0.190538 0.175154 0.006771 0.009568
0 0.190538 0.176543 0.006771 0.009568
0 0.190538 0.177778 0.006771 0.009568
0 0.190668 0.178704 0.007031 0.009568
0 0.190668 0.179938 0.007031 0.009568
0 0.190668 0.181250 0.007031 0.009414
0 0.190799 0.182099 0.007292 0.009568
0 0.190799 0.183488 0.007292 0.009568
0 0.190799 0.184722 0.007292 0.009568
0 0.191016 0.186034 0.007378 0.009414
0 0.191016 0.187346 0.007378 0.009568
0 0.191146 0.188580 0.007118 0.009568
0 0.191406 0.189969 0.007118 0.009568
0 0.191406 0.191204 0.007118 0.009568
0 0.191623 0.192824 0.007031 0.009105
0 0.191753 0.194059 0.006771 0.009105
0 0.191753 0.195293 0.006771 0.009105
0 0.192014 0.196682 0.006771 0.009105
0 0.192101 0.197917 0.006597 0.009105
0 0.192361 0.199769 0.006597 0.009105
0 0.192101 0.200772 0.006597 0.009568
0 0.192101 0.201852 0.006597 0.009877
0 0.192101 0.202932 0.006597 0.010494
0 0.191970 0.204012 0.006337 0.010802
0 0.191970 0.205556 0.006337 0.011420
0 0.191884 0.206636 0.006510 0.011728
0 0.191797 0.207716 0.006337 0.012037
0 0.191797 0.208796 0.006337 0.012654
0 0.191797 0.209877 0.006337 0.012963
0 0.191797 0.211343 0.006337 0.013426
0 0.191797 0.212963 0.006337 0.012963
0 0.191797 0.214429 0.006337 0.012500
0 0.191797 0.215972 0.006337 0.012191
0 0.191884 0.217438 0.006163 0.011728
0 0.191970 0.219213 0.006337 0.011574
0 0.191970 0.220756 0.006337 0.011265
0 0.192101 0.222222 0.006076 0.010802
0 0.192101 0.223765 0.006076 0.010494
0 0.192101 0.225309 0.006076 0.009877
0 0.192361 0.227006 0.006076 0.009877
0 0.192231 0.227855 0.006337 0.010031
0 0.192231 0.229012 0.006337 0.010494
0 0.192231 0.230093 0.006337 0.010802
0 0.192101 0.231173 0.006597 0.010494
0 0.192101 0.232253 0.006597 0.010802
0 0.192101 0.233256 0.006597 0.011265
0 0.192014 0.234414 0.006771 0.010802
0 0.192014 0.235417 0.006771 0.011265
0 0.192014 0.236574 0.006771 0.011728
0 0.192014 0.237809 0.006771 0.011728
0 0.192014 0.238966 0.006771 0.012191
0 0.192101 0.240278 0.006597 0.012037
0 0.192101 0.241590 0.006597 0.012191
0 0.192231 0.242824 0.006337 0.012191
0 0.192361 0.244213 0.006597 0.012191
0 0.192491 0.245216 0.006337 0.012654
0 0.192491 0.246528 0.006337 0.012500
0 0.192622 0.247840 0.006076 0.012654
0 0.192622 0.249151 0.006076 0.012500
0 0.192882 0.250463 0.006076 0.012654
0 0.192882 0.251543 0.006076 0.012037
0 0.192882 0.252855 0.006076 0.012191
0 0.192882 0.254090 0.006076 0.012191
0 0.192969 0.255478 0.005903 0.012191
0 0.193099 0.256944 0.006163 0.011728
0 0.193099 0.258102 0.006163 0.011265
0 0.193229 0.259336 0.005903 0.011265
0 0.193229 0.260648 0.005903 0.011420
0 0.193229 0.261960 0.005903 0.011265
0 0.193446 0.263426 0.005816 0.010802
0 0.193229 0.264583 0.005903 0.011265
0 0.193229 0.265586 0.005903 0.011728
0 0.193229 0.266744 0.005903 0.012191
0 0.193099 0.267824 0.005642 0.012500
0 0.193099 0.269136 0.005642 0.012654
0 0.193099 0.270216 0.005642 0.012963
0 0.192969 0.271219 0.005382 0.013426
0 0.192969 0.272377 0.005382 0.013889
0 0.192969 0.273457 0.005382 0.014198
0 0.192969 0.274769 0.005382 0.014352
0 0.192969 0.275617 0.005382 0.014198
0 0.192969 0.276698 0.005382 0.013889
0 0.192969 0.277778 0.005382 0.014198
0 0.192969 0.278858 0.005382 0.013889
0 0.192969 0.280170 0.005382 0.013735
0 0.192969 0.281019 0.005382 0.013889
0 0.192969 0.282176 0.005382 0.013426
0 0.192969 0.283179 0.005382 0.013889
0 0.192969 0.284336 0.005382 0.013426
0 0.193099 0.285571 0.005122 0.013426
0 0.192839 0.286497 0.005122 0.013426
0 0.192839 0.287500 0.005122 0.013889
0 0.192839 0.288426 0.005122 0.013889
0 0.192708 0.289506 0.004861 0.014198
0 0.192708 0.290586 0.004861 0.014815
0 0.192708 0.291435 0.004861 0.014660
0 0.192622 0.292515 0.004687 0.015278
0 0.192622 0.293364 0.004687 0.015123
0 0.192622 0.294522 0.004687 0.015586
0 0.192622 0.295756 0.004687 0.015586
0 0.192491 0.296682 0.004948 0.015586
0 0.192491 0.297531 0.004948 0.015741
0 0.192405 0.298380 0.005122 0.015586
0 0.192405 0.299306 0.005122 0.015586
0 0.192274 0.300077 0.005382 0.015586
0 0.192274 0.301003 0.005382 0.015586
0 0.192144 0.301852 0.005642 0.015741
0 0.192144 0.302701 0.005642 0.015586
0 0.192014 0.303627 0.005903 0.015586
0 0.192014 0.304475 0.005903 0.015741
0 0.191753 0.304861 0.005903 0.015586
0 0.191753 0.305556 0.005903 0.016049
0 0.191623 0.306250 0.005642 0.015586
0 0.191536 0.306790 0.005816 0.016049
0 0.191536 0.307253 0.005816 0.016049
0 0.191406 0.308179 0.005556 0.016049
0 0.191406 0.308642 0.005556 0.016049
0 0.191276 0.309182 0.005816 0.016512
0 0.191146 0.309877 0.005556 0.016049
0 0.191146 0.310571 0.005556 0.016512
