0 0.189193 0.125077 0.004601 0.013426
0 0.190929 0.125077 0.004601 0.013426
0 0.192622 0.125077 0.004687 0.013426
0 0.194314 0.125077 0.004601 0.013426
0 0.196050 0.125540 0.004601 0.013426
0 0.197743 0.125540 0.004687 0.013426
0 0.199436 0.125540 0.004601 0.013426
0 0.201172 0.126003 0.004601 0.013426
0 0.202865 0.126003 0.004687 0.013426
0 0.204557 0.126003 0.004601 0.013426
0 0.206380 0.126389 0.004427 0.013580
0 0.208116 0.126389 0.004427 0.013580
0 0.209809 0.126775 0.004340 0.013426
0 0.211762 0.127238 0.004427 0.013426
0 0.213498 0.127238 0.004427 0.013426
0 0.215408 0.127701 0.004427 0.013426
0 0.217144 0.128164 0.004427 0.013426
0 0.218837 0.128164 0.004340 0.013426
0 0.220790 0.128549 0.004427 0.013580
0 0.222526 0.128935 0.004427 0.013426
0 0.224436 0.129398 0.004427 0.013426
0 0.226172 0.129398 0.004427 0.013426
0 0.227865 0.129861 0.004340 0.013426
0 0.229557 0.130324 0.004427 0.013426
0 0.231293 0.130710 0.004427 0.013580
0 0.232986 0.131096 0.004340 0.013426
0 0.234722 0.131096 0.004340 0.013426
0 0.236415 0.131559 0.004427 0.013426
0 0.238108 0.132022 0.004340 0.013426
0 0.239844 0.132485 0.004340 0.013426
0 0.241797 0.132948 0.004427 0.013426
0 0.241797 0.132948 0.004427 0.013426
0 0.242014 0.132948 0.004340 0.013426
0 0.242274 0.132948 0.004340 0.013426
0 0.242274 0.132948 0.004340 0.013426
0 0.242491 0.132948 0.004427 0.013426
0 0.242752 0.132948 0.004427 0.013426
0 0.242752 0.132948 0.004427 0.013426
0 0.243012 0.132948 0.004427 0.013426
0 0.243229 0.132948 0.004340 0.013426
0 0.243490 0.133256 0.004340 0.013426
0 0.243229 0.132948 0.004340 0.013426
0 0.243012 0.132948 0.004427 0.013426
0 0.242752 0.132948 0.004427 0.013426
0 0.242491 0.132485 0.004427 0.013426
0 0.242274 0.132485 0.004340 0.013426
0 0.242014 0.132485 0.004340 0.013426
0 0.241797 0.132022 0.004427 0.013426
0 0.241536 0.132022 0.004427 0.013426
0 0.241276 0.132022 0.004427 0.013426
0 0.241276 0.132022 0.004427 0.013426
0 0.241276 0.132022 0.004427 0.013426
0 0.241276 0.132022 0.004427 0.013426
0 0.241276 0.132022 0.004427 0.013426
0 0.241276 0.132022 0.004427 0.013426
0 0.241276 0.132022 0.004427 0.013426
0 0.241276 0.132022 0.004427 0.013426
0 0.241276 0.132022 0.004427 0.013426
0 0.241276 0.132022 0.004427 0.013426
0 0.241276 0.132022 0.004427 0.013426
0 0.241276 0.132022 0.004427 0.013426
0 0.241276 0.132022 0.004427 0.013426
0 0.241276 0.132485 0.004427 0.013426
0 0.241276 0.132948 0.004427 0.013426
0 0.241276 0.132948 0.004427 0.013426
0 0.241276 0.133256 0.004427 0.013426
0 0.241276 0.133719 0.004427 0.013426
0 0.241276 0.133719 0.004427 0.013426
0 0.241276 0.134182 0.004427 0.013426
0 0.241276 0.134645 0.004427 0.013426
0 0.241276 0.135108 0.004427 0.013426
0 0.241276 0.135494 0.004427 0.013580
0 0.241536 0.135880 0.004427 0.013426
0 0.241536 0.136343 0.004427 0.013426
0 0.241797 0.136806 0.004427 0.013426
0 0.242014 0.137269 0.004340 0.013426
0 0.242014 0.137654 0.004340 0.013580
0 0.242274 0.138040 0.004340 0.013426
0 0.242274 0.138503 0.004340 0.013426
0 0.242491 0.138966 0.004427 0.013426
0 0.242752 0.139429 0.004427 0.013426
0 0.243012 0.139892 0.004427 0.013426
0 0.243229 0.140201 0.004340 0.013426
0 0.243490 0.140664 0.004340 0.013426
0 0.243967 0.141127 0.004427 0.013426
0 0.244227 0.141590 0.004427 0.013426
0 0.244488 0.142052 0.004427 0.013426
0 0.244965 0.142438 0.004340 0.013580
0 0.245182 0.142824 0.004427 0.013426
0 0.245443 0.143287 0.004427 0.013426
0 0.245920 0.143750 0.004340 0.013426
0 0.247743 0.144753 0.004687 0.013889
0 0.249696 0.145910 0.004601 0.014352
0 0.251780 0.147145 0.004948 0.014352
0 0.253602 0.148302 0.005122 0.014815
0 0.255686 0.149614 0.005295 0.014660
0 0.257639 0.150694 0.005382 0.015278
0 0.259462 0.151775 0.005556 0.015586
0 0.261545 0.153009 0.005903 0.015586
0 0.263498 0.154167 0.005816 0.016049
0 0.265582 0.155633 0.006163 0.016512
0 0.266797 0.156559 0.006163 0.016512
0 0.268229 0.157793 0.006076 0.016512
0 0.269488 0.158719 0.006163 0.016512
0 0.270920 0.159954 0.006076 0.016512
0 0.272396 0.160880 0.006076 0.016512
0 0.273611 0.162114 0.006076 0.016512
0 0.275087 0.163040 0.006076 0.016512
0 0.276302 0.164352 0.006076 0.016358
0 0.277778 0.165201 0.006076 0.016512
0 0.279253 0.166512 0.006076 0.016358
0 0.279644 0.167361 0.006337 0.016512
0 0.280078 0.168673 0.006337 0.016358
0 0.280599 0.169753 0.006337 0.016975
0 0.281033 0.171065 0.006337 0.016821
0 0.281554 0.172145 0.006337 0.017438
0 0.282075 0.173457 0.006337 0.017284
0 0.282509 0.174537 0.006337 0.017901
0 0.283030 0.175849 0.006337 0.017747
0 0.283507 0.176852 0.006424 0.018210
0 0.284115 0.178241 0.006597 0.018210
0 0.284722 0.179090 0.006771 0.018364
0 0.285460 0.180401 0.006858 0.018210
0 0.286328 0.181481 0.007031 0.018519
0 0.287066 0.182562 0.007118 0.018210
0 0.287891 0.183796 0.007378 0.018210
0 0.288498 0.184954 0.007552 0.018673
0 0.289280 0.186034 0.007552 0.018364
0 0.290104 0.187114 0.007812 0.018673
0 0.290799 0.188349 0.007812 0.018673
0 0.291710 0.189738 0.008073 0.018673
0 0.292405 0.191204 0.008073 0.019136
0 0.293273 0.192978 0.008247 0.018981
0 0.294010 0.194522 0.008333 0.019599
0 0.294965 0.196219 0.008333 0.019599
0 0.295703 0.197994 0.008247 0.019444
0 0.296571 0.199460 0.008594 0.019907
0 0.297396 0.201235 0.008333 0.020062
0 0.298264 0.202778 0.008507 0.020370
0 0.299002 0.204475 0.008594 0.020370
0 0.300000 0.206173 0.008507 0.020370
0 0.300955 0.207716 0.008507 0.020679
0 0.302040 0.209491 0.008767 0.020833
0 0.303125 0.211188 0.009028 0.020833
0 0.304253 0.212886 0.009201 0.020833
0 0.305469 0.214892 0.009201 0.021142
0 0.306467 0.216435 0.009288 0.021759
0 0.307552 0.218133 0.009549 0.021759
0 0.308637 0.219830 0.009809 0.021759
0 0.309766 0.221605 0.009983 0.021605
0 0.310981 0.223534 0.009983 0.022068
0 0.312196 0.225463 0.009983 0.022531
0 0.313542 0.227623 0.010243 0.023457
0 0.314757 0.229630 0.010243 0.023765
0 0.316102 0.232022 0.010503 0.024228
0 0.317318 0.233951 0.010503 0.024691
0 0.318663 0.236111 0.010764 0.025617
0 0.319878 0.238272 0.010764 0.025617
0 0.321224 0.240509 0.011024 0.026389
0 0.322439 0.242438 0.011024 0.026852
0 0.323915 0.244830 0.011024 0.027315
0 0.323915 0.244830 0.011024 0.027315
0 0.323915 0.244830 0.011024 0.027315
0 0.323915 0.244830 0.011024 0.027315
0 0.323915 0.244830 0.011024 0.027315
0 0.323915 0.244830 0.011024 0.027315
0 0.323915 0.244830 0.011024 0.027315
0 0.323915 0.244830 0.011024 0.027315
0 0.323915 0.244830 0.011024 0.027315
0 0.323915 0.244830 0.011024 0.027315
0 0.323915 0.245062 0.011024 0.026852
0 0.323915 0.245062 0.011024 0.026852
0 0.323915 0.245062 0.011024 0.026852
0 0.323915 0.245062 0.011024 0.026852
0 0.323915 0.245062 0.011024 0.026852
0 0.323915 0.245062 0.011024 0.026852
0 0.323915 0.245062 0.011024 0.026852
0 0.323915 0.245062 0.011024 0.026852
0 0.323915 0.245062 0.011024 0.026852
0 0.323915 0.245062 0.011024 0.026852
0 0.323915 0.245062 0.011024 0.026852
