0 0.085503 0.066281 0.003646 0.011265
0 0.085503 0.066281 0.003646 0.011265
0 0.085503 0.066281 0.003646 0.011265
0 0.085503 0.066281 0.003646 0.011265
0 0.085503 0.066281 0.003646 0.011265
0 0.085503 0.066281 0.003646 0.011265
0 0.085503 0.066281 0.003646 0.011265
0 0.085503 0.066281 0.003646 0.011265
0 0.085503 0.066281 0.003646 0.011265
0 0.085503 0.066281 0.003646 0.011265
0 0.085634 0.066512 0.003385 0.010802
0 0.085634 0.066049 0.003385 0.010802
0 0.085634 0.066049 0.003385 0.010802
0 0.085634 0.066049 0.003385 0.010802
0 0.085634 0.065818 0.003385 0.011265
0 0.085634 0.065818 0.003385 0.011265
0 0.085634 0.065664 0.003385 0.010957
0 0.085634 0.065432 0.003385 0.011420
0 0.085634 0.065432 0.003385 0.011420
0 0.085634 0.065432 0.003385 0.011420
0 0.085764 0.065432 0.003646 0.011420
0 0.085503 0.065046 0.003646 0.011265
0 0.085503 0.065046 0.003646 0.011265
0 0.085503 0.065046 0.003646 0.011265
0 0.085503 0.065046 0.003646 0.011265
0 0.085503 0.065046 0.003646 0.011265
0 0.085243 0.065046 0.003646 0.011265
0 0.085243 0.065046 0.003646 0.011265
0 0.085243 0.065046 0.003646 0.011265
0 0.085243 0.065046 0.003646 0.011265
0 0.085243 0.065046 0.003646 0.011265
0 0.085243 0.065046 0.003646 0.011265
0 0.085243 0.065046 0.003646 0.011265
0 0.085243 0.065432 0.003646 0.011420
0 0.085243 0.065432 0.003646 0.011420
0 0.085503 0.065818 0.003646 0.011265
0 0.085503 0.065818 0.003646 0.011265
0 0.085503 0.065818 0.003646 0.011265
0 0.085503 0.066281 0.003646 0.011265
0 0.085503 0.066281 0.003646 0.011265
0 0.085764 0.066744 0.003646 0.011265
0 0.085503 0.066281 0.003646 0.011265
0 0.085503 0.065818 0.003646 0.011265
0 0.085503 0.065818 0.003646 0.011265
0 0.085503 0.065432 0.003646 0.011420
0 0.085503 0.065432 0.003646 0.011420
0 0.085243 0.065046 0.003646 0.011265
0 0.085243 0.064583 0.003646 0.011265
0 0.085243 0.064583 0.003646 0.011265
0 0.085243 0.064120 0.003646 0.011265
0 0.085243 0.064120 0.003646 0.011265
0 0.085243 0.064120 0.003646 0.011265
0 0.085243 0.064120 0.003646 0.011265
0 0.085243 0.064120 0.003646 0.011265
0 0.085243 0.064120 0.003646 0.011265
0 0.085243 0.064120 0.003646 0.011265
0 0.085243 0.064120 0.003646 0.011265
0 0.085243 0.064120 0.003646 0.011265
0 0.085243 0.064120 0.003646 0.011265
0 0.085243 0.064120 0.003646 0.011265
0 0.085243 0.064120 0.003646 0.011265
0 0.085243 0.063889 0.003646 0.011728
0 0.085243 0.063889 0.003646 0.011728
0 0.085243 0.063889 0.003646 0.011728
0 0.085243 0.063657 0.003646 0.012191
0 0.085373 0.063657 0.003385 0.012191
0 0.085373 0.063657 0.003385 0.012191
0 0.085373 0.063503 0.003385 0.012500
0 0.085373 0.063503 0.003385 0.012500
0 0.085373 0.063503 0.003385 0.012500
0 0.085634 0.063503 0.003385 0.012500
0 0.085373 0.063040 0.003385 0.012500
0 0.085373 0.063040 0.003385 0.012500
0 0.085373 0.063040 0.003385 0.012500
0 0.085373 0.063040 0.003385 0.012500
0 0.085373 0.063040 0.003385 0.012500
0 0.085373 0.063040 0.003385 0.012500
0 0.085373 0.063040 0.003385 0.012500
0 0.085373 0.063040 0.003385 0.012500
0 0.085373 0.063040 0.003385 0.012500
0 0.085373 0.063040 0.003385 0.012500
0 0.085373 0.062577 0.003385 0.012500
0 0.085373 0.062577 0.003385 0.012500
0 0.085373 0.062577 0.003385 0.012500
0 0.085373 0.062191 0.003385 0.012654
0 0.085373 0.062191 0.003385 0.012654
0 0.085373 0.062191 0.003385 0.012654
0 0.085373 0.061728 0.003385 0.012654
0 0.085373 0.061728 0.003385 0.012654
0 0.085373 0.061728 0.003385 0.012654
0 0.085373 0.061728 0.003385 0.012654
0 0.085113 0.060417 0.003385 0.012500
0 0.085113 0.059568 0.003385 0.012654
0 0.085113 0.058719 0.003385 0.012500
0 0.084852 0.057870 0.003385 0.012654
0 0.084852 0.056944 0.003385 0.012654
0 0.084852 0.055633 0.003385 0.012500
0 0.084635 0.054784 0.003472 0.012654
0 0.084635 0.053935 0.003472 0.012500
0 0.084635 0.053086 0.003472 0.012654
0 0.084635 0.052160 0.003472 0.012654
0 0.084158 0.047840 0.003385 0.012654
0 0.083898 0.043750 0.003385 0.013117
0 0.083507 0.039583 0.003646 0.012500
0 0.083290 0.035494 0.003733 0.012963
0 0.083073 0.031404 0.003646 0.012500
0 0.082552 0.027238 0.003646 0.013117
0 0.082292 0.022917 0.003646 0.013117
0 0.081988 0.018981 0.003906 0.012963
0 0.081727 0.014660 0.003906 0.012963
0 0.081467 0.010802 0.003906 0.012963
0 0.081337 0.010340 0.003646 0.012963
0 0.081337 0.010340 0.003646 0.012963
0 0.081337 0.010340 0.003646 0.012963
0 0.081337 0.010340 0.003646 0.012963
0 0.081337 0.010340 0.003646 0.012963
0 0.081337 0.010108 0.003646 0.012500
0 0.081337 0.010108 0.003646 0.012500
0 0.081337 0.010108 0.003646 0.012500
0 0.081337 0.010108 0.003646 0.012500
0 0.081337 0.010108 0.003646 0.012500
0 0.081337 0.010108 0.003646 0.012500
0 0.081337 0.010108 0.003646 0.012500
0 0.081337 0.010108 0.003646 0.012500
0 0.081337 0.010108 0.003646 0.012500
0 0.081337 0.010108 0.003646 0.012500
0 0.081337 0.010108 0.003646 0.012500
0 0.081337 0.010108 0.003646 0.012500
0 0.081337 0.010108 0.003646 0.012500
0 0.081337 0.010108 0.003646 0.012500
0 0.081337 0.010108 0.003646 0.012500
0 0.081337 0.010108 0.003646 0.012500
0 0.081337 0.010108 0.003646 0.012500
0 0.081337 0.010108 0.003646 0.012500
0 0.081337 0.010108 0.003646 0.012500
0 0.081337 0.010108 0.003646 0.012500
0 0.081337 0.010108 0.003646 0.012500
0 0.081337 0.010108 0.003646 0.012500
0 0.081337 0.010108 0.003646 0.012500
0 0.081337 0.010108 0.003646 0.012500
0 0.081337 0.010108 0.003646 0.012500
0 0.081337 0.010108 0.003646 0.012500
0 0.081337 0.010108 0.003646 0.012500
0 0.081337 0.010108 0.003646 0.012500
0 0.081337 0.010108 0.003646 0.012500
0 0.081337 0.010108 0.003646 0.012500
0 0.081337 0.010108 0.003646 0.012500
0 0.081337 0.010108 0.003646 0.012500
0 0.081337 0.010108 0.003646 0.012500
0 0.081337 0.010108 0.003646 0.012500
0 0.081337 0.010108 0.003646 0.012500
0 0.081337 0.010108 0.003646 0.012500
0 0.081337 0.010108 0.003646 0.012500
0 0.081337 0.010108 0.003646 0.012500
0 0.081337 0.010108 0.003646 0.012500
0 0.081337 0.010108 0.003646 0.012500
0 0.081337 0.010108 0.003646 0.012500
0 0.081337 0.010108 0.003646 0.012500
0 0.081337 0.010108 0.003646 0.012500
0 0.081337 0.010108 0.003646 0.012500
0 0.081337 0.010108 0.003646 0.012500
0 0.081337 0.010108 0.003646 0.012500
0 0.081337 0.010108 0.003646 0.012500
0 0.081337 0.010108 0.003646 0.012500
0 0.081337 0.010108 0.003646 0.012500
0 0.081337 0.010108 0.003646 0.012500
0 0.081337 0.010108 0.003646 0.012500
0 0.081337 0.010108 0.003646 0.012500
0 0.081337 0.010108 0.003646 0.012500
0 0.081337 0.010108 0.003646 0.012500
0 0.081337 0.010108 0.003646 0.012500
0 0.081337 0.010108 0.003646 0.012500
0 0.081337 0.010108 0.003646 0.012500
0 0.081337 0.010108 0.003646 0.012500
0 0.081337 0.010108 0.003646 0.012500
0 0.081337 0.010108 0.003646 0.012500
0 0.081337 0.010108 0.003646 0.012500
0 0.081337 0.010108 0.003646 0.012500
0 0.081337 0.010108 0.003646 0.012500
0 0.081337 0.010108 0.003646 0.012500
0 0.081337 0.010108 0.003646 0.012500
