0 0.267405 0.054167 0.006858 0.021605
0 0.267057 0.053704 0.007031 0.021605
0 0.266797 0.053472 0.007031 0.022068
0 0.266536 0.053472 0.007031 0.022068
0 0.266189 0.053241 0.007378 0.022531
0 0.265929 0.053241 0.007378 0.022531
0 0.265712 0.052855 0.007292 0.022685
0 0.265321 0.052701 0.007552 0.022994
0 0.265061 0.052701 0.007552 0.022994
0 0.264844 0.052469 0.007639 0.023457
0 0.264627 0.052469 0.007552 0.023457
0 0.264366 0.052006 0.007552 0.023457
0 0.264106 0.052006 0.007552 0.023457
0 0.263845 0.051543 0.007552 0.023457
0 0.263585 0.051543 0.007552 0.023457
0 0.263411 0.051312 0.007552 0.022994
0 0.263151 0.051080 0.007552 0.023457
0 0.262891 0.050849 0.007552 0.022994
0 0.262630 0.050694 0.007552 0.023302
0 0.262370 0.050463 0.007552 0.022840
0 0.262370 0.050463 0.007552 0.022840
0 0.262153 0.050077 0.007639 0.022994
0 0.261936 0.049614 0.007552 0.022994
0 0.261675 0.049383 0.007552 0.022531
0 0.261415 0.048920 0.007552 0.022531
0 0.261285 0.048688 0.007292 0.022068
0 0.261068 0.048302 0.007378 0.022222
0 0.260807 0.047840 0.007378 0.022222
0 0.260590 0.047608 0.007292 0.021759
0 0.260330 0.047222 0.007292 0.021605
0 0.260330 0.047222 0.007292 0.021605
0 0.259852 0.046759 0.007378 0.021605
0 0.259592 0.046759 0.007378 0.021605
0 0.259375 0.046759 0.007292 0.021605
0 0.259115 0.046373 0.007292 0.021759
0 0.258854 0.046373 0.007292 0.021759
0 0.258377 0.046373 0.007378 0.021759
0 0.258160 0.045910 0.007292 0.021759
0 0.257899 0.045910 0.007292 0.021759
0 0.257639 0.045910 0.007292 0.021759
0 0.257378 0.045910 0.007292 0.021759
0 0.257161 0.045448 0.007378 0.021759
0 0.256901 0.045062 0.007378 0.021605
0 0.256901 0.045062 0.007378 0.021605
0 0.256684 0.044599 0.007292 0.021605
0 0.256684 0.044599 0.007292 0.021605
0 0.256424 0.044213 0.007292 0.021759
0 0.256163 0.043750 0.007292 0.021759
0 0.256163 0.043750 0.007292 0.021759
0 0.255946 0.043287 0.007378 0.021759
0 0.255946 0.043287 0.007378 0.021759
0 0.255469 0.042901 0.007292 0.021605
0 0.255208 0.042901 0.007292 0.021605
0 0.254948 0.042901 0.007292 0.021605
0 0.254687 0.042901 0.007292 0.021605
0 0.254384 0.042901 0.007552 0.021605
0 0.254123 0.042901 0.007552 0.021605
0 0.253863 0.042901 0.007552 0.021605
0 0.253602 0.042901 0.007552 0.021605
0 0.253342 0.042901 0.007552 0.021605
