0 0.267405 0.326620 0.007726 0.007870
0 0.240668 0.293827 0.007031 0.007407
0 0.213932 0.261265 0.006337 0.006481
0 0.187240 0.228549 0.005556 0.006173
0 0.160503 0.195988 0.004861 0.005247
0 0.133941 0.163657 0.004340 0.004784
0 0.107205 0.130941 0.003646 0.004475
0 0.080469 0.098380 0.002951 0.003549
0 0.053776 0.065664 0.002170 0.002932
0 0.027040 0.033179 0.001476 0.002160
0 0.000477 0.000849 0.000955 0.001698
0 0.000477 0.000849 0.000955 0.001698
0 0.000477 0.000849 0.000955 0.001698
0 0.000477 0.000849 0.000955 0.001698
0 0.000477 0.000849 0.000955 0.001698
0 0.000477 0.000849 0.000955 0.001698
0 0.000477 0.000849 0.000955 0.001698
0 0.000477 0.000849 0.000955 0.001698
0 0.000477 0.000849 0.000955 0.001698
0 0.000477 0.000849 0.000955 0.001698
0 0.000477 0.000849 0.000955 0.001698
0 0.000477 0.000849 0.000955 0.001698
0 0.000477 0.000849 0.000955 0.001698
0 0.000477 0.000849 0.000955 0.001698
0 0.000477 0.000849 0.000955 0.001698
0 0.000477 0.000849 0.000955 0.001698
0 0.000477 0.000849 0.000955 0.001698
0 0.000477 0.000849 0.000955 0.001698
0 0.000477 0.000849 0.000955 0.001698
0 0.000477 0.000849 0.000955 0.001698
0 0.000477 0.000849 0.000955 0.001698
0 0.000477 0.000849 0.000955 0.001698
0 0.000477 0.000849 0.000955 0.001698
0 0.000477 0.000849 0.000955 0.001698
0 0.000477 0.000849 0.000955 0.001698
0 0.000477 0.000849 0.000955 0.001698
0 0.000477 0.000849 0.000955 0.001698
0 0.000477 0.000849 0.000955 0.001698
0 0.000477 0.000849 0.000955 0.001698
0 0.000477 0.000849 0.000955 0.001698
0 0.000477 0.000849 0.000955 0.001698
0 0.000477 0.000849 0.000955 0.001698
0 0.000477 0.000849 0.000955 0.001698
0 0.000477 0.000849 0.000955 0.001698
0 0.000477 0.000849 0.000955 0.001698
0 0.000477 0.000849 0.000955 0.001698
0 0.000477 0.000849 0.000955 0.001698
0 0.000477 0.000849 0.000955 0.001698
0 0.000477 0.000849 0.000955 0.001698
0 0.000477 0.000849 0.000955 0.001698
0 0.000477 0.000849 0.000955 0.001698
0 0.000477 0.000849 0.000955 0.001698
0 0.000477 0.000849 0.000955 0.001698
0 0.000477 0.000849 0.000955 0.001698
0 0.000477 0.000849 0.000955 0.001698
0 0.000477 0.000849 0.000955 0.001698
0 0.000477 0.000849 0.000955 0.001698
0 0.000477 0.000849 0.000955 0.001698
0 0.000477 0.000849 0.000955 0.001698
0 0.000477 0.000849 0.000955 0.001698
0 0.000477 0.000849 0.000955 0.001698
0 0.000477 0.000849 0.000955 0.001698
0 0.000477 0.000849 0.000955 0.001698
0 0.000477 0.000849 0.000955 0.001698
0 0.000477 0.000849 0.000955 0.001698
0 0.000477 0.000849 0.000955 0.001698
0 0.000477 0.000849 0.000955 0.001698
0 0.000477 0.000849 0.000955 0.001698
0 0.000477 0.000849 0.000955 0.001698
0 0.000477 0.000849 0.000955 0.001698
0 0.000477 0.000849 0.000955 0.001698
0 0.000477 0.000849 0.000955 0.001698
0 0.000477 0.000849 0.000955 0.001698
0 0.000477 0.000849 0.000955 0.001698
0 0.000477 0.000849 0.000955 0.001698
0 0.000477 0.000849 0.000955 0.001698
0 0.000477 0.000849 0.000955 0.001698
0 0.000477 0.000849 0.000955 0.001698
0 0.000477 0.000849 0.000955 0.001698
0 0.000477 0.000849 0.000955 0.001698
0 0.000477 0.000849 0.000955 0.001698
0 0.000477 0.000849 0.000955 0.001698
0 0.000477 0.000849 0.000955 0.001698
0 0.000477 0.000849 0.000955 0.001698
0 0.000477 0.000849 0.000955 0.001698
0 0.000477 0.000849 0.000955 0.001698
0 0.000477 0.000849 0.000955 0.001698
0 0.000477 0.000849 0.000955 0.001698
0 0.000477 0.000849 0.000955 0.001698
0 0.000477 0.000849 0.000955 0.001698
0 0.000477 0.000849 0.000955 0.001698
0 0.000477 0.000849 0.000955 0.001698
0 0.000477 0.000849 0.000955 0.001698
0 0.000477 0.000849 0.000955 0.001698
0 0.000477 0.000849 0.000955 0.001698
0 0.000477 0.000849 0.000955 0.001698
0 0.000477 0.000849 0.000955 0.001698
0 0.000477 0.000849 0.000955 0.001698
0 0.000477 0.000849 0.000955 0.001698
0 0.000477 0.000849 0.000955 0.001698
0 0.000477 0.000849 0.000955 0.001698
0 0.000477 0.000849 0.000955 0.001698
0 0.000477 0.000849 0.000955 0.001698
0 0.000477 0.000849 0.000955 0.001698
0 0.000477 0.000849 0.000955 0.001698
0 0.000477 0.000849 0.000955 0.001698
0 0.000477 0.000849 0.000955 0.001698
0 0.000477 0.000849 0.000955 0.001698
0 0.000477 0.000849 0.000955 0.001698
0 0.000477 0.000849 0.000955 0.001698
0 0.000477 0.000849 0.000955 0.001698
0 0.000477 0.000849 0.000955 0.001698
0 0.000477 0.000849 0.000955 0.001698
0 0.000477 0.000849 0.000955 0.001698
0 0.000477 0.000849 0.000955 0.001698
0 0.000477 0.000849 0.000955 0.001698
0 0.000477 0.000849 0.000955 0.001698
0 0.000477 0.000849 0.000955 0.001698
0 0.000477 0.000849 0.000955 0.001698
0 0.000477 0.000849 0.000955 0.001698
0 0.000477 0.000849 0.000955 0.001698
0 0.000477 0.000849 0.000955 0.001698
0 0.000477 0.000849 0.000955 0.001698
0 0.000477 0.000849 0.000955 0.001698
0 0.000477 0.000849 0.000955 0.001698
0 0.000477 0.000849 0.000955 0.001698
0 0.000477 0.000849 0.000955 0.001698
0 0.000477 0.000849 0.000955 0.001698
0 0.000477 0.000849 0.000955 0.001698
0 0.000477 0.000849 0.000955 0.001698
0 0.000477 0.000849 0.000955 0.001698
0 0.027040 0.033179 0.001476 0.002160
0 0.053776 0.065664 0.002170 0.002932
0 0.080469 0.098380 0.002951 0.003549
0 0.107075 0.130710 0.003385 0.004012
0 0.133811 0.163426 0.004080 0.004321
0 0.160503 0.195988 0.004861 0.005247
0 0.187153 0.228318 0.005382 0.005710
0 0.213845 0.261034 0.006163 0.006019
0 0.240582 0.293596 0.006858 0.006944
0 0.267318 0.326389 0.007552 0.007407
0 0.267318 0.326389 0.007552 0.007407
0 0.267318 0.326389 0.007552 0.007407
0 0.267318 0.326389 0.007552 0.007407
0 0.267318 0.326852 0.007552 0.007407
0 0.267405 0.326852 0.007726 0.007407
0 0.267405 0.326852 0.007726 0.007407
0 0.267405 0.327238 0.007726 0.007253
0 0.267405 0.327238 0.007726 0.007253
0 0.267405 0.327238 0.007726 0.007253
0 0.267535 0.327623 0.007986 0.007407
0 0.266667 0.316204 0.007812 0.008642
0 0.265972 0.304938 0.007812 0.009568
0 0.265191 0.293596 0.007812 0.010340
0 0.264366 0.282562 0.007552 0.011728
0 0.263585 0.271296 0.007552 0.012654
0 0.262891 0.259954 0.007552 0.013426
0 0.262023 0.248920 0.007378 0.014815
0 0.261285 0.237654 0.007292 0.015741
0 0.260590 0.226312 0.007292 0.016512
0 0.259983 0.215355 0.007118 0.017747
0 0.259722 0.212963 0.007118 0.018210
0 0.259462 0.210802 0.007118 0.018210
0 0.259245 0.208642 0.007031 0.018210
0 0.259245 0.206481 0.007031 0.018210
0 0.258984 0.204321 0.007031 0.018210
0 0.258724 0.202083 0.007031 0.018364
0 0.258724 0.199846 0.007031 0.018210
0 0.258507 0.197685 0.007118 0.018210
0 0.258247 0.195525 0.007118 0.018210
0 0.258247 0.193364 0.007118 0.018210
0 0.258247 0.193364 0.007118 0.018210
0 0.258247 0.193364 0.007118 0.018210
0 0.258247 0.193364 0.007118 0.018210
0 0.258247 0.193364 0.007118 0.018210
0 0.258247 0.193364 0.007118 0.018210
0 0.258247 0.193364 0.007118 0.018210
0 0.258247 0.193364 0.007118 0.018210
0 0.258247 0.193364 0.007118 0.018210
0 0.258247 0.193364 0.007118 0.018210
0 0.258377 0.193827 0.007378 0.018210
