0 0.303906 0.212731 0.006076 0.019599
0 0.303906 0.212731 0.006076 0.019599
0 0.303906 0.212731 0.006076 0.019599
0 0.303906 0.212731 0.006076 0.019599
0 0.303993 0.212731 0.005903 0.019599
0 0.303993 0.212731 0.005903 0.019599
0 0.303993 0.212731 0.005903 0.019599
0 0.304123 0.212731 0.005642 0.019599
0 0.304123 0.212731 0.005642 0.019599
0 0.304123 0.212731 0.005642 0.019599
0 0.304253 0.212731 0.005382 0.019599
0 0.304253 0.212731 0.005382 0.019599
0 0.304253 0.212731 0.005382 0.019599
0 0.304253 0.212731 0.005382 0.019599
0 0.304253 0.212731 0.005382 0.019599
0 0.304514 0.212731 0.005382 0.019599
0 0.304514 0.212731 0.005382 0.019599
0 0.304514 0.212731 0.005382 0.019599
0 0.304514 0.212731 0.005382 0.019599
0 0.304514 0.212731 0.005382 0.019599
0 0.304774 0.212731 0.005382 0.019599
0 0.304514 0.208796 0.005382 0.019444
0 0.304514 0.204938 0.005382 0.019444
0 0.304514 0.201003 0.005382 0.019599
0 0.304514 0.197299 0.005382 0.018981
0 0.304514 0.193596 0.005382 0.019599
0 0.304514 0.189738 0.005382 0.019599
0 0.304514 0.186034 0.005382 0.018981
0 0.304514 0.182099 0.005382 0.019136
0 0.304514 0.178241 0.005382 0.019136
0 0.304514 0.174769 0.005382 0.018981
0 0.304514 0.173920 0.005382 0.019136
0 0.304644 0.172994 0.005642 0.019136
0 0.304861 0.172145 0.005556 0.018981
0 0.304861 0.171296 0.005556 0.019136
0 0.305078 0.170833 0.005642 0.019136
0 0.305208 0.169985 0.005903 0.018981
0 0.305208 0.169136 0.005903 0.019136
0 0.305469 0.168210 0.005903 0.019136
0 0.305599 0.167361 0.006163 0.018981
0 0.305816 0.166975 0.006076 0.019136
0 0.305816 0.166049 0.006076 0.019136
0 0.305946 0.165201 0.005816 0.018981
0 0.305946 0.164352 0.005816 0.019136
0 0.306207 0.163426 0.005816 0.019136
0 0.306337 0.162654 0.005556 0.019136
0 0.306337 0.161728 0.005556 0.019136
0 0.306554 0.160880 0.005642 0.018981
0 0.306554 0.160031 0.005642 0.019136
0 0.306684 0.159105 0.005382 0.019136
0 0.306944 0.158256 0.005382 0.018981
0 0.306944 0.158256 0.005382 0.018981
0 0.307205 0.158488 0.005382 0.019444
0 0.307292 0.158488 0.005556 0.019444
0 0.307552 0.158951 0.005556 0.019444
0 0.307769 0.158951 0.005642 0.019444
0 0.307899 0.159182 0.005903 0.019907
0 0.308160 0.159336 0.005903 0.019599
0 0.308247 0.159568 0.006076 0.020062
0 0.308507 0.159568 0.006076 0.020062
0 0.308767 0.159954 0.006076 0.019907
0 0.308767 0.158719 0.006076 0.019907
0 0.309028 0.157407 0.006076 0.020062
0 0.309245 0.156559 0.006163 0.019907
0 0.309505 0.155247 0.006163 0.020062
0 0.309722 0.154398 0.006076 0.019907
0 0.309983 0.153009 0.006076 0.019907
0 0.310243 0.151775 0.006076 0.019907
0 0.310503 0.150849 0.006076 0.019907
0 0.310720 0.149614 0.006163 0.019907
0 0.310937 0.148688 0.006076 0.019907
0 0.311198 0.147840 0.006076 0.020062
0 0.311458 0.146991 0.006076 0.019907
0 0.311719 0.146373 0.006076 0.019599
0 0.311936 0.145448 0.006163 0.019599
0 0.312153 0.145062 0.006076 0.019444
0 0.312413 0.144136 0.006076 0.019444
0 0.312674 0.143287 0.006076 0.019599
0 0.312934 0.142670 0.006076 0.018981
0 0.313151 0.141821 0.006163 0.019136
0 0.313628 0.141358 0.006076 0.019136
0 0.314149 0.135262 0.006076 0.018981
0 0.314627 0.129630 0.006163 0.019136
0 0.315365 0.123997 0.006076 0.018981
0 0.315842 0.118364 0.006163 0.019136
0 0.316580 0.112731 0.006076 0.018981
0 0.317057 0.107099 0.006163 0.019136
0 0.317535 0.101389 0.006076 0.019136
0 0.318273 0.095833 0.006163 0.019136
0 0.318750 0.090123 0.006076 0.019136
0 0.319531 0.084568 0.006076 0.019136
0 0.319661 0.083873 0.006337 0.019599
0 0.319835 0.083410 0.006337 0.019599
0 0.320095 0.083025 0.006337 0.019444
0 0.320486 0.082562 0.006597 0.019444
0 0.320747 0.082099 0.006597 0.019444
0 0.320964 0.081481 0.006510 0.020062
0 0.321311 0.081096 0.006858 0.019907
0 0.321571 0.080633 0.006858 0.019907
0 0.321832 0.080170 0.006858 0.019907
0 0.322179 0.079707 0.007031 0.019907
0 0.322439 0.079707 0.007031 0.019907
0 0.322656 0.079938 0.007118 0.020370
0 0.322917 0.080170 0.007118 0.020833
0 0.323394 0.080170 0.007031 0.020833
0 0.323655 0.080401 0.007031 0.021296
0 0.323915 0.080633 0.007031 0.021759
0 0.324392 0.080633 0.007118 0.021759
0 0.324609 0.080787 0.007031 0.022068
0 0.324870 0.081019 0.007031 0.022531
0 0.325347 0.081250 0.007118 0.022994
0 0.325608 0.081250 0.007118 0.022994
0 0.325868 0.081250 0.007118 0.022994
0 0.326345 0.081250 0.007031 0.022994
0 0.326562 0.081481 0.007118 0.022531
0 0.327083 0.081481 0.007118 0.022531
0 0.327300 0.081481 0.007031 0.022531
0 0.327561 0.081713 0.007031 0.022068
0 0.328038 0.081713 0.007118 0.022068
0 0.328299 0.081713 0.007118 0.022068
0 0.328776 0.081944 0.007031 0.021605
0 0.328776 0.081944 0.006510 0.021605
0 0.328863 0.082330 0.006337 0.021759
0 0.328993 0.082562 0.006076 0.022222
0 0.329253 0.083025 0.005556 0.022222
0 0.329384 0.083410 0.005295 0.022068
0 0.329384 0.083642 0.004948 0.022531
0 0.329644 0.084105 0.004427 0.022531
0 0.329774 0.084336 0.004167 0.022994
0 0.329905 0.084799 0.003906 0.022994
0 0.330122 0.085108 0.003472 0.022994
0 0.330122 0.085108 0.003472 0.022994
0 0.330122 0.085108 0.003472 0.022994
0 0.330122 0.085108 0.003472 0.022994
0 0.330122 0.085108 0.003472 0.022994
0 0.330122 0.085108 0.003472 0.022994
0 0.330122 0.085108 0.003472 0.022994
0 0.330122 0.085108 0.003472 0.022994
0 0.330122 0.085108 0.003472 0.022994
0 0.330122 0.085108 0.003472 0.022994
0 0.330122 0.085108 0.003472 0.022994
0 0.330122 0.085108 0.003472 0.022994
0 0.330122 0.085108 0.003472 0.022994
0 0.330122 0.085108 0.003472 0.022994
0 0.330122 0.085108 0.003472 0.022994
0 0.330122 0.085108 0.003472 0.022994
0 0.330122 0.085108 0.003472 0.022994
0 0.330122 0.085108 0.003472 0.022994
0 0.330122 0.085108 0.003472 0.022994
0 0.330122 0.085108 0.003472 0.022994
0 0.330122 0.085108 0.003472 0.022994
0 0.330122 0.085108 0.003472 0.022994
0 0.330122 0.085108 0.003472 0.022994
0 0.330122 0.085108 0.003472 0.022994
0 0.330122 0.085108 0.003472 0.022994
0 0.330122 0.085108 0.003472 0.022994
0 0.330122 0.085108 0.003472 0.022994
0 0.330122 0.085108 0.003472 0.022994
0 0.330122 0.085108 0.003472 0.022994
0 0.330122 0.085108 0.003472 0.022994
0 0.330122 0.085108 0.003472 0.022994
0 0.330122 0.085108 0.003472 0.022994
0 0.330122 0.085108 0.003472 0.022994
0 0.330122 0.085108 0.003472 0.022994
0 0.330122 0.085108 0.003472 0.022994
0 0.330122 0.085108 0.003472 0.022994
0 0.330122 0.085108 0.003472 0.022994
0 0.330122 0.085108 0.003472 0.022994
0 0.330122 0.085108 0.003472 0.022994
0 0.330122 0.085108 0.003472 0.022994
0 0.330122 0.085108 0.003472 0.022994
0 0.330122 0.085108 0.003472 0.022994
0 0.330122 0.085108 0.003472 0.022994
0 0.330122 0.085108 0.003472 0.022994
0 0.330122 0.085108 0.003472 0.022994
0 0.330122 0.085108 0.003472 0.022994
0 0.330122 0.085108 0.003472 0.022994
0 0.330122 0.085108 0.003472 0.022994
0 0.330122 0.085108 0.003472 0.022994
0 0.330122 0.085108 0.003472 0.022994
0 0.330122 0.085108 0.003472 0.022994
