0 0.000477 0.000849 0.000955 0.001698
0 0.000477 0.000849 0.000955 0.001698
0 0.000477 0.000849 0.000955 0.001698
0 0.000477 0.000849 0.000955 0.001698
0 0.000477 0.000849 0.000955 0.001698
0 0.000477 0.000849 0.000955 0.001698
0 0.000477 0.000849 0.000955 0.001698
0 0.000477 0.000849 0.000955 0.001698
0 0.000477 0.000849 0.000955 0.001698
0 0.000477 0.000849 0.000955 0.001698
0 0.000477 0.000849 0.000955 0.001698
0 0.000477 0.000849 0.000955 0.001698
0 0.000477 0.000849 0.000955 0.001698
0 0.000477 0.000849 0.000955 0.001698
0 0.000477 0.000849 0.000955 0.001698
0 0.000477 0.000849 0.000955 0.001698
0 0.000477 0.000849 0.000955 0.001698
0 0.000477 0.000849 0.000955 0.001698
0 0.000477 0.000849 0.000955 0.001698
0 0.000477 0.000849 0.000955 0.001698
0 0.000477 0.000849 0.000955 0.001698
0 0.000477 0.000849 0.000955 0.001698
0 0.000477 0.000849 0.000955 0.001698
0 0.000477 0.000849 0.000955 0.001698
0 0.000477 0.000849 0.000955 0.001698
0 0.000477 0.000849 0.000955 0.001698
0 0.000477 0.000849 0.000955 0.001698
0 0.000477 0.000849 0.000955 0.001698
0 0.000477 0.000849 0.000955 0.001698
0 0.000477 0.000849 0.000955 0.001698
0 0.000477 0.000849 0.000955 0.001698
0 0.000477 0.000849 0.000955 0.001698
0 0.000477 0.000849 0.000955 0.001698
0 0.000477 0.000849 0.000955 0.001698
0 0.000477 0.000849 0.000955 0.001698
0 0.000477 0.000849 0.000955 0.001698
0 0.000477 0.000849 0.000955 0.001698
0 0.000477 0.000849 0.000955 0.001698
0 0.000477 0.000849 0.000955 0.001698
0 0.000477 0.000849 0.000955 0.001698
0 0.000477 0.000849 0.000955 0.001698
0 0.000477 0.000849 0.000955 0.001698
0 0.000477 0.000849 0.000955 0.001698
0 0.000477 0.000849 0.000955 0.001698
0 0.000477 0.000849 0.000955 0.001698
0 0.000477 0.000849 0.000955 0.001698
0 0.000477 0.000849 0.000955 0.001698
0 0.000477 0.000849 0.000955 0.001698
0 0.000477 0.000849 0.000955 0.001698
0 0.000477 0.000849 0.000955 0.001698
0 0.000477 0.000849 0.000955 0.001698
0 0.000477 0.000849 0.000955 0.001698
0 0.000477 0.000849 0.000955 0.001698
0 0.000477 0.000849 0.000955 0.001698
0 0.000477 0.000849 0.000955 0.001698
0 0.000477 0.000849 0.000955 0.001698
0 0.000477 0.000849 0.000955 0.001698
0 0.000477 0.000849 0.000955 0.001698
0 0.000477 0.000849 0.000955 0.001698
0 0.000477 0.000849 0.000955 0.001698
0 0.000477 0.000849 0.000955 0.001698
0 0.000477 0.000849 0.000955 0.001698
0 0.000477 0.000849 0.000955 0.001698
0 0.000477 0.000849 0.000955 0.001698
0 0.000477 0.000849 0.000955 0.001698
0 0.000477 0.000849 0.000955 0.001698
0 0.000477 0.000849 0.000955 0.001698
0 0.000477 0.000849 0.000955 0.001698
0 0.000477 0.000849 0.000955 0.001698
0 0.000477 0.000849 0.000955 0.001698
0 0.000477 0.000849 0.000955 0.001698
0 0.000477 0.000849 0.000955 0.001698
0 0.000477 0.000849 0.000955 0.001698
0 0.000477 0.000849 0.000955 0.001698
0 0.000477 0.000849 0.000955 0.001698
0 0.000477 0.000849 0.000955 0.001698
0 0.000477 0.000849 0.000955 0.001698
0 0.000477 0.000849 0.000955 0.001698
0 0.000477 0.000849 0.000955 0.001698
0 0.000477 0.000849 0.000955 0.001698
0 0.000477 0.000849 0.000955 0.001698
0 0.000477 0.000849 0.000955 0.001698
0 0.000477 0.000849 0.000955 0.001698
0 0.000477 0.000849 0.000955 0.001698
0 0.000477 0.000849 0.000955 0.001698
0 0.000477 0.000849 0.000955 0.001698
0 0.000477 0.000849 0.000955 0.001698
0 0.000477 0.000849 0.000955 0.001698
0 0.000477 0.000849 0.000955 0.001698
0 0.000477 0.000849 0.000955 0.001698
0 0.000477 0.000849 0.000955 0.001698
0 0.000477 0.000849 0.000955 0.001698
0 0.000477 0.000849 0.000955 0.001698
0 0.000477 0.000849 0.000955 0.001698
0 0.000477 0.000849 0.000955 0.001698
0 0.000477 0.000849 0.000955 0.001698
0 0.000477 0.000849 0.000955 0.001698
0 0.000477 0.000849 0.000955 0.001698
0 0.000477 0.000849 0.000955 0.001698
0 0.000477 0.000849 0.000955 0.001698
0 0.000477 0.000849 0.000955 0.001698
0 0.013498 0.033102 0.001649 0.002932
0 0.026693 0.065664 0.002691 0.003858
0 0.039974 0.097994 0.003385 0.005247
0 0.053038 0.130478 0.004167 0.006019
0 0.066319 0.163040 0.004861 0.006944
0 0.079514 0.195370 0.005903 0.008333
0 0.092535 0.227855 0.006597 0.009105
0 0.105859 0.260185 0.007378 0.010494
0 0.119054 0.292747 0.008247 0.011420
0 0.132378 0.325231 0.009028 0.012191
0 0.132552 0.324460 0.009028 0.012191
0 0.132812 0.323534 0.009028 0.012191
0 0.133073 0.323071 0.009028 0.012191
0 0.133333 0.322299 0.009028 0.012191
0 0.133594 0.321836 0.009028 0.012191
0 0.133767 0.320910 0.009028 0.012191
0 0.134028 0.320062 0.009028 0.012037
0 0.134288 0.319676 0.009028 0.012191
0 0.134549 0.318750 0.009028 0.012191
0 0.134809 0.318364 0.009028 0.012037
0 0.134809 0.317052 0.009028 0.012191
0 0.134809 0.316127 0.009028 0.012191
0 0.134809 0.315355 0.009028 0.012191
0 0.134809 0.314429 0.009028 0.012191
0 0.134809 0.313580 0.009028 0.012037
0 0.134809 0.312731 0.009028 0.012191
0 0.134809 0.311806 0.009028 0.012191
0 0.134809 0.310957 0.009028 0.012037
0 0.134809 0.310108 0.009028 0.012191
0 0.134809 0.309182 0.009028 0.012191
0 0.134809 0.307948 0.009028 0.012191
0 0.134983 0.307022 0.009028 0.012191
0 0.135243 0.306250 0.009028 0.012191
0 0.135503 0.304861 0.009028 0.012191
0 0.135764 0.304012 0.009028 0.012037
0 0.135764 0.303164 0.009028 0.012191
0 0.136024 0.301852 0.009028 0.012037
0 0.136285 0.301003 0.009028 0.012191
0 0.136458 0.300077 0.009028 0.012191
0 0.136719 0.299306 0.009028 0.012191
0 0.136458 0.297917 0.009028 0.012191
0 0.136458 0.296682 0.009028 0.012191
0 0.136458 0.295370 0.009028 0.012037
0 0.136285 0.294059 0.009028 0.012191
0 0.136285 0.292747 0.009028 0.012037
0 0.136285 0.291435 0.009028 0.012191
0 0.136024 0.290201 0.009028 0.012191
0 0.136024 0.288812 0.009028 0.012191
0 0.136024 0.287577 0.009028 0.012191
0 0.136024 0.286651 0.009028 0.012191
0 0.135894 0.285417 0.008767 0.012191
0 0.135764 0.284259 0.008507 0.012654
0 0.135634 0.283025 0.008247 0.012654
0 0.135503 0.281944 0.007986 0.012963
0 0.135547 0.280787 0.007552 0.013426
0 0.135417 0.279552 0.007292 0.013426
0 0.135286 0.278395 0.007031 0.013889
0 0.135156 0.277160 0.006771 0.013889
0 0.135026 0.276003 0.006510 0.014352
0 0.135113 0.275231 0.006337 0.014352
0 0.134939 0.274306 0.006337 0.014352
0 0.134939 0.273457 0.006337 0.014198
0 0.134939 0.272608 0.006337 0.014352
0 0.134939 0.271682 0.006337 0.014352
0 0.134939 0.270833 0.006337 0.014198
0 0.134939 0.269985 0.006337 0.014352
0 0.134939 0.269059 0.006337 0.014352
0 0.134939 0.268287 0.006337 0.014352
0 0.134939 0.267361 0.006337 0.014352
0 0.134939 0.266898 0.006337 0.014352
0 0.134939 0.265664 0.006337 0.014352
0 0.134939 0.264275 0.006337 0.014352
0 0.134939 0.263040 0.006337 0.014352
0 0.134939 0.261728 0.006337 0.014198
0 0.134939 0.260417 0.006337 0.014352
0 0.134939 0.259182 0.006337 0.014352
0 0.134939 0.257793 0.006337 0.014352
0 0.134939 0.256559 0.006337 0.014352
0 0.134939 0.255170 0.006337 0.014352
0 0.134939 0.253935 0.006337 0.014352
