0 0.258984 0.054630 0.007552 0.022531
0 0.258290 0.054167 0.007552 0.022531
0 0.257769 0.054167 0.007552 0.022531
0 0.257248 0.054167 0.007552 0.022531
0 0.256814 0.053704 0.007552 0.022531
0 0.256293 0.053704 0.007552 0.022531
0 0.255599 0.053704 0.007552 0.022531
0 0.255078 0.053241 0.007552 0.022531
0 0.254557 0.053241 0.007552 0.022531
0 0.254123 0.053241 0.007552 0.022531
0 0.253602 0.053241 0.007552 0.022531
0 0.252908 0.052855 0.007552 0.022685
0 0.252387 0.052855 0.007552 0.022685
0 0.251910 0.052855 0.007639 0.022685
0 0.251432 0.052469 0.007552 0.022531
0 0.250911 0.052469 0.007552 0.022531
0 0.250477 0.052469 0.007552 0.022531
0 0.249957 0.052006 0.007552 0.022531
0 0.249436 0.052006 0.007552 0.022531
0 0.249002 0.052006 0.007552 0.022531
0 0.248481 0.052006 0.007552 0.022531
0 0.247786 0.051543 0.007552 0.022531
0 0.247266 0.051080 0.007552 0.022531
0 0.246571 0.051080 0.007552 0.022531
0 0.246050 0.050617 0.007552 0.022531
0 0.245356 0.050617 0.007552 0.022531
0 0.244835 0.050309 0.007552 0.022531
0 0.244097 0.049846 0.007639 0.022531
0 0.243620 0.049846 0.007552 0.022531
0 0.242882 0.049383 0.007639 0.022531
0 0.242405 0.049383 0.007552 0.022531
0 0.241623 0.048920 0.007552 0.022531
0 0.241189 0.048688 0.007552 0.022994
0 0.240538 0.048225 0.007292 0.022994
0 0.240061 0.048071 0.007378 0.023302
0 0.239453 0.047840 0.007031 0.023765
0 0.238976 0.047454 0.007118 0.023920
0 0.238368 0.047222 0.006771 0.024383
0 0.237891 0.046759 0.006858 0.024383
0 0.237240 0.046605 0.006597 0.024691
0 0.236806 0.046605 0.006597 0.024691
0 0.236024 0.046142 0.006597 0.024691
0 0.235460 0.046142 0.006858 0.024691
0 0.234679 0.045910 0.006858 0.024228
0 0.234115 0.045910 0.007118 0.024228
0 0.233464 0.045679 0.006858 0.023765
0 0.232856 0.045679 0.007031 0.023765
0 0.232161 0.045525 0.007031 0.023457
0 0.231510 0.045525 0.007292 0.023457
0 0.230816 0.045293 0.007292 0.022994
0 0.230295 0.045293 0.007292 0.022994
0 0.229601 0.044830 0.007292 0.022994
0 0.228993 0.044830 0.007118 0.022994
0 0.228472 0.044599 0.007118 0.022531
0 0.227734 0.044367 0.007031 0.022994
0 0.227257 0.044367 0.007118 0.022994
0 0.226649 0.044136 0.006771 0.022531
0 0.225911 0.043904 0.006858 0.022994
0 0.225434 0.043750 0.006771 0.022685
0 0.224826 0.043750 0.006597 0.022685
0 0.224306 0.043750 0.006597 0.022685
0 0.223611 0.043364 0.006597 0.022531
0 0.223090 0.043364 0.006597 0.022531
0 0.222396 0.043364 0.006597 0.022531
0 0.221875 0.043364 0.006597 0.022531
0 0.221181 0.043364 0.006597 0.022531
0 0.220660 0.042901 0.006597 0.022531
0 0.219965 0.042901 0.006597 0.022531
0 0.219444 0.042901 0.006597 0.022531
0 0.218750 0.042901 0.006597 0.022531
0 0.218229 0.042901 0.006597 0.022531
0 0.217622 0.042438 0.006771 0.022531
0 0.217144 0.042438 0.006858 0.022531
0 0.216753 0.041975 0.007118 0.022531
0 0.216276 0.041975 0.007031 0.022531
0 0.215929 0.041744 0.007378 0.022068
0 0.215451 0.041512 0.007292 0.022531
0 0.214931 0.041358 0.007292 0.022222
0 0.214540 0.041127 0.007552 0.022685
0 0.214106 0.040895 0.007552 0.022222
0 0.213715 0.040895 0.007812 0.022222
0 0.213325 0.040895 0.007552 0.022222
0 0.213108 0.040895 0.007639 0.022222
0 0.212760 0.040895 0.007292 0.022222
0 0.212500 0.040895 0.007292 0.022222
0 0.212240 0.040895 0.007292 0.022222
0 0.211892 0.040895 0.007118 0.022222
0 0.211632 0.040895 0.007118 0.022222
0 0.211285 0.040895 0.006771 0.022222
0 0.211024 0.040895 0.006771 0.022222
0 0.210807 0.041358 0.006858 0.022222
0 0.210286 0.040895 0.006858 0.022222
0 0.210069 0.040895 0.006771 0.022222
0 0.209809 0.040895 0.006771 0.022222
0 0.209592 0.040895 0.006858 0.022222
0 0.209332 0.040895 0.006858 0.022222
0 0.209071 0.040509 0.006858 0.022068
0 0.208811 0.040509 0.006858 0.022068
0 0.208594 0.040509 0.006771 0.022068
0 0.208377 0.040509 0.006858 0.022068
0 0.208116 0.040509 0.006858 0.022068
0 0.207856 0.040046 0.006858 0.022068
0 0.207595 0.040046 0.006858 0.022068
0 0.207378 0.040046 0.006771 0.022068
0 0.207161 0.040046 0.006858 0.022068
0 0.206901 0.040046 0.006858 0.022068
0 0.206641 0.039583 0.006858 0.022068
0 0.206380 0.039583 0.006858 0.022068
0 0.206163 0.039583 0.006771 0.022068
0 0.205903 0.039583 0.006771 0.022068
0 0.205686 0.039583 0.006858 0.022068
0 0.205165 0.039583 0.006858 0.022068
0 0.204905 0.039583 0.006858 0.022068
0 0.204687 0.039583 0.006771 0.022068
0 0.204210 0.039583 0.006858 0.022068
0 0.203950 0.039583 0.006858 0.022068
0 0.203689 0.039583 0.006858 0.022068
0 0.203255 0.039583 0.006858 0.022068
0 0.202995 0.039583 0.006858 0.022068
0 0.202734 0.039583 0.006858 0.022068
0 0.202474 0.039583 0.006858 0.022068
0 0.201997 0.039198 0.006771 0.022222
0 0.201780 0.039198 0.006858 0.022222
0 0.201389 0.039198 0.007118 0.022222
0 0.201172 0.038966 0.007031 0.021759
0 0.200781 0.038966 0.007292 0.021759
0 0.200521 0.038735 0.007292 0.022222
0 0.200174 0.038503 0.007639 0.021759
0 0.199957 0.038503 0.007552 0.021759
0 0.199566 0.038503 0.007812 0.021759
0 0.199306 0.038503 0.007812 0.021759
0 0.198958 0.038117 0.007639 0.021605
0 0.198741 0.038117 0.007552 0.021605
0 0.198351 0.038117 0.007292 0.021605
0 0.198220 0.037886 0.007031 0.021142
0 0.197960 0.037886 0.007031 0.021142
0 0.197613 0.037654 0.006858 0.021605
0 0.197483 0.037500 0.006597 0.021296
0 0.197092 0.037500 0.006337 0.021296
0 0.196918 0.037500 0.006337 0.021296
0 0.196788 0.037500 0.006076 0.021296
0 0.196528 0.037500 0.006076 0.021296
0 0.196398 0.037500 0.006337 0.021296
0 0.196137 0.037500 0.006337 0.021296
0 0.196007 0.037500 0.006597 0.021296
0 0.195877 0.037654 0.006858 0.021605
0 0.195660 0.037654 0.006771 0.021605
0 0.195530 0.037654 0.007031 0.021605
0 0.195312 0.037654 0.007118 0.021605
0 0.195182 0.037654 0.007378 0.021605
0 0.195182 0.037886 0.007378 0.022068
0 0.195182 0.037423 0.007378 0.022068
0 0.195182 0.037423 0.007378 0.022068
0 0.195182 0.037423 0.007378 0.022068
0 0.195182 0.037423 0.007378 0.022068
0 0.195182 0.037423 0.007378 0.022068
0 0.195182 0.037269 0.007378 0.021759
0 0.195182 0.037269 0.007378 0.021759
0 0.195182 0.037269 0.007378 0.021759
0 0.195182 0.037269 0.007378 0.021759
0 0.195182 0.037269 0.007378 0.021759
0 0.195052 0.037269 0.007118 0.021759
0 0.195052 0.037423 0.007118 0.022068
0 0.195052 0.037654 0.007118 0.021605
0 0.195052 0.037886 0.007118 0.022068
0 0.195052 0.038349 0.007118 0.022068
0 0.195052 0.038349 0.007118 0.022068
0 0.195052 0.038580 0.007118 0.022531
0 0.195052 0.038735 0.007118 0.022222
0 0.195052 0.038966 0.007118 0.022685
0 0.195052 0.039352 0.007118 0.022531
0 0.194922 0.038966 0.006858 0.022685
0 0.194922 0.038966 0.006858 0.022685
0 0.194922 0.038966 0.006858 0.022685
0 0.194792 0.038735 0.006597 0.022222
0 0.194792 0.038735 0.006597 0.022222
0 0.194792 0.038580 0.006597 0.022531
0 0.194792 0.038580 0.006597 0.022531
0 0.194661 0.038349 0.006337 0.022068
0 0.194661 0.038349 0.006337 0.022068
0 0.194661 0.038349 0.006337 0.022068
