0 0.309115 0.236960 0.010764 0.028241
0 0.308420 0.237191 0.010764 0.027778
0 0.307899 0.237423 0.010764 0.027315
0 0.307205 0.237654 0.010764 0.026852
0 0.306684 0.238117 0.010764 0.026852
0 0.306076 0.238503 0.010417 0.026080
0 0.305469 0.238735 0.010764 0.025617
0 0.304861 0.239198 0.010417 0.025617
0 0.304253 0.239429 0.010764 0.025154
0 0.303646 0.239660 0.010417 0.024691
0 0.303168 0.240278 0.010503 0.024383
0 0.302387 0.240664 0.010503 0.024228
0 0.301823 0.241590 0.010243 0.024228
0 0.301042 0.241975 0.010243 0.024383
0 0.300477 0.242824 0.009983 0.024228
0 0.299870 0.243519 0.009809 0.024691
0 0.299132 0.244136 0.009722 0.024383
0 0.298524 0.244753 0.009549 0.024691
0 0.297786 0.245448 0.009462 0.024228
0 0.297179 0.246142 0.009288 0.024691
0 0.296528 0.246991 0.009028 0.024846
0 0.295833 0.247608 0.009028 0.025154
0 0.295139 0.248302 0.009028 0.025617
0 0.294358 0.248920 0.009028 0.025926
0 0.293663 0.249769 0.009028 0.026080
0 0.293012 0.250617 0.009288 0.026852
0 0.292318 0.251312 0.009288 0.027315
0 0.291536 0.252238 0.009288 0.027315
0 0.290842 0.252778 0.009288 0.027778
0 0.290104 0.253472 0.009201 0.028241
0 0.289627 0.254552 0.009288 0.028549
0 0.288845 0.255015 0.009288 0.028549
0 0.288281 0.255633 0.009549 0.028241
0 0.287543 0.256327 0.009462 0.027778
0 0.287066 0.256790 0.009549 0.027778
0 0.286328 0.257330 0.009462 0.027315
0 0.285720 0.258025 0.009809 0.026852
0 0.285069 0.258488 0.009549 0.026852
0 0.284462 0.259105 0.009722 0.026543
0 0.283767 0.259799 0.009722 0.026080
0 0.283247 0.260648 0.009722 0.025926
0 0.282292 0.258256 0.009722 0.026389
0 0.281337 0.256096 0.009722 0.026389
0 0.280339 0.253935 0.009809 0.026389
0 0.279470 0.251775 0.009462 0.026389
0 0.278646 0.249614 0.009722 0.026389
0 0.277648 0.247454 0.009809 0.026389
0 0.276823 0.245216 0.009549 0.026543
0 0.275825 0.243056 0.009462 0.026543
0 0.274826 0.240895 0.009549 0.026543
0 0.274132 0.238735 0.009549 0.026543
0 0.273134 0.239198 0.009462 0.026543
0 0.272396 0.239583 0.009549 0.026389
0 0.271441 0.240046 0.009549 0.026389
0 0.270703 0.240509 0.009462 0.026389
0 0.269705 0.240895 0.009549 0.026543
0 0.269010 0.241358 0.009549 0.026543
0 0.268012 0.241744 0.009462 0.026389
0 0.267274 0.242207 0.009549 0.026389
0 0.266319 0.242670 0.009549 0.026389
0 0.265582 0.243519 0.009462 0.026543
0 0.264714 0.244136 0.009288 0.026852
0 0.264019 0.244830 0.009288 0.027315
0 0.263238 0.245679 0.009288 0.027469
0 0.262543 0.246296 0.009288 0.027778
0 0.261762 0.247222 0.009288 0.027778
0 0.261068 0.247840 0.009288 0.028086
0 0.260330 0.248534 0.009201 0.028549
0 0.259592 0.249383 0.009288 0.028704
0 0.258898 0.250000 0.009288 0.029012
0 0.258116 0.251157 0.009288 0.029475
0 0.256901 0.246142 0.009288 0.029012
0 0.255816 0.241358 0.009549 0.029012
0 0.254731 0.236574 0.009809 0.029012
0 0.253602 0.231790 0.009983 0.029012
0 0.252648 0.227006 0.009983 0.029012
0 0.251562 0.222222 0.010243 0.029012
0 0.250477 0.217438 0.010503 0.029012
0 0.249349 0.212731 0.010677 0.029167
0 0.248264 0.207948 0.010937 0.029167
0 0.247266 0.203164 0.011024 0.029167
0 0.246181 0.203549 0.010764 0.029012
0 0.245356 0.204475 0.010503 0.029012
0 0.244314 0.205093 0.010503 0.028704
0 0.243490 0.206019 0.010243 0.028704
0 0.242535 0.206636 0.010243 0.028086
0 0.241667 0.207253 0.010069 0.028704
0 0.240668 0.207948 0.009983 0.028241
0 0.239844 0.208796 0.009722 0.028086
0 0.238845 0.209414 0.009809 0.027778
0 0.238021 0.210340 0.009549 0.027778
0 0.237023 0.211188 0.009462 0.027623
0 0.236024 0.212037 0.009549 0.027778
0 0.235069 0.213194 0.009549 0.028241
0 0.234245 0.213966 0.009288 0.028241
0 0.233377 0.215355 0.009462 0.028241
0 0.232378 0.216127 0.009549 0.028241
0 0.231554 0.217052 0.009288 0.028241
0 0.230556 0.218133 0.009201 0.028549
0 0.229557 0.218981 0.009288 0.028704
0 0.228863 0.220293 0.009288 0.028549
0 0.227908 0.220525 0.009288 0.028086
0 0.226866 0.221142 0.009288 0.027778
0 0.225911 0.221605 0.009288 0.027778
0 0.225087 0.222299 0.009028 0.027315
0 0.224219 0.222917 0.009201 0.027006
0 0.223220 0.223302 0.009288 0.026852
0 0.222396 0.223997 0.009028 0.026389
0 0.221441 0.224460 0.009028 0.026389
0 0.220399 0.225077 0.009028 0.026080
0 0.219705 0.225772 0.009028 0.025617
0 0.218750 0.226543 0.009028 0.025617
0 0.217708 0.227701 0.009028 0.026080
0 0.216753 0.228781 0.009028 0.026389
0 0.215929 0.229630 0.009288 0.026543
0 0.215104 0.230710 0.009028 0.026852
0 0.214062 0.231790 0.009028 0.027469
0 0.213238 0.232639 0.009288 0.027315
0 0.212283 0.233796 0.009288 0.027778
0 0.211285 0.234799 0.009201 0.028241
0 0.210547 0.236188 0.009288 0.028241
0 0.209679 0.236960 0.009462 0.028241
0 0.208941 0.237886 0.009549 0.028241
0 0.208247 0.238735 0.009549 0.028086
0 0.207509 0.239815 0.009462 0.028704
0 0.206901 0.240895 0.009809 0.028086
0 0.206033 0.241744 0.009983 0.028241
0 0.205295 0.242824 0.010069 0.028549
0 0.204557 0.243750 0.009983 0.028549
0 0.203863 0.244599 0.009983 0.028704
0 0.203212 0.245910 0.010243 0.028549
0 0.202648 0.246759 0.010503 0.028704
0 0.202127 0.247608 0.010503 0.028549
0 0.201606 0.248688 0.010503 0.028241
0 0.201172 0.249769 0.010503 0.028549
0 0.200651 0.250849 0.010503 0.028241
0 0.200174 0.251775 0.010417 0.028241
0 0.199696 0.252855 0.010503 0.028549
0 0.199175 0.253935 0.010503 0.028241
0 0.198741 0.254784 0.010503 0.028086
0 0.198351 0.256096 0.010764 0.028241
0 0.197960 0.256944 0.011024 0.028086
0 0.197743 0.258256 0.010937 0.028241
0 0.197352 0.259568 0.011198 0.028086
0 0.197135 0.260417 0.011285 0.028241
0 0.196788 0.261728 0.011458 0.028086
0 0.196528 0.263040 0.011458 0.028241
0 0.196137 0.263889 0.011719 0.028086
0 0.195877 0.265201 0.011719 0.028241
0 0.195530 0.266512 0.011892 0.028086
0 0.195312 0.267824 0.011979 0.028241
0 0.194792 0.268519 0.011979 0.027778
0 0.194314 0.269290 0.011892 0.027778
0 0.193837 0.270216 0.011979 0.026852
0 0.193446 0.271065 0.011719 0.027006
0 0.193012 0.272145 0.011719 0.026389
0 0.192491 0.272762 0.011719 0.026080
0 0.192101 0.273688 0.011458 0.026080
0 0.191667 0.274460 0.011458 0.025154
0 0.191146 0.275386 0.011458 0.025154
0 0.190885 0.276466 0.011458 0.024846
0 0.190191 0.277778 0.011458 0.025617
0 0.189670 0.279321 0.011458 0.025926
0 0.189106 0.280787 0.011719 0.026389
0 0.188455 0.282176 0.011458 0.027315
0 0.187891 0.283873 0.011719 0.028241
0 0.187370 0.285340 0.011719 0.028704
0 0.186632 0.286651 0.011632 0.029475
0 0.186155 0.288194 0.011719 0.029784
0 0.185503 0.289738 0.011979 0.030401
0 0.185069 0.291435 0.011979 0.031327
0 0.184418 0.291667 0.011719 0.030864
0 0.183854 0.292361 0.011458 0.030401
0 0.183333 0.292747 0.011458 0.029630
0 0.182726 0.293133 0.011285 0.029475
0 0.182118 0.293596 0.010937 0.028549
0 0.181641 0.294213 0.011024 0.028241
0 0.181033 0.294676 0.010677 0.027315
0 0.180425 0.295139 0.010503 0.027315
0 0.179905 0.295602 0.010503 0.026389
0 0.179340 0.296219 0.010243 0.026080
