0 0.084635 0.094059 0.005382 0.018364
0 0.084635 0.093673 0.005382 0.018210
0 0.084896 0.093673 0.005382 0.018210
0 0.085156 0.093210 0.005382 0.018210
0 0.085330 0.093210 0.005382 0.018210
0 0.085590 0.093210 0.005382 0.018210
0 0.085851 0.092747 0.005382 0.018210
0 0.086111 0.092747 0.005382 0.018210
0 0.086372 0.092284 0.005382 0.018210
0 0.086589 0.092284 0.005295 0.018210
0 0.086806 0.092284 0.005382 0.018210
0 0.087326 0.091821 0.005382 0.018210
0 0.087804 0.091821 0.005295 0.018210
0 0.088542 0.091512 0.005382 0.018210
0 0.089019 0.091512 0.005295 0.018210
0 0.089757 0.091049 0.005382 0.018210
0 0.090278 0.091049 0.005382 0.018210
0 0.090712 0.090586 0.005382 0.018210
0 0.091493 0.090586 0.005382 0.018210
0 0.091927 0.090123 0.005382 0.018210
0 0.092708 0.090123 0.005382 0.018210
0 0.093142 0.089660 0.005382 0.018210
0 0.093924 0.089352 0.005382 0.018210
0 0.094618 0.088889 0.005382 0.018210
0 0.095399 0.088426 0.005382 0.018210
0 0.096094 0.087963 0.005382 0.018210
0 0.096701 0.087500 0.005556 0.018210
0 0.097439 0.087191 0.005642 0.018210
0 0.098177 0.086728 0.005556 0.018210
0 0.098915 0.086265 0.005642 0.018210
0 0.099653 0.085802 0.005556 0.018210
0 0.100130 0.085340 0.005642 0.018210
0 0.100868 0.084954 0.005556 0.018364
0 0.101606 0.084568 0.005642 0.018210
0 0.102300 0.084105 0.005642 0.018210
0 0.103082 0.084105 0.005642 0.018210
0 0.103516 0.083642 0.005642 0.018210
0 0.104297 0.083179 0.005642 0.018210
0 0.104991 0.082716 0.005642 0.018210
0 0.105729 0.082407 0.005556 0.018210
0 0.106467 0.082407 0.005642 0.018210
0 0.106988 0.081944 0.005642 0.018210
0 0.107422 0.081944 0.005642 0.018210
0 0.107943 0.081481 0.005642 0.018210
0 0.108420 0.081481 0.005556 0.018210
0 0.109158 0.081019 0.005642 0.018210
0 0.109635 0.081019 0.005556 0.018210
0 0.110113 0.080556 0.005642 0.018210
0 0.110634 0.080556 0.005642 0.018210
0 0.111111 0.080247 0.005556 0.018210
0 0.111849 0.080247 0.005642 0.018210
0 0.112326 0.079784 0.005556 0.018210
0 0.112804 0.079321 0.005642 0.018210
0 0.113325 0.079321 0.005642 0.018210
0 0.114019 0.078858 0.005642 0.018210
0 0.114540 0.078858 0.005642 0.018210
0 0.115017 0.078395 0.005556 0.018210
0 0.115755 0.078009 0.005642 0.018364
0 0.116233 0.078009 0.005556 0.018364
0 0.116710 0.077623 0.005642 0.018210
0 0.117448 0.077623 0.005556 0.018210
0 0.117708 0.077160 0.005556 0.018210
0 0.117925 0.076698 0.005642 0.018210
0 0.118186 0.076466 0.005642 0.017747
0 0.118663 0.076235 0.005556 0.018210
0 0.118924 0.076003 0.005556 0.017747
0 0.119141 0.075617 0.005642 0.017901
0 0.119661 0.075463 0.005642 0.018210
0 0.119878 0.075231 0.005556 0.017747
0 0.120139 0.074769 0.005556 0.017747
0 0.120616 0.074769 0.005642 0.017747
0 0.118924 0.074769 0.005556 0.017747
0 0.117448 0.074769 0.005556 0.017747
0 0.115755 0.074769 0.005642 0.017747
0 0.114280 0.075231 0.005642 0.017747
0 0.112587 0.075231 0.005556 0.017747
0 0.111111 0.075231 0.005556 0.017747
0 0.109418 0.075617 0.005642 0.017901
0 0.107943 0.075617 0.005642 0.017901
0 0.106207 0.075617 0.005642 0.017901
0 0.104774 0.076003 0.005556 0.017747
0 0.103516 0.076003 0.005642 0.017747
0 0.102300 0.076003 0.005642 0.017747
0 0.101345 0.076003 0.005642 0.017747
0 0.100130 0.076003 0.005642 0.017747
0 0.099175 0.076003 0.005642 0.017747
0 0.097917 0.076003 0.005556 0.017747
0 0.096701 0.076003 0.005556 0.017747
0 0.095747 0.076003 0.005556 0.017747
0 0.094488 0.076003 0.005642 0.017747
0 0.093533 0.076466 0.005642 0.017747
0 0.093056 0.076003 0.005556 0.017747
0 0.092578 0.076003 0.005642 0.017747
0 0.092057 0.076003 0.005642 0.017747
0 0.091580 0.076003 0.005556 0.017747
0 0.091102 0.076003 0.005642 0.017747
0 0.090625 0.075617 0.005556 0.017901
0 0.090148 0.075617 0.005642 0.017901
0 0.089627 0.075617 0.005642 0.017901
0 0.089149 0.075617 0.005556 0.017901
0 0.088672 0.075617 0.005642 0.017901
0 0.087934 0.075231 0.005556 0.017747
0 0.087196 0.075231 0.005642 0.017747
0 0.086458 0.075231 0.005556 0.017747
0 0.085851 0.075231 0.005382 0.017747
0 0.085243 0.075231 0.005556 0.017747
0 0.084505 0.075000 0.005642 0.018210
0 0.083898 0.075000 0.005295 0.018210
0 0.083160 0.075000 0.005382 0.018210
0 0.082465 0.075000 0.005382 0.018210
0 0.081944 0.075000 0.005382 0.018210
0 0.081250 0.075000 0.005382 0.018210
0 0.080469 0.075000 0.005382 0.018210
0 0.079861 0.075000 0.005556 0.018210
0 0.079253 0.075000 0.005382 0.018210
0 0.078646 0.075000 0.005556 0.018210
0 0.077908 0.075000 0.005642 0.018210
0 0.077344 0.075000 0.005382 0.018210
0 0.076693 0.075000 0.005642 0.018210
0 0.075955 0.075000 0.005556 0.018210
0 0.075477 0.075000 0.005642 0.018210
0 0.075477 0.074537 0.005642 0.018210
0 0.075477 0.074074 0.005642 0.018210
0 0.075477 0.073611 0.005642 0.018210
0 0.075477 0.073611 0.005642 0.018210
0 0.075477 0.073302 0.005642 0.018210
0 0.075477 0.072840 0.005642 0.018210
0 0.075477 0.072840 0.005642 0.018210
0 0.075477 0.072377 0.005642 0.018210
0 0.075477 0.071914 0.005642 0.018210
0 0.075477 0.071914 0.005642 0.018210
0 0.075608 0.071451 0.005382 0.018210
0 0.075868 0.071065 0.005382 0.018364
0 0.076085 0.070679 0.005295 0.018210
0 0.076302 0.070216 0.005382 0.018210
0 0.076562 0.069753 0.005382 0.018210
0 0.076823 0.069290 0.005382 0.018210
0 0.077083 0.068904 0.005382 0.018364
0 0.077344 0.068519 0.005382 0.018210
0 0.077561 0.068056 0.005295 0.018210
0 0.077778 0.068056 0.005382 0.018210
0 0.078038 0.067593 0.005382 0.018210
0 0.078299 0.067130 0.005382 0.018210
0 0.078559 0.066667 0.005382 0.018210
0 0.078776 0.066667 0.005295 0.018210
0 0.079253 0.066358 0.005382 0.018210
0 0.079514 0.065895 0.005382 0.018210
0 0.079774 0.065895 0.005382 0.018210
0 0.079991 0.065432 0.005295 0.018210
0 0.080208 0.064969 0.005382 0.018210
0 0.080729 0.064969 0.005382 0.018210
0 0.080990 0.064506 0.005382 0.018210
0 0.081250 0.064506 0.005382 0.018210
0 0.081424 0.064198 0.005382 0.018210
0 0.081944 0.064198 0.005382 0.018210
0 0.082205 0.063966 0.005382 0.017747
0 0.082465 0.063735 0.005382 0.018210
0 0.082899 0.063503 0.005382 0.017747
0 0.083160 0.063272 0.005382 0.018210
0 0.083420 0.063040 0.005382 0.017747
0 0.083898 0.063040 0.005295 0.017747
0 0.083898 0.062423 0.005295 0.017438
0 0.084115 0.061960 0.005382 0.017438
0 0.084115 0.061497 0.005382 0.017438
0 0.084375 0.061111 0.005382 0.017284
0 0.084635 0.060648 0.005382 0.017284
0 0.084635 0.060185 0.005382 0.017284
0 0.084896 0.059799 0.005382 0.017438
0 0.084896 0.059336 0.005382 0.017438
0 0.085156 0.058951 0.005382 0.017284
0 0.085330 0.058719 0.005382 0.016821
0 0.085590 0.056559 0.005382 0.016821
0 0.085851 0.054784 0.005382 0.016975
0 0.086111 0.052623 0.005382 0.016975
0 0.086502 0.050926 0.005122 0.016975
0 0.086675 0.048997 0.005122 0.016512
0 0.086936 0.046991 0.005122 0.016821
0 0.087326 0.044985 0.004861 0.016512
0 0.087587 0.043056 0.004861 0.016975
0 0.087804 0.041127 0.004948 0.016512
0 0.088151 0.039429 0.004601 0.016512
