0 0.202387 0.253704 0.009462 0.021605
0 0.202387 0.253704 0.009462 0.021605
0 0.202604 0.253704 0.009549 0.021605
0 0.202604 0.253704 0.009549 0.021605
0 0.202865 0.253704 0.009549 0.021605
0 0.203125 0.253704 0.009549 0.021605
0 0.203125 0.253704 0.009549 0.021605
0 0.203342 0.253704 0.009462 0.021605
0 0.203342 0.253704 0.009462 0.021605
0 0.203602 0.253704 0.009462 0.021605
0 0.203819 0.253704 0.009549 0.021605
0 0.203689 0.253472 0.009288 0.021142
0 0.203559 0.253472 0.009028 0.021142
0 0.203472 0.253472 0.008854 0.021142
0 0.203342 0.253472 0.008594 0.021142
0 0.203342 0.253472 0.008594 0.021142
0 0.203212 0.253472 0.008333 0.021142
0 0.203082 0.253472 0.008073 0.021142
0 0.202951 0.253472 0.007812 0.021142
0 0.202865 0.253472 0.007639 0.021142
0 0.202865 0.253472 0.007639 0.021142
0 0.202648 0.253472 0.007552 0.021142
0 0.202648 0.253472 0.007552 0.021142
0 0.202648 0.253472 0.007552 0.021142
0 0.202648 0.253472 0.007552 0.021142
0 0.202648 0.253472 0.007552 0.021142
0 0.202387 0.253472 0.007552 0.021142
0 0.202387 0.253472 0.007552 0.021142
0 0.202387 0.253472 0.007552 0.021142
0 0.202387 0.253472 0.007552 0.021142
0 0.202387 0.253472 0.007552 0.021142
0 0.202387 0.253472 0.007552 0.021142
0 0.202387 0.253472 0.007552 0.021142
0 0.202387 0.253472 0.007552 0.021142
0 0.202387 0.253472 0.007552 0.021142
0 0.202387 0.253472 0.007552 0.021142
0 0.202387 0.253472 0.007552 0.021142
0 0.202387 0.253472 0.007552 0.021142
0 0.202387 0.253472 0.007552 0.021142
0 0.202387 0.253472 0.007552 0.021142
0 0.202387 0.253472 0.007552 0.021142
0 0.202127 0.253086 0.007552 0.021296
0 0.201866 0.253086 0.007552 0.021296
0 0.201606 0.253086 0.007552 0.021296
0 0.201606 0.253086 0.007552 0.021296
0 0.201432 0.253086 0.007552 0.021296
0 0.201172 0.252623 0.007552 0.021296
0 0.201172 0.252623 0.007552 0.021296
0 0.200911 0.252623 0.007552 0.021296
0 0.200651 0.252623 0.007552 0.021296
0 0.200651 0.252623 0.007552 0.021296
0 0.200651 0.252623 0.007552 0.021296
0 0.200651 0.252623 0.007552 0.021296
0 0.200651 0.253086 0.007552 0.021296
0 0.200651 0.253086 0.007552 0.021296
0 0.200651 0.253472 0.007552 0.021142
0 0.200651 0.253472 0.007552 0.021142
0 0.200651 0.253472 0.007552 0.021142
0 0.200651 0.253935 0.007552 0.021142
0 0.200651 0.253935 0.007552 0.021142
0 0.200911 0.254321 0.007552 0.021296
0 0.200911 0.254321 0.007552 0.021296
0 0.200911 0.254321 0.007552 0.021296
0 0.200911 0.254321 0.007552 0.021296
0 0.200911 0.254321 0.007552 0.021296
0 0.200911 0.254321 0.007552 0.021296
0 0.200911 0.254321 0.007552 0.021296
0 0.200911 0.254321 0.007552 0.021296
0 0.200911 0.254321 0.007552 0.021296
0 0.200911 0.254321 0.007552 0.021296
0 0.200911 0.254321 0.007552 0.021296
0 0.200391 0.254321 0.007552 0.021296
0 0.200174 0.254321 0.007639 0.021296
0 0.199957 0.254321 0.007552 0.021296
0 0.199696 0.254321 0.007552 0.021296
0 0.199436 0.254784 0.007552 0.021296
0 0.199175 0.254784 0.007552 0.021296
0 0.198958 0.254784 0.007639 0.021296
0 0.198741 0.254784 0.007552 0.021296
0 0.198481 0.254784 0.007552 0.021296
0 0.198220 0.255247 0.007552 0.021296
0 0.197700 0.255247 0.007552 0.021296
0 0.197526 0.255247 0.007552 0.021296
0 0.197005 0.255247 0.007552 0.021296
0 0.196745 0.255247 0.007552 0.021296
0 0.196484 0.255247 0.007552 0.021296
0 0.196050 0.255247 0.007552 0.021296
0 0.195790 0.255247 0.007552 0.021296
0 0.195269 0.255247 0.007552 0.021296
0 0.195052 0.255247 0.007639 0.021296
0 0.194835 0.255247 0.007552 0.021296
0 0.194575 0.254784 0.007552 0.021296
0 0.194314 0.254784 0.007552 0.021296
0 0.194054 0.254321 0.007552 0.021296
0 0.194054 0.254321 0.007552 0.021296
0 0.193837 0.253935 0.007639 0.021142
0 0.193620 0.253935 0.007552 0.021142
0 0.193620 0.253472 0.007552 0.021142
0 0.193359 0.253472 0.007552 0.021142
0 0.193099 0.253086 0.007552 0.021296
0 0.193099 0.253086 0.007552 0.021296
0 0.192839 0.252623 0.007552 0.021296
0 0.192839 0.252623 0.007552 0.021296
0 0.192578 0.252160 0.007552 0.021296
0 0.192578 0.252160 0.007552 0.021296
0 0.192405 0.252160 0.007552 0.021296
0 0.192405 0.251698 0.007552 0.021296
0 0.192144 0.251698 0.007552 0.021296
0 0.192144 0.251312 0.007552 0.021142
0 0.191884 0.251312 0.007552 0.021142
0 0.191884 0.251312 0.007552 0.021142
0 0.191884 0.251312 0.007552 0.021142
0 0.191884 0.251312 0.007552 0.021142
0 0.191884 0.251312 0.007552 0.021142
0 0.191884 0.251312 0.007552 0.021142
0 0.191884 0.251312 0.007552 0.021142
0 0.191884 0.251312 0.007552 0.021142
0 0.191884 0.251312 0.007552 0.021142
0 0.191884 0.251312 0.007552 0.021142
0 0.191884 0.251312 0.007552 0.021142
0 0.191884 0.251312 0.007552 0.021142
0 0.191623 0.250926 0.007552 0.021296
0 0.191623 0.250926 0.007552 0.021296
0 0.191363 0.250926 0.007552 0.021296
0 0.191363 0.250926 0.007552 0.021296
0 0.191146 0.250926 0.007639 0.021296
0 0.191146 0.250463 0.007639 0.021296
0 0.190929 0.250463 0.007552 0.021296
0 0.190929 0.250463 0.007552 0.021296
0 0.190668 0.250463 0.007552 0.021296
0 0.190668 0.250463 0.007552 0.021296
0 0.190668 0.250000 0.007552 0.021296
0 0.190668 0.250000 0.007552 0.021296
0 0.190668 0.250000 0.007552 0.021296
0 0.190668 0.249537 0.007552 0.021296
0 0.190929 0.249537 0.007552 0.021296
0 0.190929 0.249537 0.007552 0.021296
0 0.190929 0.249151 0.007552 0.021142
0 0.190929 0.249151 0.007552 0.021142
0 0.190929 0.249151 0.007552 0.021142
0 0.191146 0.249151 0.007639 0.021142
0 0.191146 0.248765 0.007639 0.021296
0 0.191146 0.248765 0.007639 0.021296
0 0.191146 0.248765 0.007639 0.021296
0 0.191146 0.248302 0.007639 0.021296
0 0.191363 0.248302 0.007552 0.021296
0 0.191363 0.248302 0.007552 0.021296
0 0.191363 0.247840 0.007552 0.021296
0 0.191363 0.247840 0.007552 0.021296
0 0.191363 0.247840 0.007552 0.021296
0 0.191623 0.247840 0.007552 0.021296
0 0.191623 0.247377 0.007552 0.021296
0 0.191623 0.247377 0.007552 0.021296
0 0.191623 0.247377 0.007552 0.021296
0 0.191623 0.246991 0.007552 0.021142
0 0.191623 0.246991 0.007552 0.021142
0 0.191623 0.246991 0.007552 0.021142
0 0.191623 0.246528 0.007552 0.021142
0 0.191623 0.246528 0.007552 0.021142
0 0.191623 0.246528 0.007552 0.021142
0 0.191884 0.246528 0.007552 0.021142
0 0.191884 0.246528 0.007552 0.021142
0 0.191884 0.246528 0.007552 0.021142
0 0.191884 0.246528 0.007552 0.021142
0 0.191884 0.246528 0.007552 0.021142
0 0.191884 0.246528 0.007552 0.021142
0 0.191884 0.246528 0.007552 0.021142
0 0.191884 0.246528 0.007552 0.021142
0 0.191884 0.246528 0.007552 0.021142
0 0.191884 0.246528 0.007552 0.021142
0 0.191884 0.246528 0.007552 0.021142
0 0.191623 0.246142 0.007552 0.021296
0 0.191623 0.246142 0.007552 0.021296
0 0.191363 0.246142 0.007552 0.021296
0 0.191363 0.245679 0.007552 0.021296
0 0.191146 0.245679 0.007639 0.021296
0 0.191146 0.245679 0.007639 0.021296
0 0.190929 0.245679 0.007552 0.021296
0 0.190929 0.245216 0.007552 0.021296
0 0.190668 0.245216 0.007552 0.021296
0 0.190668 0.245216 0.007552 0.021296
