0 0.233941 0.057870 0.002431 0.005556
0 0.235417 0.058256 0.002431 0.005710
0 0.236892 0.059105 0.002431 0.005556
0 0.238368 0.060031 0.002431 0.005556
0 0.239844 0.060880 0.002431 0.005710
0 0.241536 0.061728 0.002517 0.005556
0 0.242969 0.062191 0.002431 0.005556
0 0.244444 0.063040 0.002431 0.005710
0 0.245920 0.063889 0.002431 0.005556
0 0.247396 0.064738 0.002431 0.005710
0 0.249132 0.065664 0.002431 0.005710
0 0.251823 0.066975 0.002431 0.005556
0 0.254470 0.068287 0.002517 0.005710
0 0.257118 0.069522 0.002431 0.005710
0 0.259809 0.070833 0.002431 0.005556
0 0.262500 0.072145 0.002431 0.005710
0 0.265191 0.073457 0.002431 0.005556
0 0.267882 0.074769 0.002431 0.005710
0 0.270573 0.076080 0.002431 0.005556
0 0.273264 0.077392 0.002431 0.005710
0 0.276215 0.078627 0.002431 0.005710
0 0.277431 0.079090 0.002431 0.005710
0 0.278646 0.079938 0.002431 0.005556
0 0.279861 0.080864 0.002431 0.005556
0 0.281076 0.081250 0.002431 0.005710
0 0.282292 0.082099 0.002431 0.005556
0 0.283507 0.083025 0.002431 0.005556
0 0.284722 0.083410 0.002431 0.005710
0 0.285937 0.084336 0.002431 0.005710
0 0.287153 0.085185 0.002431 0.005556
0 0.288628 0.086034 0.002431 0.005710
0 0.289366 0.086497 0.002517 0.005710
0 0.290365 0.086883 0.002431 0.005556
0 0.291319 0.087731 0.002431 0.005710
0 0.292274 0.088194 0.002431 0.005710
0 0.293273 0.089043 0.002517 0.005556
0 0.294010 0.089506 0.002431 0.005556
0 0.294965 0.089969 0.002431 0.005556
0 0.295920 0.090818 0.002431 0.005710
0 0.296962 0.091281 0.002431 0.005710
0 0.297917 0.092130 0.002431 0.005556
0 0.297917 0.092130 0.002431 0.005556
0 0.297917 0.092130 0.002431 0.005556
0 0.297917 0.092130 0.002431 0.005556
0 0.297917 0.092130 0.002431 0.005556
0 0.297917 0.092130 0.002431 0.005556
0 0.297917 0.092130 0.002431 0.005556
0 0.297917 0.092130 0.002431 0.005556
0 0.297917 0.092130 0.002431 0.005556
0 0.297917 0.092130 0.002431 0.005556
0 0.297917 0.092130 0.002431 0.005556
0 0.297656 0.091667 0.002431 0.005556
0 0.297396 0.091667 0.002431 0.005556
0 0.297179 0.091667 0.002517 0.005556
0 0.296962 0.091667 0.002431 0.005556
0 0.296962 0.091667 0.002431 0.005556
0 0.296701 0.091667 0.002431 0.005556
0 0.296441 0.091667 0.002431 0.005556
0 0.296181 0.091667 0.002431 0.005556
0 0.295920 0.091667 0.002431 0.005556
0 0.295920 0.091667 0.002431 0.005556
0 0.295747 0.091281 0.002431 0.005710
0 0.295486 0.091281 0.002431 0.005710
0 0.295226 0.091281 0.002431 0.005710
0 0.294965 0.091281 0.002431 0.005710
0 0.294835 0.091281 0.002691 0.005710
0 0.294575 0.091049 0.002691 0.005247
0 0.294401 0.091049 0.002691 0.005247
0 0.294141 0.091049 0.002691 0.005247
0 0.293880 0.091049 0.002691 0.005247
0 0.293750 0.091049 0.002951 0.005247
0 0.294488 0.091512 0.002865 0.005247
0 0.295486 0.092284 0.002951 0.005247
0 0.296441 0.093210 0.002951 0.005247
0 0.297396 0.094059 0.002951 0.005093
0 0.298394 0.094907 0.002865 0.005247
0 0.299132 0.095370 0.002951 0.005247
0 0.300087 0.096219 0.002951 0.005093
0 0.301085 0.097068 0.002865 0.005247
0 0.302083 0.097994 0.002951 0.005247
0 0.303038 0.098843 0.002951 0.005093
0 0.303516 0.099228 0.002865 0.005247
0 0.304253 0.099691 0.002951 0.005247
0 0.304991 0.100617 0.002865 0.005247
0 0.305469 0.101003 0.002951 0.005093
0 0.306207 0.101852 0.002865 0.005247
0 0.306944 0.102315 0.002951 0.005247
0 0.307422 0.102778 0.002865 0.005247
0 0.308160 0.103549 0.002951 0.005247
0 0.308898 0.104012 0.002865 0.005247
0 0.309635 0.104938 0.002951 0.005247
0 0.309505 0.104938 0.002691 0.005247
0 0.309505 0.104938 0.002691 0.005247
0 0.309505 0.104938 0.002691 0.005247
0 0.309505 0.105093 0.002691 0.005556
0 0.309505 0.105324 0.002691 0.005093
0 0.309375 0.105324 0.002431 0.005093
0 0.309375 0.105556 0.002431 0.005556
0 0.309375 0.105556 0.002431 0.005556
0 0.309375 0.105556 0.002431 0.005556
0 0.309375 0.106019 0.002431 0.005556
0 0.308854 0.106019 0.002431 0.005556
0 0.308681 0.106019 0.002431 0.005556
0 0.308420 0.106019 0.002431 0.005556
0 0.308160 0.106019 0.002431 0.005556
0 0.307899 0.106019 0.002431 0.005556
0 0.307422 0.106019 0.002517 0.005556
0 0.307205 0.106019 0.002431 0.005556
0 0.306944 0.106019 0.002431 0.005556
0 0.306684 0.106019 0.002431 0.005556
0 0.306424 0.106404 0.002431 0.005710
0 0.305990 0.106404 0.002431 0.005710
0 0.305729 0.106404 0.002431 0.005710
0 0.305208 0.106404 0.002431 0.005710
0 0.304948 0.106404 0.002431 0.005710
0 0.304514 0.106404 0.002431 0.005710
0 0.304253 0.106404 0.002431 0.005710
0 0.303733 0.106404 0.002431 0.005710
0 0.303516 0.106404 0.002517 0.005710
0 0.303038 0.106404 0.002431 0.005710
0 0.302778 0.106867 0.002431 0.005710
0 0.302300 0.106404 0.002517 0.005710
0 0.302083 0.106404 0.002431 0.005710
0 0.301823 0.106404 0.002431 0.005710
0 0.301302 0.106404 0.002431 0.005710
0 0.301042 0.106404 0.002431 0.005710
0 0.300868 0.106404 0.002431 0.005710
0 0.300347 0.106404 0.002431 0.005710
0 0.300087 0.106404 0.002431 0.005710
0 0.299826 0.106404 0.002431 0.005710
0 0.299653 0.106404 0.002431 0.005710
0 0.299653 0.106867 0.002431 0.005710
0 0.299740 0.107330 0.002604 0.005710
0 0.299870 0.107716 0.002865 0.005556
0 0.299957 0.108179 0.002691 0.005556
0 0.300087 0.108565 0.002951 0.005710
0 0.300217 0.109028 0.003212 0.005710
0 0.300347 0.109491 0.002951 0.005710
0 0.300477 0.109877 0.003212 0.005556
0 0.300564 0.110340 0.003385 0.005556
0 0.300825 0.110957 0.003385 0.005247
0 0.301085 0.111420 0.003385 0.005247
0 0.301562 0.111883 0.003472 0.005247
0 0.302040 0.112269 0.003385 0.005093
0 0.302300 0.112731 0.003385 0.005093
0 0.302778 0.113580 0.003472 0.005247
0 0.303255 0.114043 0.003385 0.005247
0 0.303516 0.114506 0.003385 0.005247
0 0.303993 0.114892 0.003472 0.005093
0 0.304470 0.115278 0.003385 0.005247
0 0.304991 0.116204 0.003385 0.005247
0 0.307422 0.118364 0.003385 0.005247
0 0.310113 0.120525 0.003385 0.005247
0 0.312543 0.122685 0.003385 0.005247
0 0.315234 0.124846 0.003385 0.005247
0 0.317665 0.127006 0.003385 0.005247
0 0.320356 0.129167 0.003385 0.005247
0 0.322786 0.131327 0.003385 0.005247
0 0.325477 0.133488 0.003385 0.005247
0 0.327908 0.135725 0.003385 0.005093
0 0.330599 0.138272 0.003385 0.005247
0 0.330599 0.138272 0.003385 0.005247
0 0.330599 0.138272 0.003385 0.005247
0 0.330599 0.138272 0.003385 0.005247
0 0.330599 0.138272 0.003385 0.005247
0 0.330599 0.138272 0.003385 0.005247
0 0.330599 0.138272 0.003385 0.005247
0 0.330599 0.138272 0.003385 0.005247
0 0.330599 0.138272 0.003385 0.005247
0 0.330599 0.138272 0.003385 0.005247
0 0.330599 0.138272 0.003385 0.005247
0 0.330599 0.138272 0.003385 0.005247
0 0.330599 0.138272 0.003385 0.005247
0 0.330599 0.138272 0.003385 0.005247
0 0.330599 0.138272 0.003385 0.005247
0 0.330599 0.138272 0.003385 0.005247
0 0.330599 0.138272 0.003385 0.005247
0 0.330599 0.138272 0.003385 0.005247
0 0.330599 0.138272 0.003385 0.005247
0 0.330599 0.138272 0.003385 0.005247
0 0.330599 0.138272 0.003385 0.005247
