0 0.110026 0.152238 0.006337 0.020833
0 0.110286 0.152238 0.006337 0.020833
0 0.110720 0.152392 0.006337 0.021142
0 0.110981 0.152392 0.006337 0.021142
0 0.111502 0.152623 0.006337 0.021605
0 0.111936 0.153086 0.006337 0.021605
0 0.112196 0.153086 0.006337 0.021605
0 0.112717 0.153318 0.006337 0.022068
0 0.112977 0.153318 0.006337 0.022068
0 0.113411 0.153549 0.006337 0.022531
0 0.113932 0.153935 0.006337 0.022685
0 0.115017 0.153549 0.006076 0.022531
0 0.116233 0.153086 0.006076 0.022531
0 0.117318 0.152623 0.005816 0.022531
0 0.118533 0.152623 0.005816 0.022531
0 0.119661 0.152160 0.005642 0.022531
0 0.120877 0.151698 0.005642 0.022531
0 0.121962 0.151698 0.005382 0.022531
0 0.123177 0.151312 0.005382 0.022685
0 0.124262 0.150926 0.005122 0.022531
0 0.125477 0.150926 0.005122 0.022531
0 0.128950 0.150463 0.005122 0.022531
0 0.132465 0.150000 0.004861 0.022531
0 0.136111 0.149537 0.004861 0.022531
0 0.139670 0.149383 0.004687 0.022222
0 0.143316 0.148920 0.004687 0.022222
0 0.146745 0.148534 0.004601 0.022068
0 0.150260 0.148302 0.004340 0.021605
0 0.153950 0.147840 0.004427 0.021605
0 0.157465 0.147454 0.004167 0.021759
0 0.161111 0.147454 0.004167 0.021759
0 0.164062 0.147454 0.004167 0.021759
0 0.167231 0.147454 0.004080 0.021759
0 0.170399 0.147840 0.004167 0.021605
0 0.173351 0.147840 0.004167 0.021605
0 0.176476 0.148302 0.004167 0.021605
0 0.179688 0.148302 0.004167 0.021605
0 0.182639 0.148302 0.004167 0.021605
0 0.185764 0.148688 0.004167 0.021759
0 0.188976 0.148688 0.004167 0.021759
0 0.192101 0.149151 0.004167 0.021759
0 0.195443 0.150000 0.004427 0.021605
0 0.198958 0.150849 0.004687 0.021759
0 0.202517 0.151775 0.004861 0.021759
0 0.205903 0.152623 0.004861 0.021605
0 0.209418 0.153704 0.005122 0.022222
0 0.212891 0.154552 0.005642 0.022068
0 0.216276 0.155478 0.005642 0.022068
0 0.219835 0.156327 0.005816 0.022222
0 0.223351 0.157176 0.006076 0.022068
0 0.226866 0.158488 0.006337 0.022222
0 0.228993 0.159568 0.006597 0.022531
0 0.231163 0.160880 0.006597 0.022685
0 0.233333 0.162191 0.006597 0.022531
0 0.235590 0.163426 0.006597 0.022531
0 0.237891 0.165046 0.006858 0.022994
0 0.239931 0.166281 0.007118 0.022994
0 0.242144 0.167593 0.007031 0.022840
0 0.244358 0.168904 0.007118 0.022994
0 0.246528 0.170139 0.007118 0.022994
0 0.248872 0.171759 0.007292 0.023457
0 0.250694 0.172994 0.007639 0.023457
0 0.252648 0.174306 0.007552 0.023302
0 0.254557 0.175617 0.007552 0.023457
0 0.256554 0.176929 0.007552 0.023302
0 0.258464 0.178704 0.007552 0.023457
0 0.260330 0.179938 0.007812 0.023457
0 0.262240 0.181250 0.007812 0.023302
0 0.264236 0.182562 0.007812 0.023457
0 0.266146 0.183873 0.007812 0.023302
0 0.268273 0.185648 0.008073 0.023457
0 0.269488 0.186651 0.008073 0.023920
0 0.270703 0.187731 0.008073 0.024228
0 0.271918 0.189043 0.008073 0.024383
0 0.273264 0.190355 0.008333 0.025154
0 0.274479 0.191667 0.008333 0.025309
0 0.275694 0.192747 0.008333 0.025617
0 0.277040 0.194059 0.008594 0.026389
0 0.278255 0.195370 0.008594 0.026543
0 0.279470 0.196451 0.008594 0.026852
0 0.280946 0.197917 0.008594 0.027315
0 0.281814 0.198611 0.008767 0.026852
0 0.282639 0.199691 0.009028 0.026543
0 0.283637 0.200617 0.009462 0.025617
0 0.284592 0.201620 0.009462 0.025154
0 0.285590 0.202546 0.010069 0.024228
0 0.286458 0.203627 0.010243 0.023920
0 0.287413 0.204398 0.010243 0.022994
0 0.288368 0.205556 0.010764 0.022531
0 0.289236 0.206404 0.010937 0.021759
0 0.290321 0.207485 0.011198 0.021142
0 0.291102 0.209028 0.011198 0.021759
0 0.292057 0.210571 0.011198 0.022068
0 0.292925 0.212037 0.011024 0.022531
0 0.293880 0.213503 0.011024 0.022994
0 0.294835 0.215123 0.011024 0.023457
0 0.295703 0.216590 0.010677 0.023920
0 0.296701 0.218133 0.010764 0.024228
0 0.297526 0.219599 0.010503 0.024691
0 0.298481 0.221219 0.010503 0.025154
0 0.299523 0.222917 0.010503 0.025154
0 0.299870 0.223843 0.010677 0.025154
0 0.300347 0.224846 0.010764 0.025617
0 0.300825 0.225772 0.010677 0.025617
0 0.301432 0.226775 0.011024 0.026080
0 0.301953 0.227701 0.011024 0.026080
0 0.302431 0.228781 0.010937 0.026389
0 0.303038 0.229630 0.011285 0.026543
0 0.303516 0.230710 0.011198 0.026852
0 0.304036 0.231559 0.011198 0.027006
0 0.304601 0.232870 0.011458 0.026852
0 0.304601 0.233102 0.011458 0.026389
0 0.304861 0.233565 0.011458 0.026389
0 0.305122 0.233951 0.011458 0.026543
0 0.305252 0.234182 0.011198 0.026080
0 0.305469 0.234645 0.011285 0.026080
0 0.305686 0.235031 0.011198 0.025926
0 0.305816 0.235262 0.010937 0.025463
0 0.306076 0.235648 0.010937 0.025617
0 0.306337 0.236111 0.010937 0.025617
0 0.306554 0.236574 0.011024 0.025617
0 0.306684 0.236574 0.011285 0.025617
0 0.306944 0.236574 0.011285 0.025617
0 0.307031 0.236574 0.011458 0.025617
0 0.307422 0.236574 0.011719 0.025617
0 0.307552 0.236574 0.011979 0.025617
0 0.307812 0.236574 0.011979 0.025617
0 0.308030 0.236574 0.012413 0.025617
0 0.308290 0.236574 0.012413 0.025617
0 0.308420 0.236574 0.012674 0.025617
0 0.308724 0.236806 0.012934 0.025154
0 0.308724 0.236343 0.012934 0.025154
0 0.308984 0.236343 0.012934 0.025154
0 0.309245 0.236111 0.012934 0.024691
0 0.309505 0.235880 0.012934 0.025154
0 0.309766 0.235880 0.012934 0.025154
0 0.309766 0.235648 0.012934 0.024691
0 0.310026 0.235417 0.012934 0.025154
0 0.310200 0.235262 0.012934 0.024846
0 0.310460 0.235262 0.012934 0.024846
0 0.310720 0.235262 0.012934 0.024846
0 0.310851 0.234877 0.012674 0.024691
0 0.311111 0.234877 0.012674 0.024691
0 0.311458 0.234645 0.012500 0.025154
0 0.311675 0.234414 0.012413 0.024691
0 0.312066 0.234414 0.012153 0.024691
0 0.312153 0.234182 0.011979 0.025154
0 0.312413 0.233951 0.011979 0.024691
0 0.312804 0.233719 0.011719 0.025154
0 0.313064 0.233719 0.011719 0.025154
0 0.313368 0.233719 0.011458 0.025154
0 0.313628 0.231096 0.011458 0.025154
0 0.313889 0.228472 0.011458 0.025154
0 0.314280 0.226003 0.011719 0.025154
0 0.314540 0.223380 0.011719 0.025154
0 0.314844 0.220756 0.011979 0.025154
0 0.315104 0.218133 0.011979 0.025154
0 0.315365 0.215509 0.011979 0.025154
0 0.315712 0.212886 0.012153 0.025154
0 0.315972 0.210262 0.012153 0.025154
0 0.316450 0.207793 0.012240 0.025154
0 0.317057 0.196836 0.012413 0.025154
0 0.317665 0.186265 0.012760 0.025617
0 0.318273 0.175463 0.012934 0.025617
0 0.318924 0.164738 0.013194 0.026080
0 0.319618 0.154398 0.013715 0.026080
0 0.320226 0.143519 0.013889 0.025926
0 0.320877 0.132870 0.014149 0.026543
0 0.321441 0.122068 0.014410 0.026543
0 0.322092 0.111420 0.014670 0.026852
0 0.322786 0.101003 0.015191 0.027006
0 0.322786 0.101003 0.015191 0.027006
0 0.322786 0.101003 0.015191 0.027006
0 0.322786 0.101003 0.015191 0.027006
0 0.322786 0.101003 0.015191 0.027006
0 0.322786 0.101003 0.015191 0.027006
0 0.322786 0.101003 0.015191 0.027006
0 0.322786 0.101003 0.015191 0.027006
0 0.322786 0.101003 0.015191 0.027006
0 0.322786 0.101003 0.015191 0.027006
0 0.322786 0.101003 0.015191 0.027006
