0 0.188715 0.041821 0.003646 0.011728
0 0.188715 0.042593 0.003646 0.011728
0 0.188715 0.043519 0.003646 0.011728
0 0.188715 0.044444 0.003646 0.011728
0 0.188976 0.045216 0.003646 0.011728
0 0.188976 0.046373 0.003646 0.012191
0 0.188976 0.047222 0.003646 0.012037
0 0.189193 0.048071 0.003733 0.012191
0 0.189193 0.048997 0.003733 0.012191
0 0.189193 0.049769 0.003733 0.012191
0 0.189410 0.051157 0.003646 0.012191
0 0.189410 0.051157 0.003646 0.012191
0 0.189410 0.051157 0.003646 0.012191
0 0.189410 0.051157 0.003646 0.012191
0 0.189410 0.051157 0.003646 0.012191
0 0.189670 0.051157 0.003646 0.012191
0 0.189670 0.051157 0.003646 0.012191
0 0.189670 0.051157 0.003646 0.012191
0 0.189670 0.051157 0.003646 0.012191
0 0.189670 0.051157 0.003646 0.012191
0 0.189931 0.051157 0.003646 0.012191
0 0.189931 0.051157 0.003646 0.012191
0 0.189931 0.051543 0.003646 0.012037
0 0.189931 0.051543 0.003646 0.012037
0 0.189931 0.051929 0.003646 0.012191
0 0.189931 0.052392 0.003646 0.012191
0 0.189931 0.052392 0.003646 0.012191
0 0.189931 0.052855 0.003646 0.012191
0 0.189931 0.052855 0.003646 0.012191
0 0.189931 0.053318 0.003646 0.012191
0 0.190191 0.053704 0.003646 0.012037
0 0.190191 0.053704 0.003646 0.012037
0 0.190191 0.054167 0.003646 0.012037
0 0.190191 0.054552 0.003646 0.012191
0 0.190191 0.055015 0.003646 0.012191
0 0.190191 0.055478 0.003646 0.012191
0 0.190191 0.055478 0.003646 0.012191
0 0.190191 0.055864 0.003646 0.012037
0 0.190191 0.056327 0.003646 0.012037
0 0.190191 0.056713 0.003646 0.012191
0 0.190191 0.057176 0.003646 0.012191
0 0.190191 0.057176 0.003646 0.012191
0 0.190191 0.057639 0.003646 0.012191
0 0.190191 0.058102 0.003646 0.012191
0 0.190191 0.058488 0.003646 0.012037
0 0.190191 0.058873 0.003646 0.012191
0 0.190191 0.059336 0.003646 0.012191
0 0.190191 0.059799 0.003646 0.012191
0 0.190191 0.060262 0.003646 0.012191
0 0.190191 0.060648 0.003646 0.012037
0 0.190191 0.061111 0.003646 0.012037
0 0.189931 0.061497 0.003646 0.012191
0 0.189931 0.061960 0.003646 0.012191
0 0.189931 0.062423 0.003646 0.012191
0 0.189670 0.062809 0.003646 0.012037
0 0.189670 0.063272 0.003646 0.012037
0 0.189670 0.063657 0.003646 0.012191
0 0.189410 0.064120 0.003646 0.012191
0 0.189410 0.064583 0.003646 0.012191
0 0.189410 0.065046 0.003646 0.012191
0 0.189410 0.065432 0.003646 0.012037
0 0.189193 0.065432 0.003733 0.012037
0 0.189193 0.065818 0.003733 0.012191
0 0.189193 0.066281 0.003733 0.012191
0 0.189193 0.066744 0.003733 0.012191
0 0.189193 0.067207 0.003733 0.012191
0 0.189193 0.067207 0.003733 0.012191
0 0.189193 0.067593 0.003733 0.012037
0 0.189193 0.067978 0.003733 0.012191
0 0.189193 0.068441 0.003733 0.012191
0 0.189193 0.068904 0.003733 0.012191
0 0.188976 0.069367 0.003646 0.012191
0 0.188715 0.069753 0.003646 0.012037
0 0.188715 0.070216 0.003646 0.012037
0 0.188455 0.070602 0.003646 0.012191
0 0.188455 0.071528 0.003646 0.012191
0 0.188194 0.071991 0.003646 0.012191
0 0.187977 0.072377 0.003733 0.012037
0 0.187977 0.072762 0.003733 0.012191
0 0.187760 0.073225 0.003646 0.012191
0 0.187760 0.074151 0.003646 0.012191
0 0.187500 0.074537 0.003646 0.012037
0 0.187500 0.074923 0.003646 0.012191
0 0.187240 0.075386 0.003646 0.012191
0 0.187240 0.075849 0.003646 0.012191
0 0.187240 0.076312 0.003646 0.012191
0 0.186979 0.076698 0.003646 0.012037
0 0.186979 0.077160 0.003646 0.012037
0 0.186762 0.077546 0.003733 0.012191
0 0.186762 0.078009 0.003733 0.012191
0 0.186762 0.078704 0.003733 0.011728
0 0.186762 0.079090 0.003733 0.011574
0 0.186762 0.079475 0.003733 0.011728
0 0.186762 0.079938 0.003733 0.011728
0 0.186762 0.080401 0.003733 0.011728
0 0.186762 0.080864 0.003733 0.011728
0 0.186762 0.081327 0.003733 0.011728
0 0.186762 0.081636 0.003733 0.011728
0 0.186762 0.082099 0.003733 0.011728
0 0.186762 0.082562 0.003733 0.011728
0 0.186762 0.083488 0.003733 0.011728
0 0.186762 0.083488 0.003733 0.011728
0 0.186762 0.083873 0.003733 0.011574
0 0.186762 0.083873 0.003733 0.011574
0 0.186762 0.084259 0.003733 0.011728
0 0.186762 0.084722 0.003733 0.011728
0 0.186762 0.084722 0.003733 0.011728
0 0.186762 0.085185 0.003733 0.011728
0 0.186762 0.085185 0.003733 0.011728
0 0.186762 0.085648 0.003733 0.011728
0 0.186762 0.086034 0.003733 0.011574
0 0.186762 0.086034 0.003733 0.011574
0 0.186762 0.086034 0.003733 0.011574
0 0.186762 0.086034 0.003733 0.011574
0 0.186979 0.086034 0.003646 0.011574
0 0.186979 0.086420 0.003646 0.011728
0 0.186979 0.086420 0.003646 0.011728
0 0.187240 0.086420 0.003646 0.011728
0 0.187240 0.086420 0.003646 0.011728
0 0.187240 0.086420 0.003646 0.011728
0 0.187500 0.086883 0.003646 0.011728
0 0.187500 0.086883 0.003646 0.011728
0 0.187500 0.086883 0.003646 0.011728
0 0.187500 0.086883 0.003646 0.011728
0 0.187760 0.086883 0.003646 0.011728
0 0.187760 0.086883 0.003646 0.011728
0 0.187760 0.086883 0.003646 0.011728
0 0.187977 0.086883 0.003733 0.011728
0 0.187977 0.086883 0.003733 0.011728
0 0.187977 0.086883 0.003733 0.011728
0 0.188194 0.086883 0.003646 0.011728
0 0.188194 0.086883 0.003646 0.011728
0 0.188455 0.087346 0.003646 0.011728
0 0.188455 0.087346 0.003646 0.011728
0 0.188715 0.087809 0.003646 0.011728
0 0.188715 0.088272 0.003646 0.011728
0 0.188976 0.088272 0.003646 0.011728
0 0.188976 0.088580 0.003646 0.011728
0 0.189193 0.088580 0.003733 0.011728
0 0.189193 0.089043 0.003733 0.011728
0 0.189410 0.089506 0.003646 0.011728
0 0.189410 0.089969 0.003646 0.011728
0 0.189410 0.090741 0.003646 0.011728
0 0.189410 0.091204 0.003646 0.011728
0 0.189410 0.092130 0.003646 0.011728
0 0.189410 0.092593 0.003646 0.011728
0 0.189410 0.093364 0.003646 0.011728
0 0.189410 0.093827 0.003646 0.011728
0 0.189410 0.094753 0.003646 0.011728
0 0.189410 0.095139 0.003646 0.011574
0 0.189670 0.095988 0.003646 0.011728
0 0.189410 0.096451 0.003646 0.011728
0 0.189410 0.097377 0.003646 0.011728
0 0.189193 0.097685 0.003733 0.011728
0 0.189193 0.098611 0.003733 0.011728
0 0.189193 0.099537 0.003733 0.011728
0 0.188976 0.099923 0.003646 0.011574
0 0.188976 0.100772 0.003646 0.011728
0 0.188715 0.101235 0.003646 0.011728
0 0.188715 0.102083 0.003646 0.011574
0 0.188715 0.102932 0.003646 0.011728
0 0.188976 0.103395 0.003646 0.011728
0 0.189193 0.103858 0.003733 0.011728
0 0.189410 0.104321 0.003646 0.011728
0 0.189670 0.104630 0.003646 0.011728
0 0.189931 0.105093 0.003646 0.011728
