0 0.092925 0.162809 0.009809 0.015123
0 0.083507 0.146605 0.009028 0.013889
0 0.074262 0.130247 0.008073 0.012654
0 0.064974 0.113966 0.007031 0.011265
0 0.055859 0.097762 0.006337 0.010031
0 0.046571 0.081713 0.005295 0.008179
0 0.037283 0.065355 0.004427 0.006944
0 0.028125 0.049151 0.003646 0.005710
0 0.018880 0.032870 0.002691 0.004321
0 0.009592 0.016667 0.001649 0.003086
0 0.000477 0.000849 0.000955 0.001698
0 0.000477 0.000849 0.000955 0.001698
0 0.000477 0.000849 0.000955 0.001698
0 0.000477 0.000849 0.000955 0.001698
0 0.000477 0.000849 0.000955 0.001698
0 0.000477 0.000849 0.000955 0.001698
0 0.000477 0.000849 0.000955 0.001698
0 0.000477 0.000849 0.000955 0.001698
0 0.000477 0.000849 0.000955 0.001698
0 0.000477 0.000849 0.000955 0.001698
0 0.000477 0.000849 0.000955 0.001698
0 0.000477 0.000849 0.000955 0.001698
0 0.000477 0.000849 0.000955 0.001698
0 0.000477 0.000849 0.000955 0.001698
0 0.000477 0.000849 0.000955 0.001698
0 0.000477 0.000849 0.000955 0.001698
0 0.000477 0.000849 0.000955 0.001698
0 0.000477 0.000849 0.000955 0.001698
0 0.000477 0.000849 0.000955 0.001698
0 0.000477 0.000849 0.000955 0.001698
0 0.000477 0.000849 0.000955 0.001698
0 0.000477 0.000849 0.000955 0.001698
0 0.000477 0.000849 0.000955 0.001698
0 0.000477 0.000849 0.000955 0.001698
0 0.000477 0.000849 0.000955 0.001698
0 0.000477 0.000849 0.000955 0.001698
0 0.000477 0.000849 0.000955 0.001698
0 0.000477 0.000849 0.000955 0.001698
0 0.000477 0.000849 0.000955 0.001698
0 0.000477 0.000849 0.000955 0.001698
0 0.000477 0.000849 0.000955 0.001698
0 0.000477 0.000849 0.000955 0.001698
0 0.000477 0.000849 0.000955 0.001698
0 0.000477 0.000849 0.000955 0.001698
0 0.000477 0.000849 0.000955 0.001698
0 0.000477 0.000849 0.000955 0.001698
0 0.000477 0.000849 0.000955 0.001698
0 0.000477 0.000849 0.000955 0.001698
0 0.000477 0.000849 0.000955 0.001698
0 0.000477 0.000849 0.000955 0.001698
0 0.000477 0.000849 0.000955 0.001698
0 0.009115 0.032716 0.001736 0.003086
0 0.017925 0.064738 0.002691 0.004784
0 0.026649 0.096914 0.003646 0.006481
0 0.035460 0.129012 0.004601 0.007407
0 0.044227 0.161034 0.005642 0.009105
0 0.052908 0.193210 0.006337 0.010802
0 0.061719 0.225309 0.007292 0.011728
0 0.070486 0.257330 0.008333 0.013426
0 0.079297 0.289506 0.009288 0.015123
0 0.088151 0.321836 0.009983 0.016512
0 0.088151 0.320139 0.009983 0.016512
0 0.088411 0.318750 0.009983 0.016512
0 0.088672 0.317052 0.009983 0.016512
0 0.088932 0.315741 0.009983 0.016358
0 0.089149 0.314429 0.010069 0.016512
0 0.089149 0.312731 0.010069 0.016512
0 0.089366 0.311343 0.009983 0.016512
0 0.089627 0.309645 0.009983 0.016512
0 0.089887 0.308410 0.009983 0.016512
0 0.090148 0.307022 0.009983 0.016512
0 0.090148 0.305787 0.009983 0.016512
0 0.090148 0.304861 0.009983 0.016512
0 0.090148 0.304090 0.009983 0.016512
0 0.090365 0.303164 0.010069 0.016512
0 0.090365 0.302238 0.010069 0.016512
0 0.090365 0.301466 0.010069 0.016512
0 0.090582 0.300540 0.009983 0.016512
0 0.090582 0.299691 0.009983 0.016358
0 0.090582 0.298843 0.009983 0.016512
0 0.090842 0.297917 0.009983 0.016512
0 0.090842 0.296682 0.009983 0.016512
0 0.090842 0.295293 0.009983 0.016512
0 0.090842 0.294059 0.009983 0.016512
0 0.090842 0.292747 0.009983 0.016358
0 0.090842 0.291898 0.009983 0.016512
0 0.090842 0.290586 0.009983 0.016358
0 0.090842 0.289275 0.009983 0.016512
0 0.090842 0.288040 0.009983 0.016512
0 0.090842 0.286651 0.009983 0.016512
0 0.091102 0.285802 0.009983 0.016358
0 0.091102 0.284491 0.009983 0.016512
0 0.091102 0.283256 0.009983 0.016512
0 0.091102 0.281867 0.009983 0.016512
0 0.091363 0.280633 0.009983 0.016512
0 0.091363 0.279707 0.009983 0.016512
0 0.091363 0.278472 0.009983 0.016512
0 0.091580 0.277083 0.010069 0.016512
0 0.091580 0.275849 0.010069 0.016512
0 0.091580 0.274537 0.010069 0.016358
0 0.091840 0.273688 0.010069 0.016512
0 0.091840 0.272299 0.010069 0.016512
0 0.091840 0.271528 0.010069 0.016512
0 0.091840 0.270139 0.010069 0.016512
0 0.091840 0.269367 0.010069 0.016512
0 0.091840 0.267978 0.010069 0.016512
0 0.091840 0.267207 0.010069 0.016512
0 0.091840 0.265818 0.010069 0.016512
0 0.091840 0.265046 0.010069 0.016512
0 0.091840 0.263657 0.010069 0.016512
0 0.092057 0.262809 0.009983 0.016358
0 0.092057 0.261497 0.009983 0.016512
0 0.092057 0.260262 0.009983 0.016512
0 0.092057 0.258873 0.009983 0.016512
0 0.092057 0.257639 0.009983 0.016512
0 0.092057 0.256250 0.009983 0.016512
0 0.092057 0.255015 0.009983 0.016512
0 0.092057 0.253704 0.009983 0.016358
0 0.092057 0.252392 0.009983 0.016512
0 0.092057 0.251157 0.009983 0.016512
0 0.092318 0.249769 0.009983 0.016512
0 0.092187 0.248071 0.009722 0.016512
0 0.092187 0.246759 0.009722 0.016358
0 0.092187 0.245216 0.009722 0.016049
0 0.092187 0.243981 0.009722 0.016049
0 0.092187 0.242438 0.009722 0.015741
0 0.092101 0.241127 0.009549 0.015586
0 0.092101 0.239583 0.009549 0.015278
0 0.092101 0.238272 0.009549 0.015123
0 0.092101 0.236806 0.009549 0.014660
0 0.092101 0.235494 0.009549 0.014815
0 0.091840 0.233719 0.009549 0.014660
0 0.091840 0.232407 0.009549 0.014815
0 0.091840 0.231173 0.009549 0.014815
0 0.091840 0.229398 0.009549 0.014660
0 0.091840 0.228086 0.009549 0.014815
0 0.091580 0.226852 0.009549 0.014815
0 0.091580 0.225077 0.009549 0.014660
0 0.091580 0.223765 0.009549 0.014815
0 0.091580 0.222454 0.009549 0.014660
0 0.091580 0.221142 0.009549 0.014815
0 0.091580 0.219444 0.009549 0.014815
0 0.091840 0.217670 0.009549 0.014660
0 0.091840 0.216358 0.009549 0.014815
0 0.092101 0.214660 0.009549 0.014815
0 0.092101 0.213349 0.009549 0.014660
0 0.092318 0.211651 0.009462 0.014660
0 0.092318 0.209877 0.009462 0.014815
0 0.092578 0.208565 0.009462 0.014660
0 0.092578 0.206867 0.009462 0.014660
0 0.092795 0.205556 0.009549 0.014815
0 0.092795 0.203858 0.009549 0.014815
0 0.092795 0.202546 0.009549 0.014660
0 0.092795 0.201003 0.009549 0.015278
0 0.092795 0.199460 0.009549 0.014660
0 0.092795 0.198148 0.009549 0.014815
0 0.092795 0.196682 0.009549 0.015278
0 0.092795 0.195139 0.009549 0.014660
0 0.092795 0.193596 0.009549 0.015278
0 0.092795 0.192284 0.009549 0.015123
0 0.092795 0.191049 0.009549 0.015123
0 0.092578 0.189275 0.009462 0.015278
0 0.092578 0.187963 0.009462 0.015123
0 0.092578 0.186265 0.009462 0.015123
0 0.092578 0.184954 0.009462 0.015278
0 0.092578 0.183179 0.009462 0.015123
0 0.092318 0.181944 0.009462 0.015123
0 0.092318 0.180170 0.009462 0.015278
0 0.092318 0.178858 0.009462 0.015123
0 0.092318 0.177160 0.009462 0.015123
0 0.092318 0.175849 0.009462 0.015278
0 0.092318 0.174537 0.009462 0.015123
0 0.092318 0.173688 0.009462 0.015278
0 0.092318 0.172840 0.009462 0.015123
0 0.092318 0.171914 0.009462 0.015123
0 0.092318 0.171065 0.009462 0.015278
0 0.092318 0.169985 0.009462 0.014660
0 0.092318 0.169136 0.009462 0.014815
0 0.092318 0.168210 0.009462 0.014815
0 0.092318 0.167361 0.009462 0.014660
0 0.092318 0.166512 0.009462 0.014815
