0 0.166016 0.186034 0.005122 0.020833
0 0.166016 0.186034 0.005122 0.020833
0 0.166016 0.186497 0.005122 0.020833
0 0.166016 0.186497 0.005122 0.020833
0 0.166016 0.186960 0.005122 0.020833
0 0.166146 0.187269 0.005382 0.020833
0 0.166146 0.187269 0.005382 0.020833
0 0.166146 0.187731 0.005382 0.020833
0 0.166146 0.187731 0.005382 0.020833
0 0.166146 0.188194 0.005382 0.020833
0 0.166276 0.188657 0.005642 0.020833
0 0.166016 0.189120 0.005642 0.020833
0 0.166016 0.189892 0.005642 0.020833
0 0.166016 0.190355 0.005642 0.020833
0 0.166016 0.191281 0.005642 0.020833
0 0.166016 0.191667 0.005642 0.020679
0 0.165755 0.192515 0.005642 0.020833
0 0.165755 0.192978 0.005642 0.020833
0 0.165755 0.193904 0.005642 0.020833
0 0.165755 0.194213 0.005642 0.020833
0 0.165755 0.195139 0.005642 0.020833
0 0.165278 0.195139 0.005556 0.020833
0 0.165061 0.195139 0.005642 0.020833
0 0.164800 0.195602 0.005642 0.020833
0 0.164540 0.195602 0.005642 0.020833
0 0.164280 0.196065 0.005642 0.020833
0 0.163845 0.196065 0.005642 0.020833
0 0.163585 0.196065 0.005642 0.020833
0 0.163325 0.196373 0.005642 0.020833
0 0.163064 0.196373 0.005642 0.020833
0 0.162847 0.196836 0.005556 0.020833
0 0.162847 0.196836 0.005556 0.020833
0 0.162847 0.197299 0.005556 0.020833
0 0.162847 0.197299 0.005556 0.020833
0 0.162847 0.197762 0.005556 0.020833
0 0.162847 0.197994 0.005556 0.020370
0 0.162847 0.198225 0.005556 0.020833
0 0.162847 0.198457 0.005556 0.020370
0 0.162847 0.198611 0.005556 0.020679
0 0.162847 0.198765 0.005556 0.020370
0 0.162847 0.199228 0.005556 0.020370
0 0.162587 0.199691 0.005556 0.020370
0 0.162587 0.200154 0.005556 0.020370
0 0.162587 0.200617 0.005556 0.020370
0 0.162587 0.201157 0.005556 0.020833
0 0.162587 0.201852 0.005556 0.020370
0 0.162370 0.202315 0.005642 0.020370
0 0.162370 0.203009 0.005642 0.020833
0 0.162370 0.203318 0.005642 0.020833
0 0.162370 0.203781 0.005642 0.020833
0 0.162370 0.204707 0.005642 0.020833
0 0.162109 0.204938 0.005642 0.021296
0 0.161849 0.205324 0.005642 0.021142
0 0.161632 0.205787 0.005556 0.022068
0 0.161372 0.206250 0.005556 0.022068
0 0.161155 0.206636 0.005642 0.022840
0 0.160894 0.207022 0.005642 0.022994
0 0.160634 0.207253 0.005642 0.023457
0 0.160373 0.207948 0.005642 0.023920
0 0.160156 0.208179 0.005556 0.024383
0 0.160156 0.208796 0.005556 0.024691
0 0.159939 0.209259 0.005642 0.024691
0 0.159939 0.209722 0.005642 0.024691
0 0.159679 0.210108 0.005642 0.024846
0 0.159679 0.210494 0.005642 0.024691
0 0.159418 0.211188 0.005642 0.025154
0 0.159418 0.211651 0.005642 0.025154
0 0.159158 0.212114 0.005642 0.025154
0 0.159158 0.212423 0.005642 0.025154
0 0.158941 0.212886 0.005556 0.025154
0 0.158941 0.213812 0.005556 0.025154
0 0.158941 0.214275 0.005556 0.025154
0 0.159158 0.215046 0.005642 0.025154
0 0.159158 0.215509 0.005642 0.025154
0 0.159418 0.216435 0.005642 0.025154
0 0.159679 0.216898 0.005642 0.025154
0 0.159679 0.217670 0.005642 0.025154
0 0.159939 0.218133 0.005642 0.025154
0 0.159939 0.219059 0.005642 0.025154
0 0.160156 0.219367 0.005556 0.025154
0 0.160373 0.220293 0.005642 0.025154
0 0.160156 0.221219 0.005556 0.025154
0 0.160156 0.221991 0.005556 0.025154
0 0.160156 0.222917 0.005556 0.025154
0 0.160156 0.223843 0.005556 0.025154
0 0.160156 0.225077 0.005556 0.025154
0 0.160156 0.226003 0.005556 0.025154
0 0.160156 0.226775 0.005556 0.025154
0 0.160156 0.227701 0.005556 0.025154
0 0.160156 0.228472 0.005556 0.025154
0 0.160156 0.229861 0.005556 0.025154
0 0.160156 0.230324 0.005556 0.025154
0 0.160156 0.231096 0.005556 0.025154
0 0.160156 0.231559 0.005556 0.025154
0 0.160373 0.232485 0.005642 0.025154
0 0.160373 0.232948 0.005642 0.025154
0 0.160373 0.233719 0.005642 0.025154
0 0.160634 0.234182 0.005642 0.025154
0 0.160634 0.235108 0.005642 0.025154
0 0.160634 0.235417 0.005642 0.025154
0 0.160894 0.236343 0.005642 0.025154
0 0.160894 0.237269 0.005642 0.025154
0 0.161155 0.238040 0.005642 0.025154
0 0.161372 0.238966 0.005556 0.025154
0 0.161632 0.239892 0.005556 0.025154
0 0.161849 0.240664 0.005642 0.025154
0 0.162109 0.241590 0.005642 0.025154
0 0.162370 0.242361 0.005642 0.025154
0 0.162587 0.243287 0.005556 0.025154
0 0.162847 0.244213 0.005556 0.025154
0 0.163064 0.245448 0.005642 0.025154
0 0.163064 0.246373 0.005642 0.025154
0 0.163325 0.247145 0.005642 0.025154
0 0.163585 0.248534 0.005642 0.025154
0 0.163585 0.249306 0.005642 0.025154
0 0.163845 0.250694 0.005642 0.025154
0 0.164062 0.251466 0.005556 0.025154
0 0.164062 0.252392 0.005556 0.025154
0 0.164280 0.253704 0.005642 0.025309
0 0.164540 0.254552 0.005642 0.025154
0 0.164800 0.255941 0.005642 0.025154
0 0.164800 0.256713 0.005642 0.025154
0 0.165061 0.258102 0.005642 0.025154
0 0.165061 0.258873 0.005642 0.025154
0 0.165278 0.260262 0.005556 0.025154
0 0.165538 0.261034 0.005556 0.025154
0 0.165538 0.262423 0.005556 0.025154
0 0.165755 0.263194 0.005642 0.025154
0 0.165755 0.264583 0.005642 0.025154
0 0.166016 0.265355 0.005642 0.025154
0 0.166276 0.266744 0.005642 0.025154
0 0.166363 0.267747 0.005816 0.024691
0 0.166753 0.269136 0.006076 0.024691
0 0.167144 0.270370 0.006337 0.024691
0 0.167448 0.271759 0.006597 0.024691
0 0.167839 0.273225 0.006858 0.024228
0 0.167969 0.274537 0.007118 0.024383
0 0.168316 0.275849 0.007292 0.024228
0 0.168707 0.277160 0.007552 0.024383
0 0.169097 0.278472 0.007812 0.024228
0 0.169401 0.279938 0.008073 0.023765
0 0.169401 0.280787 0.008073 0.023920
0 0.169661 0.282099 0.008073 0.023765
0 0.169661 0.283179 0.008073 0.023457
0 0.169922 0.284568 0.008073 0.023457
0 0.169922 0.285802 0.008073 0.023457
0 0.170182 0.286728 0.008073 0.023457
0 0.170182 0.287963 0.008073 0.023457
0 0.170399 0.289120 0.007986 0.022994
0 0.170399 0.290355 0.007986 0.022994
0 0.170660 0.291590 0.007986 0.022994
0 0.170399 0.292978 0.007986 0.022994
0 0.170399 0.294444 0.007986 0.023457
0 0.170182 0.296065 0.008073 0.022994
0 0.170182 0.297531 0.008073 0.023457
0 0.170182 0.298997 0.008073 0.022994
0 0.169922 0.300617 0.008073 0.023457
0 0.169922 0.301852 0.008073 0.023457
0 0.169661 0.303549 0.008073 0.023457
0 0.169661 0.304938 0.008073 0.023457
0 0.169661 0.306636 0.008073 0.023457
0 0.169661 0.307485 0.008073 0.023302
0 0.169661 0.308796 0.008073 0.023457
0 0.169661 0.310108 0.008073 0.023302
0 0.169661 0.311420 0.008073 0.023457
0 0.169922 0.312654 0.008073 0.023457
0 0.169922 0.313812 0.008073 0.022994
0 0.169922 0.315046 0.008073 0.022994
0 0.169922 0.316435 0.008073 0.022994
0 0.169922 0.317670 0.008073 0.022994
0 0.170182 0.319059 0.008073 0.022994
0 0.170182 0.319444 0.008073 0.022222
0 0.170182 0.319907 0.008073 0.021296
0 0.170182 0.320293 0.008073 0.020525
0 0.170182 0.320756 0.008073 0.019599
0 0.170269 0.321605 0.008247 0.018519
0 0.170269 0.321991 0.008247 0.017747
0 0.170269 0.322454 0.008247 0.016821
0 0.170269 0.322840 0.008247 0.016049
0 0.170269 0.323302 0.008247 0.015123
0 0.170530 0.324151 0.008247 0.014352
