0 0.237023 0.049383 0.003212 0.006173
0 0.237023 0.048920 0.003212 0.006173
0 0.237023 0.048920 0.003212 0.006173
0 0.237023 0.048920 0.003212 0.006173
0 0.237283 0.048534 0.003212 0.006019
0 0.237283 0.048534 0.003212 0.006019
0 0.237283 0.048534 0.003212 0.006019
0 0.237500 0.048071 0.003125 0.006019
0 0.237500 0.048071 0.003125 0.006019
0 0.237500 0.048071 0.003125 0.006019
0 0.237760 0.048071 0.003125 0.006019
0 0.237760 0.047608 0.003125 0.006019
0 0.237977 0.047608 0.003212 0.006019
0 0.237977 0.047222 0.003212 0.006173
0 0.238238 0.047222 0.003212 0.006173
0 0.238238 0.047222 0.003212 0.006173
0 0.238498 0.046759 0.003212 0.006173
0 0.238498 0.046759 0.003212 0.006173
0 0.238715 0.046373 0.003125 0.006019
0 0.238715 0.046373 0.003125 0.006019
0 0.238976 0.046373 0.003125 0.006019
0 0.238976 0.045910 0.003125 0.006019
0 0.238976 0.045448 0.003125 0.006019
0 0.238976 0.045448 0.003125 0.006019
0 0.238976 0.045062 0.003125 0.006173
0 0.239236 0.045062 0.003125 0.006173
0 0.239236 0.044599 0.003125 0.006173
0 0.239236 0.044213 0.003125 0.006019
0 0.239236 0.044213 0.003125 0.006019
0 0.239236 0.043750 0.003125 0.006019
0 0.239453 0.043750 0.003212 0.006019
0 0.239453 0.043287 0.003212 0.006019
0 0.239453 0.043056 0.003212 0.006481
0 0.239453 0.042824 0.003212 0.006944
0 0.239453 0.042438 0.003212 0.006790
0 0.239453 0.042438 0.003212 0.006790
0 0.239453 0.042207 0.003212 0.007253
0 0.239453 0.041821 0.003212 0.007407
0 0.239453 0.041590 0.003212 0.007870
0 0.239453 0.041358 0.003212 0.008333
0 0.239714 0.041358 0.003212 0.008333
0 0.239714 0.040895 0.003212 0.008333
0 0.239714 0.040895 0.003212 0.008333
0 0.239714 0.040509 0.003212 0.008179
0 0.239714 0.040509 0.003212 0.008179
0 0.239714 0.040046 0.003212 0.008179
0 0.239714 0.040046 0.003212 0.008179
0 0.239714 0.039583 0.003212 0.008179
0 0.239714 0.039583 0.003212 0.008179
0 0.239714 0.039198 0.003212 0.008333
0 0.239714 0.039198 0.003212 0.008333
0 0.239714 0.038735 0.003212 0.008333
0 0.239974 0.038349 0.003212 0.008179
0 0.239974 0.037886 0.003212 0.008179
0 0.240191 0.037886 0.003125 0.008179
0 0.240451 0.037423 0.003125 0.008179
0 0.240451 0.037037 0.003125 0.008333
0 0.240668 0.037037 0.003212 0.008333
0 0.240668 0.036574 0.003212 0.008333
0 0.240929 0.036188 0.003212 0.008179
0 0.241189 0.036188 0.003212 0.008179
0 0.241189 0.035725 0.003212 0.008179
0 0.241406 0.035494 0.003125 0.008642
0 0.241667 0.035031 0.003125 0.008642
0 0.241884 0.034799 0.003212 0.009105
0 0.242144 0.034645 0.003212 0.008796
0 0.242405 0.034414 0.003212 0.009259
0 0.242622 0.034028 0.003125 0.009105
0 0.242882 0.033796 0.003125 0.009568
0 0.243142 0.033333 0.003125 0.009568
0 0.243359 0.033333 0.003212 0.009568
0 0.243359 0.032870 0.003212 0.009568
0 0.243490 0.032639 0.003472 0.010031
0 0.243490 0.032485 0.003472 0.010340
0 0.243576 0.032485 0.003646 0.010340
0 0.243576 0.032253 0.003646 0.010802
0 0.243707 0.032022 0.003906 0.011265
0 0.243707 0.032022 0.003906 0.011265
0 0.243837 0.031790 0.004167 0.011728
0 0.243837 0.031559 0.004167 0.012191
0 0.244097 0.031559 0.004167 0.012191
0 0.244097 0.031173 0.004167 0.012037
0 0.244097 0.031173 0.004167 0.012037
0 0.244097 0.030710 0.004167 0.012037
0 0.244358 0.030710 0.004167 0.012037
0 0.244358 0.030324 0.004167 0.012191
0 0.244358 0.030324 0.004167 0.012191
0 0.244618 0.029861 0.004167 0.012191
0 0.244618 0.029861 0.004167 0.012191
0 0.244618 0.029398 0.004167 0.012191
0 0.244835 0.029398 0.004080 0.012191
0 0.244835 0.028935 0.004080 0.012191
0 0.244835 0.028549 0.004080 0.012037
0 0.245052 0.028549 0.004167 0.012037
0 0.245052 0.028164 0.004167 0.012191
0 0.245312 0.028164 0.004167 0.012191
0 0.245312 0.027701 0.004167 0.012191
0 0.245312 0.027238 0.004167 0.012191
0 0.245573 0.027238 0.004167 0.012191
0 0.245573 0.026775 0.004167 0.012191
0 0.245833 0.026775 0.004167 0.012191
0 0.245833 0.026389 0.004167 0.012037
0 0.246050 0.026389 0.004080 0.012037
0 0.246050 0.026003 0.004080 0.012191
0 0.246267 0.026003 0.004167 0.012191
0 0.246528 0.025772 0.004167 0.011728
0 0.246528 0.025540 0.004167 0.012191
0 0.246788 0.025309 0.004167 0.011728
0 0.246788 0.025077 0.004167 0.012191
0 0.247049 0.024846 0.004167 0.011728
0 0.247266 0.024846 0.004080 0.011728
0 0.247266 0.024614 0.004080 0.012191
0 0.247266 0.024460 0.004080 0.012500
0 0.247266 0.024460 0.004080 0.012500
0 0.247352 0.024228 0.003906 0.012963
0 0.247483 0.024228 0.004167 0.012963
0 0.247483 0.023997 0.004167 0.013426
0 0.247613 0.023765 0.003906 0.013889
0 0.247613 0.023765 0.003906 0.013889
0 0.247613 0.023534 0.003906 0.014352
0 0.247873 0.023534 0.003906 0.014352
0 0.247873 0.023148 0.003906 0.014198
0 0.247873 0.022917 0.003906 0.013735
0 0.248003 0.022531 0.004167 0.013889
0 0.248134 0.022299 0.003906 0.013426
0 0.248264 0.022068 0.004167 0.012963
0 0.248264 0.021605 0.004167 0.012963
0 0.248394 0.021373 0.003906 0.012500
0 0.248524 0.020988 0.004167 0.012654
0 0.248524 0.020756 0.004167 0.012191
0 0.248741 0.020756 0.004080 0.012191
0 0.248741 0.020293 0.004080 0.012191
0 0.248958 0.020062 0.004167 0.012654
0 0.248958 0.019676 0.004167 0.012500
0 0.249219 0.019444 0.004167 0.012963
0 0.249479 0.019213 0.004167 0.012500
0 0.249479 0.018981 0.004167 0.012963
0 0.249740 0.018596 0.004167 0.013117
0 0.249740 0.018364 0.004167 0.013580
0 0.249957 0.017978 0.004080 0.013426
0 0.250174 0.017978 0.004167 0.013426
0 0.250174 0.017515 0.004167 0.013426
0 0.250434 0.017052 0.004167 0.013426
0 0.250694 0.017052 0.004167 0.013426
0 0.250955 0.016590 0.004167 0.013426
0 0.251172 0.016590 0.004080 0.013426
0 0.251172 0.016127 0.004080 0.013426
0 0.251389 0.015818 0.004167 0.013426
0 0.251649 0.015818 0.004167 0.013426
0 0.251910 0.015355 0.004167 0.013426
0 0.252170 0.015355 0.004167 0.013426
0 0.252431 0.014892 0.004167 0.013426
0 0.252648 0.014429 0.004080 0.013426
0 0.252865 0.013966 0.004167 0.013426
0 0.253125 0.013580 0.004167 0.013580
0 0.253646 0.013194 0.004167 0.013426
0 0.253863 0.012731 0.004080 0.013426
0 0.254080 0.012269 0.004167 0.013426
0 0.254340 0.011806 0.004167 0.013426
0 0.254601 0.011420 0.004167 0.013580
0 0.255078 0.011420 0.004080 0.013580
0 0.255078 0.011034 0.004080 0.013426
0 0.255295 0.011034 0.004167 0.013426
0 0.255556 0.011034 0.004167 0.013426
0 0.255816 0.010571 0.004167 0.013426
0 0.256076 0.010571 0.004167 0.013426
0 0.256076 0.010571 0.004167 0.013426
0 0.256293 0.010108 0.004080 0.013426
0 0.256554 0.010108 0.004080 0.013426
0 0.256771 0.010108 0.004167 0.013426
0 0.257031 0.010108 0.004167 0.013426
0 0.257292 0.009645 0.004167 0.013426
0 0.257552 0.009259 0.004167 0.013580
0 0.257769 0.008873 0.004080 0.013426
0 0.258247 0.008410 0.004167 0.013426
0 0.258507 0.008179 0.004167 0.012963
0 0.258767 0.007716 0.004167 0.012963
0 0.259201 0.007253 0.004167 0.012963
0 0.259462 0.006867 0.004167 0.013117
0 0.259722 0.006481 0.004167 0.012963
0 0.260200 0.006481 0.004080 0.012963
