0 0.024609 0.273688 0.003385 0.006944
0 0.024609 0.273457 0.003385 0.006481
0 0.024609 0.273457 0.003385 0.006481
0 0.024609 0.273457 0.003385 0.006481
0 0.024609 0.273457 0.003385 0.006481
0 0.024609 0.273457 0.003385 0.006481
0 0.024609 0.273457 0.003385 0.006481
0 0.024609 0.273457 0.003385 0.006481
0 0.024609 0.273457 0.003385 0.006481
0 0.024609 0.273457 0.003385 0.006481
0 0.024870 0.273457 0.003385 0.006481
0 0.024870 0.272994 0.003385 0.006481
0 0.024870 0.272994 0.003385 0.006481
0 0.025087 0.272994 0.003472 0.006481
0 0.025087 0.272994 0.003472 0.006481
0 0.025347 0.272994 0.003472 0.006481
0 0.025347 0.272994 0.003472 0.006481
0 0.025347 0.272994 0.003472 0.006481
0 0.025564 0.272994 0.003385 0.006481
0 0.025564 0.272994 0.003385 0.006481
0 0.025825 0.272994 0.003385 0.006481
0 0.025825 0.272531 0.003385 0.006481
0 0.025825 0.272531 0.003385 0.006481
0 0.026085 0.272531 0.003385 0.006481
0 0.026085 0.272531 0.003385 0.006481
0 0.026302 0.272531 0.003472 0.006481
0 0.026302 0.272531 0.003472 0.006481
0 0.026302 0.272531 0.003472 0.006481
0 0.026562 0.272531 0.003472 0.006481
0 0.026562 0.272531 0.003472 0.006481
0 0.026780 0.272531 0.003385 0.006481
0 0.026780 0.272531 0.003385 0.006481
0 0.026780 0.272531 0.003385 0.006481
0 0.026780 0.272531 0.003385 0.006481
0 0.027040 0.272531 0.003385 0.006481
0 0.027040 0.272531 0.003385 0.006481
0 0.027040 0.272531 0.003385 0.006481
0 0.027300 0.272531 0.003385 0.006481
0 0.027300 0.272531 0.003385 0.006481
0 0.027300 0.272531 0.003385 0.006481
0 0.027517 0.272994 0.003472 0.006481
0 0.027517 0.272994 0.003472 0.006481
0 0.027778 0.272994 0.003472 0.006481
0 0.027778 0.272994 0.003472 0.006481
0 0.027995 0.272994 0.003385 0.006481
0 0.027995 0.272994 0.003385 0.006481
0 0.028255 0.272994 0.003385 0.006481
0 0.028255 0.272994 0.003385 0.006481
0 0.028516 0.272994 0.003385 0.006481
0 0.028516 0.272994 0.003385 0.006481
0 0.028776 0.272994 0.003385 0.006481
0 0.028776 0.272994 0.003385 0.006481
0 0.028776 0.272994 0.003385 0.006481
0 0.028993 0.272994 0.003472 0.006481
0 0.028993 0.272994 0.003472 0.006481
0 0.029253 0.272994 0.003472 0.006481
0 0.029253 0.272994 0.003472 0.006481
0 0.029253 0.272994 0.003472 0.006481
0 0.029470 0.272994 0.003385 0.006481
0 0.029470 0.272994 0.003385 0.006481
0 0.029731 0.272994 0.003385 0.006481
0 0.029731 0.272762 0.003385 0.006944
0 0.029731 0.272762 0.003385 0.006944
0 0.029731 0.272762 0.003385 0.006944
0 0.029731 0.272762 0.003385 0.006944
0 0.029991 0.272762 0.003385 0.006944
0 0.029991 0.272762 0.003385 0.006944
0 0.029991 0.272762 0.003385 0.006944
0 0.029991 0.272762 0.003385 0.006944
0 0.029991 0.272762 0.003385 0.006944
0 0.030208 0.272762 0.003472 0.006944
0 0.030208 0.272299 0.003472 0.006944
0 0.030339 0.272299 0.003733 0.006944
0 0.030469 0.272145 0.003472 0.007253
0 0.030556 0.272145 0.003646 0.007253
0 0.030686 0.271914 0.003385 0.007716
0 0.030816 0.271759 0.003646 0.007407
0 0.030816 0.271528 0.003646 0.007870
0 0.031076 0.271528 0.003646 0.007870
0 0.031076 0.271296 0.003646 0.008333
0 0.031337 0.271296 0.003646 0.008333
0 0.033507 0.270448 0.003646 0.008179
0 0.035677 0.269985 0.003646 0.008179
0 0.037934 0.269136 0.003646 0.008333
0 0.040234 0.268673 0.003385 0.008333
0 0.042535 0.267978 0.003646 0.007870
0 0.044705 0.267361 0.003646 0.008179
0 0.047049 0.266744 0.003472 0.007870
0 0.049262 0.266049 0.003385 0.008333
0 0.051432 0.265432 0.003385 0.007716
0 0.053863 0.264969 0.003385 0.007716
0 0.058507 0.263657 0.003472 0.007870
0 0.063151 0.262809 0.003385 0.007716
0 0.067795 0.261960 0.003472 0.007870
0 0.072439 0.260802 0.003385 0.007407
0 0.077040 0.260031 0.003385 0.007407
0 0.081727 0.259105 0.003385 0.007407
0 0.086328 0.258102 0.003385 0.006944
0 0.090972 0.257176 0.003472 0.006944
0 0.095616 0.256250 0.003385 0.006944
0 0.100477 0.255478 0.003385 0.006944
0 0.102691 0.255015 0.003472 0.006944
0 0.104905 0.254552 0.003385 0.006944
0 0.107075 0.254321 0.003385 0.006481
0 0.109288 0.254090 0.003472 0.006944
0 0.111589 0.253858 0.003212 0.006481
0 0.113802 0.253549 0.003125 0.006481
0 0.115972 0.253318 0.003125 0.006944
0 0.118186 0.253086 0.003212 0.006481
0 0.120399 0.252623 0.003125 0.006481
0 0.122700 0.252623 0.002865 0.006481
0 0.122917 0.252160 0.002951 0.006481
0 0.123437 0.252160 0.002951 0.006481
0 0.123785 0.251698 0.003125 0.006481
0 0.124262 0.251698 0.003212 0.006481
0 0.124783 0.251466 0.003212 0.006944
0 0.125000 0.251312 0.003125 0.006636
0 0.125521 0.251157 0.003125 0.006944
0 0.125868 0.250926 0.003472 0.006481
0 0.126345 0.250694 0.003385 0.006944
0 0.126866 0.250694 0.003385 0.006944
0 0.126866 0.250231 0.003385 0.006944
0 0.127083 0.250231 0.003472 0.006944
0 0.127344 0.249769 0.003472 0.006944
0 0.127344 0.249769 0.003472 0.006944
0 0.127561 0.249306 0.003385 0.006944
0 0.127821 0.249306 0.003385 0.006944
0 0.127821 0.248997 0.003385 0.006944
0 0.128082 0.248997 0.003385 0.006944
0 0.128299 0.248534 0.003472 0.006944
0 0.128559 0.248534 0.003472 0.006944
0 0.128559 0.248302 0.003472 0.006481
0 0.128776 0.248302 0.003385 0.006481
0 0.129036 0.248302 0.003385 0.006481
0 0.129297 0.248302 0.003385 0.006481
0 0.129557 0.248302 0.003385 0.006481
0 0.129774 0.248302 0.003472 0.006481
0 0.130035 0.248302 0.003472 0.006481
0 0.130252 0.248302 0.003385 0.006481
0 0.130512 0.248302 0.003385 0.006481
0 0.130773 0.248534 0.003385 0.006019
0 0.130773 0.248302 0.003385 0.006481
0 0.130773 0.248302 0.003385 0.006481
0 0.130990 0.248302 0.003472 0.006481
0 0.130990 0.248302 0.003472 0.006481
0 0.131250 0.248302 0.003472 0.006481
0 0.131250 0.248302 0.003472 0.006481
0 0.131250 0.248302 0.003472 0.006481
0 0.131467 0.248302 0.003385 0.006481
0 0.131467 0.248302 0.003385 0.006481
0 0.131727 0.248534 0.003385 0.006944
0 0.131727 0.248534 0.003385 0.006944
0 0.131727 0.248534 0.003385 0.006944
0 0.131988 0.248534 0.003385 0.006944
0 0.131988 0.248997 0.003385 0.006944
0 0.132205 0.248997 0.003472 0.006944
0 0.132205 0.248997 0.003472 0.006944
0 0.132205 0.249306 0.003472 0.006944
0 0.132465 0.249306 0.003472 0.006944
0 0.132465 0.249306 0.003472 0.006944
0 0.132682 0.249769 0.003385 0.006944
0 0.132682 0.249769 0.003385 0.006944
0 0.132682 0.249769 0.003385 0.006944
0 0.132682 0.249769 0.003385 0.006944
0 0.132682 0.250231 0.003385 0.006944
0 0.132682 0.250231 0.003385 0.006944
0 0.132682 0.250231 0.003385 0.006944
0 0.132682 0.250694 0.003385 0.006944
0 0.132682 0.250694 0.003385 0.006944
0 0.132682 0.250694 0.003385 0.006944
0 0.132943 0.251157 0.003385 0.006944
0 0.132943 0.251157 0.003385 0.006944
0 0.132943 0.251157 0.003385 0.006944
0 0.132943 0.251466 0.003385 0.006944
0 0.132943 0.251466 0.003385 0.006944
0 0.132943 0.251929 0.003385 0.006944
0 0.132943 0.251929 0.003385 0.006944
0 0.132943 0.252392 0.003385 0.006944
0 0.132943 0.252392 0.003385 0.006944
0 0.132943 0.252855 0.003385 0.006944
0 0.132943 0.252855 0.003385 0.006944
