0 0.169444 0.080015 0.004167 0.018673
0 0.169444 0.080787 0.004167 0.018673
0 0.169444 0.081713 0.004167 0.018673
0 0.169444 0.082562 0.004167 0.018519
0 0.169444 0.083410 0.004167 0.018673
0 0.169705 0.084799 0.004167 0.018673
0 0.169705 0.085571 0.004167 0.018673
0 0.169705 0.086497 0.004167 0.018673
0 0.169705 0.087346 0.004167 0.018519
0 0.169705 0.088194 0.004167 0.018673
0 0.169922 0.089506 0.004080 0.018519
0 0.169835 0.089120 0.003906 0.018673
0 0.169835 0.089120 0.003906 0.018673
0 0.169835 0.089120 0.003906 0.018673
0 0.169835 0.088889 0.003906 0.018210
0 0.169835 0.088889 0.003906 0.018210
0 0.169835 0.088889 0.003906 0.018210
0 0.169835 0.088657 0.003906 0.017747
0 0.169835 0.088657 0.003906 0.017747
0 0.169835 0.088657 0.003906 0.017747
0 0.169835 0.088657 0.003906 0.017747
0 0.169575 0.088194 0.003906 0.017747
0 0.169575 0.088194 0.003906 0.017747
0 0.169575 0.088194 0.003906 0.017747
0 0.169575 0.088194 0.003906 0.017747
0 0.169575 0.088194 0.003906 0.017747
0 0.169575 0.087731 0.003906 0.017747
0 0.169575 0.087731 0.003906 0.017747
0 0.169575 0.087731 0.003906 0.017747
0 0.169575 0.087731 0.003906 0.017747
0 0.169575 0.087731 0.003906 0.017747
0 0.169314 0.087346 0.003906 0.017901
0 0.169314 0.087346 0.003906 0.017901
0 0.169314 0.086960 0.003906 0.017747
0 0.169314 0.086960 0.003906 0.017747
0 0.169314 0.086960 0.003906 0.017747
0 0.169054 0.086497 0.003906 0.017747
0 0.169054 0.086497 0.003906 0.017747
0 0.169054 0.086034 0.003906 0.017747
0 0.169054 0.086034 0.003906 0.017747
0 0.169054 0.086034 0.003906 0.017747
0 0.168793 0.085802 0.003906 0.017284
0 0.168793 0.085802 0.003906 0.017284
0 0.168793 0.085802 0.003906 0.017284
0 0.168707 0.085802 0.004080 0.017284
0 0.168707 0.085802 0.004080 0.017284
0 0.168707 0.085802 0.004080 0.017284
0 0.168576 0.085802 0.004340 0.017284
0 0.168576 0.085802 0.004340 0.017284
0 0.168576 0.085802 0.004340 0.017284
0 0.168576 0.085802 0.004340 0.017284
0 0.168316 0.085802 0.004340 0.017284
0 0.168316 0.085802 0.004340 0.017284
0 0.168099 0.085802 0.004427 0.017284
0 0.168099 0.085802 0.004427 0.017284
0 0.167839 0.085802 0.004427 0.017284
0 0.167839 0.085802 0.004427 0.017284
0 0.167578 0.085802 0.004427 0.017284
0 0.167578 0.085802 0.004427 0.017284
0 0.167361 0.085802 0.004340 0.017284
0 0.167361 0.085802 0.004340 0.017284
0 0.167231 0.085417 0.004601 0.017438
0 0.167231 0.085417 0.004601 0.017438
0 0.167101 0.085417 0.004861 0.017438
0 0.167101 0.085417 0.004861 0.017438
0 0.166970 0.085417 0.005122 0.017438
0 0.166970 0.085185 0.005122 0.016975
0 0.166840 0.085185 0.005382 0.016975
0 0.166840 0.085185 0.005382 0.016975
0 0.166753 0.085185 0.005556 0.016975
0 0.166753 0.085185 0.005556 0.016975
0 0.166493 0.084722 0.005556 0.016975
0 0.166493 0.084722 0.005556 0.016975
0 0.166276 0.084259 0.005642 0.016975
0 0.166276 0.084259 0.005642 0.016975
0 0.166276 0.084259 0.005642 0.016975
0 0.166016 0.083873 0.005642 0.016821
0 0.166016 0.083873 0.005642 0.016821
0 0.165755 0.083410 0.005642 0.016821
0 0.165755 0.083410 0.005642 0.016821
0 0.165755 0.083410 0.005642 0.016821
0 0.165408 0.083025 0.005295 0.016975
0 0.165191 0.082793 0.005382 0.016512
0 0.164931 0.082330 0.005382 0.016512
0 0.164800 0.082099 0.005122 0.016049
0 0.164540 0.082099 0.005122 0.016049
0 0.164280 0.081636 0.005122 0.016049
0 0.164193 0.081481 0.004948 0.015741
0 0.163932 0.081096 0.004948 0.015586
0 0.163715 0.080864 0.004861 0.015123
0 0.163585 0.080864 0.004601 0.015123
0 0.163325 0.080401 0.004601 0.015123
0 0.163064 0.080401 0.004601 0.015123
0 0.162847 0.079938 0.004687 0.015123
0 0.162587 0.079938 0.004687 0.015123
0 0.162370 0.079938 0.004601 0.015123
0 0.162109 0.079552 0.004601 0.015278
0 0.161849 0.079552 0.004601 0.015278
0 0.161632 0.079090 0.004687 0.015278
0 0.161372 0.079090 0.004687 0.015278
0 0.161372 0.079090 0.004687 0.015278
0 0.161155 0.078704 0.004601 0.015123
0 0.161024 0.078704 0.004861 0.015123
0 0.160894 0.078472 0.004601 0.014660
0 0.160764 0.078472 0.004861 0.014660
0 0.160634 0.078472 0.004601 0.014660
0 0.160503 0.078009 0.004861 0.014660
0 0.160286 0.078009 0.004948 0.014660
0 0.160286 0.077778 0.004948 0.014198
0 0.160026 0.077778 0.004948 0.014198
0 0.160026 0.077778 0.004948 0.014198
0 0.159809 0.077778 0.004861 0.014198
0 0.159549 0.077778 0.004861 0.014198
0 0.159288 0.077778 0.004861 0.014198
0 0.159028 0.077778 0.004861 0.014198
0 0.158811 0.077778 0.004948 0.014198
0 0.158594 0.077778 0.004861 0.014198
0 0.158333 0.077778 0.004861 0.014198
0 0.158073 0.077778 0.004861 0.014198
0 0.157812 0.077778 0.004861 0.014198
0 0.157812 0.077778 0.004861 0.014198
0 0.157248 0.077623 0.004601 0.013889
0 0.156727 0.077623 0.004601 0.013889
0 0.156250 0.077623 0.004687 0.013889
0 0.155773 0.077623 0.004601 0.013889
0 0.155252 0.077623 0.004601 0.013889
0 0.154644 0.077623 0.004427 0.013889
0 0.154167 0.077623 0.004340 0.013889
0 0.153689 0.077623 0.004427 0.013889
0 0.153212 0.077623 0.004340 0.013889
0 0.152865 0.077623 0.004167 0.013889
0 0.152083 0.077160 0.004167 0.013889
0 0.151649 0.077160 0.004167 0.013889
0 0.151128 0.077160 0.004167 0.013889
0 0.150608 0.077160 0.004167 0.013889
0 0.150174 0.077160 0.004167 0.013889
0 0.149392 0.077160 0.004167 0.013889
0 0.148958 0.077160 0.004167 0.013889
0 0.148438 0.077160 0.004167 0.013889
0 0.147960 0.077160 0.004080 0.013889
0 0.147483 0.077160 0.004167 0.013889
0 0.146962 0.077160 0.004167 0.013889
0 0.146484 0.077160 0.004080 0.013889
0 0.146007 0.077160 0.004167 0.013889
0 0.145486 0.077160 0.004167 0.013889
0 0.145269 0.077160 0.004080 0.013889
0 0.144792 0.077160 0.004167 0.013889
0 0.144271 0.077160 0.004167 0.013889
0 0.143837 0.077160 0.004167 0.013889
0 0.143316 0.077160 0.004167 0.013889
0 0.143056 0.077392 0.004167 0.013426
0 0.142708 0.077392 0.004340 0.013426
0 0.142448 0.077855 0.004340 0.013426
0 0.142101 0.078009 0.004687 0.013117
0 0.141840 0.078395 0.004687 0.012963
0 0.141493 0.078858 0.004861 0.012963
0 0.141233 0.079090 0.004861 0.012500
0 0.140842 0.079552 0.005122 0.012500
0 0.140668 0.079707 0.005122 0.012191
0 0.140278 0.080170 0.005382 0.012191
0 0.140148 0.080633 0.005642 0.012191
0 0.139670 0.081019 0.005556 0.012963
0 0.139323 0.081713 0.005382 0.013426
0 0.138932 0.082407 0.005122 0.013889
0 0.138672 0.082948 0.005122 0.014352
0 0.138325 0.083642 0.004948 0.014815
0 0.137847 0.084028 0.004861 0.015586
0 0.137587 0.084722 0.004861 0.016049
0 0.137196 0.085417 0.004601 0.016512
0 0.136849 0.086034 0.004427 0.016821
0 0.136589 0.086728 0.004427 0.017284
0 0.136111 0.086728 0.004340 0.017284
0 0.135634 0.086883 0.004427 0.016975
0 0.135286 0.087114 0.004601 0.017438
0 0.134896 0.087346 0.004340 0.016975
0 0.134549 0.087577 0.004687 0.017438
0 0.134071 0.087809 0.004601 0.016975
0 0.133681 0.087963 0.004861 0.017284
0 0.133290 0.088194 0.004601 0.016821
0 0.132943 0.088426 0.004948 0.017284
0 0.132465 0.088657 0.004861 0.016821
