0 0.291189 0.298843 0.013455 0.020833
0 0.290712 0.301466 0.013368 0.019907
0 0.290365 0.304012 0.013194 0.019136
0 0.289974 0.306636 0.012934 0.018210
0 0.289714 0.309491 0.012934 0.017747
0 0.289366 0.312037 0.012760 0.016975
0 0.288889 0.314660 0.012674 0.016049
0 0.288628 0.317515 0.012674 0.015586
0 0.288281 0.320062 0.012500 0.014815
0 0.287891 0.322685 0.012240 0.013889
0 0.287674 0.325694 0.012153 0.013117
0 0.287674 0.325694 0.012153 0.013117
0 0.287674 0.325694 0.012153 0.013117
0 0.287674 0.325694 0.012153 0.013117
0 0.287674 0.325694 0.012153 0.013117
0 0.287674 0.325694 0.012153 0.013117
0 0.287674 0.325694 0.012153 0.013117
0 0.287674 0.325694 0.012153 0.013117
0 0.287674 0.325694 0.012153 0.013117
0 0.287674 0.325694 0.012153 0.013117
0 0.287674 0.325694 0.012153 0.013117
0 0.287674 0.325694 0.012153 0.013117
0 0.287674 0.325694 0.012153 0.013117
0 0.287674 0.325694 0.012153 0.013117
0 0.287674 0.325694 0.012153 0.013117
0 0.287674 0.325694 0.012153 0.013117
0 0.287674 0.325694 0.012153 0.013117
0 0.287674 0.325694 0.012153 0.013117
0 0.287674 0.325694 0.012153 0.013117
0 0.287674 0.325694 0.012153 0.013117
0 0.287674 0.325694 0.012153 0.013117
0 0.287674 0.325694 0.012153 0.013117
0 0.287674 0.325694 0.012153 0.013117
0 0.287674 0.325694 0.012153 0.013117
0 0.287674 0.325694 0.012153 0.013117
0 0.287674 0.325694 0.012153 0.013117
0 0.287674 0.325694 0.012153 0.013117
0 0.287674 0.325694 0.012153 0.013117
0 0.287674 0.325694 0.012153 0.013117
0 0.287674 0.325694 0.012153 0.013117
0 0.287674 0.325694 0.012153 0.013117
0 0.287674 0.325694 0.012153 0.013117
0 0.287674 0.325694 0.012153 0.013117
0 0.287674 0.325694 0.012153 0.013117
0 0.287674 0.325694 0.012153 0.013117
0 0.287674 0.325694 0.012153 0.013117
0 0.287674 0.325694 0.012153 0.013117
0 0.287674 0.325694 0.012153 0.013117
0 0.287674 0.325694 0.012153 0.013117
0 0.287674 0.325694 0.012153 0.013117
0 0.287674 0.325694 0.012153 0.013117
0 0.287674 0.325694 0.012153 0.013117
0 0.287674 0.325694 0.012153 0.013117
0 0.287674 0.325694 0.012153 0.013117
0 0.287674 0.325694 0.012153 0.013117
0 0.287674 0.325694 0.012153 0.013117
0 0.287674 0.325694 0.012153 0.013117
0 0.287674 0.325694 0.012153 0.013117
0 0.287674 0.325694 0.012153 0.013117
0 0.287674 0.325694 0.012153 0.013117
0 0.287674 0.325694 0.012153 0.013117
0 0.287674 0.325694 0.012153 0.013117
0 0.287674 0.325694 0.012153 0.013117
0 0.287674 0.325694 0.012153 0.013117
0 0.287674 0.325694 0.012153 0.013117
0 0.287674 0.325694 0.012153 0.013117
0 0.287674 0.325694 0.012153 0.013117
0 0.287674 0.325694 0.012153 0.013117
0 0.287674 0.325694 0.012153 0.013117
0 0.287674 0.325694 0.012153 0.013117
0 0.287674 0.325694 0.012153 0.013117
0 0.287674 0.325694 0.012153 0.013117
0 0.287674 0.325694 0.012153 0.013117
0 0.287674 0.325694 0.012153 0.013117
0 0.287674 0.325694 0.012153 0.013117
0 0.287674 0.325694 0.012153 0.013117
0 0.287674 0.325694 0.012153 0.013117
0 0.287674 0.325694 0.012153 0.013117
0 0.287674 0.325694 0.012153 0.013117
0 0.287674 0.325694 0.012153 0.013117
0 0.287674 0.325694 0.012153 0.013117
0 0.287674 0.325694 0.012153 0.013117
0 0.287674 0.325694 0.012153 0.013117
0 0.287674 0.325694 0.012153 0.013117
0 0.287674 0.325694 0.012153 0.013117
0 0.287674 0.325694 0.012153 0.013117
0 0.287674 0.325694 0.012153 0.013117
0 0.287674 0.325694 0.012153 0.013117
0 0.287674 0.325694 0.012153 0.013117
0 0.287674 0.325694 0.012153 0.013117
0 0.287674 0.325694 0.012153 0.013117
0 0.287674 0.325694 0.012153 0.013117
0 0.287674 0.325694 0.012153 0.013117
0 0.287674 0.325694 0.012153 0.013117
0 0.287674 0.325694 0.012153 0.013117
0 0.287674 0.325694 0.012153 0.013117
0 0.287674 0.325694 0.012153 0.013117
0 0.287674 0.325694 0.012153 0.013117
0 0.287674 0.325694 0.012153 0.013117
0 0.287674 0.325694 0.012153 0.013117
0 0.287674 0.325694 0.012153 0.013117
0 0.287674 0.325694 0.012153 0.013117
0 0.287674 0.325694 0.012153 0.013117
0 0.287674 0.325694 0.012153 0.013117
0 0.287674 0.325694 0.012153 0.013117
0 0.287674 0.325694 0.012153 0.013117
0 0.287674 0.325694 0.012153 0.013117
0 0.287674 0.325694 0.012153 0.013117
0 0.287674 0.325694 0.012153 0.013117
0 0.287674 0.325694 0.012153 0.013117
0 0.287674 0.325694 0.012153 0.013117
0 0.287674 0.325694 0.012153 0.013117
0 0.287674 0.325694 0.012153 0.013117
0 0.287674 0.325694 0.012153 0.013117
0 0.287674 0.325694 0.012153 0.013117
0 0.287674 0.325694 0.012153 0.013117
0 0.287674 0.325694 0.012153 0.013117
0 0.287674 0.325694 0.012153 0.013117
0 0.287674 0.325694 0.012153 0.013117
0 0.287674 0.325694 0.012153 0.013117
0 0.287674 0.325694 0.012153 0.013117
0 0.287674 0.325694 0.012153 0.013117
0 0.287674 0.325694 0.012153 0.013117
0 0.287674 0.325694 0.012153 0.013117
0 0.287674 0.325694 0.012153 0.013117
0 0.287674 0.325694 0.012153 0.013117
0 0.287674 0.325694 0.012153 0.013117
0 0.287674 0.325694 0.012153 0.013117
0 0.287674 0.325694 0.012153 0.013117
0 0.287674 0.325694 0.012153 0.013117
0 0.287674 0.325694 0.012153 0.013117
0 0.287674 0.325694 0.012153 0.013117
0 0.287674 0.325694 0.012153 0.013117
0 0.287674 0.325694 0.012153 0.013117
0 0.287674 0.325694 0.012153 0.013117
0 0.287674 0.325694 0.012153 0.013117
0 0.287674 0.325694 0.012153 0.013117
0 0.287674 0.325694 0.012153 0.013117
0 0.287674 0.325694 0.012153 0.013117
0 0.287674 0.325694 0.012153 0.013117
0 0.287674 0.325694 0.012153 0.013117
0 0.287674 0.325694 0.012153 0.013117
0 0.287674 0.325694 0.012153 0.013117
0 0.287674 0.325694 0.012153 0.013117
0 0.287674 0.325694 0.012153 0.013117
0 0.287674 0.325694 0.012153 0.013117
0 0.287674 0.325694 0.012153 0.013117
0 0.287674 0.325694 0.012153 0.013117
0 0.287674 0.325694 0.012153 0.013117
0 0.287674 0.325694 0.012153 0.013117
0 0.287674 0.325694 0.012153 0.013117
0 0.287674 0.325694 0.012153 0.013117
0 0.287674 0.325694 0.012153 0.013117
0 0.287674 0.325694 0.012153 0.013117
0 0.287674 0.325694 0.012153 0.013117
0 0.287674 0.325694 0.012153 0.013117
0 0.287674 0.325694 0.012153 0.013117
0 0.287674 0.325694 0.012153 0.013117
0 0.287674 0.325694 0.012153 0.013117
0 0.287674 0.325694 0.012153 0.013117
0 0.287674 0.325694 0.012153 0.013117
0 0.287674 0.325694 0.012153 0.013117
0 0.287674 0.325694 0.012153 0.013117
0 0.287674 0.325694 0.012153 0.013117
0 0.287674 0.325694 0.012153 0.013117
0 0.287674 0.325694 0.012153 0.013117
0 0.287674 0.325694 0.012153 0.013117
0 0.287674 0.325694 0.012153 0.013117
0 0.287674 0.325694 0.012153 0.013117
0 0.287674 0.325694 0.012153 0.013117
0 0.287674 0.325694 0.012153 0.013117
0 0.287674 0.325694 0.012153 0.013117
0 0.287674 0.325694 0.012153 0.013117
0 0.287674 0.325694 0.012153 0.013117
0 0.287674 0.325694 0.012153 0.013117
0 0.287674 0.325694 0.012153 0.013117
0 0.287674 0.325694 0.012153 0.013117
0 0.287674 0.325694 0.012153 0.013117
0 0.287674 0.325694 0.012153 0.013117
0 0.287674 0.325694 0.012153 0.013117
0 0.287674 0.325694 0.012153 0.013117
