0 0.272135 0.097917 0.006597 0.012191
0 0.272135 0.097531 0.006597 0.012037
0 0.272135 0.097531 0.006597 0.012037
0 0.272135 0.097531 0.006597 0.012037
0 0.272396 0.097531 0.006597 0.012037
0 0.272396 0.097531 0.006597 0.012037
0 0.272396 0.097531 0.006597 0.012037
0 0.272656 0.097531 0.006597 0.012037
0 0.272656 0.097531 0.006597 0.012037
0 0.272656 0.097531 0.006597 0.012037
0 0.272917 0.097531 0.006597 0.012037
0 0.272917 0.097145 0.006597 0.012191
0 0.273177 0.097145 0.006597 0.012191
0 0.273351 0.096682 0.006597 0.012191
0 0.273351 0.096682 0.006597 0.012191
0 0.273611 0.096219 0.006597 0.012191
0 0.273872 0.096219 0.006597 0.012191
0 0.273872 0.095756 0.006597 0.012191
0 0.274132 0.095756 0.006597 0.012191
0 0.274392 0.095370 0.006597 0.012037
0 0.274566 0.095370 0.006597 0.012037
0 0.274566 0.094907 0.006597 0.012037
0 0.274566 0.094522 0.006597 0.012191
0 0.274566 0.094522 0.006597 0.012191
0 0.274566 0.094059 0.006597 0.012191
0 0.274826 0.094059 0.006597 0.012191
0 0.274826 0.093596 0.006597 0.012191
0 0.274826 0.093210 0.006597 0.012037
0 0.274826 0.093210 0.006597 0.012037
0 0.274826 0.092747 0.006597 0.012037
0 0.275087 0.092747 0.006597 0.012037
0 0.275087 0.092361 0.006597 0.012191
0 0.275087 0.092361 0.006597 0.012191
0 0.275087 0.091898 0.006597 0.012191
0 0.275347 0.091898 0.006597 0.012191
0 0.275347 0.091435 0.006597 0.012191
0 0.275347 0.091435 0.006597 0.012191
0 0.275608 0.090972 0.006597 0.012191
0 0.275608 0.090972 0.006597 0.012191
0 0.275608 0.090586 0.006597 0.012037
0 0.275825 0.090586 0.006510 0.012037
0 0.275825 0.090201 0.006510 0.012191
0 0.275825 0.089738 0.006510 0.012191
0 0.275825 0.089738 0.006510 0.012191
0 0.276042 0.089275 0.006597 0.012191
0 0.276042 0.089275 0.006597 0.012191
0 0.276042 0.088812 0.006597 0.012191
0 0.276302 0.088426 0.006597 0.012037
0 0.276302 0.088426 0.006597 0.012037
0 0.276302 0.088040 0.006597 0.012191
0 0.276562 0.088040 0.006597 0.012191
0 0.276562 0.087577 0.006597 0.012191
0 0.276823 0.087577 0.006597 0.012191
0 0.276823 0.087114 0.006597 0.012191
0 0.277040 0.087114 0.006510 0.012191
0 0.277257 0.087114 0.006597 0.012191
0 0.277257 0.086651 0.006597 0.012191
0 0.277517 0.086651 0.006597 0.012191
0 0.277517 0.086265 0.006597 0.012037
0 0.277778 0.086265 0.006597 0.012037
0 0.278038 0.086265 0.006597 0.012037
0 0.278299 0.085802 0.006597 0.012037
0 0.278472 0.085802 0.006597 0.012037
0 0.278733 0.085417 0.006597 0.012191
0 0.278993 0.085417 0.006597 0.012191
0 0.279514 0.084954 0.006597 0.012191
0 0.279731 0.084954 0.006510 0.012191
0 0.279948 0.084491 0.006597 0.012191
0 0.280208 0.084491 0.006597 0.012191
0 0.280469 0.084105 0.006597 0.012037
0 0.280946 0.084105 0.006510 0.012037
0 0.280946 0.083642 0.006510 0.012037
0 0.280946 0.083642 0.006510 0.012037
0 0.281163 0.083256 0.006597 0.012191
0 0.281163 0.083256 0.006597 0.012191
0 0.281424 0.082793 0.006597 0.012191
0 0.281424 0.082793 0.006597 0.012191
0 0.281424 0.082330 0.006597 0.012191
0 0.281684 0.082330 0.006597 0.012191
0 0.281684 0.081867 0.006597 0.012191
0 0.281944 0.081867 0.006597 0.012191
0 0.281944 0.081481 0.006597 0.012037
0 0.282205 0.081481 0.006597 0.012037
0 0.282205 0.081096 0.006597 0.012191
0 0.282378 0.081096 0.006597 0.012191
0 0.282639 0.080633 0.006597 0.012191
0 0.282639 0.080633 0.006597 0.012191
0 0.282899 0.080170 0.006597 0.012191
0 0.282899 0.080170 0.006597 0.012191
0 0.283160 0.079707 0.006597 0.012191
0 0.283420 0.079707 0.006597 0.012191
0 0.283420 0.079321 0.006597 0.012037
0 0.283420 0.079321 0.006597 0.012037
0 0.283594 0.078858 0.006597 0.012037
0 0.283594 0.078858 0.006597 0.012037
0 0.283854 0.078472 0.006597 0.012191
0 0.283854 0.078472 0.006597 0.012191
0 0.283854 0.078009 0.006597 0.012191
0 0.284115 0.078009 0.006597 0.012191
0 0.284115 0.077546 0.006597 0.012191
0 0.284375 0.077546 0.006597 0.012191
0 0.284375 0.077160 0.006597 0.012037
0 0.284635 0.077160 0.006597 0.012037
0 0.284635 0.076698 0.006597 0.012037
0 0.284852 0.076698 0.006510 0.012037
0 0.284852 0.076312 0.006510 0.012191
0 0.285069 0.076312 0.006597 0.012191
0 0.285069 0.075849 0.006597 0.012191
0 0.285330 0.075849 0.006597 0.012191
0 0.285330 0.075386 0.006597 0.012191
0 0.285590 0.075386 0.006597 0.012191
0 0.285590 0.074923 0.006597 0.012191
0 0.285590 0.074537 0.006597 0.012037
0 0.285590 0.074537 0.006597 0.012037
0 0.285851 0.074151 0.006597 0.012191
0 0.285851 0.074151 0.006597 0.012191
0 0.285851 0.073688 0.006597 0.012191
0 0.286068 0.073225 0.006510 0.012191
0 0.286068 0.073225 0.006510 0.012191
0 0.286068 0.072762 0.006510 0.012191
0 0.286285 0.072762 0.006597 0.012191
0 0.286285 0.072377 0.006597 0.012037
0 0.286285 0.071991 0.006597 0.012191
0 0.286545 0.071991 0.006597 0.012191
0 0.286545 0.071528 0.006597 0.012191
0 0.286806 0.071528 0.006597 0.012191
0 0.286806 0.071065 0.006597 0.012191
0 0.286806 0.070602 0.006597 0.012191
0 0.287066 0.070602 0.006597 0.012191
0 0.287066 0.070216 0.006597 0.012037
0 0.287326 0.070216 0.006597 0.012037
0 0.287326 0.069753 0.006597 0.012037
0 0.287500 0.069367 0.006597 0.012191
0 0.287500 0.068904 0.006597 0.012191
0 0.287760 0.068441 0.006597 0.012191
0 0.287760 0.067978 0.006597 0.012191
0 0.288021 0.067593 0.006597 0.012037
0 0.288021 0.067207 0.006597 0.012191
0 0.288281 0.066744 0.006597 0.012191
0 0.288281 0.066281 0.006597 0.012191
0 0.288542 0.065818 0.006597 0.012191
0 0.288542 0.065432 0.006597 0.012037
0 0.288759 0.065046 0.006510 0.012191
0 0.288976 0.064583 0.006597 0.012191
0 0.289236 0.064120 0.006597 0.012191
0 0.289497 0.064120 0.006597 0.012191
0 0.289497 0.063657 0.006597 0.012191
0 0.289757 0.063272 0.006597 0.012037
0 0.289974 0.062809 0.006510 0.012037
0 0.290191 0.062423 0.006597 0.012191
0 0.290451 0.062423 0.006597 0.012191
0 0.290451 0.061497 0.006597 0.012191
0 0.290712 0.061111 0.006597 0.012037
0 0.290712 0.060648 0.006597 0.012037
0 0.290972 0.060262 0.006597 0.012191
0 0.290972 0.059799 0.006597 0.012191
0 0.291233 0.058873 0.006597 0.012191
0 0.291233 0.058488 0.006597 0.012037
0 0.291406 0.058102 0.006597 0.012191
0 0.291406 0.057639 0.006597 0.012191
0 0.291667 0.057176 0.006597 0.012191
0 0.291667 0.056713 0.006597 0.012191
0 0.291927 0.056327 0.006597 0.012037
0 0.291927 0.055864 0.006597 0.012037
0 0.292187 0.055478 0.006597 0.012191
0 0.292448 0.055015 0.006597 0.012191
0 0.292448 0.054552 0.006597 0.012191
0 0.292622 0.054167 0.006597 0.012037
0 0.292622 0.053704 0.006597 0.012037
0 0.292882 0.053318 0.006597 0.012191
0 0.293142 0.052855 0.006597 0.012191
0 0.293142 0.052392 0.006597 0.012191
0 0.293403 0.051929 0.006597 0.012191
0 0.293663 0.051543 0.006597 0.012037
0 0.293880 0.051157 0.006510 0.012191
0 0.294097 0.050694 0.006597 0.012191
0 0.294097 0.050231 0.006597 0.012191
0 0.294358 0.049769 0.006597 0.012191
0 0.294618 0.049383 0.006597 0.012037
0 0.294878 0.048997 0.006597 0.012191
0 0.295139 0.048765 0.006597 0.011728
