0 0.284245 0.176235 0.007378 0.021296
0 0.283507 0.175849 0.007292 0.021142
0 0.282769 0.175849 0.007378 0.021142
0 0.282161 0.175386 0.007031 0.021142
0 0.281424 0.175386 0.007118 0.021142
0 0.280816 0.175231 0.006771 0.020833
0 0.280078 0.175000 0.006858 0.021296
0 0.279384 0.174769 0.006858 0.020833
0 0.278733 0.174537 0.006597 0.021296
0 0.278038 0.174306 0.006597 0.020833
0 0.277387 0.174306 0.006337 0.020833
0 0.276693 0.174306 0.006337 0.020833
0 0.276172 0.174769 0.006337 0.020833
0 0.275738 0.174769 0.006337 0.020833
0 0.274957 0.175231 0.006337 0.020833
0 0.274479 0.175617 0.006424 0.020679
0 0.274002 0.175617 0.006337 0.020679
0 0.273264 0.176003 0.006424 0.020833
0 0.272786 0.176003 0.006337 0.020833
0 0.272266 0.176466 0.006337 0.020833
0 0.271832 0.176929 0.006337 0.020833
0 0.271311 0.176929 0.006337 0.020833
0 0.270790 0.177392 0.006337 0.020833
0 0.270356 0.177855 0.006337 0.020833
0 0.269835 0.178164 0.006337 0.020833
0 0.269575 0.178627 0.006337 0.020833
0 0.269141 0.179090 0.006337 0.020833
0 0.268620 0.179552 0.006337 0.020833
0 0.268099 0.180015 0.006337 0.020833
0 0.267665 0.180324 0.006337 0.020833
0 0.267405 0.180787 0.006337 0.020833
0 0.267144 0.181250 0.006337 0.020833
0 0.266884 0.181713 0.006337 0.020833
0 0.266710 0.182176 0.006337 0.020833
0 0.266450 0.182562 0.006337 0.020679
0 0.266189 0.183410 0.006337 0.020833
0 0.265929 0.183873 0.006337 0.020833
0 0.265668 0.184336 0.006337 0.020833
0 0.265451 0.184799 0.006424 0.020833
0 0.265234 0.185108 0.006337 0.020833
0 0.265234 0.186034 0.006337 0.020833
0 0.264974 0.186497 0.006337 0.020833
0 0.264714 0.186960 0.006337 0.020833
0 0.264453 0.187269 0.006337 0.020833
0 0.264193 0.188194 0.006337 0.020833
0 0.264019 0.188657 0.006337 0.020833
0 0.263759 0.189120 0.006337 0.020833
0 0.263498 0.189892 0.006337 0.020833
0 0.263238 0.190355 0.006337 0.020833
0 0.262977 0.190818 0.006337 0.020833
0 0.262977 0.191667 0.006337 0.020679
0 0.262804 0.192052 0.006337 0.020833
0 0.262804 0.192978 0.006337 0.020833
0 0.262804 0.193904 0.006337 0.020833
0 0.262543 0.194444 0.006337 0.020370
0 0.262543 0.195370 0.006337 0.020370
0 0.262543 0.196219 0.006337 0.020525
0 0.262283 0.196836 0.006337 0.019907
0 0.262283 0.197762 0.006337 0.019907
0 0.262283 0.198611 0.006337 0.020062
0 0.262283 0.199460 0.006337 0.019907
0 0.262283 0.200154 0.006337 0.020370
0 0.262283 0.201157 0.006337 0.020833
0 0.262283 0.202083 0.006337 0.020833
0 0.262283 0.203164 0.006337 0.021142
0 0.262283 0.204244 0.006337 0.021759
0 0.262283 0.205093 0.006337 0.021605
0 0.262283 0.206250 0.006337 0.022068
0 0.262283 0.207022 0.006337 0.022068
0 0.262283 0.208179 0.006337 0.022531
0 0.262413 0.209182 0.006076 0.022994
0 0.262413 0.210108 0.006076 0.022994
0 0.262413 0.211034 0.006076 0.022994
0 0.262413 0.211806 0.006076 0.022994
0 0.262674 0.213194 0.006076 0.022994
0 0.262674 0.213966 0.006076 0.022994
0 0.262674 0.214892 0.006076 0.022994
0 0.262891 0.216127 0.006163 0.022994
0 0.262891 0.217052 0.006163 0.022994
0 0.262891 0.217978 0.006163 0.022994
0 0.263108 0.219213 0.006076 0.022994
0 0.263368 0.219676 0.006076 0.022994
0 0.263628 0.220448 0.006076 0.022994
0 0.264106 0.221373 0.006163 0.022994
0 0.264323 0.222299 0.006076 0.022994
0 0.264844 0.223071 0.006076 0.022994
0 0.265104 0.223997 0.006076 0.022994
0 0.265321 0.224923 0.006163 0.022994
0 0.265799 0.225694 0.006076 0.022994
0 0.266059 0.226620 0.006076 0.022994
0 0.266580 0.227392 0.006076 0.022994
0 0.266797 0.227855 0.006163 0.022994
0 0.267274 0.228781 0.006076 0.022994
0 0.267535 0.229552 0.006076 0.022994
0 0.268012 0.230478 0.006163 0.022994
0 0.268490 0.231404 0.006076 0.022994
0 0.268750 0.231867 0.006076 0.022994
0 0.269227 0.232639 0.006163 0.022994
0 0.269488 0.233565 0.006163 0.022994
0 0.269965 0.234336 0.006076 0.022994
0 0.270443 0.235262 0.006163 0.022994
0 0.270660 0.236343 0.006597 0.023302
0 0.271050 0.237423 0.006858 0.023920
0 0.271441 0.238735 0.007118 0.023765
0 0.271788 0.239815 0.007292 0.024383
0 0.272179 0.241358 0.007552 0.024691
0 0.272439 0.242361 0.008073 0.025154
0 0.272786 0.243519 0.008247 0.025617
0 0.273134 0.244753 0.008594 0.025617
0 0.273481 0.245910 0.008767 0.026080
0 0.273872 0.247454 0.009028 0.026389
0 0.274392 0.248688 0.009028 0.026389
0 0.274826 0.250463 0.009028 0.026543
0 0.275347 0.252160 0.009028 0.026543
0 0.276042 0.253935 0.009028 0.026389
0 0.276562 0.255633 0.009028 0.026389
0 0.277083 0.256944 0.009028 0.026543
0 0.277778 0.258719 0.009028 0.026389
0 0.278299 0.260417 0.009028 0.026389
0 0.278733 0.262191 0.009028 0.026543
0 0.279514 0.263889 0.009028 0.026543
0 0.281163 0.266049 0.009028 0.026543
0 0.282899 0.268673 0.009028 0.026543
0 0.284809 0.271296 0.009028 0.026543
0 0.286545 0.273843 0.009028 0.026389
0 0.288542 0.276466 0.009028 0.026389
0 0.290191 0.279090 0.009028 0.026389
0 0.291927 0.281713 0.009028 0.026389
0 0.293880 0.284259 0.009115 0.026543
0 0.295573 0.286883 0.009028 0.026543
0 0.297569 0.289506 0.009028 0.026543
0 0.297569 0.289506 0.009028 0.026543
0 0.297569 0.289506 0.009028 0.026543
0 0.297569 0.289506 0.009028 0.026543
0 0.297569 0.289506 0.009028 0.026543
0 0.297569 0.289506 0.009028 0.026543
0 0.297569 0.289506 0.009028 0.026543
0 0.297569 0.289506 0.009028 0.026543
0 0.297569 0.289506 0.009028 0.026543
0 0.297569 0.289506 0.009028 0.026543
0 0.297569 0.289506 0.009028 0.026543
0 0.297569 0.289506 0.009028 0.026543
0 0.297569 0.289506 0.009028 0.026543
0 0.297569 0.289506 0.009028 0.026543
0 0.297569 0.289506 0.009028 0.026543
0 0.297569 0.289506 0.009028 0.026543
0 0.297569 0.289506 0.009028 0.026543
0 0.297569 0.289506 0.009028 0.026543
0 0.297569 0.289506 0.009028 0.026543
0 0.297569 0.289506 0.009028 0.026543
0 0.297569 0.289506 0.009028 0.026543
0 0.297569 0.289506 0.009028 0.026543
0 0.297569 0.289506 0.009028 0.026543
0 0.297569 0.289506 0.009028 0.026543
0 0.297569 0.289506 0.009028 0.026543
0 0.297569 0.289506 0.009028 0.026543
0 0.297569 0.289506 0.009028 0.026543
0 0.297569 0.289506 0.009028 0.026543
0 0.297569 0.289506 0.009028 0.026543
0 0.297569 0.289506 0.009028 0.026543
0 0.297569 0.289506 0.009028 0.026543
0 0.297569 0.289506 0.009028 0.026543
0 0.297569 0.289506 0.009028 0.026543
0 0.297569 0.289506 0.009028 0.026543
0 0.297569 0.289506 0.009028 0.026543
0 0.297569 0.289506 0.009028 0.026543
0 0.297569 0.289506 0.009028 0.026543
0 0.297569 0.289506 0.009028 0.026543
0 0.297569 0.289506 0.009028 0.026543
0 0.297569 0.289506 0.009028 0.026543
0 0.297569 0.289506 0.009028 0.026543
0 0.297569 0.289506 0.009028 0.026543
0 0.297569 0.289506 0.009028 0.026543
0 0.297569 0.289506 0.009028 0.026543
0 0.297569 0.289506 0.009028 0.026543
0 0.297569 0.289506 0.009028 0.026543
0 0.297569 0.289506 0.009028 0.026543
0 0.297569 0.289506 0.009028 0.026543
0 0.297569 0.289506 0.009028 0.026543
0 0.297569 0.289506 0.009028 0.026543
0 0.297569 0.289506 0.009028 0.026543
