0 0.188932 0.092130 0.004601 0.012654
0 0.188455 0.092130 0.004687 0.012654
0 0.187977 0.092130 0.004601 0.012654
0 0.187500 0.092130 0.004687 0.012654
0 0.187109 0.092284 0.004427 0.012963
0 0.186762 0.092284 0.004601 0.012963
0 0.186285 0.092284 0.004687 0.012963
0 0.185894 0.092515 0.004427 0.013426
0 0.185417 0.092515 0.004340 0.013426
0 0.184939 0.092515 0.004427 0.013426
0 0.184679 0.092747 0.004427 0.013889
0 0.184201 0.092284 0.004340 0.013889
0 0.183941 0.092284 0.004340 0.013889
0 0.183464 0.092284 0.004427 0.013889
0 0.183203 0.092052 0.004427 0.013426
0 0.182856 0.092052 0.004601 0.013426
0 0.182509 0.091821 0.004427 0.013889
0 0.182118 0.091667 0.004687 0.013580
0 0.181727 0.091667 0.004427 0.013580
0 0.181380 0.091667 0.004601 0.013580
0 0.181120 0.091667 0.004601 0.013580
0 0.180642 0.091667 0.004687 0.013580
0 0.180165 0.091821 0.004601 0.013889
0 0.179688 0.092052 0.004687 0.013426
0 0.179297 0.092284 0.004427 0.013889
0 0.178950 0.092515 0.004601 0.013426
0 0.178472 0.092747 0.004687 0.013889
0 0.178082 0.092747 0.004427 0.013889
0 0.177604 0.093210 0.004340 0.013889
0 0.177127 0.093210 0.004427 0.013889
0 0.176866 0.093673 0.004427 0.013889
0 0.176389 0.093441 0.004340 0.013426
0 0.176042 0.093441 0.004167 0.013426
0 0.175651 0.093441 0.004427 0.013426
0 0.175260 0.093441 0.004167 0.013426
0 0.174913 0.093441 0.004340 0.013426
0 0.174566 0.093441 0.004167 0.013426
0 0.174045 0.093441 0.004167 0.013426
0 0.173828 0.093441 0.004080 0.013426
0 0.173351 0.093441 0.004167 0.013426
0 0.173090 0.093673 0.004167 0.012963
0 0.172569 0.090355 0.004167 0.013426
0 0.172222 0.087346 0.004340 0.013580
0 0.171875 0.084336 0.004167 0.013426
0 0.171484 0.081250 0.004427 0.013426
0 0.171137 0.078164 0.004080 0.013426
0 0.170790 0.075000 0.004427 0.013889
0 0.170269 0.071914 0.004427 0.013889
0 0.170052 0.068827 0.004340 0.013889
0 0.169575 0.065895 0.004427 0.013889
0 0.169314 0.062809 0.004427 0.013889
0 0.168837 0.062346 0.004340 0.013889
0 0.168316 0.062346 0.004340 0.013889
0 0.167839 0.062346 0.004427 0.013889
0 0.167578 0.062346 0.004427 0.013889
0 0.167101 0.062346 0.004340 0.013889
0 0.166623 0.061960 0.004427 0.013735
0 0.166363 0.061960 0.004427 0.013735
0 0.165885 0.061960 0.004340 0.013735
0 0.165408 0.061960 0.004427 0.013735
0 0.165148 0.061960 0.004427 0.013735
0 0.164670 0.061574 0.004340 0.013889
0 0.164193 0.061574 0.004427 0.013889
0 0.163932 0.061111 0.004427 0.013889
0 0.163455 0.061111 0.004340 0.013889
0 0.163194 0.061111 0.004340 0.013889
0 0.162717 0.060648 0.004427 0.013889
0 0.162240 0.060648 0.004340 0.013889
0 0.161979 0.060185 0.004340 0.013889
0 0.161502 0.060185 0.004427 0.013889
0 0.161241 0.060185 0.004427 0.013889
0 0.160547 0.054398 0.004427 0.013426
0 0.160026 0.048765 0.004427 0.012654
0 0.159288 0.043056 0.004340 0.011728
0 0.158811 0.037269 0.004427 0.011265
0 0.158333 0.031790 0.004340 0.010802
0 0.157595 0.026157 0.004427 0.010031
0 0.157118 0.020370 0.004340 0.009568
0 0.156380 0.014660 0.004427 0.008642
0 0.155903 0.009028 0.004340 0.007870
0 0.155382 0.003627 0.004340 0.007253
0 0.154905 0.003395 0.004427 0.006790
0 0.154644 0.003395 0.004427 0.006790
0 0.154167 0.003395 0.004340 0.006790
0 0.153950 0.003395 0.004427 0.006790
0 0.153429 0.003395 0.004427 0.006790
0 0.153212 0.003395 0.004340 0.006790
0 0.152734 0.003395 0.004427 0.006790
0 0.152474 0.003395 0.004427 0.006790
0 0.151997 0.003395 0.004340 0.006790
0 0.151736 0.003395 0.004340 0.006790
0 0.151259 0.003395 0.004427 0.006790
0 0.150738 0.003395 0.004427 0.006790
0 0.150521 0.003395 0.004340 0.006790
0 0.150043 0.003395 0.004427 0.006790
0 0.149783 0.003395 0.004427 0.006790
0 0.149306 0.003395 0.004340 0.006790
0 0.148828 0.003395 0.004427 0.006790
0 0.148568 0.003395 0.004427 0.006790
0 0.148090 0.003395 0.004340 0.006790
0 0.147830 0.003395 0.004340 0.006790
0 0.147352 0.003395 0.004427 0.006790
0 0.146832 0.003395 0.004427 0.006790
0 0.146354 0.003395 0.004340 0.006790
0 0.145877 0.003395 0.004427 0.006790
0 0.145616 0.003395 0.004427 0.006790
0 0.145139 0.003395 0.004340 0.006790
0 0.144661 0.003395 0.004427 0.006790
0 0.144184 0.003395 0.004340 0.006790
0 0.143707 0.003395 0.004427 0.006790
0 0.143446 0.003395 0.004427 0.006790
0 0.143186 0.003241 0.004427 0.006481
0 0.143186 0.003241 0.004427 0.006481
0 0.142969 0.003241 0.004340 0.006481
0 0.142969 0.003009 0.004340 0.006019
0 0.142708 0.003009 0.004340 0.006019
0 0.142708 0.003009 0.004340 0.006019
0 0.142448 0.002778 0.004340 0.005556
0 0.142448 0.002778 0.004340 0.005556
0 0.142231 0.002778 0.004427 0.005556
0 0.142231 0.002778 0.004427 0.005556
0 0.142361 0.002546 0.004167 0.005093
0 0.142491 0.002546 0.003906 0.005093
0 0.142708 0.002315 0.003819 0.004630
0 0.142795 0.002315 0.003646 0.004630
0 0.143056 0.002315 0.003646 0.004630
0 0.143186 0.002160 0.003385 0.004321
0 0.143316 0.002160 0.003125 0.004321
0 0.143576 0.001929 0.003125 0.003858
0 0.143663 0.001929 0.002951 0.003858
0 0.144054 0.001929 0.002691 0.003858
0 0.144444 0.001929 0.002951 0.003858
0 0.144878 0.001929 0.002951 0.003858
0 0.145269 0.001929 0.003212 0.003858
0 0.145877 0.002160 0.003385 0.004321
0 0.146354 0.002160 0.003472 0.004321
0 0.146701 0.002160 0.003646 0.004321
0 0.147352 0.002315 0.003906 0.004630
0 0.147743 0.002315 0.004167 0.004630
0 0.148177 0.002315 0.004167 0.004630
0 0.148828 0.002546 0.004427 0.005093
0 0.149783 0.002546 0.004427 0.005093
0 0.150998 0.002546 0.004427 0.005093
0 0.152214 0.002546 0.004427 0.005093
0 0.153429 0.002546 0.004427 0.005093
0 0.154644 0.002546 0.004427 0.005093
0 0.155903 0.002546 0.004340 0.005093
0 0.157118 0.002546 0.004340 0.005093
0 0.158333 0.002546 0.004340 0.005093
0 0.159549 0.002546 0.004340 0.005093
0 0.160764 0.002546 0.004340 0.005093
0 0.161632 0.002315 0.004167 0.004630
0 0.162587 0.002315 0.004167 0.004630
0 0.163542 0.002315 0.004167 0.004630
0 0.164714 0.002160 0.003906 0.004321
0 0.165668 0.002160 0.003906 0.004321
0 0.166493 0.002160 0.003646 0.004321
0 0.167578 0.001929 0.003385 0.003858
0 0.168576 0.001929 0.003472 0.003858
0 0.169575 0.001929 0.003385 0.003858
0 0.170660 0.001929 0.003125 0.003858
0 0.171267 0.001929 0.003472 0.003858
0 0.172005 0.001929 0.003385 0.003858
0 0.172700 0.001929 0.003385 0.003858
0 0.173351 0.001929 0.003646 0.003858
0 0.174175 0.001929 0.003906 0.003858
0 0.174957 0.001929 0.003906 0.003858
0 0.175521 0.001929 0.004167 0.003858
0 0.176259 0.001929 0.004080 0.003858
0 0.176997 0.001929 0.004167 0.003858
0 0.177865 0.001929 0.004340 0.003858
0 0.177865 0.001929 0.004340 0.003858
0 0.177865 0.001929 0.004340 0.003858
0 0.177951 0.001929 0.004167 0.003858
0 0.177951 0.001929 0.004167 0.003858
0 0.177951 0.001929 0.004167 0.003858
0 0.178082 0.001929 0.003906 0.003858
0 0.178082 0.001929 0.003906 0.003858
0 0.178082 0.001929 0.003906 0.003858
0 0.178212 0.001929 0.003646 0.003858
0 0.178212 0.001929 0.003646 0.003858
