0 0.225043 0.243441 0.008073 0.027315
0 0.224609 0.243133 0.008073 0.027315
0 0.224219 0.243133 0.007812 0.027315
0 0.223698 0.242670 0.007812 0.027315
0 0.223481 0.242670 0.007726 0.027315
0 0.223134 0.242438 0.007552 0.026852
0 0.222613 0.242207 0.007552 0.027315
0 0.222352 0.241975 0.007552 0.026852
0 0.221918 0.241744 0.007552 0.027315
0 0.221528 0.241512 0.007292 0.026852
0 0.221267 0.241512 0.007292 0.026852
0 0.220920 0.240741 0.007639 0.026852
0 0.220703 0.239815 0.007552 0.026852
0 0.220443 0.238966 0.007552 0.027006
0 0.220182 0.238117 0.007552 0.026852
0 0.219922 0.237191 0.007552 0.026852
0 0.219661 0.236343 0.007552 0.027006
0 0.219488 0.235494 0.007552 0.026852
0 0.219227 0.234568 0.007552 0.026852
0 0.218967 0.233796 0.007552 0.026852
0 0.218707 0.232870 0.007552 0.026852
0 0.218446 0.232253 0.007552 0.026543
0 0.218229 0.231790 0.007639 0.026543
0 0.218012 0.231327 0.007552 0.026543
0 0.217752 0.230710 0.007552 0.025926
0 0.217622 0.230556 0.007292 0.025617
0 0.217361 0.230093 0.007292 0.025617
0 0.217144 0.229398 0.007378 0.025154
0 0.216884 0.228935 0.007378 0.025154
0 0.216667 0.228472 0.007292 0.025154
0 0.216536 0.228318 0.007031 0.024846
0 0.216276 0.227932 0.007031 0.024691
0 0.216059 0.227469 0.007118 0.024691
0 0.215799 0.227006 0.007118 0.024691
0 0.215538 0.227006 0.007118 0.024691
0 0.215538 0.226543 0.007118 0.024691
0 0.215321 0.226157 0.007031 0.024846
0 0.215061 0.226157 0.007031 0.024846
0 0.214800 0.225772 0.007031 0.024691
0 0.214583 0.225309 0.007118 0.024691
0 0.214583 0.225309 0.007118 0.024691
0 0.214583 0.225309 0.007118 0.024691
0 0.214583 0.225309 0.007118 0.024691
0 0.214583 0.225309 0.007118 0.024691
0 0.214583 0.225309 0.007118 0.024691
0 0.214583 0.225309 0.007118 0.024691
0 0.214583 0.225309 0.007118 0.024691
0 0.214583 0.225309 0.007118 0.024691
0 0.214583 0.225309 0.007118 0.024691
0 0.214583 0.225309 0.007118 0.024691
0 0.214583 0.225309 0.007118 0.024691
0 0.214583 0.225309 0.007118 0.024691
0 0.214583 0.225309 0.007118 0.024691
0 0.214583 0.225309 0.007118 0.024691
0 0.214583 0.225309 0.007118 0.024691
0 0.214583 0.225309 0.007118 0.024691
0 0.214583 0.225309 0.007118 0.024691
0 0.214583 0.225309 0.007118 0.024691
0 0.214583 0.225309 0.007118 0.024691
0 0.214583 0.225309 0.007118 0.024691
0 0.214583 0.225309 0.007118 0.024691
0 0.214583 0.225309 0.007118 0.024691
0 0.214583 0.225309 0.007118 0.024691
0 0.214583 0.225309 0.007118 0.024691
0 0.214583 0.225309 0.007118 0.024691
0 0.214583 0.225309 0.007118 0.024691
0 0.214583 0.225309 0.007118 0.024691
0 0.214583 0.225309 0.007118 0.024691
0 0.214583 0.225309 0.007118 0.024691
0 0.214583 0.225309 0.007118 0.024691
0 0.214583 0.225309 0.007118 0.024691
0 0.214583 0.225309 0.007118 0.024691
0 0.214583 0.225309 0.007118 0.024691
0 0.214583 0.225309 0.007118 0.024691
0 0.214583 0.225309 0.007118 0.024691
0 0.214583 0.225309 0.007118 0.024691
0 0.214583 0.225309 0.007118 0.024691
0 0.214583 0.225309 0.007118 0.024691
0 0.214583 0.225309 0.007118 0.024691
0 0.214583 0.225309 0.007118 0.024691
0 0.214583 0.225309 0.007118 0.024691
0 0.214583 0.225309 0.007118 0.024691
0 0.214583 0.225309 0.007118 0.024691
0 0.214583 0.225309 0.007118 0.024691
0 0.214583 0.225309 0.007118 0.024691
0 0.214583 0.225309 0.007118 0.024691
0 0.214583 0.225309 0.007118 0.024691
0 0.214583 0.225309 0.007118 0.024691
0 0.214583 0.225309 0.007118 0.024691
0 0.214583 0.225309 0.007118 0.024691
0 0.214583 0.225309 0.007118 0.024691
0 0.213368 0.235494 0.007118 0.022531
0 0.212153 0.245910 0.007118 0.020833
0 0.210894 0.256096 0.007031 0.018673
0 0.209679 0.266512 0.007031 0.016975
0 0.208464 0.276929 0.007031 0.014352
0 0.207248 0.287346 0.007031 0.012654
0 0.206033 0.297531 0.007031 0.010494
0 0.204818 0.307948 0.007031 0.008796
0 0.203602 0.318133 0.007031 0.006636
0 0.202387 0.328704 0.007031 0.004321
0 0.202127 0.328704 0.007031 0.004321
0 0.201866 0.328935 0.007031 0.003858
0 0.201649 0.329167 0.007118 0.004321
0 0.201389 0.329398 0.007118 0.003858
0 0.201389 0.329630 0.007118 0.004321
0 0.201172 0.329861 0.007031 0.003858
0 0.200911 0.329861 0.007031 0.003858
0 0.200651 0.330324 0.007031 0.003858
0 0.200434 0.330324 0.007118 0.003858
0 0.200434 0.330710 0.007118 0.004012
0 0.200434 0.330710 0.007118 0.004012
0 0.200434 0.330710 0.007118 0.004012
0 0.200434 0.330710 0.007118 0.004012
0 0.200434 0.330710 0.007118 0.004012
0 0.200434 0.330710 0.007118 0.004012
0 0.200434 0.330710 0.007118 0.004012
0 0.200434 0.330710 0.007118 0.004012
0 0.200434 0.330710 0.007118 0.004012
0 0.200434 0.330710 0.007118 0.004012
0 0.200434 0.330710 0.007118 0.004012
0 0.200434 0.330710 0.007118 0.004012
0 0.200434 0.330710 0.007118 0.004012
0 0.200434 0.330710 0.007118 0.004012
0 0.200434 0.330710 0.007118 0.004012
0 0.200434 0.330710 0.007118 0.004012
0 0.200434 0.330710 0.007118 0.004012
0 0.200434 0.330710 0.007118 0.004012
0 0.200434 0.330710 0.007118 0.004012
0 0.200434 0.330710 0.007118 0.004012
0 0.200434 0.330710 0.007118 0.004012
0 0.200434 0.330710 0.007118 0.004012
0 0.200434 0.330710 0.007118 0.004012
0 0.200434 0.330710 0.007118 0.004012
0 0.200434 0.330710 0.007118 0.004012
0 0.200434 0.330710 0.007118 0.004012
0 0.200434 0.330710 0.007118 0.004012
0 0.200434 0.330710 0.007118 0.004012
0 0.200434 0.330710 0.007118 0.004012
0 0.200434 0.330710 0.007118 0.004012
0 0.200434 0.330710 0.007118 0.004012
0 0.200434 0.330710 0.007118 0.004012
0 0.200434 0.330710 0.007118 0.004012
0 0.200434 0.330710 0.007118 0.004012
0 0.200434 0.330710 0.007118 0.004012
0 0.200434 0.330710 0.007118 0.004012
0 0.200434 0.330710 0.007118 0.004012
0 0.200434 0.330710 0.007118 0.004012
0 0.200434 0.330710 0.007118 0.004012
0 0.200434 0.330710 0.007118 0.004012
0 0.200434 0.330710 0.007118 0.004012
0 0.200434 0.330710 0.007118 0.004012
0 0.200434 0.330710 0.007118 0.004012
0 0.200434 0.330710 0.007118 0.004012
0 0.200434 0.330710 0.007118 0.004012
0 0.200434 0.330710 0.007118 0.004012
0 0.200434 0.330710 0.007118 0.004012
0 0.200434 0.330710 0.007118 0.004012
0 0.200434 0.330710 0.007118 0.004012
0 0.200434 0.330710 0.007118 0.004012
0 0.200434 0.330710 0.007118 0.004012
0 0.200434 0.330710 0.007118 0.004012
0 0.200434 0.330710 0.007118 0.004012
0 0.200434 0.330710 0.007118 0.004012
0 0.200434 0.330710 0.007118 0.004012
0 0.200434 0.330710 0.007118 0.004012
0 0.200434 0.330710 0.007118 0.004012
0 0.200434 0.330710 0.007118 0.004012
0 0.200434 0.330710 0.007118 0.004012
0 0.200434 0.330710 0.007118 0.004012
0 0.200434 0.330710 0.007118 0.004012
0 0.200434 0.330710 0.007118 0.004012
0 0.200434 0.330710 0.007118 0.004012
0 0.200434 0.330710 0.007118 0.004012
0 0.200434 0.330710 0.007118 0.004012
0 0.200434 0.330710 0.007118 0.004012
0 0.200434 0.330710 0.007118 0.004012
0 0.200434 0.330710 0.007118 0.004012
0 0.200434 0.330710 0.007118 0.004012
0 0.200434 0.330710 0.007118 0.004012
0 0.200434 0.330710 0.007118 0.004012
