0 0.172960 0.076312 0.003385 0.011265
0 0.172960 0.073225 0.003385 0.011265
0 0.172960 0.070602 0.003385 0.011265
0 0.172960 0.067593 0.003385 0.011420
0 0.172960 0.065046 0.003385 0.011265
0 0.172960 0.062423 0.003385 0.011265
0 0.172960 0.059336 0.003385 0.011265
0 0.172960 0.056713 0.003385 0.011265
0 0.172960 0.053781 0.003385 0.011265
0 0.172960 0.051157 0.003385 0.011265
0 0.173220 0.048534 0.003385 0.011265
0 0.172960 0.048071 0.003385 0.011265
0 0.172960 0.048071 0.003385 0.011265
0 0.172960 0.048071 0.003385 0.011265
0 0.172960 0.048071 0.003385 0.011265
0 0.172960 0.048071 0.003385 0.011265
0 0.172700 0.048071 0.003385 0.011265
0 0.172700 0.048071 0.003385 0.011265
0 0.172700 0.048071 0.003385 0.011265
0 0.172700 0.048071 0.003385 0.011265
0 0.172700 0.048071 0.003385 0.011265
0 0.172569 0.047145 0.003646 0.011265
0 0.172569 0.046373 0.003646 0.011265
0 0.172569 0.045448 0.003646 0.011265
0 0.172569 0.044676 0.003646 0.011265
0 0.172700 0.043750 0.003906 0.011265
0 0.172569 0.042824 0.004167 0.011265
0 0.172569 0.042052 0.004167 0.011265
0 0.172569 0.041127 0.004167 0.011265
0 0.172569 0.040201 0.004167 0.011265
0 0.172700 0.039429 0.004427 0.011265
0 0.172700 0.039429 0.004427 0.011265
0 0.172700 0.039429 0.004427 0.011265
0 0.172700 0.039429 0.004427 0.011265
0 0.172700 0.039429 0.004427 0.011265
0 0.172700 0.039429 0.004427 0.011265
0 0.172700 0.039429 0.004427 0.011265
0 0.172700 0.039429 0.004427 0.011265
0 0.172700 0.039429 0.004427 0.011265
0 0.172700 0.039429 0.004427 0.011265
0 0.172700 0.039429 0.004427 0.011265
0 0.172613 0.039429 0.004601 0.011265
0 0.172613 0.039429 0.004601 0.011265
0 0.172613 0.039429 0.004601 0.011265
0 0.172613 0.039429 0.004601 0.011265
0 0.172613 0.039429 0.004601 0.011265
0 0.172613 0.039429 0.004601 0.011265
0 0.172613 0.039429 0.004601 0.011265
0 0.172613 0.039429 0.004601 0.011265
0 0.172613 0.039429 0.004601 0.011265
0 0.172613 0.039429 0.004601 0.011265
0 0.172613 0.038966 0.004601 0.011265
0 0.172613 0.038966 0.004601 0.011265
0 0.172613 0.038503 0.004601 0.011265
0 0.172613 0.038503 0.004601 0.011265
0 0.172613 0.038040 0.004601 0.011265
0 0.172613 0.038040 0.004601 0.011265
0 0.172613 0.037731 0.004601 0.011265
0 0.172613 0.037731 0.004601 0.011265
0 0.172613 0.037269 0.004601 0.011265
0 0.172700 0.037269 0.004427 0.011265
0 0.172700 0.036806 0.004427 0.011265
0 0.172700 0.036343 0.004427 0.011265
0 0.172700 0.036343 0.004427 0.011265
0 0.172700 0.035880 0.004427 0.011265
0 0.172700 0.035880 0.004427 0.011265
0 0.172700 0.035494 0.004427 0.011420
0 0.172700 0.035108 0.004427 0.011265
0 0.172700 0.035108 0.004427 0.011265
0 0.172700 0.034645 0.004427 0.011265
0 0.172960 0.034645 0.004427 0.011265
0 0.172483 0.034645 0.004340 0.011265
0 0.172005 0.034645 0.004427 0.011265
0 0.171484 0.034645 0.004427 0.011265
0 0.171267 0.034645 0.004340 0.011265
0 0.170790 0.034645 0.004427 0.011265
0 0.170269 0.034645 0.004427 0.011265
0 0.170052 0.034645 0.004340 0.011265
0 0.169575 0.034645 0.004427 0.011265
0 0.169054 0.034645 0.004427 0.011265
0 0.168837 0.035108 0.004340 0.011265
0 0.168576 0.034645 0.004340 0.011265
0 0.168316 0.034645 0.004340 0.011265
0 0.168099 0.034645 0.004427 0.011265
0 0.167839 0.034645 0.004427 0.011265
0 0.167578 0.034645 0.004427 0.011265
0 0.167361 0.034182 0.004340 0.011265
0 0.167101 0.034182 0.004340 0.011265
0 0.166884 0.034182 0.004427 0.011265
0 0.166623 0.034182 0.004427 0.011265
0 0.166363 0.034182 0.004427 0.011265
0 0.165885 0.034182 0.004340 0.011265
0 0.165408 0.034182 0.004427 0.011265
0 0.164931 0.034182 0.004340 0.011265
0 0.164670 0.034182 0.004340 0.011265
0 0.164193 0.034645 0.004427 0.011265
0 0.163672 0.034645 0.004427 0.011265
0 0.163455 0.034645 0.004340 0.011265
0 0.162977 0.034645 0.004427 0.011265
0 0.162457 0.034645 0.004427 0.011265
0 0.162240 0.035108 0.004340 0.011265
0 0.162240 0.035108 0.004340 0.011265
0 0.162240 0.035108 0.004340 0.011265
0 0.162240 0.035108 0.004340 0.011265
0 0.162240 0.035108 0.004340 0.011265
0 0.162240 0.035108 0.004340 0.011265
0 0.162240 0.035108 0.004340 0.011265
0 0.162240 0.035108 0.004340 0.011265
0 0.162240 0.035108 0.004340 0.011265
0 0.162240 0.035108 0.004340 0.011265
0 0.162240 0.035108 0.004340 0.011265
0 0.161762 0.034645 0.004427 0.011265
0 0.161241 0.034645 0.004427 0.011265
0 0.160764 0.034182 0.004340 0.011265
0 0.160286 0.034182 0.004427 0.011265
0 0.159896 0.034182 0.004687 0.011265
0 0.159418 0.033719 0.004601 0.011265
0 0.158941 0.033719 0.004687 0.011265
0 0.158464 0.033333 0.004601 0.011420
0 0.157943 0.033333 0.004601 0.011420
0 0.157726 0.033333 0.004687 0.011420
0 0.156380 0.033179 0.004427 0.011728
0 0.155165 0.032948 0.004427 0.012191
0 0.153950 0.032716 0.004427 0.012654
0 0.152734 0.032716 0.004427 0.012654
0 0.151519 0.032485 0.004427 0.013117
0 0.150174 0.032253 0.004167 0.013580
0 0.148958 0.032253 0.004167 0.013580
0 0.147743 0.032099 0.004167 0.013889
0 0.146484 0.031867 0.004080 0.014352
0 0.145269 0.032022 0.004080 0.014660
0 0.144531 0.031790 0.004167 0.015123
0 0.143837 0.031790 0.004167 0.015123
0 0.143186 0.031790 0.004427 0.015123
0 0.142578 0.031790 0.004080 0.015123
0 0.141970 0.031790 0.004427 0.015123
0 0.141233 0.031790 0.004340 0.015123
0 0.140625 0.031790 0.004167 0.015123
0 0.140017 0.031790 0.004340 0.015123
0 0.139280 0.031790 0.004427 0.015123
0 0.138802 0.031790 0.004340 0.015123
0 0.138325 0.031404 0.004427 0.015278
0 0.138064 0.031404 0.004427 0.015278
0 0.137587 0.030941 0.004340 0.015278
0 0.137326 0.030941 0.004340 0.015278
0 0.137109 0.030478 0.004427 0.015278
0 0.136589 0.030478 0.004427 0.015278
0 0.136372 0.030093 0.004340 0.015123
0 0.135894 0.030093 0.004427 0.015123
0 0.135634 0.029630 0.004427 0.015123
0 0.135373 0.029630 0.004427 0.015123
0 0.134679 0.029630 0.004427 0.015123
0 0.133941 0.029630 0.004340 0.015123
0 0.133203 0.030093 0.004427 0.015123
0 0.132465 0.030093 0.004340 0.015123
0 0.131988 0.030478 0.004427 0.015278
0 0.131250 0.030478 0.004340 0.015278
0 0.130512 0.030478 0.004427 0.015278
0 0.129774 0.030941 0.004340 0.015278
0 0.129036 0.030941 0.004427 0.015278
0 0.128559 0.031404 0.004340 0.015278
0 0.127821 0.030941 0.004427 0.015278
0 0.127083 0.030941 0.004340 0.015278
0 0.126345 0.030941 0.004427 0.015278
0 0.125651 0.030941 0.004427 0.015278
0 0.124870 0.030941 0.004427 0.015278
0 0.124175 0.030710 0.004427 0.014815
0 0.123437 0.030710 0.004340 0.014815
0 0.122700 0.030710 0.004427 0.014815
0 0.121962 0.030710 0.004340 0.014815
0 0.121484 0.030710 0.004427 0.014815
0 0.120486 0.030710 0.004340 0.014815
0 0.119748 0.030710 0.004427 0.014815
0 0.118924 0.030710 0.004687 0.014815
0 0.118186 0.030710 0.004601 0.014815
0 0.117448 0.030941 0.004687 0.015278
0 0.116493 0.030941 0.004687 0.015278
0 0.115755 0.030941 0.004601 0.015278
0 0.114887 0.030941 0.004948 0.015278
0 0.114149 0.030941 0.004861 0.015278
0 0.113455 0.031173 0.004861 0.015741
