0 0.199566 0.007948 0.008854 0.015278
0 0.179557 0.006867 0.007726 0.013735
0 0.159679 0.006250 0.007031 0.012500
0 0.139800 0.005633 0.006337 0.011265
0 0.119878 0.004938 0.005556 0.009877
0 0.100000 0.004321 0.004861 0.008642
0 0.079991 0.003395 0.003906 0.006790
0 0.060113 0.002778 0.003212 0.005556
0 0.040191 0.002160 0.002431 0.004321
0 0.020312 0.001466 0.001736 0.002932
0 0.000477 0.000849 0.000955 0.001698
0 0.000477 0.000849 0.000955 0.001698
0 0.000477 0.000849 0.000955 0.001698
0 0.000477 0.000849 0.000955 0.001698
0 0.000477 0.000849 0.000955 0.001698
0 0.000477 0.000849 0.000955 0.001698
0 0.000477 0.000849 0.000955 0.001698
0 0.000477 0.000849 0.000955 0.001698
0 0.000477 0.000849 0.000955 0.001698
0 0.000477 0.000849 0.000955 0.001698
0 0.000477 0.000849 0.000955 0.001698
0 0.000477 0.000849 0.000955 0.001698
0 0.000477 0.000849 0.000955 0.001698
0 0.000477 0.000849 0.000955 0.001698
0 0.000477 0.000849 0.000955 0.001698
0 0.000477 0.000849 0.000955 0.001698
0 0.000477 0.000849 0.000955 0.001698
0 0.000477 0.000849 0.000955 0.001698
0 0.000477 0.000849 0.000955 0.001698
0 0.000477 0.000849 0.000955 0.001698
0 0.000477 0.000849 0.000955 0.001698
0 0.000477 0.000849 0.000955 0.001698
0 0.000477 0.000849 0.000955 0.001698
0 0.000477 0.000849 0.000955 0.001698
0 0.000477 0.000849 0.000955 0.001698
0 0.000477 0.000849 0.000955 0.001698
0 0.000477 0.000849 0.000955 0.001698
0 0.000477 0.000849 0.000955 0.001698
0 0.000477 0.000849 0.000955 0.001698
0 0.000477 0.000849 0.000955 0.001698
0 0.000477 0.000849 0.000955 0.001698
0 0.020703 0.007562 0.001476 0.003086
0 0.041102 0.014198 0.002170 0.004321
0 0.061458 0.020988 0.002951 0.005556
0 0.081944 0.027932 0.003472 0.006481
0 0.102344 0.034877 0.004167 0.008333
0 0.122700 0.041512 0.004948 0.009568
0 0.143229 0.048534 0.005382 0.010340
0 0.163585 0.055247 0.006163 0.011728
0 0.183941 0.061960 0.006771 0.013117
0 0.204427 0.069059 0.007292 0.014352
0 0.204427 0.069059 0.007292 0.014352
0 0.204427 0.069059 0.007292 0.014352
0 0.204427 0.069059 0.007292 0.014352
0 0.204427 0.069059 0.007292 0.014352
0 0.204427 0.069059 0.007292 0.014352
0 0.204427 0.069059 0.007292 0.014352
0 0.204427 0.069059 0.007292 0.014352
0 0.204427 0.069059 0.007292 0.014352
0 0.204427 0.069059 0.007292 0.014352
0 0.204427 0.069059 0.007292 0.014352
0 0.204427 0.069059 0.007292 0.014352
0 0.204427 0.069059 0.007292 0.014352
0 0.204427 0.069059 0.007292 0.014352
0 0.204427 0.069059 0.007292 0.014352
0 0.204427 0.069059 0.007292 0.014352
0 0.204427 0.069059 0.007292 0.014352
0 0.204427 0.069059 0.007292 0.014352
0 0.204427 0.069059 0.007292 0.014352
0 0.204427 0.069059 0.007292 0.014352
0 0.204427 0.069059 0.007292 0.014352
0 0.203863 0.062577 0.007552 0.014352
0 0.203342 0.056559 0.007552 0.014352
0 0.202778 0.050463 0.007812 0.014198
0 0.202257 0.043904 0.007812 0.014352
0 0.201866 0.037886 0.008073 0.014352
0 0.201259 0.031867 0.008247 0.014352
0 0.200781 0.025309 0.008333 0.014198
0 0.200174 0.019213 0.008507 0.014352
0 0.199696 0.013194 0.008594 0.014352
0 0.199349 0.007099 0.008767 0.014198
0 0.199349 0.007485 0.008767 0.014352
0 0.199566 0.008410 0.008854 0.014352
0 0.199783 0.009259 0.008767 0.014198
0 0.199913 0.010108 0.009028 0.014352
0 0.200174 0.011034 0.009028 0.014352
0 0.200434 0.011651 0.009028 0.014660
0 0.200564 0.012500 0.009288 0.014815
0 0.200781 0.013349 0.009201 0.014660
0 0.200998 0.014198 0.009288 0.014815
0 0.201259 0.015123 0.009288 0.014815
0 0.201259 0.015972 0.009288 0.014660
0 0.201389 0.017284 0.009028 0.014815
0 0.201519 0.018596 0.008767 0.014660
0 0.201649 0.019676 0.008507 0.014352
0 0.201780 0.020910 0.008247 0.014352
0 0.201780 0.022068 0.008247 0.014815
0 0.201866 0.023148 0.008073 0.014198
0 0.201997 0.024460 0.007812 0.014352
0 0.202127 0.025694 0.007552 0.014352
0 0.202257 0.027083 0.007292 0.014352
0 0.202257 0.027855 0.007292 0.014352
0 0.202257 0.028781 0.007292 0.014352
0 0.202257 0.029630 0.007292 0.014198
0 0.202517 0.030941 0.007292 0.014352
0 0.202517 0.031867 0.007292 0.014352
0 0.202517 0.032639 0.007292 0.014352
0 0.202734 0.034028 0.007378 0.014352
0 0.202734 0.034799 0.007378 0.014352
0 0.202734 0.035725 0.007378 0.014352
0 0.202995 0.036960 0.007378 0.014352
0 0.202995 0.037886 0.007378 0.014352
0 0.203212 0.039198 0.007292 0.014198
0 0.203472 0.040509 0.007292 0.014352
0 0.203472 0.041744 0.007292 0.014352
0 0.203733 0.043133 0.007292 0.014352
0 0.203950 0.044367 0.007378 0.014352
0 0.203950 0.045679 0.007378 0.014198
0 0.204210 0.046991 0.007378 0.014352
0 0.204427 0.048302 0.007292 0.014198
0 0.204687 0.049614 0.007292 0.014352
0 0.204687 0.050463 0.007292 0.014198
0 0.204687 0.051775 0.007292 0.014352
0 0.204687 0.052623 0.007292 0.014198
0 0.204687 0.053935 0.007292 0.014352
0 0.204687 0.055015 0.007292 0.013735
0 0.204687 0.056096 0.007292 0.014352
0 0.204687 0.057253 0.007292 0.013889
0 0.204687 0.058256 0.007292 0.014352
0 0.204687 0.059414 0.007292 0.013889
0 0.204687 0.060648 0.007292 0.013889
0 0.204427 0.061343 0.007292 0.014352
0 0.204427 0.062191 0.007292 0.014198
0 0.204427 0.063040 0.007292 0.014352
0 0.204427 0.063966 0.007292 0.014352
0 0.204427 0.064738 0.007292 0.014352
0 0.204427 0.065664 0.007292 0.014352
0 0.204427 0.066512 0.007292 0.014198
0 0.204427 0.067361 0.007292 0.014352
0 0.204427 0.068287 0.007292 0.014352
0 0.204427 0.069059 0.007292 0.014352
0 0.204210 0.069985 0.007378 0.014352
0 0.204210 0.070910 0.007378 0.014352
0 0.203950 0.071682 0.007378 0.014352
0 0.203950 0.072608 0.007378 0.014352
0 0.203950 0.073843 0.007378 0.014352
0 0.203733 0.074769 0.007292 0.014352
0 0.203733 0.075617 0.007292 0.014198
0 0.203472 0.076466 0.007292 0.014352
0 0.203472 0.077392 0.007292 0.014352
0 0.203472 0.078627 0.007292 0.014352
0 0.203472 0.079552 0.007292 0.014352
0 0.203472 0.080787 0.007292 0.014352
0 0.203472 0.081944 0.007292 0.013889
0 0.203472 0.083179 0.007292 0.013889
0 0.203472 0.084336 0.007292 0.013426
0 0.203472 0.085340 0.007292 0.013889
0 0.203472 0.086497 0.007292 0.013426
0 0.203472 0.087731 0.007292 0.013426
0 0.203472 0.088889 0.007292 0.012963
0 0.203733 0.090123 0.007292 0.012963
0 0.203733 0.091049 0.007292 0.012963
0 0.203733 0.091898 0.007292 0.013117
0 0.203733 0.093210 0.007292 0.012963
0 0.203733 0.094059 0.007292 0.013117
0 0.203733 0.095370 0.007292 0.012963
0 0.203733 0.096219 0.007292 0.013117
0 0.203733 0.097068 0.007292 0.012963
0 0.203733 0.098380 0.007292 0.013117
0 0.203733 0.099228 0.007292 0.012963
0 0.203733 0.100617 0.007292 0.012963
0 0.203472 0.101157 0.007292 0.013426
0 0.203472 0.102083 0.007292 0.013426
0 0.203212 0.103009 0.007292 0.013426
0 0.203212 0.103781 0.007292 0.013426
0 0.203212 0.104707 0.007292 0.013426
0 0.202995 0.105556 0.007378 0.013580
0 0.202995 0.106404 0.007378 0.013426
0 0.202995 0.107330 0.007378 0.013426
0 0.202734 0.108102 0.007378 0.013426
0 0.202734 0.109028 0.007378 0.013426
