0 0.185156 0.060880 0.003472 0.010957
0 0.185156 0.061728 0.003472 0.010802
0 0.185156 0.062654 0.003472 0.010802
0 0.185156 0.063426 0.003472 0.010802
0 0.185156 0.064815 0.003472 0.010802
0 0.185156 0.065664 0.003472 0.010957
0 0.185156 0.066512 0.003472 0.010802
0 0.185156 0.067824 0.003472 0.010957
0 0.185156 0.068673 0.003472 0.010802
0 0.185156 0.069599 0.003472 0.010802
0 0.185156 0.070833 0.003472 0.010802
0 0.185156 0.070833 0.003472 0.010802
0 0.185156 0.070833 0.003472 0.010802
0 0.185156 0.070833 0.003472 0.010802
0 0.185156 0.070833 0.003472 0.010802
0 0.185156 0.070833 0.003472 0.010802
0 0.185156 0.070833 0.003472 0.010802
0 0.185156 0.070833 0.003472 0.010802
0 0.185156 0.070833 0.003472 0.010802
0 0.185156 0.070833 0.003472 0.010802
0 0.185156 0.070833 0.003472 0.010802
0 0.185156 0.070833 0.003472 0.010802
0 0.185156 0.070833 0.003472 0.010802
0 0.185156 0.070833 0.003472 0.010802
0 0.185156 0.070833 0.003472 0.010802
0 0.185156 0.070833 0.003472 0.010802
0 0.185156 0.070833 0.003472 0.010802
0 0.185156 0.070833 0.003472 0.010802
0 0.185156 0.070833 0.003472 0.010802
0 0.185156 0.070833 0.003472 0.010802
0 0.185156 0.070833 0.003472 0.010802
0 0.184939 0.070370 0.003385 0.010802
0 0.184939 0.069985 0.003385 0.010957
0 0.184939 0.069599 0.003385 0.010802
0 0.184939 0.069599 0.003385 0.010802
0 0.184939 0.069136 0.003385 0.010802
0 0.184939 0.068673 0.003385 0.010802
0 0.184939 0.068673 0.003385 0.010802
0 0.184939 0.068210 0.003385 0.010802
0 0.184939 0.067824 0.003385 0.010957
0 0.184939 0.067824 0.003385 0.010957
0 0.184939 0.067361 0.003385 0.010957
0 0.184939 0.067361 0.003385 0.010957
0 0.184939 0.067361 0.003385 0.010957
0 0.184939 0.067361 0.003385 0.010957
0 0.184939 0.067361 0.003385 0.010957
0 0.184939 0.067361 0.003385 0.010957
0 0.184939 0.067361 0.003385 0.010957
0 0.184939 0.067361 0.003385 0.010957
0 0.184939 0.067361 0.003385 0.010957
0 0.184939 0.067361 0.003385 0.010957
0 0.184939 0.067361 0.003385 0.010957
0 0.184939 0.067361 0.003385 0.010957
0 0.185156 0.067361 0.003472 0.010957
0 0.185156 0.067361 0.003472 0.010957
0 0.185417 0.067824 0.003472 0.010957
0 0.185417 0.067824 0.003472 0.010957
0 0.185417 0.067824 0.003472 0.010957
0 0.185634 0.067824 0.003385 0.010957
0 0.185634 0.067824 0.003385 0.010957
0 0.185894 0.068210 0.003385 0.010802
0 0.185894 0.068210 0.003385 0.010802
0 0.185894 0.068210 0.003385 0.010802
0 0.185894 0.068210 0.003385 0.010802
0 0.185894 0.068210 0.003385 0.010802
0 0.185894 0.068210 0.003385 0.010802
0 0.185894 0.068210 0.003385 0.010802
0 0.185894 0.068210 0.003385 0.010802
0 0.185894 0.068210 0.003385 0.010802
0 0.185894 0.068210 0.003385 0.010802
0 0.185894 0.068210 0.003385 0.010802
0 0.185894 0.067824 0.003385 0.010957
0 0.185894 0.067824 0.003385 0.010957
0 0.186155 0.067361 0.003385 0.010957
0 0.186155 0.067361 0.003385 0.010957
0 0.186415 0.066975 0.003385 0.010802
0 0.186415 0.066975 0.003385 0.010802
0 0.186415 0.066512 0.003385 0.010802
0 0.186632 0.066512 0.003472 0.010802
0 0.186632 0.066049 0.003472 0.010802
0 0.186892 0.066049 0.003472 0.010802
0 0.186892 0.065664 0.003472 0.010957
0 0.186892 0.065664 0.003472 0.010957
0 0.186892 0.065432 0.003472 0.010494
0 0.186979 0.065201 0.003646 0.010957
0 0.186979 0.065201 0.003646 0.010957
0 0.186979 0.064969 0.003646 0.010494
0 0.187109 0.064815 0.003906 0.010802
0 0.187109 0.064583 0.003906 0.010340
0 0.187109 0.064583 0.003906 0.010340
0 0.187240 0.064583 0.004167 0.010340
0 0.187240 0.064120 0.004167 0.010340
0 0.187500 0.064120 0.004167 0.010340
0 0.187500 0.064120 0.004167 0.010340
0 0.187760 0.064120 0.004167 0.010340
0 0.187760 0.064120 0.004167 0.010340
0 0.187977 0.064120 0.004080 0.010340
0 0.187977 0.064120 0.004080 0.010340
0 0.188194 0.064120 0.004167 0.010340
0 0.188194 0.064120 0.004167 0.010340
0 0.188455 0.064120 0.004167 0.010340
0 0.188455 0.063657 0.004167 0.010340
0 0.188455 0.063657 0.004167 0.010340
0 0.188455 0.063272 0.004167 0.010494
0 0.188455 0.063272 0.004167 0.010494
0 0.188455 0.063272 0.004167 0.010494
0 0.188455 0.062809 0.004167 0.010494
0 0.188455 0.062809 0.004167 0.010494
0 0.188455 0.062423 0.004167 0.010340
0 0.188455 0.062423 0.004167 0.010340
0 0.188455 0.062423 0.004167 0.010340
0 0.188455 0.062423 0.004167 0.010340
0 0.188455 0.062423 0.004167 0.010340
0 0.188455 0.062423 0.004167 0.010340
0 0.188455 0.062423 0.004167 0.010340
0 0.188455 0.062423 0.004167 0.010340
0 0.188455 0.062423 0.004167 0.010340
0 0.188455 0.062423 0.004167 0.010340
0 0.188455 0.062423 0.004167 0.010340
0 0.188455 0.062423 0.004167 0.010340
0 0.188455 0.062423 0.004167 0.010340
0 0.187977 0.061960 0.004080 0.010340
0 0.187500 0.061960 0.004167 0.010340
0 0.187240 0.061960 0.004167 0.010340
0 0.186762 0.061960 0.004080 0.010340
0 0.186545 0.061960 0.004167 0.010340
0 0.186024 0.061497 0.004167 0.010340
0 0.185503 0.061497 0.004167 0.010340
0 0.185286 0.061497 0.004080 0.010340
0 0.184809 0.061497 0.004167 0.010340
0 0.184549 0.061497 0.004167 0.010340
0 0.184071 0.061497 0.004080 0.010340
0 0.183854 0.061497 0.004167 0.010340
0 0.183594 0.061497 0.004167 0.010340
0 0.183333 0.061497 0.004167 0.010340
0 0.183073 0.061497 0.004167 0.010340
0 0.182856 0.061497 0.004080 0.010340
0 0.182639 0.061497 0.004167 0.010340
0 0.182378 0.061497 0.004167 0.010340
0 0.182118 0.061497 0.004167 0.010340
0 0.181858 0.061960 0.004167 0.010340
0 0.181597 0.061960 0.004167 0.010340
0 0.181380 0.061960 0.004080 0.010340
0 0.181163 0.061960 0.004167 0.010340
0 0.181163 0.061960 0.004167 0.010340
0 0.180903 0.062423 0.004167 0.010340
0 0.180642 0.062423 0.004167 0.010340
0 0.180642 0.062423 0.004167 0.010340
0 0.180382 0.062423 0.004167 0.010340
0 0.180165 0.062423 0.004080 0.010340
0 0.180165 0.062809 0.004080 0.010494
0 0.180165 0.063040 0.004080 0.010957
0 0.180165 0.063657 0.004080 0.011265
0 0.180165 0.064352 0.004080 0.011728
0 0.180165 0.065046 0.004080 0.012191
0 0.180165 0.065664 0.004080 0.012500
0 0.180165 0.065895 0.004080 0.012963
0 0.180165 0.066512 0.004080 0.013580
0 0.180165 0.067130 0.004080 0.013889
0 0.180165 0.067824 0.004080 0.014352
0 0.180252 0.068441 0.003906 0.014660
0 0.180078 0.068441 0.003906 0.014660
0 0.180078 0.068904 0.003906 0.014660
0 0.180078 0.069059 0.003906 0.014352
0 0.180078 0.069522 0.003906 0.014352
0 0.180078 0.069753 0.003906 0.013889
0 0.179948 0.069985 0.003646 0.014352
0 0.179948 0.070216 0.003646 0.013889
0 0.179948 0.070679 0.003646 0.013889
0 0.179948 0.070910 0.003646 0.013426
0 0.179948 0.071296 0.003646 0.013580
0 0.179688 0.071296 0.003646 0.013580
0 0.179427 0.071296 0.003646 0.013580
0 0.179427 0.071296 0.003646 0.013580
0 0.179167 0.071296 0.003646 0.013580
0 0.179167 0.071296 0.003646 0.013580
0 0.178950 0.071296 0.003733 0.013580
0 0.178950 0.071296 0.003733 0.013580
0 0.178733 0.071296 0.003646 0.013580
0 0.178733 0.071296 0.003646 0.013580
0 0.178472 0.071296 0.003646 0.013580
