0 0.000477 0.000849 0.000955 0.001698
0 0.000477 0.000849 0.000955 0.001698
0 0.000477 0.000849 0.000955 0.001698
0 0.000477 0.000849 0.000955 0.001698
0 0.000477 0.000849 0.000955 0.001698
0 0.000477 0.000849 0.000955 0.001698
0 0.000477 0.000849 0.000955 0.001698
0 0.000477 0.000849 0.000955 0.001698
0 0.000477 0.000849 0.000955 0.001698
0 0.000477 0.000849 0.000955 0.001698
0 0.000477 0.000849 0.000955 0.001698
0 0.000477 0.000849 0.000955 0.001698
0 0.000477 0.000849 0.000955 0.001698
0 0.000477 0.000849 0.000955 0.001698
0 0.000477 0.000849 0.000955 0.001698
0 0.000477 0.000849 0.000955 0.001698
0 0.000477 0.000849 0.000955 0.001698
0 0.000477 0.000849 0.000955 0.001698
0 0.000477 0.000849 0.000955 0.001698
0 0.000477 0.000849 0.000955 0.001698
0 0.000477 0.000849 0.000955 0.001698
0 0.000477 0.000849 0.000955 0.001698
0 0.000477 0.000849 0.000955 0.001698
0 0.000477 0.000849 0.000955 0.001698
0 0.000477 0.000849 0.000955 0.001698
0 0.000477 0.000849 0.000955 0.001698
0 0.000477 0.000849 0.000955 0.001698
0 0.000477 0.000849 0.000955 0.001698
0 0.000477 0.000849 0.000955 0.001698
0 0.000477 0.000849 0.000955 0.001698
0 0.000477 0.000849 0.000955 0.001698
0 0.000477 0.000849 0.000955 0.001698
0 0.000477 0.000849 0.000955 0.001698
0 0.000477 0.000849 0.000955 0.001698
0 0.000477 0.000849 0.000955 0.001698
0 0.000477 0.000849 0.000955 0.001698
0 0.000477 0.000849 0.000955 0.001698
0 0.000477 0.000849 0.000955 0.001698
0 0.000477 0.000849 0.000955 0.001698
0 0.000477 0.000849 0.000955 0.001698
0 0.000477 0.000849 0.000955 0.001698
0 0.000477 0.000849 0.000955 0.001698
0 0.000477 0.000849 0.000955 0.001698
0 0.000477 0.000849 0.000955 0.001698
0 0.000477 0.000849 0.000955 0.001698
0 0.000477 0.000849 0.000955 0.001698
0 0.000477 0.000849 0.000955 0.001698
0 0.000477 0.000849 0.000955 0.001698
0 0.000477 0.000849 0.000955 0.001698
0 0.000477 0.000849 0.000955 0.001698
0 0.000477 0.000849 0.000955 0.001698
0 0.000477 0.000849 0.000955 0.001698
0 0.000477 0.000849 0.000955 0.001698
0 0.000477 0.000849 0.000955 0.001698
0 0.000477 0.000849 0.000955 0.001698
0 0.000477 0.000849 0.000955 0.001698
0 0.000477 0.000849 0.000955 0.001698
0 0.000477 0.000849 0.000955 0.001698
0 0.000477 0.000849 0.000955 0.001698
0 0.000477 0.000849 0.000955 0.001698
0 0.000477 0.000849 0.000955 0.001698
0 0.000477 0.000849 0.000955 0.001698
0 0.000477 0.000849 0.000955 0.001698
0 0.000477 0.000849 0.000955 0.001698
0 0.000477 0.000849 0.000955 0.001698
0 0.000477 0.000849 0.000955 0.001698
0 0.000477 0.000849 0.000955 0.001698
0 0.000477 0.000849 0.000955 0.001698
0 0.000477 0.000849 0.000955 0.001698
0 0.000477 0.000849 0.000955 0.001698
0 0.000477 0.000849 0.000955 0.001698
0 0.007899 0.012269 0.001736 0.003858
0 0.015365 0.024228 0.002431 0.006173
0 0.022873 0.035725 0.003385 0.008179
0 0.030339 0.047608 0.004080 0.010340
0 0.038021 0.059568 0.004861 0.012654
0 0.045443 0.071065 0.005642 0.014660
0 0.052908 0.083025 0.006337 0.016975
0 0.060460 0.094444 0.007378 0.019136
0 0.067925 0.106481 0.008073 0.021296
0 0.075608 0.118364 0.008854 0.023457
0 0.075608 0.118364 0.008854 0.023457
0 0.075608 0.118364 0.008854 0.023457
0 0.075608 0.118364 0.008854 0.023457
0 0.075608 0.118364 0.008854 0.023457
0 0.075608 0.118364 0.008854 0.023457
0 0.075608 0.118364 0.008854 0.023457
0 0.075608 0.118364 0.008854 0.023457
0 0.075608 0.118364 0.008854 0.023457
0 0.075608 0.118364 0.008854 0.023457
0 0.075608 0.118364 0.008854 0.023457
0 0.075608 0.118364 0.008854 0.023457
0 0.075608 0.118364 0.008854 0.023457
0 0.075608 0.118364 0.008854 0.023457
0 0.075608 0.118364 0.008854 0.023457
0 0.075608 0.118364 0.008854 0.023457
0 0.075608 0.118364 0.008854 0.023457
0 0.075608 0.118364 0.008854 0.023457
0 0.075608 0.118364 0.008854 0.023457
0 0.075608 0.118364 0.008854 0.023457
0 0.075608 0.118364 0.008854 0.023457
0 0.075608 0.118364 0.008854 0.023457
0 0.075608 0.118364 0.008854 0.023457
0 0.075608 0.118364 0.008854 0.023457
0 0.075608 0.118364 0.008854 0.023457
0 0.075608 0.118364 0.008854 0.023457
0 0.075608 0.118364 0.008854 0.023457
0 0.075608 0.118364 0.008854 0.023457
0 0.075608 0.118364 0.008854 0.023457
0 0.075608 0.118364 0.008854 0.023457
0 0.075608 0.118364 0.008854 0.023457
0 0.075608 0.118364 0.008854 0.023457
0 0.075608 0.118364 0.008854 0.023457
0 0.075608 0.118364 0.008854 0.023457
0 0.075608 0.118364 0.008854 0.023457
0 0.075608 0.118364 0.008854 0.023457
0 0.075608 0.118364 0.008854 0.023457
0 0.075608 0.118364 0.008854 0.023457
0 0.075608 0.118364 0.008854 0.023457
0 0.075608 0.118364 0.008854 0.023457
0 0.075608 0.118364 0.008854 0.023457
0 0.075608 0.118364 0.008854 0.023457
0 0.075608 0.118364 0.008854 0.023457
0 0.075608 0.118364 0.008854 0.023457
0 0.075608 0.118364 0.008854 0.023457
0 0.075608 0.118364 0.008854 0.023457
0 0.075608 0.118364 0.008854 0.023457
0 0.075608 0.118364 0.008854 0.023457
0 0.075608 0.118364 0.008854 0.023457
0 0.075608 0.118364 0.008854 0.023457
0 0.075608 0.118364 0.008854 0.023457
0 0.070269 0.124846 0.008767 0.023457
0 0.064887 0.131559 0.008767 0.022994
0 0.059505 0.138040 0.008767 0.022994
0 0.054384 0.144830 0.008767 0.022685
0 0.049002 0.151698 0.008767 0.022531
0 0.043620 0.158256 0.008767 0.022685
0 0.038498 0.164969 0.008767 0.022222
0 0.033116 0.171528 0.008767 0.022068
0 0.027778 0.178241 0.008854 0.021605
0 0.022656 0.185185 0.008854 0.021605
0 0.024349 0.183410 0.008767 0.021759
0 0.026085 0.182099 0.008767 0.021605
0 0.027778 0.180787 0.008854 0.021759
0 0.029470 0.179321 0.008767 0.022222
0 0.031467 0.178009 0.008767 0.022068
0 0.033116 0.176466 0.008767 0.021759
0 0.034852 0.174923 0.008767 0.022068
0 0.036589 0.173688 0.008767 0.022068
0 0.038238 0.172377 0.008767 0.022222
0 0.040234 0.171065 0.008767 0.022068
0 0.041450 0.169367 0.008767 0.022068
0 0.042925 0.167593 0.008767 0.022222
0 0.044401 0.165818 0.008767 0.022068
0 0.045747 0.164120 0.009028 0.022068
0 0.047135 0.162423 0.009028 0.022068
0 0.048611 0.160648 0.009028 0.022222
0 0.049957 0.158873 0.009288 0.022068
0 0.051432 0.157176 0.009288 0.022068
0 0.052908 0.155478 0.009288 0.022068
0 0.054384 0.153935 0.009288 0.021759
0 0.055469 0.152160 0.009028 0.021605
0 0.056684 0.150694 0.009028 0.022068
0 0.057899 0.149151 0.009028 0.022685
0 0.059115 0.147608 0.009028 0.022994
0 0.060330 0.146142 0.009028 0.023457
0 0.061545 0.144444 0.009028 0.023457
0 0.062760 0.142824 0.009028 0.023920
0 0.063976 0.141358 0.009028 0.024383
0 0.065191 0.139815 0.009028 0.024691
0 0.066580 0.138580 0.008854 0.024691
0 0.067318 0.136806 0.008767 0.024846
0 0.068012 0.135031 0.008767 0.024691
0 0.068793 0.133333 0.008767 0.024691
0 0.069488 0.131790 0.008767 0.024383
0 0.070269 0.130093 0.008767 0.024383
0 0.070964 0.128318 0.008767 0.024228
0 0.071701 0.126620 0.008854 0.024228
0 0.072439 0.125077 0.008767 0.023920
0 0.073134 0.123380 0.008767 0.023920
0 0.073915 0.121605 0.008767 0.023765
