0 0.194792 0.136111 0.006076 0.012963
0 0.194575 0.135957 0.006163 0.012654
0 0.194314 0.135957 0.006163 0.012654
0 0.194097 0.135957 0.006076 0.012654
0 0.193837 0.135957 0.006076 0.012654
0 0.193576 0.135957 0.006076 0.012654
0 0.193316 0.135957 0.006076 0.012654
0 0.193099 0.135957 0.006163 0.012654
0 0.192882 0.135957 0.006076 0.012654
0 0.192622 0.135957 0.006076 0.012654
0 0.192622 0.136188 0.006076 0.012191
0 0.192622 0.135725 0.006076 0.012191
0 0.192622 0.135725 0.006076 0.012191
0 0.192882 0.135262 0.006076 0.012191
0 0.192882 0.135262 0.006076 0.012191
0 0.193099 0.134799 0.006163 0.012191
0 0.193099 0.134799 0.006163 0.012191
0 0.193099 0.134414 0.006163 0.012037
0 0.193316 0.134414 0.006076 0.012037
0 0.193316 0.133951 0.006076 0.012037
0 0.193576 0.133951 0.006076 0.012037
0 0.194097 0.133565 0.006076 0.012191
0 0.194575 0.133565 0.006163 0.012191
0 0.195052 0.133565 0.006076 0.012191
0 0.195530 0.133565 0.006163 0.012191
0 0.196007 0.133565 0.006076 0.012191
0 0.196528 0.133565 0.006076 0.012191
0 0.197005 0.133565 0.006163 0.012191
0 0.197483 0.133565 0.006076 0.012191
0 0.198003 0.133565 0.006076 0.012191
0 0.198437 0.133565 0.006076 0.012191
0 0.198220 0.133102 0.006163 0.012191
0 0.198220 0.133102 0.006163 0.012191
0 0.198220 0.133102 0.006163 0.012191
0 0.198003 0.133102 0.006076 0.012191
0 0.198003 0.133102 0.006076 0.012191
0 0.198003 0.132639 0.006076 0.012191
0 0.197743 0.132639 0.006076 0.012191
0 0.197743 0.132639 0.006076 0.012191
0 0.197743 0.132639 0.006076 0.012191
0 0.197743 0.132639 0.006076 0.012191
0 0.197005 0.132253 0.006163 0.012037
0 0.196528 0.132253 0.006076 0.012037
0 0.196007 0.131790 0.006076 0.012037
0 0.195530 0.131790 0.006163 0.012037
0 0.195052 0.131404 0.006076 0.012191
0 0.194575 0.131404 0.006163 0.012191
0 0.194097 0.130941 0.006076 0.012191
0 0.193576 0.130941 0.006076 0.012191
0 0.193099 0.130478 0.006163 0.012191
0 0.192622 0.130478 0.006076 0.012191
0 0.192361 0.129630 0.006076 0.012037
0 0.192101 0.129244 0.006076 0.012191
0 0.192101 0.128781 0.006076 0.012191
0 0.191884 0.128318 0.006163 0.012191
0 0.191884 0.127855 0.006163 0.012191
0 0.191667 0.127469 0.006076 0.012037
0 0.191406 0.127083 0.006076 0.012191
0 0.191406 0.126620 0.006076 0.012191
0 0.191146 0.126157 0.006076 0.012191
0 0.191146 0.125694 0.006076 0.012191
0 0.190885 0.125309 0.006076 0.012037
0 0.190885 0.125309 0.006076 0.012037
0 0.190668 0.125309 0.006163 0.012037
0 0.190668 0.125309 0.006163 0.012037
0 0.190668 0.125309 0.006163 0.012037
0 0.190408 0.124846 0.006163 0.012037
0 0.190408 0.124846 0.006163 0.012037
0 0.190191 0.124846 0.006076 0.012037
0 0.190191 0.124846 0.006076 0.012037
0 0.190191 0.124846 0.006076 0.012037
0 0.190408 0.124460 0.006163 0.012191
0 0.190885 0.123997 0.006076 0.012191
0 0.191406 0.123534 0.006076 0.012191
0 0.191884 0.123534 0.006163 0.012191
0 0.192361 0.123148 0.006076 0.012037
0 0.192882 0.122685 0.006076 0.012037
0 0.193316 0.122685 0.006076 0.012037
0 0.193837 0.122299 0.006076 0.012191
0 0.194314 0.121836 0.006163 0.012191
0 0.194792 0.121836 0.006076 0.012191
0 0.195052 0.121373 0.006076 0.012191
0 0.195530 0.121373 0.006163 0.012191
0 0.195790 0.120910 0.006163 0.012191
0 0.196267 0.120910 0.006076 0.012191
0 0.196788 0.120910 0.006076 0.012191
0 0.197005 0.120525 0.006163 0.012037
0 0.197483 0.120525 0.006076 0.012037
0 0.197743 0.120139 0.006076 0.012191
0 0.198220 0.120139 0.006163 0.012191
0 0.198698 0.120139 0.006076 0.012191
0 0.195530 0.119213 0.006163 0.012191
0 0.192622 0.118750 0.006076 0.012191
0 0.189670 0.118364 0.006076 0.012037
0 0.186762 0.117515 0.006163 0.012191
0 0.183854 0.117052 0.006076 0.012191
0 0.180903 0.116590 0.006076 0.012191
0 0.177951 0.115741 0.006076 0.012037
0 0.175043 0.115355 0.006163 0.012191
0 0.172135 0.114892 0.006076 0.012191
0 0.169184 0.114429 0.006076 0.012191
0 0.162326 0.114892 0.006076 0.012191
0 0.155773 0.115509 0.006163 0.012500
0 0.148958 0.115972 0.006076 0.012500
0 0.142361 0.116821 0.006076 0.012654
0 0.135503 0.117284 0.006076 0.012654
0 0.128906 0.117901 0.006076 0.012963
0 0.122092 0.118596 0.006163 0.012500
0 0.115495 0.119213 0.006163 0.013117
0 0.108681 0.119676 0.006076 0.013117
0 0.102083 0.120525 0.006076 0.012963
0 0.098437 0.121373 0.006076 0.013117
0 0.094748 0.122222 0.006163 0.012963
0 0.091102 0.123148 0.006163 0.012963
0 0.087543 0.123997 0.005816 0.013117
0 0.083898 0.124846 0.005816 0.012963
0 0.080252 0.125772 0.005816 0.012963
0 0.076693 0.126620 0.005642 0.013117
0 0.073047 0.127469 0.005642 0.012963
0 0.069401 0.128318 0.005642 0.013117
0 0.065842 0.129398 0.005295 0.013426
0 0.065842 0.129398 0.005295 0.013426
0 0.065842 0.129398 0.005295 0.013426
0 0.065842 0.129398 0.005295 0.013426
0 0.065842 0.129398 0.005295 0.013426
0 0.065842 0.129398 0.005295 0.013426
0 0.065842 0.129398 0.005295 0.013426
0 0.065842 0.129398 0.005295 0.013426
0 0.065842 0.129398 0.005295 0.013426
0 0.065842 0.129398 0.005295 0.013426
0 0.065842 0.129398 0.005295 0.013426
0 0.066580 0.128935 0.005382 0.013426
0 0.067274 0.128549 0.005382 0.013580
0 0.068056 0.128164 0.005382 0.013426
0 0.068750 0.128164 0.005382 0.013426
0 0.069531 0.127701 0.005382 0.013426
0 0.070226 0.127238 0.005382 0.013426
0 0.070964 0.127238 0.005295 0.013426
0 0.071701 0.126775 0.005382 0.013426
0 0.072396 0.126389 0.005382 0.013580
0 0.073437 0.126389 0.005382 0.013580
0 0.074132 0.126003 0.005382 0.013426
0 0.075087 0.125540 0.005382 0.013426
0 0.076085 0.125540 0.005295 0.013426
0 0.077083 0.125077 0.005382 0.013426
0 0.078038 0.125077 0.005382 0.013426
0 0.078993 0.124614 0.005382 0.013426
0 0.079991 0.124151 0.005295 0.013426
0 0.080990 0.124151 0.005382 0.013426
0 0.081944 0.123843 0.005382 0.013426
0 0.082899 0.123843 0.005382 0.013426
0 0.083898 0.123380 0.005295 0.013426
0 0.084896 0.122917 0.005382 0.013426
0 0.085851 0.122917 0.005382 0.013426
0 0.087066 0.122454 0.005382 0.013426
0 0.088021 0.122454 0.005382 0.013426
0 0.089019 0.121991 0.005295 0.013426
0 0.090278 0.121605 0.005382 0.013580
0 0.091233 0.121605 0.005382 0.013580
0 0.092187 0.121219 0.005382 0.013426
0 0.093403 0.121219 0.005382 0.013426
0 0.094358 0.120756 0.005382 0.013426
0 0.095399 0.120756 0.005382 0.013426
0 0.096354 0.120756 0.005382 0.013426
0 0.097309 0.120756 0.005382 0.013426
0 0.098524 0.120756 0.005382 0.013426
0 0.099523 0.120293 0.005295 0.013426
0 0.100521 0.120293 0.005382 0.013426
0 0.101476 0.120293 0.005382 0.013426
0 0.102431 0.120293 0.005382 0.013426
0 0.103646 0.120293 0.005382 0.013426
0 0.104774 0.120293 0.005556 0.013426
0 0.105990 0.120293 0.005556 0.013426
0 0.107205 0.120293 0.005556 0.013426
0 0.108420 0.120293 0.005556 0.013426
0 0.109635 0.120525 0.005556 0.012963
0 0.110720 0.120525 0.005816 0.012963
0 0.111979 0.120525 0.005903 0.012963
0 0.113194 0.120525 0.005903 0.012963
0 0.114410 0.120525 0.005903 0.012963
0 0.115755 0.120756 0.006163 0.012500
