0 0.259939 0.057639 0.007552 0.027006
0 0.259939 0.057639 0.007552 0.027006
0 0.259939 0.057639 0.007552 0.027006
0 0.259939 0.057639 0.007552 0.027006
0 0.259939 0.057639 0.007552 0.027006
0 0.259939 0.057639 0.007552 0.027006
0 0.259939 0.057639 0.007552 0.027006
0 0.259939 0.057639 0.007552 0.027006
0 0.259939 0.057639 0.007552 0.027006
0 0.259939 0.057639 0.007552 0.027006
0 0.259939 0.057639 0.007552 0.027006
0 0.259939 0.057639 0.007552 0.027006
0 0.259939 0.057639 0.007552 0.027006
0 0.259939 0.057639 0.007552 0.027006
0 0.259939 0.057639 0.007552 0.027006
0 0.259939 0.057639 0.007552 0.027006
0 0.259939 0.057639 0.007552 0.027006
0 0.259939 0.057639 0.007552 0.027006
0 0.259939 0.057639 0.007552 0.027006
0 0.259939 0.057639 0.007552 0.027006
0 0.259939 0.057639 0.007552 0.027006
0 0.259939 0.057639 0.007552 0.027006
0 0.259939 0.057639 0.007552 0.027006
0 0.259939 0.057639 0.007552 0.027006
0 0.259939 0.057639 0.007552 0.027006
0 0.259939 0.057639 0.007552 0.027006
0 0.259939 0.057639 0.007552 0.027006
0 0.259939 0.057639 0.007552 0.027006
0 0.259939 0.057639 0.007552 0.027006
0 0.259939 0.057639 0.007552 0.027006
0 0.259939 0.057639 0.007552 0.027006
0 0.259939 0.057639 0.007552 0.027006
0 0.259939 0.057639 0.007552 0.027006
0 0.259939 0.057639 0.007552 0.027006
0 0.259939 0.057639 0.007552 0.027006
0 0.259939 0.057639 0.007552 0.027006
0 0.259939 0.057639 0.007552 0.027006
0 0.259939 0.057639 0.007552 0.027006
0 0.259939 0.057639 0.007552 0.027006
0 0.259939 0.057639 0.007552 0.027006
0 0.259939 0.057639 0.007552 0.027006
0 0.259939 0.057639 0.007552 0.027006
0 0.259939 0.057639 0.007552 0.027006
0 0.259939 0.057639 0.007552 0.027006
0 0.259939 0.057639 0.007552 0.027006
0 0.259939 0.057639 0.007552 0.027006
0 0.259939 0.057639 0.007552 0.027006
0 0.259939 0.057639 0.007552 0.027006
0 0.259939 0.057639 0.007552 0.027006
0 0.259939 0.057639 0.007552 0.027006
0 0.259939 0.057639 0.007552 0.027006
0 0.259939 0.057639 0.007552 0.027006
0 0.259939 0.057639 0.007552 0.027006
0 0.259939 0.057639 0.007552 0.027006
0 0.259939 0.057639 0.007552 0.027006
0 0.259939 0.057639 0.007552 0.027006
0 0.259939 0.057639 0.007552 0.027006
0 0.259939 0.057639 0.007552 0.027006
0 0.259939 0.057639 0.007552 0.027006
0 0.259939 0.057639 0.007552 0.027006
0 0.259939 0.057639 0.007552 0.027006
0 0.259939 0.057639 0.007552 0.027006
0 0.259939 0.057639 0.007552 0.027006
0 0.259939 0.057639 0.007552 0.027006
0 0.259939 0.057639 0.007552 0.027006
0 0.259939 0.057639 0.007552 0.027006
0 0.259939 0.057639 0.007552 0.027006
0 0.259939 0.057639 0.007552 0.027006
0 0.259939 0.057639 0.007552 0.027006
0 0.259939 0.057639 0.007552 0.027006
0 0.259939 0.057639 0.007552 0.027006
0 0.266797 0.059336 0.007552 0.027006
0 0.273785 0.061111 0.007812 0.026852
0 0.280816 0.063040 0.007812 0.026389
0 0.287674 0.064815 0.007812 0.026543
0 0.294705 0.066744 0.007812 0.026080
0 0.301693 0.068441 0.008073 0.026080
0 0.308550 0.070216 0.008073 0.025926
0 0.315582 0.072145 0.008073 0.025463
0 0.322569 0.073920 0.008333 0.025617
0 0.329644 0.076080 0.008247 0.025617
0 0.328385 0.075617 0.008333 0.025617
0 0.327431 0.075154 0.008333 0.025617
0 0.326476 0.074691 0.008333 0.025617
0 0.325477 0.074383 0.008247 0.025617
0 0.324523 0.073920 0.008247 0.025617
0 0.323394 0.073457 0.008073 0.025617
0 0.322439 0.072994 0.008073 0.025617
0 0.321484 0.072531 0.008073 0.025617
0 0.320486 0.072145 0.007986 0.025463
0 0.319488 0.072145 0.008073 0.025463
0 0.318663 0.071759 0.008333 0.025617
0 0.317925 0.071528 0.008247 0.026080
0 0.317187 0.071296 0.008333 0.025617
0 0.316450 0.071065 0.008247 0.026080
0 0.315712 0.071065 0.008333 0.026080
0 0.314844 0.070602 0.008507 0.026080
0 0.314149 0.070448 0.008507 0.026389
0 0.313411 0.070216 0.008594 0.025926
0 0.312674 0.069985 0.008507 0.026389
0 0.311936 0.069985 0.008594 0.026389
0 0.310937 0.069522 0.008507 0.026389
0 0.309983 0.069136 0.008507 0.026543
0 0.309028 0.068673 0.008507 0.026543
0 0.308030 0.068287 0.008594 0.026389
0 0.307031 0.068287 0.008507 0.026389
0 0.306076 0.067824 0.008507 0.026389
0 0.305122 0.067361 0.008507 0.026389
0 0.304123 0.066975 0.008594 0.026543
0 0.303168 0.066512 0.008594 0.026543
0 0.302431 0.066512 0.008507 0.026543
0 0.301432 0.066049 0.008594 0.026543
0 0.300608 0.066049 0.008333 0.026543
0 0.299870 0.065664 0.008247 0.026389
0 0.299002 0.065664 0.008073 0.026389
0 0.298264 0.065664 0.007986 0.026389
0 0.297396 0.065201 0.007812 0.026389
0 0.296571 0.065201 0.007552 0.026389
0 0.295833 0.064815 0.007639 0.026543
0 0.294965 0.064815 0.007292 0.026543
0 0.294271 0.064815 0.007292 0.026543
0 0.293273 0.064352 0.007378 0.026543
0 0.292274 0.064352 0.007292 0.026543
0 0.291319 0.064352 0.007292 0.026543
0 0.290365 0.063889 0.007292 0.026543
0 0.289366 0.063889 0.007378 0.026543
0 0.288368 0.063889 0.007292 0.026543
0 0.287413 0.063503 0.007292 0.026389
0 0.286458 0.063503 0.007292 0.026389
0 0.285460 0.063503 0.007378 0.026389
0 0.284592 0.063503 0.007552 0.026389
0 0.283637 0.063040 0.007552 0.026389
0 0.282899 0.063040 0.007639 0.026389
0 0.282161 0.063040 0.007552 0.026389
0 0.281467 0.063040 0.007552 0.026389
0 0.280686 0.063040 0.007552 0.026389
0 0.279991 0.062577 0.007552 0.026389
0 0.279210 0.062577 0.007552 0.026389
0 0.278516 0.062577 0.007552 0.026389
0 0.277778 0.062577 0.007639 0.026389
0 0.277040 0.062577 0.007552 0.026389
0 0.276345 0.062191 0.007552 0.026543
0 0.275825 0.061728 0.007552 0.026543
0 0.275304 0.061343 0.007552 0.026389
0 0.274870 0.060880 0.007552 0.026389
0 0.274349 0.060417 0.007552 0.026389
0 0.273655 0.060031 0.007552 0.026543
0 0.273134 0.059568 0.007552 0.026543
0 0.272656 0.059105 0.007639 0.026543
0 0.272179 0.058719 0.007552 0.026389
0 0.271658 0.058719 0.007552 0.026389
0 0.271181 0.058719 0.007639 0.026389
0 0.270964 0.059105 0.007552 0.026543
0 0.270443 0.059105 0.007552 0.026543
0 0.270182 0.059568 0.007552 0.026543
0 0.269748 0.059568 0.007552 0.026543
0 0.269488 0.060031 0.007552 0.026543
0 0.268967 0.060031 0.007552 0.026543
0 0.268750 0.060417 0.007639 0.026389
0 0.268273 0.060417 0.007552 0.026389
0 0.268012 0.060880 0.007552 0.026389
0 0.267491 0.060417 0.007552 0.026389
0 0.267318 0.060417 0.007552 0.026389
0 0.266797 0.060031 0.007552 0.026543
0 0.266536 0.060031 0.007552 0.026543
0 0.266059 0.060031 0.007639 0.026543
0 0.265842 0.059568 0.007552 0.026543
0 0.265321 0.059568 0.007552 0.026543
0 0.265061 0.059105 0.007552 0.026543
0 0.264627 0.059105 0.007552 0.026543
0 0.264366 0.059105 0.007552 0.026543
0 0.263845 0.058719 0.007552 0.026389
0 0.263411 0.058719 0.007552 0.026389
0 0.262891 0.058488 0.007552 0.026852
0 0.262370 0.058256 0.007552 0.026389
0 0.262153 0.058256 0.007639 0.026389
0 0.261675 0.058025 0.007552 0.026852
0 0.261155 0.057870 0.007552 0.026543
0 0.260720 0.057639 0.007552 0.027006
0 0.260200 0.057639 0.007552 0.027006
0 0.259939 0.057639 0.007552 0.027006
