0 0.164800 0.069059 0.004080 0.018673
0 0.164583 0.069059 0.004167 0.018673
0 0.164453 0.069059 0.003906 0.018673
0 0.164453 0.069059 0.003906 0.018673
0 0.164323 0.069059 0.003646 0.018673
0 0.164323 0.069290 0.003646 0.019136
0 0.164062 0.069290 0.003646 0.019136
0 0.163932 0.069290 0.003385 0.019136
0 0.163932 0.069290 0.003385 0.019136
0 0.163802 0.069290 0.003125 0.019136
0 0.163802 0.069522 0.003125 0.019599
0 0.163672 0.069522 0.003385 0.019599
0 0.163672 0.069522 0.003385 0.019599
0 0.163672 0.069522 0.003385 0.019599
0 0.163802 0.069522 0.003646 0.019599
0 0.163802 0.069522 0.003646 0.019599
0 0.163672 0.069522 0.003906 0.019599
0 0.163802 0.069522 0.004167 0.019599
0 0.163802 0.069522 0.004167 0.019599
0 0.163802 0.069522 0.004167 0.019599
0 0.163932 0.069522 0.004427 0.019599
0 0.163802 0.069522 0.004167 0.019599
0 0.163802 0.069522 0.004167 0.019599
0 0.163802 0.069522 0.004167 0.019599
0 0.163672 0.069522 0.003906 0.019599
0 0.163802 0.069522 0.003646 0.019599
0 0.163802 0.069522 0.003646 0.019599
0 0.163672 0.069522 0.003385 0.019599
0 0.163672 0.069522 0.003385 0.019599
0 0.163672 0.069522 0.003385 0.019599
0 0.163802 0.069522 0.003125 0.019599
0 0.163672 0.069136 0.003385 0.019444
0 0.163802 0.069136 0.003646 0.019444
0 0.163802 0.068673 0.003646 0.019444
0 0.163932 0.068673 0.003906 0.019444
0 0.164062 0.068673 0.004167 0.019444
0 0.163932 0.068287 0.004427 0.019599
0 0.164062 0.068287 0.004687 0.019599
0 0.164062 0.067824 0.004687 0.019599
0 0.164193 0.067824 0.004948 0.019599
0 0.164280 0.067824 0.005122 0.019599
0 0.164193 0.067824 0.004948 0.019599
0 0.164062 0.067824 0.004687 0.019599
0 0.164062 0.067824 0.004687 0.019599
0 0.163932 0.067824 0.004427 0.019599
0 0.164062 0.067824 0.004167 0.019599
0 0.163932 0.067824 0.003906 0.019599
0 0.163802 0.067824 0.003646 0.019599
0 0.163802 0.067824 0.003646 0.019599
0 0.163672 0.067824 0.003385 0.019599
0 0.163802 0.067824 0.003125 0.019599
0 0.163585 0.067824 0.003212 0.019599
0 0.163585 0.067824 0.003212 0.019599
0 0.163585 0.067824 0.003212 0.019599
0 0.163585 0.067824 0.003212 0.019599
0 0.163585 0.067824 0.003212 0.019599
0 0.163585 0.067824 0.003212 0.019599
0 0.163585 0.067824 0.003212 0.019599
0 0.163585 0.067824 0.003212 0.019599
0 0.163585 0.067824 0.003212 0.019599
0 0.163585 0.067824 0.003212 0.019599
0 0.163585 0.067824 0.003212 0.019599
0 0.163585 0.067824 0.003212 0.019599
0 0.163585 0.067824 0.003212 0.019599
0 0.163585 0.067824 0.003212 0.019599
0 0.163585 0.067824 0.003212 0.019599
0 0.163585 0.067824 0.003212 0.019599
0 0.163585 0.067824 0.003212 0.019599
0 0.163585 0.067824 0.003212 0.019599
0 0.163585 0.067824 0.003212 0.019599
0 0.163802 0.067824 0.003125 0.019599
0 0.163585 0.067824 0.003212 0.019599
0 0.163585 0.067824 0.003212 0.019599
0 0.163585 0.068056 0.003212 0.020062
0 0.163585 0.068056 0.003212 0.020062
0 0.163585 0.068441 0.003212 0.019907
0 0.163585 0.068441 0.003212 0.019907
0 0.163585 0.068441 0.003212 0.019907
0 0.163585 0.068673 0.003212 0.020370
0 0.163585 0.068673 0.003212 0.020370
0 0.163585 0.069136 0.003212 0.020370
0 0.163325 0.069136 0.003212 0.020370
0 0.163325 0.069136 0.003212 0.020370
0 0.163325 0.069136 0.003212 0.020370
0 0.163325 0.069136 0.003212 0.020370
0 0.163325 0.069136 0.003212 0.020370
0 0.163194 0.069136 0.003472 0.020370
0 0.163194 0.069136 0.003472 0.020370
0 0.163194 0.069136 0.003472 0.020370
0 0.163194 0.069136 0.003472 0.020370
0 0.163194 0.069136 0.003472 0.020370
0 0.163194 0.069136 0.003472 0.020370
0 0.163194 0.069136 0.003472 0.020370
0 0.163194 0.069136 0.003472 0.020370
0 0.163194 0.069136 0.003472 0.020370
0 0.163325 0.069136 0.003212 0.020370
0 0.163325 0.069136 0.003212 0.020370
0 0.163325 0.069136 0.003212 0.020370
0 0.163325 0.069136 0.003212 0.020370
0 0.163325 0.069136 0.003212 0.020370
0 0.163585 0.069136 0.003212 0.020370
0 0.163585 0.069136 0.003212 0.020370
0 0.163585 0.069136 0.003212 0.020370
0 0.163672 0.069367 0.003385 0.019907
0 0.163802 0.069367 0.003125 0.019907
0 0.163932 0.069522 0.003385 0.019599
0 0.163932 0.069522 0.003385 0.019599
0 0.164062 0.069522 0.003125 0.019599
0 0.164193 0.069753 0.003385 0.019136
0 0.164193 0.069753 0.003385 0.019136
0 0.164453 0.069985 0.003385 0.018673
0 0.164193 0.069985 0.003385 0.018673
0 0.164193 0.069985 0.003385 0.018673
0 0.164193 0.069985 0.003385 0.018673
0 0.164062 0.069985 0.003125 0.018673
0 0.164062 0.069985 0.003125 0.018673
0 0.163932 0.069985 0.003385 0.018673
0 0.163802 0.069985 0.003125 0.018673
0 0.163802 0.069985 0.003125 0.018673
0 0.163802 0.069985 0.003125 0.018673
0 0.163802 0.069985 0.003125 0.018673
0 0.163585 0.069985 0.003212 0.018673
0 0.163455 0.069985 0.002951 0.018673
0 0.163325 0.070216 0.003212 0.019136
0 0.163194 0.070216 0.002951 0.019136
0 0.163194 0.070679 0.002951 0.019136
0 0.162934 0.070679 0.002951 0.019136
0 0.162804 0.070679 0.002691 0.019136
0 0.162717 0.070833 0.002865 0.019444
0 0.162630 0.070833 0.002691 0.019444
0 0.162630 0.071296 0.002691 0.019444
0 0.162630 0.071296 0.002691 0.019444
0 0.162630 0.071682 0.002691 0.019599
0 0.162630 0.072145 0.002691 0.019599
0 0.162630 0.072145 0.002691 0.019599
0 0.162630 0.072608 0.002691 0.019599
0 0.162630 0.072994 0.002691 0.019444
0 0.162630 0.072994 0.002691 0.019444
0 0.162630 0.073457 0.002691 0.019444
0 0.162630 0.073920 0.002691 0.019444
0 0.162804 0.074306 0.002691 0.019599
0 0.162804 0.074769 0.002691 0.019599
0 0.162934 0.075154 0.002951 0.019444
0 0.163064 0.075617 0.003212 0.019444
0 0.163064 0.076080 0.003212 0.019444
0 0.163194 0.076466 0.003472 0.019599
0 0.163325 0.076929 0.003733 0.019599
0 0.163325 0.077392 0.003733 0.019599
0 0.163411 0.077778 0.003906 0.019444
0 0.163542 0.078241 0.004167 0.019444
0 0.163672 0.078627 0.004427 0.019599
0 0.163542 0.079090 0.004167 0.019599
0 0.163542 0.079552 0.004167 0.019599
0 0.163411 0.079938 0.003906 0.019444
0 0.163411 0.080401 0.003906 0.019444
0 0.163325 0.081096 0.003733 0.019907
0 0.163325 0.081481 0.003733 0.020062
0 0.163194 0.081867 0.003472 0.019907
0 0.163194 0.082330 0.003472 0.019907
0 0.163064 0.082793 0.003212 0.019907
0 0.163064 0.083642 0.003212 0.020062
0 0.163064 0.084259 0.003212 0.020370
0 0.163064 0.085185 0.003212 0.020370
0 0.163194 0.085880 0.003472 0.020833
0 0.163194 0.086651 0.003472 0.020833
0 0.163325 0.087577 0.003733 0.020833
0 0.163325 0.088194 0.003733 0.021142
0 0.163325 0.089043 0.003733 0.021296
0 0.163411 0.089738 0.003906 0.021759
0 0.163411 0.090586 0.003906 0.021605
0 0.163542 0.091435 0.004167 0.021759
0 0.163542 0.091667 0.004167 0.021296
0 0.163542 0.092130 0.004167 0.021296
0 0.163542 0.092593 0.004167 0.021296
0 0.163542 0.092824 0.004167 0.020833
0 0.163542 0.093133 0.004167 0.020833
0 0.163542 0.093596 0.004167 0.020833
0 0.163542 0.093827 0.004167 0.020370
0 0.163542 0.094290 0.004167 0.020370
0 0.163542 0.094753 0.004167 0.020370
0 0.163802 0.095370 0.004167 0.020062
