0 0.150868 0.212963 0.007118 0.012963
0 0.150868 0.211574 0.007118 0.012963
0 0.150868 0.210340 0.007118 0.012963
0 0.150868 0.209028 0.007118 0.013117
0 0.150998 0.207948 0.007378 0.012500
0 0.151128 0.206867 0.007118 0.013117
0 0.151128 0.205556 0.007118 0.012963
0 0.151259 0.204475 0.007378 0.012654
0 0.151259 0.203164 0.007378 0.012500
0 0.151259 0.201852 0.007378 0.012654
0 0.151476 0.201003 0.007292 0.012500
0 0.151736 0.199691 0.007292 0.012654
0 0.151997 0.198380 0.007292 0.012500
0 0.152214 0.197068 0.007378 0.012654
0 0.152474 0.195756 0.007378 0.012500
0 0.152691 0.194907 0.007292 0.012654
0 0.152951 0.193596 0.007292 0.012500
0 0.153212 0.192284 0.007292 0.012654
0 0.153472 0.191049 0.007292 0.012654
0 0.153689 0.189738 0.007378 0.012500
0 0.154036 0.188889 0.007031 0.012654
0 0.154036 0.187114 0.007031 0.012500
0 0.154036 0.185802 0.007031 0.012654
0 0.154167 0.184491 0.007292 0.012500
0 0.154297 0.183179 0.007031 0.012654
0 0.154427 0.181944 0.007292 0.012654
0 0.154427 0.180170 0.007292 0.012500
0 0.154557 0.178858 0.007031 0.012654
0 0.154687 0.177546 0.007292 0.012500
0 0.154687 0.176235 0.007292 0.012654
0 0.154905 0.175000 0.007378 0.012654
0 0.154687 0.172531 0.007292 0.012963
0 0.154427 0.170602 0.007292 0.013426
0 0.154167 0.168673 0.007292 0.013889
0 0.154036 0.166744 0.007552 0.014352
0 0.153776 0.164815 0.007552 0.014815
0 0.153602 0.162809 0.007552 0.015123
0 0.153472 0.160880 0.007812 0.015586
0 0.153212 0.158951 0.007812 0.016049
0 0.152951 0.157022 0.007812 0.016512
0 0.152821 0.155015 0.008073 0.016821
0 0.152431 0.152623 0.007812 0.016358
0 0.152257 0.150617 0.007812 0.016049
0 0.151997 0.148457 0.007812 0.016049
0 0.151736 0.146296 0.007812 0.015123
0 0.151476 0.144136 0.007812 0.015123
0 0.151128 0.142207 0.007639 0.014660
0 0.150911 0.139815 0.007552 0.014198
0 0.150651 0.137809 0.007552 0.013889
0 0.150391 0.135648 0.007552 0.013889
0 0.150130 0.133719 0.007552 0.013426
0 0.149913 0.131559 0.007639 0.013426
0 0.149913 0.129630 0.007639 0.012963
0 0.149783 0.127701 0.007378 0.012500
0 0.149696 0.125540 0.007552 0.012500
0 0.149566 0.123765 0.007292 0.012654
0 0.149566 0.121836 0.007292 0.012191
0 0.149306 0.119676 0.007292 0.012191
0 0.149306 0.117747 0.007292 0.011728
0 0.149175 0.115818 0.007031 0.011265
0 0.149175 0.113966 0.007031 0.011265
0 0.149175 0.112269 0.007031 0.011265
0 0.149175 0.110571 0.007031 0.011265
0 0.149175 0.108873 0.007031 0.011265
0 0.149175 0.107253 0.007031 0.011728
0 0.149175 0.105787 0.007031 0.011265
0 0.149175 0.104090 0.007031 0.011265
0 0.149175 0.102469 0.007031 0.011728
0 0.149175 0.100772 0.007031 0.011728
0 0.149175 0.099074 0.007031 0.011728
0 0.149436 0.097685 0.007031 0.011728
0 0.149306 0.095988 0.006771 0.011728
0 0.149306 0.094290 0.006771 0.011728
0 0.149306 0.092593 0.006771 0.011728
0 0.149306 0.090972 0.006771 0.011265
0 0.149306 0.089275 0.006771 0.011265
0 0.149306 0.087577 0.006771 0.011265
0 0.149306 0.086034 0.006771 0.010957
0 0.149306 0.084259 0.006771 0.010802
0 0.149306 0.082562 0.006771 0.010802
0 0.149306 0.081019 0.006771 0.010494
0 0.149306 0.079707 0.006771 0.010340
0 0.149523 0.078472 0.006858 0.010340
0 0.149653 0.077546 0.007118 0.010340
0 0.149913 0.076312 0.007118 0.010340
0 0.150174 0.075386 0.007118 0.010340
0 0.150174 0.074074 0.007118 0.010494
0 0.150391 0.072840 0.007031 0.010494
0 0.150521 0.071914 0.007292 0.010494
0 0.150781 0.070602 0.007292 0.010340
0 0.150998 0.069753 0.007378 0.010494
0 0.150998 0.068673 0.007378 0.010802
0 0.151259 0.067978 0.007378 0.011265
0 0.151259 0.067207 0.007378 0.011265
0 0.151476 0.066512 0.007292 0.011728
0 0.151736 0.065586 0.007292 0.011728
0 0.151736 0.065046 0.007292 0.012191
0 0.151997 0.064120 0.007292 0.012191
0 0.151997 0.063503 0.007292 0.012500
0 0.152214 0.062577 0.007378 0.012500
0 0.152474 0.061960 0.007378 0.013117
0 0.152474 0.061111 0.007378 0.012963
0 0.152691 0.060185 0.007292 0.012963
0 0.152951 0.059336 0.007292 0.013117
0 0.153212 0.058488 0.007292 0.012963
0 0.153472 0.057639 0.007292 0.013117
0 0.153689 0.056790 0.007378 0.012963
0 0.153906 0.055864 0.007292 0.012963
0 0.154167 0.055015 0.007292 0.013117
0 0.154427 0.054167 0.007292 0.012963
0 0.154687 0.053241 0.007292 0.012963
0 0.154687 0.052238 0.007292 0.013426
0 0.154905 0.051543 0.007378 0.013889
0 0.155165 0.050849 0.007378 0.014352
0 0.155295 0.049846 0.007118 0.014815
0 0.155512 0.049151 0.007031 0.015278
0 0.155642 0.048534 0.007292 0.015586
0 0.155773 0.047377 0.007031 0.016049
0 0.155990 0.046836 0.007118 0.016512
0 0.156250 0.046142 0.007118 0.016975
0 0.156510 0.045448 0.007118 0.017438
0 0.156510 0.044599 0.007118 0.017284
0 0.156727 0.043750 0.007031 0.017438
0 0.156988 0.042901 0.007031 0.017284
0 0.157248 0.041975 0.007031 0.017284
0 0.157465 0.041127 0.007118 0.017438
0 0.157465 0.040278 0.007118 0.017284
0 0.157726 0.039429 0.007118 0.017438
0 0.157943 0.038503 0.007031 0.017438
0 0.158203 0.037654 0.007031 0.017284
0 0.158464 0.036806 0.007031 0.017438
0 0.158464 0.035725 0.007031 0.017747
0 0.158681 0.034799 0.007118 0.017747
0 0.158941 0.034028 0.007118 0.017747
0 0.159071 0.033102 0.007378 0.017747
0 0.159288 0.032253 0.007292 0.017901
0 0.159418 0.031404 0.007031 0.017747
0 0.159549 0.030478 0.007292 0.017747
0 0.159809 0.029630 0.007292 0.017901
0 0.160026 0.028781 0.007378 0.017747
0 0.160286 0.027855 0.007378 0.017747
0 0.160286 0.026620 0.007378 0.017747
0 0.160503 0.025309 0.007292 0.017901
0 0.160503 0.024460 0.007292 0.017747
0 0.160764 0.023148 0.007292 0.017901
0 0.160764 0.022299 0.007292 0.017747
0 0.161024 0.020910 0.007292 0.017747
0 0.161024 0.019676 0.007292 0.017747
0 0.161241 0.018750 0.007378 0.017747
0 0.161241 0.017515 0.007378 0.017747
0 0.161502 0.016590 0.007378 0.017747
0 0.161502 0.015509 0.007378 0.017438
0 0.161502 0.014429 0.007378 0.016821
0 0.161502 0.013580 0.007378 0.016975
0 0.161502 0.012500 0.007378 0.016358
0 0.161719 0.011883 0.007292 0.016049
0 0.161719 0.010725 0.007292 0.015586
0 0.161719 0.009722 0.007292 0.015123
0 0.161719 0.008796 0.007292 0.015123
0 0.161719 0.007716 0.007292 0.014815
0 0.161979 0.007099 0.007292 0.014198
0 0.161979 0.007099 0.007292 0.014198
0 0.161979 0.007099 0.007292 0.014198
0 0.161979 0.007099 0.007292 0.014198
0 0.161979 0.007099 0.007292 0.014198
0 0.161979 0.007099 0.007292 0.014198
0 0.161979 0.007099 0.007292 0.014198
0 0.161979 0.007099 0.007292 0.014198
0 0.161979 0.007099 0.007292 0.014198
0 0.161979 0.007099 0.007292 0.014198
0 0.161979 0.007099 0.007292 0.014198
0 0.161979 0.007099 0.007292 0.014198
0 0.161979 0.007099 0.007292 0.014198
0 0.161979 0.007099 0.007292 0.014198
0 0.161979 0.007099 0.007292 0.014198
0 0.161979 0.007099 0.007292 0.014198
0 0.161979 0.007099 0.007292 0.014198
0 0.161979 0.007099 0.007292 0.014198
0 0.161979 0.007099 0.007292 0.014198
0 0.161979 0.007099 0.007292 0.014198
0 0.161979 0.007099 0.007292 0.014198
