0 0.066319 0.004707 0.008333 0.007870
0 0.066319 0.004707 0.008333 0.007870
0 0.066319 0.004707 0.008333 0.007870
0 0.066319 0.004707 0.008333 0.007870
0 0.066319 0.004707 0.008333 0.007870
0 0.066319 0.004707 0.008333 0.007870
0 0.066319 0.004707 0.008333 0.007870
0 0.066319 0.004707 0.008333 0.007870
0 0.066319 0.004707 0.008333 0.007870
0 0.066319 0.004707 0.008333 0.007870
0 0.066319 0.004707 0.008333 0.007870
0 0.066102 0.005324 0.008247 0.009105
0 0.066102 0.006404 0.008247 0.010340
0 0.065972 0.007562 0.007986 0.011728
0 0.065842 0.008410 0.008247 0.012500
0 0.065842 0.009414 0.008247 0.013889
0 0.065712 0.010340 0.007986 0.015741
0 0.065582 0.011188 0.008247 0.016512
0 0.065495 0.012269 0.008073 0.017747
0 0.065495 0.013349 0.008073 0.018981
0 0.065495 0.014506 0.008073 0.020370
0 0.065104 0.016204 0.008333 0.020370
0 0.064844 0.018133 0.008333 0.019907
0 0.064757 0.020062 0.008507 0.019444
0 0.064497 0.021836 0.008507 0.019599
0 0.064366 0.023765 0.008767 0.019136
0 0.063976 0.025694 0.009028 0.018673
0 0.063802 0.027469 0.009028 0.018519
0 0.063672 0.029475 0.009288 0.018210
0 0.063411 0.031404 0.009288 0.017747
0 0.063281 0.033565 0.009549 0.017747
0 0.063021 0.035031 0.009549 0.017284
0 0.063021 0.036806 0.009549 0.017438
0 0.062934 0.038503 0.009722 0.017438
0 0.062804 0.040278 0.009462 0.017284
0 0.062674 0.041975 0.009722 0.017284
0 0.062674 0.043750 0.009722 0.017438
0 0.062413 0.045448 0.009722 0.017438
0 0.062413 0.047222 0.009722 0.017284
0 0.062283 0.048920 0.009983 0.017284
0 0.062283 0.050926 0.009983 0.016975
0 0.062066 0.052392 0.010069 0.016512
0 0.061806 0.054090 0.010069 0.016512
0 0.061589 0.055941 0.009983 0.016512
0 0.061328 0.057870 0.009983 0.016049
0 0.061328 0.059568 0.009983 0.016049
0 0.061068 0.061034 0.009983 0.015586
0 0.060851 0.063040 0.010069 0.015278
0 0.060590 0.064815 0.010069 0.015123
0 0.060373 0.066512 0.009983 0.015123
0 0.060373 0.068441 0.009983 0.014660
0 0.060113 0.070216 0.009983 0.014815
0 0.059852 0.072145 0.009983 0.014352
0 0.059592 0.073843 0.009983 0.014352
0 0.059592 0.075772 0.009983 0.013889
0 0.059375 0.077623 0.010069 0.013889
0 0.059158 0.079552 0.009983 0.013426
0 0.059158 0.081250 0.009983 0.013426
0 0.058898 0.083179 0.009983 0.012963
0 0.058637 0.084954 0.009983 0.013117
0 0.058637 0.087114 0.009983 0.013117
0 0.058377 0.088889 0.009983 0.012963
0 0.058247 0.090818 0.010243 0.012500
0 0.058160 0.092747 0.010069 0.012037
0 0.058073 0.094676 0.010243 0.012500
0 0.057943 0.096682 0.009983 0.012191
0 0.057812 0.098611 0.010243 0.011728
0 0.057552 0.100540 0.010243 0.012191
0 0.057552 0.102469 0.010243 0.011728
0 0.057292 0.104475 0.010243 0.011420
0 0.057292 0.106636 0.010243 0.011420
0 0.057031 0.108410 0.010243 0.011265
0 0.056814 0.110108 0.010330 0.011265
0 0.056597 0.111806 0.010243 0.011265
0 0.056337 0.113812 0.010243 0.010957
0 0.056076 0.115586 0.010243 0.010802
0 0.055816 0.117284 0.010243 0.010802
0 0.055556 0.119213 0.010243 0.010340
0 0.055382 0.120988 0.010243 0.010494
0 0.055122 0.122685 0.010243 0.010494
0 0.054991 0.124614 0.009983 0.010031
0 0.054861 0.125540 0.010243 0.010031
0 0.054861 0.126543 0.010243 0.009568
0 0.054731 0.127469 0.010503 0.009568
0 0.054731 0.128549 0.010503 0.009259
0 0.054731 0.129630 0.010503 0.009568
0 0.054601 0.130787 0.010764 0.009105
0 0.054601 0.131559 0.010764 0.009105
0 0.054514 0.132716 0.010937 0.008642
0 0.054514 0.133488 0.010937 0.008642
0 0.054514 0.134877 0.010937 0.008642
0 0.054253 0.136111 0.010937 0.008642
0 0.053993 0.137500 0.010937 0.008642
0 0.053906 0.138735 0.010764 0.008642
0 0.053646 0.140046 0.010764 0.008796
0 0.053516 0.141358 0.010503 0.008642
0 0.053255 0.142593 0.010503 0.008642
0 0.052995 0.143981 0.010503 0.008642
0 0.052908 0.145216 0.010330 0.008642
0 0.052691 0.146605 0.010243 0.008642
0 0.052561 0.147840 0.009983 0.008642
0 0.052170 0.149151 0.010243 0.008796
0 0.051910 0.150926 0.010243 0.008642
0 0.051649 0.152392 0.010243 0.008179
0 0.051345 0.153935 0.010503 0.008796
0 0.051085 0.155478 0.010503 0.008179
0 0.050825 0.157176 0.010503 0.008179
0 0.050477 0.158488 0.010677 0.008333
0 0.050217 0.160262 0.010677 0.008179
0 0.050000 0.161728 0.010764 0.007716
0 0.049870 0.163503 0.011024 0.007870
0 0.049609 0.165201 0.011024 0.007870
0 0.049392 0.166898 0.010937 0.007870
0 0.049132 0.168904 0.010937 0.008179
0 0.048872 0.170602 0.010937 0.008179
0 0.048655 0.172762 0.011024 0.008179
0 0.048394 0.174537 0.011024 0.008333
0 0.048134 0.176312 0.011024 0.008179
0 0.047917 0.178241 0.010937 0.008642
0 0.047656 0.179938 0.010937 0.008642
0 0.047439 0.182099 0.011024 0.008642
0 0.047049 0.183873 0.010764 0.008796
0 0.046788 0.185880 0.010764 0.009105
0 0.046571 0.188040 0.010677 0.009105
0 0.046311 0.189738 0.010677 0.009105
0 0.046094 0.191898 0.010764 0.009105
0 0.045703 0.193827 0.010503 0.009568
0 0.045443 0.195525 0.010503 0.009568
0 0.045226 0.197685 0.010417 0.009568
0 0.045009 0.199691 0.010503 0.009877
0 0.044878 0.201852 0.010243 0.009877
0 0.044618 0.203627 0.010243 0.010031
0 0.044618 0.205787 0.010243 0.010031
0 0.044358 0.207716 0.010243 0.010494
0 0.044358 0.209877 0.010243 0.010494
0 0.044227 0.211883 0.009983 0.010802
0 0.044097 0.213812 0.010243 0.010340
0 0.044010 0.215741 0.010069 0.010802
0 0.043880 0.217901 0.010330 0.010802
0 0.043750 0.219830 0.010069 0.011265
0 0.043750 0.221991 0.010069 0.011265
0 0.043403 0.223765 0.010243 0.011420
0 0.043142 0.226003 0.010243 0.011265
0 0.042882 0.228164 0.010243 0.011265
0 0.042622 0.230324 0.010243 0.011265
0 0.042535 0.232485 0.010417 0.011265
0 0.042187 0.234645 0.010764 0.011265
0 0.041927 0.236806 0.010764 0.011265
0 0.041667 0.238966 0.010764 0.011265
0 0.041450 0.241127 0.010677 0.011265
0 0.041319 0.243287 0.010937 0.011265
0 0.041059 0.244985 0.010937 0.011265
0 0.040842 0.246759 0.011024 0.011420
0 0.040582 0.248534 0.011024 0.011265
0 0.040321 0.250463 0.011024 0.011728
0 0.040191 0.252392 0.010764 0.011265
0 0.039974 0.254090 0.010677 0.011265
0 0.039757 0.256096 0.010764 0.011574
0 0.039497 0.257870 0.010764 0.011728
0 0.039236 0.259568 0.010764 0.011728
0 0.039106 0.261728 0.010503 0.011728
0 0.038845 0.263426 0.010503 0.011728
0 0.038759 0.265586 0.010677 0.011728
0 0.038759 0.267593 0.010677 0.012037
0 0.038542 0.269753 0.010764 0.012037
0 0.038542 0.271682 0.010764 0.012500
0 0.038411 0.273688 0.011024 0.012191
0 0.038151 0.275617 0.011024 0.012654
0 0.038151 0.277778 0.011024 0.012654
0 0.038021 0.279784 0.011285 0.012963
0 0.038021 0.281944 0.011285 0.012963
0 0.037543 0.283642 0.011198 0.012963
0 0.037283 0.285571 0.011198 0.013426
0 0.037023 0.287269 0.011198 0.013426
0 0.036806 0.289352 0.011285 0.013889
0 0.036589 0.291281 0.011198 0.014352
0 0.036068 0.292978 0.011198 0.014352
0 0.035807 0.294907 0.011198 0.014815
0 0.035590 0.296914 0.011285 0.015123
0 0.035330 0.298611 0.011285 0.015123
0 0.035113 0.300540 0.011198 0.015586
