0 0.063889 0.094522 0.007812 0.006944
0 0.063368 0.094522 0.007812 0.006944
0 0.063064 0.094522 0.007552 0.006944
0 0.062543 0.094522 0.007552 0.006944
0 0.062283 0.094522 0.007552 0.006944
0 0.061849 0.094522 0.007552 0.006944
0 0.061458 0.094522 0.007292 0.006944
0 0.061068 0.094522 0.007552 0.006944
0 0.060720 0.094522 0.007378 0.006944
0 0.060243 0.094522 0.007292 0.006944
0 0.059983 0.094522 0.007292 0.006944
0 0.059722 0.094522 0.007292 0.006944
0 0.059505 0.094522 0.007378 0.006944
0 0.059245 0.094985 0.007378 0.006944
0 0.059028 0.094985 0.007292 0.006944
0 0.058767 0.095293 0.007292 0.006944
0 0.058507 0.095293 0.007292 0.006944
0 0.058290 0.095293 0.007378 0.006944
0 0.058030 0.095756 0.007378 0.006944
0 0.057812 0.095756 0.007292 0.006944
0 0.057552 0.096219 0.007292 0.006944
0 0.057031 0.096219 0.007292 0.006944
0 0.056814 0.096682 0.007378 0.006944
0 0.056597 0.096682 0.007292 0.006944
0 0.056076 0.097145 0.007292 0.006944
0 0.055816 0.097145 0.007292 0.006944
0 0.055599 0.097531 0.007378 0.006790
0 0.055122 0.097531 0.007292 0.006790
0 0.054861 0.097917 0.007292 0.006944
0 0.054601 0.097917 0.007292 0.006944
0 0.054384 0.098380 0.007378 0.006944
0 0.053906 0.098380 0.007292 0.006944
0 0.053646 0.098843 0.007292 0.006944
0 0.053385 0.098843 0.007292 0.006944
0 0.053125 0.099306 0.007292 0.006944
0 0.052908 0.099769 0.007378 0.006944
0 0.052431 0.099769 0.007292 0.006944
0 0.052170 0.100077 0.007292 0.006944
0 0.051910 0.100077 0.007292 0.006944
0 0.051693 0.100540 0.007378 0.006944
0 0.051432 0.101003 0.007378 0.006944
0 0.050955 0.101003 0.007292 0.006944
0 0.050477 0.101466 0.007378 0.006944
0 0.050217 0.101929 0.007378 0.006944
0 0.049740 0.102238 0.007292 0.006944
0 0.049479 0.102701 0.007292 0.006944
0 0.049002 0.103164 0.007378 0.006944
0 0.048524 0.103627 0.007292 0.006944
0 0.048264 0.104090 0.007292 0.006944
0 0.047786 0.104398 0.007378 0.006944
0 0.047569 0.104861 0.007292 0.006944
0 0.047049 0.104861 0.007292 0.006944
0 0.046788 0.105324 0.007292 0.006944
0 0.046571 0.105787 0.007378 0.006944
0 0.046311 0.106250 0.007378 0.006944
0 0.046094 0.106713 0.007292 0.006944
0 0.045573 0.107022 0.007292 0.006944
0 0.045356 0.107485 0.007378 0.006944
0 0.045095 0.107948 0.007378 0.006944
0 0.044878 0.108410 0.007292 0.006944
0 0.044618 0.108873 0.007292 0.006944
0 0.043967 0.109028 0.007552 0.007253
0 0.043533 0.109414 0.007552 0.007407
0 0.043012 0.109877 0.007552 0.007407
0 0.042535 0.110340 0.007639 0.007407
0 0.042057 0.110802 0.007552 0.007407
0 0.041406 0.110957 0.007812 0.007716
0 0.040972 0.111420 0.007812 0.007716
0 0.040451 0.111806 0.007812 0.007870
0 0.040017 0.112269 0.007812 0.007870
0 0.039627 0.112731 0.008073 0.007870
0 0.039106 0.113194 0.008073 0.007870
0 0.038845 0.113580 0.008073 0.007716
0 0.038411 0.114043 0.008073 0.007716
0 0.038151 0.114429 0.008073 0.007870
0 0.037630 0.115355 0.008073 0.007870
0 0.037413 0.115741 0.007986 0.007716
0 0.036936 0.116204 0.008073 0.007716
0 0.036675 0.116590 0.008073 0.007870
0 0.036198 0.117052 0.007986 0.007870
0 0.035981 0.117901 0.008073 0.007716
0 0.035330 0.118133 0.008333 0.008179
0 0.034852 0.118596 0.008247 0.008179
0 0.034462 0.118981 0.008507 0.008333
0 0.033984 0.119444 0.008594 0.008333
0 0.033637 0.119830 0.008767 0.008179
0 0.033116 0.120293 0.008767 0.008179
0 0.032682 0.120756 0.008767 0.008179
0 0.032292 0.121219 0.009028 0.008179
0 0.031771 0.121605 0.009028 0.008333
0 0.031467 0.122068 0.009288 0.008333
0 0.030686 0.122068 0.009288 0.008333
0 0.030208 0.122454 0.009201 0.008179
0 0.029731 0.122454 0.009288 0.008179
0 0.029210 0.122917 0.009288 0.008179
0 0.028776 0.122917 0.009288 0.008179
0 0.028255 0.123380 0.009288 0.008179
0 0.027778 0.123380 0.009201 0.008179
0 0.027300 0.123765 0.009288 0.008333
0 0.026780 0.123765 0.009288 0.008333
0 0.026345 0.124228 0.009288 0.008333
0 0.025564 0.124228 0.009288 0.008333
0 0.024870 0.124614 0.009288 0.008179
0 0.024089 0.125077 0.009288 0.008179
0 0.023394 0.125540 0.009288 0.008179
0 0.022873 0.125926 0.009288 0.008333
0 0.022179 0.125926 0.009288 0.008333
0 0.021398 0.126389 0.009288 0.008333
0 0.020703 0.126775 0.009288 0.008179
0 0.019965 0.127238 0.009201 0.008179
0 0.019488 0.127701 0.009288 0.008179
0 0.018750 0.128086 0.009201 0.008333
0 0.018012 0.128549 0.009288 0.008333
0 0.017491 0.129012 0.009288 0.008333
0 0.016797 0.129398 0.009288 0.008179
0 0.016276 0.129861 0.009288 0.008179
0 0.015582 0.130324 0.009288 0.008179
0 0.014844 0.130710 0.009201 0.008333
0 0.014366 0.131173 0.009288 0.008333
0 0.013628 0.131559 0.009201 0.008179
0 0.013151 0.132485 0.009288 0.008179
0 0.013628 0.132485 0.009201 0.008179
0 0.014366 0.132485 0.009288 0.008179
0 0.014974 0.132485 0.009462 0.008179
0 0.015712 0.132716 0.009549 0.008642
0 0.016319 0.132870 0.009722 0.008333
0 0.016927 0.132870 0.009549 0.008333
0 0.017535 0.133102 0.009722 0.008796
0 0.018273 0.133102 0.009809 0.008796
0 0.018880 0.133102 0.009983 0.008796
0 0.019575 0.133488 0.009983 0.008642
0 0.022266 0.132716 0.009983 0.008642
0 0.025217 0.131790 0.009983 0.008642
0 0.028168 0.131327 0.009983 0.008642
0 0.031076 0.130556 0.010069 0.008642
0 0.033984 0.130093 0.009983 0.008642
0 0.036936 0.129167 0.009983 0.008642
0 0.039844 0.128318 0.010069 0.008796
0 0.042752 0.127932 0.009983 0.008642
0 0.045703 0.127006 0.009983 0.008642
0 0.048655 0.126543 0.009983 0.008642
0 0.050564 0.126157 0.009983 0.008796
0 0.052561 0.125772 0.009983 0.008642
0 0.054731 0.125309 0.009983 0.008642
0 0.056684 0.124846 0.010069 0.008642
0 0.058898 0.124383 0.009983 0.008642
0 0.060851 0.123997 0.010069 0.008796
0 0.062804 0.123611 0.009983 0.008642
0 0.064974 0.123148 0.009983 0.008642
0 0.066970 0.122685 0.009983 0.008642
0 0.069141 0.122222 0.009983 0.008642
0 0.071832 0.121836 0.009983 0.008796
0 0.074523 0.121836 0.009983 0.008796
0 0.077214 0.121451 0.009983 0.008642
0 0.079905 0.121451 0.009983 0.008642
0 0.082812 0.120988 0.010069 0.008642
0 0.085460 0.120988 0.009983 0.008642
0 0.088151 0.120525 0.009983 0.008642
0 0.090842 0.120525 0.009983 0.008642
0 0.093533 0.120062 0.009983 0.008642
0 0.096484 0.120062 0.009983 0.008642
0 0.097569 0.120062 0.009722 0.008642
0 0.098785 0.120293 0.009722 0.008179
0 0.100000 0.120293 0.009722 0.008179
0 0.101215 0.120525 0.009722 0.007716
0 0.102561 0.120525 0.009462 0.007716
0 0.103689 0.120756 0.009288 0.007253
0 0.104905 0.120756 0.009288 0.007253
0 0.106120 0.120910 0.009288 0.006944
0 0.107335 0.120910 0.009288 0.006944
0 0.108681 0.121373 0.009028 0.006944
0 0.109635 0.121836 0.009028 0.006944
0 0.110851 0.122299 0.009028 0.006944
0 0.112066 0.122762 0.009028 0.006944
0 0.113151 0.123071 0.009288 0.006944
0 0.114410 0.123534 0.009201 0.006944
0 0.115625 0.123997 0.009201 0.006944
0 0.116710 0.124460 0.009462 0.006944
0 0.117925 0.124923 0.009462 0.006944
0 0.119184 0.125231 0.009549 0.006944
0 0.120399 0.126157 0.009549 0.006944
