0 0.237977 0.057639 0.015365 0.027006
0 0.237977 0.057176 0.015365 0.027006
0 0.237977 0.057022 0.015365 0.027315
0 0.238108 0.056559 0.015104 0.027315
0 0.238238 0.056327 0.015365 0.027778
0 0.238368 0.055864 0.015104 0.027778
0 0.238368 0.055633 0.015104 0.028241
0 0.238498 0.055247 0.015365 0.028086
0 0.238628 0.055015 0.015104 0.028549
0 0.238628 0.054552 0.015104 0.028549
0 0.238845 0.054321 0.015191 0.029012
0 0.238368 0.053086 0.015104 0.029012
0 0.237977 0.052160 0.014844 0.029012
0 0.237500 0.051312 0.014931 0.029167
0 0.237283 0.050463 0.014844 0.029012
0 0.236892 0.049614 0.014583 0.029167
0 0.236415 0.048534 0.014670 0.028549
0 0.236155 0.047608 0.014670 0.028549
0 0.235677 0.046759 0.014583 0.028704
0 0.235330 0.045910 0.014410 0.028549
0 0.235069 0.045062 0.014410 0.028704
0 0.232639 0.041590 0.013889 0.028549
0 0.230295 0.038349 0.013715 0.028241
0 0.227865 0.035031 0.013194 0.027778
0 0.225564 0.031867 0.012934 0.027315
0 0.223351 0.028549 0.012500 0.026852
0 0.220920 0.025309 0.011979 0.026543
0 0.218620 0.022068 0.011719 0.025926
0 0.216189 0.018827 0.011198 0.025617
0 0.213845 0.015509 0.011024 0.025154
0 0.211675 0.012346 0.010503 0.024691
0 0.208333 0.011265 0.010243 0.022531
0 0.205208 0.010340 0.010243 0.020679
0 0.201997 0.009491 0.010243 0.018981
0 0.198828 0.008642 0.009809 0.017284
0 0.195660 0.007793 0.009722 0.015586
0 0.192491 0.006713 0.009809 0.013426
0 0.189323 0.005787 0.009201 0.011574
0 0.186155 0.004938 0.009288 0.009877
0 0.182943 0.004090 0.009288 0.008179
0 0.179948 0.003241 0.009028 0.006481
0 0.179167 0.003241 0.009028 0.006481
0 0.178733 0.003241 0.009028 0.006481
0 0.178212 0.003241 0.009028 0.006481
0 0.177691 0.003395 0.009028 0.006790
0 0.177257 0.003395 0.009028 0.006790
0 0.176606 0.003395 0.008767 0.006790
0 0.176172 0.003627 0.008767 0.007253
0 0.175651 0.003627 0.008767 0.007253
0 0.175130 0.003627 0.008767 0.007253
0 0.174696 0.003858 0.008767 0.007716
0 0.174436 0.003858 0.008767 0.007716
0 0.174175 0.004090 0.008767 0.008179
0 0.174045 0.004321 0.008507 0.008642
0 0.173915 0.004552 0.008767 0.009105
0 0.173828 0.004707 0.008594 0.009414
0 0.173568 0.004707 0.008594 0.009414
0 0.173481 0.004938 0.008767 0.009877
0 0.173351 0.005170 0.008507 0.010340
0 0.173090 0.005401 0.008507 0.010802
0 0.173090 0.005633 0.008507 0.011265
0 0.172830 0.005633 0.008507 0.011265
0 0.172830 0.005787 0.008507 0.011574
0 0.172743 0.005787 0.008333 0.011574
0 0.172743 0.006019 0.008333 0.012037
0 0.172743 0.006019 0.008333 0.012037
0 0.172483 0.006250 0.008333 0.012500
0 0.172483 0.006250 0.008333 0.012500
0 0.172352 0.006481 0.008073 0.012963
0 0.172352 0.006481 0.008073 0.012963
0 0.172352 0.006713 0.008073 0.013426
0 0.172092 0.006713 0.008073 0.013426
0 0.172092 0.006713 0.008073 0.013426
0 0.172092 0.006713 0.008073 0.013426
0 0.172092 0.006713 0.008073 0.013426
0 0.172092 0.006713 0.008073 0.013426
0 0.171875 0.006713 0.007986 0.013426
0 0.171875 0.006713 0.007986 0.013426
0 0.171875 0.006713 0.007986 0.013426
0 0.171875 0.006713 0.007986 0.013426
0 0.171875 0.006713 0.007986 0.013426
0 0.171875 0.006250 0.007986 0.012500
0 0.171875 0.006019 0.007986 0.012037
0 0.171875 0.005787 0.007986 0.011574
0 0.171875 0.005401 0.007986 0.010802
0 0.171875 0.005170 0.007986 0.010340
0 0.171875 0.004938 0.007986 0.009877
0 0.171875 0.004552 0.007986 0.009105
0 0.171875 0.004321 0.007986 0.008642
0 0.171875 0.004090 0.007986 0.008179
0 0.172092 0.003858 0.008073 0.007716
0 0.172092 0.003858 0.008073 0.007716
0 0.172092 0.003858 0.008073 0.007716
0 0.172092 0.003858 0.008073 0.007716
0 0.172092 0.003858 0.008073 0.007716
0 0.172092 0.003858 0.008073 0.007716
0 0.172092 0.003858 0.008073 0.007716
0 0.172092 0.003858 0.008073 0.007716
0 0.172092 0.003858 0.008073 0.007716
0 0.172092 0.003858 0.008073 0.007716
0 0.172092 0.003858 0.008073 0.007716
0 0.172092 0.003858 0.008073 0.007716
0 0.172092 0.003858 0.008073 0.007716
0 0.172092 0.003858 0.008073 0.007716
0 0.172092 0.003858 0.008073 0.007716
0 0.172092 0.003858 0.008073 0.007716
0 0.172092 0.003858 0.008073 0.007716
0 0.172092 0.003858 0.008073 0.007716
0 0.172092 0.003858 0.008073 0.007716
0 0.172092 0.003858 0.008073 0.007716
0 0.172092 0.003858 0.008073 0.007716
0 0.172092 0.003858 0.008073 0.007716
0 0.172092 0.003858 0.008073 0.007716
0 0.172092 0.003858 0.008073 0.007716
0 0.172092 0.003858 0.008073 0.007716
0 0.172092 0.003858 0.008073 0.007716
0 0.172092 0.003858 0.008073 0.007716
0 0.172092 0.003858 0.008073 0.007716
0 0.172092 0.003858 0.008073 0.007716
0 0.172092 0.003858 0.008073 0.007716
0 0.172092 0.003858 0.008073 0.007716
0 0.172092 0.003858 0.008073 0.007716
0 0.172092 0.003858 0.008073 0.007716
0 0.172092 0.003858 0.008073 0.007716
0 0.172092 0.003858 0.008073 0.007716
0 0.172092 0.003858 0.008073 0.007716
0 0.172092 0.003858 0.008073 0.007716
0 0.172092 0.003858 0.008073 0.007716
0 0.172092 0.003858 0.008073 0.007716
0 0.172092 0.003858 0.008073 0.007716
0 0.172092 0.003858 0.008073 0.007716
0 0.172092 0.003858 0.008073 0.007716
0 0.172092 0.003858 0.008073 0.007716
0 0.172092 0.003858 0.008073 0.007716
0 0.172092 0.003858 0.008073 0.007716
0 0.172092 0.003858 0.008073 0.007716
0 0.172092 0.003858 0.008073 0.007716
0 0.172092 0.003858 0.008073 0.007716
0 0.172092 0.003858 0.008073 0.007716
0 0.172092 0.003858 0.008073 0.007716
0 0.172092 0.003858 0.008073 0.007716
0 0.172092 0.003858 0.008073 0.007716
0 0.172092 0.003858 0.008073 0.007716
0 0.172092 0.003858 0.008073 0.007716
0 0.172092 0.003858 0.008073 0.007716
0 0.172092 0.003858 0.008073 0.007716
0 0.172092 0.003858 0.008073 0.007716
0 0.172092 0.003858 0.008073 0.007716
0 0.172092 0.003858 0.008073 0.007716
0 0.172092 0.003858 0.008073 0.007716
0 0.172092 0.003858 0.008073 0.007716
0 0.172092 0.003858 0.008073 0.007716
0 0.172092 0.003858 0.008073 0.007716
0 0.172092 0.003858 0.008073 0.007716
0 0.172092 0.003858 0.008073 0.007716
0 0.172092 0.003858 0.008073 0.007716
0 0.172092 0.003858 0.008073 0.007716
0 0.172092 0.003858 0.008073 0.007716
0 0.172092 0.003858 0.008073 0.007716
0 0.172092 0.003858 0.008073 0.007716
0 0.172092 0.003858 0.008073 0.007716
0 0.172092 0.003858 0.008073 0.007716
0 0.172092 0.003858 0.008073 0.007716
0 0.172092 0.003858 0.008073 0.007716
0 0.172092 0.003858 0.008073 0.007716
0 0.172092 0.003858 0.008073 0.007716
0 0.172092 0.003858 0.008073 0.007716
0 0.172092 0.003858 0.008073 0.007716
0 0.172092 0.003858 0.008073 0.007716
0 0.172092 0.003858 0.008073 0.007716
0 0.172092 0.003858 0.008073 0.007716
0 0.172092 0.003858 0.008073 0.007716
0 0.172092 0.003858 0.008073 0.007716
0 0.172092 0.003858 0.008073 0.007716
0 0.172092 0.003858 0.008073 0.007716
0 0.172092 0.003858 0.008073 0.007716
0 0.172092 0.003858 0.008073 0.007716
0 0.172092 0.003858 0.008073 0.007716
0 0.172092 0.003858 0.008073 0.007716
0 0.172092 0.003858 0.008073 0.007716
0 0.172092 0.003858 0.008073 0.007716
