0 0.077908 0.312731 0.012934 0.020833
0 0.077908 0.312731 0.012934 0.020833
0 0.077908 0.312731 0.012934 0.020833
0 0.077908 0.312731 0.012934 0.020833
0 0.077908 0.312731 0.012934 0.020833
0 0.077908 0.312731 0.012934 0.020833
0 0.077908 0.312731 0.012934 0.020833
0 0.077908 0.312731 0.012934 0.020833
0 0.077908 0.312731 0.012934 0.020833
0 0.077908 0.312731 0.012934 0.020833
0 0.077908 0.312731 0.012934 0.020833
0 0.076953 0.311806 0.012934 0.020833
0 0.076172 0.311188 0.012934 0.020525
0 0.075477 0.310571 0.012934 0.020833
0 0.074523 0.309877 0.012934 0.020370
0 0.073741 0.309182 0.012934 0.020833
0 0.073047 0.308642 0.012934 0.020370
0 0.072092 0.307716 0.012934 0.020370
0 0.071311 0.307253 0.012934 0.020370
0 0.070616 0.306481 0.012934 0.020370
0 0.069835 0.306019 0.012934 0.020370
0 0.068186 0.303858 0.012934 0.020370
0 0.066450 0.301698 0.012934 0.020370
0 0.064714 0.299846 0.012934 0.020370
0 0.063064 0.297685 0.012934 0.020370
0 0.061328 0.295988 0.012934 0.020370
0 0.059592 0.293827 0.012934 0.020370
0 0.057943 0.291667 0.012934 0.020370
0 0.056207 0.289969 0.012934 0.020370
0 0.054470 0.287809 0.012934 0.020370
0 0.052908 0.286034 0.013108 0.020525
0 0.051215 0.282562 0.013194 0.020370
0 0.049609 0.279090 0.013455 0.020525
0 0.048047 0.275849 0.013628 0.019907
0 0.046441 0.272531 0.013889 0.020370
0 0.044965 0.269367 0.013889 0.019907
0 0.043359 0.265818 0.014149 0.019907
0 0.041840 0.262654 0.014410 0.020370
0 0.040234 0.259336 0.014670 0.019907
0 0.038628 0.255864 0.014931 0.020062
0 0.037153 0.252855 0.014931 0.019907
0 0.035590 0.248688 0.015104 0.019599
0 0.033984 0.244830 0.015365 0.019599
0 0.032378 0.240895 0.015625 0.019444
0 0.031076 0.237037 0.015799 0.019444
0 0.029470 0.233102 0.016059 0.019599
0 0.027908 0.229167 0.016406 0.019444
0 0.026519 0.225309 0.016580 0.019444
0 0.025000 0.221373 0.016840 0.019599
0 0.023394 0.217515 0.017101 0.019599
0 0.022049 0.213580 0.017361 0.019444
0 0.020703 0.208333 0.017622 0.019444
0 0.019488 0.203164 0.017622 0.019599
0 0.018229 0.197994 0.018056 0.019444
0 0.017014 0.192747 0.018056 0.019444
0 0.015799 0.187577 0.018576 0.019599
0 0.014583 0.182330 0.018576 0.019599
0 0.013238 0.177160 0.018837 0.019444
0 0.012153 0.171914 0.019097 0.019444
0 0.010851 0.166744 0.019271 0.019599
0 0.009722 0.161728 0.019444 0.019136
0 0.009375 0.155710 0.018750 0.019136
0 0.009028 0.149537 0.018056 0.019136
0 0.008637 0.143519 0.017274 0.019136
0 0.008377 0.137423 0.016753 0.018981
0 0.008030 0.131327 0.016059 0.019136
0 0.007682 0.125309 0.015365 0.019136
0 0.007422 0.119213 0.014844 0.018981
0 0.007075 0.113117 0.014149 0.019136
0 0.006684 0.107099 0.013368 0.019136
0 0.006424 0.101003 0.012847 0.018981
0 0.006684 0.092515 0.013368 0.019599
0 0.006944 0.084259 0.013889 0.020370
0 0.007161 0.076080 0.014323 0.021296
0 0.007552 0.067593 0.015104 0.021605
0 0.007769 0.059414 0.015538 0.022531
0 0.008030 0.051080 0.016059 0.023457
0 0.008377 0.042670 0.016753 0.023920
0 0.008637 0.034414 0.017274 0.024691
0 0.008898 0.026235 0.017795 0.025617
0 0.009245 0.017901 0.018490 0.026543
0 0.009245 0.017901 0.018490 0.026543
0 0.009245 0.017901 0.018490 0.026543
0 0.009245 0.017901 0.018490 0.026543
0 0.009245 0.017901 0.018490 0.026543
0 0.009245 0.017901 0.018490 0.026543
0 0.009245 0.017901 0.018490 0.026543
0 0.009245 0.017901 0.018490 0.026543
0 0.009245 0.017901 0.018490 0.026543
0 0.009245 0.017901 0.018490 0.026543
0 0.009245 0.017901 0.018490 0.026543
0 0.009245 0.017901 0.018490 0.026543
0 0.009245 0.017901 0.018490 0.026543
0 0.009245 0.017901 0.018490 0.026543
0 0.009245 0.017901 0.018490 0.026543
0 0.009245 0.017901 0.018490 0.026543
0 0.009245 0.017901 0.018490 0.026543
0 0.009245 0.017901 0.018490 0.026543
0 0.009245 0.017901 0.018490 0.026543
0 0.009245 0.017901 0.018490 0.026543
0 0.009245 0.017901 0.018490 0.026543
0 0.009245 0.017901 0.018490 0.026543
0 0.009245 0.017901 0.018490 0.026543
0 0.009245 0.017901 0.018490 0.026543
0 0.009245 0.017901 0.018490 0.026543
0 0.009245 0.017901 0.018490 0.026543
0 0.009245 0.017901 0.018490 0.026543
0 0.009245 0.017901 0.018490 0.026543
0 0.009245 0.017901 0.018490 0.026543
0 0.009245 0.017901 0.018490 0.026543
0 0.009245 0.017901 0.018490 0.026543
0 0.009245 0.017901 0.018490 0.026543
0 0.009245 0.017901 0.018490 0.026543
0 0.009245 0.017901 0.018490 0.026543
0 0.009245 0.017901 0.018490 0.026543
0 0.009245 0.017901 0.018490 0.026543
0 0.009245 0.017901 0.018490 0.026543
0 0.009245 0.017901 0.018490 0.026543
0 0.009245 0.017901 0.018490 0.026543
0 0.009245 0.017901 0.018490 0.026543
0 0.009245 0.017901 0.018490 0.026543
0 0.009245 0.017901 0.018490 0.026543
0 0.009245 0.017901 0.018490 0.026543
0 0.009245 0.017901 0.018490 0.026543
0 0.009245 0.017901 0.018490 0.026543
0 0.009245 0.017901 0.018490 0.026543
0 0.009245 0.017901 0.018490 0.026543
0 0.009245 0.017901 0.018490 0.026543
0 0.009245 0.017901 0.018490 0.026543
0 0.009245 0.017901 0.018490 0.026543
0 0.009245 0.017901 0.018490 0.026543
0 0.009245 0.017901 0.018490 0.026543
0 0.009245 0.017901 0.018490 0.026543
0 0.009245 0.017901 0.018490 0.026543
0 0.009245 0.017901 0.018490 0.026543
0 0.009245 0.017901 0.018490 0.026543
0 0.009245 0.017901 0.018490 0.026543
0 0.009245 0.017901 0.018490 0.026543
0 0.009245 0.017901 0.018490 0.026543
0 0.009245 0.017901 0.018490 0.026543
0 0.009245 0.017901 0.018490 0.026543
0 0.008637 0.019290 0.017274 0.025617
0 0.008160 0.020756 0.016319 0.024228
0 0.007552 0.022068 0.015104 0.023457
0 0.007075 0.023534 0.014149 0.022068
0 0.006424 0.025077 0.012847 0.020833
0 0.005946 0.026389 0.011892 0.020062
0 0.005339 0.027855 0.010677 0.018673
0 0.004861 0.029244 0.009722 0.017747
0 0.004253 0.030787 0.008507 0.016512
0 0.003776 0.032485 0.007552 0.015586
0 0.004123 0.033488 0.008247 0.016049
0 0.004514 0.034877 0.009028 0.016975
0 0.004861 0.035957 0.009722 0.017284
0 0.005339 0.037191 0.010677 0.018210
0 0.005729 0.038580 0.011458 0.018210
0 0.006076 0.039815 0.012153 0.019136
0 0.006554 0.040895 0.013108 0.019444
0 0.006944 0.042284 0.013889 0.020370
0 0.007292 0.043287 0.014583 0.020833
0 0.007769 0.044830 0.015538 0.021142
0 0.007769 0.044830 0.015538 0.021142
0 0.007769 0.044830 0.015538 0.021142
0 0.007769 0.044830 0.015538 0.021142
0 0.007769 0.044830 0.015538 0.021142
0 0.007769 0.044830 0.015538 0.021142
0 0.007769 0.044830 0.015538 0.021142
0 0.007769 0.044830 0.015538 0.021142
0 0.007769 0.044830 0.015538 0.021142
0 0.007769 0.044830 0.015538 0.021142
0 0.007769 0.044830 0.015538 0.021142
0 0.007769 0.044830 0.015538 0.021142
0 0.007769 0.044830 0.015538 0.021142
0 0.007769 0.044830 0.015538 0.021142
0 0.007769 0.044830 0.015538 0.021142
0 0.007769 0.044830 0.015538 0.021142
0 0.007769 0.044830 0.015538 0.021142
0 0.007769 0.044830 0.015538 0.021142
0 0.007769 0.044830 0.015538 0.021142
0 0.007769 0.044830 0.015538 0.021142
0 0.007769 0.044830 0.015538 0.021142
