0 0.194835 0.040046 0.005122 0.012500
0 0.194705 0.039815 0.004861 0.012037
0 0.194705 0.039815 0.004861 0.012037
0 0.194705 0.039815 0.004861 0.012037
0 0.194705 0.039660 0.004861 0.011728
0 0.194705 0.039660 0.004861 0.011728
0 0.194575 0.039660 0.004601 0.011728
0 0.194575 0.039429 0.004601 0.011265
0 0.194575 0.039429 0.004601 0.011265
0 0.194575 0.039429 0.004601 0.011265
0 0.194575 0.039429 0.004601 0.011265
0 0.194575 0.039429 0.004601 0.011265
0 0.194575 0.039429 0.004601 0.011265
0 0.194575 0.039429 0.004601 0.011265
0 0.194575 0.039429 0.004601 0.011265
0 0.194575 0.039429 0.004601 0.011265
0 0.194575 0.039429 0.004601 0.011265
0 0.194575 0.039429 0.004601 0.011265
0 0.194575 0.039429 0.004601 0.011265
0 0.194575 0.039429 0.004601 0.011265
0 0.194575 0.039429 0.004601 0.011265
0 0.194575 0.039429 0.004601 0.011265
0 0.194575 0.039429 0.004601 0.011265
0 0.194575 0.039429 0.004601 0.011265
0 0.194575 0.039429 0.004601 0.011265
0 0.194575 0.039429 0.004601 0.011265
0 0.194575 0.039429 0.004601 0.011265
0 0.194575 0.039429 0.004601 0.011265
0 0.194575 0.039429 0.004601 0.011265
0 0.194575 0.039429 0.004601 0.011265
0 0.194575 0.039429 0.004601 0.011265
0 0.194444 0.038966 0.004861 0.011265
0 0.194444 0.038966 0.004861 0.011265
0 0.194444 0.038966 0.004861 0.011265
0 0.194444 0.038966 0.004861 0.011265
0 0.194444 0.038966 0.004861 0.011265
0 0.194444 0.038966 0.004861 0.011265
0 0.194444 0.038966 0.004861 0.011265
0 0.194444 0.038966 0.004861 0.011265
0 0.194444 0.038966 0.004861 0.011265
0 0.194575 0.038966 0.005122 0.011265
0 0.194575 0.038966 0.005122 0.011265
0 0.194575 0.038966 0.005122 0.011265
0 0.194575 0.038966 0.005122 0.011265
0 0.194575 0.038966 0.005122 0.011265
0 0.194575 0.038966 0.005122 0.011265
0 0.194575 0.038966 0.005122 0.011265
0 0.194575 0.038966 0.005122 0.011265
0 0.194575 0.038966 0.005122 0.011265
0 0.194575 0.038966 0.005122 0.011265
0 0.194575 0.038966 0.005122 0.011265
0 0.194314 0.038503 0.005122 0.011265
0 0.194314 0.038503 0.005122 0.011265
0 0.194314 0.038503 0.005122 0.011265
0 0.194314 0.038272 0.005122 0.010802
0 0.194314 0.038272 0.005122 0.010802
0 0.194314 0.038040 0.005122 0.011265
0 0.194314 0.037886 0.005122 0.010957
0 0.194314 0.037886 0.005122 0.010957
0 0.194314 0.037886 0.005122 0.010957
0 0.194314 0.037886 0.005122 0.010957
0 0.194314 0.037886 0.005122 0.010957
0 0.194314 0.037886 0.005122 0.010957
0 0.194314 0.037886 0.005122 0.010957
0 0.194314 0.037886 0.005122 0.010957
0 0.194314 0.037886 0.005122 0.010957
0 0.194314 0.037886 0.005122 0.010957
0 0.194314 0.037886 0.005122 0.010957
0 0.194314 0.037886 0.005122 0.010957
0 0.194314 0.037886 0.005122 0.010957
0 0.194314 0.037886 0.005122 0.010957
0 0.194314 0.037886 0.005122 0.010957
0 0.194314 0.037886 0.005122 0.010957
0 0.194314 0.038040 0.005122 0.011265
0 0.194314 0.038272 0.005122 0.010802
0 0.194314 0.038503 0.005122 0.011265
0 0.194314 0.038503 0.005122 0.011265
0 0.194314 0.038735 0.005122 0.010802
0 0.194314 0.038966 0.005122 0.011265
0 0.194314 0.038966 0.005122 0.011265
0 0.194314 0.039429 0.005122 0.011265
0 0.194314 0.039429 0.005122 0.011265
0 0.194314 0.039429 0.005122 0.011265
0 0.194314 0.039429 0.005122 0.011265
0 0.194314 0.039429 0.005122 0.011265
0 0.194314 0.039429 0.005122 0.011265
0 0.194314 0.039429 0.005122 0.011265
0 0.194314 0.039429 0.005122 0.011265
0 0.194314 0.039429 0.005122 0.011265
0 0.194314 0.039429 0.005122 0.011265
0 0.194575 0.039429 0.005122 0.011265
0 0.194575 0.039429 0.005122 0.011265
0 0.194575 0.039429 0.005122 0.011265
0 0.194575 0.039429 0.005122 0.011265
0 0.194575 0.039429 0.005122 0.011265
0 0.194575 0.039429 0.005122 0.011265
0 0.194575 0.039429 0.005122 0.011265
0 0.194575 0.039429 0.005122 0.011265
0 0.194575 0.039429 0.005122 0.011265
0 0.194575 0.039429 0.005122 0.011265
0 0.194575 0.039429 0.005122 0.011265
0 0.194444 0.039429 0.004861 0.011265
0 0.194444 0.039429 0.004861 0.011265
0 0.194444 0.039429 0.004861 0.011265
0 0.194444 0.039429 0.004861 0.011265
0 0.194444 0.039429 0.004861 0.011265
0 0.194444 0.039429 0.004861 0.011265
0 0.194444 0.039429 0.004861 0.011265
0 0.194444 0.039429 0.004861 0.011265
0 0.194444 0.039429 0.004861 0.011265
0 0.194575 0.039429 0.004601 0.011265
0 0.194444 0.039429 0.004861 0.011265
0 0.194444 0.039429 0.004861 0.011265
0 0.194444 0.039429 0.004861 0.011265
0 0.194444 0.039892 0.004861 0.011265
0 0.194444 0.039892 0.004861 0.011265
0 0.194314 0.039892 0.005122 0.011265
0 0.194314 0.040201 0.005122 0.011265
0 0.194314 0.040201 0.005122 0.011265
0 0.194314 0.040201 0.005122 0.011265
0 0.194314 0.040664 0.005122 0.011265
0 0.194054 0.040664 0.005122 0.011265
0 0.194054 0.040664 0.005122 0.011265
0 0.194054 0.040664 0.005122 0.011265
0 0.194054 0.040895 0.005122 0.010802
0 0.194054 0.041127 0.005122 0.011265
0 0.194054 0.041127 0.005122 0.011265
0 0.194054 0.041358 0.005122 0.010802
0 0.194054 0.041358 0.005122 0.010802
0 0.194054 0.041358 0.005122 0.010802
0 0.194054 0.041821 0.005122 0.010802
0 0.193924 0.041821 0.004861 0.010802
0 0.193924 0.042207 0.004861 0.010957
0 0.193924 0.042670 0.004861 0.010957
0 0.193837 0.042670 0.004687 0.010957
0 0.193837 0.043056 0.004687 0.010802
0 0.193837 0.043519 0.004687 0.010802
0 0.193707 0.043519 0.004427 0.010802
0 0.193707 0.043981 0.004427 0.010802
0 0.193707 0.044444 0.004427 0.010802
0 0.193707 0.044830 0.004427 0.010957
0 0.193576 0.044830 0.004687 0.010957
0 0.193576 0.045216 0.004687 0.010802
0 0.193576 0.045679 0.004687 0.010802
0 0.193490 0.046142 0.004861 0.010802
0 0.193490 0.046605 0.004861 0.010802
0 0.193490 0.046605 0.004861 0.010802
0 0.193359 0.046991 0.005122 0.010957
0 0.193359 0.047377 0.005122 0.010802
0 0.193359 0.047840 0.005122 0.010802
0 0.193359 0.048302 0.005122 0.010802
0 0.193229 0.048765 0.004861 0.010802
0 0.193229 0.049151 0.004861 0.010957
0 0.193229 0.049614 0.004861 0.010957
0 0.193099 0.050000 0.004601 0.010802
0 0.193099 0.050463 0.004601 0.010802
0 0.193099 0.050926 0.004601 0.010802
0 0.192969 0.051312 0.004340 0.010957
0 0.192969 0.051775 0.004340 0.010957
0 0.192969 0.052160 0.004340 0.010802
0 0.192969 0.052855 0.004340 0.011265
0 0.192839 0.053318 0.004601 0.011265
0 0.192839 0.053781 0.004601 0.011265
0 0.192839 0.054090 0.004601 0.011265
0 0.192839 0.054552 0.004601 0.011265
0 0.192969 0.055478 0.004861 0.011265
0 0.192969 0.055941 0.004861 0.011265
0 0.192969 0.056250 0.004861 0.011265
0 0.192969 0.056713 0.004861 0.011265
0 0.192969 0.057176 0.004861 0.011265
0 0.193099 0.058102 0.005122 0.011265
0 0.193099 0.058488 0.005122 0.011420
0 0.193099 0.058873 0.005122 0.011265
0 0.193099 0.059799 0.005122 0.011265
0 0.193099 0.060262 0.005122 0.011265
0 0.193229 0.061034 0.004861 0.011265
0 0.193229 0.061497 0.004861 0.011265
0 0.193229 0.061960 0.004861 0.011265
0 0.193229 0.062886 0.004861 0.011265
0 0.193229 0.063194 0.004861 0.011265
0 0.193359 0.064120 0.004601 0.011265
