0 0.319271 0.075772 0.009028 0.018210
0 0.319141 0.075772 0.009288 0.018210
0 0.319141 0.075772 0.009288 0.018210
0 0.319141 0.075772 0.009288 0.018210
0 0.319141 0.075772 0.009288 0.018210
0 0.319141 0.075772 0.009288 0.018210
0 0.319141 0.075772 0.009288 0.018210
0 0.319141 0.075772 0.009288 0.018210
0 0.319141 0.075772 0.009288 0.018210
0 0.319141 0.075772 0.009288 0.018210
0 0.319141 0.075772 0.009288 0.018210
0 0.319141 0.075000 0.009288 0.018210
0 0.319141 0.074537 0.009288 0.018210
0 0.319141 0.074074 0.009288 0.018210
0 0.319271 0.073611 0.009028 0.018210
0 0.319401 0.073302 0.009288 0.018210
0 0.319401 0.072840 0.009288 0.018210
0 0.319531 0.072377 0.009028 0.018210
0 0.319531 0.071914 0.009028 0.018210
0 0.319531 0.071451 0.009028 0.018210
0 0.319705 0.071065 0.009028 0.018364
0 0.319705 0.069753 0.009028 0.018210
0 0.319835 0.068519 0.009288 0.018210
0 0.319965 0.067130 0.009028 0.018210
0 0.320095 0.065895 0.009288 0.018210
0 0.320226 0.064969 0.009028 0.018210
0 0.320356 0.063735 0.009288 0.018210
0 0.320356 0.062346 0.009288 0.018210
0 0.320616 0.061111 0.009288 0.018210
0 0.320616 0.059722 0.009288 0.018210
0 0.320877 0.058951 0.009288 0.018210
0 0.320877 0.057253 0.009288 0.018210
0 0.320877 0.055864 0.009288 0.018210
0 0.320877 0.054630 0.009288 0.018210
0 0.320877 0.052778 0.009288 0.018210
0 0.321007 0.051543 0.009028 0.018210
0 0.321007 0.050309 0.009028 0.018210
0 0.321007 0.048457 0.009028 0.018210
0 0.321007 0.047222 0.009028 0.018210
0 0.321007 0.045910 0.009028 0.018364
0 0.321181 0.044599 0.009028 0.018210
0 0.321007 0.042438 0.009028 0.018210
0 0.320747 0.040278 0.009028 0.018210
0 0.320486 0.038117 0.009028 0.018210
0 0.320486 0.035957 0.009028 0.018210
0 0.320226 0.033796 0.009028 0.018210
0 0.319965 0.031636 0.009028 0.018210
0 0.319965 0.029475 0.009028 0.018210
0 0.319705 0.027315 0.009028 0.018210
0 0.319531 0.025154 0.009028 0.018210
0 0.319531 0.022917 0.009028 0.018364
0 0.319531 0.020910 0.009028 0.017747
0 0.319531 0.019213 0.009028 0.016821
0 0.319531 0.017438 0.009028 0.016049
0 0.319531 0.015741 0.009028 0.015123
0 0.319705 0.013966 0.009028 0.014352
0 0.319705 0.012037 0.009028 0.013889
0 0.319705 0.010340 0.009028 0.012963
0 0.319705 0.008565 0.009028 0.012191
0 0.319705 0.006867 0.009028 0.011265
0 0.319965 0.005401 0.009028 0.010802
0 0.320095 0.004552 0.009288 0.009105
0 0.320356 0.003627 0.009288 0.007253
0 0.320616 0.002778 0.009288 0.005556
