0 0.100608 0.198611 0.007118 0.029630
0 0.100260 0.202083 0.007292 0.029475
0 0.100000 0.205556 0.007292 0.029630
0 0.099609 0.209028 0.007552 0.029475
0 0.099392 0.212500 0.007639 0.029630
0 0.099175 0.215972 0.007552 0.029475
0 0.098785 0.219444 0.007812 0.029630
0 0.098524 0.222917 0.007812 0.029475
0 0.098177 0.226312 0.007986 0.029475
0 0.097960 0.229861 0.008073 0.029475
0 0.097700 0.233488 0.008073 0.029938
0 0.097569 0.233256 0.007812 0.029475
0 0.097569 0.233256 0.007812 0.029475
0 0.097569 0.233256 0.007812 0.029475
0 0.097439 0.233256 0.007552 0.029475
0 0.097439 0.233256 0.007552 0.029475
0 0.097439 0.233102 0.007552 0.029167
0 0.097309 0.233102 0.007292 0.029167
0 0.097309 0.233102 0.007292 0.029167
0 0.097309 0.233102 0.007292 0.029167
0 0.097439 0.233102 0.007031 0.029167
0 0.097569 0.225309 0.007292 0.029012
0 0.097700 0.217438 0.007552 0.029012
0 0.097960 0.209722 0.007552 0.029012
0 0.098090 0.202315 0.007812 0.029012
0 0.098394 0.194444 0.008073 0.029012
0 0.098524 0.186728 0.008333 0.029012
0 0.098655 0.179321 0.008594 0.029012
0 0.098915 0.171451 0.008594 0.029012
0 0.099002 0.163735 0.008767 0.029012
0 0.099392 0.156327 0.009028 0.029012
0 0.099262 0.156327 0.008767 0.029012
0 0.099262 0.156327 0.008767 0.029012
0 0.099262 0.156327 0.008247 0.029012
0 0.099262 0.156327 0.008247 0.029012
0 0.099392 0.156559 0.007986 0.029475
0 0.099306 0.156559 0.007812 0.029475
0 0.099306 0.156559 0.007812 0.029475
0 0.099262 0.156559 0.007378 0.029475
0 0.099262 0.156559 0.007378 0.029475
0 0.099392 0.157022 0.007118 0.029475
0 0.099392 0.154784 0.007118 0.029630
0 0.099653 0.153009 0.007118 0.029475
0 0.099653 0.150849 0.007118 0.029475
0 0.099870 0.149151 0.007031 0.029475
0 0.099870 0.147454 0.007031 0.029475
0 0.100130 0.145293 0.007031 0.029475
0 0.100130 0.143519 0.007031 0.029630
0 0.100391 0.141358 0.007031 0.029630
0 0.100391 0.139583 0.007031 0.029475
0 0.100608 0.137886 0.007118 0.029475
0 0.100608 0.133102 0.007118 0.029475
0 0.100608 0.128318 0.007118 0.029475
0 0.100608 0.123997 0.007118 0.029475
0 0.100608 0.119213 0.007118 0.029475
0 0.100608 0.114892 0.007118 0.029475
0 0.100608 0.110108 0.007118 0.029475
0 0.100608 0.105324 0.007118 0.029475
0 0.100608 0.101003 0.007118 0.029475
0 0.100608 0.096219 0.007118 0.029475
0 0.100868 0.091898 0.007118 0.029475
0 0.101736 0.091435 0.007292 0.029475
0 0.102691 0.091204 0.007292 0.029012
0 0.103646 0.090818 0.007292 0.029167
0 0.104601 0.090586 0.007812 0.028704
0 0.105642 0.090355 0.007812 0.028241
0 0.106597 0.089892 0.007812 0.028241
0 0.107552 0.089660 0.008333 0.027778
0 0.108550 0.089352 0.008247 0.027778
0 0.109505 0.089120 0.008247 0.027315
0 0.110634 0.089120 0.008594 0.027315
0 0.110981 0.088657 0.008247 0.027315
0 0.111458 0.088194 0.008333 0.027315
0 0.111849 0.087731 0.008073 0.027315
0 0.112326 0.087500 0.007986 0.026852
0 0.112934 0.087269 0.007812 0.027315
0 0.113325 0.086960 0.007552 0.027315
0 0.113759 0.086728 0.007552 0.026852
0 0.114149 0.086265 0.007292 0.026852
0 0.114670 0.085802 0.007292 0.026852
0 0.115278 0.085802 0.007118 0.026852
0 0.115755 0.085108 0.007031 0.027315
0 0.116493 0.084722 0.007118 0.028086
0 0.116970 0.084105 0.007031 0.028704
0 0.117708 0.083873 0.007118 0.029167
0 0.118186 0.083256 0.007031 0.029475
0 0.118924 0.082793 0.007118 0.030401
0 0.119401 0.082330 0.007031 0.030401
0 0.120139 0.081944 0.007118 0.031173
0 0.120616 0.081250 0.007031 0.031636
0 0.121354 0.081019 0.007118 0.032099
0 0.121962 0.080015 0.007292 0.032562
0 0.122700 0.079090 0.007378 0.032562
0 0.123307 0.078164 0.007552 0.032562
0 0.124045 0.077392 0.007639 0.032562
0 0.124783 0.076698 0.007552 0.033025
0 0.125347 0.075849 0.007812 0.032870
0 0.126128 0.075000 0.007812 0.033025
0 0.126693 0.074074 0.008073 0.033025
0 0.127474 0.073225 0.008073 0.032870
0 0.128168 0.072608 0.008073 0.033488
0 0.128689 0.071759 0.008073 0.033333
0 0.129167 0.070833 0.007986 0.033333
0 0.129644 0.070448 0.008073 0.033488
0 0.130165 0.069522 0.008073 0.033488
0 0.130599 0.069136 0.008073 0.033333
0 0.131120 0.068210 0.008073 0.033333
0 0.131597 0.067361 0.007986 0.033488
0 0.132075 0.066975 0.008073 0.033333
0 0.132595 0.066049 0.008073 0.033333
0 0.133073 0.065664 0.007986 0.033488
0 0.133550 0.064815 0.008073 0.033333
0 0.134071 0.063889 0.008073 0.033333
0 0.134505 0.063040 0.008073 0.033488
0 0.135026 0.062191 0.008073 0.033333
0 0.135503 0.061343 0.007986 0.033488
0 0.135981 0.060417 0.008073 0.033488
0 0.136502 0.059568 0.008073 0.033333
0 0.136979 0.058719 0.007986 0.033488
0 0.137457 0.057870 0.008073 0.033333
0 0.138194 0.057407 0.007986 0.033333
0 0.138411 0.056559 0.008073 0.033488
0 0.138672 0.056096 0.008073 0.033488
0 0.138932 0.055247 0.008073 0.033333
0 0.139193 0.054784 0.008073 0.033333
0 0.139627 0.054398 0.008073 0.033488
0 0.139887 0.053472 0.008073 0.033488
0 0.140148 0.053086 0.008073 0.033333
0 0.140408 0.052160 0.008073 0.033333
0 0.140625 0.051775 0.007986 0.033488
0 0.141102 0.051312 0.008073 0.033488
0 0.141363 0.050926 0.008073 0.033333
0 0.141884 0.050694 0.008073 0.032870
0 0.142318 0.050463 0.008073 0.032407
0 0.142839 0.050309 0.008073 0.032099
0 0.143316 0.050077 0.007986 0.031636
0 0.143793 0.049614 0.008073 0.031636
0 0.144314 0.049383 0.008073 0.031173
0 0.144792 0.049151 0.007986 0.030710
0 0.145269 0.048997 0.008073 0.030401
0 0.145790 0.048765 0.008073 0.029938
0 0.146484 0.048302 0.008073 0.029938
0 0.147309 0.048071 0.007812 0.029475
0 0.148220 0.047608 0.007552 0.029475
0 0.149045 0.047377 0.007292 0.029012
0 0.149913 0.047222 0.007118 0.028704
0 0.150651 0.046759 0.007031 0.028704
0 0.151519 0.046528 0.006858 0.028241
0 0.152344 0.046142 0.006597 0.028086
0 0.153168 0.045910 0.006337 0.027623
0 0.154210 0.045756 0.006337 0.027315
0 0.154384 0.045293 0.006337 0.027315
0 0.154644 0.045293 0.006337 0.027315
0 0.154905 0.044830 0.006337 0.027315
0 0.155295 0.044830 0.006076 0.027315
0 0.155642 0.044830 0.006424 0.027315
0 0.155859 0.044367 0.006337 0.027315
0 0.156250 0.044367 0.006076 0.027315
0 0.156510 0.043904 0.006076 0.027315
0 0.156771 0.043904 0.006076 0.027315
0 0.157205 0.043904 0.006076 0.027315
0 0.157595 0.043904 0.006337 0.027315
0 0.157986 0.043904 0.006597 0.027315
0 0.158420 0.043904 0.006597 0.027315
0 0.158811 0.044136 0.006858 0.026852
0 0.159418 0.044136 0.007031 0.026852
0 0.159809 0.044136 0.007292 0.026852
0 0.160156 0.044367 0.007639 0.026389
0 0.160634 0.044367 0.007552 0.026389
0 0.161024 0.044367 0.007812 0.026389
0 0.161589 0.044830 0.008073 0.026389
0 0.161589 0.044830 0.008073 0.026389
0 0.161849 0.045062 0.008073 0.026852
0 0.161849 0.045293 0.008073 0.027315
0 0.162109 0.045525 0.008073 0.026852
0 0.162240 0.045756 0.008333 0.027315
0 0.162370 0.045910 0.008073 0.027623
0 0.162500 0.046142 0.008333 0.028086
0 0.162717 0.046296 0.008247 0.027778
0 0.162717 0.046528 0.008247 0.028241
0 0.162977 0.046759 0.008247 0.028704
