0 0.190755 0.287346 0.006858 0.012654
0 0.190755 0.287346 0.006858 0.012654
0 0.190755 0.287346 0.006858 0.012654
0 0.190755 0.287346 0.006858 0.012654
0 0.190755 0.287346 0.006858 0.012654
0 0.190755 0.287346 0.006858 0.012654
0 0.190755 0.287346 0.006858 0.012654
0 0.190755 0.287346 0.006858 0.012654
0 0.190755 0.287346 0.006858 0.012654
0 0.190755 0.287346 0.006858 0.012654
0 0.190755 0.287346 0.006858 0.012654
0 0.190755 0.287346 0.006858 0.012654
0 0.190755 0.287346 0.006858 0.012654
0 0.190755 0.287346 0.006858 0.012654
0 0.190755 0.287346 0.006858 0.012654
0 0.190755 0.287346 0.006858 0.012654
0 0.190755 0.287346 0.006858 0.012654
0 0.190755 0.287346 0.006858 0.012654
0 0.190755 0.287346 0.006858 0.012654
0 0.190755 0.287346 0.006858 0.012654
0 0.190755 0.287346 0.006858 0.012654
0 0.190755 0.287346 0.006858 0.012654
0 0.190755 0.287346 0.006858 0.012654
0 0.190755 0.287346 0.006858 0.012654
0 0.190755 0.287346 0.006858 0.012654
0 0.190755 0.287346 0.006858 0.012654
0 0.190755 0.287346 0.006858 0.012654
0 0.190755 0.287346 0.006858 0.012654
0 0.190755 0.287346 0.006858 0.012654
0 0.190755 0.287346 0.006858 0.012654
0 0.190755 0.287346 0.006858 0.012654
0 0.190755 0.287346 0.006858 0.012654
0 0.190755 0.287346 0.006858 0.012654
0 0.190755 0.287346 0.006858 0.012654
0 0.190755 0.287346 0.006858 0.012654
0 0.190755 0.287346 0.006858 0.012654
0 0.190755 0.287346 0.006858 0.012654
0 0.190755 0.287346 0.006858 0.012654
0 0.190755 0.287346 0.006858 0.012654
0 0.190755 0.287346 0.006858 0.012654
0 0.190755 0.287346 0.006858 0.012654
0 0.190755 0.287346 0.006858 0.012654
0 0.190755 0.287346 0.006858 0.012654
0 0.190755 0.287346 0.006858 0.012654
0 0.190755 0.287346 0.006858 0.012654
0 0.190755 0.287346 0.006858 0.012654
0 0.190755 0.287346 0.006858 0.012654
0 0.190755 0.287346 0.006858 0.012654
0 0.190755 0.287346 0.006858 0.012654
0 0.190755 0.287346 0.006858 0.012654
0 0.190755 0.287346 0.006858 0.012654
0 0.190755 0.287346 0.006858 0.012654
0 0.190755 0.287346 0.006858 0.012654
0 0.190755 0.287346 0.006858 0.012654
0 0.190755 0.287346 0.006858 0.012654
0 0.190755 0.287346 0.006858 0.012654
0 0.190755 0.287346 0.006858 0.012654
0 0.190755 0.287346 0.006858 0.012654
0 0.190755 0.287346 0.006858 0.012654
0 0.190755 0.287346 0.006858 0.012654
0 0.190755 0.287346 0.006858 0.012654
0 0.190755 0.287346 0.006858 0.012654
0 0.190755 0.287346 0.006858 0.012654
0 0.190755 0.287346 0.006858 0.012654
0 0.190755 0.287346 0.006858 0.012654
0 0.190755 0.287346 0.006858 0.012654
0 0.190755 0.287346 0.006858 0.012654
0 0.190755 0.287346 0.006858 0.012654
0 0.190755 0.287346 0.006858 0.012654
0 0.190755 0.287346 0.006858 0.012654
0 0.190755 0.287346 0.006858 0.012654
0 0.191884 0.258642 0.006510 0.011728
0 0.193012 0.230324 0.006337 0.011265
0 0.194097 0.201852 0.006076 0.010802
0 0.195312 0.173225 0.006076 0.010031
0 0.196528 0.144985 0.005556 0.009105
0 0.197613 0.116667 0.005295 0.008642
0 0.198828 0.087963 0.005295 0.007716
0 0.199957 0.059568 0.005122 0.007407
0 0.201042 0.031096 0.004861 0.006944
0 0.202387 0.003009 0.004601 0.006019
0 0.202387 0.004938 0.004601 0.007407
0 0.202517 0.007253 0.004861 0.008642
0 0.202648 0.009645 0.005122 0.010031
0 0.202821 0.011883 0.005122 0.010802
0 0.202951 0.014275 0.005382 0.012191
0 0.202951 0.016358 0.005382 0.013889
0 0.203212 0.018596 0.005382 0.014660
0 0.203342 0.020988 0.005642 0.016049
0 0.203472 0.023380 0.005903 0.017438
0 0.203733 0.025694 0.005903 0.018673
0 0.203602 0.028318 0.005642 0.018673
0 0.203602 0.031173 0.005642 0.018210
0 0.203602 0.033796 0.005642 0.018210
0 0.203602 0.036574 0.005642 0.017901
0 0.203602 0.039429 0.005642 0.017438
0 0.203602 0.041975 0.005642 0.017284
0 0.203602 0.044830 0.005642 0.016821
0 0.203602 0.047454 0.005642 0.016821
0 0.203602 0.050231 0.005642 0.016512
0 0.203602 0.053086 0.005642 0.016049
0 0.203602 0.055710 0.005642 0.016049
0 0.203602 0.058488 0.005642 0.015741
0 0.203602 0.061265 0.005642 0.015123
0 0.203602 0.063889 0.005642 0.015123
0 0.203602 0.066744 0.005642 0.014660
0 0.203602 0.069522 0.005642 0.014352
0 0.203602 0.072145 0.005642 0.014352
0 0.203602 0.075000 0.005642 0.013889
0 0.203602 0.077855 0.005642 0.013426
0 0.203733 0.080633 0.005382 0.013117
0 0.203472 0.083410 0.005382 0.013426
0 0.203472 0.086728 0.005382 0.013889
0 0.203472 0.089892 0.005382 0.014352
0 0.203472 0.092978 0.005382 0.014352
0 0.203472 0.096219 0.005382 0.014660
0 0.203472 0.099460 0.005382 0.015278
0 0.203472 0.102546 0.005382 0.015278
0 0.203472 0.105787 0.005382 0.015586
0 0.203472 0.109028 0.005382 0.016204
0 0.203472 0.112269 0.005382 0.016512
0 0.203342 0.114892 0.005642 0.016512
0 0.203342 0.117747 0.005642 0.016049
0 0.203342 0.120525 0.005642 0.015741
0 0.203212 0.123302 0.005903 0.015123
0 0.203342 0.126157 0.006163 0.014660
0 0.203342 0.128781 0.006163 0.014660
0 0.203255 0.131559 0.006337 0.014352
0 0.203255 0.134414 0.006337 0.013889
0 0.203255 0.137269 0.006337 0.013426
0 0.203385 0.140046 0.006597 0.013117
0 0.203125 0.143056 0.006597 0.012963
0 0.203125 0.146296 0.006597 0.012654
0 0.203125 0.149383 0.006597 0.012654
0 0.203125 0.152623 0.006597 0.012037
0 0.203125 0.155864 0.006597 0.011728
0 0.202995 0.158951 0.006337 0.011728
0 0.202995 0.162114 0.006337 0.011265
0 0.202995 0.165201 0.006337 0.011265
0 0.202995 0.168441 0.006337 0.010957
0 0.202995 0.171682 0.006337 0.010340
0 0.202604 0.174306 0.006597 0.010340
0 0.202344 0.177392 0.006597 0.010340
0 0.202127 0.180401 0.007031 0.010494
0 0.201866 0.183256 0.007031 0.010031
0 0.201736 0.186265 0.007292 0.009877
0 0.201432 0.189043 0.007552 0.010494
0 0.201172 0.191898 0.007552 0.010031
0 0.200911 0.194907 0.008073 0.009877
0 0.200651 0.197917 0.008073 0.010031
0 0.200521 0.201003 0.008333 0.010031
0 0.200043 0.204012 0.008247 0.009877
0 0.199566 0.207022 0.008333 0.010031
0 0.199089 0.210340 0.008247 0.010494
0 0.198828 0.213349 0.008247 0.010340
0 0.198351 0.216667 0.008333 0.010802
0 0.197873 0.219599 0.008247 0.010802
0 0.197613 0.222685 0.008247 0.010802
0 0.197135 0.226003 0.008333 0.011265
0 0.196615 0.228935 0.008333 0.011265
0 0.196398 0.232485 0.008247 0.011265
0 0.196050 0.235108 0.008073 0.011265
0 0.195790 0.238040 0.008073 0.011265
0 0.195399 0.241127 0.007812 0.011265
0 0.195139 0.243750 0.007812 0.011265
0 0.194835 0.246759 0.007552 0.011420
0 0.194575 0.249769 0.007552 0.011265
0 0.194184 0.252392 0.007292 0.011265
0 0.193967 0.255478 0.007378 0.011265
0 0.193576 0.258410 0.007118 0.011265
0 0.193446 0.261497 0.006858 0.011265
0 0.193229 0.264120 0.006771 0.011265
0 0.192969 0.266975 0.006771 0.011728
0 0.192752 0.269599 0.006858 0.011728
0 0.192491 0.272531 0.006858 0.011728
0 0.192231 0.275386 0.006858 0.012191
0 0.192014 0.278009 0.006771 0.012191
0 0.191753 0.281019 0.006771 0.012037
0 0.191536 0.283642 0.006858 0.012037
0 0.191276 0.286420 0.006858 0.012654
0 0.191276 0.289506 0.006858 0.012654
