0 0.083030 0.161806 0.009983 0.011265
0 0.074740 0.145448 0.009028 0.010031
0 0.066450 0.129398 0.008073 0.009105
0 0.058160 0.113349 0.007118 0.008179
0 0.049957 0.097299 0.006337 0.007253
0 0.041667 0.081327 0.005382 0.006481
0 0.033377 0.064969 0.004427 0.005247
0 0.025217 0.048920 0.003733 0.004321
0 0.016884 0.032870 0.002691 0.003395
0 0.008594 0.016898 0.001736 0.002623
0 0.000477 0.000849 0.000955 0.001698
0 0.000477 0.000849 0.000955 0.001698
0 0.000477 0.000849 0.000955 0.001698
0 0.000477 0.000849 0.000955 0.001698
0 0.000477 0.000849 0.000955 0.001698
0 0.000477 0.000849 0.000955 0.001698
0 0.000477 0.000849 0.000955 0.001698
0 0.000477 0.000849 0.000955 0.001698
0 0.000477 0.000849 0.000955 0.001698
0 0.000477 0.000849 0.000955 0.001698
0 0.000477 0.000849 0.000955 0.001698
0 0.000477 0.000849 0.000955 0.001698
0 0.000477 0.000849 0.000955 0.001698
0 0.000477 0.000849 0.000955 0.001698
0 0.000477 0.000849 0.000955 0.001698
0 0.000477 0.000849 0.000955 0.001698
0 0.000477 0.000849 0.000955 0.001698
0 0.000477 0.000849 0.000955 0.001698
0 0.000477 0.000849 0.000955 0.001698
0 0.000477 0.000849 0.000955 0.001698
0 0.000477 0.000849 0.000955 0.001698
0 0.000477 0.000849 0.000955 0.001698
0 0.000477 0.000849 0.000955 0.001698
0 0.000477 0.000849 0.000955 0.001698
0 0.000477 0.000849 0.000955 0.001698
0 0.000477 0.000849 0.000955 0.001698
0 0.000477 0.000849 0.000955 0.001698
0 0.000477 0.000849 0.000955 0.001698
0 0.000477 0.000849 0.000955 0.001698
0 0.000477 0.000849 0.000955 0.001698
0 0.000477 0.000849 0.000955 0.001698
0 0.000477 0.000849 0.000955 0.001698
0 0.000477 0.000849 0.000955 0.001698
0 0.000477 0.000849 0.000955 0.001698
0 0.000477 0.000849 0.000955 0.001698
0 0.000477 0.000849 0.000955 0.001698
0 0.000477 0.000849 0.000955 0.001698
0 0.000477 0.000849 0.000955 0.001698
0 0.000477 0.000849 0.000955 0.001698
0 0.000477 0.000849 0.000955 0.001698
0 0.000477 0.000849 0.000955 0.001698
0 0.000477 0.000849 0.000955 0.001698
0 0.000477 0.000849 0.000955 0.001698
0 0.000477 0.000849 0.000955 0.001698
0 0.000477 0.000849 0.000955 0.001698
0 0.000477 0.000849 0.000955 0.001698
0 0.000477 0.000849 0.000955 0.001698
0 0.000477 0.000849 0.000955 0.001698
0 0.000477 0.000849 0.000955 0.001698
0 0.000477 0.000849 0.000955 0.001698
0 0.000477 0.000849 0.000955 0.001698
0 0.008507 0.032253 0.001910 0.003086
0 0.016580 0.063735 0.002951 0.004321
0 0.024609 0.095370 0.003906 0.006173
0 0.032769 0.126852 0.004601 0.007407
0 0.040842 0.158410 0.005642 0.009105
0 0.048872 0.189969 0.006597 0.010494
0 0.057031 0.221451 0.007292 0.011728
0 0.065104 0.253009 0.008333 0.013426
0 0.073134 0.284491 0.009288 0.014660
0 0.081337 0.316358 0.010069 0.016049
0 0.081337 0.315586 0.010069 0.016049
0 0.081337 0.314660 0.010069 0.016049
0 0.081337 0.313735 0.010069 0.016049
0 0.081554 0.313426 0.009983 0.016049
0 0.081554 0.312500 0.009983 0.016049
0 0.081554 0.311574 0.009983 0.016049
0 0.081814 0.311111 0.009983 0.016049
0 0.081814 0.310340 0.009983 0.016049
0 0.081814 0.309414 0.009983 0.016049
0 0.082075 0.308951 0.009983 0.016049
0 0.082075 0.307716 0.009983 0.016049
0 0.082335 0.306481 0.009983 0.016049
0 0.082335 0.305093 0.009983 0.016049
0 0.082552 0.303858 0.010069 0.016049
0 0.082552 0.302469 0.010069 0.016049
0 0.082812 0.301235 0.010069 0.016049
0 0.082812 0.299846 0.010069 0.016049
0 0.083030 0.298611 0.009983 0.016049
0 0.083030 0.297377 0.009983 0.016049
0 0.083290 0.296451 0.009983 0.016049
0 0.083290 0.294753 0.009983 0.016049
0 0.083290 0.293364 0.009983 0.016049
0 0.083290 0.292130 0.009983 0.016049
0 0.083550 0.290432 0.009983 0.016049
0 0.083550 0.289043 0.009983 0.016049
0 0.083550 0.287809 0.009983 0.016049
0 0.083767 0.285957 0.010069 0.016049
0 0.083767 0.284722 0.010069 0.016049
0 0.083767 0.283488 0.010069 0.016049
0 0.084028 0.282099 0.010069 0.016049
0 0.083767 0.280864 0.010069 0.016049
0 0.083767 0.279475 0.010069 0.016049
0 0.083767 0.278241 0.010069 0.016049
0 0.083767 0.276852 0.010069 0.016049
0 0.083767 0.275617 0.010069 0.016049
0 0.083767 0.274383 0.010069 0.016049
0 0.083767 0.272994 0.010069 0.016049
0 0.083767 0.271759 0.010069 0.016049
0 0.083767 0.270370 0.010069 0.016049
0 0.083767 0.269599 0.010069 0.016049
0 0.083767 0.267747 0.010069 0.016049
0 0.083767 0.266512 0.010069 0.016049
0 0.083767 0.265201 0.010069 0.016204
0 0.083767 0.263426 0.010069 0.016049
0 0.083767 0.262191 0.010069 0.016049
0 0.083767 0.260802 0.010069 0.016049
0 0.083767 0.259105 0.010069 0.016049
0 0.083767 0.257870 0.010069 0.016049
0 0.083767 0.256481 0.010069 0.016049
0 0.083767 0.255247 0.010069 0.016049
0 0.083767 0.253549 0.010069 0.016049
0 0.083767 0.252160 0.010069 0.016049
0 0.083767 0.250926 0.010069 0.016049
0 0.083767 0.249074 0.010069 0.016049
0 0.083767 0.247840 0.010069 0.016049
0 0.083767 0.246605 0.010069 0.016049
0 0.083767 0.244753 0.010069 0.016049
0 0.083767 0.243519 0.010069 0.016049
0 0.083767 0.242284 0.010069 0.016049
0 0.084028 0.240895 0.010069 0.016049
0 0.083767 0.239660 0.010069 0.016049
0 0.083767 0.238272 0.010069 0.016049
0 0.083767 0.237037 0.010069 0.016049
0 0.083767 0.235648 0.010069 0.016049
0 0.083767 0.234414 0.010069 0.016049
0 0.083550 0.233025 0.009983 0.016049
0 0.083550 0.231790 0.009983 0.016049
0 0.083550 0.230556 0.009983 0.016049
0 0.083550 0.229167 0.009983 0.016049
0 0.083550 0.227932 0.009983 0.016049
0 0.083550 0.226389 0.009983 0.015741
0 0.083550 0.224846 0.009983 0.015123
0 0.083550 0.223534 0.009983 0.014352
0 0.083550 0.222068 0.009983 0.013889
0 0.083767 0.220910 0.010069 0.013426
0 0.083767 0.219444 0.010069 0.012963
0 0.083767 0.217901 0.010069 0.012654
0 0.083767 0.216667 0.010069 0.011728
0 0.083767 0.215046 0.010069 0.011265
0 0.084028 0.214043 0.010069 0.010802
0 0.084028 0.211883 0.010069 0.010802
0 0.084028 0.210108 0.010069 0.010957
0 0.084028 0.208333 0.010069 0.010802
0 0.084028 0.206636 0.010069 0.010802
0 0.084028 0.204938 0.010069 0.010802
0 0.084028 0.202778 0.010069 0.010802
0 0.084028 0.201003 0.010069 0.010957
0 0.084028 0.199228 0.010069 0.010802
0 0.084028 0.197531 0.010069 0.010802
0 0.084028 0.195833 0.010069 0.010802
0 0.084028 0.194059 0.010069 0.010957
0 0.084028 0.192747 0.010069 0.010802
0 0.084028 0.191281 0.010069 0.011265
0 0.084028 0.189738 0.010069 0.010957
0 0.084245 0.188426 0.009983 0.010802
0 0.084245 0.186960 0.009983 0.011265
0 0.084245 0.185340 0.009983 0.010802
0 0.084245 0.183873 0.009983 0.011265
0 0.084245 0.182562 0.009983 0.011420
0 0.084505 0.181250 0.009983 0.011265
0 0.084245 0.179552 0.009983 0.011265
0 0.084245 0.178164 0.009983 0.011265
0 0.084028 0.176929 0.010069 0.011265
0 0.084028 0.175617 0.010069 0.011420
0 0.083898 0.174306 0.010330 0.011265
0 0.083767 0.172840 0.010069 0.010802
0 0.083681 0.171451 0.010243 0.010802
0 0.083550 0.170216 0.009983 0.010802
0 0.083420 0.168904 0.010243 0.010957
0 0.083420 0.167593 0.010243 0.010802
