0 0.195790 0.323997 0.007031 0.013117
0 0.195530 0.324228 0.007031 0.012654
0 0.195312 0.324614 0.007118 0.012500
0 0.195052 0.324846 0.007118 0.012037
0 0.194792 0.325231 0.007118 0.012191
0 0.194575 0.325694 0.007031 0.011265
0 0.194314 0.326157 0.007031 0.011265
0 0.194097 0.326389 0.007118 0.010802
0 0.193837 0.326852 0.007118 0.010802
0 0.193576 0.327006 0.007118 0.010494
0 0.193576 0.327701 0.007118 0.010031
0 0.193229 0.327469 0.006771 0.009568
0 0.193099 0.327701 0.006510 0.009105
0 0.193012 0.327932 0.006337 0.008642
0 0.192752 0.327932 0.006337 0.008642
0 0.192622 0.328086 0.006076 0.008333
0 0.192361 0.328318 0.005556 0.007870
0 0.192144 0.328318 0.005642 0.007870
0 0.192014 0.328549 0.005382 0.007407
0 0.191884 0.328781 0.005122 0.006944
0 0.191753 0.329012 0.004861 0.006481
0 0.191753 0.329012 0.004861 0.006481
0 0.191753 0.329012 0.004861 0.006481
0 0.191753 0.329012 0.004861 0.006481
0 0.191753 0.329012 0.004861 0.006481
0 0.191753 0.329012 0.004861 0.006481
0 0.191753 0.329012 0.004861 0.006481
0 0.191753 0.329012 0.004861 0.006481
0 0.191753 0.329012 0.004861 0.006481
0 0.191753 0.329012 0.004861 0.006481
0 0.191753 0.329012 0.004861 0.006481
0 0.191753 0.329012 0.004861 0.006481
0 0.191753 0.329012 0.004861 0.006481
0 0.191753 0.329012 0.004861 0.006481
0 0.191753 0.329012 0.004861 0.006481
0 0.191753 0.329012 0.004861 0.006481
0 0.191753 0.329012 0.004861 0.006481
0 0.191753 0.329012 0.004861 0.006481
0 0.191753 0.329012 0.004861 0.006481
0 0.191753 0.329012 0.004861 0.006481
0 0.191753 0.329012 0.004861 0.006481
0 0.191753 0.329012 0.004861 0.006481
0 0.191753 0.329012 0.004861 0.006481
0 0.191753 0.329012 0.004861 0.006481
0 0.191753 0.329012 0.004861 0.006481
0 0.191753 0.329012 0.004861 0.006481
0 0.191753 0.329012 0.004861 0.006481
0 0.191753 0.329012 0.004861 0.006481
0 0.191753 0.329012 0.004861 0.006481
0 0.191753 0.329012 0.004861 0.006481
0 0.191753 0.329012 0.004861 0.006481
0 0.191753 0.329012 0.004861 0.006481
0 0.191753 0.329012 0.004861 0.006481
0 0.191753 0.329012 0.004861 0.006481
0 0.191753 0.329012 0.004861 0.006481
0 0.191753 0.329012 0.004861 0.006481
0 0.191753 0.329012 0.004861 0.006481
0 0.191753 0.329012 0.004861 0.006481
0 0.191753 0.329012 0.004861 0.006481
0 0.191753 0.329012 0.004861 0.006481
0 0.191753 0.329012 0.004861 0.006481
0 0.191753 0.329012 0.004861 0.006481
0 0.191753 0.329012 0.004861 0.006481
0 0.191753 0.329012 0.004861 0.006481
0 0.191753 0.329012 0.004861 0.006481
0 0.191753 0.329012 0.004861 0.006481
0 0.191753 0.329012 0.004861 0.006481
0 0.191753 0.329012 0.004861 0.006481
0 0.191753 0.329012 0.004861 0.006481
0 0.191753 0.329012 0.004861 0.006481
0 0.191753 0.329012 0.004861 0.006481
0 0.191753 0.329012 0.004861 0.006481
0 0.191753 0.329012 0.004861 0.006481
0 0.191753 0.329012 0.004861 0.006481
0 0.191753 0.329012 0.004861 0.006481
0 0.191753 0.329012 0.004861 0.006481
0 0.191753 0.329012 0.004861 0.006481
0 0.191753 0.329012 0.004861 0.006481
0 0.191753 0.329012 0.004861 0.006481
0 0.191753 0.329012 0.004861 0.006481
0 0.191753 0.329012 0.004861 0.006481
0 0.191753 0.329012 0.004861 0.006481
0 0.191753 0.329012 0.004861 0.006481
0 0.191753 0.329012 0.004861 0.006481
0 0.191753 0.329012 0.004861 0.006481
0 0.191753 0.329012 0.004861 0.006481
0 0.191753 0.329012 0.004861 0.006481
0 0.191753 0.329012 0.004861 0.006481
0 0.191753 0.329012 0.004861 0.006481
0 0.191753 0.329012 0.004861 0.006481
0 0.191753 0.329012 0.004861 0.006481
0 0.191753 0.329012 0.004861 0.006481
0 0.191753 0.329012 0.004861 0.006481
0 0.191753 0.329012 0.004861 0.006481
0 0.191753 0.329012 0.004861 0.006481
0 0.191753 0.329012 0.004861 0.006481
0 0.191753 0.329012 0.004861 0.006481
0 0.191753 0.329012 0.004861 0.006481
0 0.191753 0.329012 0.004861 0.006481
0 0.191753 0.329012 0.004861 0.006481
0 0.191753 0.329012 0.004861 0.006481
0 0.191753 0.329012 0.004861 0.006481
0 0.191753 0.329012 0.004861 0.006481
0 0.191753 0.329012 0.004861 0.006481
0 0.191753 0.329012 0.004861 0.006481
0 0.191753 0.329012 0.004861 0.006481
0 0.191753 0.329012 0.004861 0.006481
0 0.191753 0.329012 0.004861 0.006481
0 0.191753 0.329012 0.004861 0.006481
0 0.191753 0.329012 0.004861 0.006481
0 0.191753 0.329012 0.004861 0.006481
0 0.191753 0.329012 0.004861 0.006481
0 0.191753 0.329012 0.004861 0.006481
0 0.191753 0.329012 0.004861 0.006481
0 0.191753 0.329012 0.004861 0.006481
0 0.191753 0.329012 0.004861 0.006481
0 0.191753 0.329012 0.004861 0.006481
0 0.191753 0.329012 0.004861 0.006481
0 0.191753 0.329012 0.004861 0.006481
0 0.191753 0.329012 0.004861 0.006481
0 0.191753 0.329012 0.004861 0.006481
0 0.191753 0.329012 0.004861 0.006481
0 0.191753 0.329012 0.004861 0.006481
0 0.191753 0.329012 0.004861 0.006481
0 0.191753 0.329012 0.004861 0.006481
0 0.191753 0.329012 0.004861 0.006481
0 0.191753 0.329012 0.004861 0.006481
0 0.191753 0.329012 0.004861 0.006481
0 0.191753 0.329012 0.004861 0.006481
0 0.191753 0.329012 0.004861 0.006481
0 0.191753 0.329012 0.004861 0.006481
0 0.191753 0.329012 0.004861 0.006481
0 0.191753 0.329012 0.004861 0.006481
0 0.191753 0.329012 0.004861 0.006481
0 0.191753 0.329012 0.004861 0.006481
0 0.191753 0.329012 0.004861 0.006481
0 0.191753 0.329012 0.004861 0.006481
0 0.191753 0.329012 0.004861 0.006481
0 0.191753 0.329012 0.004861 0.006481
0 0.191753 0.329012 0.004861 0.006481
0 0.191753 0.329012 0.004861 0.006481
0 0.191753 0.329012 0.004861 0.006481
0 0.191753 0.329012 0.004861 0.006481
0 0.191753 0.329012 0.004861 0.006481
0 0.191753 0.329012 0.004861 0.006481
0 0.191753 0.329012 0.004861 0.006481
0 0.191753 0.329012 0.004861 0.006481
0 0.191753 0.329012 0.004861 0.006481
0 0.191753 0.329012 0.004861 0.006481
0 0.191753 0.329012 0.004861 0.006481
0 0.191753 0.329012 0.004861 0.006481
0 0.190278 0.329012 0.004861 0.006481
0 0.188802 0.329012 0.004861 0.006481
0 0.187370 0.329012 0.004948 0.006481
0 0.186155 0.329012 0.004948 0.006481
0 0.184679 0.329012 0.004948 0.006481
0 0.183247 0.329012 0.004861 0.006481
0 0.181988 0.329012 0.004948 0.006481
0 0.180556 0.329012 0.004861 0.006481
0 0.179080 0.329012 0.004861 0.006481
0 0.177865 0.329012 0.004861 0.006481
0 0.177734 0.327006 0.005122 0.007716
0 0.177734 0.325309 0.005122 0.008642
0 0.177734 0.323380 0.005122 0.010031
0 0.177865 0.321605 0.005382 0.010802
0 0.177865 0.319830 0.005382 0.012500
0 0.177865 0.318133 0.005382 0.013426
0 0.177995 0.316204 0.005642 0.014815
0 0.177995 0.314429 0.005642 0.015586
0 0.177995 0.312500 0.005642 0.016975
0 0.178082 0.310957 0.005816 0.018210
0 0.178082 0.308796 0.005816 0.018210
0 0.178342 0.306636 0.005816 0.018210
0 0.178602 0.304475 0.005816 0.018210
0 0.178819 0.302315 0.005903 0.018210
0 0.179080 0.300154 0.005903 0.018210
0 0.179080 0.297994 0.005903 0.018210
0 0.179297 0.295833 0.005816 0.018210
0 0.179557 0.293673 0.005816 0.018210
0 0.179818 0.291512 0.005816 0.018210
0 0.180035 0.289275 0.005903 0.018364
