0 0.100608 0.253241 0.012500 0.021605
0 0.100868 0.251543 0.012500 0.021605
0 0.101085 0.250231 0.012413 0.021759
0 0.101345 0.248920 0.012413 0.021605
0 0.101606 0.247608 0.012413 0.021759
0 0.101823 0.246296 0.012500 0.021605
0 0.102083 0.245062 0.012500 0.021605
0 0.102300 0.243750 0.012413 0.021759
0 0.102561 0.242438 0.012413 0.021605
0 0.102821 0.241127 0.012413 0.021759
0 0.103082 0.239815 0.012413 0.021605
0 0.103082 0.238272 0.012413 0.021296
0 0.103082 0.237037 0.012413 0.021296
0 0.103082 0.235648 0.012413 0.020370
0 0.103082 0.234414 0.012413 0.020370
0 0.103082 0.233333 0.012413 0.020062
0 0.103082 0.231790 0.012413 0.019444
0 0.103082 0.230478 0.012413 0.019599
0 0.103082 0.229244 0.012413 0.018673
0 0.103082 0.227855 0.012413 0.018673
0 0.103168 0.226852 0.012240 0.018210
0 0.103168 0.225463 0.012240 0.018210
0 0.103168 0.224228 0.012240 0.018210
0 0.103168 0.222840 0.012240 0.018210
0 0.103299 0.222068 0.012500 0.018210
0 0.103429 0.220679 0.012240 0.018210
0 0.103429 0.219444 0.012240 0.018210
0 0.103559 0.218519 0.012500 0.018210
0 0.103559 0.217284 0.012500 0.018210
0 0.103559 0.215895 0.012500 0.018210
0 0.103776 0.215123 0.012413 0.018210
0 0.103776 0.213735 0.012413 0.018210
0 0.103776 0.212963 0.012413 0.018210
0 0.103776 0.211574 0.012413 0.018210
0 0.104036 0.210802 0.012413 0.018210
0 0.104036 0.209877 0.012413 0.018210
0 0.104036 0.208642 0.012413 0.018210
0 0.104297 0.207716 0.012413 0.018210
0 0.104297 0.206481 0.012413 0.018210
0 0.104297 0.205556 0.012413 0.018210
0 0.104514 0.204630 0.012500 0.018210
0 0.104253 0.203164 0.011979 0.017747
0 0.104253 0.202083 0.011458 0.017438
0 0.104297 0.201003 0.011024 0.016821
0 0.104167 0.199923 0.010764 0.016512
0 0.104167 0.198765 0.010243 0.016049
0 0.104167 0.197531 0.009722 0.015123
0 0.104036 0.196451 0.009462 0.014815
0 0.103993 0.195370 0.009028 0.014198
0 0.104036 0.194290 0.008594 0.013889
0 0.104036 0.193133 0.008073 0.013426
0 0.104036 0.191898 0.008073 0.013426
0 0.104036 0.190741 0.008073 0.013889
0 0.104036 0.189738 0.008073 0.013426
0 0.104036 0.188580 0.008073 0.013889
0 0.104036 0.187577 0.008073 0.013426
0 0.104036 0.186420 0.008073 0.013889
0 0.104036 0.185185 0.008073 0.013889
0 0.104036 0.184259 0.008073 0.013889
0 0.104036 0.183025 0.008073 0.013889
0 0.104167 0.182099 0.007812 0.013889
0 0.104167 0.180864 0.007812 0.013889
0 0.104167 0.179475 0.007812 0.013889
0 0.104427 0.178704 0.007812 0.013889
0 0.104427 0.177315 0.007812 0.013889
0 0.104601 0.176543 0.007812 0.013889
0 0.104601 0.175154 0.007812 0.013889
0 0.104601 0.173920 0.007812 0.013889
0 0.104861 0.172994 0.007812 0.013889
0 0.104861 0.171759 0.007812 0.013889
0 0.105122 0.170833 0.007812 0.013889
0 0.104991 0.169599 0.007552 0.013889
0 0.104991 0.168441 0.007552 0.014352
0 0.104991 0.167361 0.007552 0.014660
0 0.104991 0.166049 0.007552 0.014815
0 0.104991 0.165201 0.007552 0.014660
0 0.104991 0.164120 0.007552 0.015278
0 0.104991 0.162809 0.007552 0.015123
0 0.104991 0.161728 0.007552 0.015741
0 0.104991 0.160648 0.007552 0.016049
0 0.104991 0.159722 0.007552 0.016049
0 0.104991 0.158488 0.007552 0.016049
0 0.105122 0.157407 0.007812 0.015741
0 0.105252 0.156096 0.008073 0.015586
0 0.105382 0.155015 0.008333 0.015278
0 0.105512 0.153935 0.008594 0.014660
0 0.105512 0.152623 0.008594 0.014815
0 0.105599 0.151543 0.008767 0.014198
0 0.105729 0.150231 0.009028 0.014352
0 0.105859 0.149228 0.009288 0.013889
0 0.106120 0.148071 0.009288 0.013426
0 0.105990 0.146759 0.009549 0.013580
0 0.105990 0.145448 0.009549 0.013426
0 0.105990 0.144213 0.009549 0.013426
0 0.105990 0.142824 0.009549 0.013426
0 0.105990 0.142052 0.009549 0.013426
0 0.105990 0.140664 0.009549 0.013426
0 0.105990 0.139429 0.009549 0.013426
0 0.105990 0.138040 0.009549 0.013426
0 0.105990 0.136806 0.009549 0.013426
0 0.105990 0.135880 0.009549 0.013426
0 0.105729 0.134182 0.009549 0.013426
0 0.105729 0.132948 0.009549 0.013426
0 0.105729 0.131559 0.009549 0.013426
0 0.105599 0.130093 0.009288 0.012963
0 0.105599 0.128781 0.009288 0.013117
0 0.105469 0.127238 0.009549 0.013426
0 0.105339 0.125772 0.009288 0.012963
0 0.105339 0.124383 0.009288 0.012963
0 0.105339 0.123148 0.009288 0.012963
0 0.105339 0.121836 0.009288 0.013117
0 0.105339 0.120525 0.009288 0.012963
0 0.105599 0.119676 0.009288 0.013117
0 0.105859 0.118827 0.009288 0.012963
0 0.106120 0.117438 0.009288 0.012963
0 0.106380 0.116667 0.009288 0.012963
0 0.106597 0.115741 0.009201 0.012963
0 0.106814 0.114429 0.009288 0.013117
0 0.107075 0.113580 0.009288 0.012963
0 0.107335 0.112731 0.009288 0.013117
0 0.107595 0.111883 0.009288 0.012963
0 0.107812 0.110108 0.009201 0.013117
0 0.108030 0.108796 0.009288 0.012963
0 0.108420 0.107485 0.009549 0.013117
0 0.108811 0.105941 0.009288 0.013426
0 0.109158 0.104707 0.009462 0.013426
0 0.109375 0.103395 0.009549 0.013580
0 0.109766 0.101852 0.009288 0.013889
0 0.110156 0.100617 0.009549 0.013889
0 0.110373 0.099228 0.009462 0.013889
0 0.110851 0.097994 0.009549 0.013889
0 0.110851 0.096605 0.009549 0.013889
0 0.110851 0.095370 0.009549 0.013889
0 0.110851 0.094059 0.009549 0.013735
0 0.110851 0.092747 0.009549 0.013889
0 0.111111 0.091821 0.009549 0.013889
0 0.111111 0.090586 0.009549 0.013889
0 0.111111 0.089352 0.009549 0.013889
0 0.111111 0.087963 0.009549 0.013889
0 0.111111 0.086728 0.009549 0.013889
0 0.111372 0.085802 0.009549 0.013889
0 0.111372 0.084568 0.009549 0.013889
0 0.111589 0.083410 0.009462 0.014352
0 0.111849 0.082330 0.009462 0.014660
0 0.112066 0.081250 0.009549 0.014352
0 0.112326 0.080170 0.009549 0.014660
0 0.112457 0.079090 0.009288 0.015278
0 0.112717 0.078009 0.009288 0.014660
0 0.112934 0.076929 0.009201 0.015278
0 0.113151 0.075849 0.009288 0.015586
0 0.113411 0.074923 0.009288 0.015586
0 0.113411 0.073688 0.009288 0.015586
0 0.113542 0.072377 0.009549 0.015741
0 0.113672 0.071296 0.009809 0.016049
0 0.113802 0.069985 0.009549 0.016204
0 0.113932 0.069136 0.009809 0.016049
0 0.114019 0.067747 0.009983 0.016049
0 0.114149 0.066512 0.009722 0.016049
0 0.114280 0.065432 0.009983 0.016358
0 0.114410 0.064120 0.010243 0.016512
0 0.114670 0.063272 0.010243 0.016358
0 0.114670 0.061960 0.010243 0.016512
0 0.114931 0.060648 0.010243 0.016358
0 0.115104 0.059799 0.010243 0.016512
0 0.115365 0.058488 0.010243 0.016358
0 0.115625 0.057639 0.010243 0.016512
0 0.115625 0.056327 0.010243 0.016358
0 0.115885 0.055015 0.010243 0.016512
0 0.116146 0.054090 0.010243 0.016512
0 0.116319 0.052855 0.010243 0.016512
0 0.116580 0.051929 0.010243 0.016512
0 0.116450 0.051157 0.010503 0.016512
0 0.116450 0.050694 0.010503 0.016512
0 0.116363 0.050000 0.010677 0.016975
0 0.116363 0.049383 0.010677 0.016358
0 0.116233 0.048997 0.010937 0.016512
0 0.116233 0.048302 0.010937 0.016975
0 0.116102 0.047840 0.011198 0.016975
0 0.116102 0.047222 0.011198 0.016358
0 0.115972 0.046605 0.011458 0.016975
0 0.115972 0.046142 0.011458 0.016975
