0 0.220399 0.163503 0.009028 0.015586
0 0.220226 0.163966 0.009028 0.015586
0 0.220226 0.164352 0.009028 0.015741
0 0.219965 0.164738 0.009028 0.015586
0 0.219965 0.165201 0.009028 0.015586
0 0.219835 0.165664 0.008767 0.015586
0 0.219705 0.166127 0.009028 0.015586
0 0.219575 0.166512 0.008767 0.015741
0 0.219444 0.166898 0.009028 0.015586
0 0.219314 0.167361 0.008767 0.015586
0 0.219314 0.168287 0.008767 0.015586
0 0.218924 0.168519 0.009028 0.016049
0 0.218620 0.168827 0.009288 0.016049
0 0.218229 0.169059 0.009549 0.016512
0 0.217882 0.169522 0.009722 0.016512
0 0.217622 0.169985 0.009722 0.016512
0 0.217231 0.170216 0.009983 0.016975
0 0.216927 0.170602 0.010243 0.016821
0 0.216536 0.170833 0.010503 0.017284
0 0.216146 0.171296 0.010764 0.017284
0 0.216059 0.171914 0.010937 0.017901
0 0.215538 0.172377 0.010937 0.017901
0 0.215321 0.172762 0.011024 0.017747
0 0.214800 0.173225 0.011024 0.017747
0 0.214583 0.173688 0.010937 0.017747
0 0.214323 0.174151 0.010937 0.017747
0 0.213845 0.174537 0.011024 0.017901
0 0.213585 0.174923 0.011024 0.017747
0 0.213108 0.175386 0.010937 0.017747
0 0.212847 0.175849 0.010937 0.017747
0 0.212630 0.176698 0.011024 0.017901
0 0.212153 0.177083 0.010937 0.017747
0 0.211892 0.177546 0.010937 0.017747
0 0.211632 0.178009 0.010937 0.017747
0 0.211415 0.178472 0.011024 0.017747
0 0.211155 0.178858 0.011024 0.017901
0 0.210677 0.179321 0.010937 0.017901
0 0.210417 0.179707 0.010937 0.017747
0 0.210200 0.180170 0.011024 0.017747
0 0.209939 0.180633 0.011024 0.017747
0 0.209679 0.181481 0.011024 0.017901
0 0.209332 0.182330 0.010677 0.017747
0 0.208984 0.183410 0.010503 0.017438
0 0.208594 0.184491 0.010243 0.016821
0 0.208203 0.185340 0.009983 0.016975
0 0.207856 0.186728 0.009809 0.016975
0 0.207509 0.187731 0.009462 0.016512
0 0.207161 0.188657 0.009288 0.016512
0 0.206771 0.189660 0.009028 0.016049
0 0.206380 0.190818 0.008767 0.015586
0 0.206033 0.192052 0.008594 0.015586
0 0.205556 0.192978 0.008507 0.015586
0 0.205035 0.193827 0.008507 0.015741
0 0.204818 0.194676 0.008594 0.015586
0 0.204340 0.195602 0.008507 0.015586
0 0.204080 0.196451 0.008507 0.015741
0 0.203602 0.197299 0.008594 0.015586
0 0.203125 0.198225 0.008507 0.015586
0 0.202865 0.198997 0.008507 0.015586
0 0.202387 0.199923 0.008594 0.015586
0 0.202127 0.200772 0.008594 0.015741
0 0.201649 0.201620 0.008507 0.015586
0 0.201389 0.202546 0.008507 0.015586
0 0.201128 0.203395 0.008507 0.015741
0 0.200911 0.204244 0.008594 0.015586
0 0.200651 0.205170 0.008594 0.015586
0 0.200174 0.205941 0.008507 0.015586
0 0.199913 0.206867 0.008507 0.015586
0 0.199696 0.207716 0.008594 0.015741
0 0.199436 0.208565 0.008594 0.015586
0 0.199219 0.209491 0.008507 0.015586
0 0.198698 0.210262 0.008507 0.015586
0 0.198481 0.211188 0.008594 0.015586
0 0.198003 0.212114 0.008507 0.015586
0 0.197743 0.212886 0.008507 0.015586
0 0.197222 0.213812 0.008507 0.015586
0 0.197005 0.214660 0.008594 0.015741
0 0.196528 0.215509 0.008507 0.015586
0 0.196267 0.216435 0.008507 0.015586
0 0.195790 0.217207 0.008594 0.015586
0 0.195530 0.218133 0.008594 0.015586
0 0.195052 0.219059 0.008507 0.015586
0 0.194792 0.220062 0.008507 0.016049
0 0.194575 0.221451 0.008594 0.016049
0 0.194314 0.222454 0.008594 0.016512
0 0.194097 0.223765 0.008507 0.016358
0 0.193576 0.224846 0.008507 0.016975
0 0.193359 0.225926 0.008594 0.017284
0 0.193099 0.227238 0.008594 0.017438
0 0.192882 0.228318 0.008507 0.017747
0 0.192622 0.229630 0.008507 0.017901
0 0.192101 0.230941 0.008507 0.017747
0 0.191884 0.232176 0.008594 0.017747
0 0.191623 0.233565 0.008594 0.017747
0 0.191406 0.234799 0.008507 0.017747
0 0.191146 0.236574 0.008507 0.017901
0 0.190668 0.237886 0.008594 0.017747
0 0.190408 0.239120 0.008594 0.017747
0 0.190191 0.240509 0.008507 0.017747
0 0.189931 0.241744 0.008507 0.017747
0 0.189670 0.243519 0.008507 0.017901
0 0.189453 0.244367 0.008594 0.017747
0 0.189193 0.245679 0.008594 0.017901
0 0.188976 0.246991 0.008507 0.017747
0 0.188715 0.248225 0.008507 0.017747
0 0.188455 0.249614 0.008507 0.017747
0 0.188194 0.250463 0.008507 0.017901
0 0.187977 0.251775 0.008594 0.017747
0 0.187717 0.253009 0.008594 0.017747
0 0.187500 0.254398 0.008507 0.017747
0 0.187500 0.255633 0.008507 0.017747
0 0.187109 0.256559 0.008767 0.017747
0 0.186849 0.257407 0.008767 0.017901
0 0.186632 0.258719 0.008854 0.017747
0 0.186415 0.259568 0.008767 0.017901
0 0.186155 0.260880 0.008767 0.017747
0 0.185894 0.261728 0.008767 0.017901
0 0.185634 0.262577 0.008767 0.017747
0 0.185417 0.263889 0.008854 0.017901
0 0.185200 0.264738 0.008767 0.017747
0 0.184939 0.266049 0.008767 0.017901
0 0.184679 0.266667 0.008767 0.018210
0 0.184679 0.267824 0.008767 0.018673
0 0.184549 0.268904 0.008507 0.018981
0 0.184549 0.269985 0.008507 0.019599
0 0.184549 0.271065 0.008507 0.019907
0 0.184332 0.272145 0.008594 0.020525
0 0.184332 0.273225 0.008594 0.020833
0 0.184201 0.274306 0.008333 0.021142
0 0.184201 0.275386 0.008333 0.021759
0 0.184201 0.276466 0.008333 0.022068
0 0.183941 0.277392 0.008333 0.022068
0 0.183941 0.278627 0.008333 0.022068
0 0.183941 0.279552 0.008333 0.022068
0 0.183941 0.280787 0.008333 0.022068
0 0.183941 0.282099 0.008333 0.022222
0 0.183681 0.282948 0.008333 0.022068
0 0.183681 0.284336 0.008333 0.022068
0 0.183681 0.285185 0.008333 0.022222
0 0.183681 0.286497 0.008333 0.022068
0 0.183681 0.287731 0.008333 0.022068
0 0.183464 0.288657 0.008247 0.022068
0 0.183203 0.289892 0.008247 0.022068
0 0.183203 0.290818 0.008247 0.022068
0 0.182986 0.292052 0.008333 0.022068
0 0.182986 0.293441 0.008333 0.022068
0 0.182726 0.294290 0.008333 0.022222
0 0.182465 0.295602 0.008333 0.022068
0 0.182465 0.296451 0.008333 0.022222
0 0.182248 0.297762 0.008247 0.022068
0 0.182248 0.298997 0.008247 0.022068
0 0.182118 0.299923 0.008507 0.022068
0 0.182118 0.300772 0.008507 0.022222
0 0.182118 0.301620 0.008507 0.022068
0 0.182118 0.302546 0.008507 0.022068
0 0.182118 0.303395 0.008507 0.022222
0 0.182118 0.304244 0.008507 0.022068
0 0.182118 0.305093 0.008507 0.022222
0 0.182118 0.305941 0.008507 0.022068
0 0.182118 0.306867 0.008507 0.022068
0 0.182118 0.308102 0.008507 0.022068
0 0.181858 0.308565 0.008507 0.022068
0 0.181641 0.309491 0.008594 0.022068
0 0.181380 0.310340 0.008594 0.022222
0 0.181380 0.311188 0.008594 0.022068
0 0.181163 0.312037 0.008507 0.022222
0 0.180903 0.312886 0.008507 0.022068
0 0.180903 0.313812 0.008507 0.022068
0 0.180642 0.314660 0.008507 0.022222
0 0.180425 0.315509 0.008594 0.022068
0 0.180425 0.316435 0.008594 0.022068
0 0.180165 0.316590 0.008594 0.021759
0 0.180165 0.317052 0.008594 0.021759
0 0.180078 0.317747 0.008767 0.021296
0 0.179948 0.317978 0.008507 0.020833
0 0.179948 0.318287 0.008507 0.020833
0 0.179818 0.318981 0.008767 0.020370
0 0.179818 0.319444 0.008767 0.020370
0 0.179688 0.319676 0.008507 0.019907
0 0.179557 0.320293 0.008767 0.019599
0 0.179557 0.320756 0.008767 0.019599
