0 0.321832 0.075231 0.008247 0.013426
0 0.321832 0.075231 0.008247 0.013426
0 0.321832 0.075231 0.008247 0.013426
0 0.321832 0.075231 0.008247 0.013426
0 0.321832 0.075231 0.008247 0.013426
0 0.321832 0.075231 0.008247 0.013426
0 0.321832 0.075231 0.008247 0.013426
0 0.321832 0.075231 0.008247 0.013426
0 0.321832 0.075231 0.008247 0.013426
0 0.321832 0.075231 0.008247 0.013426
0 0.321832 0.075231 0.008247 0.013426
0 0.321832 0.075231 0.008247 0.013426
0 0.321832 0.075231 0.008247 0.013426
0 0.321832 0.075231 0.008247 0.013426
0 0.321832 0.075231 0.008247 0.013426
0 0.321832 0.075231 0.008247 0.013426
0 0.321832 0.075231 0.008247 0.013426
0 0.321832 0.075231 0.008247 0.013426
0 0.321832 0.075231 0.008247 0.013426
0 0.321832 0.075231 0.008247 0.013426
0 0.321832 0.075231 0.008247 0.013426
0 0.321832 0.075231 0.008247 0.013426
0 0.321832 0.075231 0.008247 0.013426
0 0.321832 0.075231 0.008247 0.013426
0 0.321832 0.075231 0.008247 0.013426
0 0.321832 0.075231 0.008247 0.013426
0 0.321832 0.075231 0.008247 0.013426
0 0.321832 0.075231 0.008247 0.013426
0 0.321832 0.075231 0.008247 0.013426
0 0.321832 0.075231 0.008247 0.013426
0 0.321832 0.075231 0.008247 0.013426
0 0.321832 0.075231 0.008247 0.013426
0 0.321832 0.075231 0.008247 0.013426
0 0.321832 0.075231 0.008247 0.013426
0 0.321832 0.075231 0.008247 0.013426
0 0.321832 0.075231 0.008247 0.013426
0 0.321832 0.075231 0.008247 0.013426
0 0.321832 0.075231 0.008247 0.013426
0 0.321832 0.075231 0.008247 0.013426
0 0.321832 0.075231 0.008247 0.013426
0 0.321832 0.075231 0.008247 0.013426
0 0.321832 0.075231 0.008247 0.013426
0 0.321832 0.075231 0.008247 0.013426
0 0.321832 0.075231 0.008247 0.013426
0 0.321832 0.075231 0.008247 0.013426
0 0.321832 0.075231 0.008247 0.013426
0 0.321832 0.075231 0.008247 0.013426
0 0.321832 0.075231 0.008247 0.013426
0 0.321832 0.075231 0.008247 0.013426
0 0.321832 0.075231 0.008247 0.013426
0 0.321832 0.075231 0.008247 0.013426
0 0.321832 0.075231 0.008247 0.013426
0 0.321832 0.075231 0.008247 0.013426
0 0.321832 0.075231 0.008247 0.013426
0 0.321832 0.075231 0.008247 0.013426
0 0.321832 0.075231 0.008247 0.013426
0 0.321832 0.075231 0.008247 0.013426
0 0.321832 0.075231 0.008247 0.013426
0 0.321832 0.075231 0.008247 0.013426
0 0.321832 0.075231 0.008247 0.013426
0 0.321832 0.075231 0.008247 0.013426
0 0.321832 0.075231 0.008247 0.013426
0 0.321832 0.075231 0.008247 0.013426
0 0.321832 0.075231 0.008247 0.013426
0 0.321832 0.075231 0.008247 0.013426
0 0.321832 0.075231 0.008247 0.013426
0 0.321832 0.075231 0.008247 0.013426
0 0.321832 0.075231 0.008247 0.013426
0 0.321832 0.075231 0.008247 0.013426
0 0.321832 0.075231 0.008247 0.013426
0 0.321832 0.075231 0.008247 0.013426
0 0.321832 0.075231 0.008247 0.013426
0 0.321832 0.075231 0.008247 0.013426
0 0.321832 0.075231 0.008247 0.013426
0 0.321832 0.075231 0.008247 0.013426
0 0.321832 0.075231 0.008247 0.013426
0 0.321832 0.075231 0.008247 0.013426
0 0.321832 0.075231 0.008247 0.013426
0 0.321832 0.075231 0.008247 0.013426
0 0.321832 0.075231 0.008247 0.013426
0 0.321832 0.075231 0.008247 0.013426
0 0.320833 0.067824 0.008333 0.012500
0 0.320095 0.060494 0.008247 0.011728
0 0.319358 0.053318 0.008333 0.011265
0 0.318663 0.045910 0.008333 0.010340
0 0.317925 0.038966 0.008247 0.009414
0 0.317187 0.031636 0.008333 0.008642
0 0.316450 0.024228 0.008247 0.007716
0 0.315712 0.017052 0.008333 0.007253
0 0.314974 0.009722 0.008247 0.006481
0 0.314236 0.002778 0.008333 0.005556
0 0.314497 0.003241 0.008333 0.006481
0 0.314757 0.003627 0.008333 0.007253
0 0.314974 0.004090 0.008247 0.008179
0 0.315234 0.004552 0.008247 0.009105
0 0.315582 0.005170 0.008594 0.010340
0 0.315842 0.005633 0.008594 0.011265
0 0.316102 0.006019 0.008594 0.012037
0 0.316319 0.006481 0.008507 0.012963
0 0.316580 0.006867 0.008507 0.013735
0 0.317057 0.007716 0.008594 0.014815
0 0.317057 0.008642 0.008594 0.014815
0 0.317318 0.009491 0.008594 0.014660
0 0.317318 0.010340 0.008594 0.014815
0 0.317535 0.011188 0.008507 0.014660
0 0.317795 0.012037 0.008507 0.014815
0 0.317795 0.012963 0.008507 0.014815
0 0.318056 0.013812 0.008507 0.014660
0 0.318056 0.014660 0.008507 0.014815
0 0.318273 0.015509 0.008594 0.014660
0 0.318533 0.016435 0.008594 0.014660
0 0.318533 0.017284 0.008594 0.014815
0 0.318533 0.018133 0.008594 0.014660
0 0.318533 0.018981 0.008594 0.014815
0 0.318533 0.019907 0.008594 0.014815
0 0.318750 0.020756 0.008507 0.014660
0 0.318750 0.021605 0.008507 0.014815
0 0.318750 0.022454 0.008507 0.014660
0 0.318750 0.023380 0.008507 0.014660
0 0.318750 0.024228 0.008507 0.014815
0 0.319010 0.025540 0.008507 0.014660
0 0.318750 0.026389 0.008507 0.014815
0 0.318750 0.027701 0.008507 0.014660
0 0.318750 0.029012 0.008507 0.014815
0 0.318750 0.030247 0.008507 0.014815
0 0.318750 0.031636 0.008507 0.014815
0 0.318533 0.032485 0.008594 0.014660
0 0.318533 0.033796 0.008594 0.014815
0 0.318533 0.035031 0.008594 0.014815
0 0.318533 0.036343 0.008594 0.014660
0 0.318533 0.037654 0.008594 0.014815
0 0.318533 0.038503 0.008594 0.014660
0 0.318533 0.039583 0.008594 0.014352
0 0.318533 0.040741 0.008594 0.014815
0 0.318533 0.041744 0.008594 0.014352
0 0.318533 0.042901 0.008594 0.014815
0 0.318533 0.043904 0.008594 0.014352
0 0.318533 0.044830 0.008594 0.014352
0 0.318533 0.046142 0.008594 0.014198
0 0.318533 0.046991 0.008594 0.014352
0 0.318750 0.048302 0.008507 0.014198
0 0.318533 0.049151 0.008594 0.014352
0 0.318533 0.050463 0.008594 0.014198
0 0.318533 0.051543 0.008594 0.013889
0 0.318403 0.052778 0.008333 0.013889
0 0.318403 0.053935 0.008333 0.013426
0 0.318273 0.055015 0.008594 0.013735
0 0.318142 0.056096 0.008333 0.013426
0 0.318142 0.057407 0.008333 0.013580
0 0.318142 0.058488 0.008333 0.012963
0 0.318142 0.059799 0.008333 0.013117
0 0.318142 0.060185 0.008333 0.012963
0 0.318403 0.061111 0.008333 0.012963
0 0.318663 0.061960 0.008333 0.013117
0 0.318663 0.062809 0.008333 0.012963
0 0.318880 0.063735 0.008247 0.012963
0 0.319141 0.064120 0.008247 0.013117
0 0.319141 0.064969 0.008247 0.012963
0 0.319358 0.065895 0.008333 0.012963
0 0.319618 0.066744 0.008333 0.013117
0 0.319878 0.067593 0.008333 0.012963
0 0.319878 0.068056 0.008333 0.012963
0 0.320095 0.068441 0.008247 0.013117
0 0.320226 0.068904 0.007986 0.013117
0 0.320356 0.069522 0.008247 0.013426
0 0.320616 0.070216 0.008247 0.012963
0 0.320703 0.070679 0.008073 0.012963
0 0.320833 0.071296 0.008333 0.013580
0 0.320964 0.071682 0.008073 0.013426
0 0.321224 0.072145 0.008073 0.013426
0 0.321484 0.073071 0.008073 0.013426
0 0.321484 0.073071 0.008073 0.013426
0 0.321484 0.073071 0.008073 0.013426
0 0.321484 0.073457 0.008073 0.013580
0 0.321484 0.073457 0.008073 0.013580
0 0.321484 0.073843 0.008073 0.013426
0 0.321484 0.073843 0.008073 0.013426
0 0.321484 0.073843 0.008073 0.013426
0 0.321484 0.074306 0.008073 0.013426
0 0.321484 0.074306 0.008073 0.013426
0 0.321571 0.074769 0.008247 0.013426
