0 0.148438 0.251080 0.007118 0.026852
0 0.148177 0.254552 0.007118 0.027006
0 0.147960 0.258488 0.007031 0.026852
0 0.147830 0.261960 0.007292 0.027006
0 0.147700 0.265895 0.007031 0.026852
0 0.147569 0.269290 0.007292 0.026852
0 0.147352 0.273225 0.007378 0.027006
0 0.147222 0.276698 0.007118 0.026852
0 0.147092 0.280556 0.007378 0.026852
0 0.146875 0.284105 0.007292 0.026852
0 0.146875 0.287963 0.007292 0.026852
0 0.147092 0.291435 0.007378 0.026080
0 0.147352 0.295139 0.007378 0.024846
0 0.147830 0.298611 0.007292 0.023765
0 0.148090 0.302315 0.007292 0.022531
0 0.148568 0.306019 0.007378 0.021296
0 0.148785 0.309414 0.007292 0.020370
0 0.149045 0.313117 0.007292 0.019136
0 0.149566 0.316667 0.007292 0.018210
0 0.149783 0.320293 0.007378 0.016821
0 0.150260 0.324228 0.007292 0.016049
0 0.150260 0.324228 0.007292 0.016049
0 0.150260 0.324228 0.007292 0.016049
0 0.150260 0.324228 0.007292 0.016049
0 0.150260 0.324228 0.007292 0.016049
0 0.150260 0.324228 0.007292 0.016049
0 0.150260 0.324228 0.007292 0.016049
0 0.150260 0.324228 0.007292 0.016049
0 0.150260 0.324228 0.007292 0.016049
0 0.150260 0.324228 0.007292 0.016049
0 0.150260 0.324228 0.007292 0.016049
0 0.150260 0.324228 0.007292 0.016049
0 0.150260 0.324228 0.007292 0.016049
0 0.150260 0.324228 0.007292 0.016049
0 0.150260 0.324228 0.007292 0.016049
0 0.150260 0.324228 0.007292 0.016049
0 0.150260 0.324228 0.007292 0.016049
0 0.150260 0.324228 0.007292 0.016049
0 0.150260 0.324228 0.007292 0.016049
0 0.150260 0.324228 0.007292 0.016049
0 0.150260 0.324228 0.007292 0.016049
0 0.150260 0.324228 0.007292 0.016049
0 0.150260 0.324228 0.007292 0.016049
0 0.150260 0.324228 0.007292 0.016049
0 0.150260 0.324228 0.007292 0.016049
0 0.150260 0.324228 0.007292 0.016049
0 0.150260 0.324228 0.007292 0.016049
0 0.150260 0.324228 0.007292 0.016049
0 0.150260 0.324228 0.007292 0.016049
0 0.150260 0.324228 0.007292 0.016049
0 0.150260 0.324228 0.007292 0.016049
0 0.150260 0.324228 0.007292 0.016049
0 0.150260 0.324228 0.007292 0.016049
0 0.150260 0.324228 0.007292 0.016049
0 0.150260 0.324228 0.007292 0.016049
0 0.150260 0.324228 0.007292 0.016049
0 0.150260 0.324228 0.007292 0.016049
0 0.150260 0.324228 0.007292 0.016049
0 0.150260 0.324228 0.007292 0.016049
0 0.150260 0.324228 0.007292 0.016049
0 0.150260 0.324228 0.007292 0.016049
0 0.150260 0.324228 0.007292 0.016049
0 0.150260 0.324228 0.007292 0.016049
0 0.150260 0.324228 0.007292 0.016049
0 0.150260 0.324228 0.007292 0.016049
0 0.150260 0.324228 0.007292 0.016049
0 0.150260 0.324228 0.007292 0.016049
0 0.150260 0.324228 0.007292 0.016049
0 0.150260 0.324228 0.007292 0.016049
0 0.150260 0.324228 0.007292 0.016049
0 0.150260 0.324228 0.007292 0.016049
0 0.150260 0.324228 0.007292 0.016049
0 0.150260 0.324228 0.007292 0.016049
0 0.150260 0.324228 0.007292 0.016049
0 0.150260 0.324228 0.007292 0.016049
0 0.150260 0.324228 0.007292 0.016049
0 0.150260 0.324228 0.007292 0.016049
0 0.150260 0.324228 0.007292 0.016049
0 0.150260 0.324228 0.007292 0.016049
0 0.150260 0.324228 0.007292 0.016049
0 0.150260 0.324228 0.007292 0.016049
0 0.149175 0.308410 0.007552 0.015586
0 0.148090 0.292747 0.007812 0.015741
0 0.147005 0.277083 0.008073 0.015586
0 0.146007 0.261497 0.007986 0.015586
0 0.145052 0.245910 0.008507 0.015586
0 0.143924 0.230324 0.008854 0.015586
0 0.142925 0.214660 0.008767 0.015741
0 0.141840 0.198997 0.009028 0.015586
0 0.140755 0.183410 0.009288 0.015586
0 0.139887 0.167824 0.009462 0.015586
0 0.139887 0.167824 0.009462 0.015586
0 0.139887 0.167824 0.009462 0.015586
0 0.139887 0.167824 0.009462 0.015586
0 0.139887 0.167824 0.009462 0.015586
0 0.139887 0.167824 0.009462 0.015586
0 0.139887 0.167824 0.009462 0.015586
0 0.139887 0.167824 0.009462 0.015586
0 0.139887 0.167824 0.009462 0.015586
0 0.139887 0.167824 0.009462 0.015586
0 0.139887 0.167824 0.009462 0.015586
0 0.139887 0.167824 0.009462 0.015586
0 0.139887 0.167824 0.009462 0.015586
0 0.139887 0.167824 0.009462 0.015586
0 0.139887 0.167824 0.009462 0.015586
0 0.139887 0.167824 0.009462 0.015586
0 0.139887 0.167824 0.009462 0.015586
0 0.139887 0.167824 0.009462 0.015586
0 0.139887 0.167824 0.009462 0.015586
0 0.139887 0.167824 0.009462 0.015586
0 0.139887 0.167824 0.009462 0.015586
0 0.139887 0.167824 0.009462 0.015586
0 0.139887 0.167824 0.009462 0.015586
0 0.139887 0.167824 0.009462 0.015586
0 0.139887 0.167824 0.009462 0.015586
0 0.139887 0.167824 0.009462 0.015586
0 0.139887 0.167824 0.009462 0.015586
0 0.139887 0.167824 0.009462 0.015586
0 0.139887 0.167824 0.009462 0.015586
0 0.139887 0.167824 0.009462 0.015586
0 0.139887 0.167824 0.009462 0.015586
0 0.139887 0.167824 0.009462 0.015586
0 0.139887 0.167824 0.009462 0.015586
0 0.139887 0.167824 0.009462 0.015586
0 0.139887 0.167824 0.009462 0.015586
0 0.139887 0.167824 0.009462 0.015586
0 0.139887 0.167824 0.009462 0.015586
0 0.139887 0.167824 0.009462 0.015586
0 0.139887 0.167824 0.009462 0.015586
0 0.139887 0.167824 0.009462 0.015586
0 0.139887 0.167824 0.009462 0.015586
0 0.139887 0.167824 0.009462 0.015586
0 0.139887 0.167824 0.009462 0.015586
0 0.139887 0.167824 0.009462 0.015586
0 0.139887 0.167824 0.009462 0.015586
0 0.139887 0.167824 0.009462 0.015586
0 0.139887 0.167824 0.009462 0.015586
0 0.139887 0.167824 0.009462 0.015586
0 0.139887 0.167824 0.009462 0.015586
0 0.139887 0.167824 0.009462 0.015586
0 0.139887 0.167824 0.009462 0.015586
0 0.139887 0.167824 0.009462 0.015586
0 0.139887 0.167824 0.009462 0.015586
0 0.139887 0.167824 0.009462 0.015586
0 0.139887 0.167824 0.009462 0.015586
0 0.139887 0.167824 0.009462 0.015586
0 0.139887 0.167824 0.009462 0.015586
0 0.139887 0.167824 0.009462 0.015586
0 0.139887 0.167824 0.009462 0.015586
0 0.139887 0.167824 0.009462 0.015586
0 0.139887 0.167824 0.009462 0.015586
0 0.139887 0.167824 0.009462 0.015586
0 0.139887 0.167824 0.009462 0.015586
0 0.139887 0.167824 0.009462 0.015586
0 0.139887 0.167824 0.009462 0.015586
0 0.139887 0.167824 0.009462 0.015586
0 0.139887 0.167824 0.009462 0.015586
0 0.139887 0.167824 0.009462 0.015586
0 0.139887 0.167824 0.009462 0.015586
0 0.139887 0.167824 0.009462 0.015586
0 0.139887 0.167824 0.009462 0.015586
0 0.139887 0.167824 0.009462 0.015586
0 0.139887 0.167824 0.009462 0.015586
0 0.139887 0.167824 0.009462 0.015586
0 0.139887 0.167824 0.009462 0.015586
0 0.139887 0.167824 0.009462 0.015586
0 0.139887 0.167824 0.009462 0.015586
0 0.139887 0.167824 0.009462 0.015586
0 0.139887 0.167824 0.009462 0.015586
0 0.139887 0.167824 0.009462 0.015586
0 0.139887 0.167824 0.009462 0.015586
0 0.139887 0.167824 0.009462 0.015586
0 0.139887 0.167824 0.009462 0.015586
0 0.139887 0.167824 0.009462 0.015586
0 0.139887 0.167824 0.009462 0.015586
0 0.139887 0.167824 0.009462 0.015586
0 0.139887 0.167824 0.009462 0.015586
0 0.139887 0.167824 0.009462 0.015586
0 0.139887 0.167824 0.009462 0.015586
0 0.139887 0.167824 0.009462 0.015586
0 0.139887 0.167824 0.009462 0.015586
