0 0.163455 0.009722 0.003472 0.012654
0 0.161979 0.009259 0.003472 0.012654
0 0.160764 0.009259 0.003472 0.012654
0 0.159288 0.008796 0.003472 0.012654
0 0.158073 0.008796 0.003472 0.012654
0 0.156641 0.008410 0.003385 0.012500
0 0.155425 0.008410 0.003385 0.012500
0 0.153950 0.007948 0.003385 0.012500
0 0.152734 0.007948 0.003385 0.012500
0 0.151259 0.007485 0.003385 0.012500
0 0.150043 0.007485 0.003385 0.012500
0 0.148958 0.007099 0.003646 0.012654
0 0.147960 0.007099 0.003733 0.012654
0 0.146962 0.007099 0.003646 0.012654
0 0.146007 0.007099 0.003646 0.012654
0 0.145052 0.007099 0.003646 0.012654
0 0.144054 0.006636 0.003733 0.012654
0 0.143056 0.006636 0.003646 0.012654
0 0.142101 0.006636 0.003646 0.012654
0 0.141146 0.006636 0.003646 0.012654
0 0.140148 0.006636 0.003733 0.012654
0 0.139149 0.006636 0.003646 0.012654
0 0.138455 0.006636 0.003646 0.012654
0 0.137587 0.006636 0.003472 0.012654
0 0.136849 0.006636 0.003385 0.012654
0 0.136111 0.006636 0.003472 0.012654
0 0.135156 0.006636 0.003472 0.012654
0 0.134418 0.006636 0.003385 0.012654
0 0.133550 0.006636 0.003212 0.012654
0 0.132812 0.006636 0.003125 0.012654
0 0.132075 0.006636 0.003212 0.012654
0 0.131120 0.006250 0.003212 0.012500
0 0.130382 0.006250 0.003125 0.012500
0 0.129514 0.006250 0.002951 0.012500
0 0.128689 0.006250 0.003212 0.012500
0 0.127821 0.006250 0.002865 0.012500
0 0.127083 0.006250 0.002951 0.012500
0 0.126128 0.006250 0.002951 0.012500
0 0.125391 0.006250 0.002865 0.012500
0 0.124523 0.006250 0.002691 0.012500
0 0.123828 0.006250 0.002691 0.012500
0 0.123047 0.006019 0.002691 0.012037
0 0.122613 0.006019 0.002691 0.012037
0 0.122092 0.006019 0.002691 0.012037
0 0.121484 0.005941 0.002865 0.011265
0 0.121007 0.005941 0.002951 0.011265
0 0.120486 0.005941 0.002951 0.011265
0 0.119878 0.006019 0.003125 0.010494
0 0.119401 0.006019 0.003212 0.010494
0 0.118924 0.006019 0.003125 0.010494
0 0.118446 0.006250 0.003212 0.010031
0 0.117925 0.005787 0.003212 0.010031
0 0.117578 0.005787 0.003385 0.010031
0 0.117101 0.005787 0.003472 0.010031
0 0.116753 0.005324 0.003646 0.010031
0 0.116363 0.005324 0.003906 0.010031
0 0.115842 0.005324 0.003906 0.010031
0 0.115495 0.004938 0.004080 0.009877
0 0.115017 0.004938 0.004167 0.009877
0 0.114627 0.004938 0.004427 0.009877
0 0.114280 0.004938 0.004601 0.009877
0 0.114019 0.004938 0.004601 0.009877
0 0.113802 0.004938 0.004687 0.009877
0 0.113542 0.004938 0.004687 0.009877
0 0.113325 0.004938 0.004601 0.009877
0 0.113064 0.005170 0.004601 0.010340
0 0.112804 0.005170 0.004601 0.010340
0 0.112587 0.005170 0.004687 0.010340
0 0.112326 0.005170 0.004687 0.010340
0 0.112109 0.005170 0.004601 0.010340
0 0.111849 0.005401 0.004601 0.010802
0 0.111589 0.005170 0.004601 0.010340
0 0.111589 0.005170 0.004601 0.010340
0 0.111458 0.005170 0.004340 0.010340
0 0.111328 0.004938 0.004601 0.009877
0 0.111328 0.004938 0.004601 0.009877
0 0.111241 0.004938 0.004427 0.009877
0 0.111111 0.004707 0.004687 0.009414
0 0.110981 0.004707 0.004427 0.009414
0 0.110981 0.004707 0.004427 0.009414
0 0.110981 0.004707 0.004427 0.009414
0 0.110851 0.004552 0.004687 0.009105
0 0.110851 0.004552 0.004687 0.009105
0 0.110851 0.004321 0.004687 0.008642
0 0.110851 0.004321 0.004687 0.008642
0 0.110851 0.004321 0.004687 0.008642
0 0.110851 0.004090 0.004687 0.008179
0 0.110851 0.004090 0.004687 0.008179
0 0.110851 0.003858 0.004687 0.007716
0 0.110851 0.003858 0.004687 0.007716
0 0.110851 0.003858 0.004687 0.007716
0 0.110981 0.003858 0.004948 0.007716
0 0.111198 0.003858 0.004861 0.007716
0 0.111458 0.004090 0.004861 0.008179
0 0.111719 0.004090 0.004861 0.008179
0 0.111979 0.004321 0.004861 0.008642
0 0.112109 0.004321 0.005122 0.008642
0 0.112370 0.004321 0.005122 0.008642
0 0.112543 0.004552 0.005122 0.009105
0 0.112804 0.004552 0.005122 0.009105
0 0.113064 0.004707 0.005122 0.009414
0 0.113325 0.004552 0.005122 0.009105
0 0.113585 0.004552 0.005122 0.009105
0 0.113759 0.004552 0.005122 0.009105
0 0.114280 0.004321 0.005122 0.008642
0 0.114540 0.004321 0.005122 0.008642
0 0.114800 0.004321 0.005122 0.008642
0 0.115234 0.004090 0.005122 0.008179
0 0.115495 0.004090 0.005122 0.008179
0 0.115755 0.004090 0.005122 0.008179
0 0.116233 0.004090 0.005208 0.008179
0 0.116450 0.004090 0.005122 0.008179
0 0.116970 0.004090 0.005122 0.008179
0 0.117231 0.004090 0.005122 0.008179
0 0.117665 0.004090 0.005122 0.008179
0 0.117925 0.004090 0.005122 0.008179
0 0.118446 0.004090 0.005122 0.008179
0 0.118707 0.004090 0.005122 0.008179
0 0.119141 0.004090 0.005122 0.008179
0 0.119401 0.004090 0.005122 0.008179
0 0.119922 0.004090 0.005122 0.008179
0 0.120095 0.004090 0.005122 0.008179
0 0.120616 0.004090 0.005122 0.008179
0 0.120877 0.004090 0.005122 0.008179
0 0.121398 0.004090 0.005122 0.008179
0 0.121832 0.004090 0.005122 0.008179
0 0.122092 0.004090 0.005122 0.008179
0 0.122613 0.004090 0.005122 0.008179
0 0.122786 0.004090 0.005122 0.008179
0 0.123307 0.004090 0.005122 0.008179
0 0.123828 0.004090 0.005122 0.008179
0 0.124262 0.004090 0.005122 0.008179
0 0.124783 0.004090 0.005122 0.008179
0 0.125391 0.004321 0.004948 0.008642
0 0.125868 0.004321 0.004861 0.008642
0 0.126606 0.004552 0.004948 0.009105
0 0.127083 0.004552 0.004861 0.009105
0 0.127604 0.004552 0.004861 0.009105
0 0.128168 0.004707 0.004601 0.009414
0 0.128689 0.004707 0.004601 0.009414
0 0.129427 0.004938 0.004687 0.009877
0 0.129905 0.004707 0.004601 0.009414
0 0.130512 0.004707 0.004948 0.009414
0 0.130990 0.004707 0.004861 0.009414
0 0.131727 0.004552 0.004948 0.009105
0 0.132205 0.004552 0.004861 0.009105
0 0.132856 0.004552 0.005122 0.009105
0 0.133420 0.004321 0.004861 0.008642
0 0.134071 0.004321 0.005122 0.008642
0 0.134505 0.004321 0.005122 0.008642
0 0.135286 0.004475 0.005122 0.008333
0 0.135720 0.004090 0.005122 0.008179
0 0.136241 0.003858 0.005122 0.007716
0 0.136762 0.003858 0.005122 0.007716
0 0.137196 0.003627 0.005122 0.007253
0 0.137847 0.003627 0.004861 0.007253
0 0.138325 0.003395 0.004948 0.006790
0 0.138802 0.003241 0.004861 0.006481
0 0.139323 0.003241 0.004861 0.006481
0 0.139757 0.003009 0.004861 0.006019
0 0.140408 0.003009 0.004601 0.006019
0 0.140885 0.002778 0.004687 0.005556
0 0.141363 0.002778 0.004601 0.005556
0 0.142101 0.002546 0.004687 0.005093
0 0.142578 0.002546 0.004601 0.005093
0 0.143316 0.002315 0.004687 0.004630
0 0.143793 0.002315 0.004601 0.004630
0 0.144314 0.002160 0.004601 0.004321
0 0.145009 0.002160 0.004601 0.004321
0 0.145530 0.001929 0.004601 0.003858
0 0.146224 0.001929 0.004601 0.003858
0 0.146224 0.001929 0.004601 0.003858
0 0.146224 0.001929 0.004601 0.003858
0 0.146224 0.001929 0.004601 0.003858
0 0.146224 0.001929 0.004601 0.003858
0 0.146224 0.001929 0.004601 0.003858
0 0.146224 0.001929 0.004601 0.003858
0 0.146224 0.001929 0.004601 0.003858
0 0.146224 0.001929 0.004601 0.003858
0 0.146224 0.001929 0.004601 0.003858
0 0.146224 0.001929 0.004601 0.003858
