0 0.195443 0.039815 0.004427 0.020062
0 0.195443 0.039815 0.004427 0.020062
0 0.195443 0.039815 0.004427 0.020062
0 0.195443 0.039815 0.004427 0.020062
0 0.195443 0.039815 0.004427 0.020062
0 0.195443 0.039815 0.004427 0.020062
0 0.195443 0.039815 0.004427 0.020062
0 0.195443 0.039815 0.004427 0.020062
0 0.195443 0.039815 0.004427 0.020062
0 0.195443 0.039815 0.004427 0.020062
0 0.195443 0.040046 0.004427 0.019599
0 0.195443 0.040046 0.004427 0.019599
0 0.195443 0.040046 0.004427 0.019599
0 0.195443 0.040046 0.004427 0.019599
0 0.195660 0.040046 0.004340 0.019599
0 0.195660 0.040278 0.004340 0.019136
0 0.195660 0.040278 0.004340 0.019136
0 0.195920 0.040278 0.004340 0.019136
0 0.195920 0.040278 0.004340 0.019136
0 0.195920 0.040278 0.004340 0.019136
0 0.196137 0.040741 0.004427 0.019136
0 0.196137 0.040741 0.004427 0.019136
0 0.196137 0.040741 0.004427 0.019136
0 0.196137 0.040741 0.004427 0.019136
0 0.196137 0.040741 0.004427 0.019136
0 0.196137 0.040741 0.004427 0.019136
0 0.196137 0.040741 0.004427 0.019136
0 0.196137 0.040741 0.004427 0.019136
0 0.196137 0.040741 0.004427 0.019136
0 0.196137 0.040741 0.004427 0.019136
0 0.196137 0.040741 0.004427 0.019136
0 0.196137 0.040741 0.004427 0.019136
0 0.196137 0.040741 0.004427 0.019136
0 0.196137 0.040741 0.004427 0.019136
0 0.196137 0.040741 0.004427 0.019136
0 0.196398 0.040741 0.004427 0.019136
0 0.196398 0.040741 0.004427 0.019136
0 0.196398 0.040741 0.004427 0.019136
0 0.196398 0.040741 0.004427 0.019136
0 0.196398 0.040741 0.004427 0.019136
0 0.196658 0.041127 0.004427 0.018981
0 0.196398 0.041127 0.004427 0.018981
0 0.196398 0.041127 0.004427 0.018981
0 0.196398 0.041127 0.004427 0.018981
0 0.196398 0.041127 0.004427 0.018981
0 0.196398 0.041358 0.004427 0.019444
0 0.196137 0.041358 0.004427 0.019444
0 0.196137 0.041358 0.004427 0.019444
0 0.196137 0.041358 0.004427 0.019444
0 0.196137 0.041358 0.004427 0.019444
0 0.196137 0.041821 0.004427 0.019444
0 0.196137 0.041358 0.004427 0.019444
0 0.196137 0.041358 0.004427 0.019444
0 0.196137 0.041358 0.004427 0.019444
0 0.196137 0.041127 0.004427 0.018981
0 0.196137 0.041127 0.004427 0.018981
0 0.196137 0.040895 0.004427 0.019444
0 0.196137 0.040741 0.004427 0.019136
0 0.196137 0.040741 0.004427 0.019136
0 0.196137 0.040741 0.004427 0.019136
0 0.196398 0.040741 0.004427 0.019136
0 0.196398 0.040741 0.004427 0.019136
0 0.196398 0.040741 0.004427 0.019136
0 0.196398 0.040741 0.004427 0.019136
0 0.196398 0.040741 0.004427 0.019136
0 0.196398 0.040741 0.004427 0.019136
0 0.196398 0.040741 0.004427 0.019136
0 0.196398 0.040741 0.004427 0.019136
0 0.196398 0.040741 0.004427 0.019136
0 0.196398 0.040741 0.004427 0.019136
0 0.196398 0.040741 0.004427 0.019136
0 0.196398 0.040741 0.004427 0.019136
0 0.196398 0.040741 0.004427 0.019136
0 0.196398 0.040741 0.004427 0.019136
0 0.196398 0.040741 0.004427 0.019136
0 0.196398 0.040741 0.004427 0.019136
0 0.196398 0.040741 0.004427 0.019136
0 0.196398 0.040741 0.004427 0.019136
0 0.196398 0.040741 0.004427 0.019136
0 0.196398 0.040741 0.004427 0.019136
0 0.196398 0.040741 0.004427 0.019136
0 0.196398 0.040741 0.004427 0.019136
0 0.196398 0.040741 0.004427 0.019136
0 0.196398 0.040741 0.004427 0.019136
0 0.196398 0.040741 0.004427 0.019136
0 0.196398 0.040741 0.004427 0.019136
0 0.196398 0.040741 0.004427 0.019136
0 0.196398 0.040741 0.004427 0.019136
0 0.196398 0.040741 0.004427 0.019136
0 0.196398 0.040741 0.004427 0.019136
0 0.196398 0.040741 0.004427 0.019136
0 0.196398 0.040741 0.004427 0.019136
0 0.196398 0.040741 0.004427 0.019136
0 0.196398 0.040741 0.004427 0.019136
0 0.196398 0.040741 0.004427 0.019136
0 0.196398 0.040741 0.004427 0.019136
0 0.196398 0.040741 0.004427 0.019136
0 0.196398 0.040741 0.004427 0.019136
0 0.196398 0.040741 0.004427 0.019136
0 0.196398 0.040741 0.004427 0.019136
0 0.196398 0.040741 0.004427 0.019136
0 0.196398 0.040741 0.004427 0.019136
0 0.196398 0.040741 0.004427 0.019136
0 0.196398 0.040741 0.004427 0.019136
0 0.196398 0.040741 0.004427 0.019136
0 0.196398 0.040741 0.004427 0.019136
0 0.196398 0.040741 0.004427 0.019136
0 0.196398 0.040741 0.004427 0.019136
0 0.196398 0.040741 0.004427 0.019136
0 0.196398 0.040741 0.004427 0.019136
0 0.196398 0.040741 0.004427 0.019136
0 0.196398 0.040741 0.004427 0.019136
