0 0.222005 0.007330 0.012240 0.014660
0 0.199696 0.006713 0.011024 0.013426
0 0.177604 0.006019 0.009722 0.012037
0 0.155425 0.005401 0.008767 0.010802
0 0.133290 0.004707 0.007552 0.009414
0 0.111111 0.004090 0.006597 0.008179
0 0.089019 0.003395 0.005295 0.006790
0 0.066797 0.002778 0.004427 0.005556
0 0.044748 0.002160 0.003212 0.004321
0 0.022526 0.001466 0.002170 0.002932
0 0.000477 0.000849 0.000955 0.001698
0 0.022526 0.001466 0.002170 0.002932
0 0.044748 0.002160 0.003212 0.004321
0 0.066797 0.002778 0.004427 0.005556
0 0.089019 0.003395 0.005295 0.006790
0 0.111111 0.004090 0.006597 0.008179
0 0.133290 0.004707 0.007552 0.009414
0 0.155425 0.005401 0.008767 0.010802
0 0.177604 0.006019 0.009722 0.012037
0 0.199696 0.006713 0.011024 0.013426
0 0.222005 0.007330 0.012240 0.014660
0 0.222005 0.007330 0.012240 0.014660
0 0.222005 0.007330 0.012240 0.014660
0 0.222005 0.007330 0.012240 0.014660
0 0.222005 0.007330 0.012240 0.014660
0 0.222005 0.007330 0.012240 0.014660
0 0.222005 0.007330 0.012240 0.014660
0 0.222005 0.007330 0.012240 0.014660
0 0.222005 0.007330 0.012240 0.014660
0 0.222005 0.007330 0.012240 0.014660
0 0.222005 0.007330 0.012240 0.014660
0 0.222005 0.007330 0.012240 0.014660
0 0.222005 0.007330 0.012240 0.014660
0 0.222005 0.007330 0.012240 0.014660
0 0.222005 0.007330 0.012240 0.014660
0 0.222005 0.007330 0.012240 0.014660
0 0.222005 0.007330 0.012240 0.014660
0 0.222005 0.007330 0.012240 0.014660
0 0.222005 0.007330 0.012240 0.014660
0 0.222005 0.007330 0.012240 0.014660
0 0.222005 0.007330 0.012240 0.014660
0 0.222005 0.007330 0.012240 0.014660
0 0.222005 0.007330 0.012240 0.014660
0 0.222005 0.007330 0.012240 0.014660
0 0.222005 0.007330 0.012240 0.014660
0 0.222005 0.007330 0.012240 0.014660
0 0.222005 0.007330 0.012240 0.014660
0 0.222005 0.007330 0.012240 0.014660
0 0.222005 0.007330 0.012240 0.014660
0 0.222005 0.007330 0.012240 0.014660
0 0.222005 0.007330 0.012240 0.014660
0 0.222005 0.007330 0.012240 0.014660
0 0.222005 0.007330 0.012240 0.014660
0 0.222005 0.007330 0.012240 0.014660
0 0.222005 0.007330 0.012240 0.014660
0 0.222005 0.007330 0.012240 0.014660
0 0.222005 0.007330 0.012240 0.014660
0 0.222005 0.007330 0.012240 0.014660
0 0.222005 0.007330 0.012240 0.014660
0 0.222005 0.007330 0.012240 0.014660
0 0.222005 0.007330 0.012240 0.014660
0 0.222005 0.007330 0.012240 0.014660
0 0.222005 0.007330 0.012240 0.014660
0 0.222005 0.007330 0.012240 0.014660
0 0.222005 0.007330 0.012240 0.014660
0 0.222005 0.007330 0.012240 0.014660
0 0.222005 0.007330 0.012240 0.014660
0 0.222005 0.007330 0.012240 0.014660
0 0.222005 0.007330 0.012240 0.014660
0 0.222005 0.007330 0.012240 0.014660
0 0.222005 0.007330 0.012240 0.014660
0 0.222005 0.007330 0.012240 0.014660
0 0.222005 0.007330 0.012240 0.014660
0 0.222005 0.007330 0.012240 0.014660
0 0.222005 0.007330 0.012240 0.014660
0 0.222005 0.007330 0.012240 0.014660
0 0.222005 0.007330 0.012240 0.014660
0 0.222005 0.007330 0.012240 0.014660
0 0.222005 0.007330 0.012240 0.014660
0 0.222005 0.007330 0.012240 0.014660
0 0.222005 0.007330 0.012240 0.014660
0 0.222005 0.007330 0.012240 0.014660
0 0.222005 0.007330 0.012240 0.014660
0 0.222005 0.007330 0.012240 0.014660
0 0.222005 0.007330 0.012240 0.014660
0 0.222005 0.007330 0.012240 0.014660
0 0.222005 0.007330 0.012240 0.014660
0 0.222005 0.007330 0.012240 0.014660
0 0.222005 0.007330 0.012240 0.014660
0 0.222005 0.007330 0.012240 0.014660
0 0.222005 0.007330 0.012240 0.014660
0 0.222005 0.007330 0.012240 0.014660
0 0.222005 0.007330 0.012240 0.014660
0 0.222005 0.007330 0.012240 0.014660
0 0.222005 0.007330 0.012240 0.014660
0 0.222005 0.007330 0.012240 0.014660
0 0.222005 0.007330 0.012240 0.014660
0 0.222005 0.007330 0.012240 0.014660
0 0.222005 0.007330 0.012240 0.014660
0 0.222005 0.007330 0.012240 0.014660
0 0.222005 0.007330 0.012240 0.014660
0 0.222005 0.007330 0.012240 0.014660
0 0.222005 0.007330 0.012240 0.014660
0 0.222005 0.007330 0.012240 0.014660
0 0.222005 0.007330 0.012240 0.014660
0 0.222005 0.007330 0.012240 0.014660
0 0.222005 0.007330 0.012240 0.014660
0 0.222005 0.007330 0.012240 0.014660
0 0.222005 0.007330 0.012240 0.014660
0 0.222005 0.007330 0.012240 0.014660
0 0.222005 0.007330 0.012240 0.014660
0 0.222005 0.007330 0.012240 0.014660
0 0.222005 0.007330 0.012240 0.014660
0 0.222005 0.007330 0.012240 0.014660
0 0.222005 0.007330 0.012240 0.014660
0 0.222005 0.007330 0.012240 0.014660
0 0.222005 0.007330 0.012240 0.014660
0 0.222005 0.007330 0.012240 0.014660
0 0.222005 0.007330 0.012240 0.014660
0 0.222005 0.007330 0.012240 0.014660
0 0.222005 0.007330 0.012240 0.014660
0 0.222005 0.007330 0.012240 0.014660
0 0.222005 0.007330 0.012240 0.014660
0 0.222005 0.007330 0.012240 0.014660
0 0.222005 0.007330 0.012240 0.014660
0 0.222005 0.007330 0.012240 0.014660
0 0.222005 0.007330 0.012240 0.014660
0 0.222005 0.007330 0.012240 0.014660
0 0.222005 0.007330 0.012240 0.014660
0 0.222005 0.007330 0.012240 0.014660
0 0.222005 0.007330 0.012240 0.014660
0 0.221918 0.010494 0.012413 0.016049
0 0.221918 0.014043 0.012934 0.016975
0 0.221788 0.017515 0.013194 0.017747
0 0.221788 0.020756 0.013715 0.018981
0 0.221658 0.024383 0.013976 0.020370
0 0.221615 0.027932 0.014410 0.021296
0 0.221528 0.031173 0.014583 0.022531
0 0.221528 0.034568 0.015104 0.023457
0 0.221398 0.038117 0.015365 0.024383
0 0.221398 0.041821 0.015885 0.025617
0 0.221137 0.045679 0.015885 0.025617
0 0.221137 0.049537 0.015885 0.025617
0 0.221137 0.053549 0.015885 0.025617
0 0.220920 0.057407 0.015799 0.025617
0 0.220920 0.061265 0.015799 0.025617
0 0.220920 0.065278 0.015799 0.025617
0 0.220703 0.069136 0.015885 0.025617
0 0.220703 0.072994 0.015885 0.025617
0 0.220703 0.076929 0.015885 0.025463
0 0.220703 0.081096 0.015885 0.025154
0 0.220443 0.084954 0.015885 0.025154
0 0.220443 0.089275 0.015885 0.025154
0 0.220443 0.093133 0.015885 0.025154
0 0.220182 0.097531 0.015885 0.025309
0 0.220182 0.101929 0.015885 0.025154
0 0.220182 0.105787 0.015885 0.025154
0 0.219922 0.110108 0.015885 0.025154
0 0.219922 0.113966 0.015885 0.025154
0 0.219922 0.118287 0.015885 0.025154
0 0.219922 0.122762 0.015885 0.025154
0 0.219444 0.129244 0.015799 0.025154
0 0.218967 0.135725 0.015885 0.025154
0 0.218490 0.142207 0.015799 0.025154
0 0.218012 0.149151 0.015885 0.025154
0 0.217752 0.155633 0.015885 0.025154
0 0.217231 0.162114 0.015885 0.025154
0 0.216797 0.169059 0.015885 0.025154
0 0.216276 0.175617 0.015885 0.025309
0 0.215799 0.182176 0.015799 0.025154
0 0.215538 0.189120 0.015799 0.025154
0 0.213585 0.194676 0.015885 0.025154
0 0.211675 0.200386 0.015885 0.025154
0 0.209939 0.205941 0.015885 0.025154
0 0.207986 0.211651 0.015799 0.025154
0 0.206033 0.217207 0.015885 0.025154
0 0.204297 0.222917 0.015885 0.025154
0 0.202387 0.228472 0.015885 0.025154
0 0.200391 0.234182 0.015885 0.025154
0 0.198741 0.239892 0.015885 0.025154
0 0.196745 0.245448 0.015885 0.025154
