0 0.115625 0.120293 0.003472 0.014352
0 0.116623 0.119830 0.003385 0.014352
0 0.117578 0.119830 0.003385 0.014352
0 0.118663 0.119830 0.003125 0.014352
0 0.119748 0.119830 0.003385 0.014352
0 0.120877 0.119830 0.003212 0.014352
0 0.121832 0.119676 0.003212 0.014660
0 0.122960 0.119676 0.003385 0.014660
0 0.124045 0.119676 0.003125 0.014660
0 0.125000 0.119676 0.003125 0.014660
0 0.126259 0.119676 0.003212 0.014660
0 0.127214 0.119213 0.003212 0.014660
0 0.128429 0.119213 0.003212 0.014660
0 0.129427 0.119213 0.003125 0.014660
0 0.130642 0.119213 0.003125 0.014660
0 0.131858 0.119213 0.003125 0.014660
0 0.132812 0.118827 0.003125 0.014815
0 0.134028 0.118827 0.003125 0.014815
0 0.135026 0.118827 0.003212 0.014815
0 0.136241 0.118827 0.003212 0.014815
0 0.137457 0.118827 0.003212 0.014815
0 0.137196 0.118827 0.003212 0.014815
0 0.136979 0.118827 0.003125 0.014815
0 0.136719 0.118827 0.003125 0.014815
0 0.136502 0.119213 0.003212 0.014660
0 0.136241 0.119213 0.003212 0.014660
0 0.135981 0.119213 0.003212 0.014660
0 0.135764 0.119676 0.003125 0.014660
0 0.135503 0.119676 0.003125 0.014660
0 0.135286 0.119676 0.003212 0.014660
0 0.135026 0.120062 0.003212 0.014815
0 0.132075 0.120525 0.003212 0.014815
0 0.129427 0.120988 0.003125 0.014815
0 0.126736 0.121373 0.003125 0.014660
0 0.123785 0.121836 0.003125 0.014660
0 0.121094 0.122222 0.003125 0.014815
0 0.118446 0.122685 0.003212 0.014815
0 0.115495 0.123148 0.003212 0.014815
0 0.112804 0.123534 0.003212 0.014660
0 0.110113 0.123997 0.003212 0.014660
0 0.107465 0.124460 0.003125 0.014660
0 0.106727 0.124460 0.003212 0.014660
0 0.105990 0.124846 0.003125 0.014815
0 0.105252 0.124846 0.003212 0.014815
0 0.104774 0.125309 0.003125 0.014815
0 0.104036 0.125772 0.003212 0.014815
0 0.103299 0.125772 0.003125 0.014815
0 0.102821 0.126157 0.003212 0.014660
0 0.102083 0.126157 0.003125 0.014660
0 0.101345 0.126620 0.003212 0.014660
0 0.100868 0.127006 0.003125 0.014815
0 0.101345 0.126620 0.003212 0.014660
0 0.101823 0.126620 0.003125 0.014660
0 0.102561 0.126620 0.003212 0.014660
0 0.103038 0.126620 0.003125 0.014660
0 0.103776 0.126620 0.003212 0.014660
0 0.104297 0.126157 0.003212 0.014660
0 0.104774 0.126157 0.003125 0.014660
0 0.105512 0.126157 0.003212 0.014660
0 0.105990 0.126157 0.003125 0.014660
0 0.106727 0.126157 0.003212 0.014660
0 0.107465 0.125772 0.003125 0.014815
0 0.108203 0.125772 0.003212 0.014815
0 0.108898 0.125772 0.003212 0.014815
0 0.109635 0.125772 0.003125 0.014815
0 0.110634 0.125772 0.003212 0.014815
0 0.111372 0.125772 0.003125 0.014815
0 0.112066 0.125772 0.003125 0.014815
0 0.112804 0.125772 0.003212 0.014815
0 0.113542 0.125772 0.003125 0.014815
0 0.114540 0.125772 0.003212 0.014815
0 0.115234 0.125772 0.003212 0.014815
0 0.115972 0.125772 0.003125 0.014815
0 0.116840 0.125772 0.003472 0.014815
0 0.117578 0.125772 0.003385 0.014815
0 0.118403 0.126157 0.003646 0.014660
0 0.119184 0.126157 0.003646 0.014660
0 0.119878 0.126157 0.003646 0.014660
0 0.120747 0.126157 0.003819 0.014660
0 0.121484 0.126157 0.003906 0.014660
0 0.122309 0.126620 0.004167 0.014660
0 0.123090 0.126620 0.004167 0.014660
0 0.123785 0.127006 0.004167 0.014815
0 0.124523 0.127006 0.004080 0.014815
0 0.125260 0.127469 0.004167 0.014815
0 0.126085 0.127469 0.003906 0.014815
0 0.126866 0.127932 0.003906 0.014815
0 0.127561 0.127932 0.003906 0.014815
0 0.128342 0.128318 0.003906 0.014660
0 0.129036 0.128318 0.003906 0.014660
0 0.129905 0.128781 0.003733 0.014660
0 0.130382 0.128318 0.003646 0.014660
0 0.131120 0.128318 0.003733 0.014660
0 0.131597 0.128318 0.003646 0.014660
0 0.132335 0.128318 0.003733 0.014660
0 0.132812 0.128318 0.003646 0.014660
0 0.133594 0.128318 0.003646 0.014660
0 0.134028 0.128318 0.003646 0.014660
0 0.134809 0.128318 0.003646 0.014660
0 0.135243 0.128318 0.003646 0.014660
0 0.136024 0.128318 0.003646 0.014660
0 0.136241 0.127932 0.003733 0.014815
0 0.136719 0.127469 0.003646 0.014815
0 0.137240 0.127006 0.003646 0.014815
0 0.137457 0.126620 0.003733 0.014660
0 0.137934 0.126620 0.003646 0.014660
0 0.138455 0.126157 0.003646 0.014660
0 0.138715 0.125772 0.003646 0.014815
0 0.139149 0.125309 0.003646 0.014815
0 0.139670 0.124846 0.003646 0.014815
0 0.140148 0.124846 0.003733 0.014815
0 0.140365 0.123997 0.003646 0.014660
0 0.140755 0.123534 0.003906 0.014660
0 0.141146 0.123148 0.003646 0.014815
0 0.141450 0.122222 0.003906 0.014815
0 0.141970 0.121836 0.003906 0.014660
0 0.142231 0.121373 0.003906 0.014660
0 0.142578 0.120525 0.004080 0.014815
0 0.142925 0.120062 0.003906 0.014815
0 0.143316 0.119676 0.004167 0.014660
0 0.143837 0.119213 0.004167 0.014660
0 0.144054 0.118364 0.004080 0.014815
0 0.144531 0.117901 0.004167 0.014815
0 0.144792 0.117515 0.004167 0.014660
0 0.145269 0.116590 0.004080 0.014660
0 0.145486 0.116204 0.004167 0.014815
0 0.146007 0.115741 0.004167 0.014815
0 0.146267 0.114892 0.004167 0.014660
0 0.146701 0.114429 0.004167 0.014660
0 0.146962 0.114043 0.004167 0.014815
0 0.147483 0.113580 0.004167 0.014815
0 0.146701 0.113117 0.004167 0.014815
0 0.146007 0.112731 0.004167 0.014660
0 0.145269 0.112731 0.004080 0.014660
0 0.144531 0.112269 0.004167 0.014660
0 0.143837 0.112269 0.004167 0.014660
0 0.143056 0.111883 0.004167 0.014815
0 0.142361 0.111420 0.004167 0.014815
0 0.141580 0.111420 0.004167 0.014815
0 0.140885 0.110957 0.004167 0.014815
0 0.140365 0.110957 0.004167 0.014815
0 0.139931 0.110571 0.004167 0.014660
0 0.139410 0.110108 0.004167 0.014660
0 0.138932 0.109722 0.004080 0.014815
0 0.138455 0.109259 0.004167 0.014815
0 0.137934 0.109259 0.004167 0.014815
0 0.137457 0.108796 0.004080 0.014815
0 0.136979 0.108333 0.004167 0.014815
0 0.136458 0.107948 0.004167 0.014660
0 0.136024 0.107485 0.004167 0.014660
0 0.135503 0.107485 0.004167 0.014660
0 0.136458 0.107099 0.004167 0.014815
0 0.137457 0.106636 0.004080 0.014815
0 0.138455 0.106173 0.004167 0.014815
0 0.139410 0.105787 0.004167 0.014660
0 0.140625 0.105324 0.004167 0.014660
0 0.141580 0.104938 0.004167 0.014815
0 0.142578 0.104475 0.004080 0.014815
0 0.143576 0.104012 0.004167 0.014815
0 0.144531 0.103627 0.004167 0.014660
0 0.145747 0.103627 0.004167 0.014660
0 0.148698 0.103164 0.004167 0.014660
0 0.151649 0.102778 0.004167 0.014815
0 0.154514 0.102546 0.004167 0.014352
0 0.157465 0.102083 0.004167 0.014352
0 0.160677 0.101852 0.004167 0.013889
0 0.163542 0.101389 0.004167 0.013889
0 0.166493 0.101003 0.004167 0.013735
0 0.169444 0.100849 0.004167 0.013426
0 0.172352 0.100386 0.004080 0.013426
0 0.175521 0.100154 0.004167 0.012963
0 0.175781 0.099923 0.004167 0.012500
0 0.176042 0.099923 0.004167 0.012500
0 0.176259 0.099923 0.004080 0.012500
0 0.176476 0.099923 0.004167 0.012500
0 0.176736 0.099923 0.004167 0.012500
0 0.176997 0.099923 0.004167 0.012500
0 0.177257 0.099923 0.004167 0.012500
0 0.177474 0.099923 0.004080 0.012500
0 0.177734 0.099923 0.004080 0.012500
0 0.178082 0.099923 0.003906 0.012500
