0 0.046094 0.220525 0.010243 0.024691
0 0.048264 0.218364 0.010243 0.024691
0 0.050564 0.216667 0.009983 0.024691
0 0.052778 0.214660 0.010069 0.024383
0 0.055122 0.212886 0.009722 0.024228
0 0.057422 0.211188 0.009462 0.024228
0 0.059635 0.209028 0.009549 0.024228
0 0.061936 0.207330 0.009288 0.024228
0 0.064106 0.205324 0.009288 0.023920
0 0.066493 0.203627 0.009028 0.023920
0 0.068924 0.201852 0.009028 0.023765
0 0.070703 0.200154 0.008767 0.023765
0 0.072569 0.198843 0.008507 0.023920
0 0.074609 0.197531 0.008247 0.023765
0 0.076432 0.196219 0.008073 0.023920
0 0.078559 0.194907 0.007812 0.023765
0 0.080339 0.193596 0.007552 0.023920
0 0.082205 0.192361 0.007292 0.023920
0 0.084288 0.190972 0.007118 0.023920
0 0.086068 0.189738 0.006858 0.023920
0 0.088194 0.188426 0.006597 0.023765
0 0.089844 0.187114 0.006597 0.023920
0 0.091710 0.186034 0.006337 0.023302
0 0.093446 0.184954 0.006337 0.022994
0 0.095226 0.183873 0.006076 0.023302
0 0.097092 0.182793 0.005816 0.022994
0 0.098785 0.181636 0.005903 0.022531
0 0.100608 0.180633 0.005556 0.022994
0 0.102300 0.179475 0.005642 0.022531
0 0.104167 0.178472 0.005382 0.022068
0 0.105946 0.177546 0.005122 0.022068
0 0.106207 0.177160 0.005122 0.022222
0 0.106727 0.176698 0.005122 0.022222
0 0.107205 0.176312 0.005208 0.022068
0 0.107422 0.175849 0.005122 0.022068
0 0.107943 0.175386 0.005122 0.022068
0 0.108464 0.174923 0.005122 0.022068
0 0.108637 0.174537 0.005122 0.022222
0 0.109158 0.174074 0.005122 0.022222
0 0.109679 0.173688 0.005122 0.022068
0 0.110113 0.173688 0.005122 0.022068
0 0.109852 0.173225 0.005122 0.022068
0 0.109852 0.172994 0.005122 0.021605
0 0.109679 0.172762 0.005122 0.022068
0 0.109679 0.172608 0.005122 0.021759
0 0.109418 0.172377 0.005122 0.022222
0 0.109418 0.172145 0.005122 0.021759
0 0.109158 0.171682 0.005122 0.021759
0 0.109158 0.171682 0.005122 0.021759
0 0.108898 0.171296 0.005122 0.021605
0 0.108898 0.171296 0.005122 0.021605
0 0.108898 0.171296 0.005122 0.021605
0 0.108898 0.171296 0.005122 0.021605
0 0.108898 0.171296 0.005122 0.021605
0 0.108898 0.171682 0.005122 0.021759
0 0.108898 0.171682 0.005122 0.021759
0 0.108898 0.171682 0.005122 0.021759
0 0.108898 0.172145 0.005122 0.021759
0 0.108898 0.172145 0.005122 0.021759
0 0.108898 0.172145 0.005122 0.021759
0 0.108898 0.172608 0.005122 0.021759
0 0.108464 0.172608 0.005122 0.021759
0 0.108203 0.172994 0.005122 0.021605
0 0.107943 0.173457 0.005122 0.021605
0 0.107682 0.173843 0.005122 0.021759
0 0.107422 0.174306 0.005122 0.021759
0 0.107205 0.174769 0.005208 0.021759
0 0.106988 0.175154 0.005122 0.021605
0 0.106727 0.175617 0.005122 0.021605
0 0.106467 0.176080 0.005122 0.021605
0 0.106207 0.176466 0.005122 0.021759
0 0.105773 0.176929 0.005122 0.021759
0 0.105252 0.177392 0.005122 0.021759
0 0.104731 0.177778 0.005122 0.021605
0 0.104297 0.178241 0.005122 0.021605
0 0.104036 0.179090 0.005122 0.021759
0 0.103516 0.179552 0.005122 0.021759
0 0.103082 0.179938 0.005122 0.021605
0 0.102561 0.180401 0.005122 0.021605
0 0.102040 0.180787 0.005122 0.021759
0 0.101866 0.181713 0.005122 0.021759
0 0.101606 0.182099 0.005122 0.021605
0 0.101345 0.183025 0.005122 0.021605
0 0.101085 0.183873 0.005122 0.021759
0 0.100825 0.184336 0.005122 0.021759
0 0.100825 0.185185 0.005122 0.021605
0 0.100651 0.186034 0.005122 0.021759
0 0.100391 0.186497 0.005122 0.021759
0 0.100130 0.187346 0.005122 0.021605
0 0.099870 0.188194 0.005122 0.021759
0 0.099870 0.189043 0.005122 0.021605
0 0.100825 0.189738 0.005122 0.022068
0 0.101953 0.190586 0.004948 0.022222
0 0.103082 0.191204 0.005122 0.022531
0 0.104167 0.192130 0.004861 0.022531
0 0.105382 0.192978 0.004861 0.022685
0 0.106337 0.193596 0.004861 0.022994
0 0.107465 0.194522 0.004687 0.022994
0 0.108550 0.195139 0.004948 0.023302
0 0.109635 0.195988 0.004687 0.023457
0 0.110851 0.197068 0.004687 0.023765
0 0.111111 0.197917 0.004687 0.023920
0 0.111458 0.199074 0.004861 0.023457
0 0.111849 0.200154 0.005122 0.023765
0 0.112240 0.201235 0.005382 0.023457
0 0.112587 0.202315 0.005556 0.023765
0 0.112804 0.203395 0.005642 0.023457
0 0.113194 0.204244 0.005903 0.023302
0 0.113542 0.205556 0.006076 0.023457
0 0.113932 0.206404 0.006337 0.023302
0 0.114280 0.207716 0.006510 0.023457
0 0.113411 0.209028 0.006337 0.023302
0 0.112587 0.210571 0.006076 0.023920
0 0.111849 0.212037 0.006163 0.024383
0 0.110981 0.213812 0.005816 0.024228
0 0.110243 0.215278 0.005903 0.024691
0 0.109418 0.216667 0.005642 0.024691
0 0.108550 0.218364 0.005295 0.024691
0 0.107812 0.219830 0.005382 0.025154
0 0.106988 0.221451 0.005122 0.025617
0 0.106207 0.223148 0.005122 0.025617
0 0.105512 0.225077 0.005122 0.025154
0 0.104731 0.227238 0.005122 0.025154
0 0.104036 0.229398 0.005122 0.025154
0 0.103299 0.231559 0.005208 0.025154
0 0.102561 0.233719 0.005122 0.025154
0 0.101866 0.235880 0.005122 0.025154
0 0.101085 0.238040 0.005122 0.025154
0 0.100391 0.240201 0.005122 0.025154
0 0.099609 0.242361 0.005122 0.025154
0 0.099045 0.244522 0.005382 0.025154
0 0.098177 0.247145 0.005556 0.025154
0 0.097309 0.249769 0.005903 0.025154
0 0.096571 0.252392 0.005816 0.025154
0 0.095747 0.255478 0.006076 0.025154
0 0.095009 0.258102 0.006163 0.025154
0 0.094141 0.260648 0.006337 0.025309
0 0.093316 0.263657 0.006597 0.025154
0 0.092535 0.266281 0.006597 0.025154
0 0.091710 0.268904 0.006858 0.025154
0 0.091102 0.271991 0.007031 0.025154
0 0.090104 0.275154 0.007118 0.025617
0 0.089149 0.278858 0.007118 0.025926
0 0.088281 0.282099 0.007292 0.026543
0 0.087326 0.285802 0.007292 0.026852
0 0.086458 0.289275 0.007639 0.027006
0 0.085460 0.292747 0.007552 0.027778
0 0.084505 0.296219 0.007552 0.027623
0 0.083681 0.299691 0.007812 0.028704
0 0.082639 0.303164 0.007812 0.028549
0 0.081814 0.306867 0.008073 0.029167
0 0.081814 0.306867 0.008073 0.029167
0 0.081814 0.306867 0.008073 0.029167
0 0.081814 0.306867 0.008073 0.029167
0 0.081814 0.306867 0.008073 0.029167
0 0.081814 0.306867 0.008073 0.029167
0 0.081814 0.306867 0.008073 0.029167
0 0.081814 0.306867 0.008073 0.029167
0 0.081814 0.306867 0.008073 0.029167
0 0.081814 0.306867 0.008073 0.029167
0 0.081814 0.307099 0.008073 0.028704
0 0.081814 0.307099 0.008073 0.028704
0 0.081814 0.307099 0.008073 0.028704
0 0.081814 0.307099 0.008073 0.028704
0 0.081814 0.307099 0.008073 0.028704
0 0.081814 0.307099 0.008073 0.028704
0 0.081814 0.307099 0.008073 0.028704
0 0.081814 0.307099 0.008073 0.028704
0 0.081814 0.307099 0.008073 0.028704
0 0.081814 0.307099 0.008073 0.028704
0 0.081814 0.307099 0.008073 0.028704
0 0.081814 0.307099 0.008073 0.028704
0 0.081814 0.307099 0.008073 0.028704
0 0.081814 0.307099 0.008073 0.028704
0 0.081814 0.307099 0.008073 0.028704
0 0.081814 0.307099 0.008073 0.028704
0 0.081814 0.307099 0.008073 0.028704
0 0.081814 0.307099 0.008073 0.028704
0 0.081814 0.307099 0.008073 0.028704
0 0.081814 0.307099 0.008073 0.028704
0 0.081814 0.307099 0.008073 0.028704
