0 0.129297 0.287269 0.011719 0.036883
0 0.127691 0.286728 0.011458 0.036420
0 0.126345 0.286265 0.011198 0.035494
0 0.124870 0.285571 0.011198 0.035031
0 0.123568 0.285417 0.011024 0.034722
0 0.122222 0.284954 0.010764 0.033796
0 0.120747 0.284259 0.010764 0.033333
0 0.119401 0.284105 0.010503 0.033025
0 0.117925 0.283410 0.010503 0.032562
0 0.116580 0.282948 0.010243 0.031636
0 0.115234 0.282793 0.009983 0.031327
0 0.115148 0.282562 0.009809 0.031790
0 0.115148 0.282407 0.009809 0.032099
0 0.115148 0.282330 0.009809 0.032870
0 0.115148 0.282330 0.009809 0.032870
0 0.115148 0.282330 0.009809 0.033796
0 0.115148 0.282099 0.009809 0.034259
0 0.115148 0.282099 0.009809 0.034259
0 0.115148 0.282099 0.009809 0.035185
0 0.115148 0.281867 0.009809 0.035648
0 0.115148 0.282099 0.009809 0.036111
0 0.114670 0.281250 0.009722 0.035957
0 0.114410 0.280787 0.009722 0.035957
0 0.114149 0.280401 0.009722 0.036111
0 0.113932 0.279938 0.009809 0.036111
0 0.113672 0.279552 0.009809 0.035957
0 0.113411 0.278627 0.009809 0.035957
0 0.113194 0.278241 0.009722 0.036111
0 0.112934 0.277778 0.009722 0.036111
0 0.112674 0.277392 0.009722 0.035957
0 0.112457 0.276929 0.009809 0.035957
0 0.112196 0.276235 0.009809 0.035494
0 0.112066 0.275849 0.009549 0.034722
0 0.111979 0.275386 0.009722 0.034722
0 0.111849 0.274923 0.009462 0.033796
0 0.111719 0.274537 0.009722 0.033951
0 0.111589 0.274074 0.009462 0.033025
0 0.111372 0.273380 0.009549 0.032562
0 0.111372 0.273225 0.009549 0.032253
0 0.111111 0.272608 0.009549 0.031636
0 0.111111 0.272377 0.009549 0.031173
0 0.110981 0.272608 0.009288 0.031636
0 0.110981 0.273071 0.009288 0.032562
0 0.110981 0.273225 0.009288 0.032870
0 0.110981 0.273688 0.009288 0.033796
0 0.110981 0.274306 0.009288 0.034414
0 0.110981 0.274460 0.009288 0.034722
0 0.110981 0.274923 0.009288 0.035648
0 0.110981 0.275154 0.009288 0.036111
0 0.110981 0.275540 0.009288 0.036883
0 0.110981 0.276235 0.009288 0.037346
0 0.110720 0.276466 0.009288 0.036883
0 0.110720 0.276929 0.009288 0.036883
0 0.110503 0.277160 0.009201 0.036420
0 0.110503 0.277623 0.009201 0.036420
0 0.110417 0.278009 0.009028 0.036574
0 0.110286 0.278241 0.009288 0.036111
0 0.110156 0.278627 0.009028 0.035957
0 0.110026 0.278858 0.009288 0.035494
0 0.109896 0.279321 0.009028 0.035494
0 0.109896 0.279938 0.009028 0.035185
0 0.109635 0.280170 0.009028 0.034722
0 0.109635 0.280401 0.009028 0.034259
0 0.109635 0.280864 0.009028 0.034259
0 0.109505 0.281019 0.008767 0.033951
0 0.109505 0.281481 0.008767 0.033951
0 0.109375 0.281713 0.009028 0.033488
0 0.109245 0.281944 0.008767 0.033025
0 0.109245 0.282330 0.008767 0.032870
0 0.109245 0.282562 0.008767 0.032407
0 0.109245 0.282948 0.008767 0.032562
0 0.108420 0.284336 0.009028 0.032562
0 0.107682 0.285802 0.009462 0.033025
0 0.106858 0.287346 0.009722 0.033333
0 0.106076 0.288812 0.010243 0.033796
0 0.105382 0.290586 0.010764 0.033951
0 0.104514 0.291898 0.010937 0.033796
0 0.103819 0.293364 0.011458 0.034259
0 0.102908 0.294985 0.011719 0.034722
0 0.102214 0.296451 0.012240 0.035185
0 0.101476 0.298148 0.012674 0.035185
0 0.100608 0.299074 0.012500 0.035185
0 0.099783 0.300309 0.012240 0.035185
0 0.099045 0.301466 0.012153 0.034722
0 0.098177 0.302469 0.011979 0.035185
0 0.097526 0.303858 0.011719 0.035185
0 0.096701 0.304861 0.011458 0.034722
0 0.095877 0.306019 0.011198 0.035185
0 0.095095 0.307022 0.011198 0.034722
0 0.094271 0.308410 0.010937 0.034722
0 0.093663 0.309645 0.010764 0.034722
0 0.093056 0.310725 0.010937 0.033488
0 0.092578 0.312114 0.011024 0.031636
0 0.092057 0.313194 0.011024 0.030401
0 0.091580 0.314429 0.010937 0.028549
0 0.091102 0.315972 0.011024 0.027315
0 0.090625 0.317052 0.010937 0.026080
0 0.090104 0.318364 0.010937 0.024383
0 0.089627 0.319367 0.011024 0.022994
0 0.089149 0.320679 0.010937 0.021296
0 0.088759 0.322299 0.011198 0.019907
0 0.088759 0.322299 0.011198 0.019907
0 0.088759 0.322299 0.011198 0.019907
0 0.088759 0.322299 0.011198 0.019907
0 0.088759 0.322299 0.011198 0.019907
0 0.088759 0.322299 0.011198 0.019907
0 0.088759 0.322299 0.011198 0.019907
0 0.088759 0.322299 0.011198 0.019907
0 0.088759 0.322299 0.011198 0.019907
0 0.088759 0.322299 0.011198 0.019907
0 0.088759 0.322299 0.011198 0.019907
0 0.088759 0.322299 0.011198 0.019907
0 0.088759 0.322299 0.011198 0.019907
0 0.088759 0.322299 0.011198 0.019907
0 0.088759 0.322299 0.011198 0.019907
0 0.088759 0.322299 0.011198 0.019907
0 0.088759 0.322299 0.011198 0.019907
0 0.088759 0.322299 0.011198 0.019907
0 0.088759 0.322299 0.011198 0.019907
0 0.088759 0.322299 0.011198 0.019907
0 0.088759 0.322299 0.011198 0.019907
0 0.088759 0.322299 0.011198 0.019907
0 0.088759 0.322299 0.011198 0.019907
0 0.088759 0.322299 0.011198 0.019907
0 0.088759 0.322299 0.011198 0.019907
0 0.088759 0.322299 0.011198 0.019907
0 0.088759 0.322299 0.011198 0.019907
0 0.088759 0.322299 0.011198 0.019907
0 0.088759 0.322299 0.011198 0.019907
0 0.088759 0.322299 0.011198 0.019907
0 0.088759 0.322299 0.011198 0.019907
0 0.088759 0.322299 0.011198 0.019907
0 0.088759 0.322299 0.011198 0.019907
0 0.088759 0.322299 0.011198 0.019907
0 0.088759 0.322299 0.011198 0.019907
0 0.088759 0.322299 0.011198 0.019907
0 0.088759 0.322299 0.011198 0.019907
0 0.088759 0.322299 0.011198 0.019907
0 0.088759 0.322299 0.011198 0.019907
0 0.088759 0.322299 0.011198 0.019907
0 0.088759 0.322299 0.011198 0.019907
0 0.088759 0.322299 0.011198 0.019907
0 0.088759 0.322299 0.011198 0.019907
0 0.088759 0.322299 0.011198 0.019907
0 0.088759 0.322299 0.011198 0.019907
0 0.088759 0.322299 0.011198 0.019907
0 0.088759 0.322299 0.011198 0.019907
0 0.088759 0.322299 0.011198 0.019907
0 0.088759 0.322299 0.011198 0.019907
0 0.088759 0.322299 0.011198 0.019907
0 0.088759 0.322299 0.011198 0.019907
0 0.088759 0.322299 0.011198 0.019907
0 0.088759 0.322299 0.011198 0.019907
0 0.088759 0.322299 0.011198 0.019907
0 0.088759 0.322299 0.011198 0.019907
0 0.088759 0.322299 0.011198 0.019907
0 0.088759 0.322299 0.011198 0.019907
0 0.088759 0.322299 0.011198 0.019907
0 0.088759 0.322299 0.011198 0.019907
0 0.088759 0.322299 0.011198 0.019907
0 0.088759 0.322299 0.011198 0.019907
0 0.088759 0.322299 0.011198 0.019907
0 0.088759 0.322299 0.011198 0.019907
0 0.088759 0.322299 0.011198 0.019907
0 0.088759 0.322299 0.011198 0.019907
0 0.088759 0.322299 0.011198 0.019907
0 0.088759 0.322299 0.011198 0.019907
0 0.088759 0.322299 0.011198 0.019907
0 0.088759 0.322299 0.011198 0.019907
0 0.088759 0.322299 0.011198 0.019907
0 0.088759 0.322299 0.011198 0.019907
0 0.088759 0.322299 0.011198 0.019907
0 0.088759 0.322299 0.011198 0.019907
0 0.088759 0.322299 0.011198 0.019907
0 0.088759 0.322299 0.011198 0.019907
0 0.088759 0.322299 0.011198 0.019907
0 0.088759 0.322299 0.011198 0.019907
0 0.088759 0.322299 0.011198 0.019907
0 0.088759 0.322299 0.011198 0.019907
0 0.088759 0.322299 0.011198 0.019907
0 0.088759 0.322299 0.011198 0.019907
