0 0.111979 0.267593 0.007292 0.025926
0 0.111372 0.266744 0.007118 0.026080
0 0.110851 0.266281 0.007118 0.026080
0 0.110373 0.265818 0.007031 0.026080
0 0.109896 0.265432 0.007118 0.025926
0 0.109418 0.264969 0.007031 0.025926
0 0.108898 0.264352 0.007031 0.025617
0 0.108420 0.263889 0.007118 0.025617
0 0.107943 0.263426 0.007031 0.025617
0 0.107465 0.263040 0.007118 0.025463
0 0.106944 0.262654 0.007118 0.025617
0 0.106467 0.261265 0.007031 0.025617
0 0.106120 0.260031 0.007378 0.025617
0 0.105729 0.258642 0.007118 0.025617
0 0.105382 0.257407 0.007292 0.025617
0 0.105122 0.256096 0.007292 0.025463
0 0.104644 0.254784 0.007378 0.025617
0 0.104297 0.253549 0.007552 0.025617
0 0.103906 0.252160 0.007292 0.025617
0 0.103516 0.250926 0.007552 0.025617
0 0.103299 0.250000 0.007639 0.025617
0 0.102951 0.248765 0.007292 0.025617
0 0.102691 0.247608 0.007292 0.025154
0 0.102431 0.246605 0.007292 0.025617
0 0.102083 0.245448 0.007118 0.025154
0 0.101823 0.244367 0.007118 0.025463
0 0.101606 0.243287 0.007031 0.025154
0 0.101215 0.242052 0.006771 0.025154
0 0.100998 0.241127 0.006858 0.025154
0 0.100738 0.239892 0.006858 0.025154
0 0.100608 0.238966 0.006597 0.025154
0 0.100347 0.238503 0.006597 0.025154
0 0.100130 0.238503 0.006510 0.025154
0 0.099913 0.238040 0.006597 0.025154
0 0.099913 0.238040 0.006597 0.025154
0 0.099653 0.237654 0.006597 0.025309
0 0.099392 0.237654 0.006597 0.025309
0 0.099392 0.237269 0.006597 0.025154
0 0.099132 0.237269 0.006597 0.025154
0 0.098872 0.236806 0.006597 0.025154
0 0.098872 0.236806 0.006597 0.025154
0 0.098872 0.236806 0.006597 0.025154
0 0.098872 0.236806 0.006597 0.025154
0 0.098872 0.236806 0.006597 0.025154
0 0.098872 0.236806 0.006597 0.025154
0 0.098872 0.236806 0.006597 0.025154
0 0.098872 0.236806 0.006597 0.025154
0 0.098872 0.236806 0.006597 0.025154
0 0.098872 0.236806 0.006597 0.025154
0 0.098872 0.236806 0.006597 0.025154
0 0.098872 0.236806 0.006597 0.025154
0 0.098872 0.236806 0.006597 0.025154
0 0.098872 0.236806 0.006597 0.025154
0 0.098872 0.236806 0.006597 0.025154
0 0.098872 0.236806 0.006597 0.025154
0 0.098872 0.236806 0.006597 0.025154
0 0.098872 0.236806 0.006597 0.025154
0 0.098872 0.236806 0.006597 0.025154
0 0.098872 0.236806 0.006597 0.025154
0 0.098872 0.236806 0.006597 0.025154
0 0.098872 0.236806 0.006597 0.025154
0 0.098872 0.236806 0.006597 0.025154
0 0.098872 0.236806 0.006597 0.025154
0 0.098872 0.236806 0.006597 0.025154
0 0.098872 0.236806 0.006597 0.025154
0 0.098872 0.236806 0.006597 0.025154
0 0.098872 0.236806 0.006597 0.025154
0 0.098872 0.236806 0.006597 0.025154
0 0.098872 0.236806 0.006597 0.025154
0 0.098872 0.236806 0.006597 0.025154
0 0.098872 0.236806 0.006597 0.025154
0 0.098872 0.236806 0.006597 0.025154
0 0.098872 0.236806 0.006597 0.025154
0 0.098872 0.236806 0.006597 0.025154
0 0.098872 0.236806 0.006597 0.025154
0 0.098872 0.236806 0.006597 0.025154
0 0.098872 0.236806 0.006597 0.025154
0 0.098872 0.236806 0.006597 0.025154
0 0.098872 0.236806 0.006597 0.025154
0 0.098872 0.236806 0.006597 0.025154
0 0.098872 0.236806 0.006597 0.025154
0 0.098872 0.236806 0.006597 0.025154
0 0.098872 0.236806 0.006597 0.025154
0 0.098872 0.236806 0.006597 0.025154
0 0.098872 0.236806 0.006597 0.025154
0 0.098872 0.236806 0.006597 0.025154
0 0.098872 0.236806 0.006597 0.025154
0 0.098872 0.236806 0.006597 0.025154
0 0.098872 0.236806 0.006597 0.025154
0 0.098872 0.236806 0.006597 0.025154
0 0.098872 0.236806 0.006597 0.025154
0 0.098872 0.236806 0.006597 0.025154
0 0.098872 0.236806 0.006597 0.025154
0 0.098872 0.236806 0.006597 0.025154
0 0.098872 0.236806 0.006597 0.025154
0 0.098872 0.236806 0.006597 0.025154
0 0.098872 0.236806 0.006597 0.025154
0 0.098872 0.236806 0.006597 0.025154
0 0.098872 0.236806 0.006597 0.025154
0 0.098872 0.236806 0.006597 0.025154
0 0.098872 0.236806 0.006597 0.025154
0 0.098872 0.236806 0.006597 0.025154
0 0.098872 0.236806 0.006597 0.025154
0 0.098872 0.236806 0.006597 0.025154
0 0.098872 0.236806 0.006597 0.025154
0 0.098872 0.236806 0.006597 0.025154
0 0.098872 0.236806 0.006597 0.025154
0 0.098872 0.236806 0.006597 0.025154
0 0.098872 0.236806 0.006597 0.025154
0 0.098872 0.236806 0.006597 0.025154
0 0.098872 0.236806 0.006597 0.025154
0 0.098872 0.236806 0.006597 0.025154
0 0.098872 0.236806 0.006597 0.025154
0 0.098872 0.236806 0.006597 0.025154
0 0.098872 0.236806 0.006597 0.025154
0 0.098872 0.236806 0.006597 0.025154
0 0.098872 0.236806 0.006597 0.025154
0 0.098872 0.236806 0.006597 0.025154
0 0.098872 0.236806 0.006597 0.025154
0 0.098872 0.236806 0.006597 0.025154
0 0.098872 0.236806 0.006597 0.025154
0 0.098872 0.236806 0.006597 0.025154
0 0.098872 0.236806 0.006597 0.025154
0 0.098872 0.236806 0.006597 0.025154
0 0.098872 0.236806 0.006597 0.025154
0 0.098872 0.236806 0.006597 0.025154
0 0.098872 0.236806 0.006597 0.025154
0 0.098872 0.236806 0.006597 0.025154
0 0.098872 0.236806 0.006597 0.025154
0 0.098872 0.236806 0.006597 0.025154
0 0.098872 0.236806 0.006597 0.025154
0 0.098872 0.236806 0.006597 0.025154
0 0.098872 0.236806 0.006597 0.025154
0 0.098872 0.236806 0.006597 0.025154
0 0.098872 0.236806 0.006597 0.025154
0 0.098872 0.236806 0.006597 0.025154
0 0.098872 0.236806 0.006597 0.025154
0 0.098872 0.236806 0.006597 0.025154
0 0.098872 0.236806 0.006597 0.025154
0 0.098872 0.236806 0.006597 0.025154
0 0.098872 0.236806 0.006597 0.025154
0 0.098872 0.236806 0.006597 0.025154
0 0.098872 0.236806 0.006597 0.025154
0 0.098872 0.236806 0.006597 0.025154
0 0.098872 0.236806 0.006597 0.025154
0 0.098872 0.236806 0.006597 0.025154
0 0.098872 0.236806 0.006597 0.025154
0 0.098872 0.236806 0.006597 0.025154
0 0.098872 0.236806 0.006597 0.025154
0 0.098872 0.236806 0.006597 0.025154
0 0.098872 0.236806 0.006597 0.025154
0 0.098872 0.236806 0.006597 0.025154
0 0.098872 0.236806 0.006597 0.025154
0 0.098872 0.236806 0.006597 0.025154
0 0.098872 0.236806 0.006597 0.025154
0 0.098872 0.236806 0.006597 0.025154
0 0.098872 0.236806 0.006597 0.025154
0 0.098872 0.236806 0.006597 0.025154
0 0.098872 0.236806 0.006597 0.025154
0 0.098872 0.236806 0.006597 0.025154
0 0.098872 0.236806 0.006597 0.025154
0 0.098872 0.236806 0.006597 0.025154
0 0.098872 0.236806 0.006597 0.025154
0 0.098872 0.236806 0.006597 0.025154
0 0.098872 0.236806 0.006597 0.025154
0 0.098872 0.236806 0.006597 0.025154
0 0.098872 0.236806 0.006597 0.025154
0 0.098872 0.236806 0.006597 0.025154
0 0.098872 0.236806 0.006597 0.025154
0 0.098872 0.236806 0.006597 0.025154
0 0.098872 0.236806 0.006597 0.025154
0 0.098872 0.236806 0.006597 0.025154
0 0.098872 0.236806 0.006597 0.025154
0 0.098872 0.236806 0.006597 0.025154
0 0.098872 0.236806 0.006597 0.025154
0 0.098872 0.236806 0.006597 0.025154
0 0.098872 0.236806 0.006597 0.025154
0 0.098872 0.236806 0.006597 0.025154
0 0.098872 0.236806 0.006597 0.025154
0 0.098872 0.236806 0.006597 0.025154
0 0.098872 0.236806 0.006597 0.025154
