0 0.273351 0.221219 0.009028 0.030401
0 0.273611 0.221451 0.009028 0.029938
0 0.273872 0.221991 0.009028 0.029475
0 0.274262 0.222685 0.009288 0.029012
0 0.274479 0.223302 0.009201 0.028704
0 0.274957 0.223997 0.009288 0.028241
0 0.275217 0.224460 0.009288 0.028241
0 0.275477 0.225077 0.009288 0.027623
0 0.275825 0.225694 0.009462 0.027315
0 0.276042 0.226389 0.009549 0.026852
0 0.276562 0.227006 0.009549 0.026543
0 0.276823 0.227006 0.009549 0.026543
0 0.277300 0.227006 0.009462 0.026543
0 0.277648 0.227238 0.009288 0.027006
0 0.278038 0.227238 0.009549 0.027006
0 0.278516 0.227623 0.009462 0.026852
0 0.278863 0.227623 0.009288 0.026852
0 0.279253 0.227623 0.009549 0.026852
0 0.279601 0.227855 0.009201 0.027315
0 0.280078 0.227855 0.009288 0.027315
0 0.280599 0.228318 0.009288 0.027315
0 0.280859 0.228781 0.009288 0.027315
0 0.281293 0.229630 0.009288 0.027469
0 0.281814 0.230247 0.009288 0.026852
0 0.282075 0.231173 0.009288 0.026852
0 0.282509 0.232022 0.009288 0.027006
0 0.283030 0.232407 0.009288 0.026852
0 0.283290 0.233333 0.009288 0.026852
0 0.283724 0.233951 0.009288 0.026543
0 0.284245 0.234799 0.009288 0.026389
0 0.284722 0.235725 0.009201 0.026389
0 0.285069 0.236343 0.009549 0.027006
0 0.285590 0.237423 0.009549 0.027315
0 0.286068 0.238580 0.009462 0.027778
0 0.286675 0.239120 0.009809 0.028241
0 0.287153 0.240278 0.009722 0.028704
0 0.287543 0.241358 0.009983 0.029012
0 0.288108 0.242052 0.010243 0.029475
0 0.288628 0.243056 0.010243 0.029938
0 0.289149 0.244213 0.010243 0.030401
0 0.289714 0.245216 0.010503 0.030864
0 0.290234 0.246142 0.010503 0.030864
0 0.290712 0.246991 0.010417 0.030710
0 0.291189 0.247840 0.010503 0.030864
0 0.291710 0.249151 0.010503 0.030710
0 0.292144 0.250000 0.010503 0.030864
0 0.292665 0.250926 0.010503 0.030864
0 0.293186 0.252160 0.010503 0.030864
0 0.293620 0.253086 0.010503 0.030864
0 0.294141 0.253935 0.010503 0.030710
0 0.294575 0.255247 0.010503 0.030864
0 0.294835 0.256327 0.010503 0.031173
0 0.295095 0.257407 0.010503 0.031790
0 0.295356 0.258719 0.010503 0.031636
0 0.295616 0.259954 0.010503 0.032562
0 0.295833 0.261343 0.010417 0.032562
0 0.296050 0.262346 0.010503 0.033025
0 0.296311 0.263657 0.010503 0.033796
0 0.296571 0.264969 0.010503 0.033951
0 0.296832 0.266049 0.010503 0.034259
0 0.297266 0.267593 0.010503 0.034568
0 0.297786 0.269136 0.010503 0.034259
0 0.298394 0.271065 0.010677 0.033796
0 0.299002 0.272994 0.011024 0.033333
0 0.299740 0.274769 0.010937 0.032562
0 0.300347 0.276698 0.011285 0.032099
0 0.300825 0.278395 0.011198 0.032099
0 0.301562 0.280170 0.011285 0.031327
0 0.302170 0.282099 0.011458 0.030864
0 0.302821 0.284028 0.011719 0.030401
0 0.303516 0.285957 0.011719 0.029938
0 0.304036 0.288194 0.011719 0.029784
0 0.304731 0.290432 0.011719 0.029938
0 0.305469 0.292593 0.011632 0.029938
0 0.306207 0.294753 0.011719 0.029938
0 0.306901 0.296914 0.011719 0.029938
0 0.307422 0.299074 0.011719 0.029938
0 0.308116 0.301235 0.011719 0.029938
0 0.308898 0.303395 0.011719 0.029938
0 0.309592 0.305556 0.011719 0.029938
0 0.310373 0.307716 0.011719 0.029938
0 0.311068 0.309259 0.011719 0.028704
0 0.311849 0.310957 0.011719 0.026852
0 0.312543 0.312500 0.011719 0.025617
0 0.313281 0.314198 0.011632 0.023765
0 0.314019 0.315972 0.011719 0.022068
0 0.314714 0.317515 0.011719 0.020833
0 0.315495 0.319213 0.011719 0.018981
0 0.316189 0.320756 0.011719 0.017747
0 0.316970 0.322531 0.011719 0.016049
0 0.317665 0.324151 0.011719 0.014352
0 0.317665 0.324151 0.011719 0.014352
0 0.317665 0.324151 0.011719 0.014352
0 0.317665 0.324151 0.011719 0.014352
0 0.317665 0.324151 0.011719 0.014352
0 0.317665 0.324151 0.011719 0.014352
0 0.317665 0.324151 0.011719 0.014352
0 0.317665 0.324151 0.011719 0.014352
0 0.317665 0.324151 0.011719 0.014352
0 0.317665 0.324151 0.011719 0.014352
0 0.317665 0.324151 0.011719 0.014352
0 0.317665 0.324151 0.011719 0.014352
0 0.317665 0.324151 0.011719 0.014352
0 0.317665 0.324151 0.011719 0.014352
0 0.317665 0.324151 0.011719 0.014352
0 0.317665 0.324151 0.011719 0.014352
0 0.317665 0.324151 0.011719 0.014352
0 0.317665 0.324151 0.011719 0.014352
0 0.317665 0.324151 0.011719 0.014352
0 0.317665 0.324151 0.011719 0.014352
0 0.317665 0.324151 0.011719 0.014352
0 0.317665 0.324151 0.011719 0.014352
0 0.317665 0.324151 0.011719 0.014352
0 0.317665 0.324151 0.011719 0.014352
0 0.317665 0.324151 0.011719 0.014352
0 0.317665 0.324151 0.011719 0.014352
0 0.317665 0.324151 0.011719 0.014352
0 0.317665 0.324151 0.011719 0.014352
0 0.317665 0.324151 0.011719 0.014352
0 0.317665 0.324151 0.011719 0.014352
0 0.317665 0.324151 0.011719 0.014352
0 0.317665 0.324151 0.011719 0.014352
0 0.317665 0.324151 0.011719 0.014352
0 0.317665 0.324151 0.011719 0.014352
0 0.317665 0.324151 0.011719 0.014352
0 0.317665 0.324151 0.011719 0.014352
0 0.317665 0.324151 0.011719 0.014352
0 0.317665 0.324151 0.011719 0.014352
0 0.317665 0.324151 0.011719 0.014352
0 0.317665 0.324151 0.011719 0.014352
0 0.317665 0.324151 0.011719 0.014352
0 0.317665 0.324151 0.011719 0.014352
0 0.317665 0.324151 0.011719 0.014352
0 0.317665 0.324151 0.011719 0.014352
0 0.317665 0.324151 0.011719 0.014352
0 0.317665 0.324151 0.011719 0.014352
0 0.317665 0.324151 0.011719 0.014352
0 0.317665 0.324151 0.011719 0.014352
0 0.317665 0.324151 0.011719 0.014352
0 0.317665 0.324151 0.011719 0.014352
0 0.317665 0.324151 0.011719 0.014352
0 0.317665 0.324151 0.011719 0.014352
0 0.317665 0.324151 0.011719 0.014352
0 0.317665 0.324151 0.011719 0.014352
0 0.317665 0.324151 0.011719 0.014352
0 0.317665 0.324151 0.011719 0.014352
0 0.317665 0.324151 0.011719 0.014352
0 0.317665 0.324151 0.011719 0.014352
0 0.317665 0.324151 0.011719 0.014352
0 0.317665 0.324151 0.011719 0.014352
0 0.317665 0.324151 0.011719 0.014352
0 0.317665 0.324151 0.011719 0.014352
0 0.317665 0.324151 0.011719 0.014352
0 0.317665 0.324151 0.011719 0.014352
0 0.317665 0.324151 0.011719 0.014352
0 0.317665 0.324151 0.011719 0.014352
0 0.317665 0.324151 0.011719 0.014352
0 0.317665 0.324151 0.011719 0.014352
0 0.317665 0.324151 0.011719 0.014352
0 0.317665 0.324151 0.011719 0.014352
0 0.317665 0.324151 0.011719 0.014352
0 0.317665 0.324151 0.011719 0.014352
0 0.317665 0.324151 0.011719 0.014352
0 0.317665 0.324151 0.011719 0.014352
0 0.317665 0.324151 0.011719 0.014352
0 0.317665 0.324151 0.011719 0.014352
0 0.317665 0.324151 0.011719 0.014352
0 0.317665 0.324151 0.011719 0.014352
0 0.317665 0.324151 0.011719 0.014352
0 0.317665 0.324151 0.011719 0.014352
0 0.317665 0.324151 0.011719 0.014352
0 0.317665 0.324151 0.011719 0.014352
0 0.317665 0.324151 0.011719 0.014352
0 0.317665 0.324151 0.011719 0.014352
0 0.317665 0.324151 0.011719 0.014352
0 0.317665 0.324151 0.011719 0.014352
0 0.317665 0.324151 0.011719 0.014352
0 0.317665 0.324151 0.011719 0.014352
0 0.317665 0.324151 0.011719 0.014352
0 0.317665 0.324151 0.011719 0.014352
0 0.317665 0.324151 0.011719 0.014352
