0 0.330512 0.235957 0.005122 0.022531
0 0.330512 0.235957 0.005122 0.022531
0 0.330512 0.235957 0.005122 0.022531
0 0.330512 0.235957 0.005122 0.022531
0 0.330512 0.235957 0.005122 0.022531
0 0.330512 0.235957 0.005122 0.022531
0 0.330512 0.235957 0.005122 0.022531
0 0.330512 0.235957 0.005122 0.022531
0 0.330512 0.235957 0.005122 0.022531
0 0.330512 0.235957 0.005122 0.022531
0 0.330512 0.235957 0.005122 0.022531
0 0.330512 0.235957 0.005122 0.022531
0 0.330512 0.235957 0.005122 0.022531
0 0.330512 0.235957 0.005122 0.022531
0 0.330512 0.235957 0.005122 0.022531
0 0.330512 0.235957 0.005122 0.022531
0 0.330512 0.235957 0.005122 0.022531
0 0.330512 0.235957 0.005122 0.022531
0 0.330512 0.235957 0.005122 0.022531
0 0.330512 0.235957 0.005122 0.022531
0 0.330512 0.235957 0.005122 0.022531
0 0.330512 0.235957 0.005122 0.022531
0 0.330512 0.235957 0.005122 0.022531
0 0.330512 0.235957 0.005122 0.022531
0 0.330512 0.235957 0.005122 0.022531
0 0.330512 0.235957 0.005122 0.022531
0 0.330512 0.235957 0.005122 0.022531
0 0.330512 0.235957 0.005122 0.022531
0 0.330512 0.235957 0.005122 0.022531
0 0.330512 0.235957 0.005122 0.022531
0 0.330512 0.235957 0.005122 0.022531
0 0.330512 0.235957 0.005122 0.022531
0 0.330512 0.235957 0.005122 0.022531
0 0.330512 0.235957 0.005122 0.022531
0 0.330512 0.235957 0.005122 0.022531
0 0.330512 0.235957 0.005122 0.022531
0 0.330512 0.235957 0.005122 0.022531
0 0.330512 0.235957 0.005122 0.022531
0 0.330512 0.235957 0.005122 0.022531
0 0.330512 0.235957 0.005122 0.022531
0 0.330512 0.235957 0.005122 0.022531
0 0.330512 0.235957 0.005122 0.022531
0 0.330512 0.235957 0.005122 0.022531
0 0.330512 0.235957 0.005122 0.022531
0 0.330512 0.235957 0.005122 0.022531
0 0.330512 0.235957 0.005122 0.022531
0 0.330512 0.235957 0.005122 0.022531
0 0.330512 0.235957 0.005122 0.022531
0 0.330512 0.235957 0.005122 0.022531
0 0.330512 0.235957 0.005122 0.022531
0 0.330512 0.235957 0.005122 0.022531
0 0.330512 0.235957 0.005122 0.022531
0 0.330512 0.235957 0.005122 0.022531
0 0.330512 0.235957 0.005122 0.022531
0 0.330512 0.235957 0.005122 0.022531
0 0.330512 0.235957 0.005122 0.022531
0 0.330512 0.235957 0.005122 0.022531
0 0.330512 0.235957 0.005122 0.022531
0 0.330512 0.235957 0.005122 0.022531
0 0.330512 0.235957 0.005122 0.022531
0 0.330512 0.235957 0.005122 0.022531
0 0.330512 0.235957 0.005122 0.022531
0 0.330512 0.235957 0.005122 0.022531
0 0.330512 0.235957 0.005122 0.022531
0 0.330512 0.235957 0.005122 0.022531
0 0.330512 0.235957 0.005122 0.022531
0 0.330512 0.235957 0.005122 0.022531
0 0.330512 0.235957 0.005122 0.022531
0 0.330512 0.235957 0.005122 0.022531
0 0.330512 0.235957 0.005122 0.022531
0 0.330512 0.235957 0.005122 0.022531
0 0.330512 0.235957 0.005122 0.022531
0 0.330512 0.235957 0.005122 0.022531
0 0.330512 0.235957 0.005122 0.022531
0 0.330512 0.235957 0.005122 0.022531
0 0.330512 0.235957 0.005122 0.022531
0 0.330512 0.235957 0.005122 0.022531
0 0.330512 0.235957 0.005122 0.022531
0 0.330512 0.235957 0.005122 0.022531
0 0.330512 0.235957 0.005122 0.022531
0 0.330512 0.235957 0.005122 0.022531
0 0.330599 0.240741 0.004948 0.022531
0 0.330729 0.245833 0.004687 0.022531
0 0.330859 0.250617 0.004427 0.022531
0 0.330990 0.255864 0.004167 0.022531
0 0.331120 0.261111 0.003906 0.022531
0 0.331250 0.265895 0.003646 0.022531
0 0.331337 0.271065 0.003472 0.022685
0 0.331467 0.275772 0.003212 0.022531
0 0.331597 0.281019 0.002951 0.022531
0 0.331858 0.286265 0.002951 0.022531
0 0.330339 0.273611 0.003906 0.022531
0 0.329036 0.261574 0.004601 0.022531
0 0.327561 0.249151 0.005642 0.022994
0 0.326215 0.236960 0.006424 0.022994
0 0.324870 0.224691 0.007031 0.023457
0 0.323394 0.212500 0.008073 0.023457
0 0.322092 0.200154 0.008767 0.023765
0 0.320616 0.187963 0.009809 0.023765
0 0.319227 0.175617 0.010503 0.024383
0 0.317925 0.163503 0.011198 0.024228
0 0.317187 0.160417 0.011285 0.024228
0 0.316710 0.157562 0.011198 0.024691
0 0.316059 0.154630 0.011458 0.024691
0 0.315625 0.151775 0.011458 0.025154
0 0.314974 0.148920 0.011719 0.025617
0 0.314410 0.145910 0.011458 0.025463
0 0.313759 0.143133 0.011719 0.026080
0 0.313281 0.140046 0.011632 0.026080
0 0.312674 0.137191 0.011979 0.026543
0 0.312153 0.134645 0.011979 0.026389
0 0.311719 0.133333 0.011979 0.026543
0 0.311198 0.132485 0.011979 0.026389
0 0.310937 0.131559 0.011979 0.026389
0 0.310503 0.130710 0.011979 0.026543
0 0.310243 0.129861 0.011979 0.026389
0 0.309722 0.129012 0.011979 0.026543
0 0.309245 0.128086 0.011892 0.026543
0 0.309028 0.127238 0.011979 0.026389
0 0.308507 0.126389 0.011979 0.026543
0 0.308247 0.125540 0.011979 0.026389
0 0.308030 0.125077 0.011892 0.026389
0 0.308030 0.125077 0.011892 0.026389
0 0.307812 0.124614 0.011979 0.026389
0 0.307812 0.124614 0.011979 0.026389
0 0.307552 0.124614 0.011979 0.026389
0 0.307552 0.124228 0.011979 0.026543
0 0.307292 0.124228 0.011979 0.026543
0 0.307292 0.123765 0.011979 0.026543
0 0.307031 0.123765 0.011979 0.026543
0 0.307031 0.123765 0.011979 0.026543
0 0.306814 0.123765 0.011892 0.026543
0 0.306814 0.124228 0.011892 0.026543
0 0.306814 0.124614 0.011892 0.026389
0 0.306814 0.124614 0.011892 0.026389
0 0.306814 0.125077 0.011892 0.026389
0 0.306814 0.125540 0.011892 0.026389
0 0.306814 0.125540 0.011892 0.026389
0 0.306814 0.125926 0.011892 0.026543
0 0.306814 0.126389 0.011892 0.026543
0 0.306814 0.126775 0.011892 0.026389
0 0.307031 0.136343 0.011979 0.026389
0 0.307292 0.145910 0.011979 0.026389
0 0.307552 0.155478 0.011979 0.026389
0 0.307812 0.164969 0.011979 0.026543
0 0.308030 0.174537 0.011892 0.026543
0 0.308247 0.184105 0.011979 0.026543
0 0.308507 0.193596 0.011979 0.026389
0 0.308767 0.203164 0.011979 0.026389
0 0.309028 0.212731 0.011979 0.026389
0 0.309505 0.222222 0.011892 0.026543
0 0.309592 0.222685 0.011719 0.026543
0 0.309852 0.223148 0.011719 0.026543
0 0.310113 0.223534 0.011719 0.026389
0 0.310503 0.224228 0.011458 0.026852
0 0.310720 0.224691 0.011545 0.026852
0 0.310851 0.225077 0.011285 0.027006
0 0.311198 0.225694 0.010937 0.027315
0 0.311458 0.226157 0.010937 0.027315
0 0.311675 0.226620 0.011024 0.027315
0 0.312066 0.227238 0.010764 0.027623
0 0.312066 0.227392 0.010764 0.027315
0 0.312066 0.227623 0.010764 0.026852
0 0.312066 0.228086 0.010764 0.026852
0 0.312066 0.228318 0.010764 0.026389
0 0.312196 0.228781 0.010503 0.026389
0 0.312196 0.228935 0.010503 0.026080
0 0.312196 0.229167 0.010503 0.025617
0 0.312196 0.229630 0.010503 0.025617
0 0.312196 0.229861 0.010503 0.025154
0 0.312457 0.230478 0.010503 0.024846
0 0.311936 0.230710 0.010503 0.025309
0 0.311675 0.231096 0.010503 0.025154
0 0.311328 0.231790 0.010677 0.025617
0 0.311111 0.232253 0.010764 0.025617
0 0.310851 0.232716 0.010764 0.025617
0 0.310330 0.233333 0.010764 0.025926
0 0.310113 0.233719 0.010677 0.026080
0 0.309852 0.234182 0.010677 0.026080
0 0.309505 0.234799 0.011024 0.026389
0 0.309245 0.235262 0.011024 0.026389
