0 0.002257 0.075849 0.004167 0.024228
0 0.002257 0.075849 0.004167 0.024228
0 0.002257 0.075849 0.004167 0.024228
0 0.002257 0.075849 0.004167 0.024228
0 0.002257 0.075849 0.004167 0.024228
0 0.002257 0.075849 0.004167 0.024228
0 0.002257 0.075849 0.004167 0.024228
0 0.002257 0.075849 0.004167 0.024228
0 0.002257 0.075849 0.004167 0.024228
0 0.002257 0.075849 0.004167 0.024228
0 0.002257 0.076312 0.004167 0.024228
0 0.002257 0.076312 0.004167 0.024228
0 0.002257 0.076312 0.004167 0.024228
0 0.002257 0.076312 0.004167 0.024228
0 0.002257 0.076312 0.004167 0.024228
0 0.002257 0.076312 0.004167 0.024228
0 0.002257 0.076312 0.004167 0.024228
0 0.002257 0.076312 0.004167 0.024228
0 0.002257 0.076312 0.004167 0.024228
0 0.002257 0.076312 0.004167 0.024228
0 0.002257 0.076312 0.004167 0.024228
0 0.002257 0.076312 0.004167 0.024228
0 0.002257 0.076312 0.004167 0.024228
0 0.002257 0.076312 0.004167 0.024228
0 0.002257 0.076312 0.004167 0.024228
0 0.002257 0.076312 0.004167 0.024228
0 0.002257 0.076312 0.004167 0.024228
0 0.002257 0.076312 0.004167 0.024228
0 0.002257 0.076312 0.004167 0.024228
0 0.002257 0.076312 0.004167 0.024228
0 0.002257 0.076312 0.004167 0.024228
0 0.002257 0.076312 0.004167 0.024228
0 0.002257 0.076312 0.004167 0.024228
0 0.002257 0.076312 0.004167 0.024228
0 0.002257 0.076312 0.004167 0.024228
0 0.002257 0.076312 0.004167 0.024228
0 0.002257 0.076312 0.004167 0.024228
0 0.002257 0.076312 0.004167 0.024228
0 0.002257 0.076312 0.004167 0.024228
0 0.002257 0.076312 0.004167 0.024228
0 0.002257 0.076312 0.004167 0.024228
0 0.002040 0.077623 0.004080 0.022531
0 0.002040 0.078935 0.004080 0.020833
0 0.002040 0.080170 0.004080 0.018981
0 0.001910 0.081713 0.003819 0.017747
0 0.001910 0.083025 0.003819 0.016049
0 0.001910 0.084336 0.003819 0.014352
0 0.001823 0.085802 0.003646 0.012963
0 0.001823 0.087114 0.003646 0.011265
0 0.001823 0.088426 0.003646 0.009568
0 0.001823 0.089969 0.003646 0.008333
0 0.001693 0.089506 0.003385 0.009259
0 0.001693 0.089120 0.003385 0.010031
0 0.001562 0.088889 0.003125 0.010494
0 0.001562 0.088426 0.003125 0.011420
0 0.001432 0.088272 0.002865 0.011728
0 0.001432 0.087809 0.002865 0.012654
0 0.001302 0.087346 0.002604 0.013580
0 0.001302 0.087191 0.002604 0.013889
0 0.001215 0.086728 0.002431 0.014815
0 0.001215 0.086497 0.002431 0.015278
0 0.001302 0.086265 0.002604 0.015741
0 0.001432 0.086111 0.002865 0.016049
0 0.001562 0.086111 0.003125 0.016049
0 0.001823 0.085880 0.003646 0.016512
0 0.001997 0.085880 0.003646 0.016512
0 0.002127 0.085648 0.003906 0.016975
0 0.002387 0.085417 0.004427 0.017438
0 0.002517 0.085417 0.004687 0.017438
0 0.002648 0.085185 0.004948 0.017901
0 0.002995 0.085340 0.005122 0.018210
0 0.002865 0.084568 0.005382 0.019136
0 0.002995 0.084105 0.005642 0.020062
0 0.002995 0.083488 0.005642 0.021296
0 0.003125 0.083025 0.005903 0.022222
0 0.003255 0.082639 0.006163 0.022994
0 0.003168 0.081713 0.006337 0.023920
0 0.003255 0.081250 0.006510 0.024846
0 0.003255 0.080633 0.006510 0.026080
0 0.003385 0.080170 0.006771 0.027006
0 0.003516 0.079784 0.007031 0.027778
0 0.003385 0.079784 0.006771 0.027778
0 0.003385 0.079784 0.006771 0.027778
0 0.003385 0.079784 0.006771 0.027778
0 0.003385 0.079784 0.006771 0.027778
0 0.003385 0.080015 0.006771 0.027315
0 0.003255 0.080015 0.006510 0.027315
0 0.003255 0.080015 0.006510 0.027315
0 0.003255 0.080015 0.006510 0.027315
0 0.003255 0.080015 0.006510 0.027315
0 0.003255 0.080170 0.006510 0.027006
0 0.003168 0.080633 0.006337 0.026080
0 0.003038 0.081096 0.006076 0.025154
0 0.002908 0.081481 0.005816 0.024383
0 0.002778 0.082407 0.005556 0.023457
0 0.002648 0.082793 0.005295 0.022685
0 0.002561 0.083256 0.005122 0.021759
0 0.002431 0.084028 0.004861 0.020833
0 0.002300 0.084491 0.004601 0.019907
0 0.002170 0.084954 0.004340 0.018981
0 0.002040 0.085802 0.004080 0.018210
0 0.001910 0.085571 0.003819 0.017747
0 0.001823 0.085571 0.003646 0.017747
0 0.001693 0.085571 0.003385 0.017747
0 0.001693 0.085802 0.003385 0.017284
0 0.001562 0.085802 0.003125 0.017284
0 0.001432 0.085802 0.002865 0.017284
0 0.001432 0.086034 0.002865 0.016821
0 0.001302 0.086034 0.002604 0.016821
0 0.001215 0.086034 0.002431 0.016821
0 0.001215 0.086265 0.002431 0.016358
0 0.001215 0.086265 0.002431 0.016358
0 0.001215 0.086265 0.002431 0.016358
0 0.001215 0.086265 0.002431 0.016358
0 0.001215 0.086265 0.002431 0.016358
0 0.001215 0.086265 0.002431 0.016358
0 0.001215 0.086265 0.002431 0.016358
0 0.001215 0.086265 0.002431 0.016358
0 0.001215 0.086265 0.002431 0.016358
0 0.001215 0.086265 0.002431 0.016358
0 0.001215 0.086265 0.002431 0.016358
0 0.001215 0.086265 0.002431 0.016358
0 0.001215 0.086265 0.002431 0.016358
0 0.001215 0.086265 0.002431 0.016358
0 0.001215 0.086265 0.002431 0.016358
0 0.001215 0.086265 0.002431 0.016358
0 0.001215 0.086265 0.002431 0.016358
0 0.001215 0.086265 0.002431 0.016358
0 0.001215 0.086265 0.002431 0.016358
0 0.001215 0.086265 0.002431 0.016358
0 0.001215 0.086265 0.002431 0.016358
0 0.001215 0.086265 0.002431 0.016358
0 0.001215 0.086265 0.002431 0.016358
0 0.001215 0.086265 0.002431 0.016358
0 0.001215 0.086265 0.002431 0.016358
0 0.001215 0.086265 0.002431 0.016358
0 0.001215 0.086265 0.002431 0.016358
0 0.001215 0.086265 0.002431 0.016358
0 0.001215 0.086265 0.002431 0.016358
0 0.001215 0.086265 0.002431 0.016358
0 0.001215 0.086265 0.002431 0.016358
0 0.001215 0.086265 0.002431 0.016358
0 0.001215 0.086265 0.002431 0.016358
0 0.001215 0.086265 0.002431 0.016358
0 0.001215 0.086265 0.002431 0.016358
0 0.001215 0.086265 0.002431 0.016358
0 0.001215 0.086265 0.002431 0.016358
0 0.001215 0.086265 0.002431 0.016358
0 0.001215 0.086265 0.002431 0.016358
0 0.001215 0.086265 0.002431 0.016358
0 0.001215 0.086265 0.002431 0.016358
0 0.001215 0.086265 0.002431 0.016358
0 0.001215 0.086265 0.002431 0.016358
0 0.001215 0.086265 0.002431 0.016358
0 0.001215 0.086265 0.002431 0.016358
0 0.001215 0.086265 0.002431 0.016358
0 0.001215 0.086265 0.002431 0.016358
0 0.001215 0.086265 0.002431 0.016358
0 0.001215 0.086265 0.002431 0.016358
0 0.001215 0.086265 0.002431 0.016358
0 0.001215 0.086265 0.002431 0.016358
0 0.001215 0.086265 0.002431 0.016358
0 0.001215 0.086265 0.002431 0.016358
0 0.001215 0.086265 0.002431 0.016358
0 0.001215 0.086265 0.002431 0.016358
0 0.001215 0.086265 0.002431 0.016358
0 0.001215 0.086265 0.002431 0.016358
0 0.001215 0.086265 0.002431 0.016358
0 0.001215 0.086265 0.002431 0.016358
0 0.001215 0.086265 0.002431 0.016358
0 0.001215 0.086265 0.002431 0.016358
0 0.001215 0.086265 0.002431 0.016358
0 0.001215 0.086265 0.002431 0.016358
0 0.001215 0.086265 0.002431 0.016358
0 0.001215 0.086265 0.002431 0.016358
0 0.001215 0.086265 0.002431 0.016358
0 0.001215 0.086265 0.002431 0.016358
0 0.001215 0.086265 0.002431 0.016358
0 0.001215 0.086265 0.002431 0.016358
0 0.001215 0.086265 0.002431 0.016358
0 0.001215 0.086265 0.002431 0.016358
