0 0.274740 0.040509 0.002951 0.015278
0 0.274740 0.040509 0.002951 0.015278
0 0.275000 0.040509 0.002951 0.015278
0 0.275217 0.040509 0.002865 0.015278
0 0.275217 0.040509 0.002865 0.015278
0 0.275434 0.040509 0.002951 0.015278
0 0.275694 0.040509 0.002951 0.015278
0 0.275694 0.040509 0.002951 0.015278
0 0.275955 0.040509 0.002951 0.015278
0 0.276215 0.040509 0.002951 0.015278
0 0.276432 0.040509 0.002865 0.015278
0 0.276432 0.040509 0.002865 0.015278
0 0.276432 0.040509 0.002865 0.015278
0 0.276432 0.040509 0.002865 0.015278
0 0.276432 0.040509 0.002865 0.015278
0 0.276432 0.040509 0.002865 0.015278
0 0.276432 0.040509 0.002865 0.015278
0 0.276432 0.040509 0.002865 0.015278
0 0.276432 0.040509 0.002865 0.015278
0 0.276432 0.040509 0.002865 0.015278
0 0.276432 0.040509 0.002865 0.015278
0 0.276432 0.040509 0.002865 0.015278
0 0.276432 0.040509 0.002865 0.015278
0 0.276432 0.040509 0.002865 0.015278
0 0.276432 0.040509 0.002865 0.015278
0 0.276432 0.040509 0.002865 0.015278
0 0.276432 0.040509 0.002865 0.015278
0 0.276432 0.040509 0.002865 0.015278
0 0.276432 0.040509 0.002865 0.015278
0 0.276432 0.040509 0.002865 0.015278
0 0.276432 0.040509 0.002865 0.015278
0 0.276432 0.040509 0.002865 0.015278
0 0.276432 0.040509 0.002865 0.015278
0 0.276432 0.040509 0.002865 0.015278
0 0.276432 0.040509 0.002865 0.015278
0 0.276432 0.040509 0.002865 0.015278
0 0.276432 0.040509 0.002865 0.015278
0 0.276432 0.040509 0.002865 0.015278
0 0.276432 0.040509 0.002865 0.015278
0 0.276432 0.040509 0.002865 0.015278
0 0.276432 0.040509 0.002865 0.015278
0 0.276432 0.040509 0.002865 0.015278
0 0.276432 0.040509 0.002865 0.015278
0 0.276432 0.040509 0.002865 0.015278
0 0.276432 0.040509 0.002865 0.015278
0 0.276432 0.040509 0.002865 0.015278
0 0.276432 0.040509 0.002865 0.015278
0 0.276432 0.040509 0.002865 0.015278
0 0.276432 0.040509 0.002865 0.015278
0 0.276432 0.040509 0.002865 0.015278
0 0.276432 0.040509 0.002865 0.015278
0 0.276432 0.040509 0.002865 0.015278
0 0.276432 0.040509 0.002865 0.015278
0 0.276432 0.040509 0.002865 0.015278
0 0.276432 0.040509 0.002865 0.015278
0 0.276432 0.040509 0.002865 0.015278
0 0.276432 0.040509 0.002865 0.015278
0 0.276432 0.040509 0.002865 0.015278
0 0.276432 0.040509 0.002865 0.015278
0 0.276432 0.040509 0.002865 0.015278
0 0.276432 0.040509 0.002865 0.015278
0 0.276910 0.040895 0.002951 0.015123
0 0.277648 0.041821 0.002865 0.015123
0 0.278385 0.042670 0.002951 0.015278
0 0.278863 0.043519 0.002865 0.015123
0 0.279601 0.044367 0.002951 0.015278
0 0.280339 0.044830 0.002865 0.015278
0 0.280816 0.045679 0.002951 0.015123
0 0.281554 0.046605 0.002865 0.015123
0 0.282292 0.047454 0.002951 0.015278
0 0.283030 0.048302 0.002865 0.015123
0 0.283507 0.048302 0.002951 0.015123
0 0.284028 0.048765 0.002951 0.015123
0 0.284462 0.048765 0.002951 0.015123
0 0.284983 0.049151 0.002951 0.015278
0 0.285460 0.049614 0.002865 0.015278
0 0.285937 0.049614 0.002951 0.015278
0 0.286458 0.050000 0.002951 0.015123
0 0.286936 0.050000 0.002865 0.015123
0 0.287413 0.050463 0.002951 0.015123
0 0.287891 0.050926 0.002865 0.015123
0 0.288151 0.050926 0.002865 0.015123
0 0.288628 0.051312 0.002951 0.015278
0 0.289149 0.051775 0.002951 0.015278
0 0.289366 0.052160 0.002865 0.015123
0 0.289844 0.052623 0.002951 0.015123
0 0.290365 0.052623 0.002951 0.015123
0 0.290582 0.053086 0.002865 0.015123
0 0.291059 0.053472 0.002951 0.015278
0 0.291580 0.053935 0.002951 0.015278
0 0.292057 0.054321 0.002865 0.015123
0 0.292535 0.054321 0.002951 0.015123
0 0.293273 0.054784 0.002865 0.015123
0 0.293750 0.055247 0.002951 0.015123
0 0.294488 0.055247 0.002865 0.015123
0 0.294965 0.055710 0.002951 0.015123
0 0.295703 0.056096 0.002865 0.015278
0 0.296181 0.056096 0.002951 0.015278
0 0.296962 0.056559 0.002951 0.015278
0 0.297396 0.056944 0.002951 0.015123
0 0.298177 0.057407 0.002951 0.015123
0 0.298872 0.057407 0.002951 0.015123
0 0.299609 0.057870 0.002865 0.015123
0 0.300608 0.057870 0.002951 0.015123
0 0.301302 0.058256 0.002951 0.015278
0 0.302300 0.058256 0.002865 0.015278
0 0.303038 0.058719 0.002951 0.015278
0 0.303733 0.058719 0.002951 0.015278
0 0.304731 0.059105 0.002865 0.015123
0 0.305469 0.059105 0.002951 0.015123
0 0.306424 0.059568 0.002951 0.015123
0 0.306944 0.059799 0.002951 0.014660
0 0.307422 0.060185 0.002865 0.014815
0 0.307899 0.060648 0.002951 0.014815
0 0.308507 0.061111 0.003125 0.014815
0 0.309028 0.061497 0.003125 0.014660
0 0.309505 0.061960 0.003212 0.014660
0 0.310113 0.062423 0.003385 0.014660
0 0.310590 0.062809 0.003472 0.014815
0 0.311068 0.063272 0.003385 0.014815
0 0.311719 0.063735 0.003646 0.014815
0 0.311936 0.063735 0.003733 0.014815
0 0.312153 0.064120 0.003646 0.014660
0 0.312413 0.064120 0.003646 0.014660
0 0.312674 0.064583 0.003646 0.014660
0 0.312934 0.064969 0.003646 0.014815
0 0.313151 0.064969 0.003733 0.014815
0 0.313368 0.065432 0.003646 0.014815
0 0.313628 0.065432 0.003646 0.014815
0 0.313889 0.065895 0.003646 0.014815
0 0.314410 0.066281 0.003646 0.014660
0 0.314410 0.066281 0.003646 0.014660
0 0.314627 0.066744 0.003733 0.014660
0 0.314844 0.066744 0.003646 0.014660
0 0.315104 0.067130 0.003646 0.014815
0 0.315365 0.067593 0.003646 0.014815
0 0.315625 0.067593 0.003646 0.014815
0 0.315842 0.068056 0.003733 0.014815
0 0.316059 0.068056 0.003646 0.014815
0 0.316319 0.068441 0.003646 0.014660
0 0.316580 0.068904 0.003646 0.014660
0 0.316840 0.068904 0.003646 0.014660
0 0.317057 0.069290 0.003733 0.014815
0 0.317274 0.069753 0.003646 0.014815
0 0.317535 0.069753 0.003646 0.014815
0 0.317795 0.070216 0.003646 0.014815
0 0.318056 0.070679 0.003646 0.014815
0 0.318316 0.070679 0.003646 0.014815
0 0.318533 0.071065 0.003733 0.014660
0 0.318750 0.071528 0.003646 0.014660
0 0.319010 0.071914 0.003646 0.014815
0 0.319271 0.071914 0.003646 0.014815
0 0.319748 0.071914 0.003733 0.014815
0 0.320226 0.071914 0.003646 0.014815
0 0.320486 0.071914 0.003646 0.014815
0 0.320964 0.071914 0.003733 0.014815
0 0.321441 0.071914 0.003646 0.014815
0 0.321701 0.071914 0.003646 0.014815
0 0.322222 0.071914 0.003646 0.014815
0 0.322656 0.071914 0.003646 0.014815
0 0.323177 0.072377 0.003646 0.014815
0 0.323655 0.072377 0.003733 0.014815
0 0.324132 0.072840 0.003646 0.014815
0 0.324653 0.073225 0.003646 0.014660
0 0.325347 0.073225 0.003646 0.014660
0 0.325868 0.073688 0.003646 0.014660
0 0.326302 0.074074 0.003646 0.014815
0 0.327083 0.074074 0.003646 0.014815
0 0.327561 0.074537 0.003733 0.014815
0 0.328038 0.075000 0.003646 0.014815
0 0.328776 0.075386 0.003733 0.014660
0 0.328776 0.075386 0.003733 0.014660
0 0.328776 0.075386 0.003733 0.014660
0 0.328776 0.075386 0.003733 0.014660
0 0.328776 0.075386 0.003733 0.014660
0 0.328776 0.075386 0.003733 0.014660
0 0.328776 0.075386 0.003733 0.014660
0 0.328776 0.075386 0.003733 0.014660
0 0.328776 0.075386 0.003733 0.014660
0 0.328776 0.075386 0.003733 0.014660
0 0.328776 0.075386 0.003733 0.014660
