0 0.175304 0.023765 0.005122 0.010494
0 0.175564 0.023765 0.005122 0.010494
0 0.175738 0.023765 0.005122 0.010494
0 0.175998 0.023765 0.005122 0.010494
0 0.176259 0.023765 0.005122 0.010494
0 0.176519 0.024228 0.005122 0.010494
0 0.176780 0.024228 0.005122 0.010494
0 0.176953 0.024228 0.005122 0.010494
0 0.177214 0.024228 0.005122 0.010494
0 0.177474 0.024228 0.005122 0.010494
0 0.177865 0.024614 0.005382 0.010340
0 0.177865 0.024614 0.005382 0.010340
0 0.177865 0.024614 0.005382 0.010340
0 0.177865 0.024614 0.005382 0.010340
0 0.177865 0.024614 0.005382 0.010340
0 0.177865 0.024614 0.005382 0.010340
0 0.177865 0.024614 0.005382 0.010340
0 0.177865 0.024614 0.005382 0.010340
0 0.177865 0.024614 0.005382 0.010340
0 0.177865 0.024614 0.005382 0.010340
0 0.178125 0.025077 0.005382 0.010340
0 0.178125 0.024614 0.005382 0.010340
0 0.178342 0.024614 0.005295 0.010340
0 0.178342 0.024614 0.005295 0.010340
0 0.178559 0.024614 0.005382 0.010340
0 0.178559 0.024614 0.005382 0.010340
0 0.178819 0.024228 0.005382 0.010494
0 0.178819 0.024228 0.005382 0.010494
0 0.179080 0.024228 0.005382 0.010494
0 0.179080 0.024228 0.005382 0.010494
0 0.179340 0.024228 0.005382 0.010494
0 0.179340 0.024228 0.005382 0.010494
0 0.179340 0.024228 0.005382 0.010494
0 0.179340 0.024228 0.005382 0.010494
0 0.179340 0.024228 0.005382 0.010494
0 0.179557 0.024228 0.005295 0.010494
0 0.179557 0.024228 0.005295 0.010494
0 0.179557 0.024228 0.005295 0.010494
0 0.179557 0.024228 0.005295 0.010494
0 0.179557 0.024228 0.005295 0.010494
0 0.179774 0.024228 0.005382 0.010494
0 0.179774 0.024228 0.005382 0.010494
0 0.180035 0.024228 0.005382 0.010494
0 0.180035 0.024228 0.005382 0.010494
0 0.180295 0.024228 0.005382 0.010494
0 0.180556 0.024614 0.005382 0.010340
0 0.180556 0.024614 0.005382 0.010340
0 0.180773 0.024614 0.005295 0.010340
0 0.180773 0.024614 0.005295 0.010340
0 0.180990 0.024614 0.005382 0.010340
0 0.181250 0.025077 0.005382 0.010340
0 0.181250 0.025077 0.005382 0.010340
0 0.181380 0.025077 0.005122 0.010340
0 0.181510 0.025077 0.005382 0.010340
0 0.181641 0.025077 0.005122 0.010340
0 0.181771 0.025077 0.005382 0.010340
0 0.181901 0.025077 0.005122 0.010340
0 0.181901 0.025077 0.005122 0.010340
0 0.182118 0.025077 0.005208 0.010340
0 0.182118 0.025077 0.005208 0.010340
0 0.182335 0.025540 0.005122 0.010340
0 0.182335 0.025077 0.005122 0.010340
0 0.182335 0.025077 0.005122 0.010340
0 0.182465 0.025077 0.005382 0.010340
0 0.182595 0.025077 0.005122 0.010340
0 0.182726 0.025077 0.005382 0.010340
0 0.182726 0.025077 0.005382 0.010340
0 0.182856 0.025077 0.005122 0.010340
0 0.182986 0.025077 0.005382 0.010340
0 0.182986 0.025077 0.005382 0.010340
0 0.183247 0.025077 0.005382 0.010340
0 0.183247 0.025077 0.005382 0.010340
0 0.183464 0.025077 0.005295 0.010340
0 0.183464 0.025077 0.005295 0.010340
0 0.183681 0.025077 0.005382 0.010340
0 0.183941 0.025077 0.005382 0.010340
0 0.183941 0.025077 0.005382 0.010340
0 0.184201 0.025077 0.005382 0.010340
0 0.184201 0.025077 0.005382 0.010340
0 0.184462 0.025077 0.005382 0.010340
0 0.184679 0.025077 0.005295 0.010340
0 0.184462 0.024614 0.005382 0.010340
0 0.184462 0.024614 0.005382 0.010340
0 0.184462 0.024228 0.005382 0.010494
0 0.184201 0.024228 0.005382 0.010494
0 0.184201 0.023997 0.005382 0.010031
0 0.184201 0.023765 0.005382 0.010494
0 0.183941 0.023534 0.005382 0.010031
0 0.183941 0.023380 0.005382 0.010340
0 0.183941 0.023148 0.005382 0.009877
0 0.183941 0.023148 0.005382 0.009877
0 0.183941 0.023148 0.005382 0.009877
0 0.183941 0.023148 0.005382 0.009877
0 0.184071 0.023380 0.005122 0.010340
0 0.184201 0.023534 0.005382 0.010031
0 0.184332 0.023765 0.005122 0.010494
0 0.184332 0.023765 0.005122 0.010494
0 0.184462 0.023997 0.005382 0.010031
0 0.184592 0.024228 0.005122 0.010494
0 0.184592 0.024228 0.005122 0.010494
0 0.184766 0.024614 0.005122 0.010340
0 0.185026 0.024460 0.005122 0.010031
0 0.185286 0.024460 0.005122 0.010031
0 0.185547 0.024460 0.005122 0.010031
0 0.185807 0.024460 0.005122 0.010031
0 0.186241 0.024460 0.005122 0.010031
0 0.186502 0.024460 0.005122 0.010031
0 0.186762 0.024460 0.005122 0.010031
0 0.187023 0.024460 0.005122 0.010031
0 0.187283 0.024460 0.005122 0.010031
0 0.187717 0.024460 0.005122 0.010031
0 0.187717 0.024460 0.005122 0.010031
0 0.187717 0.024460 0.005122 0.010031
0 0.187717 0.024614 0.005122 0.010340
0 0.187847 0.024846 0.005382 0.009877
0 0.187977 0.025077 0.005122 0.010340
0 0.187977 0.025077 0.005122 0.010340
0 0.188108 0.025309 0.005382 0.009877
0 0.188108 0.025540 0.005382 0.010340
0 0.188108 0.025540 0.005382 0.010340
0 0.188368 0.025926 0.005382 0.010494
0 0.188368 0.025926 0.005382 0.010494
0 0.188368 0.025926 0.005382 0.010494
0 0.188368 0.025926 0.005382 0.010494
0 0.188368 0.025926 0.005382 0.010494
0 0.188585 0.026389 0.005295 0.010494
0 0.188585 0.026389 0.005295 0.010494
0 0.188585 0.026389 0.005295 0.010494
0 0.188585 0.026389 0.005295 0.010494
0 0.188585 0.026389 0.005295 0.010494
0 0.188802 0.026852 0.005382 0.010494
0 0.188802 0.026852 0.005382 0.010494
0 0.188802 0.026852 0.005382 0.010494
0 0.188802 0.026852 0.005382 0.010494
0 0.189062 0.026852 0.005382 0.010494
0 0.189062 0.026852 0.005382 0.010494
0 0.189062 0.026852 0.005382 0.010494
0 0.189323 0.026852 0.005382 0.010494
0 0.189323 0.026852 0.005382 0.010494
0 0.189323 0.026852 0.005382 0.010494
0 0.189583 0.027238 0.005382 0.010340
0 0.189583 0.026852 0.005382 0.010494
0 0.189583 0.026852 0.005382 0.010494
0 0.189800 0.026852 0.005295 0.010494
0 0.189800 0.026389 0.005295 0.010494
0 0.190017 0.026389 0.005382 0.010494
0 0.190017 0.026389 0.005382 0.010494
0 0.190017 0.025926 0.005382 0.010494
0 0.190278 0.025926 0.005382 0.010494
0 0.190278 0.025926 0.005382 0.010494
0 0.190538 0.025926 0.005382 0.010494
0 0.190278 0.025926 0.005382 0.010494
0 0.190278 0.025926 0.005382 0.010494
0 0.190017 0.025926 0.005382 0.010494
0 0.190017 0.025926 0.005382 0.010494
0 0.189887 0.025926 0.005122 0.010494
0 0.189800 0.025926 0.005295 0.010494
0 0.189714 0.025926 0.005122 0.010494
0 0.189583 0.025926 0.005382 0.010494
0 0.189453 0.025926 0.005122 0.010494
0 0.189453 0.026389 0.005122 0.010494
0 0.189453 0.026389 0.005122 0.010494
0 0.189453 0.026389 0.005122 0.010494
0 0.189453 0.026389 0.005122 0.010494
0 0.189453 0.026389 0.005122 0.010494
0 0.189453 0.026389 0.005122 0.010494
0 0.189453 0.026389 0.005122 0.010494
0 0.189453 0.026389 0.005122 0.010494
0 0.189453 0.026389 0.005122 0.010494
0 0.189453 0.026389 0.005122 0.010494
0 0.189714 0.026389 0.005122 0.010494
0 0.189453 0.025926 0.005122 0.010494
0 0.189453 0.025540 0.005122 0.010340
0 0.189323 0.025540 0.005382 0.010340
0 0.189193 0.025077 0.005122 0.010340
0 0.189193 0.025077 0.005122 0.010340
0 0.189062 0.024614 0.005382 0.010340
0 0.188932 0.024228 0.005122 0.010494
0 0.188802 0.024228 0.005382 0.010494
0 0.188802 0.023765 0.005382 0.010494
0 0.188802 0.023765 0.005382 0.010494
