0 0.053516 0.316435 0.014844 0.022068
0 0.053516 0.316435 0.014844 0.022068
0 0.053516 0.316435 0.014844 0.022068
0 0.053516 0.316435 0.014844 0.022068
0 0.053516 0.316435 0.014844 0.022068
0 0.053516 0.316435 0.014844 0.022068
0 0.053516 0.316435 0.014844 0.022068
0 0.053516 0.316435 0.014844 0.022068
0 0.053516 0.316435 0.014844 0.022068
0 0.053516 0.316435 0.014844 0.022068
0 0.053516 0.316435 0.014844 0.022068
0 0.053516 0.316435 0.014844 0.022068
0 0.053516 0.316435 0.014844 0.022068
0 0.053516 0.316435 0.014844 0.022068
0 0.053516 0.316435 0.014844 0.022068
0 0.053516 0.316435 0.014844 0.022068
0 0.053516 0.316435 0.014844 0.022068
0 0.053516 0.316435 0.014844 0.022068
0 0.053516 0.316435 0.014844 0.022068
0 0.053516 0.316435 0.014844 0.022068
0 0.053516 0.316435 0.014844 0.022068
0 0.053516 0.316435 0.014844 0.022068
0 0.053516 0.316435 0.014844 0.022068
0 0.053516 0.316435 0.014844 0.022068
0 0.053516 0.316435 0.014844 0.022068
0 0.053516 0.316435 0.014844 0.022068
0 0.053516 0.316435 0.014844 0.022068
0 0.053516 0.316435 0.014844 0.022068
0 0.053516 0.316435 0.014844 0.022068
0 0.053516 0.316435 0.014844 0.022068
0 0.053516 0.316435 0.014844 0.022068
0 0.053516 0.316435 0.014844 0.022068
0 0.053516 0.316435 0.014844 0.022068
0 0.053516 0.316435 0.014844 0.022068
0 0.053516 0.316435 0.014844 0.022068
0 0.053516 0.316435 0.014844 0.022068
0 0.053516 0.316435 0.014844 0.022068
0 0.053516 0.316435 0.014844 0.022068
0 0.053516 0.316435 0.014844 0.022068
0 0.053516 0.316435 0.014844 0.022068
0 0.053516 0.316435 0.014844 0.022068
0 0.053516 0.316435 0.014844 0.022068
0 0.053516 0.316435 0.014844 0.022068
0 0.053516 0.316435 0.014844 0.022068
0 0.053516 0.316435 0.014844 0.022068
0 0.053516 0.316435 0.014844 0.022068
0 0.053516 0.316435 0.014844 0.022068
0 0.053516 0.316435 0.014844 0.022068
0 0.053516 0.316435 0.014844 0.022068
0 0.053516 0.316435 0.014844 0.022068
0 0.053516 0.316435 0.014844 0.022068
0 0.053516 0.316435 0.014844 0.022068
0 0.053516 0.316435 0.014844 0.022068
0 0.053516 0.316435 0.014844 0.022068
0 0.053516 0.316435 0.014844 0.022068
0 0.053516 0.316435 0.014844 0.022068
0 0.053516 0.316435 0.014844 0.022068
0 0.053516 0.316435 0.014844 0.022068
0 0.053516 0.316435 0.014844 0.022068
0 0.053516 0.316435 0.014844 0.022068
0 0.053516 0.316435 0.014844 0.022068
0 0.053516 0.316435 0.014844 0.022068
0 0.053516 0.316435 0.014844 0.022068
0 0.053516 0.316435 0.014844 0.022068
0 0.053516 0.316435 0.014844 0.022068
0 0.053516 0.316435 0.014844 0.022068
0 0.053516 0.316435 0.014844 0.022068
0 0.053516 0.316435 0.014844 0.022068
0 0.053516 0.316435 0.014844 0.022068
0 0.053516 0.316435 0.014844 0.022068
0 0.053516 0.316435 0.014844 0.022068
0 0.053516 0.316435 0.014844 0.022068
0 0.053516 0.316435 0.014844 0.022068
0 0.053516 0.316435 0.014844 0.022068
0 0.053516 0.316435 0.014844 0.022068
0 0.053516 0.316435 0.014844 0.022068
0 0.053516 0.316435 0.014844 0.022068
0 0.053516 0.316435 0.014844 0.022068
0 0.053516 0.316435 0.014844 0.022068
0 0.053516 0.316435 0.014844 0.022068
0 0.053516 0.316435 0.014844 0.022068
0 0.053516 0.316435 0.014844 0.022068
0 0.053516 0.316435 0.014844 0.022068
0 0.053516 0.316435 0.014844 0.022068
0 0.053516 0.316435 0.014844 0.022068
0 0.053516 0.316435 0.014844 0.022068
0 0.053516 0.316435 0.014844 0.022068
0 0.053516 0.316435 0.014844 0.022068
0 0.053516 0.316435 0.014844 0.022068
0 0.053516 0.316435 0.014844 0.022068
0 0.053516 0.316435 0.014844 0.022068
0 0.053516 0.316435 0.014844 0.022068
0 0.053516 0.316435 0.014844 0.022068
0 0.053516 0.316435 0.014844 0.022068
0 0.053516 0.316435 0.014844 0.022068
0 0.053516 0.316435 0.014844 0.022068
0 0.053516 0.316435 0.014844 0.022068
0 0.053516 0.316435 0.014844 0.022068
0 0.053516 0.316435 0.014844 0.022068
0 0.053516 0.316435 0.014844 0.022068
0 0.053516 0.316435 0.014844 0.022068
0 0.053516 0.316435 0.014844 0.022068
0 0.053516 0.316435 0.014844 0.022068
0 0.053516 0.316435 0.014844 0.022068
0 0.053516 0.316435 0.014844 0.022068
0 0.053516 0.316435 0.014844 0.022068
0 0.053516 0.316435 0.014844 0.022068
0 0.053516 0.316435 0.014844 0.022068
0 0.053516 0.316435 0.014844 0.022068
0 0.053516 0.316435 0.014844 0.022068
0 0.053516 0.316435 0.014844 0.022068
0 0.053516 0.316435 0.014844 0.022068
0 0.053516 0.316435 0.014844 0.022068
0 0.053516 0.316435 0.014844 0.022068
0 0.053516 0.316435 0.014844 0.022068
0 0.053516 0.316435 0.014844 0.022068
0 0.053516 0.316435 0.014844 0.022068
0 0.053516 0.316435 0.014844 0.022068
0 0.053516 0.316435 0.014844 0.022068
0 0.053516 0.316435 0.014844 0.022068
0 0.053516 0.316435 0.014844 0.022068
0 0.053516 0.316435 0.014844 0.022068
0 0.053516 0.316435 0.014844 0.022068
0 0.053516 0.316435 0.014844 0.022068
0 0.053516 0.316435 0.014844 0.022068
0 0.053516 0.316435 0.014844 0.022068
0 0.053516 0.316435 0.014844 0.022068
0 0.053516 0.316435 0.014844 0.022068
0 0.053516 0.316435 0.014844 0.022068
0 0.053516 0.316435 0.014844 0.022068
0 0.053516 0.316435 0.014844 0.022068
0 0.053516 0.316435 0.014844 0.022068
0 0.053516 0.316435 0.014844 0.022068
0 0.053516 0.316435 0.014844 0.022068
0 0.053516 0.316435 0.014844 0.022068
0 0.053516 0.316435 0.014844 0.022068
0 0.053516 0.316435 0.014844 0.022068
0 0.053516 0.316435 0.014844 0.022068
0 0.053516 0.316435 0.014844 0.022068
0 0.053516 0.316435 0.014844 0.022068
0 0.053516 0.316435 0.014844 0.022068
0 0.053516 0.316435 0.014844 0.022068
0 0.053516 0.316435 0.014844 0.022068
0 0.053516 0.316435 0.014844 0.022068
0 0.053516 0.316435 0.014844 0.022068
0 0.053516 0.316435 0.014844 0.022068
0 0.053516 0.316435 0.014844 0.022068
0 0.053516 0.316435 0.014844 0.022068
0 0.053516 0.316435 0.014844 0.022068
0 0.053516 0.316435 0.014844 0.022068
0 0.053516 0.316435 0.014844 0.022068
0 0.053516 0.316435 0.014844 0.022068
0 0.053516 0.316435 0.014844 0.022068
0 0.053516 0.316435 0.014844 0.022068
0 0.053516 0.316435 0.014844 0.022068
0 0.053516 0.316435 0.014844 0.022068
0 0.053516 0.316435 0.014844 0.022068
0 0.053516 0.316435 0.014844 0.022068
0 0.053516 0.316435 0.014844 0.022068
0 0.053516 0.316435 0.014844 0.022068
0 0.053516 0.316435 0.014844 0.022068
0 0.053516 0.316435 0.014844 0.022068
0 0.053516 0.316435 0.014844 0.022068
0 0.053516 0.316435 0.014844 0.022068
0 0.053516 0.316435 0.014844 0.022068
0 0.053516 0.316435 0.014844 0.022068
0 0.053516 0.316435 0.014844 0.022068
0 0.053516 0.316435 0.014844 0.022068
0 0.053516 0.316435 0.014844 0.022068
0 0.053516 0.316435 0.014844 0.022068
0 0.053516 0.316435 0.014844 0.022068
0 0.053516 0.315972 0.014844 0.022068
0 0.053516 0.315972 0.014844 0.022068
0 0.053516 0.315972 0.014844 0.022068
0 0.053516 0.315972 0.014844 0.022068
0 0.053516 0.315972 0.014844 0.022068
0 0.053516 0.315741 0.014844 0.022531
0 0.053516 0.315741 0.014844 0.022531
0 0.053516 0.315741 0.014844 0.022531
0 0.053516 0.315741 0.014844 0.022531
0 0.053516 0.315741 0.014844 0.022531
