0 0.082812 0.193827 0.009028 0.028704
0 0.083290 0.193364 0.009115 0.028704
0 0.084028 0.193210 0.009028 0.029012
0 0.084722 0.192747 0.009028 0.029012
0 0.085373 0.192515 0.009288 0.029475
0 0.086068 0.192284 0.009288 0.029938
0 0.086849 0.191821 0.009288 0.029938
0 0.087413 0.191667 0.009549 0.030247
0 0.088194 0.191281 0.009549 0.030401
0 0.088889 0.191049 0.009549 0.030864
0 0.089627 0.191049 0.009462 0.030864
0 0.090625 0.191049 0.009549 0.030864
0 0.091580 0.191435 0.009549 0.030710
0 0.092578 0.191435 0.009462 0.030710
0 0.093663 0.191898 0.009201 0.030710
0 0.094661 0.192284 0.009288 0.030864
0 0.095616 0.192284 0.009288 0.030864
0 0.096701 0.192747 0.009028 0.030864
0 0.097656 0.192747 0.009028 0.030864
0 0.098698 0.193210 0.009028 0.030864
0 0.099913 0.193596 0.009028 0.030710
0 0.100868 0.193364 0.009028 0.031173
0 0.101823 0.193364 0.009028 0.031173
0 0.102778 0.193364 0.009028 0.031173
0 0.103819 0.193133 0.009028 0.031636
0 0.104774 0.193133 0.009028 0.031636
0 0.105729 0.193133 0.009028 0.031636
0 0.106684 0.192901 0.009028 0.032099
0 0.107726 0.192901 0.009028 0.032099
0 0.108681 0.192901 0.009028 0.032099
0 0.109766 0.192901 0.009288 0.032099
0 0.110026 0.192130 0.009288 0.032099
0 0.110417 0.191204 0.009028 0.032099
0 0.110851 0.190432 0.009028 0.032099
0 0.111241 0.189738 0.008767 0.031636
0 0.111719 0.188812 0.008854 0.031636
0 0.111936 0.188040 0.008767 0.031636
0 0.112326 0.187346 0.008507 0.031173
0 0.112804 0.186420 0.008594 0.031173
0 0.113194 0.185571 0.008333 0.031327
0 0.113672 0.184954 0.008247 0.030710
0 0.113542 0.184491 0.008507 0.030710
0 0.113672 0.184491 0.008767 0.030710
0 0.113672 0.184491 0.009288 0.030710
0 0.113802 0.184336 0.009549 0.030401
0 0.113932 0.184336 0.009809 0.030401
0 0.113889 0.184105 0.010243 0.030864
0 0.114019 0.183873 0.010503 0.030401
0 0.114019 0.183873 0.011024 0.030401
0 0.114149 0.183873 0.011285 0.030401
0 0.114280 0.183873 0.011545 0.030401
0 0.113932 0.183873 0.011198 0.030401
0 0.113672 0.183873 0.010677 0.030401
0 0.113585 0.183873 0.010503 0.030401
0 0.113325 0.183873 0.009983 0.030401
0 0.113194 0.184105 0.009722 0.029938
0 0.112934 0.184105 0.009201 0.029938
0 0.112717 0.184105 0.008767 0.029938
0 0.112587 0.184105 0.008507 0.029938
0 0.112326 0.184105 0.007986 0.029938
0 0.112240 0.184336 0.007812 0.029475
0 0.112109 0.184336 0.008073 0.029475
0 0.112066 0.184568 0.008507 0.029938
0 0.111936 0.184722 0.008767 0.030247
0 0.111936 0.184722 0.009288 0.030247
0 0.111979 0.184954 0.009722 0.030710
0 0.111849 0.185185 0.009983 0.031173
0 0.111849 0.185185 0.010503 0.031173
0 0.111719 0.185417 0.010764 0.031636
0 0.111719 0.185648 0.011285 0.032099
0 0.111719 0.185957 0.011632 0.032099
0 0.111936 0.185957 0.011198 0.032099
0 0.112457 0.185957 0.010677 0.032099
0 0.112934 0.185957 0.010243 0.032099
0 0.113325 0.185957 0.009983 0.032099
0 0.113802 0.186188 0.009549 0.031636
0 0.114323 0.186188 0.009028 0.031636
0 0.114627 0.186188 0.008767 0.031636
0 0.115148 0.186188 0.008247 0.031636
0 0.115625 0.186188 0.007812 0.031636
0 0.116102 0.186420 0.007378 0.031173
0 0.116450 0.186420 0.007552 0.031173
0 0.116840 0.186420 0.007812 0.031173
0 0.117318 0.186420 0.008247 0.031173
0 0.117708 0.186420 0.008507 0.031173
0 0.118142 0.186651 0.009028 0.030710
0 0.118533 0.186651 0.009288 0.030710
0 0.118924 0.186651 0.009549 0.030710
0 0.119401 0.186651 0.009983 0.030710
0 0.119792 0.186651 0.010243 0.030710
0 0.120269 0.187114 0.010677 0.030710
0 0.120747 0.186651 0.010764 0.030710
0 0.121354 0.186651 0.010417 0.030710
0 0.121962 0.186420 0.010243 0.031173
0 0.122569 0.186420 0.010069 0.031173
0 0.123177 0.186420 0.009722 0.031173
0 0.123785 0.186188 0.009549 0.031636
0 0.124436 0.186188 0.009288 0.031636
0 0.125000 0.185957 0.009028 0.032099
0 0.125651 0.185957 0.008767 0.032099
0 0.126345 0.185957 0.008767 0.032099
0 0.126736 0.185648 0.009028 0.032099
0 0.127214 0.185648 0.009115 0.032099
0 0.127561 0.185648 0.009288 0.032099
0 0.128082 0.185648 0.009288 0.032099
0 0.128689 0.185648 0.009462 0.032099
0 0.129036 0.185185 0.009809 0.032099
0 0.129514 0.185185 0.009722 0.032099
0 0.129905 0.185185 0.009983 0.032099
0 0.130382 0.185185 0.010069 0.032099
0 0.130990 0.185185 0.010243 0.032099
0 0.130859 0.184722 0.009983 0.032099
0 0.130859 0.184722 0.009983 0.032099
0 0.130859 0.184491 0.009983 0.031636
0 0.130990 0.184491 0.009722 0.031636
0 0.130990 0.184259 0.009722 0.031173
0 0.130990 0.184028 0.009722 0.031636
0 0.131120 0.183873 0.009462 0.031327
0 0.131120 0.183873 0.009462 0.031327
0 0.131120 0.183642 0.009462 0.030864
0 0.131207 0.183642 0.009288 0.030864
0 0.131207 0.183642 0.009288 0.030864
0 0.131207 0.183642 0.009288 0.030864
0 0.131207 0.183642 0.009288 0.030864
0 0.131207 0.183642 0.009288 0.030864
0 0.131207 0.183642 0.009288 0.030864
0 0.131207 0.183642 0.009288 0.030864
0 0.131207 0.183642 0.009288 0.030864
0 0.131207 0.183642 0.009288 0.030864
0 0.131207 0.183642 0.009288 0.030864
0 0.131207 0.183642 0.009288 0.030864
0 0.131207 0.183642 0.009288 0.030864
0 0.131207 0.183873 0.009288 0.030401
0 0.131207 0.184105 0.009288 0.029938
0 0.131337 0.184336 0.009028 0.029475
0 0.131337 0.184336 0.009028 0.029475
0 0.131337 0.184491 0.009028 0.029167
0 0.131337 0.184722 0.009028 0.028704
0 0.131597 0.185185 0.009028 0.028704
