0 0.152865 0.084568 0.003646 0.009568
0 0.152604 0.084568 0.003646 0.009568
0 0.152344 0.084568 0.003646 0.009568
0 0.152083 0.084568 0.003646 0.009568
0 0.151866 0.084568 0.003733 0.009568
0 0.151649 0.084568 0.003646 0.009568
0 0.151389 0.084568 0.003646 0.009568
0 0.151128 0.084568 0.003646 0.009568
0 0.150868 0.084568 0.003646 0.009568
0 0.150608 0.084568 0.003646 0.009568
0 0.150391 0.084568 0.003733 0.009568
0 0.149913 0.084568 0.003646 0.009568
0 0.149653 0.084568 0.003646 0.009568
0 0.149392 0.084954 0.003646 0.009414
0 0.149175 0.084954 0.003733 0.009414
0 0.148958 0.085340 0.003646 0.009568
0 0.148698 0.085340 0.003646 0.009568
0 0.148438 0.085340 0.003646 0.009568
0 0.148177 0.085802 0.003646 0.009568
0 0.147960 0.085802 0.003733 0.009568
0 0.147743 0.086265 0.003646 0.009568
0 0.147483 0.086265 0.003646 0.009568
0 0.147222 0.086265 0.003646 0.009568
0 0.146962 0.086265 0.003646 0.009568
0 0.146962 0.086265 0.003646 0.009568
0 0.146701 0.086728 0.003646 0.009568
0 0.146484 0.086728 0.003733 0.009568
0 0.146484 0.086728 0.003733 0.009568
0 0.146267 0.086728 0.003646 0.009568
0 0.146007 0.086728 0.003646 0.009568
0 0.146007 0.087114 0.003646 0.009414
0 0.145486 0.087114 0.003646 0.009414
0 0.145269 0.087114 0.003733 0.009414
0 0.145052 0.087114 0.003646 0.009414
0 0.144792 0.087114 0.003646 0.009414
0 0.144531 0.087114 0.003646 0.009414
0 0.144271 0.087114 0.003646 0.009414
0 0.144054 0.087114 0.003733 0.009414
0 0.143837 0.087114 0.003646 0.009414
0 0.143576 0.087114 0.003646 0.009414
0 0.143316 0.087500 0.003646 0.009568
0 0.143056 0.087500 0.003646 0.009568
0 0.142795 0.087500 0.003646 0.009568
0 0.142622 0.087500 0.003646 0.009568
0 0.142361 0.087500 0.003646 0.009568
0 0.142361 0.087500 0.003646 0.009568
0 0.142101 0.087500 0.003646 0.009568
0 0.141840 0.087500 0.003646 0.009568
0 0.141580 0.087500 0.003646 0.009568
0 0.141363 0.087500 0.003733 0.009568
0 0.141363 0.087500 0.003733 0.009568
0 0.140885 0.087500 0.003646 0.009568
0 0.140625 0.087500 0.003646 0.009568
0 0.140365 0.087500 0.003646 0.009568
0 0.139931 0.087500 0.003646 0.009568
0 0.139670 0.087500 0.003646 0.009568
0 0.139410 0.087500 0.003646 0.009568
0 0.138932 0.087500 0.003733 0.009568
0 0.138715 0.087500 0.003646 0.009568
0 0.138455 0.087500 0.003646 0.009568
0 0.138194 0.087963 0.003646 0.009568
0 0.138194 0.087963 0.003646 0.009568
0 0.138194 0.087963 0.003646 0.009568
0 0.138194 0.087963 0.003646 0.009568
0 0.138194 0.087963 0.003646 0.009568
0 0.138194 0.087963 0.003646 0.009568
0 0.138194 0.087963 0.003646 0.009568
0 0.138194 0.087963 0.003646 0.009568
0 0.138194 0.087963 0.003646 0.009568
0 0.138194 0.087963 0.003646 0.009568
0 0.138194 0.087963 0.003646 0.009568
0 0.138455 0.087963 0.003646 0.009568
0 0.138932 0.087963 0.003733 0.009568
0 0.139149 0.087963 0.003646 0.009568
0 0.139670 0.087963 0.003646 0.009568
0 0.139931 0.088426 0.003646 0.009568
0 0.140365 0.088426 0.003646 0.009568
0 0.140625 0.088426 0.003646 0.009568
0 0.141146 0.088426 0.003646 0.009568
0 0.141363 0.088426 0.003733 0.009568
0 0.141840 0.088889 0.003646 0.009568
0 0.142361 0.088889 0.003646 0.009568
0 0.142795 0.088889 0.003646 0.009568
0 0.143576 0.088889 0.003646 0.009568
0 0.144054 0.088889 0.003733 0.009568
0 0.144792 0.088889 0.003646 0.009568
0 0.145269 0.088889 0.003733 0.009568
0 0.145747 0.088889 0.003646 0.009568
0 0.146484 0.088889 0.003733 0.009568
0 0.146962 0.088889 0.003646 0.009568
0 0.147743 0.089352 0.003646 0.009568
0 0.147960 0.088889 0.003733 0.009568
0 0.148438 0.088889 0.003646 0.009568
0 0.148698 0.088889 0.003646 0.009568
0 0.149175 0.088889 0.003733 0.009568
0 0.149392 0.088889 0.003646 0.009568
0 0.149913 0.088426 0.003646 0.009568
0 0.150174 0.088426 0.003646 0.009568
0 0.150608 0.088426 0.003646 0.009568
0 0.150868 0.088426 0.003646 0.009568
0 0.151389 0.088426 0.003646 0.009568
0 0.151389 0.088426 0.003646 0.009568
0 0.151389 0.088426 0.003646 0.009568
0 0.151389 0.088426 0.003646 0.009568
0 0.151649 0.088426 0.003646 0.009568
0 0.151649 0.088426 0.003646 0.009568
0 0.151649 0.088426 0.003646 0.009568
0 0.151866 0.088426 0.003733 0.009568
0 0.151866 0.088426 0.003733 0.009568
0 0.151866 0.088426 0.003733 0.009568
0 0.152083 0.088426 0.003646 0.009568
0 0.152083 0.088426 0.003646 0.009568
0 0.152083 0.088426 0.003646 0.009568
0 0.152083 0.088426 0.003646 0.009568
0 0.152083 0.088426 0.003646 0.009568
0 0.152083 0.088426 0.003646 0.009568
0 0.152083 0.088426 0.003646 0.009568
0 0.152083 0.088426 0.003646 0.009568
0 0.152083 0.088426 0.003646 0.009568
0 0.152083 0.088426 0.003646 0.009568
0 0.152083 0.088426 0.003646 0.009568
0 0.152083 0.088426 0.003646 0.009568
0 0.152083 0.088426 0.003646 0.009568
0 0.152083 0.088426 0.003646 0.009568
0 0.152083 0.088426 0.003646 0.009568
0 0.152083 0.088426 0.003646 0.009568
0 0.152083 0.088426 0.003646 0.009568
0 0.152083 0.088426 0.003646 0.009568
0 0.152083 0.088426 0.003646 0.009568
0 0.152083 0.088426 0.003646 0.009568
0 0.152083 0.088426 0.003646 0.009568
0 0.152083 0.088426 0.003646 0.009568
0 0.152083 0.088426 0.003646 0.009568
0 0.152083 0.088426 0.003646 0.009568
0 0.152083 0.088426 0.003646 0.009568
0 0.152083 0.088426 0.003646 0.009568
0 0.152083 0.088426 0.003646 0.009568
0 0.152083 0.088426 0.003646 0.009568
0 0.152083 0.088426 0.003646 0.009568
0 0.152083 0.088426 0.003646 0.009568
0 0.152083 0.088426 0.003646 0.009568
0 0.151866 0.088426 0.003733 0.009568
0 0.151649 0.088426 0.003646 0.009568
0 0.151389 0.088426 0.003646 0.009568
0 0.151128 0.088426 0.003646 0.009568
0 0.150868 0.088889 0.003646 0.009568
0 0.150608 0.088889 0.003646 0.009568
0 0.150391 0.088889 0.003733 0.009568
0 0.150174 0.088889 0.003646 0.009568
0 0.149913 0.088889 0.003646 0.009568
0 0.149913 0.089352 0.003646 0.009568
0 0.149653 0.089352 0.003646 0.009568
0 0.149392 0.089352 0.003646 0.009568
0 0.149175 0.089352 0.003733 0.009568
0 0.148958 0.089352 0.003646 0.009568
0 0.148698 0.089660 0.003646 0.009568
0 0.148438 0.089660 0.003646 0.009568
0 0.148177 0.089660 0.003646 0.009568
0 0.147960 0.089660 0.003733 0.009568
0 0.147743 0.089660 0.003646 0.009568
0 0.147483 0.090123 0.003646 0.009568
0 0.147222 0.090123 0.003646 0.009568
0 0.147222 0.090123 0.003646 0.009568
0 0.146962 0.090123 0.003646 0.009568
0 0.146962 0.090123 0.003646 0.009568
0 0.146701 0.090123 0.003646 0.009568
0 0.146701 0.090123 0.003646 0.009568
0 0.146484 0.090123 0.003733 0.009568
0 0.146484 0.090123 0.003733 0.009568
0 0.146267 0.090123 0.003646 0.009568
0 0.146267 0.090123 0.003646 0.009568
0 0.146267 0.090123 0.003646 0.009568
0 0.146267 0.090123 0.003646 0.009568
0 0.146267 0.090123 0.003646 0.009568
0 0.146267 0.090123 0.003646 0.009568
0 0.146267 0.090123 0.003646 0.009568
0 0.146267 0.090123 0.003646 0.009568
0 0.146267 0.090123 0.003646 0.009568
0 0.146267 0.090123 0.003646 0.009568
0 0.146267 0.090123 0.003646 0.009568
0 0.146267 0.090123 0.003646 0.009568
