0 0.090712 0.169136 0.007292 0.023457
0 0.090495 0.169136 0.007378 0.023457
0 0.090495 0.169136 0.007378 0.023457
0 0.090495 0.169136 0.007378 0.023457
0 0.090495 0.169599 0.007378 0.023457
0 0.090495 0.169599 0.007378 0.023457
0 0.090495 0.169599 0.007378 0.023457
0 0.090495 0.169985 0.007378 0.023302
0 0.090495 0.169985 0.007378 0.023302
0 0.090495 0.169985 0.007378 0.023302
0 0.090495 0.170370 0.007378 0.023457
0 0.090495 0.170370 0.007378 0.023457
0 0.090495 0.170370 0.007378 0.023457
0 0.090495 0.170370 0.007378 0.023457
0 0.090495 0.170370 0.007378 0.023457
0 0.090495 0.170370 0.007378 0.023457
0 0.090495 0.170370 0.007378 0.023457
0 0.090495 0.170370 0.007378 0.023457
0 0.090495 0.170370 0.007378 0.023457
0 0.090495 0.170370 0.007378 0.023457
0 0.090495 0.170370 0.007378 0.023457
0 0.090712 0.170833 0.007292 0.023457
0 0.090972 0.171296 0.007292 0.023457
0 0.091233 0.171759 0.007292 0.023457
0 0.091710 0.172145 0.007378 0.023302
0 0.091927 0.172994 0.007292 0.023457
0 0.092187 0.173457 0.007292 0.023457
0 0.092708 0.173920 0.007292 0.023457
0 0.092925 0.174306 0.007378 0.023302
0 0.093186 0.174691 0.007378 0.023457
0 0.093663 0.175617 0.007292 0.023457
0 0.093663 0.175617 0.007292 0.023457
0 0.093663 0.175617 0.007292 0.023457
0 0.093663 0.175617 0.007292 0.023457
0 0.093663 0.175617 0.007292 0.023457
0 0.093663 0.175617 0.007292 0.023457
0 0.093663 0.175617 0.007292 0.023457
0 0.093663 0.175617 0.007292 0.023457
0 0.093663 0.175617 0.007292 0.023457
0 0.093663 0.175617 0.007292 0.023457
0 0.093663 0.175617 0.007292 0.023457
0 0.093663 0.175617 0.007292 0.023457
0 0.093924 0.175617 0.007292 0.023457
0 0.093924 0.175617 0.007292 0.023457
0 0.094141 0.176080 0.007378 0.023457
0 0.094141 0.176080 0.007378 0.023457
0 0.094401 0.176080 0.007378 0.023457
0 0.094401 0.176543 0.007378 0.023457
0 0.094618 0.176543 0.007292 0.023457
0 0.094618 0.176543 0.007292 0.023457
0 0.094878 0.176929 0.007292 0.023302
0 0.094878 0.176929 0.007292 0.023302
0 0.094878 0.176929 0.007292 0.023302
0 0.094878 0.176929 0.007292 0.023302
0 0.094878 0.176929 0.007292 0.023302
0 0.094878 0.176929 0.007292 0.023302
0 0.094878 0.176929 0.007292 0.023302
0 0.094878 0.176929 0.007292 0.023302
0 0.094878 0.176929 0.007292 0.023302
0 0.094878 0.176929 0.007292 0.023302
0 0.094878 0.176929 0.007292 0.023302
0 0.095009 0.176698 0.007552 0.023765
0 0.095139 0.176698 0.007812 0.023765
0 0.095269 0.176698 0.008073 0.023765
0 0.095616 0.176698 0.008247 0.023765
0 0.095747 0.176698 0.008507 0.023765
0 0.095877 0.176698 0.008767 0.023765
0 0.096181 0.176698 0.009028 0.023765
0 0.096311 0.176698 0.009288 0.023765
0 0.096441 0.176698 0.009549 0.023765
0 0.096832 0.176698 0.009809 0.023765
0 0.096962 0.176698 0.009549 0.023765
0 0.097222 0.176929 0.009549 0.024228
0 0.097439 0.177160 0.009462 0.023765
0 0.097700 0.177392 0.009462 0.024228
0 0.098047 0.177778 0.009288 0.024383
0 0.098177 0.177778 0.009028 0.024383
0 0.098437 0.178009 0.009028 0.024846
0 0.098698 0.178241 0.009028 0.024383
0 0.098872 0.178395 0.009028 0.024691
0 0.099262 0.178858 0.008767 0.024691
0 0.099262 0.178858 0.008247 0.024691
0 0.099392 0.178858 0.007986 0.024691
0 0.099479 0.178858 0.007812 0.024691
0 0.099609 0.178858 0.007552 0.024691
0 0.099740 0.178858 0.007292 0.024691
0 0.099870 0.178858 0.007031 0.024691
0 0.100000 0.178858 0.006771 0.024691
0 0.100130 0.178858 0.006510 0.024691
0 0.100217 0.178858 0.006337 0.024691
0 0.100477 0.179090 0.005816 0.024228
0 0.100477 0.179090 0.005816 0.024228
0 0.100738 0.179552 0.005816 0.024228
0 0.100998 0.179552 0.005816 0.024228
0 0.101215 0.179938 0.005903 0.024383
0 0.101476 0.179938 0.005903 0.024383
0 0.101693 0.180401 0.005816 0.024383
0 0.101953 0.180401 0.005816 0.024383
0 0.102214 0.180787 0.005816 0.024228
0 0.102431 0.180787 0.005903 0.024228
0 0.102691 0.181250 0.005903 0.024228
0 0.102951 0.181250 0.005903 0.024228
0 0.103168 0.181481 0.005816 0.023765
0 0.103429 0.181713 0.005816 0.024228
0 0.103776 0.181867 0.006163 0.023920
0 0.104036 0.182099 0.006163 0.024383
0 0.104253 0.182330 0.006076 0.023920
0 0.104644 0.182330 0.006337 0.023920
0 0.104905 0.182793 0.006337 0.023920
0 0.105165 0.182793 0.006337 0.023920
0 0.105469 0.183256 0.006597 0.023920
0 0.105339 0.183256 0.006337 0.023920
0 0.105339 0.183410 0.006337 0.024228
0 0.105339 0.183410 0.006337 0.024228
0 0.105339 0.183642 0.006337 0.024691
0 0.105339 0.183873 0.006337 0.025154
0 0.105339 0.183873 0.006337 0.025154
0 0.105339 0.184105 0.006337 0.025617
0 0.105339 0.184105 0.006337 0.025617
0 0.105339 0.184336 0.006337 0.026080
0 0.105339 0.184491 0.006337 0.026389
0 0.105339 0.184491 0.006337 0.026389
0 0.105339 0.184491 0.006337 0.026389
0 0.105339 0.184491 0.006337 0.026389
0 0.105339 0.184491 0.006337 0.026389
0 0.105339 0.184491 0.006337 0.026389
0 0.105339 0.184491 0.006337 0.026389
0 0.105339 0.184491 0.006337 0.026389
0 0.105339 0.184491 0.006337 0.026389
0 0.105339 0.184491 0.006337 0.026389
0 0.105339 0.184491 0.006337 0.026389
0 0.105252 0.184954 0.006510 0.026389
0 0.105382 0.185802 0.006771 0.026543
0 0.105512 0.186420 0.007031 0.026852
0 0.105512 0.187346 0.007552 0.026852
0 0.105642 0.188040 0.007812 0.027315
0 0.105642 0.188580 0.007812 0.026852
0 0.105642 0.189275 0.008333 0.027315
0 0.105729 0.190201 0.008507 0.027315
0 0.105859 0.190741 0.008767 0.027778
0 0.105990 0.191667 0.009028 0.027778
0 0.105990 0.191667 0.009028 0.027778
0 0.106250 0.191667 0.009028 0.027778
0 0.106510 0.191667 0.009028 0.027778
0 0.106684 0.191667 0.009028 0.027778
0 0.106944 0.191667 0.009028 0.027778
0 0.107205 0.191667 0.009028 0.027778
0 0.107465 0.191667 0.009028 0.027778
0 0.107726 0.191667 0.009028 0.027778
0 0.107899 0.191667 0.009028 0.027778
0 0.108160 0.192130 0.009028 0.027778
0 0.108420 0.192130 0.009028 0.027778
0 0.108941 0.192130 0.009028 0.027778
0 0.109375 0.192593 0.009028 0.027778
0 0.109896 0.192593 0.009028 0.027778
0 0.110417 0.192901 0.009028 0.027778
0 0.110851 0.192901 0.009028 0.027778
0 0.111372 0.192901 0.009028 0.027778
0 0.111806 0.193364 0.009028 0.027778
0 0.112326 0.193364 0.009028 0.027778
0 0.112847 0.193827 0.009028 0.027778
0 0.112934 0.193827 0.008854 0.027778
0 0.113281 0.193827 0.008507 0.027778
0 0.113542 0.193827 0.008507 0.027778
0 0.113932 0.193827 0.008247 0.027778
0 0.114149 0.194059 0.008333 0.027315
0 0.114540 0.194059 0.008073 0.027315
0 0.114800 0.194059 0.008073 0.027315
0 0.115104 0.194059 0.007812 0.027315
0 0.115365 0.194059 0.007812 0.027315
0 0.115755 0.194522 0.007552 0.027315
0 0.115495 0.194522 0.007552 0.027315
0 0.115234 0.194522 0.007552 0.027315
0 0.115104 0.194522 0.007812 0.027315
0 0.114931 0.194522 0.007812 0.027315
0 0.114800 0.194522 0.008073 0.027315
0 0.114540 0.194753 0.008073 0.027778
0 0.114410 0.194753 0.008333 0.027778
0 0.114149 0.194753 0.008333 0.027778
0 0.114062 0.194753 0.008507 0.027778
0 0.113802 0.194753 0.008507 0.027778
