0 0.201649 0.184336 0.009028 0.016512
0 0.201649 0.185571 0.009028 0.016512
0 0.201910 0.187269 0.009028 0.016512
0 0.202170 0.188657 0.009028 0.016512
0 0.202170 0.190355 0.009028 0.016512
0 0.202344 0.192052 0.009028 0.016512
0 0.202604 0.193441 0.009028 0.016512
0 0.202604 0.195139 0.009028 0.016512
0 0.202865 0.196451 0.009028 0.016358
0 0.203125 0.198225 0.009028 0.016512
0 0.203385 0.199923 0.009028 0.016512
0 0.203385 0.200926 0.009028 0.016049
0 0.203559 0.202315 0.009028 0.016049
0 0.203819 0.203549 0.009028 0.016049
0 0.204080 0.204938 0.009028 0.016049
0 0.204340 0.206173 0.009028 0.016049
0 0.204601 0.207562 0.009028 0.016049
0 0.204774 0.208796 0.009028 0.016049
0 0.205035 0.210031 0.009028 0.016049
0 0.205295 0.211420 0.009028 0.016049
0 0.205556 0.212654 0.009028 0.016049
0 0.205556 0.213117 0.009028 0.016049
0 0.205556 0.214043 0.009028 0.016049
0 0.205816 0.214506 0.009028 0.016049
0 0.205816 0.215278 0.009028 0.016049
0 0.206033 0.215972 0.009115 0.016512
0 0.206033 0.216667 0.009115 0.016049
0 0.206033 0.217207 0.009115 0.016512
0 0.206250 0.217901 0.009028 0.016049
0 0.206250 0.218596 0.009028 0.016512
0 0.206510 0.219444 0.009028 0.016358
0 0.206641 0.219444 0.009288 0.016358
0 0.206771 0.219444 0.009549 0.016358
0 0.207031 0.219444 0.009549 0.016358
0 0.207118 0.219444 0.009722 0.016358
0 0.207509 0.219444 0.009983 0.016358
0 0.207639 0.219444 0.010243 0.016358
0 0.207769 0.219444 0.010503 0.016358
0 0.207986 0.219444 0.010417 0.016358
0 0.208116 0.219444 0.010677 0.016358
0 0.208464 0.219599 0.011024 0.016049
0 0.208464 0.219599 0.011024 0.016049
0 0.208724 0.219599 0.011024 0.016049
0 0.208724 0.219599 0.011024 0.016049
0 0.208941 0.219599 0.010937 0.016049
0 0.209201 0.220062 0.010937 0.016049
0 0.209201 0.220062 0.010937 0.016049
0 0.209462 0.220062 0.010937 0.016049
0 0.209462 0.220062 0.010937 0.016049
0 0.209679 0.220062 0.011024 0.016049
0 0.209939 0.220525 0.011024 0.016049
0 0.209679 0.220062 0.011024 0.016049
0 0.209679 0.220062 0.011024 0.016049
0 0.209679 0.220062 0.011024 0.016049
0 0.209462 0.219599 0.010937 0.016049
0 0.209462 0.219599 0.010937 0.016049
0 0.209462 0.219599 0.010937 0.016049
0 0.209201 0.219290 0.010937 0.016049
0 0.209201 0.219290 0.010937 0.016049
0 0.209201 0.219290 0.010937 0.016049
0 0.209201 0.219290 0.010937 0.016049
0 0.208464 0.218827 0.011024 0.016049
0 0.207986 0.218827 0.010937 0.016049
0 0.207509 0.218364 0.011024 0.016049
0 0.206988 0.218364 0.011024 0.016049
0 0.206510 0.217901 0.010937 0.016049
0 0.205773 0.217901 0.011024 0.016049
0 0.205295 0.217438 0.010937 0.016049
0 0.204818 0.217438 0.011024 0.016049
0 0.204340 0.216975 0.010937 0.016049
0 0.203819 0.216975 0.010937 0.016049
0 0.202734 0.216667 0.010677 0.016049
0 0.201736 0.216204 0.010243 0.016049
0 0.200781 0.215741 0.009722 0.016049
0 0.199696 0.215741 0.009462 0.016049
0 0.198828 0.215278 0.009288 0.016049
0 0.197873 0.214815 0.008767 0.016049
0 0.196745 0.214815 0.008594 0.016049
0 0.195790 0.214506 0.008073 0.016049
0 0.194835 0.214043 0.007552 0.016049
0 0.193967 0.214043 0.007378 0.016049
0 0.193229 0.213580 0.007292 0.015123
0 0.192708 0.213349 0.007292 0.014660
0 0.192144 0.213194 0.007031 0.014352
0 0.191493 0.212963 0.007292 0.013889
0 0.191016 0.212731 0.007378 0.013426
0 0.190408 0.212500 0.007031 0.012963
0 0.189800 0.212269 0.007378 0.012500
0 0.189193 0.212037 0.007031 0.012037
0 0.188715 0.211883 0.007118 0.011728
0 0.188238 0.211883 0.007031 0.010802
0 0.187977 0.212114 0.007031 0.011265
0 0.187977 0.212269 0.007031 0.011574
0 0.187717 0.212500 0.007031 0.012037
0 0.187717 0.212731 0.007031 0.012500
0 0.187500 0.212963 0.007118 0.012963
0 0.187500 0.213194 0.007118 0.013426
0 0.187240 0.213426 0.007118 0.013889
0 0.187240 0.213580 0.007118 0.014198
0 0.186979 0.213812 0.007118 0.014660
0 0.186979 0.214198 0.007118 0.014815
0 0.186762 0.213349 0.007031 0.014660
0 0.186762 0.212963 0.007031 0.014815
0 0.186502 0.212037 0.007031 0.014815
0 0.186502 0.211651 0.007031 0.014660
0 0.186285 0.211188 0.007118 0.014660
0 0.186285 0.210340 0.007118 0.014815
0 0.186024 0.209877 0.007118 0.014815
0 0.186024 0.209028 0.007118 0.014660
0 0.185764 0.208565 0.007118 0.014660
0 0.185764 0.208179 0.007118 0.014815
0 0.185547 0.206867 0.007031 0.014660
0 0.185286 0.205556 0.007031 0.014815
0 0.185069 0.204475 0.007118 0.014198
0 0.184809 0.203395 0.007118 0.014815
0 0.184549 0.202315 0.007118 0.014198
0 0.184332 0.201003 0.007031 0.014352
0 0.184071 0.199923 0.007031 0.014660
0 0.183811 0.198843 0.007031 0.014352
0 0.183594 0.197531 0.007118 0.014198
0 0.183333 0.196682 0.007118 0.014352
0 0.183073 0.194676 0.007118 0.014660
0 0.182856 0.192747 0.007031 0.015123
0 0.182595 0.191049 0.007031 0.015123
0 0.182595 0.189352 0.007031 0.016049
0 0.182378 0.187500 0.007118 0.016049
0 0.182118 0.185571 0.007118 0.016512
0 0.182118 0.183873 0.007118 0.017438
0 0.181858 0.182099 0.007118 0.017284
0 0.181641 0.180170 0.007031 0.017747
0 0.181641 0.178704 0.007031 0.018210
0 0.181380 0.176852 0.007031 0.018210
0 0.181163 0.175617 0.007118 0.018210
0 0.180903 0.174383 0.007118 0.018210
0 0.180642 0.172994 0.007118 0.018210
0 0.180425 0.171759 0.007031 0.018210
0 0.180165 0.169907 0.007031 0.018210
0 0.179905 0.168673 0.007031 0.018210
0 0.179688 0.167438 0.007118 0.018210
0 0.179427 0.166049 0.007118 0.018210
0 0.179427 0.164815 0.007118 0.018210
0 0.179210 0.163040 0.007031 0.018364
0 0.178950 0.161497 0.007031 0.017747
0 0.178819 0.160031 0.006771 0.017284
0 0.178602 0.158488 0.006858 0.016975
0 0.178602 0.157022 0.006858 0.016512
0 0.178342 0.155401 0.006858 0.016049
0 0.178082 0.153935 0.006858 0.015586
0 0.177951 0.152392 0.006597 0.015278
0 0.177691 0.150926 0.006597 0.014815
0 0.177691 0.149614 0.006597 0.014660
0 0.177691 0.148302 0.006597 0.014815
0 0.177951 0.147377 0.006597 0.014815
0 0.178212 0.146528 0.006597 0.014660
0 0.178472 0.145216 0.006597 0.014815
0 0.178733 0.144367 0.006597 0.014660
0 0.178733 0.143519 0.006597 0.014815
0 0.178950 0.142207 0.006510 0.014660
0 0.179167 0.141358 0.006597 0.014815
0 0.179427 0.140509 0.006597 0.014660
0 0.179688 0.139583 0.006597 0.014660
0 0.179688 0.139198 0.006597 0.014815
0 0.179948 0.138735 0.006597 0.014815
0 0.179948 0.138272 0.006597 0.014815
0 0.180165 0.137886 0.006510 0.014660
0 0.180165 0.137423 0.006510 0.014660
0 0.180382 0.137037 0.006597 0.014815
0 0.180382 0.136574 0.006597 0.014815
0 0.180642 0.136111 0.006597 0.014815
0 0.180642 0.135725 0.006597 0.014660
0 0.180903 0.135725 0.006597 0.014660
0 0.180903 0.135262 0.006597 0.014660
0 0.181163 0.135262 0.006597 0.014660
0 0.181163 0.134877 0.006597 0.014815
0 0.181424 0.134877 0.006597 0.014815
0 0.181510 0.134414 0.006771 0.014815
0 0.181597 0.134414 0.006597 0.014815
0 0.181727 0.133951 0.006858 0.014815
0 0.181988 0.133951 0.006858 0.014815
0 0.181988 0.133565 0.006858 0.014660
0 0.182248 0.133565 0.006858 0.014660
