0 0.177474 0.076929 0.004080 0.017747
0 0.177344 0.076466 0.004340 0.017747
0 0.177344 0.076466 0.004340 0.017747
0 0.177344 0.076466 0.004340 0.017747
0 0.177474 0.076466 0.004601 0.017747
0 0.177474 0.076466 0.004601 0.017747
0 0.177474 0.076003 0.004601 0.017747
0 0.177604 0.076003 0.004861 0.017747
0 0.177604 0.076003 0.004861 0.017747
0 0.177604 0.076003 0.004861 0.017747
0 0.177734 0.076003 0.005122 0.017747
0 0.177734 0.075617 0.005122 0.017901
0 0.177734 0.075617 0.005122 0.017901
0 0.177734 0.075231 0.005122 0.017747
0 0.177734 0.075231 0.005122 0.017747
0 0.177734 0.075231 0.005122 0.017747
0 0.177734 0.074769 0.005122 0.017747
0 0.177734 0.074769 0.005122 0.017747
0 0.177734 0.074306 0.005122 0.017747
0 0.177734 0.074306 0.005122 0.017747
0 0.177995 0.074306 0.005122 0.017747
0 0.177734 0.073843 0.005122 0.017747
0 0.177734 0.073843 0.005122 0.017747
0 0.177474 0.073457 0.005122 0.017901
0 0.177474 0.073457 0.005122 0.017901
0 0.177214 0.073457 0.005122 0.017901
0 0.177214 0.073071 0.005122 0.017747
0 0.176953 0.073071 0.005122 0.017747
0 0.176953 0.072608 0.005122 0.017747
0 0.176780 0.072608 0.005122 0.017747
0 0.176780 0.072608 0.005122 0.017747
0 0.176519 0.072145 0.005122 0.017747
0 0.176519 0.072145 0.005122 0.017747
0 0.176259 0.072145 0.005122 0.017747
0 0.176259 0.071682 0.005122 0.017747
0 0.175998 0.071682 0.005122 0.017747
0 0.175998 0.071682 0.005122 0.017747
0 0.175738 0.071296 0.005122 0.017901
0 0.175738 0.071296 0.005122 0.017901
0 0.175564 0.071296 0.005122 0.017901
0 0.175564 0.071296 0.005122 0.017901
0 0.175564 0.071296 0.005122 0.017901
0 0.175564 0.071296 0.005122 0.017901
0 0.175564 0.071296 0.005122 0.017901
0 0.175564 0.071296 0.005122 0.017901
0 0.175564 0.071296 0.005122 0.017901
0 0.175564 0.071296 0.005122 0.017901
0 0.175564 0.071296 0.005122 0.017901
0 0.175564 0.071296 0.005122 0.017901
0 0.175564 0.071296 0.005122 0.017901
0 0.175564 0.071296 0.005122 0.017901
0 0.175304 0.070833 0.005122 0.017901
0 0.175043 0.070833 0.005122 0.017901
0 0.174783 0.070448 0.005122 0.017747
0 0.174783 0.070448 0.005122 0.017747
0 0.174523 0.069985 0.005122 0.017747
0 0.174349 0.069985 0.005122 0.017747
0 0.174349 0.069522 0.005122 0.017747
0 0.174089 0.069522 0.005122 0.017747
0 0.173828 0.069136 0.005122 0.017901
0 0.173828 0.069136 0.005122 0.017901
0 0.173828 0.068673 0.005122 0.017901
0 0.173828 0.068673 0.005122 0.017901
0 0.173828 0.068287 0.005122 0.017747
0 0.173828 0.068287 0.005122 0.017747
0 0.173828 0.067824 0.005122 0.017747
0 0.173828 0.067824 0.005122 0.017747
0 0.173828 0.067361 0.005122 0.017747
0 0.173828 0.067361 0.005122 0.017747
0 0.173828 0.066898 0.005122 0.017747
0 0.173828 0.066898 0.005122 0.017747
0 0.173828 0.066898 0.005122 0.017747
0 0.173828 0.066898 0.005122 0.017747
0 0.173828 0.066898 0.005122 0.017747
0 0.173828 0.066898 0.005122 0.017747
0 0.173828 0.066898 0.005122 0.017747
0 0.173828 0.066898 0.005122 0.017747
0 0.173828 0.066898 0.005122 0.017747
0 0.173828 0.066898 0.005122 0.017747
0 0.173828 0.066898 0.005122 0.017747
0 0.173828 0.066898 0.005122 0.017747
0 0.173568 0.066512 0.005122 0.017901
0 0.173568 0.066127 0.005122 0.017747
0 0.173568 0.066127 0.005122 0.017747
0 0.173568 0.065664 0.005122 0.017747
0 0.173568 0.065664 0.005122 0.017747
0 0.173307 0.065201 0.005122 0.017747
0 0.173307 0.064738 0.005122 0.017747
0 0.173307 0.064738 0.005122 0.017747
0 0.173307 0.064352 0.005122 0.017901
0 0.173307 0.064352 0.005122 0.017901
0 0.172613 0.063966 0.005122 0.017747
0 0.171832 0.063966 0.005122 0.017747
0 0.171398 0.063503 0.005122 0.017747
0 0.170616 0.063503 0.005122 0.017747
0 0.170182 0.063040 0.005122 0.017747
0 0.169401 0.063040 0.005122 0.017747
0 0.168707 0.062577 0.005122 0.017747
0 0.168186 0.062577 0.005122 0.017747
0 0.167491 0.062191 0.005122 0.017901
0 0.166970 0.062191 0.005122 0.017901
0 0.165755 0.062191 0.005122 0.017901
0 0.164800 0.062191 0.005122 0.017901
0 0.163845 0.062191 0.005122 0.017901
0 0.162804 0.062577 0.005122 0.017747
0 0.161849 0.062577 0.005122 0.017747
0 0.160894 0.062577 0.005122 0.017747
0 0.159939 0.063040 0.005122 0.017747
0 0.158898 0.063040 0.005122 0.017747
0 0.157943 0.063040 0.005122 0.017747
0 0.156988 0.063503 0.005122 0.017747
0 0.156467 0.063503 0.005122 0.017747
0 0.156033 0.063503 0.005122 0.017747
0 0.155773 0.063503 0.005122 0.017747
0 0.155252 0.063503 0.005122 0.017747
0 0.154991 0.063503 0.005122 0.017747
0 0.154557 0.063503 0.005122 0.017747
0 0.154036 0.063503 0.005122 0.017747
0 0.153776 0.063503 0.005122 0.017747
0 0.153342 0.063503 0.005122 0.017747
0 0.153082 0.063503 0.005122 0.017747
0 0.152821 0.063040 0.005122 0.017747
0 0.152561 0.063040 0.005122 0.017747
0 0.152561 0.063040 0.005122 0.017747
0 0.152387 0.063040 0.005122 0.017747
0 0.152387 0.063040 0.005122 0.017747
0 0.152127 0.063040 0.005122 0.017747
0 0.151866 0.063040 0.005122 0.017747
0 0.151866 0.063040 0.005122 0.017747
0 0.151606 0.063040 0.005122 0.017747
0 0.151606 0.063040 0.005122 0.017747
0 0.151606 0.063040 0.005122 0.017747
0 0.151606 0.063040 0.005122 0.017747
0 0.151606 0.063040 0.005122 0.017747
0 0.151606 0.063040 0.005122 0.017747
0 0.151606 0.063040 0.005122 0.017747
0 0.151606 0.063040 0.005122 0.017747
0 0.151606 0.063040 0.005122 0.017747
0 0.151606 0.063040 0.005122 0.017747
0 0.151606 0.063040 0.005122 0.017747
0 0.151606 0.063040 0.005122 0.017747
0 0.151606 0.063040 0.005122 0.017747
0 0.151606 0.063040 0.005122 0.017747
0 0.151606 0.063040 0.005122 0.017747
0 0.151606 0.063040 0.005122 0.017747
0 0.151606 0.063040 0.005122 0.017747
0 0.151606 0.063040 0.005122 0.017747
0 0.151606 0.063040 0.005122 0.017747
0 0.151606 0.063040 0.005122 0.017747
0 0.151606 0.063040 0.005122 0.017747
0 0.151606 0.063040 0.005122 0.017747
0 0.151606 0.063040 0.005122 0.017747
0 0.151866 0.063040 0.005122 0.017747
0 0.151866 0.063040 0.005122 0.017747
0 0.152127 0.063040 0.005122 0.017747
0 0.152127 0.063040 0.005122 0.017747
0 0.152387 0.063040 0.005122 0.017747
0 0.152387 0.063040 0.005122 0.017747
0 0.152561 0.063040 0.005122 0.017747
0 0.152561 0.063040 0.005122 0.017747
0 0.152821 0.063040 0.005122 0.017747
0 0.152821 0.063040 0.005122 0.017747
0 0.153082 0.063040 0.005122 0.017747
0 0.153082 0.063040 0.005122 0.017747
0 0.153342 0.063040 0.005122 0.017747
0 0.153602 0.063040 0.005122 0.017747
0 0.153602 0.063040 0.005122 0.017747
0 0.153776 0.063040 0.005122 0.017747
0 0.153776 0.063040 0.005122 0.017747
0 0.154036 0.063040 0.005122 0.017747
0 0.154297 0.063040 0.005122 0.017747
0 0.154297 0.062809 0.005122 0.018210
0 0.154297 0.062809 0.005122 0.018210
0 0.154297 0.062809 0.005122 0.018210
0 0.154297 0.062577 0.005122 0.018673
0 0.154297 0.062577 0.005122 0.018673
0 0.154297 0.062577 0.005122 0.018673
0 0.154297 0.062346 0.005122 0.019136
0 0.154297 0.062346 0.005122 0.019136
0 0.154297 0.062346 0.005122 0.019136
0 0.154297 0.062346 0.005122 0.019136
