0 0.160026 0.073457 0.004948 0.017901
0 0.160026 0.073302 0.004948 0.018210
0 0.160156 0.073302 0.004687 0.018210
0 0.160286 0.073302 0.004427 0.018210
0 0.160547 0.073302 0.004427 0.018210
0 0.160677 0.073302 0.004167 0.018210
0 0.160807 0.073071 0.003906 0.018673
0 0.160981 0.073071 0.003906 0.018673
0 0.161111 0.073071 0.003646 0.018673
0 0.161241 0.073071 0.003385 0.018673
0 0.161502 0.073225 0.003385 0.018981
0 0.161502 0.073225 0.003385 0.018981
0 0.161632 0.073225 0.003646 0.018981
0 0.161762 0.073225 0.003385 0.018981
0 0.161892 0.073225 0.003646 0.018981
0 0.161979 0.073225 0.003472 0.018981
0 0.162109 0.073225 0.003733 0.018981
0 0.162109 0.073225 0.003733 0.018981
0 0.162326 0.073225 0.003646 0.018981
0 0.162326 0.073225 0.003646 0.018981
0 0.162587 0.073688 0.003646 0.018981
0 0.162717 0.073225 0.003906 0.018981
0 0.163108 0.073225 0.004167 0.018981
0 0.163455 0.073225 0.004340 0.018981
0 0.163672 0.073071 0.004427 0.018673
0 0.164062 0.073071 0.004687 0.018673
0 0.164410 0.072840 0.004861 0.019136
0 0.164670 0.072608 0.004861 0.018673
0 0.165061 0.072608 0.005122 0.018673
0 0.165408 0.072608 0.005295 0.018673
0 0.165755 0.072608 0.005642 0.018673
0 0.165625 0.072608 0.005382 0.018673
0 0.165755 0.072608 0.005122 0.018673
0 0.165885 0.072608 0.004861 0.018673
0 0.166016 0.072608 0.004601 0.018673
0 0.166146 0.072608 0.004340 0.018673
0 0.166146 0.072608 0.004340 0.018673
0 0.166233 0.072608 0.004167 0.018673
0 0.166363 0.072608 0.003906 0.018673
0 0.166493 0.072608 0.003646 0.018673
0 0.166623 0.072840 0.003385 0.019136
0 0.166884 0.072377 0.003385 0.019136
0 0.167231 0.072377 0.003733 0.019136
0 0.167448 0.072377 0.003646 0.019136
0 0.167839 0.072377 0.003906 0.019136
0 0.168099 0.072377 0.003906 0.019136
0 0.168446 0.072377 0.004080 0.019136
0 0.168707 0.072377 0.004080 0.019136
0 0.169054 0.072377 0.004427 0.019136
0 0.169314 0.072377 0.004427 0.019136
0 0.169661 0.072377 0.004601 0.019136
0 0.169922 0.072377 0.004601 0.019136
0 0.170182 0.072377 0.004601 0.019136
0 0.170399 0.072377 0.004687 0.019136
0 0.170660 0.072377 0.004687 0.019136
0 0.170877 0.072377 0.004601 0.019136
0 0.171137 0.072377 0.004601 0.019136
0 0.171398 0.072377 0.004601 0.019136
0 0.171615 0.072377 0.004687 0.019136
0 0.171875 0.072377 0.004687 0.019136
0 0.172352 0.072377 0.004601 0.019136
0 0.172613 0.072377 0.004601 0.019136
0 0.172830 0.072377 0.004687 0.019136
0 0.173090 0.072377 0.004687 0.019136
0 0.173351 0.072840 0.004687 0.019136
0 0.173568 0.072840 0.004601 0.019136
0 0.173828 0.072840 0.004601 0.019136
0 0.174089 0.073225 0.004601 0.018981
0 0.174306 0.073225 0.004687 0.018981
0 0.174566 0.073225 0.004687 0.018981
0 0.175043 0.073688 0.004601 0.018981
0 0.175304 0.073688 0.004601 0.018981
0 0.175521 0.073688 0.004687 0.018981
0 0.175781 0.073688 0.004687 0.018981
0 0.175998 0.073688 0.004601 0.018981
0 0.176259 0.073688 0.004601 0.018981
0 0.176519 0.073688 0.004601 0.018981
0 0.176736 0.073688 0.004687 0.018981
0 0.176997 0.073688 0.004687 0.018981
0 0.177214 0.073688 0.004601 0.018981
0 0.177734 0.074074 0.004601 0.019136
0 0.177734 0.074074 0.004601 0.019136
0 0.177995 0.074074 0.004601 0.019136
0 0.177995 0.074074 0.004601 0.019136
0 0.178212 0.074074 0.004687 0.019136
0 0.178472 0.074074 0.004687 0.019136
0 0.178472 0.074074 0.004687 0.019136
0 0.178689 0.074074 0.004601 0.019136
0 0.178689 0.074074 0.004601 0.019136
0 0.178950 0.074074 0.004601 0.019136
0 0.179210 0.074074 0.004601 0.019136
0 0.178950 0.074074 0.004601 0.019136
0 0.178950 0.074074 0.004601 0.019136
0 0.178819 0.074074 0.004861 0.019136
0 0.178689 0.074074 0.004601 0.019136
0 0.178689 0.074074 0.004601 0.019136
0 0.178559 0.074074 0.004861 0.019136
0 0.178472 0.074074 0.004687 0.019136
0 0.178342 0.074074 0.004948 0.019136
0 0.178342 0.074074 0.004948 0.019136
0 0.178342 0.074074 0.004948 0.019136
0 0.178125 0.074074 0.004861 0.019136
0 0.178125 0.074074 0.004861 0.019136
0 0.177865 0.074074 0.004861 0.019136
0 0.177865 0.074074 0.004861 0.019136
0 0.177734 0.074074 0.004601 0.019136
0 0.177604 0.074074 0.004861 0.019136
0 0.177474 0.074074 0.004601 0.019136
0 0.177344 0.074074 0.004861 0.019136
0 0.177214 0.074074 0.004601 0.019136
0 0.177214 0.074074 0.004601 0.019136
0 0.176519 0.074074 0.004601 0.019136
0 0.175998 0.074074 0.004601 0.019136
0 0.175304 0.074074 0.004601 0.019136
0 0.174783 0.074074 0.004601 0.019136
0 0.174089 0.074074 0.004601 0.019136
0 0.173568 0.074074 0.004601 0.019136
0 0.172830 0.074074 0.004687 0.019136
0 0.172352 0.074074 0.004601 0.019136
0 0.171615 0.074074 0.004687 0.019136
0 0.171137 0.074074 0.004601 0.019136
0 0.170399 0.074074 0.004687 0.019136
0 0.169661 0.074074 0.004601 0.019136
0 0.169184 0.074074 0.004687 0.019136
0 0.168446 0.074074 0.004601 0.019136
0 0.167969 0.074074 0.004687 0.019136
0 0.167231 0.074074 0.004601 0.019136
0 0.166493 0.074074 0.004687 0.019136
0 0.166016 0.074074 0.004601 0.019136
0 0.165278 0.074074 0.004687 0.019136
0 0.164800 0.074537 0.004601 0.019136
0 0.164062 0.074537 0.004687 0.019136
0 0.163325 0.074537 0.004601 0.019136
0 0.162587 0.074537 0.004687 0.019136
0 0.161849 0.074537 0.004601 0.019136
0 0.161155 0.074537 0.004601 0.019136
0 0.160417 0.074537 0.004687 0.019136
0 0.159679 0.074537 0.004601 0.019136
0 0.158941 0.074537 0.004687 0.019136
0 0.158203 0.074537 0.004601 0.019136
0 0.157726 0.074537 0.004687 0.019136
0 0.156988 0.074537 0.004601 0.019136
0 0.156250 0.075000 0.004687 0.019136
0 0.155512 0.075000 0.004601 0.019136
0 0.154774 0.075386 0.004687 0.018981
0 0.154167 0.075386 0.004861 0.018981
0 0.153472 0.075849 0.004861 0.018981
0 0.152691 0.075849 0.004861 0.018981
0 0.151997 0.076235 0.004861 0.019136
0 0.151259 0.076235 0.004948 0.019136
0 0.150781 0.076698 0.004861 0.019136
0 0.149783 0.076698 0.004948 0.019136
0 0.149045 0.076698 0.004861 0.019136
0 0.148351 0.076698 0.004861 0.019136
0 0.147483 0.076698 0.004687 0.019136
0 0.146745 0.076698 0.004601 0.019136
0 0.145877 0.076698 0.004948 0.019136
0 0.145009 0.076698 0.004601 0.019136
0 0.144314 0.076698 0.004601 0.019136
0 0.143576 0.076698 0.004687 0.019136
0 0.142839 0.076698 0.004601 0.019136
0 0.141840 0.076698 0.004687 0.019136
0 0.141102 0.077160 0.004601 0.019136
0 0.140148 0.077160 0.004601 0.019136
0 0.139410 0.077623 0.004687 0.019136
0 0.138542 0.077623 0.004861 0.019136
0 0.137717 0.078009 0.004601 0.018981
0 0.136849 0.078009 0.004948 0.018981
0 0.135981 0.078395 0.004601 0.019136
0 0.135156 0.078395 0.004861 0.019136
0 0.134418 0.078858 0.004948 0.019136
0 0.133811 0.078858 0.004601 0.019136
0 0.133290 0.078858 0.004601 0.019136
0 0.132812 0.079090 0.004687 0.018673
0 0.132335 0.079321 0.004601 0.019136
0 0.131858 0.079321 0.004687 0.019136
0 0.131380 0.079552 0.004601 0.018673
0 0.130859 0.079552 0.004601 0.018673
0 0.130382 0.079784 0.004687 0.019136
0 0.129905 0.080015 0.004601 0.018673
0 0.129427 0.080015 0.004687 0.018673
