0 0.023047 0.039815 0.008073 0.021605
0 0.022526 0.039429 0.008073 0.021759
0 0.022049 0.039429 0.007986 0.021759
0 0.021571 0.039429 0.008073 0.021759
0 0.021050 0.039429 0.008073 0.021759
0 0.020790 0.039429 0.008073 0.021759
0 0.020356 0.039198 0.008073 0.022222
0 0.019835 0.039198 0.008073 0.022222
0 0.019358 0.039198 0.007986 0.022222
0 0.018880 0.039198 0.008073 0.022222
0 0.018620 0.039198 0.008073 0.022222
0 0.018359 0.039198 0.008073 0.022222
0 0.018359 0.039198 0.008073 0.022222
0 0.018142 0.039198 0.007986 0.022222
0 0.018142 0.039198 0.007986 0.022222
0 0.018142 0.039583 0.007986 0.022068
0 0.017925 0.039583 0.008073 0.022068
0 0.017925 0.039583 0.008073 0.022068
0 0.017665 0.039583 0.008073 0.022068
0 0.017665 0.039583 0.008073 0.022068
0 0.017665 0.040046 0.008073 0.022068
0 0.017665 0.039583 0.008073 0.022068
0 0.017665 0.039583 0.008073 0.022068
0 0.017665 0.039583 0.008073 0.022068
0 0.017665 0.039583 0.008073 0.022068
0 0.017665 0.039583 0.008073 0.022068
0 0.017665 0.039198 0.008073 0.022222
0 0.017665 0.039198 0.008073 0.022222
0 0.017665 0.039198 0.008073 0.022222
0 0.017665 0.039198 0.008073 0.022222
0 0.017665 0.039198 0.008073 0.022222
0 0.017665 0.038966 0.008073 0.021759
0 0.017665 0.038966 0.008073 0.021759
0 0.017665 0.038966 0.008073 0.021759
0 0.017665 0.038735 0.008073 0.021296
0 0.017665 0.038735 0.008073 0.021296
0 0.017665 0.038735 0.008073 0.021296
0 0.017665 0.038503 0.008073 0.020833
0 0.017665 0.038503 0.008073 0.020833
0 0.017665 0.038503 0.008073 0.020833
0 0.017665 0.038735 0.008073 0.020370
0 0.017405 0.038735 0.008073 0.020370
0 0.017405 0.038966 0.008073 0.020833
0 0.017405 0.038966 0.008073 0.020833
0 0.017144 0.039198 0.008073 0.021296
0 0.017144 0.039198 0.008073 0.021296
0 0.017144 0.039429 0.008073 0.021759
0 0.016884 0.039429 0.008073 0.021759
0 0.016884 0.039583 0.008073 0.022068
0 0.016884 0.039583 0.008073 0.022068
0 0.016884 0.040046 0.008073 0.022068
0 0.016450 0.040046 0.008073 0.022068
0 0.015929 0.040046 0.008073 0.022068
0 0.015668 0.040509 0.008073 0.022068
0 0.015234 0.040509 0.008073 0.022068
0 0.014974 0.040895 0.008073 0.022222
0 0.014453 0.040895 0.008073 0.022222
0 0.014019 0.040895 0.008073 0.022222
0 0.013759 0.041358 0.008073 0.022222
0 0.013238 0.041358 0.008073 0.022222
0 0.013021 0.041744 0.007986 0.022068
0 0.012543 0.041744 0.008073 0.022068
0 0.012283 0.041744 0.008073 0.022068
0 0.012023 0.041744 0.008073 0.022068
0 0.011762 0.042207 0.008073 0.022068
0 0.011545 0.042207 0.007986 0.022068
0 0.011068 0.042207 0.008073 0.022068
0 0.010807 0.042670 0.008073 0.022068
0 0.010547 0.042670 0.008073 0.022068
0 0.010330 0.042670 0.007986 0.022068
0 0.010113 0.043133 0.008073 0.022068
0 0.009852 0.043133 0.008073 0.022068
0 0.009592 0.043133 0.008073 0.022068
0 0.009592 0.043133 0.008073 0.022068
0 0.009332 0.043133 0.008073 0.022068
0 0.009332 0.043133 0.008073 0.022068
0 0.009115 0.043133 0.007986 0.022068
0 0.008854 0.043133 0.007986 0.022068
0 0.008854 0.043133 0.007986 0.022068
0 0.008637 0.043133 0.008073 0.022068
0 0.008637 0.043287 0.008073 0.021759
0 0.008637 0.043287 0.008073 0.021759
0 0.008854 0.043287 0.007986 0.021759
0 0.008854 0.043750 0.007986 0.021759
0 0.009115 0.043750 0.007986 0.021759
0 0.009332 0.044213 0.008073 0.021759
0 0.009332 0.044213 0.008073 0.021759
0 0.009592 0.044213 0.008073 0.021759
0 0.009592 0.044599 0.008073 0.021605
0 0.009852 0.044599 0.008073 0.021605
0 0.010113 0.045062 0.008073 0.021605
0 0.010113 0.045062 0.008073 0.021605
0 0.010113 0.045062 0.008073 0.021605
0 0.010113 0.045062 0.008073 0.021605
0 0.010113 0.045062 0.008073 0.021605
0 0.010330 0.045293 0.007986 0.022068
0 0.010330 0.045293 0.007986 0.022068
0 0.010330 0.045293 0.007986 0.022068
0 0.010330 0.045293 0.007986 0.022068
0 0.010330 0.045293 0.007986 0.022068
0 0.010547 0.045679 0.008073 0.022222
0 0.010330 0.045679 0.007986 0.022222
0 0.010113 0.046142 0.008073 0.022222
0 0.009852 0.046142 0.008073 0.022222
0 0.009592 0.046528 0.008073 0.022068
0 0.009592 0.046528 0.008073 0.022068
0 0.009332 0.046991 0.008073 0.022068
0 0.009115 0.046991 0.007986 0.022068
0 0.008854 0.047454 0.007986 0.022068
0 0.008637 0.047454 0.008073 0.022068
0 0.008637 0.047840 0.008073 0.022222
0 0.008377 0.047840 0.008073 0.022222
0 0.008377 0.047840 0.008073 0.022222
0 0.008377 0.048302 0.008073 0.022222
0 0.008377 0.048302 0.008073 0.022222
0 0.008377 0.048688 0.008073 0.022068
0 0.008377 0.048688 0.008073 0.022068
0 0.008377 0.048688 0.008073 0.022068
0 0.008377 0.049151 0.008073 0.022068
0 0.008377 0.049151 0.008073 0.022068
0 0.008377 0.049614 0.008073 0.022068
0 0.008377 0.049383 0.008073 0.022531
0 0.008507 0.049383 0.007812 0.022531
0 0.008637 0.049614 0.007552 0.022994
0 0.008767 0.049614 0.007292 0.022994
0 0.008854 0.049846 0.007118 0.023457
0 0.008854 0.049846 0.007118 0.023457
0 0.008984 0.049846 0.006858 0.023457
0 0.009115 0.050000 0.006597 0.023765
0 0.009245 0.050000 0.006337 0.023765
0 0.009375 0.050231 0.006076 0.024228
0 0.009505 0.050231 0.006337 0.024228
0 0.009679 0.050231 0.006337 0.024228
0 0.009939 0.050231 0.006337 0.024228
0 0.010200 0.050463 0.006337 0.023765
0 0.010590 0.050694 0.006597 0.024228
0 0.010720 0.050694 0.006858 0.024228
0 0.010937 0.050926 0.006771 0.023765
0 0.011155 0.050926 0.006858 0.023765
0 0.011415 0.050926 0.006858 0.023765
0 0.011806 0.051312 0.007118 0.023920
0 0.012023 0.051312 0.007031 0.023920
0 0.012283 0.051312 0.007031 0.023920
0 0.012543 0.051775 0.007031 0.023920
0 0.012760 0.051775 0.007118 0.023920
0 0.013021 0.052238 0.007118 0.023920
0 0.013238 0.052238 0.007031 0.023920
0 0.013498 0.052238 0.007031 0.023920
0 0.013759 0.052623 0.007031 0.023765
0 0.013976 0.052623 0.007118 0.023765
0 0.014497 0.053086 0.007118 0.023765
0 0.014497 0.053086 0.007118 0.023765
0 0.014714 0.053086 0.007031 0.023765
0 0.014974 0.053318 0.007031 0.024228
0 0.015191 0.053318 0.007118 0.024228
0 0.015451 0.053549 0.007118 0.024691
0 0.015451 0.053549 0.007118 0.024691
0 0.015712 0.053549 0.007118 0.024691
0 0.015929 0.053781 0.007031 0.025154
0 0.016189 0.053781 0.007031 0.025154
0 0.016406 0.054090 0.007118 0.025154
0 0.016667 0.054090 0.007118 0.025154
0 0.016927 0.054090 0.007118 0.025154
0 0.017144 0.054090 0.007031 0.025154
0 0.017405 0.054090 0.007031 0.025154
0 0.017882 0.054090 0.007118 0.025154
0 0.018142 0.054090 0.007118 0.025154
0 0.018403 0.054090 0.007118 0.025154
0 0.018620 0.054090 0.007031 0.025154
0 0.018880 0.054090 0.007031 0.025154
0 0.019358 0.054552 0.007118 0.025154
0 0.019618 0.054090 0.007118 0.025154
0 0.019835 0.054090 0.007031 0.025154
0 0.020095 0.054090 0.007031 0.025154
0 0.020312 0.054090 0.007118 0.025154
0 0.020703 0.054090 0.007378 0.025154
0 0.020920 0.054090 0.007292 0.025154
0 0.021181 0.054090 0.007292 0.025154
0 0.021441 0.054090 0.007292 0.025154
0 0.021701 0.054090 0.007292 0.025154
0 0.022135 0.054090 0.007292 0.025154
