0 0.168924 0.109259 0.003646 0.018210
0 0.168663 0.109259 0.003646 0.018210
0 0.168663 0.109259 0.003646 0.018210
0 0.168490 0.109259 0.003646 0.018210
0 0.168490 0.109259 0.003646 0.018210
0 0.168229 0.109259 0.003646 0.018210
0 0.168229 0.109259 0.003646 0.018210
0 0.167969 0.109259 0.003646 0.018210
0 0.167969 0.109259 0.003646 0.018210
0 0.167708 0.109259 0.003646 0.018210
0 0.167708 0.109259 0.003646 0.018210
0 0.167448 0.109259 0.003646 0.018210
0 0.167318 0.109722 0.003906 0.018210
0 0.167231 0.109722 0.004080 0.018210
0 0.167144 0.110108 0.003906 0.018364
0 0.167014 0.110108 0.004167 0.018364
0 0.166884 0.110494 0.004427 0.018210
0 0.166753 0.110494 0.004167 0.018210
0 0.166623 0.110957 0.004427 0.018210
0 0.166493 0.110957 0.004687 0.018210
0 0.166493 0.111420 0.004687 0.018210
0 0.166493 0.111420 0.004687 0.018210
0 0.166493 0.111420 0.004687 0.018210
0 0.166493 0.111420 0.004687 0.018210
0 0.166493 0.111420 0.004687 0.018210
0 0.166493 0.111420 0.004687 0.018210
0 0.166493 0.111420 0.004687 0.018210
0 0.166493 0.111420 0.004687 0.018210
0 0.166493 0.111420 0.004687 0.018210
0 0.166493 0.111420 0.004687 0.018210
0 0.166493 0.111420 0.004687 0.018210
0 0.166493 0.111420 0.004687 0.018210
0 0.166493 0.111420 0.004687 0.018210
0 0.166493 0.111420 0.004687 0.018210
0 0.166493 0.111420 0.004687 0.018210
0 0.166493 0.111420 0.004687 0.018210
0 0.166493 0.111420 0.004687 0.018210
0 0.166493 0.111420 0.004687 0.018210
0 0.166493 0.111420 0.004687 0.018210
0 0.166493 0.111420 0.004687 0.018210
0 0.166493 0.111420 0.004687 0.018210
0 0.166493 0.111420 0.004687 0.018210
0 0.166493 0.111420 0.004687 0.018210
0 0.166493 0.111420 0.004687 0.018210
0 0.166493 0.111420 0.004687 0.018210
0 0.166493 0.111420 0.004687 0.018210
0 0.166493 0.111420 0.004687 0.018210
0 0.166493 0.111420 0.004687 0.018210
0 0.166493 0.111420 0.004687 0.018210
0 0.166493 0.111420 0.004687 0.018210
0 0.166493 0.111420 0.004687 0.018210
0 0.166493 0.111420 0.004687 0.018210
0 0.166493 0.111420 0.004687 0.018210
0 0.166493 0.111420 0.004687 0.018210
0 0.166493 0.111420 0.004687 0.018210
0 0.166493 0.111420 0.004687 0.018210
0 0.166493 0.111420 0.004687 0.018210
0 0.166493 0.111420 0.004687 0.018210
0 0.166493 0.111420 0.004687 0.018210
0 0.166493 0.111420 0.004687 0.018210
0 0.166493 0.111420 0.004687 0.018210
0 0.166493 0.111420 0.004687 0.018210
0 0.166493 0.111420 0.004687 0.018210
0 0.166493 0.111420 0.004687 0.018210
0 0.166493 0.111420 0.004687 0.018210
0 0.166493 0.111420 0.004687 0.018210
0 0.166493 0.111420 0.004687 0.018210
0 0.166493 0.111420 0.004687 0.018210
0 0.166493 0.111420 0.004687 0.018210
0 0.166493 0.111420 0.004687 0.018210
0 0.166493 0.111420 0.004687 0.018210
0 0.166493 0.111420 0.004687 0.018210
0 0.166493 0.111420 0.004687 0.018210
0 0.166493 0.111420 0.004687 0.018210
0 0.166493 0.111420 0.004687 0.018210
0 0.166493 0.111420 0.004687 0.018210
0 0.166493 0.111420 0.004687 0.018210
0 0.166493 0.111420 0.004687 0.018210
0 0.166493 0.111420 0.004687 0.018210
0 0.166493 0.111420 0.004687 0.018210
0 0.166493 0.111420 0.004687 0.018210
0 0.166493 0.111420 0.004687 0.018210
0 0.166493 0.111420 0.004687 0.018210
0 0.166493 0.111420 0.004687 0.018210
0 0.166493 0.111420 0.004687 0.018210
0 0.166493 0.111420 0.004687 0.018210
0 0.166493 0.111420 0.004687 0.018210
0 0.166493 0.111420 0.004687 0.018210
0 0.166493 0.111420 0.004687 0.018210
0 0.166493 0.111420 0.004687 0.018210
0 0.166493 0.111420 0.004687 0.018210
0 0.166493 0.111420 0.004687 0.018210
0 0.166493 0.111420 0.004687 0.018210
0 0.166493 0.111420 0.004687 0.018210
0 0.166493 0.111420 0.004687 0.018210
0 0.166493 0.111420 0.004687 0.018210
0 0.166493 0.111420 0.004687 0.018210
0 0.166493 0.111420 0.004687 0.018210
0 0.166493 0.111420 0.004687 0.018210
0 0.166493 0.111420 0.004687 0.018210
0 0.166493 0.111420 0.004687 0.018210
0 0.166493 0.111420 0.004687 0.018210
0 0.166493 0.111420 0.004687 0.018210
0 0.166493 0.111420 0.004687 0.018210
0 0.166493 0.111420 0.004687 0.018210
0 0.166493 0.111420 0.004687 0.018210
0 0.166493 0.111420 0.004687 0.018210
0 0.166493 0.111420 0.004687 0.018210
0 0.166493 0.111420 0.004687 0.018210
0 0.166493 0.111420 0.004687 0.018210
0 0.166493 0.111420 0.004687 0.018210
0 0.166493 0.111420 0.004687 0.018210
0 0.166493 0.111420 0.004687 0.018210
0 0.166493 0.111420 0.004687 0.018210
0 0.166493 0.111420 0.004687 0.018210
0 0.166493 0.111420 0.004687 0.018210
0 0.166493 0.111420 0.004687 0.018210
0 0.166493 0.111420 0.004687 0.018210
0 0.166493 0.111420 0.004687 0.018210
0 0.166493 0.111420 0.004687 0.018210
0 0.166493 0.111420 0.004687 0.018210
0 0.166493 0.111420 0.004687 0.018210
0 0.166493 0.111420 0.004687 0.018210
0 0.166493 0.111420 0.004687 0.018210
0 0.166493 0.111420 0.004687 0.018210
0 0.166493 0.111420 0.004687 0.018210
0 0.166493 0.111420 0.004687 0.018210
0 0.166493 0.111420 0.004687 0.018210
0 0.166493 0.111420 0.004687 0.018210
0 0.166493 0.111420 0.004687 0.018210
0 0.166493 0.111420 0.004687 0.018210
0 0.166493 0.111420 0.004687 0.018210
0 0.166493 0.111420 0.004687 0.018210
0 0.166493 0.111420 0.004687 0.018210
0 0.166493 0.111420 0.004687 0.018210
0 0.166493 0.111420 0.004687 0.018210
0 0.166493 0.111420 0.004687 0.018210
0 0.166493 0.111420 0.004687 0.018210
0 0.166493 0.111420 0.004687 0.018210
0 0.166493 0.111420 0.004687 0.018210
0 0.166493 0.111420 0.004687 0.018210
0 0.166493 0.111420 0.004687 0.018210
0 0.166493 0.111420 0.004687 0.018210
0 0.166493 0.111420 0.004687 0.018210
0 0.166493 0.111420 0.004687 0.018210
0 0.166493 0.111420 0.004687 0.018210
0 0.166493 0.111420 0.004687 0.018210
0 0.166493 0.111420 0.004687 0.018210
0 0.166493 0.111420 0.004687 0.018210
0 0.166493 0.111420 0.004687 0.018210
0 0.166493 0.111420 0.004687 0.018210
0 0.166493 0.111420 0.004687 0.018210
0 0.166493 0.111420 0.004687 0.018210
0 0.166493 0.111420 0.004687 0.018210
0 0.166493 0.111420 0.004687 0.018210
0 0.166493 0.111420 0.004687 0.018210
0 0.166493 0.111420 0.004687 0.018210
0 0.166493 0.111420 0.004687 0.018210
0 0.166493 0.111420 0.004687 0.018210
0 0.166493 0.111420 0.004687 0.018210
0 0.166493 0.111420 0.004687 0.018210
0 0.166493 0.111420 0.004687 0.018210
0 0.166493 0.111420 0.004687 0.018210
0 0.166493 0.111420 0.004687 0.018210
0 0.166493 0.111420 0.004687 0.018210
0 0.166493 0.111420 0.004687 0.018210
0 0.166493 0.111420 0.004687 0.018210
0 0.166493 0.111420 0.004687 0.018210
0 0.166493 0.111420 0.004687 0.018210
0 0.166493 0.111420 0.004687 0.018210
0 0.166493 0.111420 0.004687 0.018210
0 0.166493 0.111420 0.004687 0.018210
0 0.166493 0.111420 0.004687 0.018210
0 0.166493 0.111420 0.004687 0.018210
0 0.166493 0.111420 0.004687 0.018210
0 0.166493 0.111420 0.004687 0.018210
0 0.166493 0.111420 0.004687 0.018210
0 0.166493 0.111420 0.004687 0.018210
0 0.166493 0.111420 0.004687 0.018210
0 0.166493 0.111420 0.004687 0.018210
0 0.166493 0.111420 0.004687 0.018210
