0 0.145269 0.087809 0.003212 0.011728
0 0.145009 0.087809 0.003212 0.011728
0 0.145009 0.087809 0.003212 0.011728
0 0.144792 0.087809 0.003125 0.011728
0 0.144792 0.087809 0.003125 0.011728
0 0.144792 0.087809 0.003125 0.011728
0 0.144531 0.087809 0.003125 0.011728
0 0.144531 0.087809 0.003125 0.011728
0 0.144314 0.087809 0.003212 0.011728
0 0.144314 0.087809 0.003212 0.011728
0 0.144314 0.088272 0.003212 0.011728
0 0.144054 0.088272 0.003212 0.011728
0 0.143793 0.088272 0.003212 0.011728
0 0.143576 0.088272 0.003125 0.011728
0 0.143576 0.088272 0.003125 0.011728
0 0.143316 0.088272 0.003125 0.011728
0 0.143056 0.088272 0.003125 0.011728
0 0.143056 0.088272 0.003125 0.011728
0 0.142839 0.088272 0.003212 0.011728
0 0.142578 0.088272 0.003212 0.011728
0 0.142578 0.088580 0.003212 0.011728
0 0.142361 0.088272 0.003125 0.011728
0 0.142231 0.088272 0.002865 0.011728
0 0.141970 0.088272 0.002865 0.011728
0 0.141970 0.088272 0.002865 0.011728
0 0.141753 0.088272 0.002951 0.011728
0 0.141623 0.088272 0.002691 0.011728
0 0.141493 0.088272 0.002951 0.011728
0 0.141363 0.088272 0.002691 0.011728
0 0.141102 0.088272 0.002691 0.011728
0 0.141102 0.088272 0.002691 0.011728
0 0.140842 0.088272 0.002691 0.011728
0 0.140755 0.088272 0.002865 0.011728
0 0.140668 0.088272 0.002691 0.011728
0 0.140538 0.088272 0.002951 0.011728
0 0.140538 0.088426 0.002951 0.012037
0 0.140278 0.088426 0.002951 0.012037
0 0.140148 0.088426 0.003212 0.012037
0 0.140017 0.088426 0.002951 0.012037
0 0.139887 0.088426 0.003212 0.012037
0 0.139887 0.088812 0.003212 0.012191
0 0.139670 0.088812 0.003125 0.012191
0 0.139410 0.088812 0.003125 0.012191
0 0.139193 0.088812 0.003212 0.012191
0 0.138932 0.088812 0.003212 0.012191
0 0.138672 0.088812 0.003212 0.012191
0 0.138455 0.088812 0.003125 0.012191
0 0.138194 0.088812 0.003125 0.012191
0 0.137934 0.088812 0.003125 0.012191
0 0.137717 0.088812 0.003212 0.012191
0 0.137717 0.088812 0.003212 0.012191
0 0.137457 0.088812 0.003212 0.012191
0 0.137196 0.088812 0.003212 0.012191
0 0.137066 0.089043 0.002951 0.012654
0 0.136849 0.089043 0.002865 0.012654
0 0.136762 0.089506 0.002691 0.012654
0 0.136502 0.089506 0.002691 0.012654
0 0.136241 0.089506 0.002691 0.012654
0 0.136111 0.089738 0.002431 0.013117
0 0.135851 0.089738 0.002431 0.013117
0 0.135851 0.090123 0.002431 0.012963
0 0.135851 0.089738 0.002431 0.013117
0 0.135851 0.089738 0.002431 0.013117
0 0.135851 0.089506 0.002431 0.013580
0 0.135981 0.089275 0.002691 0.013117
0 0.136111 0.089275 0.002431 0.013117
0 0.136111 0.089120 0.002431 0.013426
0 0.136241 0.088889 0.002691 0.012963
0 0.136241 0.088657 0.002691 0.013426
0 0.136241 0.088657 0.002691 0.013426
0 0.136502 0.088657 0.002691 0.013426
0 0.136762 0.088657 0.002691 0.013426
0 0.136936 0.089120 0.002691 0.013426
0 0.137196 0.089506 0.002691 0.013580
0 0.137457 0.089506 0.002691 0.013580
0 0.137977 0.089892 0.002691 0.013426
0 0.138194 0.090355 0.002604 0.013426
0 0.138411 0.090355 0.002691 0.013426
0 0.138672 0.090818 0.002691 0.013426
0 0.138932 0.091281 0.002691 0.013426
0 0.139453 0.091667 0.002691 0.013580
0 0.139887 0.091667 0.002691 0.013580
0 0.140408 0.091667 0.002691 0.013580
0 0.140972 0.091667 0.002951 0.013580
0 0.141493 0.091667 0.002951 0.013580
0 0.142231 0.091667 0.002865 0.013580
0 0.142708 0.091667 0.002951 0.013580
0 0.143186 0.091667 0.002865 0.013580
0 0.143793 0.091667 0.003212 0.013580
0 0.144314 0.091667 0.003212 0.013580
0 0.145009 0.091667 0.003212 0.013580
0 0.145269 0.091281 0.003212 0.013426
0 0.145747 0.091281 0.003125 0.013426
0 0.146224 0.091281 0.003212 0.013426
0 0.146745 0.091281 0.003212 0.013426
0 0.147222 0.091281 0.003125 0.013426
0 0.147483 0.091049 0.003125 0.012963
0 0.147960 0.091049 0.003212 0.012963
0 0.148438 0.091049 0.003125 0.012963
0 0.148915 0.091049 0.003212 0.012963
0 0.149436 0.091049 0.003212 0.012963
0 0.149436 0.091049 0.003212 0.012963
0 0.149566 0.091049 0.002951 0.012963
0 0.149653 0.091049 0.003125 0.012963
0 0.149783 0.091049 0.002865 0.012963
0 0.150000 0.091049 0.002951 0.012963
0 0.150000 0.091049 0.002951 0.012963
0 0.150130 0.091049 0.002691 0.012963
0 0.150260 0.091049 0.002951 0.012963
0 0.150391 0.091049 0.002691 0.012963
0 0.150651 0.091435 0.002691 0.013117
0 0.150651 0.091435 0.002691 0.013117
0 0.150651 0.091435 0.002691 0.013117
0 0.150651 0.091435 0.002691 0.013117
0 0.150651 0.091435 0.002691 0.013117
0 0.150911 0.091435 0.002691 0.013117
0 0.150911 0.091435 0.002691 0.013117
0 0.150911 0.091435 0.002691 0.013117
0 0.150911 0.091435 0.002691 0.013117
0 0.150911 0.091435 0.002691 0.013117
0 0.151128 0.091898 0.002604 0.013117
0 0.150911 0.091898 0.002691 0.013117
0 0.150911 0.091898 0.002691 0.013117
0 0.150911 0.092284 0.002691 0.012963
0 0.150651 0.092284 0.002691 0.012963
0 0.150651 0.092747 0.002691 0.012963
0 0.150651 0.092747 0.002691 0.012963
0 0.150391 0.092747 0.002691 0.012963
0 0.150391 0.093210 0.002691 0.012963
0 0.150391 0.093210 0.002691 0.012963
0 0.150391 0.093673 0.002691 0.012963
0 0.150130 0.093673 0.002691 0.012963
0 0.150130 0.093673 0.002691 0.012963
0 0.150130 0.093673 0.002691 0.012963
0 0.150000 0.093673 0.002951 0.012963
0 0.150000 0.093673 0.002951 0.012963
0 0.150000 0.093673 0.002951 0.012963
0 0.149913 0.093673 0.003125 0.012963
0 0.149913 0.093673 0.003125 0.012963
0 0.149913 0.093673 0.003125 0.012963
0 0.149913 0.094059 0.003125 0.013117
0 0.149436 0.094059 0.003212 0.013117
0 0.149175 0.094059 0.003212 0.013117
0 0.148915 0.094059 0.003212 0.013117
0 0.148698 0.094059 0.003125 0.013117
0 0.148438 0.094059 0.003125 0.013117
0 0.148220 0.094059 0.003212 0.013117
0 0.147960 0.094059 0.003212 0.013117
0 0.147700 0.094059 0.003212 0.013117
0 0.147483 0.094059 0.003125 0.013117
0 0.147222 0.094059 0.003125 0.013117
0 0.146745 0.094059 0.003212 0.013117
0 0.146484 0.094059 0.003212 0.013117
0 0.146224 0.094059 0.003212 0.013117
0 0.146007 0.094059 0.003125 0.013117
0 0.145747 0.094213 0.003125 0.013426
0 0.145269 0.094213 0.003212 0.013426
0 0.145009 0.094213 0.003212 0.013426
0 0.144792 0.094213 0.003125 0.013426
0 0.144531 0.094213 0.003125 0.013426
0 0.144314 0.094676 0.003212 0.013426
0 0.144054 0.094676 0.003212 0.013426
0 0.143924 0.094676 0.002951 0.013426
0 0.143793 0.094676 0.003212 0.013426
0 0.143663 0.094676 0.002951 0.013426
0 0.143663 0.094676 0.002951 0.013426
0 0.143446 0.094676 0.002865 0.013426
0 0.143316 0.094676 0.002604 0.013426
0 0.143186 0.094676 0.002865 0.013426
0 0.143099 0.094676 0.002691 0.013426
0 0.143099 0.095139 0.002691 0.013426
0 0.142578 0.095139 0.002691 0.013426
0 0.142101 0.095602 0.002604 0.013426
0 0.141753 0.096065 0.002951 0.013426
0 0.141363 0.096219 0.002691 0.013117
0 0.140842 0.096682 0.002691 0.013117
0 0.140538 0.096836 0.002951 0.013426
0 0.140017 0.097299 0.002951 0.013426
0 0.139627 0.097531 0.002691 0.012963
0 0.139323 0.097994 0.002951 0.012963
0 0.138802 0.098380 0.002951 0.013117
