0 0.219444 0.129167 0.003646 0.017284
0 0.219705 0.129167 0.003646 0.017284
0 0.219965 0.129630 0.003646 0.017284
0 0.220182 0.130093 0.003733 0.017284
0 0.220399 0.130478 0.003646 0.017438
0 0.220920 0.130941 0.003646 0.017438
0 0.221181 0.130941 0.003646 0.017438
0 0.221441 0.131327 0.003646 0.017284
0 0.221615 0.131790 0.003646 0.017284
0 0.221875 0.132253 0.003646 0.017284
0 0.222396 0.132639 0.003646 0.017438
0 0.222526 0.132639 0.003385 0.017438
0 0.222743 0.133102 0.003472 0.017438
0 0.223003 0.133565 0.003472 0.017438
0 0.223220 0.133796 0.003385 0.016975
0 0.223481 0.134182 0.003385 0.016821
0 0.223741 0.134645 0.003385 0.016821
0 0.223958 0.134799 0.003472 0.016512
0 0.224219 0.135262 0.003472 0.016512
0 0.224436 0.135725 0.003385 0.016512
0 0.224696 0.136188 0.003385 0.016512
0 0.224826 0.136188 0.003646 0.016512
0 0.225087 0.136574 0.003646 0.016358
0 0.225304 0.136728 0.003733 0.016049
0 0.225521 0.137191 0.003646 0.016049
0 0.225781 0.137423 0.003646 0.015586
0 0.226042 0.137886 0.003646 0.015586
0 0.226302 0.138117 0.003646 0.015123
0 0.226562 0.138503 0.003646 0.015278
0 0.226780 0.138735 0.003733 0.014815
0 0.226997 0.139198 0.003646 0.014815
0 0.227257 0.139352 0.003646 0.015123
0 0.227517 0.139815 0.003646 0.015123
0 0.227778 0.140278 0.003646 0.015123
0 0.228125 0.140741 0.003472 0.015123
0 0.228472 0.141127 0.003646 0.015278
0 0.228733 0.141590 0.003646 0.015278
0 0.229080 0.141975 0.003472 0.015123
0 0.229340 0.142438 0.003472 0.015123
0 0.229557 0.142901 0.003385 0.015123
0 0.230078 0.143287 0.003385 0.015278
0 0.230339 0.143287 0.003385 0.015278
0 0.230556 0.143750 0.003472 0.015278
0 0.230816 0.144136 0.003472 0.015123
0 0.231033 0.144136 0.003385 0.015123
0 0.231293 0.144599 0.003385 0.015123
0 0.231554 0.145062 0.003385 0.015123
0 0.231771 0.145062 0.003472 0.015123
0 0.232031 0.145448 0.003472 0.015278
0 0.232248 0.145910 0.003385 0.015278
0 0.232769 0.146296 0.003385 0.015123
0 0.232986 0.146759 0.003472 0.015123
0 0.233247 0.147222 0.003472 0.015123
0 0.233464 0.147608 0.003385 0.015278
0 0.233854 0.148302 0.003646 0.014815
0 0.234245 0.148920 0.003385 0.015123
0 0.234462 0.149383 0.003472 0.015123
0 0.234809 0.150000 0.003646 0.014815
0 0.235069 0.150463 0.003646 0.014815
0 0.235330 0.150926 0.003646 0.014815
0 0.235807 0.151775 0.003733 0.014660
0 0.236024 0.152006 0.003646 0.015123
0 0.236285 0.152392 0.003646 0.015278
0 0.236545 0.152855 0.003646 0.015278
0 0.236806 0.153472 0.003646 0.015586
0 0.237109 0.153935 0.003906 0.015586
0 0.237370 0.154398 0.003906 0.015586
0 0.237630 0.154938 0.003906 0.016049
0 0.237891 0.155401 0.003906 0.016049
0 0.238151 0.155864 0.003906 0.016049
0 0.238455 0.156559 0.004167 0.016512
0 0.238715 0.156559 0.004167 0.016512
0 0.238976 0.157022 0.004167 0.016512
0 0.239236 0.157407 0.004167 0.016358
0 0.239497 0.157793 0.004167 0.016512
0 0.239714 0.158256 0.004080 0.016512
0 0.239931 0.158719 0.004167 0.016512
0 0.240191 0.159182 0.004167 0.016512
0 0.240451 0.159568 0.004167 0.016358
0 0.240712 0.159954 0.004167 0.016512
0 0.241146 0.160417 0.004167 0.016512
0 0.241406 0.160880 0.004167 0.016512
0 0.241667 0.161497 0.004167 0.016821
0 0.241927 0.161960 0.004167 0.016821
0 0.242144 0.162577 0.004080 0.017438
0 0.242491 0.163272 0.004427 0.016975
0 0.242752 0.163889 0.004427 0.017284
0 0.243012 0.164352 0.004427 0.017284
0 0.243229 0.165046 0.004340 0.017747
0 0.243490 0.165432 0.004340 0.017901
0 0.243967 0.166281 0.004427 0.017747
0 0.244097 0.166744 0.004687 0.017747
0 0.244444 0.167207 0.004861 0.017747
0 0.244705 0.167593 0.004861 0.017901
0 0.245095 0.168210 0.005122 0.018210
0 0.245356 0.168673 0.005122 0.018210
0 0.245660 0.169136 0.005382 0.018210
0 0.245920 0.169753 0.005382 0.018519
0 0.246311 0.170139 0.005642 0.018673
0 0.246528 0.170602 0.005556 0.018673
0 0.246918 0.171528 0.005816 0.018673
0 0.247005 0.171991 0.005642 0.018673
0 0.247266 0.172531 0.005642 0.019136
0 0.247526 0.172994 0.005642 0.019136
0 0.247786 0.173688 0.005642 0.019599
0 0.248003 0.174074 0.005556 0.019444
0 0.248220 0.174769 0.005642 0.019907
0 0.248481 0.175231 0.005642 0.019907
0 0.248741 0.175772 0.005642 0.020370
0 0.249002 0.176235 0.005642 0.020370
0 0.249219 0.177160 0.005556 0.020370
0 0.249219 0.177392 0.005556 0.020833
0 0.249479 0.177855 0.005556 0.020833
0 0.249479 0.178164 0.005556 0.020833
0 0.249696 0.178627 0.005642 0.020833
0 0.249957 0.179090 0.005642 0.020833
0 0.249957 0.179552 0.005642 0.020833
0 0.250217 0.180015 0.005642 0.020833
0 0.250217 0.180324 0.005642 0.020833
0 0.250434 0.180787 0.005556 0.020833
0 0.250694 0.181250 0.005556 0.020833
0 0.250564 0.181713 0.005295 0.020833
0 0.250564 0.182330 0.005295 0.021142
0 0.250564 0.182793 0.005295 0.021142
0 0.250564 0.183410 0.005295 0.021759
0 0.250564 0.183873 0.005295 0.021759
0 0.250564 0.184491 0.005295 0.022068
0 0.250564 0.184954 0.005295 0.022068
0 0.250564 0.185648 0.005295 0.022531
0 0.250564 0.186034 0.005295 0.022685
0 0.250564 0.186883 0.005295 0.022531
0 0.250347 0.187346 0.005382 0.022531
0 0.250217 0.187809 0.005642 0.022531
0 0.249957 0.188194 0.005642 0.022685
0 0.249826 0.188580 0.005903 0.022531
0 0.249609 0.189275 0.005816 0.022068
0 0.249479 0.189738 0.006076 0.022068
0 0.249219 0.190123 0.006076 0.022222
0 0.249089 0.190586 0.006337 0.022222
0 0.248828 0.190972 0.006337 0.022068
0 0.248698 0.191667 0.006597 0.021605
0 0.248698 0.192130 0.006597 0.021605
0 0.248698 0.192515 0.006597 0.021759
0 0.248698 0.192978 0.006597 0.021759
0 0.248698 0.193441 0.006597 0.021759
0 0.248698 0.193827 0.006597 0.021605
0 0.248698 0.194290 0.006597 0.021605
0 0.248698 0.194676 0.006597 0.021759
0 0.248698 0.195139 0.006597 0.021759
0 0.248698 0.195602 0.006597 0.021759
0 0.248958 0.196451 0.006597 0.021605
0 0.248958 0.196836 0.006597 0.021759
0 0.249219 0.197762 0.006597 0.021759
0 0.249479 0.198380 0.006597 0.022068
0 0.249479 0.199074 0.006597 0.021605
0 0.249740 0.199691 0.006597 0.022222
0 0.249957 0.200540 0.006510 0.022068
0 0.249957 0.201003 0.006510 0.022068
0 0.250174 0.201852 0.006597 0.022222
0 0.250434 0.202469 0.006597 0.022531
0 0.250694 0.203395 0.006597 0.022531
0 0.250955 0.203858 0.006597 0.022531
0 0.251389 0.204630 0.006597 0.022531
0 0.251780 0.205556 0.006858 0.022531
0 0.252170 0.206481 0.006597 0.022531
0 0.252604 0.207253 0.006597 0.022531
0 0.252995 0.208179 0.006858 0.022531
0 0.253385 0.209028 0.006597 0.022685
0 0.253733 0.209877 0.006771 0.022531
0 0.254210 0.210802 0.006858 0.022531
0 0.254731 0.211574 0.006858 0.022531
0 0.254948 0.212037 0.006771 0.022531
0 0.255425 0.212731 0.006858 0.022068
0 0.255946 0.213349 0.006858 0.022685
0 0.256424 0.213966 0.006771 0.022068
0 0.256901 0.214429 0.006858 0.022068
0 0.257161 0.215355 0.006858 0.022068
0 0.257639 0.215741 0.006771 0.022222
0 0.258116 0.216435 0.006858 0.021759
0 0.258637 0.217052 0.006858 0.022068
0 0.259115 0.217670 0.006771 0.021759
