0 0.063151 0.111883 0.004427 0.013889
0 0.062413 0.111883 0.004340 0.013889
0 0.061936 0.112346 0.004427 0.013889
0 0.061328 0.112654 0.004601 0.013889
0 0.060720 0.112654 0.004427 0.013889
0 0.060243 0.113117 0.004340 0.013889
0 0.059635 0.113580 0.004687 0.013889
0 0.058984 0.113580 0.004427 0.013889
0 0.058377 0.114043 0.004601 0.013889
0 0.057899 0.114506 0.004687 0.013889
0 0.057422 0.114815 0.004601 0.013889
0 0.056684 0.114506 0.004687 0.013889
0 0.056207 0.114506 0.004601 0.013889
0 0.055469 0.114506 0.004687 0.013889
0 0.054991 0.114506 0.004601 0.013889
0 0.054253 0.114506 0.004687 0.013889
0 0.053776 0.114043 0.004601 0.013889
0 0.053038 0.114043 0.004687 0.013889
0 0.052561 0.114043 0.004601 0.013889
0 0.051823 0.114043 0.004687 0.013889
0 0.051345 0.114043 0.004601 0.013889
0 0.050825 0.114043 0.004601 0.013889
0 0.050347 0.114043 0.004687 0.013889
0 0.049870 0.114043 0.004601 0.013889
0 0.049349 0.114043 0.004601 0.013889
0 0.048872 0.114043 0.004687 0.013889
0 0.048394 0.114043 0.004601 0.013889
0 0.047917 0.114043 0.004687 0.013889
0 0.047439 0.114043 0.004601 0.013889
0 0.046918 0.114043 0.004601 0.013889
0 0.046441 0.114506 0.004687 0.013889
0 0.045443 0.114275 0.004601 0.014352
0 0.044748 0.114275 0.004601 0.014352
0 0.044010 0.114275 0.004687 0.014352
0 0.043273 0.114043 0.004601 0.014815
0 0.042535 0.114198 0.004687 0.015123
0 0.041710 0.114198 0.004427 0.015123
0 0.040929 0.113966 0.004427 0.015586
0 0.040234 0.113966 0.004427 0.015586
0 0.039497 0.113966 0.004340 0.015586
0 0.038759 0.114198 0.004427 0.016049
0 0.038151 0.113735 0.004601 0.016049
0 0.037674 0.113735 0.004687 0.016049
0 0.037153 0.113735 0.004687 0.016049
0 0.036806 0.113735 0.004861 0.016049
0 0.036285 0.113735 0.004861 0.016049
0 0.035720 0.113426 0.005122 0.016049
0 0.035330 0.113426 0.005382 0.016049
0 0.034852 0.113426 0.005295 0.016049
0 0.034375 0.113426 0.005382 0.016049
0 0.033984 0.113426 0.005642 0.016049
0 0.033507 0.113426 0.005556 0.016049
0 0.033030 0.113426 0.005642 0.016049
0 0.032509 0.113426 0.005642 0.016049
0 0.032292 0.113426 0.005556 0.016049
0 0.031814 0.113426 0.005642 0.016049
0 0.031293 0.113426 0.005642 0.016049
0 0.031076 0.113426 0.005556 0.016049
0 0.030599 0.113426 0.005642 0.016049
0 0.030078 0.113426 0.005642 0.016049
0 0.029861 0.113426 0.005556 0.016049
0 0.029384 0.112963 0.005642 0.016049
0 0.029123 0.112500 0.005642 0.016049
0 0.028863 0.112037 0.005642 0.016049
0 0.028602 0.111574 0.005642 0.016049
0 0.028385 0.111265 0.005556 0.016049
0 0.027908 0.110802 0.005642 0.016049
0 0.027648 0.110340 0.005642 0.016049
0 0.027387 0.109877 0.005642 0.016049
0 0.027170 0.109414 0.005556 0.016049
0 0.026910 0.109414 0.005556 0.016049
0 0.026432 0.109028 0.005642 0.016204
0 0.026172 0.109028 0.005642 0.016204
0 0.025825 0.108642 0.005295 0.016049
0 0.025477 0.108642 0.005642 0.016049
0 0.025217 0.108642 0.005642 0.016049
0 0.024826 0.108179 0.005382 0.016049
0 0.024479 0.108179 0.005556 0.016049
0 0.024132 0.107716 0.005382 0.016049
0 0.023872 0.107716 0.005382 0.016049
0 0.023611 0.107716 0.005382 0.016049
0 0.023351 0.107253 0.005382 0.016049
0 0.023134 0.106790 0.005295 0.016049
0 0.022917 0.106481 0.005382 0.016049
0 0.022786 0.106019 0.005642 0.016049
0 0.022656 0.105556 0.005382 0.016049
0 0.022396 0.105093 0.005382 0.016049
0 0.022266 0.104630 0.005642 0.016049
0 0.022049 0.104321 0.005556 0.016049
0 0.021788 0.103858 0.005556 0.016049
0 0.021788 0.103395 0.005556 0.016049
0 0.021571 0.102932 0.005642 0.016049
0 0.021311 0.102932 0.005642 0.016049
0 0.021311 0.102469 0.005642 0.016049
0 0.021050 0.102469 0.005642 0.016049
0 0.021050 0.102160 0.005642 0.016049
0 0.020833 0.102160 0.005556 0.016049
0 0.020573 0.101698 0.005556 0.016049
0 0.020573 0.101698 0.005556 0.016049
0 0.020356 0.101235 0.005642 0.016049
0 0.020356 0.101235 0.005642 0.016049
0 0.020095 0.100772 0.005642 0.016049
0 0.020095 0.100309 0.005642 0.016049
0 0.019835 0.099846 0.005642 0.016049
0 0.019835 0.099537 0.005642 0.016049
0 0.019835 0.099074 0.005642 0.016049
0 0.019575 0.098611 0.005642 0.016049
0 0.019575 0.098148 0.005642 0.016049
0 0.019358 0.097685 0.005556 0.016049
0 0.019358 0.097377 0.005556 0.016049
0 0.019358 0.097377 0.005556 0.016049
0 0.019141 0.096914 0.005642 0.016049
0 0.019141 0.096451 0.005642 0.016049
0 0.019141 0.095988 0.005642 0.016049
0 0.018880 0.095525 0.005642 0.016049
0 0.018880 0.095216 0.005642 0.016049
0 0.018880 0.094753 0.005642 0.016049
0 0.018620 0.094290 0.005642 0.016049
0 0.018620 0.093827 0.005642 0.016049
0 0.018620 0.093364 0.005642 0.016049
0 0.018620 0.092901 0.005642 0.016049
0 0.018359 0.092593 0.005642 0.016049
0 0.018142 0.092130 0.005556 0.016049
0 0.018142 0.091667 0.005556 0.016049
0 0.017882 0.091667 0.005556 0.016049
0 0.017882 0.091204 0.005556 0.016049
0 0.017665 0.090741 0.005642 0.016049
0 0.017405 0.090741 0.005642 0.016049
0 0.017405 0.090432 0.005642 0.016049
0 0.017144 0.089969 0.005642 0.016049
0 0.017144 0.089969 0.005642 0.016049
0 0.016797 0.089506 0.005816 0.016049
0 0.016406 0.089506 0.006076 0.016049
0 0.016189 0.089506 0.006163 0.016049
0 0.015842 0.089275 0.006337 0.015586
0 0.015582 0.089275 0.006337 0.015586
0 0.015191 0.089275 0.006597 0.015586
0 0.014844 0.089043 0.006771 0.015123
0 0.014627 0.089043 0.006858 0.015123
0 0.014236 0.089043 0.007118 0.015123
0 0.014106 0.089043 0.007378 0.015123
0 0.013368 0.088657 0.007292 0.015278
0 0.012891 0.088194 0.007378 0.015278
0 0.012413 0.088194 0.007292 0.015278
0 0.011892 0.087809 0.007292 0.015123
0 0.011415 0.087809 0.007378 0.015123
0 0.010807 0.087346 0.007031 0.015123
0 0.010330 0.086883 0.007118 0.015123
0 0.009852 0.086883 0.007031 0.015123
0 0.009332 0.086497 0.007031 0.015278
0 0.008854 0.086497 0.007118 0.015278
0 0.008377 0.086497 0.007031 0.015278
0 0.008116 0.086497 0.007031 0.015278
0 0.007899 0.086497 0.007118 0.015278
0 0.007378 0.086497 0.007118 0.015278
0 0.007161 0.086497 0.007031 0.015278
0 0.006901 0.086497 0.007031 0.015278
0 0.006424 0.086497 0.007118 0.015278
0 0.006163 0.086497 0.007118 0.015278
0 0.005946 0.086497 0.007031 0.015278
0 0.005686 0.086497 0.007031 0.015278
0 0.005339 0.086034 0.006858 0.015278
0 0.004948 0.086034 0.006597 0.015278
0 0.004557 0.085648 0.006337 0.015123
0 0.004253 0.085648 0.006076 0.015123
0 0.003993 0.085185 0.006076 0.015123
0 0.003602 0.085185 0.005816 0.015123
0 0.003255 0.084722 0.005642 0.015123
0 0.002865 0.084722 0.005382 0.015123
0 0.002561 0.084259 0.005122 0.015123
0 0.002431 0.084259 0.004861 0.015123
0 0.002431 0.084259 0.004861 0.015123
0 0.002431 0.084259 0.004861 0.015123
0 0.002431 0.084259 0.004861 0.015123
0 0.002431 0.084259 0.004861 0.015123
0 0.002431 0.084259 0.004861 0.015123
0 0.002431 0.084259 0.004861 0.015123
0 0.002431 0.084259 0.004861 0.015123
0 0.002431 0.084259 0.004861 0.015123
0 0.002431 0.084259 0.004861 0.015123
0 0.002431 0.084259 0.004861 0.015123
