0 0.127474 0.164738 0.010503 0.010340
0 0.127474 0.164352 0.010503 0.010494
0 0.127734 0.164352 0.010503 0.010494
0 0.127908 0.164352 0.010503 0.010494
0 0.128168 0.164352 0.010503 0.010494
0 0.128429 0.164352 0.010503 0.010494
0 0.128429 0.164352 0.010503 0.010494
0 0.128689 0.164352 0.010503 0.010494
0 0.128950 0.164352 0.010503 0.010494
0 0.129167 0.164352 0.010417 0.010494
0 0.129384 0.164352 0.010503 0.010494
0 0.129644 0.164352 0.010503 0.010494
0 0.129905 0.164352 0.010503 0.010494
0 0.130165 0.164352 0.010503 0.010494
0 0.130382 0.164352 0.010417 0.010494
0 0.130859 0.164738 0.010503 0.010340
0 0.131120 0.164738 0.010503 0.010340
0 0.131380 0.164738 0.010503 0.010340
0 0.131641 0.164738 0.010503 0.010340
0 0.131814 0.164738 0.010503 0.010340
0 0.132335 0.165201 0.010503 0.010340
0 0.132335 0.165201 0.010503 0.010340
0 0.132595 0.165201 0.010503 0.010340
0 0.132856 0.165201 0.010503 0.010340
0 0.133073 0.165201 0.010417 0.010340
0 0.133290 0.165201 0.010503 0.010340
0 0.133290 0.165201 0.010503 0.010340
0 0.133550 0.165201 0.010503 0.010340
0 0.133811 0.165201 0.010503 0.010340
0 0.134071 0.165201 0.010503 0.010340
0 0.134288 0.165201 0.010417 0.010340
0 0.134505 0.165201 0.010503 0.010340
0 0.134766 0.165201 0.010503 0.010340
0 0.135026 0.165201 0.010503 0.010340
0 0.135547 0.165201 0.010503 0.010340
0 0.135720 0.165201 0.010503 0.010340
0 0.135981 0.165201 0.010503 0.010340
0 0.136502 0.165201 0.010503 0.010340
0 0.136762 0.165201 0.010503 0.010340
0 0.136979 0.165201 0.010417 0.010340
0 0.137457 0.165201 0.010503 0.010340
0 0.137717 0.164738 0.010503 0.010340
0 0.137977 0.164738 0.010503 0.010340
0 0.138194 0.164352 0.010417 0.010494
0 0.138672 0.164352 0.010503 0.010494
0 0.138932 0.164352 0.010503 0.010494
0 0.139193 0.163889 0.010503 0.010494
0 0.139627 0.163889 0.010503 0.010494
0 0.139887 0.163503 0.010503 0.010340
0 0.140148 0.163503 0.010503 0.010340
0 0.140668 0.163503 0.010503 0.010340
0 0.140842 0.163503 0.010503 0.010340
0 0.141363 0.163503 0.010503 0.010340
0 0.141623 0.163503 0.010503 0.010340
0 0.142101 0.163889 0.010417 0.010494
0 0.142578 0.163889 0.010503 0.010494
0 0.142839 0.163889 0.010503 0.010494
0 0.143316 0.164352 0.010417 0.010494
0 0.143533 0.164352 0.010503 0.010494
0 0.144054 0.164352 0.010503 0.010494
0 0.144575 0.164738 0.010503 0.010340
0 0.144748 0.164738 0.010503 0.010340
0 0.145269 0.164738 0.010503 0.010340
0 0.145660 0.164738 0.010764 0.010340
0 0.146137 0.164738 0.010677 0.010340
0 0.146484 0.164738 0.011024 0.010340
0 0.146962 0.164738 0.010937 0.010340
0 0.147352 0.164738 0.011198 0.010340
0 0.147830 0.164738 0.011285 0.010340
0 0.148177 0.164738 0.011458 0.010340
0 0.148698 0.164969 0.011458 0.009877
0 0.148958 0.164969 0.011458 0.009877
0 0.149175 0.164969 0.011545 0.009877
0 0.149392 0.164969 0.011458 0.009877
0 0.149653 0.164969 0.011458 0.009877
0 0.149913 0.164969 0.011458 0.009877
0 0.150174 0.164969 0.011458 0.009877
0 0.150391 0.164969 0.011545 0.009877
0 0.150608 0.164969 0.011458 0.009877
0 0.150868 0.164969 0.011458 0.009877
0 0.151389 0.164969 0.011458 0.009877
0 0.151649 0.164583 0.011458 0.010031
0 0.152083 0.164583 0.011458 0.010031
0 0.152604 0.164583 0.011458 0.010031
0 0.153082 0.164583 0.011545 0.010031
0 0.153559 0.164583 0.011458 0.010031
0 0.154080 0.164583 0.011458 0.010031
0 0.154514 0.164583 0.011458 0.010031
0 0.155035 0.164583 0.011458 0.010031
0 0.155556 0.164583 0.011458 0.010031
0 0.155990 0.164583 0.011458 0.010031
0 0.156250 0.164583 0.011458 0.010031
0 0.156510 0.164583 0.011458 0.010031
0 0.156771 0.164583 0.011458 0.010031
0 0.157205 0.164583 0.011458 0.010031
0 0.157465 0.164969 0.011458 0.009877
0 0.157726 0.164969 0.011458 0.009877
0 0.158203 0.164969 0.011545 0.009877
0 0.158420 0.164969 0.011458 0.009877
0 0.158681 0.164969 0.011458 0.009877
0 0.159201 0.165432 0.011458 0.009877
0 0.159462 0.164969 0.011458 0.009877
0 0.159896 0.164969 0.011458 0.009877
0 0.160417 0.164969 0.011458 0.009877
0 0.160894 0.164969 0.011545 0.009877
0 0.161372 0.164969 0.011458 0.009877
0 0.161892 0.164969 0.011458 0.009877
0 0.162326 0.164969 0.011458 0.009877
0 0.162847 0.164969 0.011458 0.009877
0 0.163325 0.164969 0.011545 0.009877
0 0.163802 0.164969 0.011458 0.009877
0 0.164323 0.164583 0.011458 0.010031
0 0.164757 0.164583 0.011458 0.010031
0 0.165278 0.164583 0.011458 0.010031
0 0.165799 0.164120 0.011458 0.010031
0 0.166233 0.164120 0.011458 0.010031
0 0.166753 0.164120 0.011458 0.010031
0 0.167231 0.163657 0.011545 0.010031
0 0.167708 0.163657 0.011458 0.010031
0 0.168229 0.163657 0.011458 0.010031
0 0.168924 0.163657 0.011458 0.010031
0 0.169184 0.163657 0.011458 0.010031
0 0.169705 0.163657 0.011458 0.010031
0 0.169922 0.163657 0.011545 0.010031
0 0.170399 0.163657 0.011458 0.010031
0 0.170920 0.163657 0.011458 0.010031
0 0.171137 0.163657 0.011545 0.010031
0 0.171615 0.163657 0.011458 0.010031
0 0.171875 0.163657 0.011458 0.010031
0 0.172396 0.163657 0.011458 0.010031
0 0.172830 0.164120 0.011458 0.010031
0 0.173090 0.164120 0.011458 0.010031
0 0.173351 0.164120 0.011458 0.010031
0 0.173785 0.164120 0.011458 0.010031
0 0.174045 0.164120 0.011458 0.010031
0 0.174566 0.164120 0.011458 0.010031
0 0.174826 0.164120 0.011458 0.010031
0 0.175043 0.164120 0.011545 0.010031
0 0.175521 0.164120 0.011458 0.010031
0 0.175781 0.164120 0.011458 0.010031
0 0.176259 0.164583 0.011545 0.010031
0 0.176736 0.164583 0.011458 0.010031
0 0.177517 0.164583 0.011458 0.010031
0 0.177951 0.164583 0.011458 0.010031
0 0.178733 0.164583 0.011458 0.010031
0 0.179427 0.164583 0.011458 0.010031
0 0.179948 0.164583 0.011458 0.010031
0 0.180642 0.164583 0.011458 0.010031
0 0.181163 0.164583 0.011458 0.010031
0 0.181858 0.164583 0.011458 0.010031
0 0.182639 0.164969 0.011458 0.009877
0 0.183854 0.164969 0.011458 0.009877
0 0.185069 0.164969 0.011458 0.009877
0 0.186285 0.164969 0.011458 0.009877
0 0.187500 0.165432 0.011458 0.009877
0 0.188715 0.165432 0.011458 0.009877
0 0.189931 0.165432 0.011458 0.009877
0 0.191146 0.165818 0.011458 0.010031
0 0.192361 0.165818 0.011458 0.010031
0 0.193576 0.165818 0.011458 0.010031
0 0.194792 0.166281 0.011458 0.010031
0 0.195747 0.166281 0.011458 0.010031
0 0.196875 0.166281 0.011285 0.010031
0 0.198003 0.166281 0.011458 0.010031
0 0.199089 0.166512 0.011198 0.009568
0 0.200174 0.166744 0.011458 0.010031
0 0.201259 0.166744 0.011198 0.010031
0 0.202257 0.166975 0.011285 0.009568
0 0.203472 0.166975 0.011285 0.009568
0 0.204470 0.166975 0.011198 0.009568
0 0.205686 0.167438 0.011198 0.009568
0 0.206380 0.167438 0.011198 0.009568
0 0.207118 0.167438 0.011285 0.009568
0 0.207856 0.167438 0.011198 0.009568
0 0.208811 0.167438 0.011198 0.009568
0 0.209592 0.167438 0.011198 0.009568
0 0.210286 0.167438 0.011198 0.009568
0 0.211024 0.167438 0.011285 0.009568
0 0.212023 0.167438 0.011198 0.009568
0 0.212717 0.167438 0.011198 0.009568
0 0.213498 0.167438 0.011198 0.009568
