0 0.156771 0.139583 0.006076 0.019907
0 0.157465 0.139198 0.006076 0.020062
0 0.158203 0.138735 0.006163 0.020062
0 0.159201 0.138735 0.006076 0.020062
0 0.159896 0.138349 0.006076 0.019907
0 0.160894 0.138349 0.006163 0.019907
0 0.161632 0.137886 0.006076 0.019907
0 0.162326 0.137423 0.006076 0.019907
0 0.163325 0.137423 0.006163 0.019907
0 0.164062 0.136960 0.006076 0.019907
0 0.165017 0.136960 0.006076 0.019907
0 0.166016 0.136960 0.006163 0.019907
0 0.167014 0.136960 0.006076 0.019907
0 0.167969 0.136960 0.006076 0.019907
0 0.168924 0.136960 0.006076 0.019907
0 0.169922 0.136960 0.006163 0.019907
0 0.170920 0.136960 0.006076 0.019907
0 0.171875 0.136960 0.006076 0.019907
0 0.172830 0.136960 0.006076 0.019907
0 0.173828 0.136960 0.006163 0.019907
0 0.174826 0.137423 0.006076 0.019907
0 0.175260 0.136960 0.006076 0.019907
0 0.176042 0.136960 0.006076 0.019907
0 0.176736 0.136960 0.006076 0.019907
0 0.177474 0.136960 0.006163 0.019907
0 0.178212 0.136960 0.006076 0.019907
0 0.178950 0.136574 0.006163 0.020062
0 0.179688 0.136574 0.006076 0.020062
0 0.180382 0.136574 0.006076 0.020062
0 0.181163 0.136574 0.006076 0.020062
0 0.181858 0.136574 0.006076 0.020062
0 0.182378 0.136574 0.006076 0.020062
0 0.183073 0.136960 0.006076 0.019907
0 0.183854 0.136960 0.006076 0.019907
0 0.184288 0.137423 0.006076 0.019907
0 0.185069 0.137886 0.006076 0.019907
0 0.185764 0.137886 0.006076 0.019907
0 0.186285 0.138349 0.006076 0.019907
0 0.186979 0.138349 0.006076 0.019907
0 0.187760 0.138735 0.006076 0.020062
0 0.188455 0.139198 0.006076 0.020062
0 0.188976 0.139198 0.006076 0.020062
0 0.189670 0.139198 0.006076 0.020062
0 0.190191 0.139198 0.006076 0.020062
0 0.190885 0.139198 0.006076 0.020062
0 0.191406 0.139198 0.006076 0.020062
0 0.192101 0.139198 0.006076 0.020062
0 0.192622 0.139198 0.006076 0.020062
0 0.193316 0.139198 0.006076 0.020062
0 0.193837 0.139198 0.006076 0.020062
0 0.194575 0.139198 0.006163 0.020062
0 0.195052 0.138735 0.006076 0.020062
0 0.195530 0.138735 0.006163 0.020062
0 0.196007 0.138735 0.006076 0.020062
0 0.196528 0.138735 0.006076 0.020062
0 0.197005 0.138735 0.006163 0.020062
0 0.197483 0.138735 0.006076 0.020062
0 0.198003 0.138735 0.006076 0.020062
0 0.198437 0.138735 0.006076 0.020062
0 0.198958 0.138735 0.006076 0.020062
0 0.199436 0.138735 0.006163 0.020062
0 0.199913 0.138735 0.006076 0.020062
0 0.200434 0.138735 0.006076 0.020062
0 0.201128 0.138735 0.006076 0.020062
0 0.201649 0.138735 0.006076 0.020062
0 0.202344 0.138735 0.006076 0.020062
0 0.202865 0.138735 0.006076 0.020062
0 0.203342 0.138735 0.006163 0.020062
0 0.204080 0.138735 0.006076 0.020062
0 0.204557 0.138735 0.006163 0.020062
0 0.205295 0.139198 0.006076 0.020062
0 0.205816 0.138735 0.006076 0.020062
0 0.206250 0.138503 0.006076 0.019599
0 0.206901 0.138272 0.005816 0.019136
0 0.207378 0.138040 0.005903 0.018673
0 0.208116 0.137809 0.005816 0.018210
0 0.208594 0.137500 0.005903 0.018210
0 0.209071 0.137269 0.005816 0.017747
0 0.209679 0.137037 0.005642 0.017284
0 0.210200 0.136806 0.005642 0.016821
0 0.210894 0.136574 0.005642 0.016358
0 0.211415 0.136574 0.005642 0.016358
0 0.211892 0.136574 0.005556 0.016358
0 0.212370 0.136574 0.005642 0.016358
0 0.212891 0.136574 0.005642 0.016358
0 0.213368 0.136574 0.005556 0.016358
0 0.213845 0.136574 0.005642 0.016358
0 0.214323 0.136574 0.005556 0.016358
0 0.214800 0.136574 0.005642 0.016358
0 0.215321 0.136574 0.005642 0.016358
0 0.215799 0.136960 0.005556 0.016512
0 0.216276 0.136960 0.005642 0.016512
0 0.216797 0.136960 0.005642 0.016512
0 0.217231 0.136960 0.005642 0.016512
0 0.217752 0.136960 0.005642 0.016512
0 0.218490 0.136960 0.005556 0.016512
0 0.218967 0.136960 0.005642 0.016512
0 0.219444 0.136960 0.005556 0.016512
0 0.219922 0.136960 0.005642 0.016512
0 0.220443 0.136960 0.005642 0.016512
0 0.221137 0.136960 0.005642 0.016512
0 0.221658 0.136960 0.005642 0.016512
0 0.222135 0.137423 0.005556 0.016512
0 0.222613 0.137423 0.005642 0.016512
0 0.223351 0.137886 0.005556 0.016512
0 0.223828 0.137886 0.005642 0.016512
0 0.224349 0.138349 0.005642 0.016512
0 0.225043 0.138349 0.005642 0.016512
0 0.225564 0.138735 0.005642 0.016358
0 0.226042 0.138735 0.005556 0.016358
0 0.226780 0.139120 0.005642 0.016512
0 0.227040 0.139120 0.005642 0.016512
0 0.227517 0.139120 0.005556 0.016512
0 0.227734 0.139120 0.005642 0.016512
0 0.228255 0.139120 0.005642 0.016512
0 0.228733 0.139583 0.005556 0.016512
0 0.228950 0.139583 0.005642 0.016512
0 0.229470 0.139583 0.005642 0.016512
0 0.229731 0.139583 0.005642 0.016512
0 0.230165 0.139583 0.005642 0.016512
0 0.230686 0.140046 0.005642 0.016512
0 0.231163 0.139583 0.005556 0.016512
0 0.231641 0.139583 0.005642 0.016512
0 0.232161 0.139120 0.005642 0.016512
0 0.232639 0.139120 0.005556 0.016512
0 0.233116 0.138735 0.005642 0.016358
0 0.233594 0.138735 0.005556 0.016358
0 0.234071 0.138349 0.005642 0.016512
0 0.234592 0.138349 0.005642 0.016512
0 0.235069 0.137886 0.005556 0.016512
0 0.235547 0.137886 0.005642 0.016512
0 0.235807 0.137423 0.005642 0.016512
0 0.236068 0.137423 0.005642 0.016512
0 0.236285 0.137423 0.005556 0.016512
0 0.236762 0.136960 0.005642 0.016512
0 0.237023 0.136960 0.005642 0.016512
0 0.237283 0.136960 0.005642 0.016512
0 0.237760 0.136574 0.005556 0.016358
0 0.237977 0.136574 0.005642 0.016358
0 0.238238 0.136574 0.005642 0.016358
0 0.238759 0.136574 0.005642 0.016358
0 0.238976 0.136574 0.005556 0.016358
0 0.239193 0.136574 0.005642 0.016358
0 0.239453 0.136574 0.005642 0.016358
0 0.239974 0.136574 0.005642 0.016358
0 0.240191 0.136574 0.005556 0.016358
0 0.240451 0.136574 0.005556 0.016358
0 0.240929 0.136574 0.005642 0.016358
0 0.241189 0.136574 0.005642 0.016358
0 0.241406 0.136574 0.005556 0.016358
0 0.241884 0.136960 0.005642 0.016512
0 0.242622 0.136960 0.005556 0.016512
0 0.243620 0.136960 0.005642 0.016512
0 0.244575 0.136960 0.005642 0.016512
0 0.245312 0.136960 0.005556 0.016512
0 0.246311 0.136960 0.005642 0.016512
0 0.247266 0.136960 0.005642 0.016512
0 0.248003 0.136960 0.005556 0.016512
0 0.249002 0.136960 0.005642 0.016512
0 0.249957 0.136960 0.005642 0.016512
0 0.250911 0.137423 0.005642 0.016512
0 0.251910 0.137886 0.005556 0.016512
0 0.253125 0.138349 0.005556 0.016512
0 0.254340 0.138735 0.005556 0.016358
0 0.255339 0.139120 0.005642 0.016512
0 0.256554 0.140046 0.005642 0.016512
0 0.257769 0.140509 0.005642 0.016512
0 0.258724 0.140972 0.005642 0.016512
0 0.259939 0.141358 0.005642 0.016358
0 0.261155 0.141744 0.005642 0.016512
0 0.262413 0.142670 0.005556 0.016512
0 0.263238 0.142670 0.005816 0.016512
0 0.264236 0.142670 0.005903 0.016512
0 0.265191 0.142670 0.005903 0.016512
0 0.266059 0.142670 0.006076 0.016512
0 0.267014 0.142670 0.006076 0.016512
0 0.268099 0.142901 0.006337 0.016975
0 0.269141 0.142901 0.006337 0.016975
0 0.269965 0.142901 0.006597 0.016975
0 0.270920 0.142901 0.006597 0.016975
0 0.271918 0.142901 0.006510 0.016975
