0 0.005946 0.261574 0.011892 0.036420
0 0.009462 0.263889 0.012153 0.036111
0 0.013108 0.266512 0.012674 0.035185
0 0.016884 0.268904 0.012934 0.034722
0 0.020573 0.271528 0.013368 0.033796
0 0.024349 0.274074 0.013628 0.033025
0 0.027995 0.276466 0.014149 0.032562
0 0.031684 0.279090 0.014583 0.031636
0 0.035460 0.281481 0.014844 0.031173
0 0.039106 0.284028 0.015365 0.030401
0 0.042882 0.286651 0.015625 0.029475
0 0.042535 0.287114 0.015799 0.029475
0 0.042405 0.288040 0.016059 0.029475
0 0.042144 0.288812 0.016580 0.029475
0 0.041927 0.289738 0.016667 0.029475
0 0.041840 0.290586 0.016840 0.029630
0 0.041580 0.291204 0.017361 0.029012
0 0.041319 0.292130 0.017361 0.029012
0 0.041102 0.292978 0.017795 0.029167
0 0.040972 0.293827 0.018056 0.029012
0 0.040842 0.294676 0.018316 0.029167
0 0.040104 0.295525 0.018229 0.029012
0 0.039627 0.296451 0.018316 0.029012
0 0.039106 0.297299 0.018316 0.029167
0 0.038411 0.298148 0.018316 0.029012
0 0.037891 0.299074 0.018316 0.029012
0 0.037413 0.299923 0.018229 0.029167
0 0.036675 0.300772 0.018316 0.029012
0 0.036198 0.301620 0.018229 0.029167
0 0.035720 0.302469 0.018316 0.029012
0 0.035200 0.303858 0.018316 0.029012
0 0.033984 0.303858 0.018316 0.029012
0 0.032769 0.304244 0.018316 0.029167
0 0.031814 0.304630 0.018316 0.029012
0 0.030599 0.304630 0.018316 0.029012
0 0.029601 0.305093 0.018229 0.029012
0 0.028385 0.305556 0.018229 0.029012
0 0.027170 0.305556 0.018229 0.029012
0 0.026172 0.306019 0.018316 0.029012
0 0.024957 0.306404 0.018316 0.029167
0 0.024002 0.306867 0.018316 0.029167
0 0.022526 0.307099 0.018837 0.028704
0 0.021311 0.307485 0.019358 0.028549
0 0.019965 0.307948 0.019444 0.028549
0 0.018750 0.308333 0.019965 0.028704
0 0.017405 0.308796 0.020226 0.028704
0 0.016189 0.309028 0.020747 0.028241
0 0.014844 0.309491 0.021007 0.028241
0 0.013628 0.309877 0.021528 0.028086
0 0.012283 0.310340 0.021788 0.028086
0 0.011068 0.310725 0.022135 0.028241
0 0.010243 0.310262 0.020486 0.027315
0 0.009375 0.310108 0.018750 0.027006
0 0.008507 0.309645 0.017014 0.026080
0 0.007682 0.309414 0.015365 0.025617
0 0.006814 0.309028 0.013628 0.024846
0 0.005946 0.308796 0.011892 0.024383
0 0.005122 0.308333 0.010243 0.023457
0 0.004253 0.308102 0.008507 0.022994
0 0.003385 0.307716 0.006771 0.022222
0 0.002648 0.307485 0.005295 0.021759
0 0.002648 0.307485 0.005295 0.021759
0 0.002648 0.307485 0.005295 0.021759
0 0.002648 0.307485 0.005295 0.021759
0 0.002648 0.307485 0.005295 0.021759
0 0.002648 0.307485 0.005295 0.021759
0 0.002648 0.307485 0.005295 0.021759
0 0.002648 0.307485 0.005295 0.021759
0 0.002648 0.307485 0.005295 0.021759
0 0.002648 0.307485 0.005295 0.021759
0 0.002648 0.307485 0.005295 0.021759
0 0.002908 0.302778 0.005816 0.023457
0 0.003255 0.298148 0.006510 0.024691
0 0.003646 0.293596 0.007292 0.026080
0 0.003863 0.288889 0.007726 0.027778
0 0.004253 0.284259 0.008507 0.029012
0 0.004601 0.279707 0.009201 0.030401
0 0.004861 0.275000 0.009722 0.032099
0 0.005208 0.270370 0.010417 0.033333
0 0.005599 0.265818 0.011198 0.034722
0 0.005946 0.261574 0.011892 0.036420
0 0.007639 0.258256 0.011979 0.035957
0 0.009592 0.255247 0.011892 0.035185
0 0.011285 0.251929 0.011979 0.034722
0 0.013281 0.248920 0.011979 0.033951
0 0.015061 0.245910 0.011719 0.032870
0 0.016927 0.242670 0.011979 0.032562
0 0.018707 0.239583 0.011719 0.031636
0 0.020573 0.236343 0.011979 0.031327
0 0.022439 0.233256 0.011719 0.030401
0 0.024349 0.230324 0.011719 0.029475
0 0.025825 0.227701 0.011719 0.029475
0 0.027300 0.225309 0.011719 0.029012
0 0.028776 0.222917 0.011719 0.028549
0 0.030252 0.220293 0.011719 0.028549
0 0.031641 0.217901 0.011719 0.028086
0 0.033116 0.215586 0.011719 0.027778
0 0.034592 0.212963 0.011719 0.027778
0 0.036068 0.210571 0.011719 0.027315
0 0.037543 0.208179 0.011719 0.026852
0 0.039149 0.206019 0.011458 0.026852
0 0.039583 0.204244 0.011458 0.027006
0 0.040365 0.202932 0.011458 0.026852
0 0.041059 0.201235 0.011458 0.026852
0 0.041840 0.199923 0.011458 0.027006
0 0.042535 0.198611 0.011458 0.026852
0 0.043056 0.196914 0.011458 0.026852
0 0.043750 0.195525 0.011458 0.026852
0 0.044488 0.193827 0.011545 0.026852
0 0.045226 0.192515 0.011458 0.027006
0 0.045920 0.191204 0.011458 0.026852
0 0.046181 0.189969 0.011458 0.026852
0 0.046701 0.188812 0.011458 0.026389
0 0.047049 0.187577 0.011285 0.026389
0 0.047396 0.186497 0.011458 0.026080
0 0.047917 0.185571 0.011458 0.026080
0 0.048264 0.184336 0.011285 0.026080
0 0.048611 0.183179 0.011458 0.025617
0 0.049002 0.181944 0.011198 0.025617
0 0.049523 0.180787 0.011198 0.025154
0 0.049957 0.180015 0.011198 0.025154
0 0.050477 0.178627 0.011198 0.025154
0 0.050955 0.177855 0.011285 0.025154
0 0.051432 0.176929 0.011198 0.025154
0 0.052170 0.175617 0.011285 0.025309
0 0.052648 0.174769 0.011198 0.025154
0 0.053168 0.173843 0.011198 0.025154
0 0.053863 0.172608 0.011198 0.025154
0 0.054384 0.171682 0.011198 0.025154
0 0.054861 0.170910 0.011285 0.025154
0 0.055599 0.169985 0.011198 0.025154
0 0.056076 0.169059 0.011285 0.025154
0 0.056814 0.168287 0.011198 0.025154
0 0.057292 0.167361 0.011285 0.025154
0 0.058030 0.166435 0.011198 0.025154
0 0.058767 0.165664 0.011285 0.025154
0 0.059245 0.164738 0.011198 0.025154
0 0.059983 0.163966 0.011285 0.025154
0 0.060460 0.163040 0.011198 0.025154
0 0.061198 0.162114 0.011285 0.025154
0 0.061936 0.161806 0.011198 0.025154
0 0.062196 0.160880 0.011198 0.025154
0 0.062674 0.159954 0.011285 0.025154
0 0.062891 0.159182 0.011198 0.025154
0 0.063411 0.158256 0.011198 0.025154
0 0.063672 0.157793 0.011198 0.025154
0 0.064106 0.157022 0.011198 0.025154
0 0.064366 0.156096 0.011198 0.025154
0 0.064887 0.155170 0.011198 0.025154
0 0.065104 0.154398 0.011285 0.025154
0 0.065582 0.153935 0.011198 0.025154
0 0.065842 0.153009 0.011198 0.025154
0 0.066102 0.152623 0.011198 0.025309
0 0.066319 0.152238 0.011285 0.025154
0 0.066797 0.151312 0.011198 0.025154
0 0.067057 0.150849 0.011198 0.025154
0 0.067318 0.150386 0.011198 0.025154
0 0.067795 0.149614 0.011285 0.025154
0 0.068012 0.149151 0.011198 0.025154
0 0.068273 0.148688 0.011198 0.025154
0 0.068793 0.148225 0.011198 0.025154
0 0.069010 0.147454 0.011285 0.025154
0 0.069271 0.146991 0.011285 0.025154
0 0.069488 0.146528 0.011198 0.025154
0 0.070009 0.145756 0.011198 0.025154
0 0.070226 0.145293 0.011285 0.025154
0 0.070486 0.144830 0.011285 0.025154
0 0.070964 0.143904 0.011198 0.025154
0 0.071224 0.143519 0.011198 0.025309
0 0.071484 0.143133 0.011198 0.025154
0 0.071918 0.142670 0.011198 0.025154
0 0.071918 0.142207 0.011198 0.025154
0 0.072179 0.141744 0.011198 0.025154
0 0.072179 0.141281 0.011198 0.025154
0 0.072439 0.140972 0.011198 0.025154
0 0.072439 0.140509 0.011198 0.025154
0 0.072700 0.140509 0.011198 0.025154
0 0.072700 0.140046 0.011198 0.025154
0 0.072917 0.139583 0.011285 0.025154
0 0.072917 0.139120 0.011285 0.025154
0 0.073134 0.138812 0.011198 0.025154
