0 0.105599 0.083642 0.006337 0.018210
0 0.105339 0.083410 0.006337 0.018673
0 0.105339 0.083410 0.006337 0.018673
0 0.105339 0.083179 0.006337 0.019136
0 0.105339 0.083410 0.006337 0.019599
0 0.105339 0.083410 0.006337 0.019599
0 0.105165 0.083256 0.006337 0.019907
0 0.105165 0.083488 0.006337 0.020370
0 0.105165 0.083256 0.006337 0.020833
0 0.105165 0.083256 0.006337 0.020833
0 0.105165 0.083488 0.006337 0.021296
0 0.104644 0.083256 0.006337 0.020833
0 0.104253 0.083256 0.006076 0.020833
0 0.103776 0.083256 0.006163 0.020833
0 0.103559 0.083256 0.006076 0.020833
0 0.103038 0.083488 0.006076 0.020370
0 0.102691 0.083256 0.005903 0.019907
0 0.102344 0.083256 0.006076 0.019907
0 0.101953 0.083256 0.005816 0.019907
0 0.101476 0.083256 0.005903 0.019907
0 0.101215 0.083410 0.005903 0.019599
0 0.100998 0.083410 0.005816 0.019599
0 0.100868 0.083873 0.006076 0.019599
0 0.100608 0.084336 0.006076 0.019599
0 0.100608 0.084491 0.006076 0.019907
0 0.100347 0.084954 0.006076 0.019907
0 0.100217 0.085417 0.006337 0.019907
0 0.100130 0.085648 0.006163 0.020370
0 0.100043 0.086034 0.006337 0.020525
0 0.099783 0.086420 0.006337 0.020370
0 0.099783 0.086883 0.006337 0.020370
0 0.099523 0.086883 0.006337 0.020370
0 0.099523 0.086883 0.006337 0.020370
0 0.099262 0.086883 0.006337 0.020370
0 0.099262 0.087114 0.006337 0.020833
0 0.099002 0.087114 0.006337 0.020833
0 0.099002 0.087114 0.006337 0.020833
0 0.098785 0.087346 0.006424 0.021296
0 0.098785 0.087346 0.006424 0.021296
0 0.098568 0.087346 0.006337 0.021296
0 0.098568 0.087577 0.006337 0.021759
0 0.098568 0.087577 0.006337 0.021759
0 0.098568 0.087577 0.006337 0.021759
0 0.098568 0.087577 0.006337 0.021759
0 0.098568 0.087577 0.006337 0.021759
0 0.098568 0.087809 0.006337 0.021296
0 0.098568 0.087809 0.006337 0.021296
0 0.098568 0.087809 0.006337 0.021296
0 0.098568 0.087809 0.006337 0.021296
0 0.098568 0.087809 0.006337 0.021296
0 0.098785 0.088194 0.006424 0.021142
0 0.098785 0.088194 0.006424 0.021142
0 0.098785 0.088194 0.006424 0.021142
0 0.098785 0.088194 0.006424 0.021142
0 0.098785 0.088194 0.006424 0.021142
0 0.098915 0.088426 0.006163 0.021605
0 0.098915 0.088426 0.006163 0.021605
0 0.098915 0.088426 0.006163 0.021605
0 0.098915 0.088426 0.006163 0.021605
0 0.098915 0.088426 0.006163 0.021605
0 0.099132 0.088889 0.006076 0.021605
0 0.099132 0.088657 0.006076 0.022068
0 0.099132 0.088657 0.006076 0.022068
0 0.099132 0.088657 0.006076 0.022068
0 0.099132 0.088657 0.006076 0.022068
0 0.099132 0.088889 0.006076 0.022531
0 0.099132 0.088889 0.006076 0.022531
0 0.099132 0.088889 0.006076 0.022531
0 0.099132 0.088889 0.006076 0.022531
0 0.099132 0.088889 0.006076 0.022531
0 0.099132 0.089120 0.006076 0.022994
0 0.098915 0.088889 0.006163 0.022531
0 0.098785 0.088889 0.005903 0.022531
0 0.098655 0.088889 0.005642 0.022531
0 0.098524 0.088889 0.005382 0.022531
0 0.098524 0.089120 0.005382 0.022068
0 0.098394 0.089120 0.005122 0.022068
0 0.098264 0.089120 0.004861 0.022068
0 0.098177 0.089120 0.004687 0.022068
0 0.098047 0.089120 0.004427 0.022068
0 0.098047 0.089275 0.004427 0.021759
0 0.097917 0.089120 0.004687 0.022068
0 0.097917 0.089120 0.004687 0.022068
0 0.097830 0.089120 0.004861 0.022068
0 0.097960 0.089120 0.005122 0.022068
0 0.097960 0.089352 0.005122 0.022531
0 0.097830 0.089352 0.005382 0.022531
0 0.097917 0.089352 0.005556 0.022531
0 0.097786 0.089352 0.005816 0.022531
0 0.097786 0.089352 0.005816 0.022531
0 0.097917 0.089506 0.006076 0.022840
0 0.097917 0.089506 0.006076 0.022840
0 0.097917 0.089506 0.006076 0.022840
0 0.097917 0.089506 0.006076 0.022840
0 0.098177 0.089738 0.006076 0.023302
0 0.098177 0.089892 0.006076 0.022994
0 0.098177 0.089892 0.006076 0.022994
0 0.098437 0.090123 0.006076 0.023457
0 0.098437 0.090123 0.006076 0.023457
0 0.098437 0.090123 0.006076 0.023457
0 0.098655 0.090586 0.006163 0.023457
0 0.098655 0.090355 0.006163 0.022994
0 0.098655 0.090586 0.006163 0.022531
0 0.098655 0.090586 0.006163 0.021605
0 0.098655 0.090818 0.006163 0.021142
0 0.098655 0.090972 0.006163 0.020833
0 0.098655 0.090741 0.006163 0.020370
0 0.098655 0.090972 0.006163 0.019907
0 0.098655 0.091049 0.006163 0.019136
0 0.098655 0.091281 0.006163 0.018673
0 0.098655 0.091512 0.006163 0.018210
0 0.098655 0.091281 0.006163 0.018673
0 0.098655 0.091049 0.006163 0.019136
0 0.098655 0.091049 0.006163 0.019136
0 0.098655 0.090972 0.006163 0.019907
0 0.098655 0.090972 0.006163 0.019907
0 0.098655 0.090741 0.006163 0.020370
0 0.098655 0.090818 0.006163 0.021142
0 0.098655 0.090818 0.006163 0.021142
0 0.098655 0.090586 0.006163 0.021605
0 0.098915 0.090818 0.006163 0.022068
0 0.098915 0.090123 0.006163 0.022531
0 0.098915 0.089506 0.006163 0.022840
0 0.098915 0.089120 0.006163 0.022994
0 0.098915 0.088657 0.006163 0.023920
0 0.098915 0.088194 0.006163 0.023920
0 0.098915 0.087577 0.006163 0.024228
0 0.098915 0.087114 0.006163 0.025154
0 0.098915 0.086651 0.006163 0.025154
0 0.098915 0.086034 0.006163 0.025463
0 0.099132 0.085802 0.006076 0.025926
0 0.099132 0.085802 0.006076 0.025926
0 0.099392 0.086265 0.006076 0.025926
0 0.099523 0.086420 0.005816 0.025617
0 0.099653 0.086651 0.006076 0.026080
0 0.099913 0.087114 0.006076 0.026080
0 0.100000 0.087346 0.005903 0.025617
0 0.100130 0.087577 0.006163 0.026080
0 0.100260 0.087809 0.005903 0.025617
0 0.100477 0.088194 0.005816 0.025463
0 0.100738 0.088580 0.005816 0.025617
0 0.100608 0.088194 0.006076 0.025463
0 0.100608 0.088194 0.006076 0.025463
0 0.100608 0.087809 0.006076 0.025617
0 0.100608 0.087809 0.006076 0.025617
0 0.100608 0.087809 0.006076 0.025617
0 0.100608 0.087346 0.006076 0.025617
0 0.100608 0.087346 0.006076 0.025617
0 0.100608 0.086883 0.006076 0.025617
0 0.100608 0.086883 0.006076 0.025617
0 0.100608 0.086883 0.006076 0.025617
0 0.100738 0.086883 0.005816 0.025617
0 0.100998 0.086883 0.005816 0.025617
0 0.101085 0.086883 0.005642 0.025617
0 0.101345 0.086883 0.005642 0.025617
0 0.101606 0.087114 0.005642 0.025154
0 0.101736 0.087114 0.005382 0.025154
0 0.101953 0.087114 0.005295 0.025154
0 0.102040 0.087114 0.005122 0.025154
0 0.102300 0.087114 0.005122 0.025154
0 0.102561 0.087577 0.005122 0.025154
0 0.102821 0.087114 0.005122 0.025154
0 0.103082 0.087114 0.005122 0.025154
0 0.103299 0.087114 0.005208 0.025154
0 0.103776 0.087114 0.005122 0.025154
0 0.104036 0.087114 0.005122 0.025154
0 0.104297 0.086651 0.005122 0.025154
0 0.104731 0.086651 0.005122 0.025154
0 0.104991 0.086651 0.005122 0.025154
0 0.105252 0.086651 0.005122 0.025154
0 0.105773 0.086651 0.005122 0.025154
0 0.105773 0.086651 0.005122 0.025154
0 0.105773 0.086651 0.005122 0.025154
0 0.105773 0.086651 0.005122 0.025154
0 0.105773 0.086651 0.005122 0.025154
0 0.105773 0.086883 0.005122 0.025617
0 0.105773 0.086883 0.005122 0.025617
0 0.105773 0.086883 0.005122 0.025617
0 0.105773 0.086883 0.005122 0.025617
0 0.105773 0.086883 0.005122 0.025617
0 0.105773 0.087346 0.005122 0.025617
