0 0.073047 0.191435 0.012934 0.027315
0 0.073047 0.190972 0.012934 0.027315
0 0.073177 0.190972 0.012674 0.027315
0 0.073307 0.190972 0.012413 0.027315
0 0.073394 0.190972 0.012240 0.027315
0 0.073524 0.190972 0.011979 0.027315
0 0.073655 0.190818 0.011719 0.027006
0 0.073785 0.190818 0.011458 0.027006
0 0.073915 0.190818 0.011198 0.027006
0 0.074002 0.190818 0.011024 0.027006
0 0.074262 0.190818 0.011024 0.027006
0 0.074262 0.190355 0.011024 0.027006
0 0.074523 0.190355 0.011024 0.027006
0 0.074740 0.190355 0.010937 0.027006
0 0.074740 0.190355 0.010937 0.027006
0 0.075000 0.190355 0.010937 0.027006
0 0.075217 0.190355 0.011024 0.027006
0 0.075217 0.190355 0.011024 0.027006
0 0.075477 0.190355 0.011024 0.027006
0 0.075738 0.190355 0.011024 0.027006
0 0.075955 0.190355 0.010937 0.027006
0 0.075738 0.190355 0.011024 0.027006
0 0.075738 0.190355 0.011024 0.027006
0 0.075477 0.190818 0.011024 0.027006
0 0.075477 0.190818 0.011024 0.027006
0 0.075477 0.191204 0.011024 0.026852
0 0.075217 0.191204 0.011024 0.026852
0 0.075217 0.191204 0.011024 0.026852
0 0.075000 0.191667 0.010937 0.026852
0 0.075000 0.191667 0.010937 0.026852
0 0.075000 0.192130 0.010937 0.026852
0 0.074740 0.192130 0.010937 0.026852
0 0.074740 0.192515 0.010937 0.027006
0 0.074523 0.192515 0.011024 0.027006
0 0.074523 0.192978 0.011024 0.027006
0 0.074262 0.192978 0.011024 0.027006
0 0.074262 0.193364 0.011024 0.026852
0 0.074002 0.193364 0.011024 0.026852
0 0.074002 0.193827 0.011024 0.026852
0 0.073785 0.193827 0.010937 0.026852
0 0.073785 0.194290 0.010937 0.026852
0 0.073655 0.194290 0.011198 0.026852
0 0.073655 0.194753 0.011198 0.026852
0 0.073655 0.194753 0.011198 0.026852
0 0.073524 0.195139 0.011458 0.027006
0 0.073524 0.195139 0.011458 0.027006
0 0.073524 0.195525 0.011458 0.026852
0 0.073394 0.195525 0.011719 0.026852
0 0.073394 0.195988 0.011719 0.026852
0 0.073394 0.195988 0.011719 0.026852
0 0.073524 0.196451 0.011979 0.026852
0 0.073264 0.196451 0.011979 0.026852
0 0.073264 0.196914 0.011979 0.026852
0 0.073264 0.197299 0.011979 0.027006
0 0.073264 0.197531 0.011979 0.026543
0 0.073264 0.197994 0.011979 0.026543
0 0.073264 0.198148 0.011979 0.026852
0 0.073264 0.198380 0.011979 0.026389
0 0.073264 0.198843 0.011979 0.026389
0 0.073264 0.199228 0.011979 0.026543
0 0.073264 0.199691 0.011979 0.026543
0 0.072917 0.199460 0.011632 0.026080
0 0.072830 0.199460 0.011458 0.026080
0 0.072700 0.199460 0.011198 0.026080
0 0.072439 0.199460 0.011198 0.026080
0 0.072309 0.199691 0.010937 0.025617
0 0.072179 0.199460 0.010677 0.025154
0 0.071962 0.199460 0.010764 0.025154
0 0.071832 0.199460 0.010503 0.025154
0 0.071701 0.199460 0.010243 0.025154
0 0.071571 0.199691 0.009983 0.024691
0 0.071571 0.199691 0.009983 0.024691
0 0.071701 0.200154 0.010243 0.024691
0 0.071832 0.200154 0.010503 0.024691
0 0.071962 0.200617 0.010243 0.024691
0 0.072092 0.201003 0.010503 0.024846
0 0.072179 0.201003 0.010677 0.024846
0 0.072309 0.201389 0.010417 0.024691
0 0.072439 0.201389 0.010677 0.024691
0 0.072569 0.201852 0.010937 0.024691
0 0.072786 0.202315 0.011024 0.024691
0 0.072569 0.202315 0.010937 0.024691
0 0.072309 0.202778 0.010937 0.024691
0 0.072049 0.203164 0.010937 0.024846
0 0.071832 0.203164 0.011024 0.024846
0 0.071571 0.203549 0.011024 0.024691
0 0.071354 0.204012 0.010937 0.024691
0 0.071094 0.204012 0.010937 0.024691
0 0.070833 0.204475 0.010937 0.024691
0 0.070616 0.204938 0.011024 0.024691
0 0.070616 0.205324 0.011024 0.024846
0 0.070356 0.205324 0.011024 0.024846
0 0.070356 0.205710 0.011024 0.024691
0 0.070095 0.205710 0.011024 0.024691
0 0.070095 0.206173 0.011024 0.024691
0 0.070095 0.206636 0.011024 0.024691
0 0.069878 0.206636 0.010937 0.024691
0 0.069878 0.207099 0.010937 0.024691
0 0.069618 0.207099 0.010937 0.024691
0 0.069618 0.207562 0.010937 0.024691
0 0.069618 0.207948 0.010937 0.024846
0 0.069618 0.207948 0.010937 0.024846
0 0.069618 0.207948 0.010937 0.024846
0 0.069618 0.207948 0.010937 0.024846
0 0.069618 0.208333 0.010937 0.024691
0 0.069618 0.208333 0.010937 0.024691
0 0.069618 0.208333 0.010937 0.024691
0 0.069618 0.208796 0.010937 0.024691
0 0.069618 0.208796 0.010937 0.024691
0 0.069618 0.208796 0.010937 0.024691
0 0.069878 0.209259 0.010937 0.024691
0 0.069618 0.209259 0.010937 0.024691
0 0.069401 0.209259 0.011024 0.024691
0 0.069141 0.209722 0.011024 0.024691
0 0.069141 0.209722 0.011024 0.024691
0 0.068880 0.210108 0.011024 0.024846
0 0.068663 0.210108 0.010937 0.024846
0 0.068663 0.210108 0.010937 0.024846
0 0.068403 0.210494 0.010937 0.024691
0 0.068142 0.210494 0.010937 0.024691
0 0.068142 0.210957 0.010937 0.024691
0 0.067795 0.210957 0.011285 0.024691
0 0.067708 0.211188 0.011458 0.025154
0 0.067448 0.211188 0.011458 0.025154
0 0.067187 0.211420 0.011979 0.025617
0 0.066927 0.211883 0.011979 0.025617
0 0.066797 0.211883 0.012240 0.025617
0 0.066450 0.212037 0.012413 0.025926
0 0.066319 0.212037 0.012674 0.025926
0 0.066059 0.212269 0.012674 0.026389
0 0.065929 0.212731 0.012934 0.026389
0 0.065495 0.213117 0.012934 0.026543
0 0.065234 0.213580 0.012934 0.026543
0 0.064714 0.214043 0.012934 0.026543
0 0.064540 0.214429 0.012934 0.026389
0 0.064019 0.214892 0.012934 0.026389
0 0.063759 0.215278 0.012934 0.026543
0 0.063238 0.215741 0.012934 0.026543
0 0.063064 0.216204 0.012934 0.026543
0 0.062543 0.216590 0.012934 0.026389
0 0.062283 0.217052 0.012934 0.026389
0 0.061849 0.217052 0.012934 0.026389
0 0.061589 0.217515 0.012934 0.026389
0 0.061328 0.217901 0.012934 0.026543
0 0.061068 0.218364 0.012934 0.026543
0 0.060807 0.218750 0.012934 0.026389
0 0.060634 0.218750 0.012934 0.026389
0 0.060373 0.219213 0.012934 0.026389
0 0.060113 0.219676 0.012934 0.026389
0 0.059852 0.220062 0.012934 0.026543
0 0.059592 0.220525 0.012934 0.026543
0 0.058898 0.220988 0.012934 0.026543
0 0.058377 0.221373 0.012934 0.026389
0 0.057943 0.221836 0.012934 0.026389
0 0.057422 0.222222 0.012934 0.026543
0 0.056901 0.222685 0.012934 0.026543
0 0.056207 0.223148 0.012934 0.026543
0 0.055686 0.223534 0.012934 0.026389
0 0.055252 0.223997 0.012934 0.026389
0 0.054731 0.224460 0.012934 0.026389
0 0.054210 0.224846 0.012934 0.026543
0 0.053776 0.225309 0.012934 0.026543
0 0.053255 0.225694 0.012934 0.026389
0 0.052821 0.226157 0.012934 0.026389
0 0.052300 0.226620 0.012934 0.026389
0 0.052040 0.227006 0.012934 0.026543
0 0.051606 0.227469 0.012934 0.026543
0 0.051085 0.227855 0.012934 0.026389
0 0.050564 0.228318 0.012934 0.026389
0 0.050130 0.228781 0.012934 0.026389
0 0.049870 0.229630 0.012934 0.026543
0 0.049609 0.229630 0.012934 0.026543
0 0.049479 0.230093 0.013194 0.026543
0 0.049219 0.230093 0.013194 0.026543
0 0.049132 0.230478 0.013368 0.026389
0 0.048872 0.230710 0.013368 0.026852
0 0.048741 0.230941 0.013628 0.026389
0 0.048524 0.231173 0.013715 0.026852
0 0.048394 0.231327 0.013976 0.026543
0 0.048177 0.231559 0.013889 0.027006
0 0.048047 0.232022 0.014149 0.027006
