0 0.208984 0.207562 0.007552 0.029938
0 0.209418 0.207870 0.007552 0.029938
0 0.209939 0.208333 0.007552 0.029938
0 0.210460 0.208796 0.007552 0.029938
0 0.210894 0.209259 0.007552 0.029938
0 0.211415 0.209722 0.007552 0.029938
0 0.211892 0.210108 0.007639 0.029784
0 0.212370 0.210494 0.007552 0.029938
0 0.212891 0.210957 0.007552 0.029938
0 0.213325 0.211420 0.007552 0.029938
0 0.213976 0.212346 0.007812 0.029938
0 0.214236 0.212346 0.007812 0.029938
0 0.214670 0.212654 0.007812 0.029938
0 0.215191 0.213117 0.007812 0.029938
0 0.215582 0.213580 0.007552 0.029938
0 0.216016 0.214043 0.007552 0.029938
0 0.216406 0.214043 0.007812 0.029938
0 0.216797 0.214506 0.007552 0.029938
0 0.217231 0.214815 0.007552 0.029938
0 0.217752 0.215278 0.007552 0.029938
0 0.218229 0.215741 0.007639 0.029938
0 0.218707 0.215741 0.008073 0.029938
0 0.219314 0.215972 0.008247 0.030401
0 0.219965 0.216204 0.008507 0.030864
0 0.220530 0.216435 0.008767 0.030401
0 0.221181 0.216590 0.009028 0.030710
0 0.221658 0.216821 0.009462 0.031173
0 0.222266 0.217052 0.009809 0.030710
0 0.222873 0.217284 0.009983 0.031173
0 0.223481 0.217515 0.010330 0.031636
0 0.224219 0.217901 0.010764 0.031790
0 0.224566 0.217670 0.010937 0.031327
0 0.225087 0.217670 0.010937 0.031327
0 0.225434 0.217438 0.011285 0.030864
0 0.225911 0.217438 0.011198 0.030864
0 0.226432 0.217438 0.011198 0.030864
0 0.226780 0.217207 0.011545 0.030401
0 0.227257 0.217207 0.011458 0.030401
0 0.227648 0.216975 0.011719 0.029938
0 0.228082 0.216975 0.011719 0.029938
0 0.228733 0.216975 0.011979 0.029938
0 0.228733 0.216975 0.011458 0.029938
0 0.228863 0.217207 0.011198 0.029475
0 0.228950 0.217207 0.011024 0.029475
0 0.228950 0.217670 0.010503 0.029475
0 0.229080 0.217670 0.010243 0.029475
0 0.229210 0.217901 0.009983 0.029012
0 0.229210 0.218133 0.009462 0.029475
0 0.229340 0.218364 0.009201 0.029012
0 0.229427 0.218364 0.009028 0.029012
0 0.229557 0.218827 0.008767 0.029012
0 0.229687 0.218827 0.009028 0.029012
0 0.229948 0.219059 0.009028 0.029475
0 0.230208 0.219290 0.009028 0.029938
0 0.230339 0.219290 0.009288 0.029938
0 0.230686 0.219444 0.009462 0.030247
0 0.230903 0.219676 0.009549 0.030710
0 0.231033 0.219676 0.009809 0.030710
0 0.231293 0.219907 0.009809 0.031173
0 0.231510 0.220139 0.009722 0.031636
0 0.231901 0.220525 0.009983 0.031790
0 0.232031 0.220525 0.010243 0.031790
0 0.232292 0.220756 0.010243 0.031327
0 0.232509 0.220756 0.010330 0.031327
0 0.232726 0.220988 0.010243 0.030864
0 0.232986 0.220988 0.010243 0.030864
0 0.233116 0.221219 0.010503 0.030401
0 0.233377 0.221219 0.010503 0.030401
0 0.233637 0.221451 0.010503 0.029938
0 0.233854 0.221451 0.010417 0.029938
0 0.234071 0.221605 0.010503 0.029630
0 0.233941 0.221219 0.010243 0.029475
0 0.233854 0.221219 0.010069 0.029475
0 0.233854 0.220756 0.010069 0.029475
0 0.233724 0.220756 0.009809 0.029475
0 0.233724 0.220293 0.009809 0.029475
0 0.233594 0.220293 0.009549 0.029475
0 0.233464 0.219830 0.009288 0.029475
0 0.233464 0.219830 0.009288 0.029475
0 0.233333 0.219444 0.009028 0.029630
0 0.233333 0.219444 0.009028 0.029630
0 0.233333 0.219059 0.009028 0.029475
0 0.233464 0.219059 0.009288 0.029475
0 0.233594 0.219059 0.009549 0.029475
0 0.233854 0.219059 0.009549 0.029475
0 0.233984 0.219059 0.009809 0.029475
0 0.233984 0.219059 0.009809 0.029475
0 0.234201 0.219059 0.009722 0.029475
0 0.234332 0.219059 0.009983 0.029475
0 0.234462 0.219059 0.010243 0.029475
0 0.234722 0.219059 0.010243 0.029475
0 0.234852 0.219059 0.009983 0.029475
0 0.235069 0.219059 0.010069 0.029475
0 0.235200 0.219059 0.009809 0.029475
0 0.235417 0.219059 0.009722 0.029475
0 0.235547 0.219059 0.009462 0.029475
0 0.235807 0.219059 0.009462 0.029475
0 0.235894 0.219059 0.009288 0.029475
0 0.236155 0.219059 0.009288 0.029475
0 0.236285 0.219059 0.009028 0.029475
0 0.236675 0.219059 0.008767 0.029475
0 0.236936 0.218827 0.008767 0.029938
0 0.237153 0.218827 0.008854 0.029938
0 0.237370 0.218596 0.008767 0.030401
0 0.237760 0.218596 0.008507 0.030401
0 0.238151 0.218596 0.008767 0.030401
0 0.238368 0.218364 0.008854 0.030864
0 0.238715 0.218364 0.008507 0.030864
0 0.238976 0.218133 0.008507 0.031327
0 0.239236 0.218133 0.008507 0.031327
0 0.239714 0.218364 0.008594 0.031790
0 0.239931 0.217901 0.008507 0.031790
0 0.240321 0.217901 0.008247 0.031790
0 0.240668 0.217901 0.008594 0.031790
0 0.241059 0.217515 0.008333 0.031636
0 0.241406 0.217515 0.008507 0.031636
0 0.241797 0.217515 0.008247 0.031636
0 0.242014 0.217052 0.008333 0.031636
0 0.242535 0.217052 0.008333 0.031636
0 0.242752 0.217052 0.008247 0.031636
0 0.243229 0.217052 0.008333 0.031636
0 0.243490 0.217052 0.008333 0.031636
0 0.243967 0.217284 0.008247 0.032099
0 0.244358 0.217284 0.008507 0.032099
0 0.244835 0.217747 0.008594 0.032099
0 0.245182 0.217747 0.008767 0.032099
0 0.245573 0.217978 0.008507 0.032562
0 0.245964 0.218133 0.008767 0.032253
0 0.246398 0.218287 0.008767 0.032562
0 0.246788 0.218287 0.009028 0.032562
0 0.247309 0.218750 0.009028 0.032562
0 0.247396 0.218519 0.009201 0.032099
0 0.247526 0.218519 0.009462 0.032099
0 0.247656 0.218364 0.009722 0.031790
0 0.247873 0.218364 0.009809 0.031790
0 0.248003 0.218364 0.010069 0.031790
0 0.248090 0.218133 0.010243 0.031327
0 0.248351 0.218133 0.010243 0.031327
0 0.248481 0.217901 0.010503 0.030864
0 0.248611 0.217901 0.010764 0.030864
0 0.249002 0.218133 0.011024 0.030401
0 0.248741 0.217438 0.011024 0.030864
0 0.248481 0.217052 0.011024 0.030710
0 0.248351 0.216590 0.010764 0.030710
0 0.248134 0.216204 0.010677 0.030864
0 0.248134 0.215741 0.010677 0.030864
0 0.247873 0.215278 0.010677 0.030864
0 0.247656 0.214892 0.010764 0.030710
0 0.247526 0.214429 0.010503 0.030710
0 0.247266 0.214043 0.010503 0.030864
0 0.247266 0.213580 0.010503 0.030864
0 0.246788 0.212731 0.010417 0.030710
0 0.246311 0.212114 0.010503 0.030401
0 0.245920 0.211420 0.010243 0.029938
0 0.245530 0.210957 0.010503 0.029938
0 0.245226 0.210262 0.010243 0.029475
0 0.244705 0.209722 0.010243 0.029012
0 0.244314 0.209259 0.010503 0.029012
0 0.244010 0.208565 0.010243 0.028549
0 0.243490 0.207948 0.010243 0.028241
0 0.243229 0.207485 0.010243 0.028241
0 0.242665 0.207022 0.009983 0.028241
0 0.242274 0.206636 0.009722 0.028086
0 0.241797 0.206404 0.009809 0.028549
0 0.241406 0.206019 0.009549 0.028704
0 0.240929 0.206019 0.009462 0.028704
0 0.240582 0.205556 0.009288 0.028704
0 0.240061 0.205093 0.009288 0.028704
0 0.239670 0.204938 0.009028 0.029012
0 0.239236 0.204475 0.009028 0.029012
0 0.238845 0.204475 0.008767 0.029012
0 0.238585 0.204012 0.008767 0.029012
0 0.238585 0.204012 0.008767 0.029012
0 0.238585 0.203549 0.008767 0.029012
0 0.238585 0.203549 0.008767 0.029012
0 0.238585 0.203549 0.008767 0.029012
0 0.238585 0.203164 0.008767 0.029167
0 0.238585 0.203164 0.008767 0.029167
0 0.238585 0.203164 0.008767 0.029167
0 0.238585 0.202778 0.008767 0.029012
0 0.238585 0.202778 0.008767 0.029012
