0 0.265668 0.031867 0.003906 0.013426
0 0.265929 0.031867 0.003906 0.013426
0 0.266450 0.032253 0.003906 0.013580
0 0.266884 0.032253 0.003906 0.013580
0 0.267405 0.032639 0.003906 0.013426
0 0.267925 0.032639 0.003906 0.013426
0 0.268099 0.033102 0.003906 0.013426
0 0.268620 0.033102 0.003906 0.013426
0 0.269141 0.033565 0.003906 0.013426
0 0.269575 0.033565 0.003906 0.013426
0 0.270095 0.034028 0.003906 0.013426
0 0.270356 0.034028 0.003906 0.013426
0 0.270790 0.034028 0.003906 0.013426
0 0.271050 0.034028 0.003906 0.013426
0 0.271571 0.034414 0.003906 0.013580
0 0.271832 0.034414 0.003906 0.013580
0 0.272266 0.034414 0.003906 0.013580
0 0.272526 0.034799 0.003906 0.013426
0 0.273047 0.034799 0.003906 0.013426
0 0.273220 0.034799 0.003906 0.013426
0 0.273741 0.035262 0.003906 0.013426
0 0.274262 0.035262 0.003906 0.013426
0 0.274696 0.035262 0.003906 0.013426
0 0.275217 0.035725 0.003906 0.013426
0 0.275738 0.035725 0.003906 0.013426
0 0.276172 0.036188 0.003906 0.013426
0 0.276693 0.036188 0.003906 0.013426
0 0.277127 0.036188 0.003906 0.013426
0 0.277648 0.036574 0.003906 0.013580
0 0.278168 0.036574 0.003906 0.013580
0 0.278602 0.036960 0.003906 0.013426
0 0.279123 0.036960 0.003906 0.013426
0 0.279818 0.036960 0.003906 0.013426
0 0.280339 0.037423 0.003906 0.013426
0 0.281033 0.037423 0.003906 0.013426
0 0.281814 0.037886 0.003906 0.013426
0 0.282248 0.037886 0.003906 0.013426
0 0.283030 0.037886 0.003906 0.013426
0 0.283550 0.038349 0.003906 0.013426
0 0.284245 0.038349 0.003906 0.013426
0 0.284939 0.038812 0.003906 0.013426
0 0.285200 0.038812 0.003906 0.013426
0 0.285460 0.039120 0.003906 0.013426
0 0.285981 0.039120 0.003906 0.013426
0 0.286155 0.039583 0.003906 0.013426
0 0.286675 0.039583 0.003906 0.013426
0 0.286936 0.040046 0.003906 0.013426
0 0.287196 0.040046 0.003906 0.013426
0 0.287630 0.040509 0.003906 0.013426
0 0.287891 0.040509 0.003906 0.013426
0 0.288411 0.040972 0.003906 0.013426
0 0.288672 0.040972 0.003906 0.013426
0 0.288845 0.040972 0.003906 0.013426
0 0.289106 0.040972 0.003906 0.013426
0 0.289366 0.040972 0.003906 0.013426
0 0.289627 0.041358 0.003906 0.013580
0 0.289887 0.041358 0.003906 0.013580
0 0.290061 0.041358 0.003906 0.013580
0 0.290321 0.041358 0.003906 0.013580
0 0.290582 0.041358 0.003906 0.013580
0 0.291102 0.041744 0.003906 0.013426
0 0.291102 0.041744 0.003906 0.013426
0 0.291276 0.041744 0.003906 0.013426
0 0.291276 0.041744 0.003906 0.013426
0 0.291536 0.042207 0.003906 0.013426
0 0.291536 0.042207 0.003906 0.013426
0 0.291797 0.042207 0.003906 0.013426
0 0.291797 0.042670 0.003906 0.013426
0 0.292057 0.042670 0.003906 0.013426
0 0.292057 0.042670 0.003906 0.013426
0 0.292318 0.043133 0.003906 0.013426
0 0.292318 0.043133 0.003906 0.013426
0 0.292318 0.043364 0.003906 0.013889
0 0.292318 0.043364 0.003906 0.013889
0 0.292318 0.043673 0.003906 0.013889
0 0.292318 0.043904 0.003906 0.014352
0 0.292318 0.043904 0.003906 0.014352
0 0.292318 0.044367 0.003906 0.014352
0 0.292318 0.044367 0.003906 0.014352
0 0.292318 0.044599 0.003906 0.014815
0 0.292448 0.045062 0.003646 0.014815
0 0.292187 0.045062 0.003646 0.014815
0 0.292187 0.045062 0.003646 0.014815
0 0.291927 0.045062 0.003646 0.014815
0 0.291927 0.045062 0.003646 0.014815
0 0.291927 0.045062 0.003646 0.014815
0 0.291667 0.045062 0.003646 0.014815
0 0.291667 0.045062 0.003646 0.014815
0 0.291406 0.045062 0.003646 0.014815
0 0.291406 0.045062 0.003646 0.014815
0 0.291406 0.045448 0.003646 0.014660
0 0.291406 0.045448 0.003646 0.014660
0 0.291406 0.045910 0.003646 0.014660
0 0.291406 0.045910 0.003646 0.014660
0 0.291406 0.046373 0.003646 0.014660
0 0.291667 0.046759 0.003646 0.014815
0 0.291667 0.046759 0.003646 0.014815
0 0.291667 0.047222 0.003646 0.014815
0 0.291667 0.047222 0.003646 0.014815
0 0.291667 0.047685 0.003646 0.014815
0 0.291927 0.048071 0.003646 0.014660
0 0.292187 0.048071 0.003646 0.014660
0 0.292448 0.048071 0.003646 0.014660
0 0.292665 0.048534 0.003733 0.014660
0 0.293142 0.048534 0.003646 0.014660
0 0.293403 0.048920 0.003646 0.014815
0 0.293663 0.048920 0.003646 0.014815
0 0.294097 0.048920 0.003646 0.014815
0 0.294358 0.049383 0.003646 0.014815
0 0.294618 0.049383 0.003646 0.014815
0 0.295095 0.049846 0.003733 0.014815
0 0.295095 0.049846 0.003733 0.014815
0 0.295312 0.050231 0.003646 0.014660
0 0.295573 0.050231 0.003646 0.014660
0 0.295833 0.050694 0.003646 0.014660
0 0.296094 0.050694 0.003646 0.014660
0 0.296094 0.051080 0.003646 0.014815
0 0.296354 0.051080 0.003646 0.014815
0 0.296571 0.051543 0.003733 0.014815
0 0.296788 0.051543 0.003646 0.014815
0 0.297049 0.052006 0.003646 0.014815
0 0.297049 0.052006 0.003646 0.014815
0 0.297049 0.052006 0.003646 0.014815
0 0.297049 0.052006 0.003646 0.014815
0 0.297049 0.052006 0.003646 0.014815
0 0.297049 0.052006 0.003646 0.014815
0 0.297049 0.052006 0.003646 0.014815
0 0.297049 0.052006 0.003646 0.014815
0 0.297049 0.052006 0.003646 0.014815
0 0.297049 0.052006 0.003646 0.014815
0 0.297049 0.052006 0.003646 0.014815
0 0.297049 0.052006 0.003646 0.014815
0 0.297049 0.052392 0.003646 0.014660
0 0.297309 0.052392 0.003646 0.014660
0 0.297309 0.052855 0.003646 0.014660
0 0.297569 0.052855 0.003646 0.014660
0 0.297569 0.053241 0.003646 0.014815
0 0.297569 0.053241 0.003646 0.014815
0 0.297786 0.053704 0.003733 0.014815
0 0.297786 0.053704 0.003733 0.014815
0 0.298003 0.054167 0.003646 0.014815
0 0.298003 0.054167 0.003646 0.014815
0 0.298003 0.054167 0.003646 0.014815
0 0.298003 0.054552 0.003646 0.014660
0 0.298264 0.054552 0.003646 0.014660
0 0.298264 0.055015 0.003646 0.014660
0 0.298264 0.055015 0.003646 0.014660
0 0.298524 0.055015 0.003646 0.014660
0 0.298524 0.055478 0.003646 0.014660
0 0.298524 0.055478 0.003646 0.014660
0 0.298785 0.055864 0.003646 0.014815
0 0.298785 0.055864 0.003646 0.014815
0 0.299002 0.055864 0.003733 0.014815
0 0.299002 0.056327 0.003733 0.014815
0 0.299219 0.056327 0.003646 0.014815
0 0.299219 0.056790 0.003646 0.014815
0 0.299479 0.056790 0.003646 0.014815
0 0.299479 0.056790 0.003646 0.014815
0 0.299740 0.057176 0.003646 0.014660
0 0.299740 0.057176 0.003646 0.014660
0 0.300000 0.057639 0.003646 0.014660
0 0.300260 0.057639 0.003646 0.014660
0 0.300434 0.057639 0.003646 0.014660
0 0.300694 0.057639 0.003646 0.014660
0 0.300955 0.057639 0.003646 0.014660
0 0.301215 0.058025 0.003646 0.014815
0 0.301476 0.058025 0.003646 0.014815
0 0.301693 0.058025 0.003733 0.014815
0 0.301910 0.058025 0.003646 0.014815
0 0.302170 0.058025 0.003646 0.014815
0 0.302431 0.058488 0.003646 0.014815
0 0.302691 0.058025 0.003646 0.014815
0 0.302908 0.058025 0.003733 0.014815
0 0.303125 0.058025 0.003646 0.014815
0 0.303646 0.058025 0.003646 0.014815
0 0.303906 0.058025 0.003646 0.014815
0 0.304123 0.057639 0.003733 0.014660
0 0.304340 0.057639 0.003646 0.014660
0 0.304861 0.057639 0.003646 0.014660
0 0.305122 0.057639 0.003646 0.014660
0 0.305382 0.057639 0.003646 0.014660
