0 0.099913 0.003627 0.004167 0.007253
0 0.099913 0.003627 0.004167 0.007253
0 0.099913 0.003627 0.004167 0.007253
0 0.099913 0.003627 0.004167 0.007253
0 0.099913 0.003627 0.004167 0.007253
0 0.099913 0.003627 0.004167 0.007253
0 0.099913 0.003627 0.004167 0.007253
0 0.099913 0.003627 0.004167 0.007253
0 0.099913 0.003627 0.004167 0.007253
0 0.099913 0.003627 0.004167 0.007253
0 0.099913 0.003627 0.004167 0.007253
0 0.099913 0.003627 0.004167 0.007253
0 0.099913 0.003627 0.004167 0.007253
0 0.099913 0.003627 0.004167 0.007253
0 0.099913 0.003627 0.004167 0.007253
0 0.099913 0.003627 0.004167 0.007253
0 0.099913 0.003627 0.004167 0.007253
0 0.099913 0.003627 0.004167 0.007253
0 0.099913 0.003627 0.004167 0.007253
0 0.099913 0.003627 0.004167 0.007253
0 0.099913 0.003627 0.004167 0.007253
0 0.099913 0.003627 0.004167 0.007253
0 0.099913 0.003627 0.004167 0.007253
0 0.099913 0.003627 0.004167 0.007253
0 0.099913 0.003627 0.004167 0.007253
0 0.099913 0.003627 0.004167 0.007253
0 0.099913 0.003627 0.004167 0.007253
0 0.099913 0.003627 0.004167 0.007253
0 0.099913 0.003627 0.004167 0.007253
0 0.099913 0.003627 0.004167 0.007253
0 0.099913 0.003627 0.004167 0.007253
0 0.099913 0.003627 0.004167 0.007253
0 0.099913 0.003627 0.004167 0.007253
0 0.099913 0.003627 0.004167 0.007253
0 0.099913 0.003627 0.004167 0.007253
0 0.099913 0.003627 0.004167 0.007253
0 0.099913 0.003627 0.004167 0.007253
0 0.099913 0.003627 0.004167 0.007253
0 0.099913 0.003627 0.004167 0.007253
0 0.099913 0.003627 0.004167 0.007253
0 0.099913 0.003627 0.004167 0.007253
0 0.099913 0.003627 0.004167 0.007253
0 0.099913 0.003627 0.004167 0.007253
0 0.099913 0.003627 0.004167 0.007253
0 0.099913 0.003627 0.004167 0.007253
0 0.099913 0.003627 0.004167 0.007253
0 0.099913 0.003627 0.004167 0.007253
0 0.099913 0.003627 0.004167 0.007253
0 0.099913 0.003627 0.004167 0.007253
0 0.099913 0.003627 0.004167 0.007253
0 0.099913 0.003627 0.004167 0.007253
0 0.099913 0.003627 0.004167 0.007253
0 0.099913 0.003627 0.004167 0.007253
0 0.100130 0.003627 0.004080 0.007253
0 0.100130 0.003627 0.004080 0.007253
0 0.100347 0.003627 0.004167 0.007253
0 0.100347 0.003627 0.004167 0.007253
0 0.100347 0.003627 0.004167 0.007253
0 0.100608 0.003627 0.004167 0.007253
0 0.100608 0.003627 0.004167 0.007253
0 0.100868 0.003627 0.004167 0.007253
0 0.100868 0.003627 0.004167 0.007253
0 0.100868 0.003627 0.004167 0.007253
0 0.100868 0.003627 0.004167 0.007253
0 0.100868 0.003627 0.004167 0.007253
0 0.100868 0.003627 0.004167 0.007253
0 0.100868 0.003627 0.004167 0.007253
0 0.100868 0.003627 0.004167 0.007253
0 0.100868 0.003627 0.004167 0.007253
0 0.100868 0.003627 0.004167 0.007253
0 0.100868 0.003627 0.004167 0.007253
0 0.100868 0.003627 0.004167 0.007253
0 0.100868 0.003627 0.004167 0.007253
0 0.100868 0.003627 0.004167 0.007253
0 0.100868 0.003627 0.004167 0.007253
0 0.100868 0.003627 0.004167 0.007253
0 0.100868 0.003627 0.004167 0.007253
0 0.100868 0.003627 0.004167 0.007253
0 0.100868 0.003627 0.004167 0.007253
0 0.100868 0.003627 0.004167 0.007253
0 0.100868 0.003627 0.004167 0.007253
0 0.100608 0.003627 0.004167 0.007253
0 0.100347 0.003627 0.004167 0.007253
0 0.100130 0.003627 0.004080 0.007253
0 0.099913 0.003627 0.004167 0.007253
0 0.099913 0.003627 0.004167 0.007253
0 0.099653 0.003627 0.004167 0.007253
0 0.099392 0.003627 0.004167 0.007253
0 0.099132 0.003627 0.004167 0.007253
0 0.098915 0.003627 0.004080 0.007253
0 0.098915 0.003627 0.004080 0.007253
0 0.098437 0.003627 0.004167 0.007253
0 0.097917 0.003627 0.004167 0.007253
0 0.097439 0.003858 0.004080 0.007716
0 0.097222 0.003858 0.004167 0.007716
0 0.096701 0.004090 0.004167 0.008179
0 0.096224 0.004090 0.004080 0.008179
0 0.096007 0.004090 0.004167 0.008179
0 0.095486 0.004321 0.004167 0.008642
0 0.095009 0.004321 0.004080 0.008642
0 0.094792 0.004552 0.004167 0.009105
0 0.093750 0.004321 0.004167 0.008642
0 0.093056 0.004321 0.004167 0.008642
0 0.092101 0.004090 0.004167 0.008179
0 0.091319 0.004090 0.004167 0.008179
0 0.090625 0.004090 0.004167 0.008179
0 0.089627 0.003858 0.004080 0.007716
0 0.088889 0.003858 0.004167 0.007716
0 0.087934 0.003627 0.004167 0.007253
0 0.087196 0.003627 0.004080 0.007253
0 0.086458 0.003627 0.004167 0.007253
0 0.085503 0.003627 0.004167 0.007253
0 0.084722 0.003627 0.004167 0.007253
0 0.084028 0.003627 0.004167 0.007253
0 0.083290 0.003627 0.004080 0.007253
0 0.082552 0.003627 0.004167 0.007253
0 0.081858 0.003627 0.004167 0.007253
0 0.081076 0.003627 0.004167 0.007253
0 0.080382 0.003627 0.004167 0.007253
0 0.079601 0.003627 0.004167 0.007253
0 0.078906 0.003627 0.004167 0.007253
0 0.078385 0.003627 0.004167 0.007253
0 0.078168 0.003627 0.004080 0.007253
0 0.077691 0.003627 0.004167 0.007253
0 0.077431 0.003627 0.004167 0.007253
0 0.077170 0.003627 0.004167 0.007253
0 0.076693 0.003627 0.004080 0.007253
0 0.076476 0.003627 0.004167 0.007253
0 0.075955 0.003627 0.004167 0.007253
0 0.075694 0.003627 0.004167 0.007253
0 0.075477 0.003627 0.004080 0.007253
0 0.075477 0.003627 0.004080 0.007253
0 0.075477 0.003627 0.004080 0.007253
0 0.075477 0.003627 0.004080 0.007253
0 0.075477 0.003627 0.004080 0.007253
0 0.075477 0.003627 0.004080 0.007253
0 0.075477 0.003627 0.004080 0.007253
0 0.075477 0.003627 0.004080 0.007253
0 0.075477 0.003627 0.004080 0.007253
0 0.075477 0.003627 0.004080 0.007253
0 0.075477 0.003627 0.004080 0.007253
0 0.075477 0.003627 0.004080 0.007253
0 0.075608 0.003627 0.004340 0.007253
0 0.075738 0.003858 0.004601 0.007716
0 0.075825 0.003858 0.004427 0.007716
0 0.075955 0.004090 0.004687 0.008179
0 0.076085 0.004090 0.004948 0.008179
0 0.076215 0.004090 0.004687 0.008179
0 0.076302 0.004321 0.004861 0.008642
0 0.076432 0.004321 0.005122 0.008642
0 0.076693 0.004552 0.005122 0.009105
0 0.076953 0.004321 0.005122 0.008642
0 0.077214 0.004321 0.005122 0.008642
0 0.077561 0.004090 0.004948 0.008179
0 0.077778 0.004090 0.004861 0.008179
0 0.078168 0.004090 0.004601 0.008179
0 0.078429 0.003858 0.004601 0.007716
0 0.078646 0.003858 0.004687 0.007716
0 0.079036 0.003627 0.004427 0.007253
0 0.079253 0.003627 0.004340 0.007253
0 0.079601 0.003627 0.004167 0.007253
0 0.079601 0.003627 0.004167 0.007253
0 0.079601 0.003627 0.004167 0.007253
0 0.079601 0.003627 0.004167 0.007253
0 0.079861 0.003627 0.004167 0.007253
0 0.079861 0.003627 0.004167 0.007253
0 0.079861 0.003627 0.004167 0.007253
0 0.080122 0.003627 0.004167 0.007253
0 0.080122 0.003627 0.004167 0.007253
0 0.080122 0.003627 0.004167 0.007253
0 0.080382 0.003627 0.004167 0.007253
0 0.081858 0.003627 0.004167 0.007253
0 0.083507 0.003627 0.004167 0.007253
0 0.085243 0.003627 0.004167 0.007253
0 0.086979 0.003627 0.004167 0.007253
0 0.088628 0.003627 0.004167 0.007253
0 0.090365 0.003627 0.004167 0.007253
0 0.092101 0.003627 0.004167 0.007253
0 0.093750 0.003627 0.004167 0.007253
0 0.095486 0.003627 0.004167 0.007253
0 0.097222 0.003627 0.004167 0.007253
