0 0.238498 0.201003 0.008594 0.030710
0 0.238238 0.200154 0.008594 0.030864
0 0.238021 0.199691 0.008507 0.030864
0 0.238021 0.199228 0.008507 0.030864
0 0.237760 0.198380 0.008507 0.030710
0 0.237760 0.197994 0.008507 0.030864
0 0.237500 0.197531 0.008507 0.030864
0 0.237283 0.196682 0.008594 0.030710
0 0.237283 0.196219 0.008594 0.030710
0 0.237023 0.195833 0.008594 0.030864
0 0.237023 0.195370 0.008594 0.030864
0 0.237023 0.194444 0.008594 0.030864
0 0.237023 0.193596 0.008594 0.030710
0 0.237023 0.192747 0.008594 0.030864
0 0.237023 0.192284 0.008594 0.030864
0 0.237023 0.191435 0.008594 0.030710
0 0.237023 0.190586 0.008594 0.030864
0 0.237023 0.190123 0.008594 0.030864
0 0.237023 0.189275 0.008594 0.030710
0 0.237023 0.188426 0.008594 0.030864
0 0.237283 0.187963 0.008594 0.030864
0 0.237023 0.187114 0.008594 0.030710
0 0.236806 0.186265 0.008507 0.030864
0 0.236545 0.185340 0.008507 0.030864
0 0.236285 0.184954 0.008507 0.030710
0 0.236024 0.184105 0.008507 0.030864
0 0.235807 0.183179 0.008594 0.030864
0 0.235547 0.182793 0.008594 0.030710
0 0.235330 0.181944 0.008507 0.030864
0 0.235069 0.181019 0.008507 0.030864
0 0.235069 0.180633 0.008507 0.030710
0 0.234809 0.179321 0.008507 0.030864
0 0.234592 0.178395 0.008594 0.030864
0 0.234332 0.177546 0.008594 0.030710
0 0.234115 0.176698 0.008507 0.030864
0 0.233854 0.175849 0.008507 0.030710
0 0.233594 0.175000 0.008507 0.030864
0 0.233377 0.174074 0.008594 0.030864
0 0.233116 0.173225 0.008594 0.030710
0 0.232899 0.172377 0.008507 0.030864
0 0.232899 0.171528 0.008507 0.030710
0 0.231901 0.170602 0.008594 0.030710
0 0.230903 0.169753 0.008507 0.030864
0 0.229948 0.168904 0.008507 0.030710
0 0.228993 0.168056 0.008507 0.030864
0 0.228255 0.167593 0.008594 0.030864
0 0.227257 0.166744 0.008507 0.030710
0 0.226302 0.165895 0.008507 0.030864
0 0.225304 0.164969 0.008594 0.030864
0 0.224349 0.164120 0.008594 0.030710
0 0.223611 0.163657 0.008507 0.030710
0 0.222135 0.162809 0.008507 0.030864
0 0.220660 0.161960 0.008507 0.030710
0 0.219444 0.161111 0.008507 0.030864
0 0.217969 0.160648 0.008507 0.030864
0 0.216753 0.159799 0.008507 0.030710
0 0.215321 0.158951 0.008594 0.030864
0 0.213845 0.158488 0.008594 0.030864
0 0.212630 0.157639 0.008594 0.030710
0 0.211155 0.156790 0.008594 0.030864
0 0.209939 0.156327 0.008594 0.030864
0 0.208941 0.155401 0.008507 0.030864
0 0.208247 0.155015 0.008507 0.030710
0 0.207509 0.154552 0.008594 0.030710
0 0.206510 0.153704 0.008507 0.030864
0 0.205773 0.153241 0.008594 0.030864
0 0.205035 0.152855 0.008507 0.030710
0 0.204080 0.152006 0.008507 0.030864
0 0.203342 0.151543 0.008594 0.030864
0 0.202604 0.151080 0.008507 0.030864
0 0.201910 0.150694 0.008507 0.030710
0 0.201389 0.149846 0.008507 0.030864
0 0.200911 0.149383 0.008594 0.030864
0 0.200434 0.148920 0.008507 0.030864
0 0.199913 0.148534 0.008507 0.030710
0 0.199696 0.148071 0.008594 0.030710
0 0.199219 0.147608 0.008507 0.030710
0 0.198698 0.147222 0.008507 0.030864
0 0.198220 0.146759 0.008594 0.030864
0 0.197743 0.146296 0.008507 0.030864
0 0.197483 0.145910 0.008507 0.030710
0 0.197005 0.145448 0.008594 0.030710
0 0.196745 0.145448 0.008594 0.030710
0 0.196267 0.145448 0.008507 0.030710
0 0.196007 0.145062 0.008507 0.030864
0 0.195530 0.145062 0.008594 0.030864
0 0.195312 0.145062 0.008507 0.030864
0 0.194792 0.144599 0.008507 0.030864
0 0.194575 0.144599 0.008594 0.030864
0 0.194097 0.144599 0.008507 0.030864
0 0.193837 0.144599 0.008507 0.030864
0 0.193576 0.144367 0.008507 0.030401
0 0.193359 0.144136 0.008594 0.029938
0 0.193099 0.144136 0.008594 0.029012
0 0.192969 0.143981 0.008333 0.028704
0 0.192752 0.143981 0.008247 0.027778
0 0.192491 0.143750 0.008247 0.027315
0 0.192361 0.143519 0.007986 0.026852
0 0.192144 0.143519 0.008073 0.025926
0 0.191884 0.143364 0.008073 0.025617
0 0.191753 0.143287 0.007812 0.024846
0 0.191753 0.143287 0.007812 0.024846
0 0.192014 0.143287 0.007812 0.024846
0 0.192014 0.143287 0.007812 0.024846
0 0.192274 0.143519 0.007812 0.025309
0 0.192491 0.143519 0.007726 0.025309
0 0.192491 0.143519 0.007726 0.025309
0 0.192708 0.143673 0.007812 0.025617
0 0.192708 0.143673 0.007812 0.025617
0 0.192969 0.143673 0.007812 0.025617
0 0.193229 0.143904 0.007812 0.026080
0 0.193229 0.143904 0.007812 0.026080
0 0.193229 0.143904 0.007812 0.026080
0 0.193229 0.143904 0.007812 0.026080
0 0.193490 0.144136 0.007812 0.025617
0 0.193490 0.144136 0.007812 0.025617
0 0.193490 0.144136 0.007812 0.025617
0 0.193750 0.144367 0.007812 0.025154
0 0.193750 0.144367 0.007812 0.025154
0 0.193750 0.144367 0.007812 0.025154
0 0.193924 0.144599 0.007812 0.024691
0 0.193750 0.144367 0.007812 0.025154
0 0.193490 0.144367 0.007812 0.025154
0 0.193229 0.144367 0.007812 0.025154
0 0.192969 0.144367 0.007812 0.025154
0 0.192708 0.144367 0.007812 0.025154
0 0.192491 0.144136 0.007726 0.025617
0 0.192274 0.144136 0.007812 0.025617
0 0.192014 0.144136 0.007812 0.025617
0 0.191753 0.144136 0.007812 0.025617
0 0.191493 0.144136 0.007812 0.025617
0 0.191493 0.143904 0.007812 0.025154
0 0.191753 0.143904 0.007812 0.025154
0 0.191753 0.143904 0.007812 0.025154
0 0.192014 0.143904 0.007812 0.025154
0 0.192274 0.143904 0.007812 0.025154
0 0.192274 0.143904 0.007812 0.025154
0 0.192491 0.143904 0.007726 0.025154
0 0.192491 0.143904 0.007726 0.025154
0 0.192708 0.143904 0.007812 0.025154
0 0.192969 0.144136 0.007812 0.024691
0 0.193229 0.144136 0.007812 0.024691
0 0.193490 0.144136 0.007812 0.024691
0 0.193750 0.144367 0.007812 0.025154
0 0.193924 0.144367 0.007812 0.025154
0 0.194444 0.144599 0.007812 0.025617
0 0.194705 0.144599 0.007812 0.025617
0 0.194965 0.144599 0.007812 0.025617
0 0.195139 0.144830 0.007812 0.026080
0 0.195399 0.144830 0.007812 0.026080
0 0.195920 0.145062 0.007812 0.026543
0 0.196354 0.144599 0.007812 0.026543
0 0.196875 0.144367 0.007812 0.026080
0 0.197483 0.144136 0.007986 0.025617
0 0.198090 0.143904 0.007812 0.025154
0 0.198741 0.143750 0.008073 0.024846
0 0.199175 0.143519 0.008073 0.024383
0 0.199826 0.143287 0.007812 0.023920
0 0.200391 0.143056 0.008073 0.023457
0 0.200911 0.142824 0.008073 0.022994
0 0.201649 0.142824 0.007986 0.022994
0 0.202127 0.142361 0.008073 0.022994
0 0.202865 0.142052 0.007986 0.022994
0 0.203342 0.141590 0.008073 0.022994
0 0.204080 0.141590 0.007986 0.022994
0 0.204557 0.141127 0.008073 0.022994
0 0.205295 0.140664 0.007986 0.022994
0 0.205773 0.140664 0.008073 0.022994
0 0.206554 0.140201 0.008073 0.022994
0 0.206988 0.139892 0.008073 0.022994
0 0.207769 0.139892 0.008073 0.022994
0 0.207509 0.139892 0.008073 0.022994
0 0.207509 0.139892 0.008073 0.022994
0 0.207509 0.139892 0.008073 0.022994
0 0.207509 0.139892 0.008073 0.022994
0 0.207509 0.139892 0.008073 0.022994
0 0.207248 0.139892 0.008073 0.022994
0 0.207248 0.139892 0.008073 0.022994
0 0.207248 0.139892 0.008073 0.022994
0 0.207248 0.139892 0.008073 0.022994
0 0.207248 0.139892 0.008073 0.022994
