0 0.225087 0.186883 0.008507 0.024383
0 0.224826 0.186497 0.008507 0.024228
0 0.224826 0.186034 0.008507 0.024228
0 0.224826 0.185571 0.008507 0.024228
0 0.224826 0.185185 0.008507 0.024383
0 0.224826 0.185185 0.008507 0.024383
0 0.224566 0.184722 0.008507 0.024383
0 0.224566 0.184336 0.008507 0.024228
0 0.224566 0.183873 0.008507 0.024228
0 0.224566 0.183410 0.008507 0.024228
0 0.224566 0.183410 0.008507 0.024228
0 0.224349 0.182562 0.008594 0.024383
0 0.224089 0.182099 0.008594 0.024383
0 0.223872 0.181713 0.008507 0.024228
0 0.223872 0.181250 0.008507 0.024228
0 0.223611 0.180787 0.008507 0.024228
0 0.223351 0.180401 0.008507 0.024383
0 0.223351 0.179938 0.008507 0.024383
0 0.223090 0.179552 0.008507 0.024228
0 0.222873 0.179090 0.008594 0.024228
0 0.222873 0.178627 0.008594 0.024228
0 0.222396 0.177778 0.008507 0.024383
0 0.222135 0.177392 0.008507 0.024228
0 0.221875 0.176929 0.008507 0.024228
0 0.221398 0.176466 0.008594 0.024228
0 0.221181 0.176080 0.008507 0.024383
0 0.220920 0.175617 0.008507 0.024383
0 0.220443 0.175154 0.008594 0.024383
0 0.220182 0.174769 0.008594 0.024228
0 0.219965 0.174306 0.008507 0.024228
0 0.219705 0.173843 0.008507 0.024228
0 0.219184 0.172994 0.008507 0.024383
0 0.218707 0.172608 0.008594 0.024228
0 0.218229 0.172145 0.008507 0.024228
0 0.217752 0.171682 0.008594 0.024228
0 0.217491 0.171296 0.008594 0.024383
0 0.217014 0.170833 0.008507 0.024383
0 0.216536 0.170448 0.008594 0.024228
0 0.216059 0.169985 0.008507 0.024228
0 0.215538 0.169522 0.008507 0.024228
0 0.215321 0.169136 0.008594 0.024383
0 0.214062 0.168287 0.008507 0.024228
0 0.213108 0.167593 0.008507 0.024691
0 0.212153 0.166898 0.008507 0.025154
0 0.211155 0.166127 0.008594 0.025154
0 0.210156 0.165432 0.008507 0.025617
0 0.209071 0.164738 0.008247 0.026080
0 0.208116 0.163889 0.008247 0.025926
0 0.207118 0.163272 0.008333 0.026543
0 0.206163 0.162654 0.008333 0.026852
0 0.205165 0.162191 0.008247 0.026852
0 0.203733 0.161265 0.008333 0.026852
0 0.202517 0.160648 0.008333 0.027469
0 0.201042 0.160262 0.008333 0.027315
0 0.199826 0.159568 0.008333 0.027778
0 0.198481 0.159105 0.008073 0.027778
0 0.197135 0.158333 0.008333 0.027778
0 0.195790 0.157639 0.008073 0.028241
0 0.194444 0.157176 0.008333 0.028241
0 0.193099 0.156559 0.008073 0.028549
0 0.191884 0.156096 0.008073 0.028549
0 0.190929 0.155247 0.008073 0.028704
0 0.189931 0.154321 0.007986 0.028704
0 0.188932 0.153935 0.008073 0.028549
0 0.187977 0.153086 0.008073 0.028704
0 0.187023 0.152623 0.008073 0.028704
0 0.186024 0.151775 0.007986 0.028549
0 0.185026 0.150926 0.008073 0.028704
0 0.184071 0.150463 0.008073 0.028704
0 0.183116 0.149614 0.008073 0.028549
0 0.182118 0.149151 0.007986 0.028549
0 0.181380 0.148688 0.008073 0.028549
0 0.180903 0.148302 0.007986 0.028704
0 0.180425 0.147840 0.008073 0.028704
0 0.179688 0.147840 0.007986 0.028704
0 0.179210 0.147454 0.008073 0.028549
0 0.178689 0.146991 0.008073 0.028549
0 0.177995 0.146991 0.008073 0.028549
0 0.177474 0.146528 0.008073 0.028549
0 0.176997 0.146142 0.007986 0.028704
0 0.176519 0.146142 0.008073 0.028704
0 0.175781 0.145679 0.007986 0.028704
0 0.175304 0.145216 0.008073 0.028704
0 0.174783 0.144830 0.008073 0.028549
0 0.174089 0.144367 0.008073 0.028549
0 0.173568 0.143981 0.008073 0.028704
0 0.173090 0.143519 0.007986 0.028704
0 0.172352 0.143056 0.008073 0.028704
0 0.171875 0.142670 0.007986 0.028549
0 0.171398 0.142207 0.008073 0.028549
0 0.170877 0.142207 0.008073 0.028549
0 0.170182 0.141821 0.008073 0.028704
0 0.169661 0.141358 0.008073 0.028704
0 0.169184 0.140895 0.007986 0.028704
0 0.168707 0.140509 0.008073 0.028549
0 0.168186 0.140046 0.008073 0.028549
0 0.167491 0.139583 0.008073 0.028549
0 0.166970 0.139198 0.008073 0.028704
0 0.166493 0.138735 0.007986 0.028704
0 0.166016 0.138272 0.008073 0.028704
0 0.165495 0.138272 0.008073 0.028704
0 0.165278 0.137886 0.007986 0.028549
0 0.165061 0.137654 0.008073 0.028086
0 0.164800 0.137269 0.008073 0.028241
0 0.164540 0.137037 0.008073 0.027778
0 0.164410 0.136806 0.007812 0.027315
0 0.164149 0.136343 0.007812 0.027315
0 0.163976 0.136111 0.007812 0.026852
0 0.163715 0.135725 0.007812 0.027006
0 0.163455 0.135494 0.007812 0.026543
0 0.163455 0.135262 0.007812 0.026080
0 0.162934 0.134799 0.007812 0.026080
0 0.162760 0.134799 0.007812 0.026080
0 0.162500 0.134799 0.007812 0.026080
0 0.161979 0.134799 0.007812 0.026080
0 0.161719 0.134799 0.007812 0.026080
0 0.161458 0.134414 0.007812 0.025926
0 0.161024 0.134414 0.007812 0.025926
0 0.160764 0.134414 0.007812 0.025926
0 0.160503 0.134414 0.007812 0.025926
0 0.160243 0.134414 0.007812 0.025926
0 0.159549 0.133951 0.007812 0.025926
0 0.159028 0.133951 0.007812 0.025926
0 0.158594 0.133565 0.007812 0.026080
0 0.157812 0.133565 0.007812 0.026080
0 0.157378 0.133565 0.007812 0.026080
0 0.156858 0.133102 0.007812 0.026080
0 0.156163 0.133102 0.007812 0.026080
0 0.155642 0.132639 0.007812 0.026080
0 0.155122 0.132639 0.007812 0.026080
0 0.154687 0.132639 0.007812 0.026080
0 0.154427 0.132253 0.007812 0.025926
0 0.154167 0.132253 0.007812 0.025926
0 0.153906 0.131790 0.007812 0.025926
0 0.153689 0.131790 0.007726 0.025926
0 0.153472 0.131790 0.007812 0.025926
0 0.153212 0.131404 0.007812 0.026080
0 0.152951 0.131404 0.007812 0.026080
0 0.152691 0.130941 0.007812 0.026080
0 0.152431 0.130941 0.007812 0.026080
0 0.152431 0.130941 0.007812 0.026080
0 0.152431 0.130941 0.007812 0.026080
0 0.152431 0.130941 0.007812 0.026080
0 0.152691 0.130941 0.007812 0.026080
0 0.152691 0.130941 0.007812 0.026080
0 0.152951 0.130941 0.007812 0.026080
0 0.152951 0.130941 0.007812 0.026080
0 0.152951 0.130941 0.007812 0.026080
0 0.153212 0.130941 0.007812 0.026080
0 0.153212 0.130941 0.007812 0.026080
0 0.153472 0.131404 0.007812 0.026080
0 0.153906 0.131404 0.007812 0.026080
0 0.154687 0.131404 0.007812 0.026080
0 0.155122 0.131404 0.007812 0.026080
0 0.155903 0.131404 0.007812 0.026080
0 0.156337 0.131404 0.007812 0.026080
0 0.157118 0.131404 0.007812 0.026080
0 0.157595 0.131404 0.007726 0.026080
0 0.158333 0.131404 0.007812 0.026080
0 0.158854 0.131404 0.007812 0.026080
0 0.159549 0.131404 0.007812 0.026080
0 0.159809 0.131404 0.007812 0.026080
0 0.160069 0.131404 0.007812 0.026080
0 0.160503 0.131790 0.007812 0.025926
0 0.160764 0.131790 0.007812 0.025926
0 0.161285 0.132253 0.007812 0.025926
0 0.161458 0.132253 0.007812 0.025926
0 0.161719 0.132253 0.007812 0.025926
0 0.162240 0.132639 0.007812 0.026080
0 0.162500 0.132639 0.007812 0.026080
0 0.162934 0.133102 0.007812 0.026080
0 0.162934 0.133102 0.007812 0.026080
0 0.162934 0.133102 0.007812 0.026080
0 0.162934 0.133102 0.007812 0.026080
0 0.162934 0.133102 0.007812 0.026080
0 0.162934 0.133102 0.007812 0.026080
0 0.162934 0.133102 0.007812 0.026080
0 0.162934 0.133102 0.007812 0.026080
0 0.162934 0.133102 0.007812 0.026080
0 0.162934 0.133102 0.007812 0.026080
0 0.162934 0.133102 0.007812 0.026080
