0 0.189323 0.204938 0.006771 0.012654
0 0.189323 0.204475 0.006771 0.012654
0 0.189540 0.204012 0.006858 0.012654
0 0.189540 0.203627 0.006858 0.012500
0 0.189800 0.203164 0.006858 0.012500
0 0.190061 0.202932 0.006858 0.012963
0 0.190061 0.202469 0.006858 0.012963
0 0.190321 0.202083 0.006858 0.013117
0 0.190321 0.201698 0.006858 0.012963
0 0.190538 0.201235 0.006771 0.012963
0 0.190755 0.201235 0.006858 0.012963
0 0.191536 0.201466 0.006858 0.013426
0 0.192361 0.201929 0.006597 0.013426
0 0.193186 0.202083 0.006337 0.013735
0 0.194097 0.202469 0.006076 0.013889
0 0.195052 0.202932 0.006076 0.013889
0 0.195790 0.203164 0.006163 0.014352
0 0.196658 0.203627 0.005816 0.014352
0 0.197483 0.203858 0.005556 0.014815
0 0.198351 0.204244 0.005382 0.014660
0 0.199306 0.204938 0.005382 0.015123
0 0.199566 0.204938 0.005382 0.015123
0 0.200087 0.205324 0.005382 0.015278
0 0.200521 0.205787 0.005382 0.015278
0 0.201042 0.205787 0.005382 0.015278
0 0.201519 0.206173 0.005295 0.015123
0 0.201997 0.206636 0.005382 0.015123
0 0.202517 0.206636 0.005382 0.015123
0 0.202951 0.207099 0.005382 0.015123
0 0.203472 0.207485 0.005382 0.015278
0 0.203993 0.207948 0.005382 0.015278
0 0.203993 0.207948 0.005382 0.015278
0 0.203993 0.207948 0.005382 0.015278
0 0.203993 0.207948 0.005382 0.015278
0 0.203993 0.207948 0.005382 0.015278
0 0.203993 0.207948 0.005382 0.015278
0 0.203993 0.207948 0.005382 0.015278
0 0.203993 0.207948 0.005382 0.015278
0 0.203993 0.207948 0.005382 0.015278
0 0.203993 0.207948 0.005382 0.015278
0 0.204167 0.207948 0.005382 0.015278
0 0.203993 0.207948 0.005382 0.015278
0 0.203993 0.208333 0.005382 0.015123
0 0.203993 0.208796 0.005382 0.015123
0 0.203993 0.208796 0.005382 0.015123
0 0.203993 0.209259 0.005382 0.015123
0 0.203993 0.209645 0.005382 0.015278
0 0.203993 0.209645 0.005382 0.015278
0 0.203993 0.210108 0.005382 0.015278
0 0.203993 0.210494 0.005382 0.015123
0 0.203993 0.210957 0.005382 0.015123
0 0.203993 0.211420 0.005382 0.015123
0 0.203993 0.212269 0.005382 0.015278
0 0.203993 0.212731 0.005382 0.015278
0 0.203993 0.213580 0.005382 0.015123
0 0.204167 0.214429 0.005382 0.015278
0 0.204167 0.214892 0.005382 0.015278
0 0.204167 0.215741 0.005382 0.015123
0 0.204167 0.216204 0.005382 0.015123
0 0.204167 0.217052 0.005382 0.015278
0 0.204427 0.217901 0.005382 0.015123
0 0.204167 0.218364 0.005382 0.015123
0 0.203993 0.218827 0.005382 0.015123
0 0.203993 0.219213 0.005382 0.015278
0 0.203733 0.220062 0.005382 0.015123
0 0.203733 0.220525 0.005382 0.015123
0 0.203472 0.220988 0.005382 0.015123
0 0.203212 0.221836 0.005382 0.015278
0 0.203212 0.222222 0.005382 0.015123
0 0.202951 0.222685 0.005382 0.015123
0 0.202951 0.223534 0.005382 0.015278
0 0.202257 0.223997 0.005382 0.015278
0 0.201736 0.224383 0.005382 0.015123
0 0.201302 0.224846 0.005382 0.015123
0 0.200781 0.225309 0.005382 0.015123
0 0.200304 0.226157 0.005295 0.015278
0 0.199826 0.226620 0.005382 0.015278
0 0.199306 0.227006 0.005382 0.015123
0 0.198828 0.227469 0.005295 0.015123
0 0.198351 0.227932 0.005382 0.015123
0 0.197830 0.228781 0.005382 0.015278
0 0.197396 0.229167 0.005382 0.015123
0 0.196875 0.230093 0.005382 0.015123
0 0.196398 0.230941 0.005295 0.015278
0 0.195920 0.231790 0.005382 0.015123
0 0.195530 0.232639 0.005122 0.015278
0 0.195052 0.233333 0.005208 0.014815
0 0.194575 0.234182 0.005122 0.014660
0 0.194054 0.235031 0.005122 0.014815
0 0.193620 0.235957 0.005122 0.014815
0 0.193359 0.236806 0.005122 0.014660
0 0.192839 0.237037 0.005122 0.015123
0 0.192405 0.237423 0.005122 0.015278
0 0.191884 0.237886 0.005122 0.015278
0 0.191623 0.238272 0.005122 0.015123
0 0.191189 0.238735 0.005122 0.015123
0 0.190668 0.239198 0.005122 0.015123
0 0.190408 0.239583 0.005122 0.015278
0 0.189887 0.240046 0.005122 0.015278
0 0.189453 0.240432 0.005122 0.015123
0 0.189193 0.240895 0.005122 0.015123
0 0.188672 0.240895 0.005122 0.015123
0 0.188498 0.241358 0.005122 0.015123
0 0.188238 0.241821 0.005122 0.015123
0 0.187977 0.241821 0.005122 0.015123
0 0.187717 0.242207 0.005122 0.015278
0 0.187283 0.242670 0.005122 0.015278
0 0.187023 0.242670 0.005122 0.015278
0 0.186762 0.243056 0.005122 0.015123
0 0.186502 0.243519 0.005122 0.015123
0 0.186241 0.243981 0.005122 0.015123
0 0.185807 0.243981 0.005122 0.015123
0 0.185286 0.243981 0.005122 0.015123
0 0.184766 0.244367 0.005122 0.015278
0 0.184332 0.244367 0.005122 0.015278
0 0.183941 0.244830 0.005382 0.015278
0 0.183464 0.244830 0.005295 0.015278
0 0.182986 0.244830 0.005382 0.015278
0 0.182465 0.245216 0.005382 0.015123
0 0.182031 0.245216 0.005382 0.015123
0 0.181771 0.245679 0.005382 0.015123
0 0.181250 0.245679 0.005382 0.015123
0 0.180773 0.245679 0.005295 0.015123
0 0.180295 0.245679 0.005382 0.015123
0 0.179774 0.245679 0.005382 0.015123
0 0.179340 0.246142 0.005382 0.015123
0 0.178819 0.246142 0.005382 0.015123
0 0.178342 0.246142 0.005295 0.015123
0 0.177865 0.246142 0.005382 0.015123
0 0.177344 0.246142 0.005382 0.015123
0 0.176953 0.246528 0.005122 0.015278
0 0.176519 0.246528 0.005122 0.015278
0 0.176128 0.246528 0.005382 0.015278
0 0.175738 0.246991 0.005122 0.015278
0 0.175434 0.246991 0.005382 0.015278
0 0.175043 0.247377 0.005122 0.015123
0 0.174653 0.247377 0.005382 0.015123
0 0.174219 0.247377 0.005382 0.015123
0 0.173958 0.247840 0.005382 0.015123
0 0.173437 0.247840 0.005382 0.015123
0 0.173177 0.248302 0.005382 0.015123
0 0.172743 0.248302 0.005382 0.015123
0 0.172483 0.248688 0.005382 0.015278
0 0.172222 0.248920 0.005382 0.014815
0 0.171962 0.249151 0.005382 0.015278
0 0.171745 0.249537 0.005295 0.015123
0 0.171398 0.249769 0.005122 0.014660
0 0.171137 0.250000 0.005122 0.015123
0 0.170877 0.250231 0.005122 0.014660
0 0.170616 0.250694 0.005122 0.014660
0 0.170443 0.251080 0.005122 0.014815
0 0.170443 0.250694 0.005122 0.014660
0 0.170443 0.250231 0.005122 0.014660
0 0.170443 0.249769 0.005122 0.014660
0 0.170616 0.249383 0.005122 0.014815
0 0.170616 0.249383 0.005122 0.014815
0 0.170616 0.248920 0.005122 0.014815
0 0.170877 0.248457 0.005122 0.014815
0 0.170877 0.248071 0.005122 0.014660
0 0.170877 0.247608 0.005122 0.014660
0 0.171137 0.247608 0.005122 0.014660
0 0.170877 0.246759 0.005122 0.014815
0 0.170616 0.246296 0.005122 0.014815
0 0.170443 0.245448 0.005122 0.014660
0 0.170182 0.245062 0.005122 0.014815
0 0.170052 0.244367 0.005382 0.015278
0 0.169792 0.243750 0.005382 0.014660
0 0.169531 0.243056 0.005382 0.015123
0 0.169314 0.242438 0.005295 0.014815
0 0.169097 0.241821 0.005382 0.015123
0 0.169097 0.241358 0.005382 0.015123
0 0.168316 0.239583 0.005382 0.015278
0 0.167622 0.238272 0.005382 0.015123
0 0.166840 0.236574 0.005382 0.015123
0 0.166146 0.235262 0.005382 0.015278
0 0.165408 0.233951 0.005295 0.015123
0 0.164670 0.232253 0.005382 0.015123
0 0.163976 0.230941 0.005382 0.015278
0 0.163194 0.229167 0.005382 0.015123
0 0.162500 0.227932 0.005382 0.015123
0 0.161979 0.226620 0.005382 0.015278
