0 0.110243 0.160880 0.005382 0.022685
0 0.109766 0.160880 0.005295 0.022685
0 0.109549 0.160880 0.005382 0.022685
0 0.109028 0.161265 0.005382 0.022531
0 0.108767 0.161265 0.005382 0.022531
0 0.108333 0.161728 0.005382 0.022531
0 0.108073 0.161728 0.005382 0.022531
0 0.107552 0.161728 0.005382 0.022531
0 0.107292 0.162191 0.005382 0.022531
0 0.106858 0.162191 0.005382 0.022531
0 0.106597 0.162654 0.005382 0.022531
0 0.105946 0.162423 0.005122 0.022068
0 0.105512 0.162423 0.005122 0.022068
0 0.104991 0.162423 0.005122 0.022068
0 0.104557 0.162577 0.005122 0.021759
0 0.104036 0.162577 0.005122 0.021759
0 0.103516 0.162346 0.005122 0.021296
0 0.103082 0.162577 0.005122 0.020833
0 0.102561 0.162577 0.005122 0.020833
0 0.102040 0.162577 0.005122 0.020833
0 0.101606 0.162809 0.005122 0.020370
0 0.100825 0.162809 0.005122 0.020370
0 0.100391 0.163040 0.005122 0.020833
0 0.099870 0.163040 0.005122 0.020833
0 0.099175 0.163503 0.005122 0.020833
0 0.098655 0.163735 0.005122 0.021296
0 0.098134 0.163735 0.005122 0.021296
0 0.097439 0.164120 0.005122 0.021142
0 0.096918 0.164120 0.005122 0.021142
0 0.096484 0.164352 0.005122 0.021605
0 0.095964 0.164738 0.005122 0.021759
0 0.095009 0.164738 0.005122 0.021759
0 0.094271 0.164969 0.005208 0.022222
0 0.093533 0.165201 0.005122 0.021759
0 0.092708 0.165432 0.005382 0.022222
0 0.091927 0.165664 0.005382 0.021759
0 0.091102 0.165818 0.005122 0.022068
0 0.090278 0.165818 0.005382 0.022068
0 0.089497 0.166281 0.005382 0.022068
0 0.088802 0.166281 0.005382 0.022068
0 0.088021 0.166744 0.005382 0.022068
0 0.087066 0.166744 0.005382 0.022068
0 0.086111 0.167207 0.005382 0.022068
0 0.085156 0.167438 0.005382 0.022531
0 0.084115 0.167747 0.005382 0.022531
0 0.083290 0.168210 0.005642 0.022531
0 0.082335 0.168210 0.005642 0.022531
0 0.081337 0.168673 0.005556 0.022531
0 0.080339 0.168904 0.005642 0.022994
0 0.079384 0.169367 0.005642 0.022994
0 0.078646 0.169830 0.005556 0.022994
0 0.077431 0.169830 0.005556 0.022994
0 0.076432 0.170139 0.005642 0.022994
0 0.075477 0.170602 0.005642 0.022994
0 0.074392 0.171065 0.005382 0.022994
0 0.073437 0.171528 0.005382 0.022994
0 0.072309 0.171759 0.005556 0.022531
0 0.071181 0.172145 0.005382 0.022685
0 0.070226 0.172531 0.005382 0.022531
0 0.069271 0.172994 0.005382 0.022531
0 0.068316 0.173457 0.005382 0.022531
0 0.067057 0.173920 0.005295 0.022531
0 0.066059 0.174306 0.005382 0.022685
0 0.064974 0.174691 0.005642 0.022531
0 0.064019 0.175154 0.005642 0.022531
0 0.063064 0.175617 0.005642 0.022531
0 0.061936 0.176080 0.005816 0.022531
0 0.060981 0.176543 0.005816 0.022531
0 0.059852 0.176929 0.006163 0.022685
0 0.058898 0.177315 0.006163 0.022531
0 0.057899 0.178009 0.006076 0.022068
0 0.056944 0.178472 0.006076 0.022068
0 0.055990 0.178858 0.006076 0.022222
0 0.054991 0.179321 0.006163 0.022222
0 0.054123 0.179707 0.006337 0.022068
0 0.053168 0.180170 0.006337 0.022068
0 0.052214 0.180633 0.006337 0.022068
0 0.051302 0.181019 0.006597 0.022222
0 0.050347 0.181481 0.006597 0.022222
0 0.049392 0.181867 0.006597 0.022068
0 0.048611 0.182562 0.006597 0.022531
0 0.048177 0.182562 0.006597 0.022531
0 0.047917 0.183025 0.006597 0.022531
0 0.047396 0.183256 0.006597 0.022994
0 0.047179 0.183488 0.006510 0.022531
0 0.046701 0.183719 0.006597 0.022994
0 0.046441 0.184028 0.006597 0.022994
0 0.045920 0.184028 0.006597 0.022994
0 0.045747 0.184491 0.006597 0.022994
0 0.045226 0.184722 0.006597 0.023457
0 0.044965 0.185185 0.006597 0.023457
0 0.044705 0.185185 0.006597 0.023457
0 0.044705 0.185185 0.006597 0.023457
0 0.044488 0.185185 0.006510 0.023457
0 0.044488 0.185185 0.006510 0.023457
0 0.044401 0.185417 0.006337 0.022994
0 0.044271 0.185417 0.006597 0.022994
0 0.044141 0.185417 0.006337 0.022994
0 0.044010 0.185417 0.006597 0.022994
0 0.043880 0.185417 0.006337 0.022994
0 0.043880 0.185648 0.006337 0.022531
0 0.043620 0.185648 0.006337 0.022531
0 0.043490 0.185648 0.006597 0.022531
0 0.043490 0.185648 0.006597 0.022531
0 0.043273 0.185648 0.006510 0.022531
0 0.043273 0.185648 0.006510 0.022531
0 0.043142 0.185648 0.006771 0.022531
0 0.042925 0.185648 0.006858 0.022531
0 0.042925 0.185648 0.006858 0.022531
0 0.042795 0.185648 0.007118 0.022531
0 0.042795 0.186034 0.007118 0.022685
0 0.042665 0.185802 0.006858 0.022222
0 0.042535 0.185802 0.006597 0.022222
0 0.042405 0.185802 0.006337 0.022222
