0 0.010937 0.103395 0.008854 0.020370
0 0.011024 0.102701 0.009028 0.019907
0 0.011155 0.102315 0.009288 0.020062
0 0.011285 0.101852 0.009549 0.020062
0 0.011415 0.101466 0.009809 0.019907
0 0.011675 0.101003 0.009809 0.019907
0 0.011762 0.100540 0.009983 0.019907
0 0.011892 0.100154 0.010243 0.020062
0 0.012023 0.099691 0.010503 0.020062
0 0.012153 0.099306 0.010764 0.019907
0 0.012543 0.098843 0.011024 0.019907
0 0.012413 0.098380 0.010764 0.019907
0 0.012413 0.097917 0.010764 0.019907
0 0.012413 0.097531 0.010764 0.020062
0 0.012413 0.097145 0.010764 0.019907
0 0.012413 0.096682 0.010764 0.019907
0 0.012413 0.096219 0.010764 0.019907
0 0.012413 0.095756 0.010764 0.019907
0 0.012413 0.095370 0.010764 0.020062
0 0.012413 0.094907 0.010764 0.020062
0 0.012543 0.094522 0.010503 0.019907
0 0.012804 0.093596 0.010503 0.019907
0 0.013238 0.093210 0.010503 0.020062
0 0.013628 0.092747 0.010764 0.020062
0 0.014019 0.092361 0.010503 0.019907
0 0.014366 0.091898 0.010677 0.019907
0 0.014844 0.090972 0.010764 0.019907
0 0.015104 0.090586 0.010764 0.020062
0 0.015582 0.090201 0.010677 0.019907
0 0.015929 0.089738 0.011024 0.019907
0 0.016450 0.089275 0.011024 0.019907
0 0.016450 0.088812 0.011024 0.019907
0 0.016667 0.088426 0.010937 0.020062
0 0.016927 0.088040 0.010937 0.019907
0 0.017014 0.087577 0.010764 0.019907
0 0.017274 0.087577 0.010764 0.019907
0 0.017535 0.087114 0.010764 0.019907
0 0.017665 0.086651 0.010503 0.019907
0 0.017925 0.086265 0.010503 0.020062
0 0.018099 0.085802 0.010503 0.020062
0 0.018359 0.085802 0.010503 0.020062
0 0.018620 0.085185 0.010503 0.019444
0 0.019141 0.084722 0.010503 0.019444
0 0.019488 0.084336 0.010677 0.019599
0 0.019965 0.083873 0.010764 0.019599
0 0.020443 0.083410 0.010677 0.019599
0 0.020703 0.083025 0.010677 0.019444
0 0.021181 0.082562 0.010764 0.019444
0 0.021571 0.082099 0.011024 0.019444
0 0.022049 0.081713 0.010937 0.019599
0 0.022526 0.081250 0.011024 0.019599
0 0.022786 0.080401 0.011024 0.019444
0 0.023264 0.079938 0.010937 0.019444
0 0.023524 0.079552 0.010937 0.019599
0 0.024002 0.079090 0.011024 0.019599
0 0.024219 0.078627 0.010937 0.019599
0 0.024740 0.078241 0.010937 0.019444
0 0.024957 0.077778 0.011024 0.019444
0 0.025477 0.077392 0.011024 0.019599
0 0.025694 0.076929 0.010937 0.019599
0 0.026172 0.076466 0.011024 0.019599
0 0.026172 0.076080 0.010503 0.019444
0 0.026432 0.076080 0.009983 0.019444
0 0.026693 0.075849 0.009462 0.018981
0 0.026649 0.075849 0.009028 0.018981
0 0.026910 0.075617 0.008507 0.018519
0 0.027170 0.075617 0.007986 0.018519
0 0.027170 0.075463 0.007639 0.018210
0 0.027431 0.075463 0.007118 0.018210
0 0.027691 0.075231 0.006597 0.017747
0 0.027908 0.075231 0.006163 0.017747
0 0.028125 0.074306 0.006076 0.017747
0 0.028646 0.073843 0.006076 0.017747
0 0.028993 0.073457 0.005903 0.017901
0 0.029470 0.072608 0.005816 0.017747
0 0.029991 0.072145 0.005816 0.017747
0 0.030208 0.071682 0.005903 0.017747
0 0.030686 0.070833 0.005816 0.017901
0 0.031076 0.070448 0.005556 0.017747
0 0.031554 0.069985 0.005642 0.017747
0 0.032031 0.069522 0.005556 0.017747
0 0.032509 0.069136 0.005642 0.017901
0 0.033030 0.068673 0.005642 0.017901
0 0.033507 0.068287 0.005556 0.017747
0 0.034245 0.068287 0.005642 0.017747
0 0.034722 0.067824 0.005556 0.017747
0 0.035200 0.067361 0.005642 0.017747
0 0.035937 0.067361 0.005556 0.017747
0 0.036415 0.066898 0.005642 0.017747
0 0.036936 0.066512 0.005642 0.017901
0 0.037630 0.066512 0.005642 0.017901
0 0.038411 0.066127 0.005642 0.017747
0 0.039106 0.065664 0.005642 0.017747
0 0.040104 0.065201 0.005556 0.017747
0 0.040842 0.064738 0.005642 0.017747
0 0.041797 0.064352 0.005642 0.017901
0 0.042535 0.063966 0.005556 0.017747
0 0.043273 0.063503 0.005642 0.017747
0 0.044227 0.063040 0.005642 0.017747
0 0.044965 0.062577 0.005556 0.017747
0 0.045964 0.062577 0.005642 0.017747
0 0.046441 0.061728 0.005556 0.017901
0 0.047179 0.061343 0.005642 0.017747
0 0.047917 0.060880 0.005556 0.017747
0 0.048394 0.060417 0.005642 0.017747
0 0.049132 0.059954 0.005556 0.017747
0 0.049870 0.059568 0.005642 0.017901
0 0.050347 0.059182 0.005556 0.017747
0 0.051085 0.058719 0.005642 0.017747
0 0.051823 0.058256 0.005556 0.017747
0 0.052561 0.057793 0.005642 0.017747
0 0.053168 0.057407 0.005816 0.017901
0 0.053863 0.057407 0.005816 0.017901
0 0.054601 0.057407 0.005903 0.017901
0 0.055339 0.057022 0.005816 0.017747
0 0.056076 0.057022 0.005903 0.017747
0 0.056684 0.057022 0.006076 0.017747
0 0.057422 0.056559 0.006163 0.017747
0 0.058160 0.056559 0.006076 0.017747
0 0.058898 0.056559 0.006163 0.017747
0 0.059635 0.056559 0.006076 0.017747
0 0.059635 0.056096 0.006076 0.017747
0 0.059635 0.056096 0.006076 0.017747
0 0.059635 0.056096 0.006076 0.017747
0 0.059635 0.056096 0.006076 0.017747
0 0.059722 0.056096 0.005903 0.017747
0 0.059722 0.055864 0.005903 0.018210
0 0.059722 0.055864 0.005903 0.018210
0 0.059722 0.055864 0.005903 0.018210
0 0.059722 0.055864 0.005903 0.018210
0 0.059852 0.055864 0.005642 0.018210
0 0.059852 0.055401 0.005642 0.018210
0 0.060113 0.055401 0.005642 0.018210
0 0.060113 0.055401 0.005642 0.018210
0 0.060373 0.055015 0.005642 0.018364
0 0.060373 0.055015 0.005642 0.018364
0 0.060590 0.055015 0.005556 0.018364
0 0.060590 0.054630 0.005556 0.018210
0 0.060851 0.054630 0.005556 0.018210
0 0.060851 0.054630 0.005556 0.018210
0 0.061068 0.054630 0.005642 0.018210
0 0.060851 0.054630 0.005556 0.018210
0 0.060851 0.054630 0.005556 0.018210
0 0.060851 0.054630 0.005556 0.018210
0 0.060851 0.054630 0.005556 0.018210
0 0.060851 0.054630 0.005556 0.018210
0 0.060851 0.054630 0.005556 0.018210
0 0.060851 0.054630 0.005556 0.018210
0 0.060851 0.054630 0.005556 0.018210
0 0.060851 0.054630 0.005556 0.018210
0 0.060851 0.054630 0.005556 0.018210
0 0.060590 0.054167 0.005556 0.018210
0 0.060590 0.054167 0.005556 0.018210
0 0.060590 0.054167 0.005556 0.018210
0 0.060373 0.053704 0.005642 0.018210
0 0.060373 0.053704 0.005642 0.018210
0 0.060373 0.053704 0.005642 0.018210
0 0.060113 0.053241 0.005642 0.018210
0 0.060113 0.053241 0.005642 0.018210
0 0.060113 0.053241 0.005642 0.018210
0 0.060113 0.053241 0.005642 0.018210
0 0.059852 0.053241 0.005642 0.018210
0 0.059592 0.053241 0.005642 0.018210
0 0.059375 0.053241 0.005556 0.018210
0 0.059158 0.053241 0.005642 0.018210
0 0.059158 0.053241 0.005642 0.018210
0 0.058898 0.053241 0.005642 0.018210
0 0.058637 0.053241 0.005642 0.018210
0 0.058377 0.053241 0.005642 0.018210
0 0.058160 0.053241 0.005556 0.018210
0 0.058160 0.053704 0.005556 0.018210
0 0.058160 0.053704 0.005556 0.018210
0 0.058160 0.054167 0.005556 0.018210
0 0.058160 0.054630 0.005556 0.018210
0 0.058160 0.054630 0.005556 0.018210
0 0.058160 0.055015 0.005556 0.018364
0 0.058160 0.055401 0.005556 0.018210
0 0.058160 0.055401 0.005556 0.018210
0 0.058160 0.055864 0.005556 0.018210
0 0.058160 0.056327 0.005556 0.018210
0 0.058290 0.056790 0.005816 0.018210
