0 0.117101 0.091667 0.004861 0.010802
0 0.117578 0.091204 0.004948 0.010802
0 0.118056 0.091204 0.004861 0.010802
0 0.118576 0.091204 0.004861 0.010802
0 0.119010 0.090818 0.004861 0.010957
0 0.119531 0.090818 0.004861 0.010957
0 0.120009 0.090818 0.004948 0.010957
0 0.120486 0.090355 0.004861 0.010957
0 0.121007 0.090355 0.004861 0.010957
0 0.121484 0.090355 0.004948 0.010957
0 0.121962 0.090355 0.004861 0.010957
0 0.122483 0.089969 0.004861 0.010802
0 0.123177 0.089969 0.004861 0.010802
0 0.123915 0.089506 0.004948 0.010802
0 0.124653 0.089506 0.004861 0.010802
0 0.125391 0.089043 0.004948 0.010802
0 0.125868 0.089043 0.004861 0.010802
0 0.126606 0.088657 0.004948 0.010957
0 0.127344 0.088657 0.004861 0.010957
0 0.128038 0.088194 0.004861 0.010957
0 0.128819 0.088194 0.004861 0.010957
0 0.129514 0.087809 0.004861 0.010802
0 0.130512 0.087809 0.004948 0.010802
0 0.131250 0.087346 0.004861 0.010802
0 0.132205 0.087346 0.004861 0.010802
0 0.132943 0.086883 0.004948 0.010802
0 0.133941 0.086883 0.004861 0.010802
0 0.134635 0.086420 0.004861 0.010802
0 0.135634 0.086420 0.004948 0.010802
0 0.136372 0.086034 0.004861 0.010957
0 0.137326 0.086034 0.004861 0.010957
0 0.137587 0.085648 0.004861 0.010802
0 0.138064 0.085648 0.004948 0.010802
0 0.138325 0.085648 0.004948 0.010802
0 0.138802 0.085648 0.004861 0.010802
0 0.139323 0.085648 0.004861 0.010802
0 0.139540 0.085185 0.004948 0.010802
0 0.140017 0.085185 0.004861 0.010802
0 0.140278 0.085185 0.004861 0.010802
0 0.140755 0.085185 0.004948 0.010802
0 0.141233 0.085185 0.004861 0.010802
0 0.141233 0.085185 0.004861 0.010802
0 0.141233 0.085185 0.004861 0.010802
0 0.141233 0.085185 0.004861 0.010802
0 0.141233 0.085185 0.004861 0.010802
0 0.141233 0.085185 0.004861 0.010802
0 0.141233 0.085185 0.004861 0.010802
0 0.141233 0.085185 0.004861 0.010802
0 0.141233 0.085185 0.004861 0.010802
0 0.141233 0.085185 0.004861 0.010802
0 0.141233 0.085185 0.004861 0.010802
0 0.141233 0.084722 0.004861 0.010802
0 0.141233 0.084722 0.004861 0.010802
0 0.141233 0.084722 0.004861 0.010802
0 0.141233 0.084259 0.004861 0.010802
0 0.141233 0.084259 0.004861 0.010802
0 0.141233 0.084259 0.004861 0.010802
0 0.141233 0.083873 0.004861 0.010957
0 0.141233 0.083873 0.004861 0.010957
0 0.141233 0.083873 0.004861 0.010957
0 0.141233 0.083873 0.004861 0.010957
0 0.140972 0.083488 0.004861 0.010802
0 0.140972 0.083488 0.004861 0.010802
0 0.140972 0.083488 0.004861 0.010802
0 0.140972 0.083488 0.004861 0.010802
0 0.140972 0.083488 0.004861 0.010802
0 0.140972 0.083488 0.004861 0.010802
0 0.140972 0.083488 0.004861 0.010802
0 0.140972 0.083488 0.004861 0.010802
0 0.140972 0.083488 0.004861 0.010802
0 0.140972 0.083488 0.004861 0.010802
0 0.140755 0.083025 0.004948 0.010802
0 0.140755 0.083025 0.004948 0.010802
0 0.140538 0.083025 0.004861 0.010802
0 0.140538 0.083025 0.004861 0.010802
0 0.140538 0.083025 0.004861 0.010802
0 0.140278 0.082562 0.004861 0.010802
0 0.140278 0.082562 0.004861 0.010802
0 0.140017 0.082562 0.004861 0.010802
0 0.140017 0.082562 0.004861 0.010802
0 0.140017 0.082562 0.004861 0.010802
0 0.139757 0.082099 0.004861 0.010802
0 0.139757 0.082099 0.004861 0.010802
0 0.139540 0.082099 0.004948 0.010802
0 0.139540 0.081713 0.004948 0.010957
0 0.139540 0.081713 0.004948 0.010957
0 0.139323 0.081713 0.004861 0.010957
0 0.139323 0.081250 0.004861 0.010957
0 0.139062 0.081250 0.004861 0.010957
0 0.139062 0.081250 0.004861 0.010957
0 0.139062 0.081250 0.004861 0.010957
0 0.138802 0.081250 0.004861 0.010957
0 0.138802 0.081250 0.004861 0.010957
0 0.138542 0.081250 0.004861 0.010957
0 0.138542 0.081250 0.004861 0.010957
0 0.138325 0.081250 0.004948 0.010957
0 0.138325 0.081250 0.004948 0.010957
0 0.138064 0.081250 0.004948 0.010957
0 0.138064 0.081250 0.004948 0.010957
0 0.137847 0.081250 0.004861 0.010957
0 0.137847 0.081250 0.004861 0.010957
0 0.137587 0.080864 0.004861 0.010802
0 0.137587 0.080864 0.004861 0.010802
0 0.137587 0.080864 0.004861 0.010802
0 0.137587 0.080864 0.004861 0.010802
0 0.137587 0.080864 0.004861 0.010802
0 0.137587 0.080864 0.004861 0.010802
0 0.137587 0.080864 0.004861 0.010802
0 0.137587 0.080864 0.004861 0.010802
0 0.137587 0.080864 0.004861 0.010802
0 0.137587 0.080864 0.004861 0.010802
0 0.137587 0.080401 0.004861 0.010802
0 0.137587 0.080401 0.004861 0.010802
0 0.137587 0.080401 0.004861 0.010802
0 0.137847 0.080401 0.004861 0.010802
0 0.137847 0.080401 0.004861 0.010802
0 0.137847 0.080401 0.004861 0.010802
0 0.138064 0.080401 0.004948 0.010802
0 0.138064 0.080401 0.004948 0.010802
0 0.138064 0.080401 0.004948 0.010802
0 0.138325 0.080401 0.004948 0.010802
0 0.138542 0.079938 0.004861 0.010802
0 0.138802 0.079938 0.004861 0.010802
0 0.139062 0.079938 0.004861 0.010802
0 0.139323 0.079475 0.004861 0.010802
0 0.139540 0.079475 0.004948 0.010802
0 0.139757 0.079475 0.004861 0.010802
0 0.140017 0.079090 0.004861 0.010957
0 0.140278 0.079090 0.004861 0.010957
0 0.140538 0.079090 0.004861 0.010957
0 0.140755 0.079090 0.004948 0.010957
0 0.140755 0.078704 0.004948 0.010802
0 0.140972 0.078704 0.004861 0.010802
0 0.141233 0.078704 0.004861 0.010802
0 0.141233 0.078241 0.004861 0.010802
0 0.141493 0.078241 0.004861 0.010802
0 0.141753 0.078241 0.004861 0.010802
0 0.141753 0.077778 0.004861 0.010802
0 0.141970 0.077778 0.004948 0.010802
0 0.142187 0.077778 0.004861 0.010802
0 0.142448 0.077778 0.004861 0.010802
0 0.142448 0.077315 0.004861 0.010802
0 0.142708 0.077315 0.004861 0.010802
0 0.142969 0.077315 0.004861 0.010802
0 0.143229 0.077315 0.004861 0.010802
0 0.143446 0.077315 0.004948 0.010802
0 0.143663 0.077315 0.004861 0.010802
0 0.143924 0.077315 0.004861 0.010802
0 0.144184 0.077315 0.004861 0.010802
0 0.144444 0.077315 0.004861 0.010802
0 0.144661 0.077315 0.004948 0.010802
0 0.144878 0.076929 0.004861 0.010957
0 0.145139 0.076929 0.004861 0.010957
0 0.145660 0.076929 0.004861 0.010957
0 0.145877 0.076929 0.004948 0.010957
0 0.146354 0.076929 0.004861 0.010957
0 0.146615 0.076543 0.004861 0.010802
0 0.146875 0.076543 0.004861 0.010802
0 0.147352 0.076543 0.004948 0.010802
0 0.147569 0.076543 0.004861 0.010802
0 0.148090 0.076543 0.004861 0.010802
0 0.148568 0.076080 0.004948 0.010802
0 0.149045 0.076080 0.004861 0.010802
0 0.149566 0.076080 0.004861 0.010802
0 0.150000 0.076080 0.004861 0.010802
0 0.150521 0.076080 0.004861 0.010802
0 0.150998 0.076080 0.004948 0.010802
0 0.151476 0.076080 0.004861 0.010802
0 0.151997 0.076080 0.004861 0.010802
0 0.152474 0.076080 0.004948 0.010802
0 0.152951 0.076080 0.004861 0.010802
0 0.153212 0.076080 0.004861 0.010802
0 0.153472 0.076080 0.004861 0.010802
0 0.153906 0.076080 0.004861 0.010802
0 0.154167 0.076080 0.004861 0.010802
0 0.154427 0.076080 0.004861 0.010802
0 0.154905 0.076080 0.004948 0.010802
0 0.155122 0.076080 0.004861 0.010802
0 0.155382 0.076080 0.004861 0.010802
0 0.155903 0.076080 0.004861 0.010802
0 0.156163 0.076080 0.004861 0.010802
