0 0.182856 0.143904 0.005642 0.016512
0 0.183116 0.143904 0.005642 0.016512
0 0.183594 0.143904 0.005556 0.016512
0 0.183811 0.143904 0.005642 0.016512
0 0.184332 0.143904 0.005642 0.016512
0 0.184549 0.144136 0.005556 0.016975
0 0.185026 0.144136 0.005642 0.016975
0 0.185286 0.144136 0.005642 0.016975
0 0.185807 0.144136 0.005642 0.016975
0 0.186024 0.144136 0.005556 0.016975
0 0.186502 0.144599 0.005642 0.016975
0 0.187500 0.144599 0.005556 0.016975
0 0.188455 0.145062 0.005556 0.016975
0 0.189453 0.145448 0.005642 0.016821
0 0.190668 0.145910 0.005642 0.016821
0 0.191623 0.146296 0.005642 0.016975
0 0.192622 0.146296 0.005556 0.016975
0 0.193837 0.146759 0.005556 0.016975
0 0.194835 0.147222 0.005642 0.016975
0 0.195790 0.147685 0.005642 0.016975
0 0.197005 0.148071 0.005642 0.016821
0 0.197483 0.148071 0.005556 0.016821
0 0.198220 0.148457 0.005642 0.016975
0 0.198958 0.148920 0.005556 0.016975
0 0.199436 0.149383 0.005642 0.016975
0 0.200174 0.149846 0.005556 0.016975
0 0.200911 0.149846 0.005642 0.016975
0 0.201389 0.150231 0.005556 0.016821
0 0.202127 0.150694 0.005642 0.016821
0 0.202865 0.151080 0.005556 0.016975
0 0.203602 0.151543 0.005642 0.016975
0 0.203863 0.151543 0.005642 0.016975
0 0.204080 0.151543 0.005556 0.016975
0 0.204297 0.151543 0.005642 0.016975
0 0.204557 0.151543 0.005642 0.016975
0 0.204818 0.151543 0.005642 0.016975
0 0.205078 0.151543 0.005642 0.016975
0 0.205295 0.151543 0.005556 0.016975
0 0.205556 0.151543 0.005556 0.016975
0 0.205773 0.151543 0.005642 0.016975
0 0.206293 0.152006 0.005642 0.016975
0 0.206510 0.152006 0.005556 0.016975
0 0.206771 0.152006 0.005556 0.016975
0 0.206988 0.152006 0.005642 0.016975
0 0.207248 0.152006 0.005642 0.016975
0 0.207509 0.152006 0.005642 0.016975
0 0.207769 0.152006 0.005642 0.016975
0 0.207986 0.152006 0.005556 0.016975
0 0.208203 0.152006 0.005642 0.016975
0 0.208464 0.152006 0.005642 0.016975
0 0.208724 0.152392 0.005642 0.016821
0 0.208724 0.152392 0.005642 0.016821
0 0.208984 0.152855 0.005642 0.016821
0 0.208984 0.153241 0.005642 0.016975
0 0.209201 0.153241 0.005556 0.016975
0 0.209462 0.153704 0.005556 0.016975
0 0.209462 0.154167 0.005556 0.016975
0 0.209679 0.154167 0.005642 0.016975
0 0.209679 0.154552 0.005642 0.016821
0 0.209939 0.155015 0.005642 0.016821
0 0.210200 0.155401 0.005642 0.016975
0 0.210200 0.155401 0.005642 0.016975
0 0.210200 0.155401 0.005642 0.016975
0 0.210200 0.155401 0.005642 0.016975
0 0.210417 0.155864 0.005556 0.016975
0 0.210417 0.155864 0.005556 0.016975
0 0.210417 0.155864 0.005556 0.016975
0 0.210677 0.156327 0.005556 0.016975
0 0.210677 0.156327 0.005556 0.016975
0 0.210677 0.156327 0.005556 0.016975
0 0.210894 0.156790 0.005642 0.016975
0 0.210894 0.156790 0.005642 0.016975
0 0.210894 0.156790 0.005642 0.016975
0 0.210894 0.156790 0.005642 0.016975
0 0.210894 0.156790 0.005642 0.016975
0 0.210894 0.156790 0.005642 0.016975
0 0.210894 0.156790 0.005642 0.016975
0 0.210894 0.156790 0.005642 0.016975
0 0.210894 0.156790 0.005642 0.016975
0 0.210894 0.156790 0.005642 0.016975
0 0.210894 0.156790 0.005642 0.016975
0 0.210894 0.156790 0.005642 0.016975
0 0.210894 0.157176 0.005642 0.016821
0 0.210894 0.157639 0.005642 0.016821
0 0.210894 0.158025 0.005642 0.016975
0 0.210894 0.158488 0.005642 0.016975
0 0.210894 0.158719 0.005642 0.016512
0 0.210894 0.159182 0.005642 0.016512
0 0.210894 0.159568 0.005642 0.016358
0 0.210894 0.159954 0.005642 0.016512
0 0.211024 0.160417 0.005382 0.016512
0 0.211024 0.160417 0.005382 0.016512
0 0.211285 0.160880 0.005382 0.016512
0 0.211285 0.161343 0.005382 0.016512
0 0.211545 0.161728 0.005382 0.016358
0 0.211545 0.162114 0.005382 0.016512
0 0.211762 0.162346 0.005295 0.016975
0 0.211762 0.162809 0.005295 0.016975
0 0.211979 0.163272 0.005382 0.016975
0 0.211979 0.163735 0.005382 0.016975
0 0.212240 0.164120 0.005382 0.016821
0 0.212240 0.164583 0.005382 0.016821
0 0.212500 0.165432 0.005382 0.016975
0 0.212500 0.166281 0.005382 0.016821
0 0.212760 0.166744 0.005382 0.016821
0 0.213021 0.167593 0.005382 0.016975
0 0.213021 0.168441 0.005382 0.016821
0 0.213238 0.168904 0.005295 0.016821
0 0.213238 0.169753 0.005295 0.016975
0 0.213455 0.170602 0.005382 0.016821
0 0.213715 0.171451 0.005382 0.016975
0 0.213715 0.171914 0.005382 0.016975
0 0.213715 0.172840 0.005382 0.016975
0 0.213715 0.173225 0.005382 0.016821
0 0.213845 0.174074 0.005642 0.016975
0 0.213976 0.174537 0.005382 0.016975
0 0.213976 0.175386 0.005382 0.016821
0 0.214106 0.175849 0.005642 0.016821
0 0.214106 0.176698 0.005642 0.016975
0 0.214106 0.177160 0.005642 0.016975
0 0.214323 0.178009 0.005556 0.016821
0 0.214106 0.178395 0.005642 0.016975
0 0.213976 0.178858 0.005382 0.016975
0 0.213845 0.179321 0.005642 0.016975
0 0.213715 0.180170 0.005382 0.016821
0 0.213585 0.180633 0.005642 0.016821
0 0.213455 0.181019 0.005382 0.016975
0 0.213238 0.181944 0.005295 0.016975
0 0.213238 0.182330 0.005295 0.016821
0 0.213021 0.182793 0.005382 0.016821
0 0.213021 0.183642 0.005382 0.016975
0 0.213021 0.184491 0.005382 0.016821
0 0.213238 0.185340 0.005295 0.016975
0 0.213455 0.186728 0.005382 0.016975
0 0.213455 0.187500 0.005382 0.016975
0 0.213715 0.188889 0.005382 0.016975
0 0.213976 0.189738 0.005382 0.016821
0 0.213976 0.190586 0.005382 0.016975
0 0.214236 0.191898 0.005382 0.016821
0 0.214453 0.192747 0.005295 0.016975
0 0.214670 0.194059 0.005382 0.016821
0 0.214931 0.195370 0.005382 0.016975
0 0.215451 0.196682 0.005382 0.016821
0 0.215668 0.197994 0.005295 0.016975
0 0.216146 0.199228 0.005382 0.016975
0 0.216667 0.200772 0.005382 0.016358
0 0.216927 0.202083 0.005382 0.016512
0 0.217361 0.203395 0.005382 0.016358
0 0.217622 0.204707 0.005382 0.016512
0 0.218142 0.205941 0.005382 0.016512
0 0.218576 0.207716 0.005382 0.016358
0 0.219358 0.209877 0.005382 0.016358
0 0.220312 0.212114 0.005382 0.016512
0 0.221267 0.214275 0.005382 0.016512
0 0.222266 0.216435 0.005295 0.016512
0 0.223264 0.219059 0.005382 0.016512
0 0.223958 0.221219 0.005382 0.016512
0 0.224913 0.223380 0.005382 0.016512
0 0.225955 0.225540 0.005382 0.016512
0 0.226910 0.227701 0.005382 0.016512
0 0.227865 0.230324 0.005382 0.016512
0 0.227604 0.231559 0.005382 0.016512
0 0.227604 0.232870 0.005382 0.016358
0 0.227604 0.234414 0.005382 0.016975
0 0.227604 0.235880 0.005382 0.016512
0 0.227604 0.237423 0.005382 0.016821
0 0.227517 0.238735 0.005556 0.016975
0 0.227517 0.240201 0.005556 0.016512
0 0.227517 0.241821 0.005556 0.016975
0 0.227517 0.243056 0.005556 0.016975
0 0.227517 0.244830 0.005556 0.016821
0 0.226780 0.244367 0.005642 0.016821
0 0.226042 0.244367 0.005556 0.016821
0 0.225304 0.243981 0.005642 0.016975
0 0.224566 0.243981 0.005556 0.016975
0 0.223828 0.243981 0.005642 0.016975
0 0.223134 0.243519 0.005642 0.016975
0 0.222396 0.243519 0.005556 0.016975
0 0.221658 0.243056 0.005642 0.016975
0 0.220920 0.243056 0.005556 0.016975
0 0.220182 0.243056 0.005642 0.016975
