0 0.176128 0.061806 0.004861 0.018673
0 0.176128 0.061343 0.004861 0.018673
0 0.176389 0.061343 0.004861 0.018673
0 0.176649 0.061343 0.004861 0.018673
0 0.176780 0.061343 0.005122 0.018673
0 0.176953 0.061343 0.005122 0.018673
0 0.177214 0.061111 0.005122 0.018210
0 0.177344 0.061111 0.005382 0.018210
0 0.177604 0.061111 0.005382 0.018210
0 0.177865 0.061111 0.005382 0.018210
0 0.178125 0.061111 0.005382 0.018210
0 0.178212 0.060880 0.005556 0.018673
0 0.178472 0.060880 0.005556 0.018673
0 0.178689 0.060880 0.005642 0.018673
0 0.178950 0.060880 0.005642 0.018673
0 0.179210 0.061111 0.005642 0.019136
0 0.179427 0.061111 0.005556 0.019136
0 0.179688 0.061111 0.005556 0.019136
0 0.179905 0.061111 0.005642 0.019136
0 0.180165 0.061111 0.005642 0.019136
0 0.180425 0.061343 0.005642 0.019599
0 0.180425 0.061343 0.005642 0.019599
0 0.180512 0.061343 0.005816 0.019599
0 0.180642 0.061343 0.005556 0.019599
0 0.180773 0.061574 0.005816 0.019136
0 0.181033 0.061728 0.005816 0.019444
0 0.181033 0.061728 0.005816 0.019444
0 0.181163 0.061960 0.006076 0.018981
0 0.181250 0.061960 0.005903 0.018981
0 0.181380 0.061960 0.006163 0.018981
0 0.181641 0.062346 0.006163 0.019136
0 0.181988 0.061960 0.006337 0.018981
0 0.182509 0.061960 0.006337 0.018981
0 0.182943 0.061806 0.006337 0.018673
0 0.183594 0.061806 0.006597 0.018673
0 0.184071 0.061806 0.006510 0.018673
0 0.184549 0.061343 0.006597 0.018673
0 0.185200 0.061343 0.006858 0.018673
0 0.185634 0.061111 0.006858 0.018210
0 0.186155 0.061111 0.006858 0.018210
0 0.186762 0.061111 0.007031 0.018210
0 0.186762 0.061111 0.007031 0.018210
0 0.186849 0.061574 0.006858 0.018210
0 0.186849 0.061574 0.006858 0.018210
0 0.186979 0.061960 0.006597 0.018364
0 0.187109 0.061960 0.006858 0.018364
0 0.187240 0.062346 0.006597 0.018210
0 0.187240 0.062346 0.006597 0.018210
0 0.187370 0.062809 0.006337 0.018210
0 0.187370 0.062809 0.006337 0.018210
0 0.187630 0.063272 0.006337 0.018210
0 0.187630 0.063272 0.006337 0.018210
0 0.187630 0.063272 0.006337 0.018210
0 0.187630 0.063272 0.006337 0.018210
0 0.187630 0.063272 0.006337 0.018210
0 0.187630 0.063272 0.006337 0.018210
0 0.187630 0.063272 0.006337 0.018210
0 0.187630 0.063272 0.006337 0.018210
0 0.187630 0.063272 0.006337 0.018210
0 0.187630 0.063272 0.006337 0.018210
0 0.187630 0.063272 0.006337 0.018210
0 0.187500 0.063272 0.006076 0.018210
0 0.187500 0.063735 0.006076 0.018210
0 0.187500 0.064198 0.006076 0.018210
0 0.187500 0.064506 0.006076 0.018210
0 0.187500 0.064969 0.006076 0.018210
0 0.187370 0.065201 0.005816 0.017747
0 0.187370 0.065664 0.005816 0.017747
0 0.187370 0.066127 0.005816 0.017747
0 0.187370 0.066512 0.005816 0.017901
0 0.187370 0.066898 0.005816 0.017747
0 0.187109 0.066512 0.005816 0.017901
0 0.187109 0.066512 0.005816 0.017901
0 0.186979 0.066512 0.006076 0.017901
0 0.186979 0.066512 0.006076 0.017901
0 0.186979 0.066512 0.006076 0.017901
0 0.186849 0.066281 0.006337 0.017438
0 0.186849 0.066281 0.006337 0.017438
0 0.186719 0.066281 0.006597 0.017438
0 0.186719 0.066281 0.006597 0.017438
0 0.186719 0.066281 0.006597 0.017438
0 0.186285 0.066127 0.006597 0.017747
0 0.186024 0.066127 0.006597 0.017747
0 0.185634 0.066127 0.006858 0.017747
0 0.185417 0.066358 0.006771 0.018210
0 0.185200 0.066358 0.006858 0.018210
0 0.184679 0.066358 0.006858 0.018210
0 0.184418 0.066512 0.006858 0.018519
0 0.184071 0.066512 0.007031 0.018519
0 0.183811 0.066512 0.007031 0.018519
0 0.183594 0.066744 0.007118 0.018981
0 0.183464 0.066744 0.006858 0.018981
0 0.183464 0.066898 0.006858 0.018673
0 0.183464 0.066898 0.006858 0.018673
0 0.183464 0.067130 0.006858 0.018210
0 0.183464 0.067361 0.006858 0.018673
0 0.183333 0.067593 0.006597 0.018210
0 0.183333 0.067593 0.006597 0.018210
0 0.183333 0.067824 0.006597 0.017747
0 0.183333 0.067824 0.006597 0.017747
0 0.183333 0.068287 0.006597 0.017747
0 0.183333 0.068287 0.006597 0.017747
0 0.183333 0.068287 0.006597 0.017747
0 0.183333 0.068287 0.006597 0.017747
0 0.183333 0.068287 0.006597 0.017747
0 0.183333 0.068287 0.006597 0.017747
0 0.183333 0.068287 0.006597 0.017747
0 0.183333 0.068287 0.006597 0.017747
0 0.183333 0.068287 0.006597 0.017747
0 0.183333 0.068287 0.006597 0.017747
0 0.183333 0.068287 0.006597 0.017747
0 0.183203 0.068287 0.006337 0.017747
0 0.183203 0.068519 0.006337 0.018210
0 0.183203 0.068519 0.006337 0.018210
0 0.183203 0.068904 0.006337 0.018364
0 0.183203 0.069059 0.006337 0.018673
0 0.183073 0.069059 0.006076 0.018673
0 0.183073 0.069522 0.006076 0.018673
0 0.183073 0.069522 0.006076 0.018673
0 0.183073 0.069753 0.006076 0.019136
0 0.183073 0.070216 0.006076 0.019136
0 0.182726 0.070216 0.005903 0.019136
0 0.182335 0.070448 0.005642 0.019599
0 0.182031 0.070448 0.005382 0.019599
0 0.181641 0.070602 0.005122 0.019907
0 0.181380 0.071065 0.005122 0.019907
0 0.180990 0.071065 0.004861 0.019907
0 0.180642 0.071296 0.004687 0.020370
0 0.180295 0.071296 0.004340 0.020370
0 0.179948 0.071528 0.004167 0.020833
0 0.179688 0.071991 0.004167 0.020833
0 0.179427 0.071991 0.004167 0.020833
0 0.179427 0.072145 0.004167 0.021142
0 0.179297 0.072145 0.004427 0.021142
0 0.179297 0.072531 0.004427 0.021296
0 0.179297 0.072762 0.004427 0.021759
0 0.179080 0.072762 0.004340 0.021759
0 0.179080 0.073225 0.004340 0.021759
0 0.178950 0.073225 0.004601 0.021759
0 0.178950 0.073457 0.004601 0.022222
0 0.178950 0.073843 0.004601 0.022068
0 0.178950 0.073843 0.004601 0.022068
0 0.178950 0.073843 0.004601 0.022068
0 0.178950 0.073843 0.004601 0.022068
0 0.178950 0.073843 0.004601 0.022068
0 0.178950 0.073843 0.004601 0.022068
0 0.178950 0.073843 0.004601 0.022068
0 0.178950 0.073843 0.004601 0.022068
0 0.178950 0.073843 0.004601 0.022068
0 0.178950 0.073843 0.004601 0.022068
0 0.178950 0.073843 0.004601 0.022068
0 0.178689 0.073457 0.004601 0.022222
0 0.178559 0.073457 0.004861 0.022222
0 0.178342 0.073457 0.004948 0.022222
0 0.178342 0.073225 0.004948 0.021759
0 0.178255 0.073225 0.005122 0.021759
0 0.177995 0.073225 0.005122 0.021759
0 0.177995 0.072994 0.005122 0.021296
0 0.177734 0.072994 0.005122 0.021296
0 0.177604 0.072994 0.005382 0.021296
0 0.177604 0.072994 0.005382 0.021296
0 0.177604 0.072994 0.005382 0.021296
0 0.177604 0.072994 0.005382 0.021296
0 0.177604 0.072994 0.005382 0.021296
0 0.177604 0.072994 0.005382 0.021296
0 0.177604 0.072994 0.005382 0.021296
0 0.177604 0.072994 0.005382 0.021296
0 0.177604 0.072994 0.005382 0.021296
0 0.177604 0.072994 0.005382 0.021296
0 0.177604 0.072994 0.005382 0.021296
0 0.177604 0.072994 0.005382 0.021296
0 0.177604 0.072994 0.005382 0.021296
0 0.177604 0.072994 0.005382 0.021296
0 0.177604 0.072994 0.005382 0.021296
0 0.177604 0.072994 0.005382 0.021296
0 0.177604 0.072994 0.005382 0.021296
0 0.177604 0.072994 0.005382 0.021296
0 0.177604 0.072994 0.005382 0.021296
0 0.177604 0.072994 0.005382 0.021296
0 0.177604 0.072994 0.005382 0.021296
0 0.177604 0.072994 0.005382 0.021296
