0 0.162717 0.151080 0.006337 0.012654
0 0.162977 0.150694 0.006337 0.012500
0 0.163455 0.150694 0.006424 0.012500
0 0.163932 0.150694 0.006337 0.012500
0 0.164453 0.150694 0.006337 0.012500
0 0.164887 0.150694 0.006337 0.012500
0 0.165148 0.150463 0.006337 0.012963
0 0.165668 0.150463 0.006337 0.012963
0 0.166102 0.150463 0.006337 0.012963
0 0.166623 0.150463 0.006337 0.012963
0 0.167144 0.150463 0.006337 0.012963
0 0.168099 0.150463 0.006337 0.012963
0 0.169314 0.150926 0.006337 0.012963
0 0.170530 0.151312 0.006337 0.013117
0 0.171484 0.151775 0.006337 0.013117
0 0.172700 0.152160 0.006337 0.012963
0 0.173915 0.152160 0.006337 0.012963
0 0.174957 0.152623 0.006337 0.012963
0 0.176172 0.153086 0.006337 0.012963
0 0.177387 0.153472 0.006337 0.013117
0 0.178602 0.153935 0.006337 0.013117
0 0.179297 0.154321 0.006337 0.012963
0 0.180252 0.155247 0.006337 0.012963
0 0.181033 0.155710 0.006337 0.012963
0 0.181988 0.156481 0.006337 0.012963
0 0.182726 0.156944 0.006424 0.012963
0 0.183724 0.157870 0.006337 0.012963
0 0.184418 0.158256 0.006337 0.013117
0 0.185417 0.159105 0.006424 0.012963
0 0.186155 0.159568 0.006337 0.012963
0 0.187109 0.160417 0.006337 0.013117
0 0.187370 0.160880 0.006337 0.013117
0 0.187891 0.161265 0.006337 0.012963
0 0.188064 0.161728 0.006337 0.012963
0 0.188585 0.162191 0.006337 0.012963
0 0.188845 0.162654 0.006337 0.012963
0 0.189280 0.163040 0.006337 0.013117
0 0.189540 0.163426 0.006337 0.012963
0 0.190061 0.163889 0.006337 0.012963
0 0.190321 0.164352 0.006337 0.012963
0 0.190755 0.165201 0.006337 0.013117
0 0.191016 0.165664 0.006337 0.013117
0 0.191276 0.166512 0.006337 0.012963
0 0.191797 0.166975 0.006337 0.012963
0 0.191970 0.167824 0.006337 0.013117
0 0.192491 0.168210 0.006337 0.012963
0 0.192752 0.169136 0.006337 0.012963
0 0.193012 0.169522 0.006337 0.013117
0 0.193446 0.170370 0.006337 0.012963
0 0.193707 0.170833 0.006337 0.012963
0 0.194227 0.171759 0.006337 0.012963
0 0.194227 0.172145 0.006337 0.013117
0 0.194444 0.172762 0.006424 0.013426
0 0.194661 0.173457 0.006337 0.013889
0 0.194922 0.174383 0.006337 0.013889
0 0.195182 0.174923 0.006337 0.014352
0 0.195443 0.175386 0.006337 0.014352
0 0.195660 0.176312 0.006424 0.014352
0 0.195877 0.176929 0.006337 0.014660
0 0.196137 0.177546 0.006337 0.015278
0 0.196398 0.178395 0.006337 0.015123
0 0.196137 0.178858 0.006337 0.015123
0 0.196137 0.179784 0.006337 0.015123
0 0.196137 0.180633 0.006337 0.015278
0 0.196137 0.181481 0.006337 0.015123
0 0.196137 0.182330 0.006337 0.015278
0 0.195877 0.183179 0.006337 0.015123
0 0.195877 0.184105 0.006337 0.015123
0 0.195877 0.184954 0.006337 0.015278
0 0.195877 0.185802 0.006337 0.015123
0 0.195877 0.186651 0.006337 0.015278
0 0.195660 0.187114 0.006424 0.015278
0 0.195660 0.187577 0.006424 0.015278
0 0.195443 0.187963 0.006337 0.015123
0 0.195443 0.188426 0.006337 0.015123
0 0.195182 0.189275 0.006337 0.015278
0 0.195182 0.189738 0.006337 0.015278
0 0.194922 0.190123 0.006337 0.015123
0 0.194922 0.190586 0.006337 0.015123
0 0.194661 0.191049 0.006337 0.015123
0 0.194661 0.191898 0.006337 0.015278
0 0.194444 0.192515 0.006424 0.014660
0 0.194227 0.193364 0.006337 0.014815
0 0.194097 0.194290 0.006076 0.014815
0 0.193967 0.195139 0.006337 0.014660
0 0.193837 0.195988 0.006076 0.014815
0 0.193576 0.196914 0.006076 0.014815
0 0.193446 0.197762 0.006337 0.014660
0 0.193316 0.198611 0.006076 0.014815
0 0.193099 0.199460 0.006163 0.014660
0 0.193099 0.200309 0.006163 0.014815
0 0.192882 0.200772 0.006076 0.014815
0 0.192622 0.201620 0.006076 0.014660
0 0.192622 0.202315 0.006076 0.015123
0 0.192361 0.202932 0.006076 0.014815
0 0.192361 0.203858 0.006076 0.014815
0 0.192101 0.204475 0.006076 0.015123
0 0.191884 0.205093 0.006163 0.014815
0 0.191884 0.205787 0.006163 0.015278
0 0.191667 0.206636 0.006076 0.015123
0 0.191667 0.207485 0.006076 0.015278
0 0.191406 0.207948 0.006076 0.015278
0 0.191146 0.208796 0.006076 0.015123
0 0.190885 0.209645 0.006076 0.015278
0 0.190668 0.210494 0.006163 0.015123
0 0.190668 0.211420 0.006163 0.015123
0 0.190408 0.211883 0.006163 0.015123
0 0.190191 0.212731 0.006076 0.015278
0 0.189931 0.213580 0.006076 0.015123
0 0.189670 0.214429 0.006076 0.015278
0 0.189670 0.215278 0.006076 0.015123
0 0.189193 0.215741 0.006163 0.015123
0 0.188976 0.216590 0.006076 0.015278
0 0.188585 0.217438 0.006337 0.015123
0 0.188194 0.218364 0.006076 0.015123
0 0.187977 0.219213 0.006163 0.015278
0 0.187630 0.219676 0.006337 0.015278
0 0.187240 0.220525 0.006076 0.015123
0 0.186849 0.221373 0.006337 0.015278
0 0.186632 0.222222 0.006424 0.015123
0 0.186415 0.223148 0.006337 0.015123
0 0.185894 0.223148 0.006337 0.015123
0 0.185634 0.223534 0.006337 0.015278
0 0.185417 0.223997 0.006424 0.015278
0 0.185200 0.223997 0.006337 0.015278
0 0.184939 0.224383 0.006337 0.015123
0 0.184549 0.224846 0.006076 0.015123
0 0.184288 0.224846 0.006076 0.015123
0 0.184071 0.225309 0.006163 0.015123
0 0.183854 0.225694 0.006076 0.015278
0 0.183594 0.226157 0.006076 0.015278
0 0.183073 0.226620 0.006076 0.015278
0 0.182856 0.227006 0.006163 0.015123
0 0.182595 0.227932 0.006163 0.015123
0 0.182118 0.228318 0.006076 0.015278
0 0.181858 0.229167 0.006076 0.015123
0 0.181641 0.229630 0.006163 0.015123
0 0.181163 0.230093 0.006076 0.015123
0 0.180903 0.230941 0.006076 0.015278
0 0.180642 0.231327 0.006076 0.015123
0 0.180382 0.232253 0.006076 0.015123
0 0.180165 0.232253 0.006163 0.015123
0 0.179948 0.232639 0.006076 0.015278
0 0.179688 0.233102 0.006076 0.015278
0 0.179688 0.233488 0.006076 0.015123
0 0.179427 0.233951 0.006076 0.015123
0 0.179167 0.234182 0.006076 0.014660
0 0.179167 0.234645 0.006076 0.014660
0 0.178950 0.235031 0.006163 0.014815
0 0.178733 0.235494 0.006076 0.014815
0 0.178733 0.235957 0.006076 0.014815
0 0.178733 0.235957 0.006076 0.014815
0 0.178950 0.235957 0.006163 0.014815
0 0.179167 0.235957 0.006076 0.014815
0 0.179427 0.235957 0.006076 0.014815
0 0.179688 0.235957 0.006076 0.014815
0 0.179948 0.235957 0.006076 0.014815
0 0.180165 0.235957 0.006163 0.014815
0 0.180382 0.235957 0.006076 0.014815
0 0.180642 0.235957 0.006076 0.014815
0 0.180903 0.235957 0.006076 0.014815
0 0.180642 0.235494 0.006076 0.014815
0 0.180512 0.235031 0.006337 0.014815
0 0.180382 0.235031 0.006076 0.014815
0 0.180252 0.234645 0.006337 0.014660
0 0.180252 0.234645 0.006337 0.014660
0 0.180078 0.234182 0.006337 0.014660
0 0.179948 0.233719 0.006597 0.014660
0 0.179818 0.233719 0.006337 0.014660
0 0.179688 0.233333 0.006597 0.014815
0 0.179688 0.233333 0.006597 0.014815
0 0.178950 0.232407 0.006510 0.014815
0 0.178212 0.232022 0.006597 0.014660
0 0.177517 0.231173 0.006597 0.014815
0 0.176866 0.230710 0.006337 0.014815
0 0.176259 0.230015 0.006510 0.014352
0 0.175521 0.229398 0.006597 0.014660
0 0.174957 0.228781 0.006337 0.014352
0 0.174175 0.228086 0.006337 0.014815
0 0.173481 0.227469 0.006337 0.014198
0 0.172960 0.227083 0.006337 0.014352
