0 0.151389 0.173688 0.006076 0.023920
0 0.151128 0.171759 0.006076 0.023457
0 0.151128 0.169985 0.006076 0.023302
0 0.150998 0.168210 0.005816 0.023457
0 0.150998 0.166281 0.005816 0.022994
0 0.150911 0.164583 0.005642 0.022994
0 0.150781 0.162886 0.005903 0.022994
0 0.150651 0.160880 0.005642 0.022685
0 0.150651 0.159105 0.005642 0.022531
0 0.150521 0.157407 0.005382 0.022531
0 0.150521 0.155864 0.005382 0.022222
0 0.150260 0.154552 0.005382 0.022068
0 0.150260 0.153704 0.005382 0.022222
0 0.150130 0.152855 0.005122 0.022068
0 0.150000 0.151929 0.005382 0.022068
0 0.150000 0.151080 0.005382 0.022222
0 0.149870 0.150231 0.005122 0.022068
0 0.149783 0.149383 0.005295 0.022222
0 0.149696 0.148534 0.005122 0.022068
0 0.149696 0.147608 0.005122 0.022068
0 0.149696 0.146759 0.005122 0.022222
0 0.149436 0.145062 0.005122 0.022222
0 0.149436 0.143287 0.005122 0.022068
0 0.149175 0.141590 0.005122 0.022068
0 0.149175 0.139815 0.005122 0.022222
0 0.149175 0.138117 0.005122 0.022222
0 0.148915 0.136343 0.005122 0.022068
0 0.148915 0.134645 0.005122 0.022068
0 0.148655 0.132870 0.005122 0.022222
0 0.148655 0.131173 0.005122 0.022222
0 0.148655 0.129398 0.005122 0.022068
0 0.148568 0.127701 0.005295 0.022068
0 0.148568 0.126389 0.005295 0.022222
0 0.148568 0.124614 0.005295 0.022068
0 0.148568 0.123380 0.005295 0.022068
0 0.148568 0.122068 0.005295 0.022222
0 0.148568 0.120293 0.005295 0.022068
0 0.148568 0.118981 0.005295 0.022222
0 0.148568 0.117284 0.005295 0.022222
0 0.148568 0.115972 0.005295 0.022068
0 0.148568 0.114660 0.005295 0.022222
0 0.148568 0.112886 0.005295 0.022068
0 0.148568 0.111651 0.005295 0.022068
0 0.148568 0.109877 0.005295 0.022222
0 0.148568 0.108565 0.005295 0.022068
0 0.148568 0.106867 0.005295 0.022068
0 0.148568 0.105556 0.005295 0.022222
0 0.148568 0.103781 0.005295 0.022068
0 0.148568 0.102546 0.005295 0.022068
0 0.148568 0.100772 0.005295 0.022222
0 0.148655 0.099460 0.005122 0.022068
0 0.148481 0.095988 0.005122 0.022222
0 0.148481 0.092978 0.005122 0.022068
0 0.148220 0.089892 0.005122 0.022068
0 0.148220 0.086883 0.005122 0.022222
0 0.148090 0.083873 0.005382 0.022068
0 0.147960 0.080633 0.005122 0.021759
0 0.147830 0.077546 0.005382 0.021759
0 0.147700 0.074537 0.005122 0.021605
0 0.147569 0.071528 0.005382 0.021759
0 0.147569 0.068441 0.005382 0.021759
0 0.147439 0.066744 0.005642 0.021759
0 0.147439 0.065432 0.005642 0.021605
0 0.147439 0.064120 0.005642 0.021759
0 0.147352 0.062423 0.005816 0.021759
0 0.147352 0.061111 0.005816 0.021605
0 0.147352 0.059799 0.005816 0.021759
0 0.147222 0.058025 0.006076 0.021605
0 0.147222 0.056713 0.006076 0.021759
0 0.147222 0.055478 0.006076 0.021759
0 0.147222 0.054167 0.006076 0.021605
0 0.146962 0.054552 0.006076 0.021759
0 0.146962 0.055015 0.006076 0.021759
0 0.146875 0.055478 0.005903 0.021759
0 0.146875 0.055864 0.005903 0.021605
0 0.146745 0.056713 0.005642 0.021759
0 0.146745 0.057176 0.005642 0.021759
0 0.146615 0.057639 0.005382 0.021759
0 0.146615 0.058025 0.005382 0.021605
0 0.146484 0.058488 0.005122 0.021605
0 0.146484 0.059336 0.005122 0.021759
0 0.146484 0.059336 0.005122 0.021759
0 0.146745 0.059799 0.005122 0.021759
0 0.146745 0.060262 0.005122 0.021759
0 0.147005 0.060648 0.005122 0.021605
0 0.147222 0.061111 0.005208 0.021605
0 0.147222 0.061111 0.005208 0.021605
0 0.147439 0.061497 0.005122 0.021759
0 0.147439 0.061960 0.005122 0.021759
0 0.147700 0.062423 0.005122 0.021759
0 0.147960 0.062809 0.005122 0.021605
0 0.148220 0.063272 0.005122 0.021605
0 0.148481 0.063657 0.005122 0.021759
0 0.148655 0.064120 0.005122 0.021759
0 0.148915 0.064815 0.005122 0.021296
0 0.149436 0.065432 0.005122 0.021605
0 0.149696 0.065895 0.005122 0.021605
0 0.149870 0.066512 0.005122 0.021296
0 0.150130 0.066975 0.005122 0.021296
0 0.150391 0.067438 0.005122 0.021296
0 0.150911 0.068210 0.005122 0.021296
0 0.150651 0.068904 0.005122 0.021759
0 0.150521 0.069985 0.005382 0.022068
0 0.150391 0.070679 0.005642 0.022531
0 0.150260 0.071682 0.005382 0.022994
0 0.150130 0.072608 0.005642 0.022994
0 0.150043 0.073457 0.005816 0.023765
0 0.149913 0.074306 0.005556 0.023920
0 0.149783 0.075154 0.005816 0.024691
0 0.149653 0.076080 0.006076 0.024691
0 0.149653 0.077083 0.006076 0.025154
0 0.149392 0.079475 0.006076 0.024691
0 0.149392 0.082099 0.006076 0.024691
0 0.149306 0.084722 0.005903 0.024691
0 0.149306 0.087346 0.005903 0.024691
0 0.149175 0.090201 0.005642 0.024228
0 0.149175 0.092747 0.005642 0.024383
0 0.149045 0.095370 0.005382 0.024383
0 0.149045 0.097994 0.005382 0.024383
0 0.148915 0.100540 0.005122 0.024228
0 0.148915 0.103395 0.005122 0.023765
0 0.148655 0.104244 0.005122 0.023920
0 0.148655 0.105324 0.005122 0.024228
0 0.148481 0.106636 0.005122 0.024383
0 0.148481 0.107485 0.005122 0.024228
0 0.148220 0.108796 0.005122 0.024383
0 0.148220 0.109877 0.005122 0.024691
0 0.147960 0.110802 0.005122 0.024691
0 0.147960 0.112037 0.005122 0.024691
0 0.147700 0.113194 0.005122 0.025154
0 0.147700 0.114429 0.005122 0.025154
0 0.147830 0.115355 0.005382 0.025154
0 0.148090 0.116590 0.005382 0.025154
0 0.148220 0.117747 0.005642 0.024691
0 0.148438 0.118981 0.005556 0.024691
0 0.148698 0.120293 0.005556 0.024846
0 0.148828 0.121373 0.005816 0.024228
0 0.149045 0.122685 0.005903 0.024383
0 0.149175 0.123765 0.006163 0.023765
0 0.149392 0.125077 0.006076 0.023920
0 0.149653 0.126389 0.006076 0.023765
0 0.149653 0.127701 0.006076 0.023920
0 0.149653 0.129398 0.006076 0.023920
0 0.149783 0.130710 0.005816 0.023765
0 0.149783 0.132485 0.005816 0.023920
0 0.149913 0.134182 0.005556 0.023920
0 0.149913 0.135494 0.005556 0.023765
0 0.149913 0.137269 0.005556 0.023920
0 0.150000 0.138503 0.005382 0.023920
0 0.150000 0.140278 0.005382 0.023765
0 0.150130 0.141975 0.005122 0.023765
0 0.150000 0.143750 0.005382 0.023920
0 0.150000 0.145910 0.005382 0.023920
0 0.150000 0.147840 0.005382 0.024383
0 0.150000 0.150000 0.005382 0.024383
0 0.150000 0.152006 0.005382 0.024691
0 0.150000 0.153935 0.005382 0.024228
0 0.150000 0.155864 0.005382 0.024691
0 0.150000 0.158025 0.005382 0.024691
0 0.150000 0.159954 0.005382 0.025154
0 0.150000 0.162114 0.005382 0.025154
0 0.149783 0.163040 0.005295 0.025154
0 0.149783 0.163966 0.005295 0.025154
0 0.149696 0.164738 0.005122 0.025154
0 0.149566 0.165664 0.005382 0.025154
0 0.149566 0.166435 0.005382 0.025154
0 0.149436 0.167361 0.005122 0.025154
0 0.149306 0.168287 0.005382 0.025154
0 0.149175 0.169059 0.005122 0.025154
0 0.149175 0.169985 0.005122 0.025154
0 0.149175 0.170910 0.005122 0.025154
0 0.148915 0.170910 0.005122 0.025154
0 0.148915 0.170910 0.005122 0.025154
0 0.148915 0.170910 0.005122 0.025154
0 0.148915 0.171219 0.005122 0.025154
0 0.148915 0.171219 0.005122 0.025154
0 0.148785 0.171219 0.005382 0.025154
0 0.148785 0.171682 0.005382 0.025154
0 0.148785 0.171682 0.005382 0.025154
0 0.148785 0.171682 0.005382 0.025154
0 0.148785 0.172145 0.005382 0.025154
