0 0.198003 0.080324 0.006076 0.022994
0 0.198003 0.078627 0.006076 0.022994
0 0.198220 0.077160 0.006163 0.023457
0 0.198437 0.075617 0.006076 0.023765
0 0.198698 0.074074 0.006076 0.023457
0 0.198958 0.072608 0.006076 0.023920
0 0.199089 0.071065 0.006337 0.024228
0 0.199349 0.069522 0.006337 0.023920
0 0.199566 0.068056 0.006424 0.024383
0 0.199783 0.066512 0.006337 0.024691
0 0.200043 0.065201 0.006337 0.024846
0 0.200304 0.063889 0.006337 0.024691
0 0.200825 0.062654 0.006337 0.024691
0 0.200998 0.061497 0.006337 0.025154
0 0.201519 0.060262 0.006337 0.025154
0 0.201910 0.059105 0.006076 0.025617
0 0.202214 0.057870 0.006337 0.025617
0 0.202604 0.056481 0.006076 0.025617
0 0.202995 0.055478 0.006337 0.026080
0 0.203342 0.054167 0.006163 0.025926
0 0.203819 0.053086 0.006076 0.026543
0 0.204210 0.051543 0.006337 0.025926
0 0.204687 0.050231 0.006771 0.026080
0 0.205035 0.048920 0.007118 0.025926
0 0.205512 0.047377 0.007552 0.025617
0 0.206033 0.046142 0.008073 0.025617
0 0.206424 0.044830 0.008333 0.025463
0 0.206901 0.043287 0.008767 0.025154
0 0.207292 0.042052 0.009028 0.025154
0 0.207726 0.040664 0.009549 0.025154
0 0.208203 0.039429 0.009983 0.025154
0 0.208984 0.037886 0.009983 0.025463
0 0.209939 0.036343 0.009983 0.026080
0 0.210677 0.034877 0.010069 0.026543
0 0.211675 0.033565 0.009983 0.026389
0 0.212370 0.032022 0.009983 0.027006
0 0.213325 0.030478 0.009983 0.027315
0 0.214106 0.029244 0.009983 0.027315
0 0.215061 0.027623 0.009983 0.027778
0 0.215799 0.026157 0.010069 0.028241
0 0.216797 0.024923 0.009983 0.028241
0 0.217361 0.023071 0.010243 0.027315
0 0.218142 0.021836 0.010243 0.026389
0 0.218837 0.020293 0.010764 0.026080
0 0.219575 0.019059 0.010677 0.025154
0 0.220443 0.017438 0.011024 0.024691
0 0.221050 0.016204 0.011198 0.023765
0 0.221745 0.014660 0.011198 0.023457
0 0.222526 0.013426 0.011719 0.022531
0 0.223220 0.011806 0.011719 0.022068
0 0.224089 0.010571 0.011892 0.021142
0 0.224566 0.012037 0.011979 0.021605
0 0.225217 0.013812 0.011719 0.022685
0 0.225651 0.015586 0.011719 0.023457
0 0.226302 0.017052 0.011458 0.023920
0 0.226780 0.018827 0.011545 0.024691
0 0.227387 0.020525 0.011198 0.025617
0 0.227865 0.022068 0.011285 0.025926
0 0.228472 0.023765 0.010937 0.026852
0 0.228950 0.025463 0.011024 0.027778
0 0.229687 0.027469 0.010937 0.028086
0 0.228819 0.029012 0.010764 0.027778
0 0.228125 0.030941 0.010764 0.027315
0 0.227387 0.032639 0.010677 0.027315
0 0.226519 0.034414 0.010503 0.026543
0 0.225825 0.036111 0.010503 0.026543
0 0.225043 0.038117 0.010503 0.025926
0 0.224219 0.039660 0.010243 0.025617
0 0.223481 0.041590 0.010330 0.025154
0 0.222743 0.043287 0.010243 0.025154
0 0.222135 0.045216 0.010069 0.024691
0 0.220703 0.046605 0.009983 0.024691
0 0.219314 0.047840 0.009809 0.024691
0 0.217969 0.049151 0.009549 0.024846
0 0.216753 0.050463 0.009549 0.024691
0 0.215408 0.051775 0.009288 0.024846
0 0.214062 0.053086 0.009028 0.024691
0 0.212847 0.054321 0.009028 0.024691
0 0.211502 0.055710 0.008767 0.024691
0 0.210156 0.056944 0.008507 0.024691
0 0.208941 0.058256 0.008507 0.024846
0 0.207509 0.059568 0.008594 0.024691
0 0.206033 0.060880 0.008594 0.024846
0 0.204557 0.062191 0.008594 0.024691
0 0.203212 0.063426 0.008333 0.024691
0 0.201780 0.065201 0.008247 0.024846
0 0.200304 0.066512 0.008247 0.024691
0 0.198958 0.067824 0.007986 0.024846
0 0.197483 0.069136 0.007986 0.024691
0 0.196050 0.070370 0.008073 0.024691
0 0.194835 0.072145 0.008073 0.024846
0 0.193837 0.073688 0.007986 0.024228
0 0.192969 0.075386 0.008333 0.024228
0 0.192014 0.077160 0.008333 0.024383
0 0.191146 0.078858 0.008507 0.024383
0 0.190191 0.080787 0.008507 0.023920
0 0.189323 0.082562 0.008854 0.023765
0 0.188325 0.084336 0.008767 0.023920
0 0.187500 0.086034 0.009028 0.023920
0 0.186545 0.087731 0.009028 0.023920
0 0.185764 0.089738 0.009028 0.023302
0 0.185417 0.090818 0.009201 0.023920
0 0.185200 0.092361 0.009288 0.024228
0 0.184939 0.093596 0.009288 0.025154
0 0.184679 0.095139 0.009288 0.025463
0 0.184549 0.096682 0.009549 0.026080
0 0.184201 0.097762 0.009722 0.026389
0 0.183941 0.099228 0.009722 0.026852
0 0.183724 0.100617 0.009809 0.027778
0 0.183464 0.102083 0.009809 0.028241
0 0.183333 0.103627 0.010069 0.028549
0 0.183203 0.103781 0.009809 0.028241
0 0.183333 0.104475 0.009549 0.027778
0 0.183333 0.104938 0.009028 0.026852
0 0.183333 0.105556 0.009028 0.026543
0 0.183333 0.106250 0.008507 0.026080
0 0.183464 0.106481 0.008247 0.025617
0 0.183333 0.107022 0.007986 0.025154
0 0.183420 0.107485 0.007812 0.024228
0 0.183464 0.108179 0.007378 0.023765
0 0.183594 0.108796 0.007118 0.023457
0 0.183811 0.107562 0.007031 0.023457
0 0.184201 0.106404 0.007292 0.023920
0 0.184592 0.105170 0.007552 0.023920
0 0.184939 0.104012 0.007378 0.024383
0 0.185286 0.102701 0.007552 0.024228
0 0.185677 0.101698 0.007812 0.024691
0 0.186024 0.100309 0.007639 0.024691
0 0.186372 0.099306 0.007812 0.025154
0 0.186762 0.097917 0.008073 0.025154
0 0.187240 0.097145 0.007986 0.025154
0 0.187109 0.094290 0.008247 0.024691
0 0.186979 0.091667 0.008507 0.024691
0 0.186849 0.088812 0.008767 0.024228
0 0.186719 0.086265 0.009028 0.024383
0 0.186719 0.083410 0.009028 0.023920
0 0.186632 0.080787 0.009201 0.023920
0 0.186502 0.078009 0.009462 0.023302
0 0.186372 0.075463 0.009722 0.023457
0 0.186241 0.072608 0.009983 0.022994
0 0.186241 0.069985 0.009983 0.022994
0 0.185764 0.066127 0.009549 0.022994
0 0.185417 0.062346 0.009201 0.023457
0 0.185069 0.058719 0.009028 0.023920
0 0.184679 0.055247 0.008767 0.023765
0 0.184332 0.051543 0.008594 0.024383
0 0.183941 0.047608 0.008333 0.024228
0 0.183550 0.044213 0.008073 0.024228
0 0.183247 0.040432 0.007812 0.024691
0 0.182856 0.036806 0.007552 0.025154
0 0.182595 0.033256 0.007031 0.025154
0 0.181163 0.030247 0.007118 0.023457
0 0.179774 0.027469 0.007292 0.022222
0 0.178429 0.024614 0.007552 0.020833
0 0.177214 0.021836 0.007552 0.019599
0 0.175868 0.019213 0.007812 0.017747
0 0.174392 0.016435 0.007812 0.016512
0 0.173177 0.013580 0.007812 0.015123
0 0.171875 0.010802 0.007986 0.013889
0 0.170530 0.007948 0.008247 0.012500
0 0.169314 0.005401 0.008247 0.010802
0 0.169314 0.005401 0.008247 0.010802
0 0.169314 0.005401 0.008247 0.010802
0 0.169314 0.005401 0.008247 0.010802
0 0.169314 0.005401 0.008247 0.010802
0 0.169314 0.005401 0.008247 0.010802
0 0.169314 0.005401 0.008247 0.010802
0 0.169314 0.005401 0.008247 0.010802
0 0.169314 0.005401 0.008247 0.010802
0 0.169314 0.005401 0.008247 0.010802
0 0.169314 0.005401 0.008247 0.010802
0 0.169314 0.005401 0.008247 0.010802
0 0.169314 0.005401 0.008247 0.010802
0 0.169314 0.005401 0.008247 0.010802
0 0.169314 0.005401 0.008247 0.010802
0 0.169314 0.005401 0.008247 0.010802
0 0.169314 0.005401 0.008247 0.010802
0 0.169314 0.005401 0.008247 0.010802
0 0.169314 0.005401 0.008247 0.010802
0 0.169314 0.005401 0.008247 0.010802
0 0.169314 0.005401 0.008247 0.010802
