0 0.052300 0.041512 0.007552 0.027778
0 0.052300 0.041204 0.007552 0.027778
0 0.052300 0.041204 0.007552 0.027778
0 0.052300 0.041204 0.007552 0.027778
0 0.052300 0.041204 0.007552 0.027778
0 0.052561 0.041204 0.007552 0.027778
0 0.052561 0.041204 0.007552 0.027778
0 0.052561 0.041204 0.007552 0.027778
0 0.052561 0.041204 0.007552 0.027778
0 0.052561 0.041204 0.007552 0.027778
0 0.052821 0.041204 0.007552 0.027778
0 0.052995 0.041204 0.007552 0.027778
0 0.053255 0.041512 0.007552 0.027778
0 0.053516 0.041975 0.007552 0.027778
0 0.053776 0.041975 0.007552 0.027778
0 0.054036 0.042438 0.007552 0.027778
0 0.054253 0.042901 0.007639 0.027778
0 0.054470 0.042901 0.007552 0.027778
0 0.054731 0.043364 0.007552 0.027778
0 0.054991 0.043673 0.007552 0.027778
0 0.055252 0.044136 0.007552 0.027778
0 0.055252 0.044136 0.007552 0.027778
0 0.055469 0.044136 0.007639 0.027778
0 0.055686 0.044136 0.007552 0.027778
0 0.055946 0.044136 0.007552 0.027778
0 0.056207 0.044136 0.007552 0.027778
0 0.056207 0.044136 0.007552 0.027778
0 0.056467 0.044136 0.007552 0.027778
0 0.056727 0.044136 0.007552 0.027778
0 0.056901 0.044136 0.007552 0.027778
0 0.057161 0.044599 0.007552 0.027778
0 0.057161 0.044136 0.007552 0.027778
0 0.057422 0.044136 0.007552 0.027778
0 0.057682 0.043673 0.007552 0.027778
0 0.057943 0.043673 0.007552 0.027778
0 0.058160 0.043673 0.007639 0.027778
0 0.058160 0.043364 0.007639 0.027778
0 0.058377 0.043364 0.007552 0.027778
0 0.058637 0.042901 0.007552 0.027778
0 0.058898 0.042901 0.007552 0.027778
0 0.059158 0.042901 0.007552 0.027778
0 0.059158 0.042438 0.007552 0.027778
0 0.059375 0.042438 0.007639 0.027778
0 0.059592 0.041975 0.007552 0.027778
0 0.059852 0.041975 0.007552 0.027778
0 0.060113 0.041975 0.007552 0.027778
0 0.060373 0.041512 0.007552 0.027778
0 0.060590 0.041512 0.007639 0.027778
0 0.060807 0.041204 0.007552 0.027778
0 0.061068 0.041204 0.007552 0.027778
0 0.061328 0.041204 0.007552 0.027778
0 0.061589 0.041204 0.007552 0.027778
0 0.061849 0.041204 0.007552 0.027778
0 0.062066 0.041204 0.007639 0.027778
0 0.062543 0.041204 0.007552 0.027778
0 0.062804 0.041204 0.007552 0.027778
0 0.063064 0.041204 0.007552 0.027778
0 0.063498 0.041204 0.007552 0.027778
0 0.063759 0.041204 0.007552 0.027778
0 0.064019 0.041204 0.007552 0.027778
0 0.064497 0.041204 0.007639 0.027778
0 0.064497 0.041204 0.007639 0.027778
0 0.064497 0.041204 0.007639 0.027778
0 0.064497 0.041204 0.007639 0.027778
0 0.064497 0.041204 0.007639 0.027778
0 0.064497 0.041204 0.007639 0.027778
0 0.064497 0.041204 0.007639 0.027778
0 0.064497 0.041204 0.007639 0.027778
0 0.064497 0.041204 0.007639 0.027778
0 0.064497 0.041204 0.007639 0.027778
0 0.064497 0.041204 0.007639 0.027778
0 0.064974 0.041204 0.007552 0.027778
0 0.065495 0.041204 0.007552 0.027778
0 0.066189 0.041204 0.007552 0.027778
0 0.066710 0.041204 0.007552 0.027778
0 0.067405 0.041512 0.007552 0.027778
0 0.067925 0.041512 0.007552 0.027778
0 0.068403 0.041512 0.007639 0.027778
0 0.069141 0.041512 0.007552 0.027778
0 0.069661 0.041512 0.007552 0.027778
0 0.070356 0.041975 0.007552 0.027778
0 0.070356 0.041975 0.007552 0.027778
0 0.070616 0.041975 0.007552 0.027778
0 0.070877 0.041975 0.007552 0.027778
0 0.070877 0.041975 0.007552 0.027778
0 0.071094 0.041975 0.007639 0.027778
0 0.071311 0.041975 0.007552 0.027778
0 0.071311 0.041975 0.007552 0.027778
0 0.071571 0.041975 0.007552 0.027778
0 0.071832 0.041975 0.007552 0.027778
0 0.072092 0.041975 0.007552 0.027778
0 0.072092 0.041975 0.007552 0.027778
0 0.072092 0.041975 0.007552 0.027778
0 0.072092 0.041975 0.007552 0.027778
0 0.072092 0.041975 0.007552 0.027778
0 0.072092 0.041975 0.007552 0.027778
0 0.072092 0.041975 0.007552 0.027778
0 0.072092 0.041975 0.007552 0.027778
0 0.072092 0.041975 0.007552 0.027778
0 0.072092 0.041975 0.007552 0.027778
0 0.072092 0.041975 0.007552 0.027778
0 0.071571 0.041975 0.007552 0.027778
0 0.071094 0.041975 0.007639 0.027778
0 0.070616 0.041975 0.007552 0.027778
0 0.070095 0.041975 0.007552 0.027778
0 0.069835 0.041975 0.007552 0.027778
0 0.069401 0.041975 0.007552 0.027778
0 0.068880 0.041975 0.007552 0.027778
0 0.068403 0.041975 0.007639 0.027778
0 0.067925 0.041975 0.007552 0.027778
0 0.067665 0.041975 0.007552 0.027778
0 0.066970 0.042438 0.007552 0.027778
0 0.066450 0.042901 0.007552 0.027778
0 0.065929 0.043364 0.007552 0.027778
0 0.065234 0.044136 0.007552 0.027778
0 0.064714 0.044599 0.007552 0.027778
0 0.064280 0.045062 0.007552 0.027778
0 0.063498 0.045910 0.007552 0.027623
0 0.063064 0.046296 0.007552 0.027778
0 0.062543 0.046759 0.007552 0.027778
0 0.062066 0.047685 0.007639 0.027778
0 0.061068 0.047685 0.007552 0.027778
0 0.060113 0.047685 0.007552 0.027778
0 0.059375 0.048071 0.007639 0.027623
0 0.058377 0.048071 0.007552 0.027623
0 0.057682 0.048457 0.007552 0.027778
0 0.056727 0.048457 0.007552 0.027778
0 0.055686 0.048457 0.007552 0.027778
0 0.054991 0.048920 0.007552 0.027778
0 0.054036 0.048920 0.007552 0.027778
0 0.053255 0.049383 0.007552 0.027778
0 0.052300 0.049846 0.007552 0.027778
0 0.051345 0.050309 0.007552 0.027778
0 0.050564 0.050617 0.007552 0.027778
0 0.049609 0.051080 0.007552 0.027778
0 0.048915 0.051543 0.007552 0.027778
0 0.047873 0.052006 0.007552 0.027778
0 0.046918 0.052469 0.007552 0.027778
0 0.046224 0.052855 0.007552 0.027623
0 0.045226 0.053241 0.007639 0.027778
0 0.044488 0.053704 0.007552 0.027778
0 0.043403 0.053704 0.007292 0.027778
0 0.042405 0.054167 0.007378 0.027778
0 0.041450 0.054167 0.007378 0.027778
0 0.040451 0.054630 0.007292 0.027778
0 0.039497 0.055015 0.007292 0.027623
0 0.038498 0.055015 0.007378 0.027623
0 0.037543 0.055401 0.007378 0.027778
0 0.036545 0.055401 0.007292 0.027778
0 0.035590 0.055864 0.007292 0.027778
0 0.034635 0.056327 0.007292 0.027778
0 0.033377 0.056790 0.007378 0.027778
0 0.032161 0.057253 0.007378 0.027778
0 0.030946 0.058025 0.007378 0.027778
0 0.029731 0.058488 0.007378 0.027778
0 0.028516 0.059414 0.007378 0.027778
0 0.027300 0.059722 0.007378 0.027778
0 0.026042 0.060185 0.007292 0.027778
0 0.024826 0.061111 0.007292 0.027778
0 0.023611 0.061574 0.007292 0.027778
0 0.022656 0.062346 0.007292 0.027778
0 0.021181 0.062809 0.007292 0.027778
0 0.019965 0.063272 0.007292 0.027778
0 0.018620 0.063735 0.007552 0.027778
0 0.017274 0.064198 0.007292 0.027778
0 0.016059 0.064969 0.007292 0.027778
0 0.014714 0.065432 0.007552 0.027778
0 0.013368 0.065895 0.007292 0.027778
0 0.012023 0.066358 0.007552 0.027778
0 0.010807 0.066667 0.007552 0.027778
0 0.009592 0.067593 0.007552 0.027778
0 0.009071 0.068056 0.007552 0.027778
0 0.008767 0.068519 0.007292 0.027778
0 0.008247 0.069059 0.007292 0.027315
0 0.007899 0.069522 0.007118 0.027315
0 0.007378 0.070216 0.007118 0.026852
0 0.007031 0.070679 0.006771 0.026852
0 0.006554 0.071296 0.006858 0.026543
0 0.006163 0.071682 0.006597 0.026389
0 0.005729 0.072377 0.006597 0.025926
0 0.005339 0.072762 0.006337 0.026080
