0 0.175043 0.288657 0.005642 0.030710
0 0.175043 0.288657 0.005642 0.030710
0 0.175043 0.288657 0.005642 0.030710
0 0.175043 0.288657 0.005642 0.030710
0 0.175043 0.288657 0.005642 0.030710
0 0.175043 0.288657 0.005642 0.030710
0 0.175043 0.288657 0.005642 0.030710
0 0.175043 0.288657 0.005642 0.030710
0 0.175043 0.288657 0.005642 0.030710
0 0.175043 0.288657 0.005642 0.030710
0 0.175043 0.288657 0.005642 0.030710
0 0.175043 0.288657 0.005642 0.030710
0 0.175043 0.288657 0.005642 0.030710
0 0.175043 0.288657 0.005642 0.030710
0 0.175043 0.288657 0.005642 0.030710
0 0.175043 0.288657 0.005642 0.030710
0 0.175043 0.288657 0.005642 0.030710
0 0.175043 0.288657 0.005642 0.030710
0 0.175043 0.288657 0.005642 0.030710
0 0.175043 0.288657 0.005642 0.030710
0 0.175043 0.288657 0.005642 0.030710
0 0.175043 0.288657 0.005642 0.030710
