0 0.188672 0.058256 0.002691 0.008179
0 0.188932 0.058256 0.002691 0.008179
0 0.189453 0.058256 0.002691 0.008179
0 0.189931 0.058256 0.002604 0.008179
0 0.190408 0.058256 0.002691 0.008179
0 0.190929 0.058719 0.002691 0.008179
0 0.191233 0.058719 0.002431 0.008179
0 0.191753 0.058719 0.002431 0.008179
0 0.192274 0.058719 0.002431 0.008179
0 0.192708 0.058719 0.002431 0.008179
0 0.193229 0.059182 0.002431 0.008179
0 0.193707 0.059182 0.002517 0.008179
0 0.194444 0.059182 0.002431 0.008179
0 0.195139 0.059182 0.002431 0.008179
0 0.195660 0.059182 0.002431 0.008179
0 0.196398 0.059182 0.002517 0.008179
0 0.197135 0.059182 0.002431 0.008179
0 0.197613 0.059182 0.002517 0.008179
0 0.198351 0.059182 0.002431 0.008179
0 0.199045 0.059182 0.002431 0.008179
0 0.199826 0.059182 0.002431 0.008179
0 0.200087 0.059182 0.002431 0.008179
0 0.200521 0.059182 0.002431 0.008179
0 0.201042 0.059182 0.002431 0.008179
0 0.201302 0.059182 0.002431 0.008179
0 0.201736 0.059182 0.002431 0.008179
0 0.202257 0.059182 0.002431 0.008179
0 0.202517 0.059182 0.002431 0.008179
0 0.202951 0.059182 0.002431 0.008179
0 0.203472 0.059182 0.002431 0.008179
0 0.203993 0.059182 0.002431 0.008179
0 0.204167 0.059182 0.002431 0.008179
0 0.204687 0.059182 0.002431 0.008179
0 0.204948 0.059182 0.002431 0.008179
0 0.205425 0.059568 0.002517 0.008333
0 0.205642 0.059568 0.002431 0.008333
0 0.206163 0.059568 0.002431 0.008333
0 0.206424 0.060031 0.002431 0.008333
0 0.206858 0.060031 0.002431 0.008333
0 0.207118 0.060031 0.002431 0.008333
0 0.207639 0.060417 0.002431 0.008179
0 0.207899 0.060031 0.002431 0.008333
0 0.208333 0.060031 0.002431 0.008333
0 0.208594 0.060031 0.002431 0.008333
0 0.209115 0.060031 0.002431 0.008333
0 0.209418 0.060031 0.002691 0.008333
0 0.209809 0.059568 0.002431 0.008333
0 0.210200 0.059568 0.002691 0.008333
0 0.210547 0.059568 0.002517 0.008333
0 0.210894 0.059568 0.002691 0.008333
0 0.211415 0.059568 0.002691 0.008333
0 0.211675 0.059568 0.002691 0.008333
0 0.211892 0.059568 0.002604 0.008333
0 0.212109 0.059568 0.002691 0.008333
0 0.212370 0.059799 0.002691 0.007870
0 0.212891 0.060031 0.002691 0.008333
0 0.213108 0.060031 0.002604 0.008333
0 0.213325 0.060262 0.002691 0.007870
0 0.213585 0.060262 0.002691 0.007870
0 0.213845 0.060262 0.002691 0.007870
0 0.214366 0.060648 0.002691 0.007716
0 0.214540 0.060262 0.002691 0.007870
0 0.214800 0.060262 0.002691 0.007870
0 0.215061 0.060262 0.002691 0.007870
0 0.215582 0.060262 0.002691 0.007870
0 0.215755 0.060262 0.002691 0.007870
0 0.216016 0.060031 0.002691 0.008333
0 0.216536 0.060031 0.002691 0.008333
0 0.216797 0.060031 0.002691 0.008333
0 0.217014 0.060031 0.002604 0.008333
0 0.217491 0.060031 0.002691 0.008333
0 0.217752 0.060031 0.002691 0.008333
0 0.218012 0.060031 0.002691 0.008333
0 0.218273 0.060031 0.002691 0.008333
0 0.218446 0.060031 0.002691 0.008333
0 0.218707 0.060031 0.002691 0.008333
0 0.218967 0.060031 0.002691 0.008333
0 0.219227 0.060031 0.002691 0.008333
0 0.219488 0.060031 0.002691 0.008333
0 0.219661 0.060031 0.002691 0.008333
0 0.220182 0.060031 0.002691 0.008333
0 0.220443 0.060031 0.002691 0.008333
0 0.220703 0.060031 0.002691 0.008333
0 0.220920 0.060031 0.002604 0.008333
0 0.221137 0.060031 0.002691 0.008333
0 0.221398 0.060417 0.002691 0.008179
0 0.221658 0.060417 0.002691 0.008179
0 0.221918 0.060417 0.002691 0.008179
0 0.222135 0.060417 0.002604 0.008179
0 0.222352 0.060417 0.002691 0.008179
0 0.222613 0.060880 0.002691 0.008179
0 0.222743 0.060648 0.002431 0.007716
0 0.223003 0.060648 0.002431 0.007716
0 0.223264 0.060648 0.002431 0.007716
0 0.223481 0.060648 0.002517 0.007716
0 0.223698 0.060648 0.002431 0.007716
0 0.223958 0.060648 0.002431 0.007716
0 0.224219 0.060648 0.002431 0.007716
0 0.224479 0.060648 0.002431 0.007716
0 0.224696 0.060648 0.002517 0.007716
0 0.225043 0.060648 0.002170 0.007716
0 0.225174 0.060494 0.002431 0.007407
0 0.225434 0.060494 0.002431 0.007407
0 0.225694 0.060494 0.002431 0.007407
0 0.225825 0.060494 0.002691 0.007407
0 0.226172 0.060494 0.002865 0.007407
0 0.226389 0.060494 0.002951 0.007407
0 0.226519 0.060494 0.003212 0.007407
0 0.226780 0.060494 0.003212 0.007407
0 0.227040 0.060494 0.003212 0.007407
0 0.227387 0.060494 0.003385 0.007407
0 0.227648 0.060494 0.003385 0.007407
0 0.227865 0.060494 0.003472 0.007407
0 0.228125 0.060494 0.003472 0.007407
0 0.228602 0.060725 0.003385 0.006944
0 0.228863 0.060725 0.003385 0.006944
0 0.229080 0.060725 0.003472 0.006944
0 0.229557 0.060880 0.003385 0.006636
0 0.229818 0.060880 0.003385 0.006636
0 0.230078 0.060880 0.003385 0.006636
0 0.230556 0.061265 0.003472 0.006481
0 0.230556 0.060880 0.003472 0.006636
0 0.230816 0.060880 0.003472 0.006636
0 0.230816 0.060880 0.003472 0.006636
0 0.231033 0.060880 0.003385 0.006636
0 0.231293 0.060880 0.003385 0.006636
0 0.231293 0.060880 0.003385 0.006636
0 0.231554 0.060880 0.003385 0.006636
0 0.231554 0.060880 0.003385 0.006636
0 0.231771 0.060880 0.003472 0.006636
0 0.232031 0.060880 0.003472 0.006636
0 0.232248 0.060725 0.003385 0.006944
0 0.232509 0.060725 0.003385 0.006944
0 0.232769 0.060725 0.003385 0.006944
0 0.232986 0.060725 0.003472 0.006944
0 0.233247 0.060880 0.003472 0.007253
0 0.233464 0.060880 0.003385 0.007253
0 0.233724 0.060880 0.003385 0.007253
0 0.233984 0.060880 0.003385 0.007253
0 0.234245 0.060880 0.003385 0.007253
0 0.234679 0.061111 0.003385 0.007716
0 0.234679 0.061111 0.003385 0.007716
0 0.234939 0.061111 0.003385 0.007716
0 0.235200 0.061111 0.003385 0.007716
0 0.235330 0.061111 0.003125 0.007716
0 0.235547 0.061111 0.003212 0.007716
0 0.235677 0.061111 0.003472 0.007716
0 0.235807 0.061111 0.003212 0.007716
0 0.236068 0.061111 0.003212 0.007716
0 0.236285 0.061111 0.003125 0.007716
0 0.236545 0.061497 0.003125 0.007870
0 0.237023 0.061497 0.003212 0.007870
0 0.237760 0.061497 0.003125 0.007870
0 0.238498 0.061497 0.003212 0.007870
0 0.239236 0.061497 0.003125 0.007870
0 0.239974 0.061497 0.003212 0.007870
0 0.240582 0.061497 0.003385 0.007870
0 0.241276 0.061497 0.003385 0.007870
0 0.242014 0.061497 0.003472 0.007870
0 0.242752 0.061497 0.003385 0.007870
0 0.243490 0.061960 0.003472 0.007870
0 0.244488 0.061960 0.003385 0.007870
0 0.245443 0.062191 0.003385 0.007407
0 0.246398 0.062191 0.003385 0.007407
0 0.247396 0.062654 0.003472 0.007407
0 0.248611 0.062654 0.003472 0.007407
0 0.249609 0.062886 0.003385 0.006944
0 0.250564 0.063040 0.003385 0.007253
0 0.251519 0.063194 0.003385 0.006944
0 0.252517 0.063194 0.003472 0.006944
0 0.253733 0.063657 0.003472 0.006944
0 0.254470 0.063657 0.003385 0.006944
0 0.255208 0.063657 0.003472 0.006944
0 0.255946 0.063657 0.003385 0.006944
0 0.256771 0.063657 0.003646 0.006944
0 0.257552 0.063657 0.003646 0.006944
0 0.258377 0.063657 0.003385 0.006944
0 0.259115 0.063657 0.003472 0.006944
0 0.259983 0.063657 0.003646 0.006944
0 0.260677 0.063657 0.003646 0.006944
0 0.261458 0.063657 0.003646 0.006944
