0 0.070226 0.168287 0.008333 0.025154
0 0.070486 0.168287 0.008333 0.025154
0 0.070747 0.168750 0.008333 0.025154
0 0.070964 0.168904 0.008247 0.024846
0 0.071311 0.169290 0.008073 0.024691
0 0.071571 0.169753 0.008073 0.024691
0 0.071832 0.169753 0.008073 0.024691
0 0.072222 0.170216 0.007812 0.024691
0 0.072396 0.170448 0.007812 0.024228
0 0.072656 0.170833 0.007812 0.024383
0 0.073177 0.171296 0.007812 0.024383
0 0.073437 0.171451 0.007812 0.024691
0 0.073741 0.171914 0.007552 0.024691
0 0.074262 0.172377 0.007552 0.024691
0 0.074523 0.172840 0.007552 0.024691
0 0.074957 0.173225 0.007552 0.024846
0 0.075347 0.173611 0.007292 0.024691
0 0.075608 0.174074 0.007292 0.024691
0 0.076085 0.174537 0.007378 0.024691
0 0.076476 0.175000 0.007118 0.024691
0 0.076953 0.175386 0.007031 0.024846
0 0.077170 0.175386 0.007118 0.024846
0 0.077691 0.175849 0.007118 0.024846
0 0.077908 0.176235 0.007031 0.024691
0 0.078429 0.176698 0.007031 0.024691
0 0.078776 0.177160 0.006858 0.024691
0 0.079123 0.177160 0.007031 0.024691
0 0.079514 0.177623 0.006771 0.024691
0 0.079861 0.178009 0.007118 0.024846
0 0.080252 0.178395 0.006858 0.024691
0 0.080729 0.178858 0.006771 0.024691
0 0.080946 0.179321 0.006858 0.024691
0 0.081207 0.179784 0.006858 0.024691
0 0.081467 0.180170 0.006858 0.024846
0 0.081727 0.180556 0.006858 0.024691
0 0.082161 0.181481 0.006858 0.024691
0 0.082422 0.181944 0.006858 0.024691
0 0.082682 0.182330 0.006858 0.024846
0 0.082943 0.182793 0.006858 0.024846
0 0.083160 0.183179 0.006771 0.024691
0 0.083637 0.184105 0.006858 0.024691
0 0.083550 0.184568 0.007031 0.024691
0 0.083681 0.184954 0.007292 0.024846
0 0.083681 0.185340 0.007292 0.024691
0 0.083811 0.185802 0.007552 0.024691
0 0.083811 0.186265 0.007552 0.024691
0 0.083941 0.186728 0.007812 0.024691
0 0.083941 0.187114 0.007812 0.024846
0 0.084028 0.187500 0.007986 0.024691
0 0.084028 0.187963 0.007986 0.024691
0 0.084158 0.188657 0.008247 0.025154
0 0.084158 0.189120 0.008247 0.025154
0 0.084375 0.189892 0.008333 0.025154
0 0.084635 0.190355 0.008333 0.025154
0 0.084635 0.191281 0.008333 0.025154
0 0.084896 0.191898 0.008333 0.024846
0 0.085113 0.192515 0.008247 0.025154
0 0.085113 0.193210 0.008247 0.024691
0 0.085373 0.193904 0.008247 0.025154
0 0.085590 0.194444 0.008333 0.024691
0 0.085851 0.195370 0.008333 0.024691
0 0.085720 0.196065 0.008073 0.025154
0 0.085720 0.196605 0.008073 0.025617
0 0.085720 0.197299 0.008073 0.026080
0 0.085720 0.197994 0.008073 0.026543
0 0.085720 0.198843 0.008073 0.026389
0 0.085720 0.199460 0.008073 0.027006
0 0.085720 0.200077 0.008073 0.027315
0 0.085720 0.200772 0.008073 0.027778
0 0.085720 0.201466 0.008073 0.028241
0 0.085720 0.202315 0.008073 0.028086
0 0.085460 0.203164 0.008073 0.028241
0 0.085243 0.204012 0.007986 0.028086
0 0.085026 0.204861 0.008073 0.028241
0 0.084766 0.206250 0.008073 0.028241
0 0.084505 0.207022 0.008073 0.028241
0 0.084245 0.207948 0.008073 0.028241
0 0.084028 0.209259 0.007986 0.028086
0 0.083811 0.210108 0.008073 0.028241
0 0.083550 0.210957 0.008073 0.028086
0 0.083420 0.212269 0.007812 0.028241
0 0.083550 0.212731 0.008073 0.028241
0 0.083681 0.213580 0.008333 0.028086
0 0.083767 0.214198 0.008507 0.027778
0 0.084028 0.214892 0.009028 0.028241
0 0.084158 0.215586 0.009288 0.027778
0 0.084288 0.216358 0.009549 0.027778
0 0.084505 0.216821 0.009983 0.027778
0 0.084635 0.217747 0.010243 0.027778
0 0.084766 0.218287 0.010503 0.027315
0 0.085113 0.219213 0.010677 0.027315
0 0.085373 0.219676 0.010677 0.027315
0 0.085720 0.220370 0.010503 0.027778
0 0.086111 0.221142 0.010243 0.027778
0 0.086372 0.221605 0.010243 0.027778
0 0.086675 0.222531 0.009983 0.027778
0 0.087066 0.223071 0.009722 0.028241
0 0.087326 0.223534 0.009722 0.028241
0 0.087674 0.224460 0.009549 0.028241
0 0.088064 0.225077 0.009288 0.028549
0 0.088542 0.225926 0.009201 0.028704
0 0.088628 0.226543 0.009028 0.029012
0 0.089019 0.227469 0.008767 0.029012
0 0.089280 0.228318 0.008767 0.029167
0 0.089627 0.228935 0.008594 0.029475
0 0.089887 0.230093 0.008594 0.029938
0 0.090234 0.230864 0.008247 0.029938
0 0.090495 0.231559 0.008247 0.030401
0 0.090842 0.232485 0.008073 0.030401
0 0.091102 0.233256 0.008073 0.030401
0 0.091493 0.234414 0.007812 0.030864
0 0.091840 0.235108 0.007986 0.030401
0 0.092318 0.235648 0.008073 0.029938
0 0.092708 0.236574 0.008333 0.029938
0 0.093186 0.237269 0.008247 0.029475
0 0.093663 0.238040 0.008333 0.029475
0 0.094010 0.238735 0.008507 0.029012
0 0.094531 0.239352 0.008507 0.028704
0 0.094878 0.240278 0.008854 0.028704
0 0.095356 0.240895 0.008767 0.028086
0 0.095877 0.241744 0.008767 0.028241
0 0.096441 0.242207 0.009028 0.028241
0 0.097352 0.243056 0.009288 0.028086
0 0.098177 0.243750 0.009549 0.028549
0 0.098785 0.244599 0.009722 0.028704
0 0.099609 0.245216 0.009983 0.029012
0 0.100521 0.245910 0.010243 0.028549
0 0.101085 0.246528 0.010503 0.029167
0 0.101953 0.247377 0.010677 0.029012
0 0.102821 0.248071 0.011024 0.029475
0 0.103689 0.248997 0.011198 0.029475
0 0.104036 0.249151 0.011024 0.029167
0 0.104644 0.249537 0.010677 0.029012
0 0.105122 0.250231 0.010764 0.028549
0 0.105773 0.250694 0.010503 0.028549
0 0.106207 0.251312 0.010503 0.028241
0 0.106858 0.251775 0.010243 0.028241
0 0.107292 0.252238 0.010243 0.028241
0 0.107943 0.252778 0.009983 0.027778
0 0.108420 0.253241 0.010069 0.027778
0 0.109028 0.253935 0.009722 0.027315
0 0.109288 0.254630 0.009722 0.027778
0 0.109505 0.255401 0.009809 0.027778
0 0.109766 0.256096 0.009809 0.028241
0 0.110156 0.256944 0.009549 0.028086
0 0.110503 0.257870 0.009722 0.029012
0 0.110764 0.258719 0.009722 0.029167
0 0.111111 0.259336 0.009549 0.029475
0 0.111372 0.260262 0.009549 0.029475
0 0.111589 0.260802 0.009462 0.029938
0 0.112066 0.261960 0.009549 0.030401
0 0.112066 0.261960 0.009549 0.030401
0 0.112326 0.262423 0.009549 0.030401
0 0.112326 0.262809 0.009549 0.030247
0 0.112587 0.263194 0.009549 0.030401
0 0.112804 0.263657 0.009462 0.030401
0 0.112804 0.263889 0.009462 0.029938
0 0.113064 0.264352 0.009462 0.029938
0 0.113064 0.264815 0.009462 0.029938
0 0.113281 0.265201 0.009549 0.029784
0 0.113542 0.265586 0.009549 0.029938
0 0.113932 0.265586 0.009809 0.029938
0 0.114280 0.265818 0.009983 0.029475
0 0.114800 0.266049 0.009983 0.029938
0 0.115234 0.266281 0.010503 0.029475
0 0.115755 0.266744 0.010503 0.029475
0 0.116102 0.266744 0.010677 0.029475
0 0.116623 0.266975 0.011198 0.029012
0 0.117057 0.267207 0.011198 0.029475
0 0.117448 0.267361 0.011458 0.029167
0 0.118099 0.267824 0.011719 0.029167
0 0.118273 0.267361 0.011719 0.029167
0 0.118663 0.267361 0.011458 0.029167
0 0.118924 0.267207 0.011458 0.029475
0 0.119271 0.267207 0.011285 0.029475
0 0.119661 0.267207 0.011024 0.029475
0 0.120009 0.266744 0.011198 0.029475
0 0.120399 0.266744 0.010937 0.029475
0 0.120747 0.266744 0.010764 0.029475
0 0.121007 0.266512 0.010764 0.029938
0 0.121354 0.266512 0.010417 0.029938
