0 0.092925 0.215741 0.007378 0.015123
0 0.092925 0.215278 0.007378 0.015123
0 0.093186 0.214892 0.007378 0.015278
0 0.093403 0.214429 0.007292 0.015278
0 0.093663 0.214043 0.007292 0.015123
0 0.093924 0.213580 0.007292 0.015123
0 0.094141 0.213117 0.007378 0.015123
0 0.094401 0.212731 0.007378 0.015278
0 0.094618 0.212269 0.007292 0.015278
0 0.094878 0.211883 0.007292 0.015123
0 0.095139 0.211651 0.007292 0.015586
0 0.095833 0.210262 0.007292 0.015586
0 0.096615 0.209028 0.007292 0.015586
0 0.097309 0.208102 0.007292 0.015586
0 0.098307 0.206867 0.007378 0.015586
0 0.099045 0.205941 0.007292 0.015586
0 0.099740 0.204707 0.007292 0.015586
0 0.100738 0.203395 0.007378 0.015741
0 0.101476 0.202546 0.007292 0.015586
0 0.102214 0.201157 0.007378 0.015586
0 0.103168 0.200386 0.007378 0.015586
0 0.103646 0.199460 0.007292 0.015586
0 0.104167 0.198611 0.007292 0.015741
0 0.104644 0.197762 0.007378 0.015586
0 0.105382 0.196836 0.007292 0.015586
0 0.105859 0.196451 0.007378 0.015741
0 0.106337 0.195602 0.007292 0.015586
0 0.107075 0.194676 0.007378 0.015586
0 0.107552 0.193827 0.007292 0.015741
0 0.108073 0.192978 0.007292 0.015586
0 0.108767 0.192515 0.007292 0.015586
0 0.108767 0.192052 0.007292 0.015586
0 0.109028 0.192052 0.007292 0.015586
0 0.109028 0.191667 0.007292 0.015741
0 0.109288 0.191667 0.007292 0.015741
0 0.109288 0.191281 0.007292 0.015586
0 0.109549 0.191281 0.007292 0.015586
0 0.109549 0.190818 0.007292 0.015586
0 0.109766 0.190818 0.007378 0.015586
0 0.109766 0.190355 0.007378 0.015586
0 0.109983 0.190355 0.007292 0.015586
0 0.109983 0.189738 0.007292 0.015278
0 0.109983 0.189275 0.007292 0.015278
0 0.110113 0.188657 0.007031 0.014660
0 0.110113 0.188194 0.007031 0.014660
0 0.110373 0.188040 0.007031 0.014352
0 0.110373 0.187346 0.007031 0.013889
0 0.110373 0.186883 0.007031 0.013889
0 0.110503 0.186188 0.006771 0.013426
0 0.110503 0.185802 0.006771 0.013580
0 0.110720 0.185571 0.006858 0.013117
0 0.110720 0.185185 0.006858 0.012963
0 0.110720 0.184722 0.006858 0.012963
0 0.110720 0.184259 0.006858 0.012963
0 0.110720 0.183873 0.006858 0.013117
0 0.110981 0.183873 0.006858 0.013117
0 0.110981 0.183410 0.006858 0.013117
0 0.110981 0.183025 0.006858 0.012963
0 0.110981 0.182562 0.006858 0.012963
0 0.110981 0.182099 0.006858 0.012963
0 0.111241 0.182099 0.006858 0.012963
0 0.111241 0.181713 0.006858 0.013117
0 0.111241 0.181250 0.006858 0.013117
0 0.111241 0.180864 0.006858 0.012963
0 0.111241 0.180401 0.006858 0.012963
0 0.111241 0.179938 0.006858 0.012963
0 0.111241 0.179475 0.006858 0.012963
0 0.111241 0.179090 0.006858 0.013117
0 0.111241 0.178704 0.006858 0.012963
0 0.111241 0.178241 0.006858 0.012963
0 0.111241 0.178241 0.006858 0.012963
0 0.111111 0.177778 0.007118 0.012963
0 0.110981 0.177315 0.007378 0.012963
0 0.110981 0.177315 0.007378 0.012963
0 0.110894 0.176929 0.007552 0.013117
0 0.110894 0.176929 0.007552 0.013117
0 0.110764 0.176466 0.007812 0.013117
0 0.110634 0.176080 0.008073 0.012963
0 0.110634 0.176080 0.008073 0.012963
0 0.110503 0.175617 0.008333 0.012963
0 0.110503 0.175617 0.008333 0.012963
0 0.110503 0.174769 0.008333 0.013117
0 0.110503 0.174306 0.008333 0.013117
0 0.110634 0.173457 0.008073 0.012963
0 0.110764 0.172994 0.008333 0.012963
0 0.110894 0.172377 0.008073 0.012654
0 0.110894 0.171759 0.008073 0.012963
0 0.110981 0.171065 0.008247 0.012500
0 0.111111 0.170370 0.007986 0.012963
0 0.111111 0.169753 0.007986 0.012654
0 0.111328 0.169290 0.008073 0.012654
0 0.111328 0.168441 0.008073 0.012500
0 0.111589 0.167593 0.008073 0.012654
0 0.111589 0.166744 0.008073 0.012500
0 0.111849 0.166049 0.008073 0.012963
0 0.112109 0.165432 0.008073 0.012654
0 0.112109 0.164583 0.008073 0.012500
0 0.112326 0.163889 0.007986 0.012963
0 0.112326 0.163040 0.007986 0.013117
0 0.112543 0.162191 0.008073 0.012963
0 0.112804 0.161728 0.008073 0.012963
0 0.113064 0.160417 0.008073 0.013117
0 0.113325 0.159568 0.008073 0.012963
0 0.113542 0.158719 0.007986 0.013117
0 0.113802 0.157870 0.007986 0.012963
0 0.114280 0.156944 0.008073 0.012963
0 0.114540 0.156096 0.008073 0.013117
0 0.114800 0.155247 0.008073 0.012963
0 0.115017 0.154321 0.007986 0.012963
0 0.115234 0.153472 0.008073 0.013117
0 0.115755 0.152623 0.008073 0.012963
0 0.116016 0.151775 0.008073 0.013117
0 0.116233 0.150926 0.007986 0.012963
0 0.116450 0.150000 0.008073 0.012963
0 0.116710 0.149614 0.008073 0.013117
0 0.117101 0.148765 0.008333 0.012963
0 0.117318 0.147840 0.008247 0.012963
0 0.117578 0.147377 0.008247 0.012963
0 0.117795 0.146528 0.008333 0.013117
0 0.118056 0.145679 0.008333 0.012963
0 0.118533 0.145216 0.008247 0.012963
0 0.118533 0.144367 0.008247 0.013117
0 0.118793 0.143981 0.008247 0.012963
0 0.119054 0.143056 0.008247 0.012963
0 0.119141 0.142670 0.008073 0.013117
0 0.119401 0.141821 0.008073 0.012963
0 0.119531 0.141358 0.008333 0.012963
0 0.119661 0.140432 0.008073 0.012963
0 0.119922 0.140046 0.008073 0.013117
0 0.120139 0.139198 0.007986 0.012963
0 0.120356 0.138735 0.008073 0.012963
0 0.120877 0.137423 0.008073 0.013117
0 0.121354 0.136574 0.007986 0.012963
0 0.121832 0.135725 0.008073 0.013117
0 0.122352 0.134877 0.008073 0.012963
0 0.122830 0.133951 0.007986 0.012963
0 0.123307 0.132716 0.008073 0.012963
0 0.123828 0.131790 0.008073 0.012963
0 0.124262 0.130941 0.008073 0.013117
0 0.124783 0.130093 0.008073 0.012963
0 0.125260 0.129167 0.007986 0.012963
0 0.126259 0.127932 0.008073 0.012963
0 0.127474 0.126620 0.008073 0.013117
0 0.128429 0.125309 0.008073 0.012963
0 0.129644 0.124383 0.008073 0.012963
0 0.130859 0.123148 0.008073 0.012963
0 0.131858 0.121836 0.007986 0.013117
0 0.133073 0.120988 0.007986 0.012963
0 0.134071 0.119676 0.008073 0.013117
0 0.135286 0.118364 0.008073 0.012963
0 0.136502 0.117438 0.008073 0.012963
0 0.138932 0.116204 0.008073 0.012963
0 0.141623 0.114892 0.008073 0.013117
0 0.144314 0.113580 0.008073 0.012963
0 0.147005 0.112269 0.008073 0.013117
0 0.149696 0.111420 0.008073 0.012963
0 0.152127 0.110108 0.008073 0.013117
0 0.154818 0.108796 0.008073 0.012963
0 0.157465 0.107485 0.007986 0.013117
0 0.160156 0.106173 0.007986 0.012963
0 0.162847 0.105324 0.007986 0.013117
0 0.164280 0.104938 0.008073 0.012963
0 0.165755 0.104475 0.008073 0.012963
0 0.167361 0.104012 0.008333 0.012963
0 0.168967 0.103627 0.008073 0.013117
0 0.170530 0.103164 0.008247 0.013117
0 0.172005 0.102778 0.008247 0.012963
0 0.173568 0.102315 0.008073 0.012963
0 0.175174 0.101852 0.008333 0.012963
0 0.176649 0.101389 0.008333 0.012963
0 0.178342 0.101389 0.008247 0.012963
0 0.178342 0.101003 0.008247 0.013117
0 0.178342 0.101003 0.008247 0.013117
0 0.178342 0.101003 0.008247 0.013117
0 0.178342 0.100617 0.008247 0.012963
0 0.178342 0.100617 0.008247 0.012963
0 0.178342 0.100617 0.008247 0.012963
0 0.178342 0.100154 0.008247 0.012963
0 0.178342 0.100154 0.008247 0.012963
0 0.178342 0.100154 0.008247 0.012963
0 0.178342 0.100154 0.008247 0.012963
