0 0.133941 0.087346 0.004861 0.017901
0 0.133941 0.087346 0.004861 0.017901
0 0.133941 0.087346 0.004861 0.017901
0 0.133941 0.087346 0.004861 0.017901
0 0.133941 0.087346 0.004861 0.017901
0 0.133941 0.087346 0.004861 0.017901
0 0.133941 0.087346 0.004861 0.017901
0 0.133941 0.087346 0.004861 0.017901
0 0.133941 0.087346 0.004861 0.017901
0 0.133941 0.087346 0.004861 0.017901
0 0.133941 0.087346 0.004861 0.017901
0 0.133941 0.087346 0.004861 0.017901
0 0.133941 0.087346 0.004861 0.017901
0 0.133941 0.087346 0.004861 0.017901
0 0.133941 0.087346 0.004861 0.017901
0 0.133941 0.087346 0.004861 0.017901
0 0.133941 0.087346 0.004861 0.017901
0 0.133941 0.087346 0.004861 0.017901
0 0.133941 0.087346 0.004861 0.017901
0 0.133941 0.087346 0.004861 0.017901
0 0.133941 0.087346 0.004861 0.017901
0 0.133941 0.087346 0.004861 0.017901
0 0.133941 0.087346 0.004861 0.017901
0 0.133941 0.087346 0.004861 0.017901
0 0.133941 0.087346 0.004861 0.017901
0 0.133941 0.087346 0.004861 0.017901
0 0.133941 0.087346 0.004861 0.017901
0 0.133941 0.087346 0.004861 0.017901
0 0.133941 0.087346 0.004861 0.017901
0 0.133941 0.087346 0.004861 0.017901
0 0.133941 0.087346 0.004861 0.017901
0 0.133941 0.087346 0.004861 0.017901
0 0.134201 0.087731 0.004861 0.017747
0 0.134418 0.087731 0.004948 0.017747
0 0.134635 0.088194 0.004861 0.017747
0 0.134896 0.088194 0.004861 0.017747
0 0.134896 0.088657 0.004861 0.017747
0 0.135156 0.088657 0.004861 0.017747
0 0.135417 0.089120 0.004861 0.017747
0 0.135634 0.089120 0.004948 0.017747
0 0.135851 0.089506 0.004861 0.017901
0 0.135851 0.089506 0.004861 0.017901
0 0.135851 0.089506 0.004861 0.017901
0 0.135851 0.089506 0.004861 0.017901
0 0.135851 0.089892 0.004861 0.017747
0 0.136111 0.089892 0.004861 0.017747
0 0.136111 0.089892 0.004861 0.017747
0 0.136111 0.090355 0.004861 0.017747
0 0.136111 0.090355 0.004861 0.017747
0 0.136111 0.090355 0.004861 0.017747
0 0.136372 0.090818 0.004861 0.017747
0 0.136632 0.090355 0.004861 0.017747
0 0.136849 0.090355 0.004948 0.017747
0 0.137066 0.090355 0.004861 0.017747
0 0.137326 0.089892 0.004861 0.017747
0 0.137587 0.089892 0.004861 0.017747
0 0.137847 0.089892 0.004861 0.017747
0 0.138064 0.089506 0.004948 0.017901
0 0.138325 0.089506 0.004948 0.017901
0 0.138542 0.089506 0.004861 0.017901
0 0.138802 0.089506 0.004861 0.017901
0 0.138802 0.089506 0.004861 0.017901
0 0.138802 0.089506 0.004861 0.017901
0 0.138802 0.089506 0.004861 0.017901
0 0.138802 0.089892 0.004861 0.017747
0 0.138802 0.089892 0.004861 0.017747
0 0.138802 0.089892 0.004861 0.017747
0 0.138802 0.090355 0.004861 0.017747
0 0.138802 0.090355 0.004861 0.017747
0 0.138802 0.090355 0.004861 0.017747
0 0.139062 0.090818 0.004861 0.017747
0 0.139062 0.090818 0.004861 0.017747
0 0.139323 0.090818 0.004861 0.017747
0 0.139540 0.090818 0.004948 0.017747
0 0.139540 0.090818 0.004948 0.017747
0 0.139757 0.090818 0.004861 0.017747
0 0.140017 0.090818 0.004861 0.017747
0 0.140017 0.090818 0.004861 0.017747
0 0.140278 0.090818 0.004861 0.017747
0 0.140538 0.090818 0.004861 0.017747
0 0.140755 0.090818 0.004948 0.017747
0 0.140755 0.090355 0.004948 0.017747
0 0.140972 0.090355 0.004861 0.017747
0 0.141233 0.090355 0.004861 0.017747
0 0.141493 0.090355 0.004861 0.017747
0 0.141753 0.090355 0.004861 0.017747
0 0.141970 0.089892 0.004948 0.017747
0 0.142187 0.089892 0.004861 0.017747
0 0.142448 0.089892 0.004861 0.017747
0 0.142708 0.089892 0.004861 0.017747
0 0.142969 0.089892 0.004861 0.017747
0 0.142969 0.089892 0.004861 0.017747
0 0.142969 0.089892 0.004861 0.017747
0 0.142969 0.089892 0.004861 0.017747
0 0.142969 0.089892 0.004861 0.017747
0 0.143229 0.089892 0.004861 0.017747
0 0.143229 0.089892 0.004861 0.017747
0 0.143229 0.089892 0.004861 0.017747
0 0.143229 0.089892 0.004861 0.017747
0 0.143229 0.089892 0.004861 0.017747
0 0.143446 0.089892 0.004948 0.017747
0 0.143446 0.089892 0.004948 0.017747
0 0.143446 0.089892 0.004948 0.017747
0 0.143446 0.089892 0.004948 0.017747
0 0.143446 0.089892 0.004948 0.017747
0 0.143446 0.089892 0.004948 0.017747
0 0.143446 0.089892 0.004948 0.017747
0 0.143446 0.089892 0.004948 0.017747
0 0.143446 0.089892 0.004948 0.017747
0 0.143446 0.089892 0.004948 0.017747
0 0.143446 0.089892 0.004948 0.017747
0 0.143229 0.089892 0.004861 0.017747
0 0.142969 0.090355 0.004861 0.017747
0 0.142708 0.090818 0.004861 0.017747
0 0.142708 0.090818 0.004861 0.017747
0 0.142448 0.091281 0.004861 0.017747
0 0.142187 0.091667 0.004861 0.017901
0 0.142187 0.091667 0.004861 0.017901
0 0.141970 0.092052 0.004948 0.017747
0 0.141753 0.092515 0.004861 0.017747
0 0.141753 0.092978 0.004861 0.017747
0 0.141753 0.092978 0.004861 0.017747
0 0.141753 0.092978 0.004861 0.017747
0 0.141753 0.092978 0.004861 0.017747
0 0.141753 0.092978 0.004861 0.017747
0 0.141753 0.092978 0.004861 0.017747
0 0.141753 0.092978 0.004861 0.017747
0 0.141753 0.092978 0.004861 0.017747
0 0.141753 0.092978 0.004861 0.017747
0 0.141753 0.092978 0.004861 0.017747
0 0.141753 0.092978 0.004861 0.017747
0 0.141753 0.092978 0.004861 0.017747
0 0.141753 0.092978 0.004861 0.017747
0 0.141753 0.092978 0.004861 0.017747
0 0.141753 0.092978 0.004861 0.017747
0 0.141753 0.092978 0.004861 0.017747
0 0.141753 0.092978 0.004861 0.017747
0 0.141753 0.092978 0.004861 0.017747
0 0.141753 0.092978 0.004861 0.017747
0 0.141753 0.092978 0.004861 0.017747
0 0.141753 0.092978 0.004861 0.017747
0 0.141753 0.092978 0.004861 0.017747
0 0.141753 0.092978 0.004861 0.017747
0 0.141753 0.092978 0.004861 0.017747
0 0.141753 0.092978 0.004861 0.017747
0 0.141753 0.092978 0.004861 0.017747
0 0.141753 0.092978 0.004861 0.017747
0 0.141753 0.092978 0.004861 0.017747
0 0.141753 0.092978 0.004861 0.017747
0 0.141753 0.092978 0.004861 0.017747
0 0.141753 0.092978 0.004861 0.017747
0 0.141753 0.092978 0.004861 0.017747
0 0.141753 0.092978 0.004861 0.017747
0 0.141753 0.092978 0.004861 0.017747
0 0.141753 0.092978 0.004861 0.017747
0 0.141753 0.092978 0.004861 0.017747
0 0.141753 0.092978 0.004861 0.017747
0 0.141753 0.092978 0.004861 0.017747
0 0.141753 0.092978 0.004861 0.017747
0 0.141753 0.092978 0.004861 0.017747
0 0.141753 0.092978 0.004861 0.017747
0 0.141493 0.092978 0.004861 0.017747
0 0.141493 0.092978 0.004861 0.017747
0 0.141233 0.092978 0.004861 0.017747
0 0.141233 0.092978 0.004861 0.017747
0 0.141233 0.092978 0.004861 0.017747
0 0.140972 0.092978 0.004861 0.017747
0 0.140972 0.092978 0.004861 0.017747
0 0.140755 0.092978 0.004948 0.017747
0 0.140755 0.092978 0.004948 0.017747
0 0.140755 0.092978 0.004948 0.017747
0 0.140538 0.092978 0.004861 0.017747
0 0.140538 0.092978 0.004861 0.017747
0 0.140538 0.092978 0.004861 0.017747
0 0.140538 0.092978 0.004861 0.017747
0 0.140538 0.092978 0.004861 0.017747
0 0.140278 0.093441 0.004861 0.017747
0 0.140278 0.093441 0.004861 0.017747
0 0.140278 0.093441 0.004861 0.017747
0 0.140278 0.093441 0.004861 0.017747
0 0.140278 0.093441 0.004861 0.017747
