0 0.262804 0.096605 0.006337 0.018210
0 0.260937 0.095833 0.006076 0.018210
0 0.259201 0.094907 0.006076 0.018210
0 0.257552 0.094444 0.006076 0.018210
0 0.255816 0.093673 0.006076 0.018210
0 0.254080 0.093210 0.006076 0.018210
0 0.252387 0.092284 0.006163 0.018210
0 0.250694 0.091512 0.006076 0.018210
0 0.248958 0.091049 0.006076 0.018210
0 0.247266 0.090123 0.006163 0.018210
0 0.245573 0.089660 0.006076 0.018210
0 0.243620 0.089352 0.006163 0.018210
0 0.241927 0.088889 0.006076 0.018210
0 0.240061 0.088426 0.006337 0.018210
0 0.238238 0.087963 0.006163 0.018210
0 0.236545 0.087500 0.006076 0.018210
0 0.234679 0.087191 0.006337 0.018210
0 0.232899 0.086728 0.006076 0.018210
0 0.231033 0.086265 0.006337 0.018210
0 0.229340 0.085802 0.006424 0.018210
0 0.227648 0.085340 0.006337 0.018210
0 0.225911 0.084954 0.006337 0.018364
0 0.224175 0.084954 0.006337 0.018364
0 0.222526 0.084568 0.006337 0.018210
0 0.220790 0.084568 0.006337 0.018210
0 0.219054 0.084568 0.006337 0.018210
0 0.217405 0.084105 0.006337 0.018210
0 0.215668 0.084105 0.006337 0.018210
0 0.213932 0.083642 0.006337 0.018210
0 0.212283 0.083642 0.006337 0.018210
0 0.210547 0.083642 0.006337 0.018210
0 0.208941 0.083179 0.006076 0.018210
0 0.207509 0.082948 0.006163 0.017747
0 0.206033 0.082562 0.006163 0.017901
0 0.204687 0.082330 0.005903 0.017438
0 0.203212 0.082176 0.005903 0.017747
0 0.201649 0.081944 0.005556 0.017284
0 0.200304 0.081481 0.005295 0.017284
0 0.198828 0.081250 0.005295 0.016821
0 0.197396 0.080864 0.005382 0.016975
0 0.196050 0.080864 0.005122 0.016975
0 0.194705 0.080864 0.005382 0.016975
0 0.193490 0.080864 0.005382 0.016975
0 0.192274 0.080864 0.005382 0.016975
0 0.191059 0.080864 0.005382 0.016975
0 0.189800 0.081250 0.005295 0.016821
0 0.188585 0.081250 0.005295 0.016821
0 0.187370 0.081250 0.005295 0.016821
0 0.186111 0.081250 0.005382 0.016821
0 0.184896 0.081250 0.005382 0.016821
0 0.183681 0.081713 0.005382 0.016821
0 0.182465 0.081713 0.005382 0.016821
0 0.181250 0.081713 0.005382 0.016821
0 0.180035 0.081713 0.005382 0.016821
0 0.178950 0.081713 0.005122 0.016821
0 0.177734 0.081713 0.005122 0.016821
0 0.176519 0.081713 0.005122 0.016821
0 0.175434 0.081713 0.004861 0.016821
0 0.174219 0.081713 0.004861 0.016821
0 0.172960 0.081713 0.004948 0.016821
0 0.171962 0.081713 0.004861 0.016821
0 0.170747 0.081713 0.004861 0.016821
0 0.169531 0.081713 0.004861 0.016821
0 0.168576 0.081944 0.004861 0.017284
0 0.167361 0.082099 0.004861 0.016975
0 0.166406 0.082330 0.004861 0.017438
0 0.165191 0.082330 0.004861 0.017438
0 0.163932 0.082562 0.004948 0.016975
0 0.162934 0.082793 0.004861 0.017438
0 0.161719 0.082793 0.004861 0.017438
0 0.160764 0.083179 0.004861 0.017284
0 0.159549 0.083179 0.004861 0.017284
0 0.158333 0.083179 0.004861 0.017284
0 0.157118 0.083179 0.004861 0.017284
0 0.156163 0.083179 0.004861 0.017284
0 0.154905 0.083642 0.004948 0.017284
0 0.153689 0.083642 0.004948 0.017284
0 0.152691 0.083642 0.004861 0.017284
0 0.151476 0.083642 0.004861 0.017284
0 0.150260 0.083642 0.004861 0.017284
0 0.149306 0.084105 0.004861 0.017284
0 0.148090 0.084105 0.004861 0.017284
0 0.146875 0.084105 0.004861 0.017284
0 0.145877 0.084491 0.004948 0.017438
0 0.144661 0.084491 0.004948 0.017438
0 0.143663 0.084954 0.004861 0.017438
0 0.142448 0.084954 0.004861 0.017438
0 0.141233 0.084954 0.004861 0.017438
0 0.140278 0.085417 0.004861 0.017438
0 0.139062 0.085417 0.004861 0.017438
0 0.138064 0.085802 0.004948 0.017284
0 0.136632 0.085802 0.004861 0.017284
0 0.135417 0.086265 0.004861 0.017284
0 0.134201 0.086728 0.004861 0.017284
0 0.132943 0.086960 0.004948 0.017747
0 0.131727 0.087346 0.004948 0.017901
0 0.130295 0.087731 0.004861 0.017747
0 0.129036 0.087963 0.004948 0.018210
0 0.127821 0.088426 0.004948 0.018210
0 0.126606 0.088889 0.004948 0.018210
0 0.125391 0.089352 0.004948 0.018210
0 0.123437 0.089660 0.004861 0.018210
0 0.121615 0.090123 0.004687 0.018210
0 0.119792 0.090586 0.004861 0.018210
0 0.117925 0.091512 0.004601 0.018210
0 0.116102 0.091821 0.004948 0.018210
0 0.114280 0.092284 0.004601 0.018210
0 0.112326 0.093210 0.004687 0.018210
0 0.110634 0.093673 0.004601 0.018210
0 0.108681 0.094059 0.004687 0.018364
0 0.106944 0.094907 0.004687 0.018210
0 0.104167 0.095602 0.004861 0.018673
0 0.101476 0.096451 0.004861 0.018519
0 0.098655 0.097299 0.005122 0.018673
0 0.096094 0.098380 0.005382 0.018981
0 0.093403 0.099228 0.005382 0.019136
0 0.090625 0.100154 0.005556 0.019136
0 0.088064 0.101235 0.005816 0.019444
0 0.085243 0.102083 0.006076 0.019599
0 0.082552 0.102932 0.006076 0.019444
0 0.079991 0.104090 0.006337 0.019907
0 0.076823 0.105324 0.006424 0.019907
0 0.073655 0.106636 0.006337 0.020062
0 0.070443 0.108410 0.006337 0.019907
0 0.067318 0.109645 0.006337 0.019907
0 0.064106 0.111420 0.006337 0.020062
0 0.060981 0.112731 0.006337 0.019907
0 0.057769 0.113966 0.006337 0.019907
0 0.054644 0.115741 0.006337 0.020062
0 0.051432 0.117052 0.006337 0.019907
0 0.048394 0.118750 0.006163 0.019907
0 0.044575 0.120910 0.006337 0.019907
0 0.040929 0.123148 0.006337 0.020062
0 0.037413 0.125309 0.006597 0.020062
0 0.033767 0.127469 0.006597 0.020062
0 0.030208 0.129630 0.006771 0.020062
0 0.026562 0.131790 0.006771 0.020062
0 0.022873 0.133951 0.006858 0.020062
0 0.019358 0.136188 0.007118 0.019907
0 0.015712 0.138349 0.007118 0.019907
0 0.012153 0.140895 0.007292 0.020062
0 0.012153 0.140895 0.007292 0.020062
0 0.012153 0.140895 0.007292 0.020062
0 0.012153 0.140895 0.007292 0.020062
0 0.012153 0.140895 0.007292 0.020062
0 0.012153 0.140895 0.007292 0.020062
0 0.012153 0.140895 0.007292 0.020062
0 0.012153 0.140895 0.007292 0.020062
0 0.012153 0.140895 0.007292 0.020062
0 0.012153 0.140895 0.007292 0.020062
0 0.012153 0.140895 0.007292 0.020062
0 0.012153 0.140895 0.007292 0.020062
0 0.012153 0.140895 0.007292 0.020062
0 0.012153 0.140895 0.007292 0.020062
0 0.012153 0.140895 0.007292 0.020062
0 0.012153 0.140895 0.007292 0.020062
0 0.012153 0.140895 0.007292 0.020062
0 0.012153 0.140895 0.007292 0.020062
0 0.012153 0.140895 0.007292 0.020062
0 0.012153 0.140895 0.007292 0.020062
0 0.012153 0.140895 0.007292 0.020062
0 0.012153 0.140895 0.007292 0.020062
0 0.012153 0.140895 0.007292 0.020062
0 0.012153 0.140895 0.007292 0.020062
0 0.012153 0.140895 0.007292 0.020062
0 0.012153 0.140895 0.007292 0.020062
0 0.012153 0.140895 0.007292 0.020062
0 0.012153 0.140895 0.007292 0.020062
0 0.012153 0.140895 0.007292 0.020062
0 0.012153 0.140895 0.007292 0.020062
0 0.012153 0.140895 0.007292 0.020062
0 0.012153 0.140895 0.007292 0.020062
0 0.012153 0.140895 0.007292 0.020062
0 0.012153 0.140895 0.007292 0.020062
0 0.012153 0.140895 0.007292 0.020062
0 0.012153 0.140895 0.007292 0.020062
0 0.012153 0.140895 0.007292 0.020062
0 0.012153 0.140895 0.007292 0.020062
0 0.012153 0.140895 0.007292 0.020062
0 0.012153 0.140895 0.007292 0.020062
0 0.012153 0.140895 0.007292 0.020062
