0 0.242882 0.112269 0.010069 0.025154
0 0.241884 0.111034 0.009983 0.025154
0 0.241189 0.109645 0.009983 0.025154
0 0.240191 0.108410 0.010069 0.025154
0 0.239453 0.107022 0.009983 0.025154
0 0.238498 0.105787 0.009983 0.025154
0 0.237760 0.104475 0.010069 0.025309
0 0.236762 0.103164 0.009983 0.025154
0 0.236068 0.101929 0.009983 0.025154
0 0.235069 0.100540 0.010069 0.025154
0 0.234332 0.099306 0.009983 0.025154
0 0.233507 0.097531 0.009722 0.025309
0 0.232769 0.095988 0.009809 0.025617
0 0.232031 0.094753 0.009722 0.025617
0 0.231293 0.092978 0.009288 0.025463
0 0.230556 0.091667 0.009201 0.025617
0 0.229818 0.090201 0.009288 0.026080
0 0.229123 0.088426 0.008767 0.025926
0 0.228342 0.087114 0.008767 0.026080
0 0.227648 0.085571 0.008767 0.026389
0 0.226997 0.084336 0.008507 0.026389
0 0.226172 0.083025 0.008247 0.026543
0 0.225434 0.081867 0.008333 0.026080
0 0.224696 0.080633 0.008247 0.026080
0 0.223958 0.079475 0.007812 0.025617
0 0.223264 0.078241 0.007812 0.025617
0 0.222483 0.077083 0.007812 0.025154
0 0.221788 0.075849 0.007292 0.025154
0 0.221050 0.074769 0.007378 0.024846
0 0.220312 0.073457 0.007292 0.024691
0 0.219705 0.072531 0.007118 0.024691
0 0.218707 0.071759 0.007031 0.024691
0 0.217969 0.070833 0.007118 0.024691
0 0.217144 0.070216 0.006858 0.024383
0 0.216406 0.069367 0.006771 0.024228
0 0.215668 0.068904 0.006858 0.024228
0 0.214844 0.068056 0.006597 0.024383
0 0.214062 0.067207 0.006597 0.024228
0 0.213238 0.066512 0.006337 0.023765
0 0.212500 0.065664 0.006424 0.023920
0 0.211762 0.065201 0.006337 0.023920
0 0.210807 0.066975 0.006337 0.023765
0 0.209939 0.068904 0.006510 0.024228
0 0.209071 0.070602 0.006337 0.024228
0 0.208247 0.072762 0.006597 0.024228
0 0.207378 0.074537 0.006424 0.024383
0 0.206510 0.076543 0.006597 0.024691
0 0.205556 0.078472 0.006597 0.024228
0 0.204774 0.080401 0.006597 0.024691
0 0.203819 0.082099 0.006597 0.024691
0 0.203125 0.084259 0.006597 0.024691
0 0.202257 0.088426 0.006771 0.024383
0 0.201389 0.092978 0.007118 0.023920
0 0.200521 0.097299 0.007292 0.023920
0 0.199826 0.101852 0.007292 0.023457
0 0.198958 0.106404 0.007639 0.022994
0 0.198090 0.110725 0.007812 0.022994
0 0.197396 0.115278 0.007812 0.022531
0 0.196484 0.119599 0.008073 0.022531
0 0.195660 0.124228 0.008333 0.022222
0 0.195052 0.128781 0.008507 0.021759
0 0.194097 0.128318 0.008507 0.021759
0 0.193359 0.127932 0.008594 0.021605
0 0.192622 0.127469 0.008507 0.021605
0 0.191884 0.127469 0.008594 0.021605
0 0.191146 0.127006 0.008507 0.021605
0 0.190191 0.126620 0.008507 0.021759
0 0.189453 0.126620 0.008594 0.021759
0 0.188715 0.126157 0.008507 0.021759
0 0.187977 0.125694 0.008594 0.021759
0 0.187240 0.125694 0.008507 0.021759
0 0.186415 0.126157 0.008767 0.021759
0 0.185634 0.126620 0.008767 0.021759
0 0.184809 0.127006 0.009028 0.021605
0 0.184071 0.127469 0.009115 0.021605
0 0.183464 0.127932 0.009288 0.021605
0 0.182595 0.128318 0.009462 0.021759
0 0.181858 0.128781 0.009549 0.021759
0 0.181033 0.129167 0.009809 0.021605
0 0.180295 0.129630 0.009722 0.021605
0 0.179688 0.130478 0.010069 0.021759
0 0.178950 0.130710 0.009983 0.022222
0 0.178342 0.131173 0.009809 0.022222
0 0.177604 0.131559 0.009722 0.022068
0 0.176997 0.131790 0.009549 0.022531
0 0.176389 0.132253 0.009201 0.022531
0 0.175651 0.132716 0.009288 0.022531
0 0.175000 0.132948 0.009028 0.022994
0 0.174306 0.133256 0.009028 0.022994
0 0.173698 0.133719 0.008854 0.022994
0 0.173090 0.134414 0.008507 0.023457
0 0.172135 0.133951 0.008507 0.023457
0 0.171267 0.133951 0.008854 0.023457
0 0.170530 0.133719 0.008767 0.022994
0 0.169575 0.133719 0.008767 0.022994
0 0.168793 0.133719 0.008767 0.022994
0 0.167969 0.133256 0.009028 0.022994
0 0.167014 0.133256 0.009028 0.022994
0 0.166233 0.133102 0.009028 0.022685
0 0.165408 0.133102 0.009288 0.022685
0 0.164670 0.133102 0.009201 0.022685
0 0.164062 0.132716 0.009028 0.022531
0 0.163672 0.132716 0.008767 0.022531
0 0.163238 0.132485 0.008767 0.022068
0 0.162717 0.132485 0.008247 0.022068
0 0.162240 0.132485 0.008333 0.022068
0 0.161849 0.132022 0.008073 0.022068
0 0.161285 0.132022 0.007812 0.022068
0 0.160894 0.131790 0.007552 0.021605
0 0.160373 0.131790 0.007552 0.021605
0 0.160026 0.131790 0.007378 0.021605
0 0.159679 0.131404 0.007031 0.021759
0 0.159418 0.131404 0.007031 0.021759
0 0.159332 0.131173 0.006858 0.022222
0 0.158941 0.131173 0.006597 0.022222
0 0.158811 0.131173 0.006337 0.022222
0 0.158550 0.130710 0.006337 0.022222
0 0.158203 0.130710 0.006163 0.022222
0 0.158073 0.130556 0.005903 0.022531
0 0.157856 0.130556 0.005816 0.022531
0 0.157726 0.130556 0.005556 0.022531
0 0.158203 0.130556 0.005642 0.022531
0 0.158681 0.130556 0.005556 0.022531
0 0.159288 0.130556 0.005382 0.022531
0 0.159939 0.130556 0.005642 0.022531
0 0.160503 0.130556 0.005382 0.022531
0 0.161024 0.130556 0.005382 0.022531
0 0.161632 0.130556 0.005556 0.022531
0 0.162240 0.130556 0.005382 0.022531
0 0.162717 0.130556 0.005295 0.022531
0 0.163455 0.130710 0.005382 0.022222
0 0.163455 0.130324 0.005382 0.022068
0 0.163715 0.130324 0.005382 0.022068
0 0.163976 0.130093 0.005382 0.021605
0 0.164149 0.129861 0.005382 0.022068
0 0.164410 0.129861 0.005382 0.022068
0 0.164540 0.129630 0.005122 0.021605
0 0.164800 0.129398 0.005122 0.022068
0 0.165061 0.129167 0.005122 0.021605
0 0.165321 0.129167 0.005122 0.021605
0 0.165495 0.129167 0.005122 0.021605
0 0.165755 0.129167 0.005122 0.021605
0 0.166276 0.129167 0.005122 0.021605
0 0.166536 0.129167 0.005122 0.021605
0 0.166970 0.129167 0.005122 0.021605
0 0.167231 0.129167 0.005122 0.021605
0 0.167752 0.129167 0.005122 0.021605
0 0.167925 0.129167 0.005122 0.021605
0 0.168446 0.129167 0.005122 0.021605
0 0.168707 0.129167 0.005122 0.021605
0 0.169227 0.129167 0.005122 0.021605
0 0.169661 0.129167 0.005122 0.021605
0 0.170313 0.129167 0.004861 0.021605
0 0.170747 0.129167 0.004861 0.021605
0 0.171398 0.129167 0.004601 0.021605
0 0.171962 0.129167 0.004861 0.021605
0 0.172613 0.129167 0.004601 0.021605
0 0.173090 0.129167 0.004687 0.021605
0 0.173698 0.129167 0.004340 0.021605
0 0.174175 0.129167 0.004427 0.021605
0 0.174913 0.129167 0.004340 0.021605
0 0.174913 0.128781 0.004340 0.021759
0 0.175174 0.128781 0.004340 0.021759
0 0.175174 0.128781 0.004340 0.021759
0 0.175391 0.128318 0.004427 0.021759
0 0.175651 0.128318 0.004427 0.021759
0 0.175651 0.128318 0.004427 0.021759
0 0.175911 0.127932 0.004427 0.021605
0 0.175911 0.127932 0.004427 0.021605
0 0.176128 0.127932 0.004340 0.021605
0 0.176389 0.127932 0.004340 0.021605
0 0.176128 0.127469 0.004340 0.021605
0 0.176128 0.127469 0.004340 0.021605
0 0.176128 0.127006 0.004340 0.021605
0 0.176128 0.127006 0.004340 0.021605
0 0.176128 0.126852 0.004340 0.021296
0 0.175998 0.126620 0.004601 0.021759
0 0.175998 0.126389 0.004601 0.021296
0 0.175998 0.126389 0.004601 0.021296
0 0.175998 0.125926 0.004601 0.021296
0 0.175998 0.125926 0.004601 0.021296
