0 0.326476 0.091898 0.005903 0.013117
0 0.325477 0.087963 0.005816 0.012963
0 0.324523 0.084105 0.005816 0.012963
0 0.323655 0.080170 0.005642 0.013117
0 0.322786 0.076235 0.005816 0.012963
0 0.321918 0.072840 0.005642 0.012963
0 0.320964 0.068904 0.005642 0.013117
0 0.320095 0.064969 0.005816 0.012963
0 0.319271 0.061111 0.005556 0.012963
0 0.318273 0.057176 0.005642 0.013117
0 0.317578 0.053704 0.005642 0.012963
0 0.317057 0.053241 0.005642 0.012963
0 0.316797 0.053241 0.005642 0.012963
0 0.316319 0.053241 0.005556 0.012963
0 0.316102 0.053241 0.005642 0.012963
0 0.315582 0.053241 0.005642 0.012963
0 0.315365 0.052855 0.005556 0.013117
0 0.314887 0.052855 0.005642 0.013117
0 0.314627 0.052855 0.005642 0.013117
0 0.314106 0.052855 0.005642 0.013117
0 0.313889 0.052855 0.005556 0.013117
0 0.311936 0.052006 0.005642 0.012963
0 0.309983 0.051543 0.005556 0.012963
0 0.308030 0.051080 0.005642 0.012963
0 0.306076 0.050694 0.005556 0.013117
0 0.304384 0.050231 0.005642 0.013117
0 0.302431 0.049383 0.005556 0.012963
0 0.300477 0.048920 0.005642 0.012963
0 0.298524 0.048534 0.005556 0.013117
0 0.296571 0.048071 0.005642 0.013117
0 0.294835 0.047685 0.005642 0.012963
0 0.293620 0.047222 0.005642 0.012963
0 0.292405 0.047222 0.005642 0.012963
0 0.291450 0.046759 0.005642 0.012963
0 0.290234 0.046759 0.005642 0.012963
0 0.289236 0.046296 0.005556 0.012963
0 0.288021 0.046296 0.005556 0.012963
0 0.286806 0.045910 0.005556 0.013117
0 0.285807 0.045910 0.005642 0.013117
0 0.284592 0.045525 0.005642 0.012963
0 0.283637 0.045525 0.005642 0.012963
0 0.283116 0.045525 0.005642 0.012963
0 0.282682 0.045525 0.005642 0.012963
0 0.282161 0.045525 0.005642 0.012963
0 0.281901 0.045525 0.005642 0.012963
0 0.281424 0.045525 0.005556 0.012963
0 0.280946 0.045525 0.005642 0.012963
0 0.280686 0.045525 0.005642 0.012963
0 0.280208 0.045525 0.005556 0.012963
0 0.279731 0.045525 0.005642 0.012963
0 0.279470 0.045525 0.005642 0.012963
0 0.279253 0.045062 0.005556 0.012963
0 0.279253 0.045062 0.005556 0.012963
0 0.279253 0.044599 0.005556 0.012963
0 0.278993 0.044599 0.005556 0.012963
0 0.278993 0.044599 0.005556 0.012963
0 0.278993 0.044136 0.005556 0.012963
0 0.278776 0.044136 0.005642 0.012963
0 0.278776 0.043750 0.005642 0.013117
0 0.278776 0.043750 0.005642 0.013117
0 0.278776 0.043750 0.005642 0.013117
0 0.278776 0.043750 0.005642 0.013117
0 0.278776 0.043750 0.005642 0.013117
0 0.278776 0.043750 0.005642 0.013117
0 0.278776 0.043750 0.005642 0.013117
0 0.278776 0.043750 0.005642 0.013117
0 0.278776 0.043750 0.005642 0.013117
0 0.278776 0.043750 0.005642 0.013117
0 0.278776 0.043750 0.005642 0.013117
0 0.278776 0.043750 0.005642 0.013117
0 0.278776 0.043750 0.005642 0.013117
0 0.278776 0.043750 0.005642 0.013117
0 0.278993 0.044136 0.005556 0.012963
0 0.279253 0.044136 0.005556 0.012963
0 0.279253 0.044599 0.005556 0.012963
0 0.279470 0.044599 0.005642 0.012963
0 0.279731 0.045062 0.005642 0.012963
0 0.279731 0.045062 0.005642 0.012963
0 0.279991 0.045525 0.005642 0.012963
0 0.280208 0.045525 0.005556 0.012963
0 0.280469 0.045910 0.005556 0.013117
0 0.280469 0.045910 0.005556 0.013117
0 0.280686 0.046296 0.005642 0.012963
0 0.280946 0.046296 0.005642 0.012963
0 0.281207 0.046759 0.005642 0.012963
0 0.281424 0.046759 0.005556 0.012963
0 0.281684 0.047222 0.005556 0.012963
0 0.281901 0.047222 0.005642 0.012963
0 0.282161 0.047685 0.005642 0.012963
0 0.282422 0.047685 0.005642 0.012963
0 0.282682 0.048071 0.005642 0.013117
0 0.282682 0.048071 0.005642 0.013117
0 0.282899 0.048071 0.005556 0.013117
0 0.282899 0.048071 0.005556 0.013117
0 0.283116 0.048534 0.005642 0.013117
0 0.283377 0.048534 0.005642 0.013117
0 0.283377 0.048534 0.005642 0.013117
0 0.283637 0.048920 0.005642 0.012963
0 0.283637 0.048920 0.005642 0.012963
0 0.283898 0.048920 0.005642 0.012963
0 0.284115 0.049383 0.005556 0.012963
0 0.284592 0.049383 0.005642 0.012963
0 0.285113 0.049846 0.005642 0.012963
0 0.285590 0.050231 0.005556 0.013117
0 0.286068 0.050694 0.005642 0.013117
0 0.286545 0.051080 0.005556 0.012963
0 0.287023 0.051080 0.005642 0.012963
0 0.287543 0.051543 0.005642 0.012963
0 0.288021 0.052006 0.005556 0.012963
0 0.288498 0.052392 0.005642 0.013117
0 0.289019 0.052855 0.005642 0.013117
0 0.289236 0.053241 0.005556 0.012963
0 0.289497 0.053704 0.005556 0.012963
0 0.289714 0.054167 0.005642 0.012963
0 0.290234 0.054630 0.005642 0.012963
0 0.290451 0.055401 0.005556 0.012963
0 0.290712 0.055864 0.005556 0.012963
0 0.291189 0.056327 0.005642 0.012963
0 0.291450 0.056790 0.005642 0.012963
0 0.291710 0.057176 0.005642 0.013117
0 0.292144 0.058025 0.005642 0.012963
0 0.292665 0.058488 0.005642 0.012963
0 0.293403 0.058951 0.005556 0.012963
0 0.294141 0.059336 0.005642 0.013117
0 0.294618 0.059799 0.005556 0.013117
0 0.295356 0.060185 0.005642 0.012963
0 0.296050 0.060648 0.005642 0.012963
0 0.296571 0.061111 0.005642 0.012963
0 0.297309 0.061574 0.005556 0.012963
0 0.298047 0.061960 0.005642 0.013117
0 0.298741 0.062809 0.005642 0.012963
0 0.299479 0.063272 0.005556 0.012963
0 0.300217 0.064120 0.005642 0.013117
0 0.300955 0.064969 0.005556 0.012963
0 0.301693 0.065432 0.005642 0.012963
0 0.302648 0.066281 0.005642 0.013117
0 0.303385 0.067130 0.005556 0.012963
0 0.304123 0.067593 0.005642 0.012963
0 0.304861 0.068441 0.005556 0.013117
0 0.305599 0.069290 0.005642 0.012963
0 0.306554 0.070216 0.005642 0.012963
0 0.307075 0.070679 0.005642 0.012963
0 0.307552 0.071528 0.005556 0.013117
0 0.308290 0.071914 0.005642 0.012963
0 0.308767 0.072840 0.005556 0.012963
0 0.309505 0.073688 0.005642 0.013117
0 0.309983 0.074074 0.005556 0.012963
0 0.310460 0.075000 0.005642 0.012963
0 0.311198 0.075386 0.005556 0.013117
0 0.311675 0.076235 0.005642 0.012963
0 0.312413 0.077160 0.005556 0.012963
0 0.312891 0.077623 0.005642 0.012963
0 0.313672 0.078009 0.005642 0.013117
0 0.314106 0.078395 0.005642 0.012963
0 0.314887 0.079321 0.005642 0.012963
0 0.315365 0.079784 0.005556 0.012963
0 0.316102 0.080170 0.005642 0.013117
0 0.316580 0.081019 0.005556 0.012963
0 0.317318 0.081481 0.005642 0.012963
0 0.317795 0.081944 0.005556 0.012963
0 0.318533 0.082793 0.005642 0.013117
0 0.318793 0.083179 0.005642 0.012963
0 0.319271 0.084105 0.005556 0.012963
0 0.319748 0.084568 0.005642 0.012963
0 0.320009 0.085340 0.005642 0.012963
0 0.320486 0.085802 0.005556 0.012963
0 0.320964 0.086728 0.005642 0.012963
0 0.321224 0.087114 0.005642 0.013117
0 0.321701 0.087963 0.005556 0.012963
0 0.322179 0.088426 0.005642 0.012963
0 0.322700 0.089275 0.005642 0.013117
0 0.322917 0.089275 0.005556 0.013117
0 0.323177 0.089738 0.005556 0.013117
0 0.323524 0.089738 0.005903 0.013117
0 0.323915 0.090123 0.005642 0.012963
0 0.324262 0.090355 0.005816 0.012500
0 0.324523 0.090586 0.005816 0.012963
0 0.324870 0.090818 0.005642 0.012500
0 0.325217 0.091049 0.005816 0.012963
0 0.325477 0.091204 0.005816 0.012654
0 0.325955 0.091667 0.005903 0.012654
