0 0.256424 0.092747 0.005903 0.020062
0 0.254470 0.092361 0.005816 0.019907
0 0.252648 0.091898 0.005642 0.019907
0 0.250825 0.091435 0.005816 0.019907
0 0.249002 0.090972 0.005642 0.019907
0 0.247135 0.090586 0.005903 0.020062
0 0.245312 0.090201 0.005556 0.019907
0 0.243359 0.089738 0.005642 0.019907
0 0.241667 0.089275 0.005556 0.019907
0 0.239714 0.088812 0.005642 0.019907
0 0.237977 0.088426 0.005642 0.020062
0 0.236155 0.088040 0.005816 0.019907
0 0.234462 0.087577 0.005903 0.019907
0 0.232769 0.087114 0.005816 0.019907
0 0.231033 0.086651 0.005816 0.019907
0 0.229470 0.086651 0.006163 0.019907
0 0.227778 0.086265 0.006076 0.020062
0 0.226042 0.085802 0.006076 0.020062
0 0.224306 0.085417 0.006076 0.019907
0 0.222656 0.084954 0.006076 0.019907
0 0.221050 0.084954 0.006337 0.019907
0 0.219054 0.084491 0.006337 0.019907
0 0.217405 0.084491 0.006337 0.019907
0 0.215408 0.084105 0.006337 0.020062
0 0.213759 0.084105 0.006337 0.020062
0 0.212023 0.083873 0.006337 0.019599
0 0.210026 0.083642 0.006337 0.020062
0 0.208377 0.083410 0.006337 0.019599
0 0.206380 0.083256 0.006337 0.019907
0 0.204687 0.083025 0.006424 0.019444
0 0.202995 0.083025 0.006337 0.019444
0 0.201389 0.082562 0.006076 0.019444
0 0.199913 0.082562 0.006076 0.019444
0 0.198437 0.082099 0.006076 0.019444
0 0.197005 0.082099 0.006163 0.019444
0 0.195530 0.081713 0.006163 0.019599
0 0.194097 0.081713 0.006076 0.019599
0 0.192622 0.081250 0.006076 0.019599
0 0.191146 0.081250 0.006076 0.019599
0 0.189670 0.080864 0.006076 0.019444
0 0.188194 0.080864 0.006076 0.019444
0 0.186849 0.080864 0.006337 0.019444
0 0.185634 0.080864 0.006337 0.019444
0 0.184418 0.080864 0.006337 0.019444
0 0.183203 0.080864 0.006337 0.019444
0 0.181988 0.080864 0.006337 0.019444
0 0.180773 0.080864 0.006337 0.019444
0 0.179557 0.080864 0.006337 0.019444
0 0.178342 0.080864 0.006337 0.019444
0 0.177127 0.080864 0.006337 0.019444
0 0.175911 0.080864 0.006337 0.019444
0 0.174826 0.080864 0.006076 0.019444
0 0.173828 0.080864 0.006163 0.019444
0 0.172830 0.080864 0.006076 0.019444
0 0.171745 0.081250 0.005816 0.019599
0 0.170790 0.081250 0.005816 0.019599
0 0.169792 0.081250 0.005903 0.019599
0 0.168707 0.081713 0.005642 0.019599
0 0.167708 0.081713 0.005556 0.019599
0 0.166753 0.081713 0.005556 0.019599
0 0.165885 0.082099 0.005382 0.019444
0 0.164540 0.082099 0.005642 0.019444
0 0.163325 0.082099 0.005642 0.019444
0 0.162109 0.082099 0.005642 0.019444
0 0.160894 0.082562 0.005642 0.019444
0 0.159679 0.082562 0.005642 0.019444
0 0.158333 0.082562 0.005903 0.019444
0 0.157118 0.083025 0.005903 0.019444
0 0.155903 0.083025 0.005903 0.019444
0 0.154644 0.083025 0.005816 0.019444
0 0.153429 0.083410 0.005816 0.019599
0 0.152214 0.083410 0.005816 0.019599
0 0.151259 0.083642 0.005816 0.020062
0 0.150043 0.083873 0.005816 0.019599
0 0.149045 0.084105 0.005903 0.020062
0 0.147830 0.084336 0.005903 0.019599
0 0.146875 0.084491 0.005903 0.019907
0 0.145616 0.084491 0.005816 0.019907
0 0.144661 0.084954 0.005816 0.019907
0 0.143446 0.084954 0.005816 0.019907
0 0.142448 0.085417 0.005903 0.019907
0 0.141233 0.085417 0.005903 0.019907
0 0.140148 0.085417 0.005642 0.019907
0 0.138932 0.085417 0.005642 0.019907
0 0.137977 0.085802 0.005642 0.020062
0 0.136719 0.085802 0.005556 0.020062
0 0.135634 0.085802 0.005295 0.020062
0 0.134549 0.086265 0.005556 0.020062
0 0.133420 0.086265 0.005382 0.020062
0 0.132205 0.086265 0.005382 0.020062
0 0.131250 0.086651 0.005382 0.019907
0 0.130035 0.087114 0.005382 0.019907
0 0.128819 0.088040 0.005382 0.019907
0 0.127604 0.088426 0.005382 0.020062
0 0.126389 0.089275 0.005382 0.019907
0 0.125174 0.089738 0.005382 0.019907
0 0.123915 0.090586 0.005295 0.020062
0 0.122700 0.090972 0.005295 0.019907
0 0.121484 0.091898 0.005295 0.019907
0 0.120226 0.092361 0.005382 0.019907
0 0.119010 0.093210 0.005382 0.020062
0 0.116840 0.093210 0.005382 0.020062
0 0.114887 0.093596 0.005295 0.019907
0 0.112934 0.094059 0.005382 0.019907
0 0.110981 0.094522 0.005295 0.019907
0 0.109028 0.094907 0.005382 0.020062
0 0.106988 0.094907 0.005122 0.020062
0 0.104991 0.095370 0.005122 0.020062
0 0.103082 0.095756 0.005122 0.019907
0 0.101085 0.096219 0.005122 0.019907
0 0.099175 0.096682 0.005122 0.019907
0 0.096354 0.097531 0.005382 0.020062
0 0.093663 0.098843 0.005382 0.019907
0 0.090972 0.099691 0.005382 0.020062
0 0.088281 0.101003 0.005382 0.019907
0 0.085590 0.102315 0.005382 0.020062
0 0.082899 0.103164 0.005382 0.019907
0 0.080208 0.104475 0.005382 0.020062
0 0.077561 0.105324 0.005295 0.019907
0 0.074870 0.106636 0.005295 0.020062
0 0.072222 0.107948 0.005382 0.019907
0 0.068750 0.109645 0.005382 0.019907
0 0.065625 0.111420 0.005382 0.020062
0 0.062283 0.113194 0.005122 0.019907
0 0.059028 0.114892 0.005382 0.019907
0 0.055816 0.116590 0.005382 0.019907
0 0.052561 0.118364 0.005122 0.020062
0 0.049219 0.120139 0.005382 0.019907
0 0.045964 0.121836 0.005122 0.019907
0 0.042752 0.123534 0.005122 0.019907
0 0.039627 0.125694 0.005122 0.019907
0 0.035851 0.127855 0.005382 0.019907
0 0.032161 0.130015 0.005295 0.019907
0 0.028472 0.132639 0.005382 0.019907
0 0.024957 0.134799 0.005642 0.019907
0 0.021311 0.137423 0.005642 0.019907
0 0.017535 0.139583 0.005903 0.019907
0 0.013976 0.141744 0.006076 0.019907
0 0.010330 0.144367 0.006076 0.019907
0 0.006684 0.146528 0.006076 0.019907
0 0.003168 0.149151 0.006337 0.019907
0 0.003168 0.149151 0.006337 0.019907
0 0.003168 0.149151 0.006337 0.019907
0 0.003168 0.149151 0.006337 0.019907
0 0.003168 0.149151 0.006337 0.019907
0 0.003168 0.149151 0.006337 0.019907
0 0.003168 0.149151 0.006337 0.019907
0 0.003168 0.149151 0.006337 0.019907
0 0.003168 0.149151 0.006337 0.019907
0 0.003168 0.149151 0.006337 0.019907
0 0.003168 0.149151 0.006337 0.019907
0 0.003168 0.149151 0.006337 0.019907
0 0.003168 0.149151 0.006337 0.019907
0 0.003168 0.149151 0.006337 0.019907
0 0.003168 0.149151 0.006337 0.019907
0 0.003168 0.149151 0.006337 0.019907
0 0.003168 0.149151 0.006337 0.019907
0 0.003168 0.149151 0.006337 0.019907
0 0.003168 0.149151 0.006337 0.019907
0 0.003168 0.149151 0.006337 0.019907
0 0.003168 0.149151 0.006337 0.019907
0 0.003168 0.149151 0.006337 0.019907
0 0.003168 0.149151 0.006337 0.019907
0 0.003168 0.149151 0.006337 0.019907
0 0.003168 0.149151 0.006337 0.019907
0 0.003168 0.149151 0.006337 0.019907
0 0.003168 0.149151 0.006337 0.019907
0 0.003168 0.149151 0.006337 0.019907
0 0.003168 0.149151 0.006337 0.019907
0 0.003168 0.149151 0.006337 0.019907
0 0.003168 0.149151 0.006337 0.019907
0 0.003168 0.149151 0.006337 0.019907
0 0.003168 0.149151 0.006337 0.019907
0 0.003168 0.149151 0.006337 0.019907
0 0.003168 0.149151 0.006337 0.019907
0 0.003168 0.149151 0.006337 0.019907
0 0.003168 0.149151 0.006337 0.019907
0 0.003168 0.149151 0.006337 0.019907
0 0.003168 0.149151 0.006337 0.019907
0 0.003168 0.149151 0.006337 0.019907
0 0.003168 0.149151 0.006337 0.019907
