0 0.244314 0.117901 0.005122 0.019136
0 0.219792 0.106173 0.004861 0.017284
0 0.195443 0.094522 0.004427 0.015586
0 0.171050 0.082716 0.003906 0.013889
0 0.146615 0.071065 0.003472 0.012191
0 0.122352 0.059336 0.003212 0.010340
0 0.097960 0.047685 0.002691 0.008642
0 0.073524 0.035880 0.002257 0.006944
0 0.049132 0.024228 0.001736 0.005247
0 0.024740 0.012500 0.001215 0.003395
0 0.000477 0.000849 0.000955 0.001698
0 0.000477 0.000849 0.000955 0.001698
0 0.000477 0.000849 0.000955 0.001698
0 0.000477 0.000849 0.000955 0.001698
0 0.000477 0.000849 0.000955 0.001698
0 0.000477 0.000849 0.000955 0.001698
0 0.000477 0.000849 0.000955 0.001698
0 0.000477 0.000849 0.000955 0.001698
0 0.000477 0.000849 0.000955 0.001698
0 0.000477 0.000849 0.000955 0.001698
0 0.000477 0.000849 0.000955 0.001698
0 0.000477 0.000849 0.000955 0.001698
0 0.000477 0.000849 0.000955 0.001698
0 0.000477 0.000849 0.000955 0.001698
0 0.000477 0.000849 0.000955 0.001698
0 0.000477 0.000849 0.000955 0.001698
0 0.000477 0.000849 0.000955 0.001698
0 0.000477 0.000849 0.000955 0.001698
0 0.000477 0.000849 0.000955 0.001698
0 0.000477 0.000849 0.000955 0.001698
0 0.000477 0.000849 0.000955 0.001698
0 0.000477 0.000849 0.000955 0.001698
0 0.000477 0.000849 0.000955 0.001698
0 0.000477 0.000849 0.000955 0.001698
0 0.000477 0.000849 0.000955 0.001698
0 0.000477 0.000849 0.000955 0.001698
0 0.000477 0.000849 0.000955 0.001698
0 0.000477 0.000849 0.000955 0.001698
0 0.000477 0.000849 0.000955 0.001698
0 0.000477 0.000849 0.000955 0.001698
0 0.000477 0.000849 0.000955 0.001698
0 0.000477 0.000849 0.000955 0.001698
0 0.000477 0.000849 0.000955 0.001698
0 0.000477 0.000849 0.000955 0.001698
0 0.000477 0.000849 0.000955 0.001698
0 0.000477 0.000849 0.000955 0.001698
0 0.000477 0.000849 0.000955 0.001698
0 0.000477 0.000849 0.000955 0.001698
0 0.000477 0.000849 0.000955 0.001698
0 0.000477 0.000849 0.000955 0.001698
0 0.000477 0.000849 0.000955 0.001698
0 0.000477 0.000849 0.000955 0.001698
0 0.000477 0.000849 0.000955 0.001698
0 0.000477 0.000849 0.000955 0.001698
0 0.000477 0.000849 0.000955 0.001698
0 0.000477 0.000849 0.000955 0.001698
0 0.000477 0.000849 0.000955 0.001698
0 0.000477 0.000849 0.000955 0.001698
0 0.000477 0.000849 0.000955 0.001698
0 0.000477 0.000849 0.000955 0.001698
0 0.000477 0.000849 0.000955 0.001698
0 0.000477 0.000849 0.000955 0.001698
0 0.000477 0.000849 0.000955 0.001698
0 0.000477 0.000849 0.000955 0.001698
0 0.000477 0.000849 0.000955 0.001698
0 0.000477 0.000849 0.000955 0.001698
0 0.000477 0.000849 0.000955 0.001698
0 0.000477 0.000849 0.000955 0.001698
0 0.000477 0.000849 0.000955 0.001698
0 0.000477 0.000849 0.000955 0.001698
0 0.000477 0.000849 0.000955 0.001698
0 0.000477 0.000849 0.000955 0.001698
0 0.000477 0.000849 0.000955 0.001698
0 0.000477 0.000849 0.000955 0.001698
0 0.000477 0.000849 0.000955 0.001698
0 0.000477 0.000849 0.000955 0.001698
0 0.000477 0.000849 0.000955 0.001698
0 0.000477 0.000849 0.000955 0.001698
0 0.000477 0.000849 0.000955 0.001698
0 0.000477 0.000849 0.000955 0.001698
0 0.000477 0.000849 0.000955 0.001698
0 0.000477 0.000849 0.000955 0.001698
0 0.000477 0.000849 0.000955 0.001698
0 0.000477 0.000849 0.000955 0.001698
0 0.000477 0.000849 0.000955 0.001698
0 0.000477 0.000849 0.000955 0.001698
0 0.000477 0.000849 0.000955 0.001698
0 0.000477 0.000849 0.000955 0.001698
0 0.000477 0.000849 0.000955 0.001698
0 0.000477 0.000849 0.000955 0.001698
0 0.000477 0.000849 0.000955 0.001698
0 0.000477 0.000849 0.000955 0.001698
0 0.000477 0.000849 0.000955 0.001698
0 0.000477 0.000849 0.000955 0.001698
0 0.000477 0.000849 0.000955 0.001698
0 0.000477 0.000849 0.000955 0.001698
0 0.000477 0.000849 0.000955 0.001698
0 0.000477 0.000849 0.000955 0.001698
0 0.000477 0.000849 0.000955 0.001698
0 0.000477 0.000849 0.000955 0.001698
0 0.000477 0.000849 0.000955 0.001698
0 0.033507 0.015278 0.001215 0.003086
0 0.066580 0.030093 0.001389 0.004012
0 0.099653 0.044830 0.001736 0.005710
0 0.132726 0.059568 0.001910 0.006481
0 0.165755 0.074537 0.002170 0.007716
0 0.198872 0.089120 0.002431 0.009105
0 0.231901 0.103781 0.002691 0.010031
0 0.264974 0.118519 0.002865 0.011728
0 0.298047 0.133333 0.003212 0.012654
0 0.331120 0.148302 0.003385 0.013889
0 0.328168 0.146605 0.003385 0.013889
0 0.325347 0.145216 0.003646 0.013889
0 0.322526 0.143981 0.003906 0.013889
0 0.319835 0.142593 0.003906 0.013889
0 0.317057 0.141358 0.004080 0.013889
0 0.314149 0.139892 0.004167 0.013426
0 0.311458 0.138503 0.004167 0.013426
0 0.308637 0.137269 0.004427 0.013426
0 0.305859 0.135880 0.004601 0.013426
0 0.303168 0.134645 0.004601 0.013426
0 0.300477 0.133256 0.004601 0.013426
0 0.298047 0.132485 0.004601 0.013426
0 0.295356 0.131559 0.004601 0.013426
0 0.292925 0.130710 0.004601 0.013580
0 0.290234 0.129861 0.004601 0.013426
0 0.287804 0.128549 0.004601 0.013580
0 0.285113 0.127701 0.004601 0.013426
0 0.282639 0.126775 0.004687 0.013426
0 0.279991 0.126003 0.004601 0.013426
0 0.277517 0.125077 0.004687 0.013426
0 0.275347 0.124383 0.004687 0.013889
0 0.273134 0.123997 0.004601 0.014660
0 0.271094 0.123534 0.004861 0.015586
0 0.268967 0.122840 0.004601 0.016049
0 0.266927 0.122685 0.004861 0.016358
0 0.264714 0.122222 0.004948 0.017284
0 0.262630 0.121605 0.004601 0.017901
0 0.260590 0.121219 0.004861 0.018673
0 0.258377 0.120756 0.004948 0.019599
0 0.256424 0.120525 0.004861 0.020062
0 0.255469 0.120139 0.004861 0.019907
0 0.254557 0.120139 0.005122 0.019907
0 0.253602 0.119676 0.005122 0.019907
0 0.252908 0.119676 0.005122 0.019907
0 0.251910 0.119213 0.005208 0.019907
0 0.251042 0.119213 0.005382 0.019907
0 0.250217 0.118750 0.005122 0.019907
0 0.249349 0.118750 0.005295 0.019907
0 0.248351 0.118364 0.005382 0.020062
0 0.247656 0.118364 0.005382 0.020062
0 0.247396 0.117901 0.005382 0.020062
0 0.247135 0.117901 0.005382 0.020062
0 0.246875 0.117901 0.005382 0.020062
0 0.246658 0.117670 0.005295 0.019599
0 0.246571 0.117670 0.005122 0.019599
0 0.246311 0.117670 0.005122 0.019599
0 0.246050 0.117438 0.005122 0.019136
0 0.245790 0.117438 0.005122 0.019136
0 0.245530 0.117438 0.005122 0.019136
0 0.245443 0.117438 0.004948 0.019136
0 0.245226 0.117438 0.004861 0.019136
0 0.245226 0.117438 0.004861 0.019136
0 0.245226 0.117438 0.004861 0.019136
0 0.244965 0.117438 0.004861 0.019136
0 0.244965 0.117438 0.004861 0.019136
0 0.244965 0.117438 0.004861 0.019136
0 0.244705 0.117438 0.004861 0.019136
0 0.244705 0.117438 0.004861 0.019136
0 0.244705 0.117438 0.004861 0.019136
0 0.244705 0.117438 0.004861 0.019136
0 0.244444 0.117438 0.004861 0.019136
0 0.244444 0.117438 0.004861 0.019136
0 0.244444 0.117438 0.004861 0.019136
0 0.244227 0.117438 0.004948 0.019136
0 0.244227 0.117438 0.004948 0.019136
0 0.244227 0.117438 0.004948 0.019136
0 0.244010 0.117438 0.004861 0.019136
0 0.244010 0.117438 0.004861 0.019136
0 0.244010 0.117438 0.004861 0.019136
0 0.244010 0.117438 0.004861 0.019136
