0 0.330599 0.245448 0.003906 0.031327
0 0.297569 0.220910 0.003646 0.028241
0 0.264453 0.196373 0.003385 0.025154
0 0.231424 0.171914 0.003125 0.022222
0 0.198481 0.147377 0.002691 0.019136
0 0.165408 0.123071 0.002517 0.016512
0 0.132335 0.098611 0.002170 0.013580
0 0.099392 0.074074 0.001736 0.010494
0 0.066363 0.049537 0.001476 0.007407
0 0.033247 0.025077 0.001215 0.004475
0 0.000477 0.000849 0.000955 0.001698
0 0.000477 0.000849 0.000955 0.001698
0 0.000477 0.000849 0.000955 0.001698
0 0.000477 0.000849 0.000955 0.001698
0 0.000477 0.000849 0.000955 0.001698
0 0.000477 0.000849 0.000955 0.001698
0 0.000477 0.000849 0.000955 0.001698
0 0.000477 0.000849 0.000955 0.001698
0 0.000477 0.000849 0.000955 0.001698
0 0.000477 0.000849 0.000955 0.001698
0 0.000477 0.000849 0.000955 0.001698
0 0.033247 0.025077 0.001215 0.004475
0 0.066363 0.049537 0.001476 0.007407
0 0.099392 0.074074 0.001736 0.010494
0 0.132335 0.098611 0.002170 0.013580
0 0.165408 0.123071 0.002517 0.016512
0 0.198481 0.147377 0.002691 0.019136
0 0.231424 0.171914 0.003125 0.022222
0 0.264453 0.196373 0.003385 0.025154
0 0.297569 0.220910 0.003646 0.028241
0 0.330599 0.245448 0.003906 0.031327
0 0.321441 0.238735 0.004167 0.030864
0 0.312413 0.232253 0.004687 0.030864
0 0.303429 0.225694 0.005122 0.030710
0 0.294488 0.219213 0.005295 0.030710
0 0.285460 0.212731 0.005816 0.030710
0 0.276432 0.206173 0.006337 0.030864
0 0.267535 0.199691 0.006597 0.030864
0 0.258507 0.193210 0.007118 0.030864
0 0.249436 0.186651 0.007552 0.030710
0 0.240538 0.180170 0.007812 0.030710
0 0.236892 0.178858 0.007812 0.030864
0 0.233507 0.178009 0.007812 0.030710
0 0.230035 0.177160 0.007812 0.030864
0 0.226389 0.176235 0.007812 0.030864
0 0.223003 0.175386 0.007812 0.030710
0 0.219575 0.174537 0.007726 0.030864
0 0.215885 0.173688 0.007812 0.030710
0 0.212500 0.172840 0.007812 0.030864
0 0.209115 0.171914 0.007812 0.030864
0 0.205642 0.171065 0.007812 0.030710
0 0.205382 0.170833 0.007812 0.030247
0 0.205208 0.170833 0.007812 0.030247
0 0.204948 0.170679 0.007812 0.029938
0 0.204687 0.170679 0.007812 0.029938
0 0.204557 0.170448 0.007552 0.029475
0 0.204297 0.170448 0.007552 0.029475
0 0.204080 0.170216 0.007639 0.029012
0 0.203863 0.170216 0.007552 0.029012
0 0.203602 0.169985 0.007552 0.028549
0 0.203602 0.169985 0.007552 0.028549
0 0.203602 0.169985 0.007552 0.028549
0 0.203863 0.169985 0.007552 0.028549
0 0.203863 0.169985 0.007552 0.028549
0 0.204080 0.169985 0.007639 0.028549
0 0.204080 0.169985 0.007639 0.028549
0 0.204297 0.169985 0.007552 0.028549
0 0.204297 0.169985 0.007552 0.028549
0 0.204557 0.169985 0.007552 0.028549
0 0.204557 0.169985 0.007552 0.028549
0 0.204818 0.169985 0.007552 0.028549
0 0.204080 0.169753 0.007639 0.028086
0 0.203602 0.169830 0.007552 0.027315
0 0.202995 0.169830 0.007378 0.027315
0 0.202387 0.169753 0.007552 0.026543
0 0.201866 0.169985 0.007552 0.026080
0 0.201302 0.169753 0.007292 0.025617
0 0.200651 0.169753 0.007552 0.024691
0 0.200043 0.169753 0.007378 0.024691
0 0.199566 0.169753 0.007292 0.023765
0 0.199089 0.169985 0.007378 0.023302
0 0.195660 0.169367 0.007292 0.022994
0 0.192405 0.168904 0.007552 0.022994
0 0.189062 0.168441 0.007812 0.022994
0 0.185807 0.167978 0.008073 0.022994
0 0.182595 0.167593 0.008073 0.022840
0 0.179297 0.167207 0.008247 0.022994
0 0.176042 0.166744 0.008507 0.022994
0 0.172700 0.166281 0.008767 0.022994
0 0.169444 0.165818 0.009028 0.022994
0 0.166233 0.165586 0.009028 0.022531
0 0.160417 0.166049 0.009028 0.022531
0 0.154514 0.166975 0.009028 0.022531
0 0.148958 0.167747 0.009028 0.022531
0 0.143056 0.168673 0.009028 0.022531
0 0.137500 0.169599 0.009028 0.022531
0 0.131597 0.170370 0.009028 0.022531
0 0.125781 0.171296 0.009028 0.022531
0 0.120139 0.172145 0.009028 0.022685
0 0.114323 0.172994 0.009028 0.022531
0 0.108681 0.173920 0.009028 0.022531
0 0.101476 0.177315 0.009201 0.023457
0 0.094531 0.180787 0.009549 0.024228
0 0.087413 0.184568 0.009549 0.024691
0 0.080339 0.187963 0.009983 0.025617
0 0.073437 0.191667 0.010243 0.025926
0 0.066319 0.195139 0.010243 0.027006
0 0.059245 0.198611 0.010677 0.027778
0 0.052170 0.202315 0.010764 0.028086
0 0.045226 0.205787 0.010937 0.029167
0 0.038281 0.209491 0.011285 0.029475
0 0.038281 0.209491 0.011285 0.029475
0 0.038281 0.209491 0.011285 0.029475
0 0.038281 0.209491 0.011285 0.029475
0 0.038281 0.209491 0.011285 0.029475
0 0.038281 0.209491 0.011285 0.029475
0 0.038281 0.209491 0.011285 0.029475
0 0.038281 0.209491 0.011285 0.029475
0 0.038281 0.209491 0.011285 0.029475
0 0.038281 0.209491 0.011285 0.029475
0 0.038281 0.209491 0.011285 0.029475
0 0.038281 0.209491 0.011285 0.029475
0 0.038281 0.209491 0.011285 0.029475
0 0.038281 0.209491 0.011285 0.029475
0 0.038281 0.209491 0.011285 0.029475
0 0.038281 0.209491 0.011285 0.029475
0 0.038281 0.209491 0.011285 0.029475
0 0.038281 0.209491 0.011285 0.029475
0 0.038281 0.209491 0.011285 0.029475
0 0.038281 0.209491 0.011285 0.029475
0 0.038281 0.209491 0.011285 0.029475
0 0.038281 0.209491 0.011285 0.029475
0 0.038281 0.209491 0.011285 0.029475
0 0.038281 0.209491 0.011285 0.029475
0 0.038281 0.209491 0.011285 0.029475
0 0.038281 0.209491 0.011285 0.029475
0 0.038281 0.209491 0.011285 0.029475
0 0.038281 0.209491 0.011285 0.029475
0 0.038281 0.209491 0.011285 0.029475
0 0.038281 0.209491 0.011285 0.029475
0 0.038281 0.209491 0.011285 0.029475
0 0.038281 0.209491 0.011285 0.029475
0 0.038281 0.209491 0.011285 0.029475
0 0.038281 0.209491 0.011285 0.029475
0 0.038281 0.209491 0.011285 0.029475
0 0.038281 0.209491 0.011285 0.029475
0 0.038281 0.209491 0.011285 0.029475
0 0.038281 0.209491 0.011285 0.029475
0 0.038281 0.209491 0.011285 0.029475
0 0.038281 0.209491 0.011285 0.029475
0 0.038281 0.209491 0.011285 0.029475
0 0.038281 0.209491 0.011285 0.029475
0 0.038281 0.209491 0.011285 0.029475
0 0.038281 0.209491 0.011285 0.029475
0 0.038281 0.209491 0.011285 0.029475
0 0.038281 0.209491 0.011285 0.029475
0 0.038281 0.209491 0.011285 0.029475
0 0.038281 0.209491 0.011285 0.029475
0 0.038281 0.209491 0.011285 0.029475
0 0.038281 0.209491 0.011285 0.029475
0 0.038281 0.209491 0.011285 0.029475
0 0.038281 0.209491 0.011285 0.029475
0 0.038281 0.209491 0.011285 0.029475
0 0.038281 0.209491 0.011285 0.029475
0 0.038281 0.209491 0.011285 0.029475
0 0.038281 0.209491 0.011285 0.029475
0 0.038281 0.209491 0.011285 0.029475
0 0.038281 0.209491 0.011285 0.029475
0 0.038281 0.209491 0.011285 0.029475
0 0.038281 0.209491 0.011285 0.029475
0 0.038281 0.209491 0.011285 0.029475
0 0.038281 0.209491 0.011285 0.029475
0 0.038281 0.209491 0.011285 0.029475
0 0.038281 0.209491 0.011285 0.029475
0 0.038281 0.209491 0.011285 0.029475
0 0.038281 0.209491 0.011285 0.029475
0 0.038281 0.209491 0.011285 0.029475
0 0.038281 0.209491 0.011285 0.029475
0 0.038281 0.209491 0.011285 0.029475
0 0.038281 0.209491 0.011285 0.029475
0 0.038281 0.209491 0.011285 0.029475
