0 0.095139 0.091049 0.007812 0.019136
0 0.094878 0.090586 0.007812 0.019136
0 0.094748 0.090586 0.007552 0.019136
0 0.094488 0.090586 0.007552 0.019136
0 0.094401 0.090586 0.007378 0.019136
0 0.094271 0.090586 0.007639 0.019136
0 0.094141 0.090586 0.007378 0.019136
0 0.093924 0.090586 0.007292 0.019136
0 0.093793 0.090586 0.007031 0.019136
0 0.093533 0.090586 0.007031 0.019136
0 0.093533 0.090586 0.007031 0.019136
0 0.093316 0.090586 0.007118 0.019136
0 0.093316 0.090586 0.007118 0.019136
0 0.093056 0.090586 0.007118 0.019136
0 0.093056 0.090586 0.007118 0.019136
0 0.092795 0.090586 0.007118 0.019136
0 0.092795 0.090586 0.007118 0.019136
0 0.092578 0.090586 0.007031 0.019136
0 0.092578 0.090586 0.007031 0.019136
0 0.092318 0.090586 0.007031 0.019136
0 0.092318 0.090586 0.007031 0.019136
0 0.092057 0.090586 0.007031 0.019136
0 0.092057 0.090586 0.007031 0.019136
0 0.092057 0.090586 0.007031 0.019136
0 0.092057 0.090586 0.007031 0.019136
0 0.092057 0.090586 0.007031 0.019136
0 0.091840 0.090586 0.007118 0.019136
0 0.091840 0.090586 0.007118 0.019136
0 0.091840 0.090586 0.007118 0.019136
0 0.091840 0.090586 0.007118 0.019136
0 0.091840 0.090586 0.007118 0.019136
0 0.091840 0.090586 0.007118 0.019136
0 0.091840 0.090586 0.007118 0.019136
0 0.091840 0.090586 0.007118 0.019136
0 0.091840 0.090586 0.007118 0.019136
0 0.091840 0.090586 0.007118 0.019136
0 0.091840 0.090586 0.007118 0.019136
0 0.091840 0.090586 0.007118 0.019136
0 0.091840 0.090586 0.007118 0.019136
0 0.091840 0.090586 0.007118 0.019136
0 0.091840 0.090586 0.007118 0.019136
0 0.091840 0.090586 0.007118 0.019136
0 0.091840 0.090586 0.007118 0.019136
0 0.091840 0.090586 0.007118 0.019136
0 0.091840 0.090586 0.007118 0.019136
0 0.091840 0.090586 0.007118 0.019136
0 0.091840 0.090586 0.007118 0.019136
0 0.091840 0.090586 0.007118 0.019136
0 0.091840 0.090586 0.007118 0.019136
0 0.091840 0.090586 0.007118 0.019136
0 0.091840 0.090586 0.007118 0.019136
0 0.091840 0.090586 0.007118 0.019136
0 0.091840 0.090586 0.007118 0.019136
0 0.091840 0.090586 0.007118 0.019136
0 0.091840 0.090586 0.007118 0.019136
0 0.091840 0.090586 0.007118 0.019136
0 0.091840 0.090586 0.007118 0.019136
0 0.091840 0.090586 0.007118 0.019136
0 0.091840 0.090586 0.007118 0.019136
0 0.091840 0.090586 0.007118 0.019136
0 0.091840 0.090586 0.007118 0.019136
0 0.091840 0.090586 0.007118 0.019136
0 0.091840 0.090586 0.007118 0.019136
0 0.091840 0.090586 0.007118 0.019136
0 0.091840 0.090586 0.007118 0.019136
0 0.091840 0.090586 0.007118 0.019136
0 0.091840 0.090586 0.007118 0.019136
0 0.091840 0.090586 0.007118 0.019136
0 0.091840 0.090586 0.007118 0.019136
0 0.091840 0.090586 0.007118 0.019136
0 0.091840 0.090586 0.007118 0.019136
0 0.091840 0.090586 0.007118 0.019136
0 0.091840 0.090586 0.007118 0.019136
0 0.091840 0.090586 0.007118 0.019136
0 0.091840 0.090586 0.007118 0.019136
0 0.091840 0.090586 0.007118 0.019136
0 0.091840 0.090586 0.007118 0.019136
0 0.091840 0.090586 0.007118 0.019136
0 0.091840 0.090586 0.007118 0.019136
0 0.091840 0.090586 0.007118 0.019136
0 0.091840 0.090586 0.007118 0.019136
0 0.091840 0.090586 0.007118 0.019136
0 0.091840 0.090586 0.007118 0.019136
0 0.091840 0.090586 0.007118 0.019136
0 0.091840 0.090586 0.007118 0.019136
0 0.091840 0.090586 0.007118 0.019136
0 0.091840 0.090586 0.007118 0.019136
0 0.091840 0.090586 0.007118 0.019136
0 0.091840 0.090586 0.007118 0.019136
0 0.091840 0.090586 0.007118 0.019136
0 0.091840 0.090586 0.007118 0.019136
0 0.091840 0.090586 0.007118 0.019136
0 0.091840 0.090586 0.007118 0.019136
0 0.091840 0.090586 0.007118 0.019136
0 0.091840 0.090586 0.007118 0.019136
0 0.091840 0.090586 0.007118 0.019136
0 0.091840 0.090586 0.007118 0.019136
0 0.091840 0.090586 0.007118 0.019136
0 0.091840 0.090586 0.007118 0.019136
0 0.091840 0.090586 0.007118 0.019136
0 0.091840 0.090586 0.007118 0.019136
0 0.091580 0.090586 0.007118 0.019136
0 0.091580 0.090586 0.007118 0.019136
0 0.091580 0.090586 0.007118 0.019136
0 0.091580 0.090586 0.007118 0.019136
0 0.091580 0.090586 0.007118 0.019136
0 0.091363 0.090586 0.007031 0.019136
0 0.091363 0.090586 0.007031 0.019136
0 0.091363 0.090586 0.007031 0.019136
0 0.091363 0.090586 0.007031 0.019136
0 0.091363 0.090586 0.007031 0.019136
0 0.091363 0.090586 0.007031 0.019136
0 0.091363 0.090586 0.007031 0.019136
0 0.091363 0.090586 0.007031 0.019136
0 0.091363 0.090586 0.007031 0.019136
0 0.091363 0.090586 0.007031 0.019136
0 0.091363 0.090586 0.007031 0.019136
0 0.091363 0.090586 0.007031 0.019136
0 0.091363 0.090586 0.007031 0.019136
0 0.091363 0.090586 0.007031 0.019136
0 0.091363 0.090586 0.007031 0.019136
0 0.091363 0.090586 0.007031 0.019136
0 0.091363 0.090586 0.007031 0.019136
0 0.091363 0.090586 0.007031 0.019136
0 0.091363 0.090586 0.007031 0.019136
0 0.091363 0.090586 0.007031 0.019136
0 0.091363 0.090586 0.007031 0.019136
0 0.091363 0.090586 0.007031 0.019136
0 0.091363 0.090586 0.007031 0.019136
0 0.091363 0.090586 0.007031 0.019136
0 0.091363 0.090586 0.007031 0.019136
0 0.091102 0.090586 0.007031 0.019136
0 0.090842 0.090586 0.007031 0.019136
0 0.090625 0.090586 0.007118 0.019136
0 0.090365 0.091049 0.007118 0.019136
0 0.090365 0.091049 0.007118 0.019136
0 0.090104 0.091049 0.007118 0.019136
0 0.089887 0.091435 0.007031 0.018981
0 0.089627 0.091435 0.007031 0.018981
0 0.089410 0.091435 0.007118 0.018981
0 0.089410 0.091898 0.007118 0.018981
0 0.086458 0.092284 0.007118 0.019136
0 0.083767 0.093210 0.007118 0.019136
0 0.081076 0.094059 0.007118 0.018981
0 0.078429 0.094444 0.007031 0.019136
0 0.075738 0.095370 0.007031 0.019136
0 0.073047 0.096219 0.007031 0.018981
0 0.070356 0.096682 0.007031 0.018981
0 0.067665 0.097531 0.007031 0.019136
0 0.064974 0.098380 0.007031 0.018981
0 0.062326 0.099228 0.007118 0.019136
0 0.062326 0.099228 0.007118 0.019136
0 0.062326 0.099228 0.007118 0.019136
0 0.062326 0.099228 0.007118 0.019136
0 0.062326 0.099228 0.007118 0.019136
0 0.062326 0.099228 0.007118 0.019136
0 0.062326 0.099228 0.007118 0.019136
0 0.062326 0.099228 0.007118 0.019136
0 0.062326 0.099228 0.007118 0.019136
0 0.062326 0.099228 0.007118 0.019136
0 0.062326 0.099228 0.007118 0.019136
0 0.062326 0.099228 0.007118 0.019136
0 0.062326 0.099228 0.007118 0.019136
0 0.062326 0.099228 0.007118 0.019136
0 0.062326 0.099228 0.007118 0.019136
0 0.062326 0.099228 0.007118 0.019136
0 0.062326 0.099228 0.007118 0.019136
0 0.062326 0.099228 0.007118 0.019136
0 0.062326 0.099228 0.007118 0.019136
0 0.062326 0.099228 0.007118 0.019136
0 0.062326 0.099228 0.007118 0.019136
0 0.062326 0.099228 0.007118 0.019136
0 0.062326 0.099228 0.007118 0.019136
0 0.062326 0.099228 0.007118 0.019136
0 0.062326 0.099228 0.007118 0.019136
0 0.062326 0.099228 0.007118 0.019136
0 0.062326 0.099228 0.007118 0.019136
0 0.062326 0.099228 0.007118 0.019136
0 0.062326 0.099228 0.007118 0.019136
0 0.062326 0.099228 0.007118 0.019136
0 0.062326 0.099228 0.007118 0.019136
