0 0.057422 0.073457 0.007552 0.017901
0 0.057422 0.073611 0.007552 0.018210
0 0.057682 0.074074 0.007552 0.018210
0 0.057943 0.074537 0.007552 0.018210
0 0.057943 0.075000 0.007552 0.018210
0 0.058160 0.075463 0.007639 0.018210
0 0.058377 0.075617 0.007552 0.018519
0 0.058377 0.076003 0.007552 0.018673
0 0.058637 0.076466 0.007552 0.018673
0 0.058898 0.076929 0.007552 0.018673
0 0.059158 0.077623 0.007552 0.019136
0 0.059158 0.078009 0.007552 0.018981
0 0.059158 0.078395 0.007552 0.019136
0 0.059158 0.078858 0.007552 0.019136
0 0.059158 0.079321 0.007552 0.019136
0 0.059158 0.079784 0.007552 0.019136
0 0.059158 0.080170 0.007552 0.018981
0 0.059158 0.080633 0.007552 0.018981
0 0.059158 0.081019 0.007552 0.019136
0 0.059158 0.081481 0.007552 0.019136
0 0.059375 0.082330 0.007639 0.018981
0 0.059592 0.082330 0.007552 0.018981
0 0.059852 0.082793 0.007552 0.018981
0 0.060113 0.082793 0.007552 0.018981
0 0.060373 0.083179 0.007552 0.019136
0 0.060590 0.083642 0.007639 0.019136
0 0.060807 0.083642 0.007552 0.019136
0 0.061068 0.084105 0.007552 0.019136
0 0.061328 0.084105 0.007552 0.019136
0 0.061589 0.084568 0.007552 0.019136
0 0.061849 0.084954 0.007552 0.018981
0 0.061849 0.085340 0.007552 0.019136
0 0.062066 0.085802 0.007639 0.019136
0 0.062283 0.086265 0.007552 0.019136
0 0.062543 0.086728 0.007552 0.019136
0 0.062804 0.087114 0.007552 0.018981
0 0.062804 0.087577 0.007552 0.018981
0 0.063064 0.087963 0.007552 0.019136
0 0.063281 0.088426 0.007639 0.019136
0 0.063498 0.088889 0.007552 0.019136
0 0.063759 0.089738 0.007552 0.018981
0 0.064280 0.089738 0.007552 0.018981
0 0.064974 0.090123 0.007552 0.019136
0 0.065495 0.090586 0.007552 0.019136
0 0.066189 0.091049 0.007552 0.019136
0 0.066970 0.091435 0.007552 0.018981
0 0.067405 0.091435 0.007552 0.018981
0 0.068186 0.091898 0.007552 0.018981
0 0.068620 0.092284 0.007552 0.019136
0 0.069401 0.092747 0.007552 0.019136
0 0.070095 0.093210 0.007552 0.019136
0 0.070356 0.093210 0.007552 0.019136
0 0.070877 0.093673 0.007552 0.019136
0 0.071311 0.094059 0.007552 0.018981
0 0.071832 0.094444 0.007552 0.019136
0 0.072309 0.094907 0.007639 0.019136
0 0.072786 0.094907 0.007552 0.019136
0 0.073307 0.095370 0.007552 0.019136
0 0.073741 0.095833 0.007552 0.019136
0 0.074262 0.096219 0.007552 0.018981
0 0.074783 0.096682 0.007552 0.018981
0 0.075217 0.097068 0.007552 0.019136
0 0.075998 0.097531 0.007552 0.019136
0 0.076432 0.097994 0.007552 0.019136
0 0.077214 0.098380 0.007552 0.018981
0 0.077648 0.098843 0.007552 0.018981
0 0.078429 0.099228 0.007552 0.019136
0 0.078863 0.099691 0.007552 0.019136
0 0.079644 0.100154 0.007552 0.019136
0 0.080122 0.100617 0.007639 0.019136
0 0.080859 0.101003 0.007552 0.018981
0 0.081337 0.101003 0.007639 0.018981
0 0.081814 0.101389 0.007552 0.019136
0 0.082335 0.101852 0.007552 0.019136
0 0.082769 0.101852 0.007552 0.019136
0 0.083550 0.102315 0.007552 0.019136
0 0.084028 0.102778 0.007639 0.019136
0 0.084505 0.102778 0.007552 0.019136
0 0.085026 0.103164 0.007552 0.018981
0 0.085460 0.103627 0.007552 0.018981
0 0.086241 0.104012 0.007552 0.019136
0 0.086675 0.104012 0.007552 0.019136
0 0.087196 0.104475 0.007552 0.019136
0 0.087717 0.104938 0.007552 0.019136
0 0.088151 0.105324 0.007552 0.018981
0 0.088672 0.105787 0.007552 0.018981
0 0.089149 0.106173 0.007639 0.019136
0 0.089627 0.106636 0.007552 0.019136
0 0.090148 0.107099 0.007552 0.019136
0 0.090582 0.107562 0.007552 0.019136
0 0.091102 0.107948 0.007552 0.018981
0 0.091363 0.108333 0.007552 0.019136
0 0.091623 0.108796 0.007552 0.019136
0 0.091797 0.109722 0.007552 0.019136
0 0.092057 0.110108 0.007552 0.018981
0 0.092318 0.110957 0.007552 0.019136
0 0.092578 0.111420 0.007552 0.019136
0 0.092839 0.111883 0.007552 0.019136
0 0.093056 0.112731 0.007639 0.018981
0 0.093273 0.113117 0.007552 0.019136
0 0.093533 0.114043 0.007552 0.019136
0 0.093793 0.114043 0.007552 0.019136
0 0.094271 0.114429 0.007639 0.018981
0 0.094488 0.114892 0.007552 0.018981
0 0.095009 0.115278 0.007552 0.019136
0 0.095486 0.115741 0.007639 0.019136
0 0.095703 0.116204 0.007552 0.019136
0 0.096224 0.116667 0.007552 0.019136
0 0.096484 0.117052 0.007552 0.018981
0 0.096918 0.117438 0.007552 0.019136
0 0.097439 0.117901 0.007552 0.019136
0 0.096918 0.118827 0.007552 0.019136
0 0.096484 0.120062 0.007552 0.019136
0 0.096224 0.121373 0.007552 0.018981
0 0.095703 0.122222 0.007552 0.019136
0 0.095486 0.123611 0.007639 0.019136
0 0.095009 0.124846 0.007552 0.019136
0 0.094488 0.125772 0.007552 0.019136
0 0.094271 0.127006 0.007639 0.019136
0 0.093793 0.128318 0.007552 0.018981
0 0.093533 0.129630 0.007552 0.019136
0 0.092578 0.130941 0.007552 0.018981
0 0.091797 0.132253 0.007552 0.019136
0 0.091102 0.133951 0.007552 0.019136
0 0.090148 0.135262 0.007552 0.018981
0 0.089366 0.137037 0.007552 0.019136
0 0.088672 0.138272 0.007552 0.019136
0 0.087717 0.139660 0.007552 0.019136
0 0.086936 0.141358 0.007552 0.019136
0 0.086241 0.142670 0.007552 0.018981
0 0.085460 0.144367 0.007552 0.018981
0 0.084766 0.145679 0.007552 0.019136
0 0.084028 0.146991 0.007639 0.018981
0 0.083550 0.148302 0.007552 0.019136
0 0.082769 0.149537 0.007552 0.019136
0 0.082335 0.151312 0.007552 0.018981
0 0.081554 0.152623 0.007552 0.019136
0 0.080859 0.153935 0.007552 0.018981
0 0.080339 0.155247 0.007552 0.019136
0 0.079644 0.156481 0.007552 0.019136
0 0.079123 0.158256 0.007552 0.018981
0 0.079384 0.158256 0.007552 0.018981
0 0.079905 0.158719 0.007552 0.018981
0 0.080122 0.158719 0.007639 0.018981
0 0.080599 0.159105 0.007552 0.019136
0 0.081120 0.159568 0.007552 0.019136
0 0.081337 0.159568 0.007639 0.019136
0 0.081814 0.160031 0.007552 0.019136
0 0.082075 0.160031 0.007552 0.019136
0 0.082552 0.160417 0.007639 0.018981
0 0.083030 0.160880 0.007552 0.018981
0 0.083811 0.160880 0.007552 0.018981
0 0.084505 0.160880 0.007552 0.018981
0 0.085243 0.160880 0.007639 0.018981
0 0.085981 0.160880 0.007552 0.018981
0 0.086675 0.160880 0.007552 0.018981
0 0.087457 0.160880 0.007552 0.018981
0 0.088151 0.160880 0.007552 0.018981
0 0.088932 0.160880 0.007552 0.018981
0 0.089627 0.160880 0.007552 0.018981
0 0.090365 0.160880 0.007639 0.018981
0 0.090712 0.161265 0.007812 0.019136
0 0.091233 0.161728 0.007812 0.019136
0 0.091710 0.162654 0.007726 0.019136
0 0.092187 0.163040 0.007812 0.018981
0 0.092839 0.163889 0.008073 0.019136
0 0.093273 0.164352 0.008073 0.019136
0 0.093793 0.164815 0.008073 0.019136
0 0.094271 0.165664 0.007986 0.018981
0 0.094748 0.166049 0.008073 0.019136
0 0.095356 0.166975 0.008247 0.019136
0 0.095833 0.167130 0.008333 0.019444
0 0.096354 0.167593 0.008333 0.019444
0 0.096832 0.168056 0.008247 0.019444
0 0.097309 0.168441 0.008333 0.019599
0 0.097830 0.168904 0.008333 0.019599
0 0.098307 0.169290 0.008247 0.019444
0 0.098785 0.169753 0.008333 0.019444
0 0.099262 0.170216 0.008247 0.019444
0 0.099740 0.170602 0.008333 0.019599
0 0.100260 0.171065 0.008333 0.019599
