0 0.169314 0.085185 0.005816 0.022222
0 0.169184 0.085185 0.006076 0.022222
0 0.169184 0.085185 0.006076 0.022222
0 0.169184 0.085417 0.006076 0.021759
0 0.169184 0.085571 0.006076 0.022068
0 0.169184 0.085802 0.006076 0.021605
0 0.169184 0.085802 0.006076 0.021605
0 0.169184 0.086034 0.006076 0.022068
0 0.169184 0.086265 0.006076 0.021605
0 0.169184 0.086265 0.006076 0.021605
0 0.169314 0.086651 0.006337 0.021759
0 0.169054 0.086651 0.006337 0.021759
0 0.168793 0.086651 0.006337 0.021759
0 0.168576 0.086651 0.006424 0.021759
0 0.168359 0.086651 0.006337 0.021759
0 0.168099 0.086651 0.006337 0.021759
0 0.167839 0.086651 0.006337 0.021759
0 0.167578 0.086651 0.006337 0.021759
0 0.167318 0.086651 0.006337 0.021759
0 0.167144 0.086651 0.006337 0.021759
0 0.167014 0.086651 0.006076 0.021759
0 0.166233 0.086651 0.006076 0.021759
0 0.165799 0.087114 0.006076 0.021759
0 0.165278 0.087346 0.006076 0.022222
0 0.164800 0.087577 0.006163 0.021759
0 0.164323 0.087963 0.006076 0.021605
0 0.163802 0.088194 0.006076 0.022068
0 0.163325 0.088426 0.006163 0.021605
0 0.162847 0.088657 0.006076 0.022068
0 0.162326 0.089120 0.006076 0.022068
0 0.161892 0.089506 0.006076 0.022222
0 0.162023 0.089506 0.006337 0.022222
0 0.162196 0.089506 0.006337 0.022222
0 0.162457 0.089892 0.006337 0.022068
0 0.162717 0.089892 0.006337 0.022068
0 0.162977 0.090355 0.006337 0.022068
0 0.163238 0.090355 0.006337 0.022068
0 0.163455 0.090355 0.006424 0.022068
0 0.163672 0.090818 0.006337 0.022068
0 0.163932 0.090818 0.006337 0.022068
0 0.164193 0.091281 0.006337 0.022068
0 0.163932 0.091281 0.006337 0.022068
0 0.163672 0.091281 0.006337 0.022068
0 0.163455 0.091281 0.006424 0.022068
0 0.163238 0.091281 0.006337 0.022068
0 0.163238 0.091281 0.006337 0.022068
0 0.162977 0.091281 0.006337 0.022068
0 0.162717 0.091281 0.006337 0.022068
0 0.162457 0.091281 0.006337 0.022068
0 0.162196 0.091281 0.006337 0.022068
0 0.162196 0.091281 0.006337 0.022068
0 0.162717 0.091281 0.006337 0.022068
0 0.163455 0.091667 0.006424 0.022222
0 0.163932 0.091667 0.006337 0.022222
0 0.164670 0.092130 0.006424 0.022222
0 0.165148 0.092130 0.006337 0.022222
0 0.165929 0.092515 0.006337 0.022068
0 0.166363 0.092515 0.006337 0.022068
0 0.167144 0.092978 0.006337 0.022068
0 0.167578 0.092978 0.006337 0.022068
0 0.168359 0.093441 0.006337 0.022068
0 0.169054 0.093827 0.006337 0.022222
0 0.169835 0.094290 0.006337 0.022222
0 0.170530 0.094676 0.006337 0.022068
0 0.171224 0.095139 0.006337 0.022068
0 0.172005 0.095602 0.006337 0.022068
0 0.172700 0.095988 0.006337 0.022222
0 0.173481 0.096451 0.006337 0.022222
0 0.174175 0.096836 0.006337 0.022068
0 0.174957 0.097299 0.006337 0.022068
0 0.175651 0.097762 0.006337 0.022068
0 0.175651 0.097762 0.006337 0.022068
0 0.175651 0.097762 0.006337 0.022068
0 0.175651 0.097762 0.006337 0.022068
0 0.175651 0.097762 0.006337 0.022068
0 0.175651 0.097762 0.006337 0.022068
0 0.175651 0.097762 0.006337 0.022068
0 0.175651 0.097762 0.006337 0.022068
0 0.175651 0.097762 0.006337 0.022068
0 0.175651 0.097762 0.006337 0.022068
0 0.175651 0.097762 0.006337 0.022068
0 0.175391 0.098225 0.006337 0.022068
0 0.175391 0.098611 0.006337 0.022222
0 0.175130 0.099074 0.006337 0.022222
0 0.175130 0.099460 0.006337 0.022068
0 0.174957 0.099923 0.006337 0.022068
0 0.174957 0.100386 0.006337 0.022068
0 0.174696 0.100772 0.006337 0.022222
0 0.174696 0.101235 0.006337 0.022222
0 0.174436 0.101620 0.006337 0.022068
0 0.174436 0.102083 0.006337 0.022068
0 0.174436 0.102083 0.006337 0.022068
0 0.174436 0.102083 0.006337 0.022068
0 0.174436 0.102083 0.006337 0.022068
0 0.174436 0.102083 0.006337 0.022068
0 0.174436 0.102083 0.006337 0.022068
0 0.174436 0.102083 0.006337 0.022068
0 0.174436 0.102083 0.006337 0.022068
0 0.174436 0.102083 0.006337 0.022068
0 0.174436 0.102083 0.006337 0.022068
0 0.174436 0.102083 0.006337 0.022068
0 0.174696 0.102546 0.006337 0.022068
0 0.174957 0.103395 0.006337 0.022222
0 0.175130 0.104244 0.006337 0.022068
0 0.175391 0.105170 0.006337 0.022068
0 0.175651 0.106019 0.006337 0.022222
0 0.175911 0.106404 0.006337 0.022068
0 0.176172 0.107330 0.006337 0.022068
0 0.176345 0.108179 0.006337 0.022222
0 0.176606 0.109028 0.006337 0.022068
0 0.176866 0.109877 0.006337 0.022222
0 0.176866 0.109877 0.006337 0.022222
0 0.177127 0.110340 0.006337 0.022222
0 0.177127 0.110340 0.006337 0.022222
0 0.177387 0.110725 0.006337 0.022068
0 0.177387 0.111188 0.006337 0.022068
0 0.177604 0.111188 0.006424 0.022068
0 0.177604 0.111651 0.006424 0.022068
0 0.177821 0.111651 0.006337 0.022068
0 0.177821 0.112037 0.006337 0.022222
0 0.178082 0.112500 0.006337 0.022222
0 0.178342 0.112886 0.006337 0.022068
0 0.178602 0.113349 0.006337 0.022068
0 0.178863 0.113812 0.006337 0.022068
0 0.179297 0.114275 0.006337 0.022068
0 0.179557 0.114660 0.006337 0.022222
0 0.179818 0.115123 0.006337 0.022222
0 0.180252 0.115509 0.006337 0.022068
0 0.180512 0.115972 0.006337 0.022068
0 0.180773 0.116435 0.006337 0.022068
0 0.181293 0.117284 0.006337 0.022222
0 0.181510 0.117284 0.006424 0.022222
0 0.181727 0.117284 0.006337 0.022222
0 0.182248 0.117284 0.006337 0.022222
0 0.182509 0.117284 0.006337 0.022222
0 0.182943 0.117284 0.006337 0.022222
0 0.183203 0.117284 0.006337 0.022222
0 0.183464 0.117284 0.006337 0.022222
0 0.183984 0.117284 0.006337 0.022222
0 0.184158 0.117284 0.006337 0.022222
0 0.184679 0.117670 0.006337 0.022068
0 0.184679 0.117670 0.006337 0.022068
0 0.184939 0.117670 0.006337 0.022068
0 0.185200 0.117670 0.006337 0.022068
0 0.185417 0.117670 0.006424 0.022068
0 0.185634 0.117670 0.006337 0.022068
0 0.185894 0.117670 0.006337 0.022068
0 0.186155 0.117670 0.006337 0.022068
0 0.186415 0.117670 0.006337 0.022068
0 0.186632 0.117670 0.006424 0.022068
0 0.186849 0.118133 0.006337 0.022068
0 0.187109 0.115123 0.006337 0.022222
0 0.187630 0.112500 0.006337 0.022222
0 0.188064 0.109877 0.006337 0.022222
0 0.188325 0.106867 0.006337 0.022068
0 0.188845 0.104244 0.006337 0.022068
0 0.189280 0.101620 0.006337 0.022068
0 0.189540 0.098611 0.006337 0.022222
0 0.190061 0.095988 0.006337 0.022222
0 0.190538 0.093441 0.006424 0.022068
0 0.191016 0.090818 0.006337 0.022068
0 0.191276 0.091281 0.006337 0.022068
0 0.191797 0.092130 0.006337 0.022222
0 0.191970 0.092515 0.006337 0.022068
0 0.192491 0.093441 0.006337 0.022068
0 0.192752 0.093827 0.006337 0.022222
0 0.193186 0.094676 0.006337 0.022068
0 0.193446 0.095139 0.006337 0.022068
0 0.193967 0.095988 0.006337 0.022222
0 0.194227 0.096451 0.006337 0.022222
0 0.194661 0.097299 0.006337 0.022068
0 0.194922 0.097762 0.006337 0.022068
0 0.195182 0.098457 0.006337 0.022531
0 0.195573 0.099228 0.006597 0.022531
0 0.195747 0.099923 0.006597 0.022994
0 0.196137 0.100849 0.006858 0.022994
0 0.196398 0.101157 0.006858 0.022994
0 0.196745 0.102083 0.007031 0.022994
0 0.197005 0.102778 0.007031 0.023457
0 0.197396 0.103549 0.007292 0.023457
0 0.197613 0.104244 0.007378 0.023920
