0 0.210807 0.106636 0.006337 0.016358
0 0.210807 0.107022 0.006337 0.016512
0 0.211068 0.107485 0.006337 0.016512
0 0.211241 0.107948 0.006337 0.016512
0 0.211502 0.108873 0.006337 0.016512
0 0.211762 0.109182 0.006337 0.016512
0 0.211892 0.109645 0.006076 0.016512
0 0.212153 0.110571 0.006076 0.016512
0 0.212370 0.111034 0.006163 0.016512
0 0.212630 0.111420 0.006163 0.016358
0 0.212847 0.112269 0.006076 0.016512
0 0.213845 0.112731 0.006163 0.016512
0 0.215061 0.113580 0.006163 0.016358
0 0.216276 0.114429 0.006163 0.016512
0 0.217274 0.115355 0.006076 0.016512
0 0.218490 0.116127 0.006076 0.016512
0 0.219705 0.117052 0.006076 0.016512
0 0.220660 0.117978 0.006076 0.016512
0 0.221875 0.118750 0.006076 0.016512
0 0.223090 0.119676 0.006076 0.016512
0 0.224306 0.120525 0.006076 0.016358
0 0.224436 0.120910 0.006337 0.016512
0 0.224696 0.121836 0.006337 0.016512
0 0.224957 0.122685 0.006337 0.016358
0 0.225087 0.123534 0.006597 0.016512
0 0.225347 0.124460 0.006597 0.016512
0 0.225521 0.124923 0.006597 0.016512
0 0.225651 0.125694 0.006858 0.016512
0 0.225911 0.126620 0.006858 0.016512
0 0.226172 0.127469 0.006858 0.016358
0 0.226519 0.128318 0.007031 0.016512
0 0.226042 0.128318 0.007118 0.016512
0 0.225781 0.128781 0.007118 0.016512
0 0.225564 0.128781 0.007031 0.016512
0 0.225087 0.129244 0.007118 0.016512
0 0.224826 0.129244 0.007118 0.016512
0 0.224566 0.129630 0.007118 0.016358
0 0.224089 0.129630 0.007031 0.016358
0 0.223828 0.130015 0.007031 0.016512
0 0.223611 0.130015 0.007118 0.016512
0 0.223351 0.130478 0.007118 0.016512
0 0.223611 0.130941 0.007118 0.016512
0 0.224089 0.131790 0.007031 0.016358
0 0.224566 0.132639 0.007118 0.016512
0 0.224826 0.133565 0.007118 0.016512
0 0.225304 0.134414 0.007031 0.016358
0 0.225781 0.134799 0.007118 0.016512
0 0.226042 0.135725 0.007118 0.016512
0 0.226519 0.136574 0.007031 0.016358
0 0.226997 0.137423 0.007118 0.016512
0 0.227517 0.138349 0.007118 0.016512
0 0.227517 0.138349 0.007118 0.016512
0 0.227517 0.138735 0.007118 0.016358
0 0.227517 0.139120 0.007118 0.016512
0 0.227517 0.139583 0.007118 0.016512
0 0.227517 0.140046 0.007118 0.016512
0 0.227517 0.140046 0.007118 0.016512
0 0.227517 0.140509 0.007118 0.016512
0 0.227517 0.140972 0.007118 0.016512
0 0.227517 0.141358 0.007118 0.016358
0 0.227734 0.141744 0.007031 0.016512
0 0.227517 0.137886 0.007118 0.016512
0 0.227257 0.134414 0.007118 0.016358
0 0.226997 0.130941 0.007118 0.016512
0 0.226997 0.127238 0.007118 0.016821
0 0.226780 0.123765 0.007031 0.016975
0 0.226519 0.120293 0.007031 0.016821
0 0.226519 0.116590 0.007031 0.017438
0 0.226302 0.113117 0.007118 0.017284
0 0.226042 0.109645 0.007118 0.017438
0 0.226042 0.106173 0.007118 0.017284
0 0.225781 0.107485 0.007118 0.017438
0 0.225564 0.108796 0.007031 0.017284
0 0.225304 0.110108 0.007031 0.017438
0 0.225087 0.111883 0.007118 0.017284
0 0.224826 0.113117 0.007118 0.017284
0 0.224566 0.114429 0.007118 0.017438
0 0.224349 0.116204 0.007031 0.017284
0 0.224089 0.117515 0.007031 0.017438
0 0.223828 0.118827 0.007031 0.017284
0 0.223611 0.120525 0.007118 0.017284
0 0.223351 0.126157 0.007118 0.017438
0 0.223134 0.132253 0.007031 0.017284
0 0.222873 0.137886 0.007031 0.017438
0 0.222873 0.143981 0.007031 0.017284
0 0.222613 0.150000 0.007031 0.017284
0 0.222396 0.155633 0.007118 0.017438
0 0.222396 0.161728 0.007118 0.017284
0 0.222135 0.167361 0.007118 0.017438
0 0.221875 0.173457 0.007118 0.017284
0 0.221875 0.179552 0.007118 0.017438
0 0.221875 0.179552 0.007118 0.017438
0 0.221875 0.179552 0.007118 0.017438
0 0.221875 0.179552 0.007118 0.017438
0 0.221875 0.179552 0.007118 0.017438
0 0.221875 0.179552 0.007118 0.017438
0 0.221875 0.179552 0.007118 0.017438
0 0.221875 0.179552 0.007118 0.017438
0 0.221875 0.179552 0.007118 0.017438
0 0.221875 0.179552 0.007118 0.017438
0 0.221875 0.179552 0.007118 0.017438
0 0.225087 0.182562 0.007118 0.017284
0 0.228472 0.186034 0.007118 0.017438
0 0.231641 0.189506 0.007031 0.017284
0 0.235069 0.192747 0.007118 0.016975
0 0.238238 0.196219 0.007031 0.016821
0 0.241667 0.199460 0.007118 0.017438
0 0.244835 0.202778 0.007031 0.016975
0 0.248264 0.206173 0.007118 0.016975
0 0.251432 0.209645 0.007031 0.016821
0 0.254818 0.213117 0.007031 0.016975
0 0.254818 0.213117 0.007031 0.016975
0 0.254818 0.213117 0.007031 0.016975
0 0.254818 0.213117 0.007031 0.016975
0 0.254818 0.213117 0.007031 0.016975
0 0.254818 0.213117 0.007031 0.016975
0 0.254818 0.213117 0.007031 0.016975
0 0.254818 0.213117 0.007031 0.016975
0 0.254818 0.213117 0.007031 0.016975
0 0.254818 0.213117 0.007031 0.016975
0 0.254818 0.213117 0.007031 0.016975
0 0.259852 0.221373 0.007378 0.016821
0 0.264844 0.230093 0.007639 0.016975
0 0.269878 0.238272 0.007812 0.016975
0 0.274957 0.246991 0.008247 0.016821
0 0.279948 0.255478 0.008507 0.016512
0 0.284939 0.263889 0.008767 0.016975
0 0.290104 0.272299 0.009201 0.016512
0 0.295095 0.280864 0.009462 0.016975
0 0.300087 0.289275 0.009722 0.016512
0 0.305339 0.297917 0.009983 0.016512
0 0.305339 0.297917 0.009983 0.016512
0 0.305339 0.297917 0.009983 0.016512
0 0.305339 0.297917 0.009983 0.016512
0 0.305339 0.297917 0.009983 0.016512
0 0.305339 0.297917 0.009983 0.016512
0 0.305339 0.297917 0.009983 0.016512
0 0.305339 0.297917 0.009983 0.016512
0 0.305339 0.297917 0.009983 0.016512
0 0.305339 0.297917 0.009983 0.016512
0 0.305339 0.297917 0.009983 0.016512
0 0.296918 0.285802 0.009809 0.016358
0 0.288498 0.274151 0.009462 0.016512
0 0.280208 0.261960 0.009028 0.016512
0 0.271788 0.250231 0.008854 0.016512
0 0.263498 0.238040 0.008247 0.016512
0 0.255078 0.226312 0.008073 0.016512
0 0.246701 0.214275 0.007812 0.016512
0 0.238368 0.202546 0.007292 0.016512
0 0.229948 0.190355 0.007118 0.016512
0 0.221615 0.178627 0.006597 0.016512
0 0.214583 0.176929 0.006597 0.016512
0 0.207595 0.175617 0.006858 0.016358
0 0.200564 0.173843 0.006858 0.016512
0 0.193707 0.172608 0.006858 0.016512
0 0.186632 0.171219 0.006771 0.016512
0 0.179688 0.169522 0.007118 0.016512
0 0.172700 0.168287 0.006858 0.016512
0 0.165755 0.166512 0.007031 0.016358
0 0.158681 0.165201 0.007118 0.016512
0 0.151866 0.163966 0.007031 0.016512
0 0.150391 0.164352 0.007031 0.016358
0 0.148915 0.164738 0.007031 0.016512
0 0.147483 0.165201 0.007118 0.016512
0 0.146267 0.165664 0.007118 0.016512
0 0.144792 0.166512 0.007118 0.016358
0 0.143316 0.166898 0.007118 0.016512
0 0.142101 0.167361 0.007118 0.016512
0 0.140625 0.167824 0.007118 0.016512
0 0.139149 0.168287 0.007118 0.016512
0 0.137934 0.169059 0.007118 0.016512
0 0.137457 0.169059 0.007031 0.016512
0 0.137240 0.169522 0.007118 0.016512
0 0.136849 0.169985 0.007378 0.016512
0 0.136632 0.170448 0.007292 0.016512
0 0.136241 0.170448 0.007031 0.016512
0 0.135851 0.170833 0.007292 0.016358
0 0.135634 0.171219 0.007378 0.016512
0 0.135417 0.171682 0.007292 0.016512
