0 0.199306 0.139429 0.005382 0.022068
0 0.200304 0.139429 0.005295 0.022068
0 0.201302 0.139815 0.005382 0.022222
0 0.202257 0.140046 0.005382 0.022685
0 0.203342 0.140432 0.005122 0.022531
0 0.204427 0.140664 0.005382 0.022994
0 0.205425 0.140895 0.005295 0.022531
0 0.206554 0.141127 0.005122 0.022994
0 0.207509 0.141590 0.005122 0.022994
0 0.208464 0.141821 0.005122 0.023457
0 0.209679 0.142207 0.005122 0.023302
0 0.210460 0.142207 0.005122 0.023302
0 0.211285 0.142593 0.005382 0.023457
0 0.212109 0.143056 0.005642 0.023457
0 0.212977 0.143519 0.005816 0.023457
0 0.213845 0.143981 0.006163 0.023457
0 0.214583 0.144213 0.006076 0.023920
0 0.215408 0.144599 0.006337 0.023765
0 0.216319 0.145062 0.006597 0.023765
0 0.217144 0.145448 0.006858 0.023920
0 0.218099 0.145910 0.006858 0.023920
0 0.218837 0.146373 0.006771 0.023920
0 0.219575 0.146759 0.006858 0.023765
0 0.220312 0.147222 0.006771 0.023765
0 0.221050 0.147608 0.006858 0.023920
0 0.221745 0.148534 0.006858 0.023920
0 0.222526 0.148920 0.006858 0.023765
0 0.223220 0.149383 0.006858 0.023765
0 0.223958 0.149769 0.006771 0.023920
0 0.224696 0.150231 0.006858 0.023920
0 0.225434 0.151080 0.006771 0.023765
0 0.225911 0.151543 0.006858 0.023765
0 0.226649 0.152160 0.006771 0.024383
0 0.227387 0.152855 0.006858 0.024846
0 0.227995 0.153472 0.006510 0.025154
0 0.228733 0.154398 0.006597 0.025154
0 0.229340 0.154861 0.006771 0.025154
0 0.229948 0.155401 0.006597 0.025617
0 0.230642 0.156096 0.006597 0.026080
0 0.231424 0.156713 0.006597 0.026389
0 0.232118 0.157639 0.006597 0.026389
0 0.231901 0.157639 0.006510 0.026389
0 0.231771 0.158025 0.006771 0.026543
0 0.231641 0.158025 0.007031 0.026543
0 0.231641 0.158488 0.007031 0.026543
0 0.231510 0.158719 0.007292 0.026080
0 0.231380 0.158951 0.007552 0.026543
0 0.231380 0.159182 0.007552 0.026080
0 0.231250 0.159336 0.007812 0.026389
0 0.231163 0.159568 0.007986 0.025926
0 0.231163 0.159954 0.007986 0.026080
0 0.230686 0.159954 0.008073 0.026080
0 0.230425 0.160185 0.008073 0.025617
0 0.230035 0.160417 0.007812 0.026080
0 0.229861 0.160648 0.007812 0.025617
0 0.229601 0.160880 0.007812 0.026080
0 0.229080 0.161111 0.007812 0.025617
0 0.228819 0.161111 0.007812 0.025617
0 0.228516 0.161574 0.007552 0.025617
0 0.228255 0.161574 0.007552 0.025617
0 0.227995 0.161960 0.007552 0.025463
0 0.227604 0.161960 0.007812 0.025463
0 0.227344 0.162191 0.007812 0.025926
0 0.227040 0.162191 0.008073 0.025926
0 0.226780 0.162423 0.008073 0.026389
0 0.226389 0.162423 0.008333 0.026389
0 0.226172 0.162654 0.008247 0.026852
0 0.225781 0.162654 0.008507 0.026852
0 0.225564 0.162886 0.008594 0.027315
0 0.225217 0.162886 0.008767 0.027315
0 0.224957 0.163194 0.008767 0.027315
0 0.224436 0.163194 0.008767 0.027315
0 0.224132 0.163194 0.009028 0.027315
0 0.223741 0.163194 0.009288 0.027315
0 0.223351 0.163194 0.009549 0.027315
0 0.223090 0.163194 0.009549 0.027315
0 0.222743 0.163194 0.009722 0.027315
0 0.222352 0.163194 0.009983 0.027315
0 0.222049 0.163194 0.010243 0.027315
0 0.221658 0.163194 0.010503 0.027315
0 0.221398 0.163426 0.010503 0.026852
0 0.221398 0.163426 0.010503 0.026852
0 0.221658 0.163426 0.010503 0.026852
0 0.221918 0.163426 0.010503 0.026852
0 0.221918 0.163426 0.010503 0.026852
0 0.222135 0.163889 0.010417 0.026852
0 0.222352 0.163889 0.010503 0.026852
0 0.222352 0.163889 0.010503 0.026852
0 0.222613 0.163889 0.010503 0.026852
0 0.222873 0.163889 0.010503 0.026852
0 0.223134 0.164352 0.010503 0.026852
0 0.223134 0.164352 0.010503 0.026852
0 0.223134 0.164815 0.010503 0.026852
0 0.223134 0.164969 0.010503 0.026543
0 0.223134 0.165201 0.010503 0.027006
0 0.223264 0.165586 0.010243 0.026852
0 0.223264 0.165818 0.010243 0.026389
0 0.223264 0.166049 0.010243 0.026852
0 0.223264 0.166281 0.010243 0.026389
0 0.223264 0.166744 0.010243 0.026389
0 0.223351 0.167130 0.010069 0.026543
0 0.223220 0.166898 0.009809 0.026080
0 0.223351 0.166898 0.009549 0.026080
0 0.223351 0.166898 0.009549 0.026080
0 0.223481 0.166898 0.009288 0.026080
0 0.223481 0.166898 0.009288 0.026080
0 0.223481 0.166898 0.008767 0.026080
0 0.223481 0.166898 0.008767 0.026080
0 0.223611 0.166898 0.008507 0.026080
0 0.223611 0.166898 0.008507 0.026080
0 0.223741 0.166898 0.008247 0.026080
0 0.223611 0.166667 0.008507 0.025617
0 0.223481 0.166667 0.008767 0.025617
0 0.223351 0.166667 0.009028 0.025617
0 0.223351 0.166667 0.009028 0.025617
0 0.223220 0.166667 0.009288 0.025617
0 0.223090 0.166667 0.009549 0.025617
0 0.223090 0.166667 0.009549 0.025617
0 0.223003 0.166667 0.009722 0.025617
0 0.222873 0.166667 0.009983 0.025617
0 0.222873 0.166667 0.009983 0.025617
0 0.222873 0.166667 0.009983 0.025617
0 0.222873 0.166667 0.009983 0.025617
0 0.222873 0.166667 0.009983 0.025617
0 0.222873 0.166667 0.009983 0.025617
0 0.222873 0.166667 0.009983 0.025617
0 0.222873 0.166667 0.009983 0.025617
0 0.222873 0.166667 0.009983 0.025617
0 0.222873 0.166667 0.009983 0.025617
0 0.222873 0.166667 0.009983 0.025617
0 0.222873 0.166667 0.009983 0.025617
0 0.222613 0.166281 0.009983 0.025463
0 0.222352 0.166281 0.009983 0.025463
0 0.222352 0.166281 0.009983 0.025463
0 0.222135 0.165895 0.010069 0.025617
0 0.222135 0.165895 0.010069 0.025617
0 0.221918 0.165895 0.009983 0.025617
0 0.221658 0.165432 0.009983 0.025617
0 0.221658 0.165432 0.009983 0.025617
0 0.221398 0.165432 0.009983 0.025617
0 0.221398 0.165432 0.009983 0.025617
0 0.220920 0.164969 0.010069 0.025617
0 0.220703 0.164969 0.009983 0.025617
0 0.220443 0.164738 0.009983 0.026080
0 0.220052 0.164506 0.009722 0.025617
0 0.219835 0.164352 0.009809 0.025926
0 0.219444 0.164352 0.010069 0.025926
0 0.219097 0.163889 0.009722 0.025926
0 0.218837 0.163889 0.009722 0.025926
0 0.218576 0.163657 0.009722 0.026389
0 0.218359 0.163657 0.009809 0.026389
0 0.217882 0.163272 0.009722 0.026543
0 0.217622 0.163272 0.009722 0.026543
0 0.217361 0.162809 0.009722 0.026543
0 0.217144 0.162809 0.009809 0.026543
0 0.216884 0.162423 0.009809 0.026389
0 0.216667 0.162423 0.009722 0.026389
0 0.216406 0.161960 0.009722 0.026389
0 0.216146 0.161960 0.009722 0.026389
0 0.215929 0.161497 0.009809 0.026389
0 0.215668 0.161497 0.009809 0.026389
0 0.215191 0.161111 0.009722 0.026543
0 0.214931 0.160880 0.009722 0.027006
0 0.214583 0.160417 0.009549 0.027006
0 0.214193 0.160417 0.009809 0.027006
0 0.213976 0.160031 0.009722 0.026852
0 0.213585 0.159799 0.009462 0.027315
0 0.213238 0.159568 0.009809 0.026852
0 0.212847 0.159336 0.009549 0.027315
0 0.212630 0.158873 0.009462 0.027315
0 0.212370 0.158873 0.009462 0.027315
0 0.211892 0.158642 0.009549 0.027778
0 0.211632 0.158642 0.009549 0.027778
0 0.211155 0.158488 0.009462 0.028086
0 0.210938 0.158488 0.009549 0.028086
0 0.210547 0.158488 0.009288 0.028086
0 0.210156 0.158256 0.009549 0.028549
0 0.209809 0.158256 0.009201 0.028549
0 0.209592 0.158256 0.009288 0.028549
0 0.209071 0.158025 0.009288 0.029012
0 0.208811 0.158025 0.009288 0.029012
