0 0.123047 0.053318 0.005122 0.016512
0 0.122786 0.052855 0.005122 0.016512
0 0.122613 0.052855 0.005122 0.016512
0 0.122613 0.052855 0.005122 0.016512
0 0.122352 0.052855 0.005122 0.016512
0 0.122352 0.052855 0.005122 0.016512
0 0.122092 0.052855 0.005122 0.016512
0 0.121832 0.052855 0.005122 0.016512
0 0.121832 0.052855 0.005122 0.016512
0 0.121571 0.052855 0.005122 0.016512
0 0.121571 0.052855 0.005122 0.016512
0 0.121571 0.052855 0.005122 0.016512
0 0.121571 0.053086 0.005122 0.016049
0 0.121701 0.053086 0.005382 0.016049
0 0.121701 0.053318 0.005382 0.015586
0 0.121962 0.053472 0.005382 0.015278
0 0.121962 0.053472 0.005382 0.015278
0 0.121962 0.053704 0.005382 0.014815
0 0.122092 0.053704 0.005642 0.014815
0 0.122092 0.053935 0.005642 0.014352
0 0.122352 0.054398 0.005642 0.014352
0 0.122830 0.053935 0.005556 0.014352
0 0.123568 0.053472 0.005642 0.014352
0 0.124045 0.053472 0.005556 0.014352
0 0.124783 0.053009 0.005642 0.014352
0 0.125477 0.053009 0.005642 0.014352
0 0.125998 0.052623 0.005642 0.014198
0 0.126736 0.052238 0.005556 0.014352
0 0.127214 0.052238 0.005642 0.014352
0 0.127951 0.051775 0.005556 0.014352
0 0.128689 0.051775 0.005642 0.014352
0 0.128950 0.051312 0.005642 0.014352
0 0.129384 0.051312 0.005642 0.014352
0 0.129644 0.050849 0.005642 0.014352
0 0.130165 0.050849 0.005642 0.014352
0 0.130642 0.050849 0.005556 0.014352
0 0.130859 0.050463 0.005642 0.014198
0 0.131380 0.050463 0.005642 0.014198
0 0.131597 0.050077 0.005556 0.014352
0 0.132075 0.050077 0.005642 0.014352
0 0.132595 0.050077 0.005642 0.014352
0 0.132205 0.050077 0.005903 0.014352
0 0.131988 0.050077 0.005816 0.014352
0 0.131727 0.050077 0.005816 0.014352
0 0.131467 0.050077 0.005816 0.014352
0 0.131250 0.050077 0.005903 0.014352
0 0.130903 0.050077 0.006076 0.014352
0 0.130642 0.050077 0.006076 0.014352
0 0.130382 0.050077 0.006076 0.014352
0 0.130122 0.050077 0.006076 0.014352
0 0.129905 0.050077 0.006163 0.014352
0 0.129905 0.049614 0.006163 0.014352
0 0.129905 0.049614 0.006163 0.014352
0 0.129905 0.049614 0.006163 0.014352
0 0.129905 0.049614 0.006163 0.014352
0 0.130035 0.049614 0.005903 0.014352
0 0.130035 0.049151 0.005903 0.014352
0 0.130035 0.049151 0.005903 0.014352
0 0.130035 0.049151 0.005903 0.014352
0 0.130035 0.049151 0.005903 0.014352
0 0.130165 0.049151 0.005642 0.014352
0 0.130165 0.048688 0.005642 0.014352
0 0.130382 0.048688 0.005556 0.014352
0 0.130382 0.048688 0.005556 0.014352
0 0.130642 0.048688 0.005556 0.014352
0 0.130642 0.048688 0.005556 0.014352
0 0.130859 0.048302 0.005642 0.014198
0 0.130859 0.048302 0.005642 0.014198
0 0.131120 0.048302 0.005642 0.014198
0 0.131120 0.048302 0.005642 0.014198
0 0.131380 0.048302 0.005642 0.014198
0 0.131120 0.047917 0.005642 0.014352
0 0.131120 0.047917 0.005642 0.014352
0 0.130859 0.047917 0.005642 0.014352
0 0.130859 0.047917 0.005642 0.014352
0 0.130773 0.047917 0.005816 0.014352
0 0.130642 0.047685 0.005556 0.014815
0 0.130512 0.047685 0.005816 0.014815
0 0.130382 0.047685 0.005556 0.014815
0 0.130252 0.047685 0.005816 0.014815
0 0.130252 0.047685 0.005816 0.014815
0 0.129774 0.047222 0.005903 0.014815
0 0.129514 0.047222 0.005903 0.014815
0 0.129036 0.046759 0.005816 0.014815
0 0.128819 0.046759 0.005903 0.014815
0 0.128299 0.046373 0.005903 0.014660
0 0.128082 0.046373 0.005816 0.014660
0 0.127561 0.045910 0.005816 0.014660
0 0.127344 0.045910 0.005903 0.014660
0 0.126866 0.045448 0.005816 0.014660
0 0.126606 0.045448 0.005816 0.014660
0 0.126345 0.045062 0.005816 0.014815
0 0.126345 0.045062 0.005816 0.014815
0 0.126345 0.045062 0.005816 0.014815
0 0.126128 0.044599 0.005903 0.014815
0 0.126128 0.044599 0.005903 0.014815
0 0.126128 0.044599 0.005903 0.014815
0 0.125868 0.044136 0.005903 0.014815
0 0.125868 0.044136 0.005903 0.014815
0 0.125868 0.044136 0.005903 0.014815
0 0.125868 0.044136 0.005903 0.014815
0 0.126128 0.043750 0.005903 0.014660
0 0.126345 0.043287 0.005816 0.014660
0 0.126866 0.042901 0.005816 0.014815
0 0.127083 0.042438 0.005903 0.014815
0 0.127561 0.041975 0.005816 0.014815
0 0.127821 0.041590 0.005816 0.014660
0 0.128082 0.041127 0.005816 0.014660
0 0.128559 0.040741 0.005903 0.014815
0 0.128819 0.040278 0.005903 0.014815
0 0.129297 0.040278 0.005816 0.014815
0 0.130252 0.039429 0.005816 0.014660
0 0.131250 0.038966 0.005903 0.014660
0 0.132205 0.038117 0.005903 0.014815
0 0.133203 0.037654 0.005816 0.014815
0 0.134158 0.037191 0.005816 0.014815
0 0.135156 0.036343 0.005903 0.014660
0 0.136111 0.035957 0.005903 0.014815
0 0.137109 0.035031 0.005816 0.014815
0 0.138064 0.034645 0.005816 0.014660
0 0.139280 0.034182 0.005816 0.014660
0 0.139800 0.033796 0.005816 0.014815
0 0.140495 0.033333 0.005816 0.014815
0 0.141233 0.032870 0.005903 0.014815
0 0.141710 0.032485 0.005816 0.014660
0 0.142448 0.032022 0.005903 0.014660
0 0.143186 0.031636 0.005816 0.014815
0 0.143707 0.031173 0.005816 0.014815
0 0.144401 0.030710 0.005816 0.014815
0 0.145139 0.030247 0.005903 0.014815
0 0.145877 0.029861 0.005816 0.014660
0 0.146354 0.029398 0.005903 0.014660
0 0.147092 0.029398 0.005816 0.014660
0 0.147830 0.029012 0.005903 0.014815
0 0.148438 0.029012 0.006076 0.014815
0 0.149175 0.029012 0.006163 0.014815
0 0.149783 0.028549 0.005816 0.014815
0 0.150391 0.028549 0.006163 0.014815
0 0.151128 0.028086 0.006076 0.014815
0 0.151866 0.028086 0.006163 0.014815
0 0.152604 0.028086 0.006076 0.014815
0 0.153299 0.027701 0.006076 0.014660
0 0.154080 0.027238 0.006076 0.014660
0 0.154774 0.027238 0.006076 0.014660
0 0.155512 0.026852 0.006163 0.014815
0 0.156250 0.026852 0.006076 0.014815
0 0.156988 0.026389 0.006163 0.014815
0 0.157726 0.025926 0.006076 0.014815
0 0.158420 0.025926 0.006076 0.014815
0 0.159201 0.025540 0.006076 0.014660
0 0.159896 0.025540 0.006076 0.014660
0 0.160634 0.025077 0.006163 0.014660
0 0.161372 0.024691 0.006076 0.014815
0 0.162240 0.024691 0.005903 0.014815
0 0.163108 0.024228 0.006076 0.014815
0 0.163932 0.024228 0.005816 0.014815
0 0.164670 0.023765 0.005903 0.014815
0 0.165538 0.023380 0.006076 0.014660
0 0.166363 0.023380 0.005816 0.014660
0 0.167101 0.022917 0.005903 0.014660
0 0.168099 0.022917 0.005816 0.014660
0 0.169054 0.022917 0.005816 0.014660
0 0.170052 0.022917 0.005903 0.014660
0 0.171007 0.022917 0.005903 0.014660
0 0.172005 0.023380 0.005816 0.014660
0 0.173220 0.023380 0.005816 0.014660
0 0.174175 0.023380 0.005816 0.014660
0 0.175174 0.023765 0.005903 0.014815
0 0.176128 0.023765 0.005903 0.014815
0 0.177127 0.023765 0.005816 0.014815
0 0.178342 0.024228 0.005816 0.014815
0 0.178602 0.026389 0.005816 0.014815
0 0.179080 0.028549 0.005903 0.014815
0 0.179557 0.030710 0.005816 0.014815
0 0.180035 0.032870 0.005903 0.014815
0 0.180512 0.035031 0.005816 0.014815
0 0.181033 0.037654 0.005816 0.014815
0 0.181510 0.039815 0.005903 0.014815
0 0.181988 0.041975 0.005816 0.014815
0 0.182465 0.044136 0.005903 0.014815
0 0.182986 0.046373 0.005903 0.014660
