0 0.294488 0.204475 0.014149 0.023765
0 0.294488 0.204475 0.014149 0.023765
0 0.294488 0.204475 0.014149 0.023765
0 0.294488 0.204475 0.014149 0.023765
0 0.294488 0.204475 0.014149 0.023765
0 0.294488 0.204475 0.014149 0.023765
0 0.294488 0.204475 0.014149 0.023765
0 0.294488 0.204475 0.014149 0.023765
0 0.294488 0.204475 0.014149 0.023765
0 0.294488 0.204475 0.014149 0.023765
0 0.294488 0.204475 0.014149 0.023765
0 0.294488 0.204475 0.014149 0.023765
0 0.294488 0.204475 0.014149 0.023765
0 0.294488 0.204475 0.014149 0.023765
0 0.294488 0.204475 0.014149 0.023765
0 0.294488 0.204475 0.014149 0.023765
0 0.294488 0.204475 0.014149 0.023765
0 0.294488 0.204475 0.014149 0.023765
0 0.294488 0.204475 0.014149 0.023765
0 0.294488 0.204475 0.014149 0.023765
0 0.294488 0.204475 0.014149 0.023765
0 0.294488 0.204475 0.014149 0.023765
0 0.294488 0.204475 0.014149 0.023765
0 0.294488 0.204475 0.014149 0.023765
0 0.294488 0.204475 0.014149 0.023765
0 0.294488 0.204475 0.014149 0.023765
0 0.294488 0.204475 0.014149 0.023765
0 0.294488 0.204475 0.014149 0.023765
0 0.294488 0.204475 0.014149 0.023765
0 0.294488 0.204475 0.014149 0.023765
0 0.294488 0.204475 0.014149 0.023765
0 0.294488 0.204475 0.014149 0.023765
0 0.294488 0.204475 0.014149 0.023765
0 0.294488 0.204475 0.014149 0.023765
0 0.294488 0.204475 0.014149 0.023765
0 0.294488 0.204475 0.014149 0.023765
0 0.294488 0.204475 0.014149 0.023765
0 0.294488 0.204475 0.014149 0.023765
0 0.294488 0.204475 0.014149 0.023765
0 0.294488 0.204475 0.014149 0.023765
0 0.294488 0.204475 0.014149 0.023765
0 0.294488 0.204475 0.014149 0.023765
0 0.294488 0.204475 0.014149 0.023765
0 0.294488 0.204475 0.014149 0.023765
0 0.294488 0.204475 0.014149 0.023765
0 0.294488 0.204475 0.014149 0.023765
0 0.294488 0.204475 0.014149 0.023765
0 0.294488 0.204475 0.014149 0.023765
0 0.294488 0.204475 0.014149 0.023765
0 0.294488 0.204475 0.014149 0.023765
0 0.294488 0.204475 0.014149 0.023765
0 0.294488 0.204475 0.014149 0.023765
0 0.294488 0.204475 0.014149 0.023765
0 0.294488 0.204475 0.014149 0.023765
0 0.294488 0.204475 0.014149 0.023765
0 0.294488 0.204475 0.014149 0.023765
0 0.294488 0.204475 0.014149 0.023765
0 0.294488 0.204475 0.014149 0.023765
0 0.294488 0.204475 0.014149 0.023765
0 0.294488 0.204475 0.014149 0.023765
0 0.294488 0.204475 0.014149 0.023765
0 0.294488 0.204475 0.014149 0.023765
0 0.294488 0.204475 0.014149 0.023765
0 0.294488 0.204475 0.014149 0.023765
0 0.294488 0.204475 0.014149 0.023765
0 0.294488 0.204475 0.014149 0.023765
0 0.294488 0.204475 0.014149 0.023765
0 0.294488 0.204475 0.014149 0.023765
0 0.294488 0.204475 0.014149 0.023765
0 0.294488 0.204475 0.014149 0.023765
0 0.294488 0.204475 0.014149 0.023765
0 0.294488 0.204475 0.014149 0.023765
0 0.294488 0.204475 0.014149 0.023765
0 0.294488 0.204475 0.014149 0.023765
0 0.294488 0.204475 0.014149 0.023765
0 0.294488 0.204475 0.014149 0.023765
0 0.294488 0.204475 0.014149 0.023765
0 0.294488 0.204475 0.014149 0.023765
0 0.294488 0.204475 0.014149 0.023765
0 0.294488 0.204475 0.014149 0.023765
0 0.294488 0.204475 0.014149 0.023765
0 0.294488 0.204475 0.014149 0.023765
0 0.294488 0.204475 0.014149 0.023765
0 0.294488 0.204475 0.014149 0.023765
0 0.294488 0.204475 0.014149 0.023765
0 0.294488 0.204475 0.014149 0.023765
0 0.294488 0.204475 0.014149 0.023765
0 0.294488 0.204475 0.014149 0.023765
0 0.294488 0.204475 0.014149 0.023765
0 0.294488 0.204475 0.014149 0.023765
0 0.294488 0.204475 0.014149 0.023765
0 0.294488 0.204475 0.014149 0.023765
0 0.294488 0.204475 0.014149 0.023765
0 0.294488 0.204475 0.014149 0.023765
0 0.294488 0.204475 0.014149 0.023765
0 0.294488 0.204475 0.014149 0.023765
0 0.294488 0.204475 0.014149 0.023765
0 0.294488 0.204475 0.014149 0.023765
0 0.294488 0.204475 0.014149 0.023765
0 0.294488 0.204475 0.014149 0.023765
0 0.294488 0.204475 0.014149 0.023765
0 0.294488 0.204475 0.014149 0.023765
0 0.294488 0.204475 0.014149 0.023765
0 0.294488 0.204475 0.014149 0.023765
0 0.294488 0.204475 0.014149 0.023765
0 0.294488 0.204475 0.014149 0.023765
0 0.294488 0.204475 0.014149 0.023765
0 0.294488 0.204475 0.014149 0.023765
0 0.294488 0.204475 0.014149 0.023765
0 0.294488 0.204475 0.014149 0.023765
0 0.294488 0.204475 0.014149 0.023765
0 0.294488 0.204475 0.014149 0.023765
0 0.294488 0.204475 0.014149 0.023765
0 0.294488 0.204475 0.014149 0.023765
0 0.294488 0.204475 0.014149 0.023765
0 0.294488 0.204475 0.014149 0.023765
0 0.294488 0.204475 0.014149 0.023765
0 0.294488 0.204475 0.014149 0.023765
0 0.294488 0.204475 0.014149 0.023765
0 0.294488 0.204475 0.014149 0.023765
0 0.294488 0.204475 0.014149 0.023765
0 0.294488 0.204475 0.014149 0.023765
0 0.294488 0.204475 0.014149 0.023765
0 0.294488 0.204475 0.014149 0.023765
0 0.294488 0.204475 0.014149 0.023765
0 0.294488 0.204475 0.014149 0.023765
0 0.294488 0.204475 0.014149 0.023765
0 0.294488 0.204475 0.014149 0.023765
0 0.294488 0.204475 0.014149 0.023765
0 0.294488 0.204475 0.014149 0.023765
0 0.294488 0.204475 0.014149 0.023765
0 0.297786 0.207716 0.013455 0.024383
0 0.301172 0.211188 0.012934 0.024228
0 0.304644 0.214429 0.012413 0.024846
0 0.307943 0.217901 0.011719 0.024691
0 0.311458 0.221605 0.010937 0.025309
0 0.314887 0.224846 0.010503 0.025617
0 0.318142 0.228318 0.009722 0.025463
0 0.321571 0.231559 0.009288 0.026080
0 0.325000 0.235031 0.008854 0.025926
0 0.328516 0.238735 0.008073 0.026543
0 0.326953 0.237037 0.008767 0.026543
0 0.325477 0.235262 0.009288 0.026389
0 0.323915 0.233565 0.009983 0.026389
0 0.322439 0.231790 0.010503 0.026543
0 0.320833 0.230324 0.011285 0.026080
0 0.319401 0.228549 0.011719 0.025926
0 0.317795 0.226775 0.012500 0.026080
0 0.316363 0.225077 0.012934 0.026080
0 0.314757 0.223380 0.013715 0.026080
0 0.313281 0.221759 0.014236 0.025617
0 0.311328 0.219830 0.014149 0.025154
0 0.309375 0.218133 0.014236 0.025154
0 0.307422 0.216435 0.014149 0.025154
0 0.305686 0.214660 0.014149 0.025309
0 0.303776 0.213117 0.014149 0.024691
0 0.301780 0.211188 0.014149 0.024228
0 0.300130 0.209491 0.014149 0.024228
0 0.298134 0.207716 0.014149 0.024383
0 0.296224 0.205941 0.014149 0.024228
0 0.294488 0.204475 0.014149 0.023765
0 0.292578 0.202469 0.014149 0.023457
0 0.290582 0.201003 0.014149 0.022994
0 0.288672 0.199074 0.014149 0.022531
0 0.286675 0.197531 0.014149 0.022222
0 0.284766 0.195756 0.014149 0.022068
0 0.282769 0.194059 0.014149 0.021142
0 0.280859 0.192284 0.014149 0.021296
0 0.278863 0.190586 0.014149 0.020370
0 0.276953 0.188889 0.014149 0.020370
0 0.275087 0.187346 0.013889 0.020062
0 0.273481 0.186265 0.014149 0.019444
0 0.272005 0.185417 0.014149 0.019599
0 0.270616 0.184491 0.014149 0.019599
0 0.269141 0.183642 0.014149 0.019444
0 0.267665 0.182793 0.014149 0.019599
0 0.266189 0.181944 0.014149 0.019444
0 0.264714 0.181019 0.014149 0.019444
0 0.263238 0.180170 0.014149 0.019599
0 0.261762 0.179321 0.014149 0.019444
0 0.260417 0.178472 0.014410 0.019599
