0 0.290451 0.324614 0.013368 0.013426
0 0.261285 0.292130 0.012153 0.012654
0 0.232378 0.259799 0.010937 0.011265
0 0.203342 0.227469 0.009462 0.009877
0 0.174306 0.194985 0.008507 0.009105
0 0.145399 0.162577 0.007292 0.007870
0 0.116363 0.130247 0.005816 0.006481
0 0.087326 0.097762 0.004861 0.005710
0 0.058290 0.065432 0.003385 0.004321
0 0.029384 0.033102 0.002170 0.002932
0 0.000477 0.000849 0.000955 0.001698
0 0.000477 0.000849 0.000955 0.001698
0 0.000477 0.000849 0.000955 0.001698
0 0.000477 0.000849 0.000955 0.001698
0 0.000477 0.000849 0.000955 0.001698
0 0.000477 0.000849 0.000955 0.001698
0 0.000477 0.000849 0.000955 0.001698
0 0.000477 0.000849 0.000955 0.001698
0 0.000477 0.000849 0.000955 0.001698
0 0.000477 0.000849 0.000955 0.001698
0 0.000477 0.000849 0.000955 0.001698
0 0.000477 0.000849 0.000955 0.001698
0 0.000477 0.000849 0.000955 0.001698
0 0.000477 0.000849 0.000955 0.001698
0 0.000477 0.000849 0.000955 0.001698
0 0.000477 0.000849 0.000955 0.001698
0 0.000477 0.000849 0.000955 0.001698
0 0.000477 0.000849 0.000955 0.001698
0 0.000477 0.000849 0.000955 0.001698
0 0.000477 0.000849 0.000955 0.001698
0 0.000477 0.000849 0.000955 0.001698
0 0.000477 0.000849 0.000955 0.001698
0 0.000477 0.000849 0.000955 0.001698
0 0.000477 0.000849 0.000955 0.001698
0 0.000477 0.000849 0.000955 0.001698
0 0.000477 0.000849 0.000955 0.001698
0 0.000477 0.000849 0.000955 0.001698
0 0.000477 0.000849 0.000955 0.001698
0 0.000477 0.000849 0.000955 0.001698
0 0.000477 0.000849 0.000955 0.001698
0 0.000477 0.000849 0.000955 0.001698
0 0.000477 0.000849 0.000955 0.001698
0 0.000477 0.000849 0.000955 0.001698
0 0.000477 0.000849 0.000955 0.001698
0 0.000477 0.000849 0.000955 0.001698
0 0.000477 0.000849 0.000955 0.001698
0 0.000477 0.000849 0.000955 0.001698
0 0.000477 0.000849 0.000955 0.001698
0 0.000477 0.000849 0.000955 0.001698
0 0.000477 0.000849 0.000955 0.001698
0 0.000477 0.000849 0.000955 0.001698
0 0.029470 0.033333 0.001997 0.002469
0 0.058637 0.065895 0.003212 0.003395
0 0.087674 0.098457 0.004167 0.004321
0 0.116970 0.131173 0.005122 0.005556
0 0.146007 0.163735 0.006076 0.006481
0 0.175174 0.196219 0.007292 0.007253
0 0.204297 0.229012 0.008073 0.008642
0 0.233464 0.261574 0.009288 0.009568
0 0.262500 0.294059 0.010243 0.010340
0 0.291797 0.326852 0.011198 0.011728
0 0.290451 0.325694 0.011458 0.013117
0 0.289106 0.325077 0.011719 0.014352
0 0.287760 0.324460 0.011979 0.015586
0 0.286545 0.323765 0.011979 0.016975
0 0.285200 0.323148 0.012240 0.018210
0 0.283898 0.322299 0.012413 0.019907
0 0.282682 0.321605 0.012413 0.021296
0 0.281337 0.320988 0.012674 0.022531
0 0.279991 0.320293 0.012934 0.023920
0 0.278906 0.319676 0.013194 0.025154
0 0.277561 0.318287 0.012934 0.025154
0 0.276432 0.317052 0.012760 0.025154
0 0.275347 0.315895 0.012500 0.025617
0 0.274089 0.314892 0.012413 0.025154
0 0.273003 0.313735 0.012153 0.025617
0 0.271918 0.312500 0.011892 0.025617
0 0.270703 0.311343 0.011892 0.025154
0 0.269575 0.310340 0.011719 0.025617
0 0.268490 0.309028 0.011458 0.025463
0 0.267405 0.308179 0.011198 0.025617
0 0.266189 0.306790 0.011198 0.025617
0 0.265234 0.305556 0.011198 0.025617
0 0.263976 0.304244 0.011285 0.025463
0 0.263021 0.303395 0.011285 0.025617
0 0.261762 0.302083 0.011198 0.025463
0 0.260807 0.300772 0.011198 0.025617
0 0.259592 0.299846 0.011198 0.025617
0 0.258637 0.298611 0.011198 0.025617
0 0.257422 0.297299 0.011198 0.025463
0 0.256424 0.296451 0.011285 0.025617
0 0.255078 0.295139 0.011024 0.025463
0 0.253993 0.294059 0.010764 0.025154
0 0.252778 0.292901 0.010764 0.025617
0 0.251562 0.291898 0.010243 0.025154
0 0.250347 0.290741 0.010243 0.025617
0 0.249219 0.289738 0.010069 0.025154
0 0.247873 0.288349 0.009809 0.025154
0 0.246788 0.287577 0.009549 0.025154
0 0.245573 0.286188 0.009549 0.025154
0 0.244488 0.285417 0.009288 0.025154
0 0.243490 0.284491 0.009201 0.025154
0 0.242622 0.283642 0.009549 0.025309
0 0.241667 0.282793 0.009549 0.025154
0 0.240929 0.282099 0.009462 0.024691
0 0.239931 0.281404 0.009549 0.025154
0 0.239106 0.280633 0.009809 0.025154
0 0.238238 0.279938 0.009462 0.024691
0 0.237413 0.279090 0.009722 0.024846
0 0.236415 0.278241 0.009809 0.024691
0 0.235677 0.277778 0.009722 0.024691
0 0.234809 0.277083 0.009549 0.025154
0 0.233984 0.276698 0.009288 0.025309
0 0.233160 0.276312 0.009028 0.025154
0 0.232378 0.275849 0.009028 0.025154
0 0.231554 0.275386 0.008767 0.025154
0 0.230686 0.274923 0.008594 0.025154
0 0.229948 0.274460 0.008507 0.025154
0 0.229080 0.274151 0.008333 0.025154
0 0.228255 0.273688 0.008073 0.025154
0 0.227604 0.273457 0.007812 0.025617
0 0.226649 0.272531 0.007812 0.025617
0 0.225825 0.272145 0.008073 0.025463
0 0.224913 0.271528 0.007812 0.025154
0 0.224089 0.271065 0.008073 0.025154
0 0.223351 0.270602 0.007986 0.025154
0 0.222352 0.269753 0.008073 0.025309
0 0.221528 0.269367 0.008333 0.025154
0 0.220703 0.268673 0.008073 0.024691
0 0.219835 0.268210 0.008247 0.024691
0 0.219097 0.267747 0.008333 0.024691
0 0.217882 0.266975 0.008333 0.024691
0 0.216884 0.266512 0.008247 0.024691
0 0.215929 0.266049 0.008247 0.024691
0 0.214800 0.265201 0.008073 0.024846
0 0.213845 0.264815 0.008073 0.024691
0 0.212760 0.264352 0.008333 0.024691
0 0.211675 0.263426 0.008073 0.024691
0 0.210677 0.263040 0.007986 0.024846
0 0.209679 0.262654 0.008073 0.024691
0 0.208724 0.262191 0.008073 0.024691
0 0.207509 0.261265 0.008073 0.024691
0 0.206293 0.260880 0.008073 0.024846
0 0.205078 0.260417 0.008073 0.024846
0 0.203863 0.260031 0.008073 0.024691
0 0.202865 0.259568 0.007986 0.024691
0 0.201649 0.258642 0.007986 0.024691
0 0.200391 0.258256 0.008073 0.024846
0 0.199175 0.257870 0.008073 0.024691
0 0.197960 0.257407 0.008073 0.024691
0 0.197005 0.256944 0.008073 0.024691
0 0.195530 0.256481 0.008073 0.024691
0 0.194314 0.256096 0.008073 0.024846
0 0.192839 0.255710 0.008073 0.024691
0 0.191623 0.255710 0.008073 0.024691
0 0.190408 0.255247 0.008073 0.024691
0 0.188932 0.254784 0.008073 0.024691
0 0.187717 0.254784 0.008073 0.024691
0 0.186241 0.254321 0.008073 0.024691
0 0.185026 0.253935 0.008073 0.024846
0 0.183811 0.253935 0.008073 0.024846
0 0.182335 0.253472 0.008073 0.024846
0 0.180903 0.253472 0.007986 0.024846
0 0.179427 0.253472 0.007986 0.024846
0 0.177995 0.253086 0.008073 0.024691
0 0.176519 0.253086 0.008073 0.024691
0 0.175043 0.253086 0.008073 0.024691
0 0.173568 0.252623 0.008073 0.024691
0 0.172092 0.252623 0.008073 0.024691
0 0.170660 0.252623 0.007986 0.024691
0 0.169184 0.252623 0.007986 0.024691
0 0.167969 0.252623 0.007986 0.024691
0 0.166970 0.252623 0.008073 0.024691
0 0.165755 0.252623 0.008073 0.024691
0 0.164800 0.252623 0.008073 0.024691
0 0.163585 0.252623 0.008073 0.024691
0 0.162630 0.252623 0.008073 0.024691
0 0.161372 0.252623 0.007986 0.024691
0 0.160373 0.252623 0.008073 0.024691
0 0.159158 0.252623 0.008073 0.024691
0 0.158203 0.252623 0.008073 0.024691
