0 0.075477 0.195370 0.008073 0.014198
0 0.075217 0.194290 0.008073 0.014815
0 0.075217 0.193364 0.008073 0.014815
0 0.075000 0.192515 0.007986 0.014660
0 0.075000 0.191667 0.007986 0.014815
0 0.074740 0.190818 0.007986 0.014660
0 0.074740 0.189969 0.007986 0.014815
0 0.074523 0.189043 0.008073 0.014815
0 0.074523 0.188194 0.008073 0.014660
0 0.074262 0.187346 0.008073 0.014815
0 0.074262 0.186651 0.008073 0.015278
0 0.074132 0.185802 0.008333 0.015123
0 0.074132 0.185185 0.008333 0.014815
0 0.074132 0.184491 0.008333 0.015278
0 0.074002 0.183873 0.008594 0.014660
0 0.074002 0.183179 0.008594 0.015123
0 0.074002 0.182562 0.008594 0.014815
0 0.073915 0.181713 0.008767 0.014660
0 0.073915 0.181250 0.008767 0.014660
0 0.073915 0.180401 0.008767 0.014815
0 0.074045 0.179938 0.009028 0.014815
0 0.074045 0.179090 0.009028 0.014660
0 0.074045 0.178627 0.009028 0.014660
0 0.074045 0.178241 0.009028 0.014815
0 0.074045 0.177778 0.009028 0.014815
0 0.074045 0.177315 0.009028 0.014815
0 0.074045 0.176466 0.009028 0.014660
0 0.074045 0.176080 0.009028 0.014815
0 0.074045 0.175617 0.009028 0.014815
0 0.074045 0.175154 0.009028 0.014815
0 0.074219 0.174769 0.009028 0.014660
0 0.074349 0.174306 0.008767 0.014660
0 0.074609 0.174074 0.008767 0.015123
0 0.074740 0.173843 0.008507 0.015586
0 0.075000 0.173688 0.008507 0.015278
0 0.075260 0.173457 0.008507 0.015741
0 0.075347 0.173302 0.008333 0.016049
0 0.075608 0.173071 0.008333 0.015586
0 0.075738 0.172840 0.008073 0.016049
0 0.075998 0.172608 0.008073 0.016512
0 0.076215 0.172608 0.007986 0.016512
0 0.076215 0.172145 0.007986 0.016512
0 0.076432 0.172145 0.008073 0.016512
0 0.076693 0.172145 0.008073 0.016512
0 0.076953 0.172145 0.008073 0.016512
0 0.077214 0.172145 0.008073 0.016512
0 0.077431 0.172145 0.007986 0.016512
0 0.077648 0.172145 0.008073 0.016512
0 0.077908 0.172145 0.008073 0.016512
0 0.078168 0.172145 0.008073 0.016512
0 0.078429 0.172145 0.008073 0.016512
0 0.078429 0.171682 0.008073 0.016512
0 0.078646 0.171682 0.007986 0.016512
0 0.078906 0.171451 0.007986 0.016049
0 0.078906 0.171451 0.007986 0.016049
0 0.079123 0.171451 0.008073 0.016049
0 0.079384 0.170988 0.008073 0.016049
0 0.079384 0.170988 0.008073 0.016049
0 0.079644 0.170833 0.008073 0.015741
0 0.079905 0.170833 0.008073 0.015741
0 0.080122 0.170833 0.007986 0.015741
0 0.080122 0.170833 0.007986 0.015741
0 0.080252 0.170833 0.008247 0.015741
0 0.080252 0.170833 0.008247 0.015741
0 0.080382 0.170833 0.008507 0.015741
0 0.080512 0.170833 0.008767 0.015741
0 0.080512 0.170833 0.008767 0.015741
0 0.080642 0.170833 0.009028 0.015741
0 0.080642 0.170833 0.009028 0.015741
0 0.080729 0.170833 0.009201 0.015741
0 0.080946 0.170833 0.009288 0.015741
0 0.080946 0.170448 0.009288 0.015586
0 0.080946 0.170448 0.009288 0.015586
0 0.080946 0.170448 0.009288 0.015586
0 0.081207 0.170448 0.009288 0.015586
0 0.081207 0.170448 0.009288 0.015586
0 0.081207 0.170448 0.009288 0.015586
0 0.081467 0.170448 0.009288 0.015586
0 0.081467 0.170448 0.009288 0.015586
0 0.081467 0.170448 0.009288 0.015586
0 0.081727 0.170448 0.009288 0.015586
0 0.085113 0.169059 0.009288 0.015586
0 0.088542 0.168056 0.009201 0.015123
0 0.092101 0.166975 0.009028 0.014815
0 0.095616 0.165895 0.009288 0.015123
0 0.099132 0.164815 0.009028 0.014815
0 0.102604 0.163657 0.009028 0.014352
0 0.106120 0.162577 0.009288 0.014660
0 0.109635 0.161497 0.009028 0.014352
0 0.113021 0.160494 0.009028 0.013889
0 0.116753 0.159568 0.009028 0.013889
0 0.121484 0.158642 0.008767 0.013889
0 0.126215 0.158102 0.008507 0.014352
0 0.130990 0.157176 0.008333 0.014352
0 0.135894 0.156559 0.008247 0.014660
0 0.140625 0.155864 0.007986 0.015123
0 0.145399 0.155015 0.007812 0.015278
0 0.150260 0.154398 0.007812 0.015586
0 0.155035 0.153472 0.007639 0.015586
0 0.159809 0.152778 0.007292 0.016049
0 0.164800 0.152238 0.007031 0.016512
0 0.165538 0.152238 0.007118 0.016512
0 0.166493 0.152238 0.007118 0.016512
0 0.167491 0.152238 0.007031 0.016512
0 0.168446 0.152392 0.007031 0.016821
0 0.169444 0.152623 0.007118 0.016358
0 0.170313 0.152623 0.007292 0.016358
0 0.171267 0.152855 0.007292 0.016821
0 0.172222 0.152855 0.007292 0.016821
0 0.173220 0.152855 0.007378 0.016821
0 0.174175 0.153241 0.007378 0.016975
0 0.173437 0.152855 0.007292 0.016821
0 0.172960 0.152855 0.007378 0.016821
0 0.172483 0.152392 0.007292 0.016821
0 0.171745 0.152392 0.007378 0.016821
0 0.171267 0.152392 0.007292 0.016821
0 0.170747 0.152006 0.007292 0.016975
0 0.170052 0.152006 0.007292 0.016975
0 0.169531 0.151543 0.007292 0.016975
0 0.169054 0.151543 0.007378 0.016975
0 0.168576 0.151543 0.007292 0.016975
0 0.167622 0.151543 0.007292 0.016975
0 0.166840 0.151543 0.007292 0.016975
0 0.166146 0.151543 0.007292 0.016975
0 0.165148 0.151543 0.007378 0.016975
0 0.164410 0.152006 0.007292 0.016975
0 0.163715 0.152006 0.007292 0.016975
0 0.162717 0.152006 0.007378 0.016975
0 0.161979 0.152006 0.007292 0.016975
0 0.161241 0.152006 0.007378 0.016975
0 0.160503 0.152392 0.007292 0.016821
0 0.160286 0.152392 0.007378 0.016821
0 0.160026 0.152392 0.007378 0.016821
0 0.159809 0.152392 0.007292 0.016821
0 0.159549 0.152392 0.007292 0.016821
0 0.159288 0.152392 0.007292 0.016821
0 0.159071 0.152392 0.007378 0.016821
0 0.158811 0.152392 0.007378 0.016821
0 0.158594 0.152392 0.007292 0.016821
0 0.158333 0.152392 0.007292 0.016821
0 0.158073 0.152855 0.007292 0.016821
0 0.157118 0.152855 0.007292 0.016821
0 0.156120 0.152855 0.007378 0.016821
0 0.155165 0.152855 0.007378 0.016821
0 0.154167 0.153241 0.007292 0.016975
0 0.153472 0.153241 0.007292 0.016975
0 0.152474 0.153241 0.007378 0.016975
0 0.151476 0.153704 0.007292 0.016975
0 0.150521 0.153704 0.007292 0.016975
0 0.149566 0.153704 0.007292 0.016975
0 0.148785 0.154167 0.007292 0.016975
0 0.147092 0.154167 0.007378 0.016975
0 0.145660 0.154398 0.007292 0.016512
0 0.144054 0.154398 0.007031 0.016512
0 0.142448 0.154630 0.007292 0.016049
0 0.140972 0.154784 0.007292 0.015741
0 0.139410 0.154784 0.007118 0.015741
0 0.137847 0.155015 0.007292 0.015278
0 0.136241 0.155015 0.007031 0.015278
0 0.134766 0.155247 0.007031 0.014815
0 0.133333 0.155633 0.007118 0.014660
0 0.132595 0.155633 0.007031 0.014660
0 0.131858 0.155633 0.007118 0.014660
0 0.131250 0.156096 0.007292 0.014660
0 0.130642 0.156096 0.007118 0.014660
0 0.130035 0.156559 0.007292 0.014660
0 0.129297 0.156559 0.007378 0.014660
0 0.128689 0.156559 0.007031 0.014660
0 0.128082 0.156944 0.007378 0.014815
0 0.127344 0.156944 0.007292 0.014815
0 0.126823 0.157407 0.007292 0.014815
0 0.126606 0.157407 0.007378 0.014815
0 0.126345 0.157407 0.007378 0.014815
0 0.126128 0.157407 0.007292 0.014815
0 0.125868 0.157639 0.007292 0.015278
0 0.125738 0.157639 0.007552 0.015278
0 0.125477 0.157639 0.007552 0.015278
0 0.125260 0.157793 0.007639 0.015586
0 0.125043 0.157793 0.007552 0.015586
0 0.124783 0.157793 0.007552 0.015586
0 0.124783 0.158256 0.007552 0.015586
