0 0.088021 0.128781 0.004861 0.016512
0 0.088542 0.128318 0.004861 0.016512
0 0.089236 0.128318 0.004861 0.016512
0 0.090017 0.127855 0.004861 0.016512
0 0.090712 0.127855 0.004861 0.016512
0 0.091493 0.127469 0.004861 0.016358
0 0.092187 0.127469 0.004861 0.016358
0 0.092925 0.127083 0.004948 0.016512
0 0.093663 0.127083 0.004861 0.016512
0 0.094401 0.126620 0.004948 0.016512
0 0.095139 0.126620 0.004861 0.016512
0 0.095833 0.126157 0.004861 0.016512
0 0.096615 0.125694 0.004861 0.016512
0 0.097569 0.125694 0.004861 0.016512
0 0.098264 0.125309 0.004861 0.016358
0 0.099306 0.125309 0.004861 0.016358
0 0.100000 0.124923 0.004861 0.016512
0 0.100738 0.124460 0.004948 0.016512
0 0.101736 0.124460 0.004861 0.016512
0 0.102431 0.123997 0.004861 0.016512
0 0.103429 0.123997 0.004948 0.016512
0 0.104167 0.123534 0.004861 0.016512
0 0.105122 0.123534 0.004861 0.016512
0 0.105859 0.123071 0.004948 0.016512
0 0.106858 0.123071 0.004861 0.016512
0 0.107552 0.123071 0.004861 0.016512
0 0.108550 0.122685 0.004948 0.016358
0 0.109288 0.122685 0.004861 0.016358
0 0.110243 0.122299 0.004861 0.016512
0 0.110981 0.122299 0.004948 0.016512
0 0.111979 0.122299 0.004861 0.016512
0 0.112674 0.121836 0.004861 0.016512
0 0.113455 0.121836 0.004861 0.016512
0 0.114149 0.121373 0.004861 0.016512
0 0.114887 0.121373 0.004948 0.016512
0 0.115885 0.120910 0.004861 0.016512
0 0.116580 0.120910 0.004861 0.016512
0 0.117361 0.120525 0.004861 0.016358
0 0.118056 0.120525 0.004861 0.016358
0 0.118793 0.120139 0.004948 0.016512
0 0.119792 0.120139 0.004861 0.016512
0 0.120486 0.119676 0.004861 0.016512
0 0.121267 0.119676 0.004861 0.016512
0 0.121962 0.119676 0.004861 0.016512
0 0.122917 0.119213 0.004861 0.016512
0 0.123698 0.119213 0.004861 0.016512
0 0.124392 0.119213 0.004861 0.016512
0 0.125391 0.118750 0.004948 0.016512
0 0.126128 0.118750 0.004861 0.016512
0 0.126823 0.118750 0.004861 0.016512
0 0.127821 0.118750 0.004948 0.016512
0 0.128559 0.118364 0.004861 0.016358
0 0.129514 0.118364 0.004861 0.016358
0 0.130295 0.117978 0.004861 0.016512
0 0.131250 0.117978 0.004861 0.016512
0 0.132205 0.117978 0.004861 0.016512
0 0.132943 0.117515 0.004948 0.016512
0 0.133941 0.117515 0.004861 0.016512
0 0.134635 0.117052 0.004861 0.016512
0 0.135634 0.117052 0.004948 0.016512
0 0.136632 0.117052 0.004861 0.016512
0 0.137326 0.116590 0.004861 0.016512
0 0.138325 0.116590 0.004948 0.016512
0 0.139323 0.116590 0.004861 0.016512
0 0.140017 0.116590 0.004861 0.016512
0 0.140972 0.116590 0.004861 0.016512
0 0.141970 0.116127 0.004948 0.016512
0 0.142708 0.116127 0.004861 0.016512
0 0.143663 0.116127 0.004861 0.016512
0 0.144661 0.116127 0.004948 0.016512
0 0.145660 0.116127 0.004861 0.016512
0 0.146354 0.115741 0.004861 0.016358
0 0.147352 0.115741 0.004948 0.016358
0 0.148351 0.115741 0.004861 0.016358
0 0.149045 0.115355 0.004861 0.016512
0 0.150000 0.115355 0.004861 0.016512
0 0.150998 0.115355 0.004948 0.016512
0 0.151736 0.114892 0.004861 0.016512
0 0.152691 0.114892 0.004861 0.016512
0 0.153689 0.114892 0.004948 0.016512
0 0.154687 0.114892 0.004861 0.016512
0 0.155382 0.114429 0.004861 0.016512
0 0.156380 0.114429 0.004948 0.016512
0 0.157378 0.114429 0.004861 0.016512
0 0.158073 0.114429 0.004861 0.016512
0 0.159028 0.114429 0.004861 0.016512
0 0.160026 0.114429 0.004948 0.016512
0 0.160764 0.114429 0.004861 0.016512
0 0.161719 0.114429 0.004861 0.016512
0 0.162717 0.114429 0.004948 0.016512
0 0.163715 0.114429 0.004861 0.016512
0 0.164193 0.114429 0.004948 0.016512
0 0.164931 0.114429 0.004861 0.016512
0 0.165625 0.114429 0.004861 0.016512
0 0.166406 0.114429 0.004861 0.016512
0 0.167101 0.114892 0.004861 0.016512
0 0.167839 0.114892 0.004948 0.016512
0 0.168576 0.114892 0.004861 0.016512
0 0.169314 0.114892 0.004948 0.016512
0 0.170052 0.114892 0.004861 0.016512
0 0.170747 0.115355 0.004861 0.016512
0 0.171007 0.114892 0.004861 0.016512
0 0.171528 0.114892 0.004861 0.016512
0 0.171745 0.114892 0.004948 0.016512
0 0.172222 0.114892 0.004861 0.016512
0 0.172483 0.114892 0.004861 0.016512
0 0.172960 0.114892 0.004948 0.016512
0 0.173220 0.114892 0.004948 0.016512
0 0.173698 0.114892 0.004861 0.016512
0 0.173958 0.114892 0.004861 0.016512
0 0.174436 0.114892 0.004948 0.016512
0 0.174436 0.114429 0.004948 0.016512
0 0.174653 0.114429 0.004861 0.016512
0 0.174913 0.114429 0.004861 0.016512
0 0.175174 0.114429 0.004861 0.016512
0 0.175434 0.114429 0.004861 0.016512
0 0.175434 0.114429 0.004861 0.016512
0 0.175651 0.114429 0.004948 0.016512
0 0.175868 0.114429 0.004861 0.016512
0 0.176128 0.114429 0.004861 0.016512
0 0.176389 0.114429 0.004861 0.016512
0 0.176649 0.114429 0.004861 0.016512
0 0.176866 0.114429 0.004948 0.016512
0 0.177083 0.114429 0.004861 0.016512
0 0.177344 0.114429 0.004861 0.016512
0 0.177734 0.114660 0.004601 0.016049
0 0.177995 0.114660 0.004601 0.016049
0 0.178212 0.114660 0.004687 0.016049
0 0.178472 0.114660 0.004687 0.016049
0 0.178689 0.114660 0.004601 0.016049
0 0.179210 0.115123 0.004601 0.016049
0 0.178950 0.115895 0.004601 0.016049
0 0.178950 0.116821 0.004601 0.016049
0 0.178950 0.117747 0.004601 0.016049
0 0.178950 0.118981 0.004601 0.016049
0 0.178950 0.119907 0.004601 0.016049
0 0.178950 0.120679 0.004601 0.016049
0 0.178950 0.122068 0.004601 0.016049
0 0.178950 0.122840 0.004601 0.016049
0 0.178950 0.123765 0.004601 0.016049
0 0.178950 0.125154 0.004601 0.016049
0 0.178950 0.125926 0.004601 0.016049
0 0.178950 0.127315 0.004601 0.016049
0 0.178950 0.128549 0.004601 0.016049
0 0.178950 0.129475 0.004601 0.016049
0 0.178950 0.130710 0.004601 0.016049
0 0.178950 0.131944 0.004601 0.016049
0 0.178950 0.132870 0.004601 0.016049
0 0.178950 0.134259 0.004601 0.016049
0 0.178950 0.135494 0.004601 0.016049
0 0.179210 0.136728 0.004601 0.016049
0 0.178950 0.137654 0.004601 0.016049
0 0.178950 0.138889 0.004601 0.016049
0 0.178950 0.140278 0.004601 0.016049
0 0.178950 0.141512 0.004601 0.016049
0 0.178950 0.142901 0.004601 0.016049
0 0.178950 0.144136 0.004601 0.016049
0 0.178950 0.145525 0.004601 0.016049
0 0.178950 0.146759 0.004601 0.016049
0 0.178950 0.148071 0.004601 0.016204
0 0.178950 0.149383 0.004601 0.016049
0 0.178689 0.150309 0.004601 0.016049
0 0.178689 0.151543 0.004601 0.016049
0 0.178689 0.152778 0.004601 0.016049
0 0.178689 0.153704 0.004601 0.016049
0 0.178689 0.154938 0.004601 0.016049
0 0.178472 0.156327 0.004687 0.016049
0 0.178472 0.157253 0.004687 0.016049
0 0.178472 0.158488 0.004687 0.016049
0 0.178472 0.159722 0.004687 0.016049
0 0.178472 0.161111 0.004687 0.016049
0 0.178212 0.161574 0.004687 0.016049
0 0.178212 0.162346 0.004687 0.016049
0 0.178212 0.162809 0.004687 0.016049
0 0.177995 0.163735 0.004601 0.016049
0 0.177995 0.164198 0.004601 0.016049
0 0.177995 0.164969 0.004601 0.016049
0 0.177995 0.165432 0.004601 0.016049
0 0.177734 0.166358 0.004601 0.016049
0 0.177734 0.166667 0.004601 0.016049
0 0.177734 0.167593 0.004601 0.016049
