0 0.182856 0.299306 0.009983 0.030401
0 0.182595 0.300077 0.009983 0.030401
0 0.182595 0.301003 0.009983 0.030401
0 0.182335 0.301852 0.009983 0.030247
0 0.182335 0.302701 0.009983 0.030401
0 0.182118 0.303781 0.010069 0.030710
0 0.182118 0.304707 0.010069 0.030710
0 0.181901 0.305556 0.009983 0.030864
0 0.181901 0.306404 0.009983 0.030710
0 0.181641 0.307253 0.009983 0.030864
0 0.181641 0.308565 0.009983 0.030710
0 0.181641 0.308565 0.010503 0.031636
0 0.181641 0.309028 0.011024 0.032562
0 0.181727 0.309182 0.011719 0.033796
0 0.181771 0.309645 0.012153 0.034722
0 0.182031 0.309877 0.012674 0.036111
0 0.182031 0.310262 0.013194 0.036883
0 0.181988 0.310571 0.013628 0.038117
0 0.182118 0.311034 0.014410 0.039043
0 0.182118 0.311188 0.014931 0.040278
0 0.182335 0.311651 0.015365 0.041204
0 0.182205 0.311188 0.015625 0.041204
0 0.182248 0.310725 0.016059 0.041204
0 0.182248 0.310494 0.016580 0.040741
0 0.182378 0.310262 0.016840 0.041204
0 0.182378 0.310108 0.017361 0.040895
0 0.182335 0.309722 0.017795 0.040741
0 0.182465 0.309491 0.018056 0.041204
0 0.182465 0.309259 0.018576 0.040741
0 0.182509 0.308796 0.019010 0.040741
0 0.182639 0.308796 0.019271 0.040741
0 0.182639 0.307485 0.019271 0.039969
0 0.182812 0.306404 0.019271 0.039352
0 0.183073 0.305093 0.019271 0.038580
0 0.183203 0.304012 0.019010 0.038272
0 0.183464 0.302778 0.019010 0.037346
0 0.183594 0.301620 0.019271 0.036883
0 0.183724 0.300386 0.019010 0.035957
0 0.183941 0.299228 0.019097 0.035494
0 0.184201 0.297917 0.019097 0.034722
0 0.184418 0.296914 0.019010 0.034259
0 0.184071 0.293827 0.018316 0.034259
0 0.183811 0.290741 0.017795 0.034259
0 0.183594 0.287809 0.017361 0.034259
0 0.183464 0.284722 0.016580 0.034259
0 0.183203 0.281636 0.016059 0.034259
0 0.182856 0.278704 0.015365 0.034259
0 0.182726 0.275617 0.014583 0.034259
0 0.182509 0.272531 0.014149 0.034259
0 0.182248 0.269599 0.013628 0.034259
0 0.182161 0.266975 0.012934 0.034259
0 0.181771 0.263426 0.012674 0.034259
0 0.181641 0.260031 0.012413 0.034259
0 0.181250 0.256481 0.012153 0.034259
0 0.181163 0.253086 0.011979 0.034259
0 0.180903 0.249769 0.011979 0.033796
0 0.180642 0.246373 0.011458 0.033796
0 0.180382 0.242824 0.011458 0.033796
0 0.180165 0.239429 0.011024 0.033796
0 0.179905 0.235880 0.011024 0.033796
0 0.179774 0.232870 0.010764 0.033951
0 0.179340 0.229861 0.010764 0.032870
0 0.179080 0.227083 0.010764 0.031636
0 0.178819 0.223997 0.010764 0.030710
0 0.178559 0.221219 0.010764 0.029475
0 0.178342 0.218133 0.010677 0.028549
0 0.177995 0.215355 0.010503 0.027315
0 0.177734 0.212269 0.010503 0.026389
0 0.177474 0.209491 0.010503 0.025154
0 0.177214 0.206404 0.010503 0.024228
0 0.176997 0.203627 0.010417 0.022994
0 0.176519 0.201003 0.010503 0.022994
0 0.175998 0.198843 0.010503 0.022994
0 0.175564 0.196219 0.010503 0.022994
0 0.175043 0.194059 0.010503 0.022994
0 0.174783 0.191898 0.010503 0.022994
0 0.174306 0.189275 0.010417 0.022994
0 0.173828 0.187114 0.010503 0.022994
0 0.173307 0.184491 0.010503 0.022994
0 0.172873 0.182330 0.010503 0.022994
0 0.172613 0.180170 0.010503 0.022994
0 0.172222 0.177778 0.010764 0.022531
0 0.172005 0.175617 0.011198 0.022531
0 0.171745 0.173457 0.011719 0.022531
0 0.171354 0.171296 0.011979 0.022531
0 0.171267 0.169136 0.012153 0.022531
0 0.171007 0.166975 0.012674 0.022531
0 0.170616 0.164815 0.012934 0.022531
0 0.170399 0.162654 0.013368 0.022531
0 0.170139 0.160494 0.013889 0.022531
0 0.170009 0.158488 0.014149 0.022222
0 0.169835 0.156327 0.014149 0.022222
0 0.169835 0.154552 0.014149 0.022068
0 0.169835 0.152623 0.014149 0.022531
0 0.169575 0.150694 0.014149 0.022068
0 0.169575 0.148920 0.014149 0.022222
0 0.169575 0.146991 0.014149 0.022685
0 0.169314 0.145062 0.014149 0.022222
0 0.169314 0.143056 0.014149 0.022531
0 0.169314 0.141358 0.014149 0.022531
0 0.169314 0.139660 0.014149 0.022531
0 0.169444 0.137654 0.014410 0.022222
0 0.169792 0.135880 0.014583 0.022068
0 0.170052 0.134182 0.015104 0.022068
0 0.170443 0.132485 0.015365 0.022068
0 0.170747 0.130710 0.015625 0.022222
0 0.171007 0.128935 0.016146 0.022068
0 0.171354 0.127238 0.016319 0.022068
0 0.171615 0.125540 0.016840 0.022068
0 0.172005 0.123765 0.017101 0.022222
0 0.172352 0.122068 0.017274 0.022222
0 0.172135 0.120756 0.017361 0.022068
0 0.172135 0.119444 0.017361 0.022222
0 0.172135 0.118133 0.017361 0.022068
0 0.172135 0.116821 0.017361 0.022222
0 0.172135 0.115972 0.017361 0.022068
0 0.171875 0.114660 0.017361 0.022222
0 0.171875 0.113349 0.017361 0.022068
0 0.171875 0.112037 0.017361 0.022222
0 0.171875 0.110725 0.017361 0.022068
0 0.171875 0.109877 0.017361 0.022222
0 0.171615 0.112037 0.017361 0.022222
0 0.171615 0.114275 0.017361 0.022068
0 0.171398 0.116435 0.017274 0.022068
0 0.171398 0.118596 0.017274 0.022068
0 0.171137 0.121219 0.017274 0.022068
0 0.171137 0.123380 0.017274 0.022068
0 0.170877 0.125540 0.017274 0.022068
0 0.170877 0.127701 0.017274 0.022068
0 0.170660 0.129861 0.017361 0.022068
0 0.170660 0.132485 0.017361 0.022068
0 0.170269 0.136574 0.017101 0.021605
0 0.170139 0.140895 0.016840 0.021605
0 0.169878 0.145293 0.016840 0.021759
0 0.169661 0.149614 0.016406 0.021759
0 0.169531 0.153935 0.016146 0.021759
0 0.169314 0.158256 0.016059 0.021759
0 0.169097 0.162577 0.015625 0.021759
0 0.168837 0.166975 0.015625 0.021605
0 0.168707 0.171296 0.015365 0.021605
0 0.168576 0.175617 0.015104 0.021605
0 0.168446 0.179552 0.014844 0.021759
0 0.168446 0.183873 0.014844 0.021759
0 0.168446 0.187731 0.014844 0.021759
0 0.168446 0.192130 0.014844 0.021605
0 0.168446 0.195988 0.014844 0.021605
0 0.168446 0.200386 0.014844 0.021759
0 0.168446 0.204244 0.014844 0.021759
0 0.168446 0.208565 0.014844 0.021759
0 0.168446 0.212500 0.014844 0.021605
0 0.168446 0.216821 0.014844 0.021605
0 0.168229 0.217670 0.014931 0.021759
0 0.168229 0.218596 0.014931 0.021759
0 0.168229 0.219830 0.014931 0.021759
0 0.167969 0.220756 0.014931 0.021759
0 0.167969 0.222068 0.014931 0.021605
0 0.167969 0.222917 0.014931 0.021759
0 0.167708 0.223765 0.014931 0.021605
0 0.167708 0.225077 0.014931 0.021759
0 0.167708 0.225926 0.014931 0.021605
0 0.167708 0.227238 0.014931 0.021759
0 0.167491 0.226775 0.014844 0.021759
0 0.167491 0.226389 0.014844 0.021605
0 0.167231 0.225926 0.014844 0.021605
0 0.167231 0.225926 0.014844 0.021605
0 0.167231 0.225540 0.014844 0.021759
0 0.166970 0.225077 0.014844 0.021759
0 0.166970 0.225077 0.014844 0.021759
0 0.166753 0.224614 0.014931 0.021759
0 0.166753 0.224228 0.014931 0.021605
0 0.166753 0.224228 0.014931 0.021605
0 0.166493 0.223765 0.014931 0.021605
0 0.166493 0.223380 0.014931 0.021759
0 0.166493 0.223380 0.014931 0.021759
0 0.166493 0.222917 0.014931 0.021759
0 0.166493 0.222917 0.014931 0.021759
0 0.166493 0.222454 0.014931 0.021759
0 0.166493 0.222454 0.014931 0.021759
0 0.166493 0.222068 0.014931 0.021605
0 0.166493 0.222068 0.014931 0.021605
0 0.166493 0.221605 0.014931 0.021605
