0 0.122569 0.068904 0.006076 0.020833
0 0.122309 0.068904 0.006076 0.020833
0 0.122309 0.068904 0.006076 0.020833
0 0.122309 0.068904 0.006076 0.020833
0 0.122092 0.068904 0.006163 0.020833
0 0.122092 0.069367 0.006163 0.020833
0 0.122092 0.069367 0.006163 0.020833
0 0.121875 0.069367 0.006076 0.020833
0 0.121875 0.069367 0.006076 0.020833
0 0.121875 0.069367 0.006076 0.020833
0 0.121875 0.069830 0.006076 0.020833
0 0.121615 0.069830 0.006076 0.020833
0 0.121354 0.069830 0.006076 0.020833
0 0.121094 0.069830 0.006076 0.020833
0 0.120877 0.069830 0.006163 0.020833
0 0.120616 0.069830 0.006163 0.020833
0 0.120399 0.069830 0.006076 0.020833
0 0.120139 0.069830 0.006076 0.020833
0 0.119878 0.069830 0.006076 0.020833
0 0.119618 0.069830 0.006076 0.020833
0 0.119401 0.070139 0.006163 0.020833
0 0.119401 0.069830 0.006163 0.020833
0 0.119401 0.069830 0.006163 0.020833
0 0.119401 0.069367 0.006163 0.020833
0 0.119618 0.069367 0.006076 0.020833
0 0.119618 0.069367 0.006076 0.020833
0 0.119618 0.068904 0.006076 0.020833
0 0.119878 0.068904 0.006076 0.020833
0 0.119878 0.068441 0.006076 0.020833
0 0.119878 0.068441 0.006076 0.020833
0 0.120139 0.068441 0.006076 0.020833
0 0.120139 0.068441 0.006076 0.020833
0 0.120139 0.068441 0.006076 0.020833
0 0.120139 0.068441 0.006076 0.020833
0 0.120139 0.068441 0.006076 0.020833
0 0.120139 0.068441 0.006076 0.020833
0 0.120139 0.068441 0.006076 0.020833
0 0.120139 0.068441 0.006076 0.020833
0 0.120139 0.068441 0.006076 0.020833
0 0.120139 0.068441 0.006076 0.020833
0 0.120139 0.068441 0.006076 0.020833
0 0.119878 0.068210 0.006076 0.020370
0 0.119618 0.068056 0.006076 0.020062
0 0.119401 0.067824 0.006163 0.019599
0 0.119184 0.067824 0.006076 0.019599
0 0.118924 0.067593 0.006076 0.019136
0 0.118663 0.067361 0.006076 0.018673
0 0.118403 0.067361 0.006076 0.018673
0 0.118186 0.067130 0.006163 0.018210
0 0.117969 0.066898 0.006076 0.017747
0 0.117708 0.066898 0.006076 0.017747
0 0.117708 0.066898 0.006076 0.017747
0 0.117708 0.066898 0.006076 0.017747
0 0.117708 0.066898 0.006076 0.017747
0 0.117708 0.066898 0.006076 0.017747
0 0.117708 0.066898 0.006076 0.017747
0 0.117708 0.066898 0.006076 0.017747
0 0.117708 0.066898 0.006076 0.017747
0 0.117708 0.066898 0.006076 0.017747
0 0.117708 0.066898 0.006076 0.017747
0 0.117708 0.066898 0.006076 0.017747
0 0.117708 0.066898 0.006076 0.017747
0 0.117708 0.066898 0.006076 0.017747
0 0.117708 0.066898 0.006076 0.017747
0 0.117708 0.066898 0.006076 0.017747
0 0.117708 0.066898 0.006076 0.017747
0 0.117708 0.066898 0.006076 0.017747
0 0.117708 0.066898 0.006076 0.017747
0 0.117708 0.066898 0.006076 0.017747
0 0.117708 0.066898 0.006076 0.017747
0 0.117708 0.066898 0.006076 0.017747
0 0.117448 0.066898 0.006076 0.017747
0 0.117448 0.067361 0.006076 0.017747
0 0.117448 0.067593 0.006076 0.018210
0 0.117448 0.068056 0.006076 0.018210
0 0.117448 0.068287 0.006076 0.018673
0 0.117448 0.068519 0.006076 0.018210
0 0.117448 0.068750 0.006076 0.018673
0 0.117448 0.069059 0.006076 0.018673
0 0.117448 0.069290 0.006076 0.019136
0 0.117448 0.069753 0.006076 0.019136
0 0.117448 0.069753 0.006076 0.019136
0 0.117448 0.069753 0.006076 0.019136
0 0.117448 0.069753 0.006076 0.019136
0 0.117448 0.069753 0.006076 0.019136
0 0.117448 0.069753 0.006076 0.019136
0 0.117448 0.069753 0.006076 0.019136
0 0.117448 0.069753 0.006076 0.019136
0 0.117448 0.069753 0.006076 0.019136
0 0.117448 0.069753 0.006076 0.019136
0 0.117448 0.069753 0.006076 0.019136
0 0.117318 0.069522 0.005816 0.018673
0 0.117318 0.069522 0.005816 0.018673
0 0.117318 0.069522 0.005816 0.017747
0 0.117318 0.069522 0.005816 0.017747
0 0.117318 0.069753 0.005816 0.017284
0 0.117231 0.069599 0.005642 0.016975
0 0.117231 0.069599 0.005642 0.016975
0 0.117231 0.069599 0.005642 0.016049
0 0.117231 0.069599 0.005642 0.016049
0 0.117231 0.069753 0.005642 0.015741
0 0.117231 0.069753 0.005642 0.015741
0 0.117231 0.069753 0.005642 0.015741
0 0.117231 0.069753 0.005642 0.015741
0 0.117231 0.069753 0.005642 0.015741
0 0.117231 0.069753 0.005642 0.015741
0 0.117231 0.069753 0.005642 0.015741
0 0.117231 0.069753 0.005642 0.015741
0 0.117231 0.069753 0.005642 0.015741
0 0.117231 0.069753 0.005642 0.015741
0 0.117231 0.069753 0.005642 0.015741
0 0.117231 0.069753 0.005642 0.015741
0 0.117231 0.069753 0.005642 0.015741
0 0.117231 0.069753 0.005642 0.015741
0 0.117231 0.069753 0.005642 0.015741
0 0.117231 0.069753 0.005642 0.015741
0 0.117231 0.069753 0.005642 0.015741
0 0.117231 0.069753 0.005642 0.015741
0 0.117231 0.069753 0.005642 0.015741
0 0.117231 0.069753 0.005642 0.015741
0 0.117231 0.069753 0.005642 0.015741
0 0.117231 0.069753 0.005642 0.015741
0 0.117231 0.069753 0.005642 0.015741
0 0.117231 0.069753 0.005642 0.015741
0 0.117231 0.069753 0.005642 0.015741
0 0.117231 0.069753 0.005642 0.015741
0 0.117231 0.069753 0.005642 0.015741
0 0.117231 0.069753 0.005642 0.015741
0 0.117231 0.069753 0.005642 0.015741
0 0.117231 0.069753 0.005642 0.015741
0 0.117231 0.069753 0.005642 0.015741
0 0.117231 0.069753 0.005642 0.015741
0 0.117231 0.069753 0.005642 0.015741
0 0.117231 0.069753 0.005642 0.015741
0 0.117231 0.069753 0.005642 0.015741
0 0.117231 0.069753 0.005642 0.015741
0 0.117231 0.069753 0.005642 0.015741
0 0.117231 0.069753 0.005642 0.015741
0 0.117231 0.069753 0.005642 0.015741
0 0.117231 0.069753 0.005642 0.015741
0 0.117231 0.069753 0.005642 0.015741
0 0.117231 0.069753 0.005642 0.015741
0 0.117231 0.069753 0.005642 0.015741
0 0.117231 0.069753 0.005642 0.015741
0 0.117231 0.069753 0.005642 0.015741
0 0.117231 0.069753 0.005642 0.015741
0 0.117231 0.069753 0.005642 0.015741
0 0.117231 0.069753 0.005642 0.015741
0 0.117231 0.069753 0.005642 0.015741
0 0.117231 0.069753 0.005642 0.015741
0 0.117231 0.069753 0.005642 0.015741
0 0.117231 0.069753 0.005642 0.015741
0 0.117231 0.069753 0.005642 0.015741
0 0.117231 0.069753 0.005642 0.015741
0 0.117231 0.069753 0.005642 0.015741
0 0.117231 0.069753 0.005642 0.015741
0 0.117231 0.069753 0.005642 0.015741
0 0.117231 0.069753 0.005642 0.015741
0 0.117231 0.069753 0.005642 0.015741
0 0.117231 0.069753 0.005642 0.015741
0 0.117231 0.069753 0.005642 0.015741
0 0.117231 0.069753 0.005642 0.015741
0 0.117231 0.069753 0.005642 0.015741
0 0.117231 0.069753 0.005642 0.015741
0 0.117231 0.069753 0.005642 0.015741
0 0.117231 0.069753 0.005642 0.015741
0 0.117231 0.069753 0.005642 0.015741
0 0.117231 0.069753 0.005642 0.015741
0 0.117231 0.069753 0.005642 0.015741
0 0.117231 0.069753 0.005642 0.015741
0 0.117231 0.069753 0.005642 0.015741
0 0.117231 0.069753 0.005642 0.015741
0 0.117231 0.069753 0.005642 0.015741
0 0.117231 0.069753 0.005642 0.015741
0 0.117231 0.069753 0.005642 0.015741
0 0.117231 0.069753 0.005642 0.015741
0 0.117231 0.069753 0.005642 0.015741
0 0.117231 0.069753 0.005642 0.015741
0 0.117231 0.069753 0.005642 0.015741
0 0.117231 0.069753 0.005642 0.015741
0 0.117231 0.069753 0.005642 0.015741
