0 0.212413 0.123148 0.006597 0.024383
0 0.213108 0.123148 0.006597 0.024383
0 0.214062 0.123380 0.006597 0.023920
0 0.214844 0.123380 0.006597 0.023920
0 0.215799 0.123765 0.006597 0.023765
0 0.216623 0.123765 0.006858 0.023765
0 0.217535 0.123997 0.006597 0.023302
0 0.218359 0.124228 0.006858 0.023765
0 0.219184 0.124383 0.006597 0.023457
0 0.220052 0.124383 0.006771 0.023457
0 0.221050 0.124846 0.006858 0.023457
0 0.221745 0.124846 0.006858 0.023457
0 0.222743 0.125309 0.006771 0.023457
0 0.223741 0.125309 0.006858 0.023457
0 0.224696 0.125772 0.006858 0.023457
0 0.225651 0.126157 0.006858 0.023302
0 0.226519 0.126157 0.007031 0.023302
0 0.227517 0.126543 0.007118 0.023457
0 0.228472 0.126543 0.007118 0.023457
0 0.229470 0.127006 0.007031 0.023457
0 0.230425 0.127469 0.007031 0.023457
0 0.231033 0.127932 0.007378 0.023457
0 0.231771 0.128318 0.007292 0.023302
0 0.232509 0.129012 0.007378 0.023765
0 0.233377 0.129398 0.007552 0.023920
0 0.234071 0.130093 0.007552 0.024383
0 0.234852 0.130478 0.007552 0.024228
0 0.235677 0.130941 0.007812 0.024228
0 0.236415 0.131636 0.007726 0.024691
0 0.237153 0.132022 0.007812 0.024846
0 0.237977 0.132870 0.008073 0.024691
0 0.238628 0.133102 0.007812 0.024228
0 0.239323 0.133565 0.007812 0.024228
0 0.239974 0.133719 0.007552 0.023920
0 0.240799 0.134182 0.007292 0.023920
0 0.241536 0.134645 0.007378 0.023920
0 0.242144 0.134877 0.007031 0.023457
0 0.243012 0.135262 0.006858 0.023302
0 0.243576 0.135417 0.006597 0.022994
0 0.244358 0.135880 0.006597 0.022994
0 0.245182 0.136574 0.006337 0.022531
0 0.244922 0.136806 0.006337 0.022994
0 0.244835 0.137037 0.006510 0.023457
0 0.244618 0.137500 0.006597 0.023457
0 0.244488 0.137654 0.006858 0.023765
0 0.244227 0.138117 0.006858 0.023765
0 0.244097 0.138349 0.007118 0.024228
0 0.243837 0.138580 0.007118 0.024691
0 0.243750 0.138966 0.007292 0.024846
0 0.243490 0.139120 0.007292 0.025154
0 0.243490 0.139583 0.007292 0.025154
0 0.242882 0.139120 0.007639 0.025154
0 0.242535 0.139120 0.007812 0.025154
0 0.241884 0.138966 0.008073 0.024846
0 0.241536 0.138966 0.008247 0.024846
0 0.241059 0.138966 0.008333 0.024846
0 0.240582 0.138735 0.008767 0.024383
0 0.240061 0.138735 0.008767 0.024383
0 0.239583 0.138503 0.009201 0.023920
0 0.239106 0.138503 0.009288 0.023920
0 0.238715 0.138503 0.009549 0.023920
0 0.238368 0.138272 0.009201 0.023457
0 0.238151 0.138272 0.009288 0.023457
0 0.237760 0.138272 0.009028 0.023457
0 0.237500 0.138272 0.009028 0.023457
0 0.237370 0.138272 0.008767 0.023457
0 0.237023 0.138040 0.008594 0.022994
0 0.236806 0.138040 0.008507 0.022994
0 0.236415 0.138040 0.008247 0.022994
0 0.236155 0.138040 0.008247 0.022994
0 0.236068 0.138272 0.008073 0.022531
0 0.235286 0.137886 0.008073 0.022685
0 0.234852 0.137500 0.008073 0.022531
0 0.234332 0.137037 0.008073 0.022531
0 0.233724 0.136574 0.008247 0.022531
0 0.233247 0.136343 0.008333 0.022068
0 0.232769 0.135880 0.008247 0.022068
0 0.232118 0.135494 0.008507 0.022222
0 0.231641 0.135031 0.008594 0.022222
0 0.231163 0.134645 0.008507 0.022068
0 0.230686 0.134414 0.008594 0.021605
0 0.230816 0.133951 0.008333 0.021605
0 0.230946 0.133951 0.008073 0.021605
0 0.231076 0.133719 0.007812 0.022068
0 0.231250 0.133719 0.007812 0.022068
0 0.231380 0.133488 0.007552 0.022531
0 0.231510 0.133488 0.007292 0.022531
0 0.231771 0.133256 0.007292 0.022994
0 0.231901 0.133256 0.007031 0.022994
0 0.232031 0.133102 0.006771 0.023302
0 0.232248 0.133102 0.006858 0.023302
0 0.232031 0.132870 0.006771 0.023765
0 0.232031 0.132870 0.006771 0.023765
0 0.231771 0.132870 0.006771 0.023765
0 0.231771 0.133102 0.006771 0.024228
0 0.231554 0.133102 0.006858 0.024228
0 0.231554 0.133102 0.006858 0.024228
0 0.231293 0.133333 0.006858 0.024691
0 0.231293 0.133333 0.006858 0.024691
0 0.231033 0.133333 0.006858 0.024691
0 0.231033 0.133565 0.006858 0.025154
0 0.230642 0.133333 0.006597 0.025617
0 0.230469 0.133333 0.006597 0.025617
0 0.230208 0.133333 0.006597 0.025617
0 0.229818 0.133333 0.006337 0.025617
0 0.229687 0.133565 0.006076 0.026080
0 0.229470 0.133565 0.006163 0.026080
0 0.229080 0.133565 0.005903 0.026080
0 0.228863 0.133565 0.005816 0.026080
0 0.228602 0.133565 0.005816 0.026080
0 0.228472 0.133719 0.005556 0.026389
0 0.228125 0.133333 0.005903 0.026543
0 0.227865 0.133333 0.005903 0.026543
0 0.227648 0.133102 0.005816 0.026080
0 0.227257 0.133102 0.006076 0.026080
0 0.226997 0.133102 0.006076 0.026080
0 0.226780 0.132870 0.006163 0.025617
0 0.226432 0.132870 0.006337 0.025617
0 0.226172 0.132639 0.006337 0.025154
0 0.225911 0.132639 0.006337 0.025154
0 0.225651 0.132639 0.006337 0.025154
0 0.225217 0.132639 0.006337 0.025154
0 0.224957 0.132639 0.006337 0.025154
0 0.224566 0.132639 0.006597 0.025154
0 0.224175 0.132870 0.006337 0.025617
0 0.224002 0.132870 0.006337 0.025617
0 0.223611 0.132870 0.006597 0.025617
0 0.223220 0.133102 0.006337 0.026080
0 0.222873 0.133102 0.006510 0.026080
0 0.222656 0.133102 0.006597 0.026080
0 0.222396 0.133565 0.006597 0.026080
0 0.221745 0.133102 0.006337 0.026080
0 0.221311 0.133102 0.006337 0.026080
0 0.220790 0.133102 0.006337 0.026080
0 0.220269 0.133102 0.006337 0.026080
0 0.219965 0.133102 0.006076 0.026080
0 0.219314 0.132870 0.005816 0.026543
0 0.218837 0.132870 0.005903 0.026543
0 0.218359 0.132870 0.005816 0.026543
0 0.217882 0.132870 0.005903 0.026543
0 0.217491 0.132870 0.005642 0.026543
0 0.217014 0.132870 0.005556 0.026543
0 0.216536 0.132870 0.005642 0.026543
0 0.216016 0.132870 0.005642 0.026543
0 0.215538 0.132870 0.005556 0.026543
0 0.215321 0.132870 0.005642 0.026543
0 0.214800 0.132870 0.005642 0.026543
0 0.214323 0.132870 0.005556 0.026543
0 0.213845 0.132870 0.005642 0.026543
0 0.213368 0.132870 0.005556 0.026543
0 0.213108 0.132870 0.005556 0.026543
0 0.212630 0.132870 0.005642 0.026543
0 0.212109 0.133333 0.005642 0.026543
0 0.211632 0.133333 0.005556 0.026543
0 0.211155 0.133719 0.005642 0.026389
0 0.210677 0.134182 0.005556 0.026389
0 0.210200 0.134182 0.005642 0.026389
0 0.209679 0.134645 0.005642 0.026389
0 0.209201 0.134645 0.005556 0.026389
0 0.208724 0.135031 0.005642 0.026543
0 0.208203 0.135494 0.005642 0.026543
0 0.207769 0.135031 0.005642 0.026543
0 0.207248 0.135031 0.005642 0.026543
0 0.206771 0.135031 0.005556 0.026543
0 0.206293 0.135031 0.005642 0.026543
0 0.205773 0.135031 0.005642 0.026543
0 0.205295 0.135031 0.005556 0.026543
0 0.204818 0.135031 0.005642 0.026543
0 0.204297 0.135031 0.005642 0.026543
0 0.203863 0.135031 0.005642 0.026543
0 0.203342 0.135031 0.005642 0.026543
0 0.202865 0.135031 0.005556 0.026543
0 0.202387 0.135031 0.005642 0.026543
0 0.202127 0.135031 0.005642 0.026543
0 0.201649 0.135031 0.005556 0.026543
0 0.201389 0.135031 0.005556 0.026543
0 0.200911 0.135031 0.005642 0.026543
0 0.200651 0.135031 0.005642 0.026543
0 0.200174 0.135031 0.005556 0.026543
0 0.199957 0.135031 0.005642 0.026543
0 0.199436 0.135031 0.005642 0.026543
