0 0.063802 0.211574 0.009028 0.022531
0 0.063802 0.211574 0.009028 0.022531
0 0.063802 0.211574 0.009028 0.022531
0 0.063802 0.211574 0.009028 0.022531
0 0.063802 0.211574 0.009028 0.022531
0 0.063802 0.211574 0.009028 0.022531
0 0.063802 0.211574 0.009028 0.022531
0 0.063802 0.211574 0.009028 0.022531
0 0.063802 0.211574 0.009028 0.022531
0 0.063802 0.211574 0.009028 0.022531
0 0.063802 0.211574 0.009028 0.022531
0 0.063802 0.211574 0.009028 0.022531
0 0.063802 0.211574 0.009028 0.022531
0 0.063802 0.211574 0.009028 0.022531
0 0.063802 0.211574 0.009028 0.022531
0 0.063802 0.211574 0.009028 0.022531
0 0.063802 0.211574 0.009028 0.022531
0 0.063802 0.211574 0.009028 0.022531
0 0.063802 0.211574 0.009028 0.022531
0 0.063802 0.211574 0.009028 0.022531
0 0.063802 0.211574 0.009028 0.022531
0 0.063802 0.211574 0.009028 0.022531
0 0.063802 0.211574 0.009028 0.022531
0 0.063802 0.211574 0.009028 0.022531
0 0.063802 0.211574 0.009028 0.022531
0 0.063802 0.211574 0.009028 0.022531
0 0.063802 0.211574 0.009028 0.022531
0 0.063802 0.211574 0.009028 0.022531
0 0.063802 0.211574 0.009028 0.022531
0 0.063802 0.211574 0.009028 0.022531
0 0.063802 0.211574 0.009028 0.022531
0 0.067187 0.222454 0.009028 0.021759
0 0.070573 0.233719 0.009028 0.020833
0 0.074132 0.244753 0.009201 0.020370
0 0.077561 0.256096 0.009288 0.019599
0 0.081076 0.267361 0.009549 0.018673
0 0.084505 0.278395 0.009462 0.018210
0 0.087934 0.289738 0.009549 0.017438
0 0.091450 0.300772 0.009809 0.016975
0 0.094878 0.312037 0.009722 0.016049
0 0.098524 0.323302 0.009722 0.015123
0 0.098785 0.321605 0.009722 0.016049
0 0.099045 0.320293 0.009722 0.016821
0 0.099262 0.318750 0.009809 0.017438
0 0.099653 0.317438 0.009549 0.018210
0 0.100000 0.315972 0.009722 0.018673
0 0.100260 0.314429 0.009722 0.019907
0 0.100608 0.312963 0.009549 0.020370
0 0.100868 0.311574 0.009549 0.021296
0 0.101128 0.310108 0.009549 0.021759
0 0.101606 0.308796 0.009462 0.022531
0 0.101606 0.307562 0.009462 0.022531
0 0.101823 0.306173 0.009549 0.022531
0 0.101823 0.305324 0.009549 0.022685
0 0.102083 0.304012 0.009549 0.022531
0 0.102083 0.303164 0.009549 0.022685
0 0.102344 0.301852 0.009549 0.022531
0 0.102344 0.300617 0.009549 0.022531
0 0.102561 0.299691 0.009462 0.022531
0 0.102561 0.298380 0.009462 0.022685
0 0.102821 0.297531 0.009462 0.022531
0 0.102561 0.296605 0.009462 0.022531
0 0.102561 0.295833 0.009462 0.022531
0 0.102561 0.294907 0.009462 0.022531
0 0.102344 0.294059 0.009549 0.022685
0 0.102344 0.293673 0.009549 0.022531
0 0.102344 0.292747 0.009549 0.022531
0 0.102083 0.291821 0.009549 0.022531
0 0.102083 0.291049 0.009549 0.022531
0 0.102083 0.290123 0.009549 0.022531
0 0.102083 0.289660 0.009549 0.022531
0 0.101823 0.288426 0.009549 0.022531
0 0.101606 0.287346 0.009462 0.022222
0 0.101345 0.286265 0.009462 0.022531
0 0.101128 0.285185 0.009549 0.022222
0 0.100868 0.284105 0.009549 0.022531
0 0.100608 0.282948 0.009549 0.022068
0 0.100347 0.281713 0.009549 0.022068
0 0.100130 0.280787 0.009462 0.022068
0 0.099870 0.279552 0.009462 0.022068
0 0.099653 0.278627 0.009549 0.022068
0 0.099392 0.277392 0.009549 0.022068
0 0.099262 0.276466 0.009288 0.022068
0 0.099002 0.275617 0.009288 0.022222
0 0.098872 0.274306 0.009028 0.022068
0 0.098785 0.273457 0.008854 0.022222
0 0.098568 0.272608 0.008767 0.022068
0 0.098437 0.271296 0.008507 0.022222
0 0.098177 0.270448 0.008507 0.022068
0 0.098047 0.269522 0.008247 0.022068
0 0.097960 0.268673 0.008073 0.022222
0 0.097439 0.267824 0.008073 0.022068
0 0.096962 0.267361 0.007986 0.022068
0 0.096615 0.266512 0.007812 0.022222
0 0.096094 0.266049 0.007812 0.022222
0 0.095703 0.265201 0.007552 0.022068
0 0.095269 0.264738 0.007552 0.022068
0 0.094748 0.263889 0.007552 0.022222
0 0.094401 0.263503 0.007378 0.022068
0 0.093924 0.262577 0.007292 0.022068
0 0.093533 0.262191 0.007031 0.022222
0 0.093056 0.261343 0.007118 0.022068
0 0.092578 0.260417 0.007031 0.022068
0 0.092057 0.259568 0.007031 0.022222
0 0.091710 0.258719 0.007378 0.022068
0 0.091233 0.257793 0.007292 0.022068
0 0.090712 0.256944 0.007292 0.022222
0 0.090365 0.256096 0.007639 0.022068
0 0.089887 0.255247 0.007552 0.022222
0 0.089366 0.254398 0.007552 0.022068
0 0.089149 0.253472 0.007639 0.022068
0 0.088672 0.252623 0.007552 0.022222
0 0.088151 0.252160 0.007552 0.022222
0 0.087717 0.251775 0.007552 0.022068
0 0.087196 0.250849 0.007552 0.022068
0 0.086806 0.250463 0.007292 0.022222
0 0.086328 0.250000 0.007378 0.022222
0 0.085851 0.249151 0.007292 0.022068
0 0.085373 0.248688 0.007378 0.022068
0 0.084896 0.248302 0.007292 0.022222
0 0.084635 0.247840 0.007292 0.022222
0 0.084028 0.246991 0.007639 0.022068
0 0.083550 0.246065 0.007552 0.022068
0 0.083160 0.245293 0.007812 0.022068
0 0.082639 0.244367 0.007812 0.022068
0 0.082335 0.243904 0.008073 0.022068
0 0.081814 0.243056 0.008073 0.022222
0 0.081337 0.242207 0.007986 0.022068
0 0.080990 0.241358 0.008333 0.022222
0 0.080469 0.240509 0.008333 0.022068
0 0.080122 0.240046 0.008507 0.022068
0 0.079644 0.239198 0.008594 0.022222
0 0.079253 0.238735 0.008333 0.022222
0 0.078906 0.237886 0.007986 0.022068
0 0.078559 0.237423 0.007812 0.022068
0 0.078168 0.236960 0.007552 0.022068
0 0.077778 0.236111 0.007292 0.022222
0 0.077431 0.235725 0.007118 0.022068
0 0.077040 0.234799 0.006858 0.022068
0 0.076736 0.234414 0.006597 0.022222
0 0.076476 0.233951 0.006597 0.022222
0 0.075825 0.233102 0.006858 0.022068
0 0.075347 0.232639 0.007292 0.022068
0 0.074870 0.232253 0.007378 0.022222
0 0.074392 0.231790 0.007812 0.022222
0 0.074002 0.231404 0.008073 0.022068
0 0.073394 0.230710 0.008247 0.022531
0 0.072917 0.230247 0.008854 0.022531
0 0.072439 0.229784 0.008767 0.022531
0 0.071918 0.229398 0.009288 0.022685
0 0.071571 0.229012 0.009462 0.022531
0 0.071094 0.228086 0.009549 0.022531
0 0.070833 0.227623 0.009549 0.022531
0 0.070356 0.226852 0.009462 0.022531
0 0.070139 0.226389 0.009549 0.022531
0 0.069878 0.225463 0.009549 0.022531
0 0.069358 0.225077 0.009549 0.022685
0 0.069141 0.224228 0.009462 0.022531
0 0.068663 0.223765 0.009549 0.022531
0 0.068403 0.222917 0.009549 0.022685
0 0.068142 0.222531 0.009549 0.022531
0 0.067795 0.221605 0.009201 0.022531
0 0.067578 0.220679 0.009288 0.022531
0 0.067187 0.219907 0.009028 0.022531
0 0.067057 0.219213 0.008767 0.022068
0 0.066710 0.218519 0.008594 0.022531
0 0.066450 0.217747 0.008594 0.022531
0 0.066189 0.217052 0.008073 0.022068
0 0.065972 0.216204 0.007986 0.022222
0 0.065625 0.215355 0.007812 0.022068
0 0.065495 0.214892 0.007552 0.022068
0 0.065234 0.213580 0.007552 0.022222
0 0.065234 0.212731 0.007552 0.022068
0 0.065104 0.211806 0.007812 0.022068
0 0.064974 0.210957 0.007552 0.022222
0 0.064974 0.210108 0.007552 0.022068
0 0.064844 0.209259 0.007812 0.022222
0 0.064714 0.208410 0.007552 0.022068
0 0.064583 0.207485 0.007812 0.022068
0 0.064583 0.206636 0.007812 0.022222
0 0.064583 0.205787 0.007812 0.022068
