0 0.225781 0.257639 0.006597 0.020833
0 0.225521 0.257639 0.006597 0.020833
0 0.225434 0.258102 0.006424 0.020833
0 0.225347 0.258256 0.006597 0.020525
0 0.225217 0.258642 0.006337 0.020370
0 0.225087 0.258873 0.006597 0.019907
0 0.224957 0.259336 0.006337 0.019907
0 0.224696 0.259568 0.006337 0.019444
0 0.224696 0.260031 0.006337 0.019444
0 0.224436 0.260185 0.006337 0.019136
0 0.224436 0.260648 0.006337 0.019136
0 0.225087 0.261497 0.006597 0.018981
0 0.225781 0.262809 0.006597 0.019136
0 0.226562 0.264120 0.006597 0.018981
0 0.227127 0.265432 0.006858 0.019136
0 0.227865 0.266667 0.006771 0.019136
0 0.228602 0.267824 0.006858 0.019599
0 0.229210 0.269136 0.007031 0.019444
0 0.229948 0.270370 0.007118 0.019444
0 0.230686 0.271682 0.007031 0.019599
0 0.231510 0.272994 0.007292 0.019444
0 0.231641 0.273843 0.007552 0.019599
0 0.231901 0.274769 0.007552 0.019599
0 0.232161 0.275617 0.007552 0.019444
0 0.232422 0.276698 0.007552 0.019136
0 0.232595 0.277778 0.007552 0.019444
0 0.232856 0.278627 0.007552 0.019599
0 0.233116 0.279784 0.007552 0.019136
0 0.233377 0.280556 0.007552 0.019136
0 0.233637 0.281481 0.007552 0.019136
0 0.233854 0.282793 0.007639 0.018981
0 0.233854 0.282948 0.007639 0.018673
0 0.233854 0.283642 0.007639 0.018210
0 0.233854 0.284336 0.007639 0.017747
0 0.233854 0.284722 0.007639 0.016975
0 0.233984 0.285417 0.007378 0.016512
0 0.233984 0.285802 0.007378 0.016358
0 0.233984 0.286188 0.007378 0.015586
0 0.233984 0.286883 0.007378 0.015123
0 0.233984 0.287500 0.007378 0.014815
0 0.234201 0.288194 0.007292 0.014352
0 0.234115 0.288889 0.007118 0.014815
0 0.234115 0.289969 0.007118 0.015123
0 0.234115 0.290972 0.007118 0.015586
0 0.234115 0.291898 0.007118 0.016512
0 0.234115 0.292978 0.007118 0.016821
0 0.234115 0.293827 0.007118 0.016975
0 0.234115 0.294676 0.007118 0.017747
0 0.234115 0.295833 0.007118 0.018210
0 0.234115 0.296836 0.007118 0.018673
0 0.234115 0.297994 0.007118 0.019136
0 0.233854 0.298225 0.007118 0.018673
0 0.233854 0.298457 0.007118 0.018210
0 0.233854 0.298611 0.007118 0.017901
0 0.233854 0.298843 0.007118 0.017438
0 0.233854 0.299460 0.007118 0.016821
0 0.233724 0.299691 0.006858 0.016358
0 0.233724 0.299846 0.006858 0.016049
0 0.233724 0.300077 0.006858 0.015586
0 0.233724 0.300309 0.006858 0.015123
0 0.233724 0.301003 0.006858 0.014660
0 0.233464 0.298611 0.006858 0.015123
0 0.233247 0.296219 0.006771 0.015586
0 0.232986 0.293827 0.006771 0.016049
0 0.232769 0.291435 0.006858 0.016512
0 0.232509 0.289506 0.006858 0.016975
0 0.232248 0.287114 0.006858 0.017438
0 0.232031 0.284722 0.006771 0.017901
0 0.231771 0.282407 0.006771 0.018210
0 0.231554 0.280015 0.006858 0.018673
0 0.231293 0.278009 0.006858 0.018981
0 0.231293 0.279321 0.006858 0.019136
0 0.231293 0.280556 0.006858 0.019136
0 0.231293 0.281944 0.006858 0.019136
0 0.231293 0.283642 0.006858 0.019136
0 0.231293 0.284954 0.006858 0.018981
0 0.231293 0.286265 0.006858 0.019136
0 0.231293 0.287963 0.006858 0.019136
0 0.231293 0.289275 0.006858 0.018981
0 0.231293 0.290586 0.006858 0.019136
0 0.231554 0.292284 0.006858 0.019136
0 0.231554 0.292284 0.006858 0.019136
0 0.231554 0.292284 0.006858 0.019136
0 0.231554 0.292284 0.006858 0.019136
0 0.231554 0.292284 0.006858 0.019136
0 0.231554 0.292284 0.006858 0.019136
0 0.231554 0.292284 0.006858 0.019136
0 0.231554 0.292284 0.006858 0.019136
0 0.231554 0.292284 0.006858 0.019136
0 0.231554 0.292284 0.006858 0.019136
0 0.231554 0.292284 0.006858 0.019136
0 0.231554 0.292284 0.006858 0.019136
0 0.231554 0.292284 0.006858 0.019136
0 0.231554 0.292284 0.006858 0.019136
0 0.231554 0.292284 0.006858 0.019136
0 0.231554 0.292284 0.006858 0.019136
0 0.231554 0.292284 0.006858 0.019136
0 0.231554 0.292284 0.006858 0.019136
0 0.231554 0.292284 0.006858 0.019136
0 0.231554 0.292284 0.006858 0.019136
0 0.231771 0.292284 0.006771 0.019136
0 0.231554 0.292284 0.006858 0.019136
0 0.231554 0.292284 0.006858 0.019136
0 0.231554 0.292284 0.006858 0.019136
0 0.231554 0.292284 0.006858 0.019136
0 0.231554 0.292284 0.006858 0.019136
0 0.231554 0.292284 0.006858 0.019136
0 0.231554 0.292284 0.006858 0.019136
0 0.231554 0.292284 0.006858 0.019136
0 0.231554 0.292284 0.006858 0.019136
0 0.231554 0.292747 0.006858 0.019136
0 0.231554 0.292747 0.006858 0.019136
0 0.231554 0.292747 0.006858 0.019136
0 0.231554 0.292747 0.006858 0.019136
0 0.231554 0.292747 0.006858 0.019136
0 0.231554 0.292747 0.006858 0.019136
0 0.231554 0.292747 0.006858 0.019136
0 0.231554 0.292747 0.006858 0.019136
0 0.231554 0.292747 0.006858 0.019136
0 0.231554 0.292747 0.006858 0.019136
0 0.231554 0.292747 0.006858 0.019136
0 0.231554 0.292747 0.006858 0.019136
0 0.231554 0.292747 0.006858 0.019136
0 0.231554 0.292747 0.006858 0.019136
0 0.231554 0.292747 0.006858 0.019136
0 0.231554 0.292747 0.006858 0.019136
0 0.231554 0.292747 0.006858 0.019136
0 0.231554 0.292747 0.006858 0.019136
0 0.231554 0.292747 0.006858 0.019136
0 0.231554 0.292747 0.006858 0.019136
0 0.231554 0.292747 0.006858 0.019136
0 0.231554 0.292747 0.006858 0.019136
0 0.231554 0.292747 0.006858 0.019136
0 0.231554 0.292747 0.006858 0.019136
0 0.231554 0.292747 0.006858 0.019136
0 0.231554 0.292747 0.006858 0.019136
0 0.231554 0.292747 0.006858 0.019136
0 0.231554 0.292747 0.006858 0.019136
0 0.231554 0.292747 0.006858 0.019136
0 0.231554 0.292747 0.006858 0.019136
0 0.231554 0.292747 0.006858 0.019136
0 0.231554 0.292747 0.006858 0.019136
0 0.231554 0.292747 0.006858 0.019136
0 0.231554 0.292747 0.006858 0.019136
0 0.231554 0.292747 0.006858 0.019136
0 0.231554 0.292747 0.006858 0.019136
0 0.231554 0.292747 0.006858 0.019136
0 0.231554 0.292747 0.006858 0.019136
0 0.231554 0.292747 0.006858 0.019136
0 0.231554 0.292747 0.006858 0.019136
0 0.231554 0.292747 0.006858 0.019136
0 0.231554 0.292747 0.006858 0.019136
0 0.231554 0.292747 0.006858 0.019136
0 0.231554 0.292747 0.006858 0.019136
0 0.231554 0.292747 0.006858 0.019136
0 0.231554 0.292747 0.006858 0.019136
0 0.231554 0.292747 0.006858 0.019136
0 0.231554 0.292747 0.006858 0.019136
0 0.231554 0.292747 0.006858 0.019136
0 0.231554 0.292747 0.006858 0.019136
0 0.231554 0.292747 0.006858 0.019136
0 0.231554 0.292747 0.006858 0.019136
0 0.231554 0.292747 0.006858 0.019136
0 0.231554 0.292747 0.006858 0.019136
0 0.231554 0.292747 0.006858 0.019136
0 0.231554 0.292747 0.006858 0.019136
0 0.231554 0.292747 0.006858 0.019136
0 0.231554 0.292747 0.006858 0.019136
0 0.231554 0.292747 0.006858 0.019136
0 0.231554 0.292747 0.006858 0.019136
0 0.231554 0.292747 0.006858 0.019136
0 0.231554 0.292747 0.006858 0.019136
0 0.231554 0.292747 0.006858 0.019136
0 0.231554 0.292747 0.006858 0.019136
0 0.231554 0.292747 0.006858 0.019136
0 0.231554 0.292747 0.006858 0.019136
0 0.231554 0.292747 0.006858 0.019136
0 0.231554 0.292747 0.006858 0.019136
0 0.231554 0.292747 0.006858 0.019136
0 0.231554 0.292747 0.006858 0.019136
0 0.231554 0.292747 0.006858 0.019136
