0 0.211892 0.078009 0.004687 0.015586
0 0.190668 0.069985 0.004080 0.014352
0 0.169575 0.062346 0.003906 0.012963
0 0.148307 0.054552 0.003385 0.011265
0 0.127214 0.046991 0.003212 0.010031
0 0.106076 0.039352 0.002951 0.008642
0 0.084896 0.031327 0.002431 0.007407
0 0.063759 0.023765 0.002170 0.006173
0 0.042535 0.015972 0.001736 0.004475
0 0.021398 0.008333 0.001476 0.003086
0 0.000477 0.000849 0.000955 0.001698
0 0.000477 0.000849 0.000955 0.001698
0 0.000477 0.000849 0.000955 0.001698
0 0.000477 0.000849 0.000955 0.001698
0 0.000477 0.000849 0.000955 0.001698
0 0.000477 0.000849 0.000955 0.001698
0 0.000477 0.000849 0.000955 0.001698
0 0.000477 0.000849 0.000955 0.001698
0 0.000477 0.000849 0.000955 0.001698
0 0.000477 0.000849 0.000955 0.001698
0 0.000477 0.000849 0.000955 0.001698
0 0.000477 0.000849 0.000955 0.001698
0 0.000477 0.000849 0.000955 0.001698
0 0.000477 0.000849 0.000955 0.001698
0 0.000477 0.000849 0.000955 0.001698
0 0.000477 0.000849 0.000955 0.001698
0 0.000477 0.000849 0.000955 0.001698
0 0.000477 0.000849 0.000955 0.001698
0 0.000477 0.000849 0.000955 0.001698
0 0.000477 0.000849 0.000955 0.001698
0 0.000477 0.000849 0.000955 0.001698
0 0.000477 0.000849 0.000955 0.001698
0 0.000477 0.000849 0.000955 0.001698
0 0.000477 0.000849 0.000955 0.001698
0 0.000477 0.000849 0.000955 0.001698
0 0.000477 0.000849 0.000955 0.001698
0 0.000477 0.000849 0.000955 0.001698
0 0.000477 0.000849 0.000955 0.001698
0 0.000477 0.000849 0.000955 0.001698
0 0.000477 0.000849 0.000955 0.001698
0 0.000477 0.000849 0.000955 0.001698
0 0.022049 0.008333 0.001215 0.003086
0 0.043750 0.016127 0.001736 0.004784
0 0.065495 0.023765 0.002170 0.006173
0 0.087066 0.031790 0.002431 0.007407
0 0.108898 0.039352 0.002691 0.008642
0 0.130642 0.047222 0.003125 0.010494
0 0.152214 0.055015 0.003385 0.011265
0 0.173915 0.062809 0.003906 0.012963
0 0.195660 0.070448 0.004340 0.014352
0 0.217491 0.078472 0.004601 0.015586
0 0.217491 0.078472 0.004601 0.015586
0 0.217491 0.078472 0.004601 0.015586
0 0.217491 0.078472 0.004601 0.015586
0 0.217491 0.078472 0.004601 0.015586
0 0.217491 0.078472 0.004601 0.015586
0 0.217491 0.078472 0.004601 0.015586
0 0.217491 0.078472 0.004601 0.015586
0 0.217491 0.078472 0.004601 0.015586
0 0.217491 0.078472 0.004601 0.015586
0 0.217491 0.078472 0.004601 0.015586
0 0.217491 0.078472 0.004601 0.015586
0 0.217491 0.078472 0.004601 0.015586
0 0.217491 0.078472 0.004601 0.015586
0 0.217491 0.078472 0.004601 0.015586
0 0.217491 0.078472 0.004601 0.015586
0 0.217491 0.078472 0.004601 0.015586
0 0.217491 0.078472 0.004601 0.015586
0 0.217491 0.078472 0.004601 0.015586
0 0.217491 0.078472 0.004601 0.015586
0 0.217491 0.078472 0.004601 0.015586
0 0.217491 0.078472 0.004601 0.015586
0 0.217491 0.078472 0.004601 0.015586
0 0.217491 0.078472 0.004601 0.015586
0 0.217491 0.078472 0.004601 0.015586
0 0.217491 0.078472 0.004601 0.015586
0 0.217491 0.078472 0.004601 0.015586
0 0.217491 0.078472 0.004601 0.015586
0 0.217491 0.078472 0.004601 0.015586
0 0.217491 0.078472 0.004601 0.015586
0 0.217491 0.078472 0.004601 0.015586
0 0.217491 0.078472 0.004601 0.015586
0 0.217491 0.078472 0.004601 0.015586
0 0.217491 0.078472 0.004601 0.015586
0 0.217491 0.078472 0.004601 0.015586
0 0.217491 0.078472 0.004601 0.015586
0 0.217491 0.078472 0.004601 0.015586
0 0.217491 0.078472 0.004601 0.015586
0 0.217491 0.078472 0.004601 0.015586
0 0.217491 0.078472 0.004601 0.015586
0 0.217491 0.078472 0.004601 0.015586
0 0.217491 0.078472 0.004601 0.015586
0 0.217491 0.078472 0.004601 0.015586
0 0.217491 0.078472 0.004601 0.015586
0 0.217491 0.078472 0.004601 0.015586
0 0.217491 0.078472 0.004601 0.015586
0 0.217491 0.078472 0.004601 0.015586
0 0.217491 0.078472 0.004601 0.015586
0 0.217491 0.078472 0.004601 0.015586
0 0.217491 0.078472 0.004601 0.015586
0 0.217491 0.078472 0.004601 0.015586
0 0.217491 0.078472 0.004601 0.015586
0 0.217491 0.078472 0.004601 0.015586
0 0.217491 0.078472 0.004601 0.015586
0 0.217491 0.078472 0.004601 0.015586
0 0.217491 0.078472 0.004601 0.015586
0 0.217491 0.078472 0.004601 0.015586
0 0.217491 0.078472 0.004601 0.015586
0 0.217491 0.078472 0.004601 0.015586
0 0.217491 0.078472 0.004601 0.015586
0 0.217491 0.078472 0.004601 0.015586
0 0.217491 0.078472 0.004601 0.015586
0 0.217491 0.078472 0.004601 0.015586
0 0.217491 0.078472 0.004601 0.015586
0 0.217491 0.078472 0.004601 0.015586
0 0.217491 0.078472 0.004601 0.015586
0 0.217491 0.078472 0.004601 0.015586
0 0.217491 0.078472 0.004601 0.015586
0 0.217491 0.078472 0.004601 0.015586
0 0.217491 0.078472 0.004601 0.015586
0 0.217491 0.078472 0.004601 0.015586
0 0.217491 0.078472 0.004601 0.015586
0 0.217491 0.078472 0.004601 0.015586
0 0.217491 0.078472 0.004601 0.015586
0 0.217491 0.078472 0.004601 0.015586
0 0.217491 0.078472 0.004601 0.015586
0 0.217491 0.078472 0.004601 0.015586
0 0.217491 0.078472 0.004601 0.015586
0 0.217491 0.078472 0.004601 0.015586
0 0.217491 0.078472 0.004601 0.015586
0 0.217491 0.078472 0.004601 0.015586
0 0.226172 0.081327 0.004948 0.016049
0 0.234983 0.084491 0.004861 0.016512
0 0.243620 0.087577 0.005122 0.016512
0 0.252387 0.090818 0.005122 0.016821
0 0.261285 0.094059 0.005382 0.017438
0 0.269965 0.097068 0.005556 0.017284
0 0.278776 0.100386 0.005642 0.017747
0 0.287413 0.103395 0.005903 0.017901
0 0.296181 0.106636 0.005903 0.018210
0 0.305122 0.109954 0.006076 0.018673
0 0.302431 0.108565 0.006076 0.018673
0 0.300000 0.107562 0.006076 0.018210
0 0.297439 0.106404 0.005816 0.017747
0 0.294878 0.105324 0.006076 0.017438
0 0.292274 0.104475 0.005903 0.017284
0 0.289844 0.103164 0.005903 0.017438
0 0.287153 0.102083 0.005903 0.016821
0 0.284722 0.101003 0.005903 0.016512
0 0.282161 0.099846 0.005642 0.016049
0 0.279731 0.099074 0.005642 0.016049
0 0.277300 0.097685 0.005642 0.016049
0 0.274870 0.096914 0.005642 0.016049
0 0.272656 0.095988 0.005556 0.016049
0 0.270182 0.095216 0.005642 0.016049
0 0.268012 0.094290 0.005642 0.016049
0 0.265582 0.092901 0.005642 0.016049
0 0.263151 0.092130 0.005642 0.016049
0 0.260937 0.091204 0.005556 0.016049
0 0.258507 0.090432 0.005556 0.016049
0 0.256293 0.089506 0.005642 0.016049
0 0.253993 0.088580 0.005382 0.016049
0 0.251823 0.087809 0.005382 0.016049
0 0.249566 0.087114 0.005382 0.015586
0 0.247266 0.086420 0.005122 0.016049
0 0.245095 0.085880 0.005122 0.015586
0 0.242839 0.084954 0.005122 0.015586
0 0.240538 0.084259 0.004861 0.016049
0 0.238368 0.083642 0.004861 0.015741
0 0.236198 0.082793 0.004861 0.015586
0 0.234071 0.082330 0.004601 0.015586
0 0.232161 0.081867 0.004601 0.015586
0 0.230208 0.081481 0.004687 0.015741
0 0.228255 0.081096 0.004601 0.015586
0 0.226519 0.080633 0.004601 0.015586
0 0.224566 0.080170 0.004687 0.015586
0 0.222613 0.079707 0.004601 0.015586
0 0.220660 0.079321 0.004687 0.015741
0 0.218967 0.078935 0.004601 0.015586
0 0.217014 0.078472 0.004687 0.015586
0 0.215061 0.078009 0.004601 0.015586
