0 0.126606 0.110108 0.006858 0.022685
0 0.126866 0.109722 0.006858 0.022531
0 0.127344 0.109722 0.006771 0.022531
0 0.127821 0.109722 0.006858 0.022531
0 0.128342 0.109491 0.006858 0.022994
0 0.128776 0.109491 0.006858 0.022994
0 0.129297 0.109259 0.006858 0.022531
0 0.129774 0.109028 0.006771 0.022994
0 0.130252 0.109028 0.006858 0.022994
0 0.130773 0.109028 0.006858 0.022994
0 0.131250 0.109028 0.006771 0.022994
0 0.131250 0.109028 0.006771 0.022994
0 0.131250 0.109028 0.006771 0.022994
0 0.131250 0.109028 0.006771 0.022994
0 0.131250 0.109028 0.006771 0.022994
0 0.131250 0.109028 0.006771 0.022994
0 0.131250 0.109028 0.006771 0.022994
0 0.131250 0.109028 0.006771 0.022994
0 0.131250 0.109028 0.006771 0.022994
0 0.131250 0.109028 0.006771 0.022994
0 0.131250 0.109028 0.006771 0.022994
0 0.131250 0.109028 0.006771 0.022994
0 0.131250 0.109028 0.006771 0.022994
0 0.131250 0.109028 0.006771 0.022994
0 0.131250 0.109028 0.006771 0.022994
0 0.131250 0.109028 0.006771 0.022994
0 0.131250 0.109028 0.006771 0.022994
0 0.131250 0.109028 0.006771 0.022994
0 0.131250 0.109028 0.006771 0.022994
0 0.131250 0.109028 0.006771 0.022994
0 0.131250 0.109028 0.006771 0.022994
0 0.131250 0.109028 0.006771 0.022994
0 0.131250 0.109028 0.006771 0.022994
0 0.131250 0.109028 0.006771 0.022994
0 0.131250 0.109028 0.006771 0.022994
0 0.131250 0.109028 0.006771 0.022994
0 0.131250 0.109028 0.006771 0.022994
0 0.131250 0.109028 0.006771 0.022994
0 0.131250 0.109028 0.006771 0.022994
0 0.131250 0.109028 0.006771 0.022994
0 0.131250 0.109028 0.006771 0.022994
0 0.131250 0.109028 0.006771 0.022994
0 0.131250 0.109028 0.006771 0.022994
0 0.131250 0.109028 0.006771 0.022994
0 0.131250 0.109028 0.006771 0.022994
0 0.131250 0.109028 0.006771 0.022994
0 0.131250 0.109028 0.006771 0.022994
0 0.131250 0.109028 0.006771 0.022994
0 0.131250 0.109028 0.006771 0.022994
0 0.131250 0.109028 0.006771 0.022994
0 0.131250 0.109028 0.006771 0.022994
0 0.131250 0.109028 0.006771 0.022994
0 0.131250 0.109028 0.006771 0.022994
0 0.131250 0.109028 0.006771 0.022994
0 0.131250 0.109028 0.006771 0.022994
0 0.131250 0.109028 0.006771 0.022994
0 0.131250 0.109028 0.006771 0.022994
0 0.131250 0.109028 0.006771 0.022994
0 0.131250 0.109028 0.006771 0.022994
0 0.131250 0.109028 0.006771 0.022994
0 0.131250 0.109028 0.006771 0.022994
0 0.131250 0.109028 0.006771 0.022994
0 0.131250 0.109028 0.006771 0.022994
0 0.131250 0.109028 0.006771 0.022994
0 0.131250 0.109028 0.006771 0.022994
0 0.131250 0.109028 0.006771 0.022994
0 0.131250 0.109028 0.006771 0.022994
0 0.131250 0.109028 0.006771 0.022994
0 0.131250 0.109028 0.006771 0.022994
0 0.131250 0.109028 0.006771 0.022994
0 0.131250 0.109028 0.006771 0.022994
0 0.131250 0.109028 0.006771 0.022994
0 0.131250 0.109028 0.006771 0.022994
0 0.131250 0.109028 0.006771 0.022994
0 0.131250 0.109028 0.006771 0.022994
0 0.131250 0.109028 0.006771 0.022994
0 0.131250 0.109028 0.006771 0.022994
0 0.131250 0.109028 0.006771 0.022994
0 0.131250 0.109028 0.006771 0.022994
0 0.131250 0.109028 0.006771 0.022994
0 0.131250 0.109028 0.006771 0.022994
0 0.131250 0.109028 0.006771 0.022994
0 0.131250 0.109028 0.006771 0.022994
0 0.131250 0.109028 0.006771 0.022994
0 0.131250 0.109028 0.006771 0.022994
0 0.131250 0.109028 0.006771 0.022994
0 0.131250 0.109028 0.006771 0.022994
0 0.131250 0.109028 0.006771 0.022994
0 0.131250 0.109028 0.006771 0.022994
0 0.131250 0.109028 0.006771 0.022994
0 0.131250 0.109028 0.006771 0.022994
0 0.131250 0.109028 0.006771 0.022994
0 0.131250 0.109028 0.006771 0.022994
0 0.131250 0.109028 0.006771 0.022994
0 0.131250 0.109028 0.006771 0.022994
0 0.131250 0.109028 0.006771 0.022994
0 0.131250 0.109028 0.006771 0.022994
0 0.131250 0.109028 0.006771 0.022994
0 0.131250 0.109028 0.006771 0.022994
0 0.131250 0.109028 0.006771 0.022994
0 0.131250 0.109028 0.006771 0.022994
0 0.146267 0.110725 0.007118 0.022994
0 0.161502 0.112654 0.007378 0.023457
0 0.176519 0.114506 0.007552 0.023457
0 0.191753 0.116435 0.007812 0.023920
0 0.206901 0.118596 0.008247 0.023920
0 0.222005 0.120293 0.008247 0.023920
0 0.237153 0.122299 0.008854 0.024228
0 0.252300 0.123997 0.008767 0.024228
0 0.267405 0.125926 0.009288 0.024691
0 0.282639 0.128086 0.009549 0.024691
0 0.278385 0.126389 0.009201 0.024691
0 0.274132 0.125077 0.009028 0.024846
0 0.269835 0.123765 0.008767 0.024691
0 0.265582 0.122531 0.008594 0.024691
0 0.261415 0.121142 0.008073 0.024691
0 0.257118 0.119676 0.007812 0.024228
0 0.252908 0.118364 0.007552 0.024383
0 0.248611 0.117052 0.007292 0.024228
0 0.244358 0.115741 0.007118 0.024383
0 0.240191 0.114429 0.006597 0.024228
0 0.236285 0.113580 0.006597 0.024383
0 0.232509 0.112886 0.006337 0.023920
0 0.228733 0.112037 0.006597 0.023765
0 0.224957 0.111651 0.006337 0.023920
0 0.221181 0.110957 0.006597 0.023457
0 0.217405 0.110108 0.006337 0.023302
0 0.213498 0.109722 0.006337 0.023457
0 0.209852 0.108796 0.006337 0.023457
0 0.205946 0.108102 0.006337 0.022994
0 0.202214 0.107793 0.006337 0.022994
0 0.198828 0.107330 0.006337 0.022994
0 0.195660 0.107330 0.006424 0.022994
0 0.192491 0.107099 0.006337 0.023457
0 0.189280 0.106867 0.006337 0.022994
0 0.186155 0.106867 0.006337 0.022994
0 0.182726 0.106636 0.006424 0.023457
0 0.179557 0.106404 0.006337 0.022994
0 0.176345 0.106173 0.006337 0.023457
0 0.173220 0.106173 0.006337 0.023457
0 0.170009 0.106173 0.006337 0.023457
0 0.167144 0.106173 0.006337 0.023457
0 0.164453 0.106173 0.006337 0.023457
0 0.161632 0.106173 0.006597 0.023457
0 0.158811 0.106404 0.006337 0.022994
0 0.155990 0.106404 0.006597 0.022994
0 0.153299 0.106404 0.006597 0.022994
0 0.150434 0.106636 0.006597 0.022531
0 0.147743 0.106636 0.006597 0.022531
0 0.144922 0.106636 0.006858 0.022531
0 0.142231 0.107099 0.006858 0.022531
0 0.141016 0.107099 0.006858 0.022531
0 0.140017 0.107330 0.006771 0.022994
0 0.138802 0.107562 0.006771 0.022531
0 0.137804 0.107793 0.006858 0.022994
0 0.136589 0.107948 0.006858 0.022685
0 0.135634 0.108102 0.006858 0.022994
0 0.134418 0.108102 0.006858 0.022994
0 0.133464 0.108565 0.006858 0.022994
0 0.132205 0.108565 0.006771 0.022994
0 0.131250 0.109028 0.006771 0.022994
0 0.130773 0.109028 0.006858 0.022994
0 0.130512 0.109028 0.006858 0.022994
0 0.130252 0.109028 0.006858 0.022994
0 0.129774 0.109028 0.006771 0.022994
0 0.129557 0.109259 0.006858 0.022531
0 0.129297 0.109259 0.006858 0.022531
0 0.128776 0.109259 0.006858 0.022531
0 0.128559 0.109259 0.006771 0.022531
0 0.128342 0.109259 0.006858 0.022531
0 0.128082 0.109722 0.006858 0.022531
0 0.127821 0.109722 0.006858 0.022531
0 0.127821 0.109722 0.006858 0.022531
0 0.127561 0.109722 0.006858 0.022531
0 0.127561 0.109722 0.006858 0.022531
0 0.127344 0.109722 0.006771 0.022531
0 0.127344 0.109722 0.006771 0.022531
0 0.127083 0.109722 0.006771 0.022531
0 0.127083 0.109722 0.006771 0.022531
0 0.126866 0.109722 0.006858 0.022531
0 0.126866 0.109722 0.006858 0.022531
