0 0.120616 0.202315 0.006163 0.019444
0 0.120399 0.203164 0.006076 0.019599
0 0.120269 0.204012 0.005816 0.019444
0 0.120269 0.204938 0.005816 0.019444
0 0.120139 0.205787 0.005556 0.019599
0 0.120139 0.207099 0.005556 0.019444
0 0.119878 0.207948 0.005556 0.019599
0 0.119792 0.208796 0.005382 0.019444
0 0.119792 0.209645 0.005382 0.019599
0 0.119661 0.210571 0.005122 0.019599
0 0.119661 0.211806 0.005122 0.019599
0 0.119401 0.212269 0.005122 0.019599
0 0.119271 0.213117 0.004861 0.019444
0 0.119141 0.213812 0.004601 0.018981
0 0.119010 0.214660 0.004861 0.019136
0 0.118924 0.215509 0.004687 0.018981
0 0.118793 0.216127 0.004427 0.018673
0 0.118663 0.217052 0.004687 0.018673
0 0.118533 0.217747 0.004427 0.018210
0 0.118403 0.218519 0.004167 0.018210
0 0.118403 0.219444 0.004167 0.018210
0 0.118186 0.219907 0.004080 0.018210
0 0.118186 0.220370 0.004080 0.018210
0 0.118186 0.220679 0.004080 0.018210
0 0.118186 0.221142 0.004080 0.018210
0 0.118186 0.221605 0.004080 0.018210
0 0.118186 0.222068 0.004080 0.018210
0 0.118186 0.222531 0.004080 0.018210
0 0.118186 0.222840 0.004080 0.018210
0 0.118186 0.223302 0.004080 0.018210
0 0.118186 0.224228 0.004080 0.018210
0 0.118186 0.224228 0.004080 0.018210
0 0.118186 0.224691 0.004080 0.018210
0 0.118186 0.225077 0.004080 0.018364
0 0.118186 0.225463 0.004080 0.018210
0 0.118403 0.225926 0.004167 0.018210
0 0.118403 0.225926 0.004167 0.018210
0 0.118403 0.226389 0.004167 0.018210
0 0.118403 0.226852 0.004167 0.018210
0 0.118403 0.227238 0.004167 0.018364
0 0.118663 0.227623 0.004167 0.018210
0 0.118663 0.227623 0.004167 0.018210
0 0.118793 0.227623 0.004427 0.018210
0 0.118793 0.227855 0.004427 0.017747
0 0.118924 0.228086 0.004687 0.018210
0 0.118924 0.228318 0.004687 0.017747
0 0.119010 0.228318 0.004861 0.017747
0 0.119010 0.228549 0.004861 0.018210
0 0.119141 0.228781 0.005122 0.017747
0 0.119141 0.228781 0.005122 0.017747
0 0.119401 0.229244 0.005122 0.017747
0 0.119401 0.229244 0.005122 0.017747
0 0.119401 0.229630 0.005122 0.017901
0 0.119401 0.229630 0.005122 0.017901
0 0.119661 0.230015 0.005122 0.017747
0 0.119661 0.230015 0.005122 0.017747
0 0.119661 0.230478 0.005122 0.017747
0 0.119922 0.230478 0.005122 0.017747
0 0.119922 0.230941 0.005122 0.017747
0 0.119922 0.230941 0.005122 0.017747
0 0.120095 0.231404 0.005122 0.017747
0 0.120095 0.231404 0.005122 0.017747
0 0.120356 0.231404 0.005122 0.017747
0 0.120356 0.231404 0.005122 0.017747
0 0.120616 0.231404 0.005122 0.017747
0 0.120616 0.231790 0.005122 0.017901
0 0.120877 0.231790 0.005122 0.017901
0 0.120877 0.231790 0.005122 0.017901
0 0.121137 0.231790 0.005122 0.017901
0 0.121137 0.231790 0.005122 0.017901
0 0.121398 0.232176 0.005122 0.017747
0 0.121398 0.232176 0.005122 0.017747
0 0.121398 0.232176 0.005122 0.017747
0 0.121571 0.232176 0.005122 0.017747
0 0.121571 0.232176 0.005122 0.017747
0 0.121832 0.232639 0.005122 0.017747
0 0.121832 0.232639 0.005122 0.017747
0 0.121832 0.232639 0.005122 0.017747
0 0.122092 0.232639 0.005122 0.017747
0 0.122092 0.232639 0.005122 0.017747
0 0.122352 0.233102 0.005122 0.017747
0 0.122352 0.233102 0.005122 0.017747
0 0.122352 0.233102 0.005122 0.017747
0 0.122613 0.233102 0.005122 0.017747
0 0.122613 0.233565 0.005122 0.017747
0 0.122786 0.233565 0.005122 0.017747
0 0.122786 0.233565 0.005122 0.017747
0 0.122786 0.233951 0.005122 0.017901
0 0.123047 0.233951 0.005122 0.017901
0 0.123047 0.233951 0.005122 0.017901
0 0.123307 0.234414 0.005122 0.017901
0 0.123307 0.234414 0.005122 0.017901
0 0.123307 0.234414 0.005122 0.017901
0 0.123307 0.234414 0.005122 0.017901
0 0.123307 0.234414 0.005122 0.017901
0 0.123568 0.234414 0.005122 0.017901
0 0.123568 0.234414 0.005122 0.017901
0 0.123568 0.234414 0.005122 0.017901
0 0.123568 0.234414 0.005122 0.017901
0 0.123568 0.234414 0.005122 0.017901
0 0.123828 0.234414 0.005122 0.017901
0 0.123568 0.234414 0.005122 0.017901
0 0.123437 0.234414 0.005382 0.017901
0 0.123437 0.234414 0.005382 0.017901
0 0.123307 0.234414 0.005642 0.017901
0 0.123307 0.234414 0.005642 0.017901
0 0.123047 0.234414 0.005642 0.017901
0 0.122960 0.234414 0.005816 0.017901
0 0.122960 0.234414 0.005816 0.017901
0 0.122830 0.234414 0.006076 0.017901
0 0.122830 0.234799 0.006076 0.017747
0 0.122569 0.234799 0.006076 0.017747
0 0.122569 0.234799 0.006076 0.017747
0 0.122569 0.234799 0.006076 0.017747
0 0.122569 0.234799 0.006076 0.017747
0 0.122569 0.234799 0.006076 0.017747
0 0.122309 0.234799 0.006076 0.017747
0 0.122309 0.234799 0.006076 0.017747
0 0.122309 0.234799 0.006076 0.017747
0 0.122309 0.234799 0.006076 0.017747
0 0.122309 0.234799 0.006076 0.017747
0 0.122092 0.234414 0.006163 0.017901
0 0.122092 0.233951 0.006163 0.017901
0 0.122092 0.233951 0.006163 0.017901
0 0.122092 0.233565 0.006163 0.017747
0 0.122092 0.233565 0.006163 0.017747
0 0.121875 0.233102 0.006076 0.017747
0 0.121875 0.232639 0.006076 0.017747
0 0.121875 0.232639 0.006076 0.017747
0 0.121875 0.232176 0.006076 0.017747
0 0.121875 0.232176 0.006076 0.017747
0 0.121615 0.231790 0.006076 0.017901
0 0.121615 0.231790 0.006076 0.017901
0 0.121354 0.231790 0.006076 0.017901
0 0.121354 0.231790 0.006076 0.017901
0 0.121094 0.231790 0.006076 0.017901
0 0.121094 0.231404 0.006076 0.017747
0 0.120877 0.231404 0.006163 0.017747
0 0.120877 0.231404 0.006163 0.017747
0 0.120616 0.231404 0.006163 0.017747
0 0.120616 0.231404 0.006163 0.017747
0 0.120399 0.230941 0.006076 0.017747
0 0.120139 0.230941 0.006076 0.017747
0 0.119878 0.230478 0.006076 0.017747
0 0.119618 0.230478 0.006076 0.017747
0 0.119618 0.230478 0.006076 0.017747
0 0.119401 0.230015 0.006163 0.017747
0 0.119184 0.230015 0.006076 0.017747
0 0.118924 0.229630 0.006076 0.017901
0 0.118663 0.229630 0.006076 0.017901
0 0.118663 0.229630 0.006076 0.017901
0 0.118663 0.229244 0.006076 0.017747
0 0.118663 0.229244 0.006076 0.017747
0 0.118663 0.228781 0.006076 0.017747
0 0.118663 0.228781 0.006076 0.017747
0 0.118663 0.228318 0.006076 0.017747
0 0.118663 0.228318 0.006076 0.017747
0 0.118663 0.227855 0.006076 0.017747
0 0.118663 0.227855 0.006076 0.017747
0 0.118663 0.227469 0.006076 0.017901
0 0.118663 0.227469 0.006076 0.017901
0 0.118403 0.226620 0.006076 0.017747
0 0.118403 0.226157 0.006076 0.017747
0 0.118186 0.225309 0.006163 0.017901
0 0.118186 0.224846 0.006163 0.017901
0 0.117969 0.224460 0.006076 0.017747
0 0.117969 0.223534 0.006076 0.017747
0 0.117708 0.223071 0.006076 0.017747
0 0.117708 0.222299 0.006076 0.017747
0 0.117448 0.221836 0.006076 0.017747
0 0.117448 0.221373 0.006076 0.017747
0 0.117188 0.220525 0.006076 0.017901
0 0.117188 0.220139 0.006076 0.017747
0 0.117188 0.219676 0.006076 0.017747
0 0.117188 0.218981 0.006076 0.018210
0 0.117188 0.218519 0.006076 0.018210
0 0.116970 0.217901 0.006163 0.017901
0 0.116970 0.217284 0.006163 0.018210
0 0.116970 0.216821 0.006163 0.018210
0 0.116970 0.216358 0.006163 0.018210
0 0.116970 0.215895 0.006163 0.018210
