0 0.284115 0.048920 0.004687 0.012963
0 0.283898 0.048688 0.004601 0.013426
0 0.283898 0.048688 0.004601 0.013426
0 0.283637 0.048688 0.004601 0.013426
0 0.283637 0.048688 0.004601 0.013426
0 0.283507 0.048688 0.004340 0.013426
0 0.283377 0.048688 0.004601 0.013426
0 0.283290 0.048688 0.004427 0.013426
0 0.283160 0.048688 0.004687 0.013426
0 0.283030 0.048688 0.004427 0.013426
0 0.283030 0.048688 0.004427 0.013426
0 0.282769 0.048688 0.004427 0.013426
0 0.282509 0.048688 0.004427 0.013426
0 0.282292 0.048688 0.004340 0.013426
0 0.282031 0.048688 0.004340 0.013426
0 0.281814 0.048688 0.004427 0.013426
0 0.281554 0.048688 0.004427 0.013426
0 0.281293 0.048688 0.004427 0.013426
0 0.281076 0.048688 0.004340 0.013426
0 0.280816 0.048688 0.004340 0.013426
0 0.280599 0.048688 0.004427 0.013426
0 0.278863 0.048302 0.004427 0.013580
0 0.277170 0.047917 0.004340 0.013426
0 0.275477 0.047454 0.004427 0.013426
0 0.273741 0.047454 0.004427 0.013426
0 0.272266 0.046991 0.004427 0.013426
0 0.270573 0.046528 0.004340 0.013426
0 0.268880 0.046528 0.004427 0.013426
0 0.267144 0.046065 0.004427 0.013426
0 0.265451 0.045756 0.004340 0.013426
0 0.263976 0.045756 0.004340 0.013426
0 0.263021 0.045293 0.004340 0.013426
0 0.262023 0.044830 0.004427 0.013426
0 0.261068 0.044830 0.004427 0.013426
0 0.260069 0.044367 0.004340 0.013426
0 0.259115 0.044367 0.004340 0.013426
0 0.258116 0.043904 0.004427 0.013426
0 0.257161 0.043519 0.004427 0.013580
0 0.256163 0.043519 0.004340 0.013580
0 0.255208 0.043133 0.004340 0.013426
0 0.254210 0.043133 0.004427 0.013426
0 0.253733 0.042670 0.004340 0.013426
0 0.253255 0.042670 0.004427 0.013426
0 0.252995 0.042670 0.004427 0.013426
0 0.252517 0.042207 0.004340 0.013426
0 0.252300 0.042207 0.004427 0.013426
0 0.251780 0.042207 0.004427 0.013426
0 0.251302 0.041744 0.004340 0.013426
0 0.251042 0.041744 0.004340 0.013426
0 0.250564 0.041744 0.004427 0.013426
0 0.250304 0.041744 0.004427 0.013426
0 0.250087 0.041744 0.004340 0.013426
0 0.250087 0.041744 0.004340 0.013426
0 0.250087 0.041744 0.004340 0.013426
0 0.250087 0.041744 0.004340 0.013426
0 0.250087 0.041744 0.004340 0.013426
0 0.250087 0.041744 0.004340 0.013426
0 0.250087 0.041744 0.004340 0.013426
0 0.250087 0.041744 0.004340 0.013426
0 0.250087 0.041744 0.004340 0.013426
0 0.250087 0.041975 0.004340 0.012963
0 0.250087 0.041975 0.004340 0.012963
0 0.250087 0.041975 0.004340 0.012963
0 0.250087 0.041975 0.004340 0.012963
0 0.250087 0.041975 0.004340 0.012963
0 0.250087 0.041975 0.004340 0.012963
0 0.250087 0.041975 0.004340 0.012963
0 0.250087 0.041975 0.004340 0.012963
0 0.250087 0.041975 0.004340 0.012963
0 0.250087 0.041975 0.004340 0.012963
0 0.250087 0.042207 0.004340 0.013426
0 0.250087 0.042207 0.004340 0.013426
0 0.250087 0.042207 0.004340 0.013426
0 0.250087 0.042207 0.004340 0.013426
0 0.250087 0.042207 0.004340 0.013426
0 0.250087 0.042207 0.004340 0.013426
0 0.250087 0.042207 0.004340 0.013426
0 0.250087 0.042207 0.004340 0.013426
0 0.250087 0.042207 0.004340 0.013426
0 0.250087 0.042207 0.004340 0.013426
0 0.250087 0.042438 0.004340 0.012963
0 0.250304 0.042438 0.004427 0.012963
0 0.250564 0.042438 0.004427 0.012963
0 0.250825 0.042438 0.004427 0.012963
0 0.251042 0.042901 0.004340 0.012963
0 0.251302 0.042901 0.004340 0.012963
0 0.251519 0.042901 0.004427 0.012963
0 0.251780 0.043287 0.004427 0.013117
0 0.252040 0.043287 0.004427 0.013117
0 0.252300 0.043287 0.004427 0.013117
0 0.252517 0.043750 0.004340 0.013117
0 0.252517 0.043750 0.004340 0.013117
0 0.252517 0.043904 0.004340 0.013426
0 0.252517 0.044136 0.004340 0.012963
0 0.252517 0.044367 0.004340 0.013426
0 0.252517 0.044599 0.004340 0.012963
0 0.252517 0.044830 0.004340 0.013426
0 0.252517 0.044830 0.004340 0.013426
0 0.252517 0.045293 0.004340 0.013426
0 0.252517 0.045293 0.004340 0.013426
0 0.252778 0.045756 0.004340 0.013426
0 0.252995 0.046065 0.004427 0.013426
0 0.253385 0.046528 0.004167 0.013426
0 0.253733 0.046991 0.004340 0.013426
0 0.254080 0.047685 0.004167 0.013889
0 0.254470 0.048148 0.004427 0.013889
0 0.254861 0.048457 0.004167 0.013889
0 0.255078 0.049151 0.004080 0.014352
0 0.255556 0.049614 0.004167 0.014352
0 0.255816 0.050077 0.004167 0.014352
0 0.256293 0.050694 0.004080 0.014660
0 0.256554 0.050694 0.004080 0.014660
0 0.256771 0.051080 0.004167 0.014815
0 0.257031 0.051543 0.004167 0.014815
0 0.257552 0.051775 0.004167 0.014352
0 0.257769 0.052238 0.004080 0.014352
0 0.257986 0.052392 0.004167 0.014660
0 0.258507 0.052623 0.004167 0.014198
0 0.258767 0.053009 0.004167 0.014352
0 0.258984 0.053472 0.004080 0.014352
0 0.259462 0.053935 0.004167 0.014352
0 0.259722 0.054398 0.004167 0.014352
0 0.260200 0.054784 0.004080 0.014198
0 0.260677 0.055247 0.004167 0.014198
0 0.260937 0.055633 0.004167 0.014352
0 0.261458 0.056327 0.004167 0.014815
0 0.261892 0.056790 0.004167 0.014815
0 0.262153 0.057176 0.004167 0.014660
0 0.262674 0.057639 0.004167 0.014660
0 0.263108 0.058025 0.004167 0.014815
0 0.263628 0.058951 0.004167 0.014815
0 0.264106 0.059336 0.004080 0.014660
0 0.264583 0.059799 0.004167 0.014660
0 0.265104 0.060417 0.004167 0.014352
0 0.265582 0.061111 0.004080 0.014815
0 0.266319 0.061728 0.004167 0.014198
0 0.266797 0.062191 0.004080 0.014198
0 0.267274 0.062809 0.004167 0.014815
0 0.267795 0.063503 0.004167 0.014352
0 0.268229 0.063966 0.004167 0.014352
0 0.269010 0.064738 0.004167 0.014352
0 0.269227 0.065201 0.004080 0.014352
0 0.269705 0.066127 0.004167 0.014352
0 0.270226 0.066898 0.004167 0.014352
0 0.270703 0.067824 0.004080 0.014352
0 0.271181 0.068673 0.004167 0.014198
0 0.271441 0.069290 0.004167 0.014815
0 0.271918 0.070216 0.004080 0.014815
0 0.272396 0.071065 0.004167 0.014660
0 0.272917 0.071914 0.004167 0.014815
0 0.273351 0.072840 0.004167 0.014815
0 0.273611 0.073225 0.004167 0.014660
0 0.274132 0.074074 0.004167 0.014815
0 0.274392 0.074537 0.004167 0.014815
0 0.274826 0.075386 0.004167 0.014660
0 0.275347 0.076235 0.004167 0.014815
0 0.275608 0.076698 0.004167 0.014815
0 0.276042 0.077546 0.004167 0.014660
0 0.276302 0.078009 0.004167 0.014660
0 0.276823 0.078858 0.004167 0.014815
0 0.277257 0.079784 0.004167 0.014815
0 0.277517 0.080170 0.004167 0.014660
0 0.277778 0.080633 0.004167 0.014660
0 0.278038 0.081019 0.004167 0.014815
0 0.278516 0.081481 0.004080 0.014815
0 0.278733 0.081944 0.004167 0.014815
0 0.278993 0.082330 0.004167 0.014660
0 0.279514 0.082793 0.004167 0.014660
0 0.279731 0.083179 0.004080 0.014815
0 0.279948 0.083642 0.004167 0.014815
0 0.280469 0.084105 0.004167 0.014815
0 0.280599 0.084105 0.004427 0.014815
0 0.280816 0.084491 0.004340 0.014660
0 0.281076 0.084491 0.004340 0.014660
0 0.281293 0.084954 0.004427 0.014660
0 0.281554 0.084954 0.004427 0.014660
0 0.281814 0.085417 0.004427 0.014660
0 0.282031 0.085417 0.004340 0.014660
0 0.282292 0.085802 0.004340 0.014815
0 0.282509 0.085802 0.004427 0.014815
0 0.282899 0.086265 0.004687 0.014815
