0 0.284722 0.087114 0.004340 0.020833
0 0.284722 0.087577 0.004340 0.020833
0 0.284983 0.088040 0.004340 0.020833
0 0.284983 0.088426 0.004340 0.020679
0 0.285200 0.088812 0.004427 0.020833
0 0.285460 0.089275 0.004427 0.020833
0 0.285460 0.089738 0.004427 0.020833
0 0.285720 0.090201 0.004427 0.020833
0 0.285720 0.090586 0.004427 0.020679
0 0.285937 0.090972 0.004340 0.020833
0 0.286198 0.091435 0.004340 0.020833
0 0.286198 0.090972 0.004340 0.020833
0 0.286198 0.090972 0.004340 0.020833
0 0.286198 0.090972 0.004340 0.020833
0 0.286285 0.090972 0.004167 0.020833
0 0.286415 0.090972 0.004427 0.020833
0 0.286415 0.090972 0.004427 0.020833
0 0.286545 0.090972 0.004167 0.020833
0 0.286545 0.090972 0.004167 0.020833
0 0.286545 0.090972 0.004167 0.020833
0 0.286806 0.090972 0.004167 0.020833
0 0.286545 0.090972 0.004167 0.020833
0 0.286415 0.090972 0.004427 0.020833
0 0.286285 0.091435 0.004167 0.020833
0 0.286198 0.091435 0.004340 0.020833
0 0.286068 0.091898 0.004080 0.020833
0 0.285937 0.091898 0.004340 0.020833
0 0.285720 0.091898 0.004427 0.020833
0 0.285720 0.092361 0.004427 0.020833
0 0.285460 0.092361 0.004427 0.020833
0 0.285460 0.092824 0.004427 0.020833
0 0.285200 0.092824 0.004427 0.020833
0 0.284983 0.093133 0.004340 0.020833
0 0.284983 0.093596 0.004340 0.020833
0 0.284722 0.093596 0.004340 0.020833
0 0.284722 0.094059 0.004340 0.020833
0 0.284505 0.094522 0.004427 0.020833
0 0.284245 0.094522 0.004427 0.020833
0 0.284245 0.094985 0.004427 0.020833
0 0.283984 0.095293 0.004427 0.020833
0 0.283984 0.095756 0.004427 0.020833
0 0.283767 0.095293 0.004340 0.020833
0 0.283767 0.095293 0.004340 0.020833
0 0.283507 0.095293 0.004340 0.020833
0 0.283507 0.095293 0.004340 0.020833
0 0.283507 0.095293 0.004340 0.020833
0 0.283290 0.094985 0.004427 0.020833
0 0.283290 0.094985 0.004427 0.020833
0 0.283030 0.094985 0.004427 0.020833
0 0.283030 0.094985 0.004427 0.020833
0 0.283030 0.094985 0.004427 0.020833
0 0.282769 0.094985 0.004427 0.020833
0 0.282769 0.094985 0.004427 0.020833
0 0.282769 0.094985 0.004427 0.020833
0 0.282769 0.095139 0.004427 0.020525
0 0.282769 0.095293 0.004427 0.020833
0 0.282639 0.095293 0.004167 0.020833
0 0.282639 0.095525 0.004167 0.020370
0 0.282639 0.095525 0.004167 0.020370
0 0.282639 0.095525 0.004167 0.020370
0 0.282639 0.095988 0.004167 0.020370
0 0.282509 0.095988 0.004427 0.020370
0 0.282509 0.095988 0.004427 0.020370
0 0.282509 0.096219 0.004427 0.020833
0 0.282509 0.096451 0.004427 0.020370
0 0.282509 0.096682 0.004427 0.020833
0 0.282509 0.096682 0.004427 0.020833
0 0.282509 0.096914 0.004427 0.020370
0 0.282509 0.097145 0.004427 0.020833
0 0.282509 0.097145 0.004427 0.020833
0 0.282509 0.097531 0.004427 0.020679
0 0.282292 0.097145 0.004340 0.020833
0 0.282031 0.096682 0.004340 0.020833
0 0.282031 0.096219 0.004340 0.020833
0 0.281814 0.095756 0.004427 0.020833
0 0.281814 0.095756 0.004427 0.020833
0 0.281554 0.095293 0.004427 0.020833
0 0.281293 0.094985 0.004427 0.020833
0 0.281293 0.094522 0.004427 0.020833
0 0.281076 0.094059 0.004340 0.020833
0 0.281076 0.094059 0.004340 0.020833
0 0.280816 0.094059 0.004340 0.020833
0 0.280816 0.094059 0.004340 0.020833
0 0.280816 0.094059 0.004340 0.020833
0 0.280599 0.094059 0.004427 0.020833
0 0.280599 0.094059 0.004427 0.020833
0 0.280599 0.094059 0.004427 0.020833
0 0.280339 0.094059 0.004427 0.020833
0 0.280339 0.094059 0.004427 0.020833
0 0.280339 0.094059 0.004427 0.020833
0 0.280339 0.094059 0.004427 0.020833
0 0.280078 0.093596 0.004427 0.020833
0 0.280078 0.093596 0.004427 0.020833
0 0.280078 0.093133 0.004427 0.020833
0 0.280078 0.093133 0.004427 0.020833
0 0.280078 0.093133 0.004427 0.020833
0 0.279948 0.092824 0.004167 0.020833
0 0.279948 0.092824 0.004167 0.020833
0 0.279948 0.092361 0.004167 0.020833
0 0.279948 0.092361 0.004167 0.020833
0 0.279948 0.092361 0.004167 0.020833
0 0.279948 0.091435 0.004167 0.020833
0 0.280078 0.090972 0.004427 0.020833
0 0.280208 0.090586 0.004167 0.020679
0 0.280339 0.090201 0.004427 0.020833
0 0.280469 0.089738 0.004167 0.020833
0 0.280599 0.088812 0.004427 0.020833
0 0.280599 0.088426 0.004427 0.020679
0 0.280816 0.088040 0.004340 0.020833
0 0.280816 0.087577 0.004340 0.020833
0 0.281076 0.087114 0.004340 0.020833
0 0.280816 0.086188 0.004340 0.020833
0 0.280729 0.085417 0.004167 0.020833
0 0.280599 0.084491 0.004427 0.020833
0 0.280469 0.083719 0.004167 0.020833
0 0.280339 0.083025 0.004427 0.020370
0 0.280208 0.082099 0.004167 0.020370
0 0.279948 0.081327 0.004167 0.020370
0 0.279948 0.080401 0.004167 0.020370
0 0.279731 0.079475 0.004080 0.020370
0 0.279731 0.079090 0.004080 0.020525
0 0.279948 0.078704 0.004167 0.020370
0 0.280208 0.078241 0.004167 0.020370
0 0.280469 0.077778 0.004167 0.020370
0 0.280729 0.077315 0.004167 0.020370
0 0.281076 0.076929 0.004340 0.020525
0 0.281293 0.076543 0.004427 0.020370
0 0.281554 0.076080 0.004427 0.020370
0 0.281814 0.075617 0.004427 0.020370
0 0.282031 0.075154 0.004340 0.020370
0 0.282509 0.074923 0.004427 0.020833
0 0.282509 0.074537 0.004427 0.020679
0 0.282509 0.074151 0.004427 0.020833
0 0.282769 0.073688 0.004427 0.020833
0 0.282769 0.073225 0.004427 0.020833
0 0.283030 0.072762 0.004427 0.020833
0 0.283030 0.072299 0.004427 0.020833
0 0.283030 0.071991 0.004427 0.020833
0 0.283290 0.071528 0.004427 0.020833
0 0.283290 0.071065 0.004427 0.020833
0 0.283507 0.070602 0.004340 0.020833
0 0.283290 0.070139 0.004427 0.020833
0 0.283290 0.069830 0.004427 0.020833
0 0.283290 0.069367 0.004427 0.020833
0 0.283290 0.069367 0.004427 0.020833
0 0.283290 0.068904 0.004427 0.020833
0 0.283160 0.068441 0.004167 0.020833
0 0.283160 0.068441 0.004167 0.020833
0 0.283160 0.067978 0.004167 0.020833
0 0.283160 0.067670 0.004167 0.020833
0 0.283160 0.067670 0.004167 0.020833
0 0.283160 0.067670 0.004167 0.020833
0 0.283160 0.067824 0.004167 0.020525
0 0.283160 0.067978 0.004167 0.020833
0 0.283290 0.068210 0.004427 0.020370
0 0.283290 0.068673 0.004427 0.020370
0 0.283290 0.068673 0.004427 0.020370
0 0.283377 0.068904 0.004601 0.019907
0 0.283377 0.069136 0.004601 0.020370
0 0.283377 0.069367 0.004601 0.019907
0 0.283507 0.069753 0.004861 0.020062
0 0.283507 0.069367 0.004861 0.019907
0 0.283507 0.069367 0.004861 0.019907
0 0.283507 0.069367 0.004861 0.019907
0 0.283507 0.068904 0.004861 0.019907
0 0.283507 0.068904 0.004861 0.019907
0 0.283507 0.068904 0.004861 0.019907
0 0.283507 0.068441 0.004861 0.019907
0 0.283507 0.068441 0.004861 0.019907
0 0.283507 0.068441 0.004861 0.019907
0 0.283507 0.068441 0.004861 0.019907
0 0.283507 0.068441 0.004861 0.019907
