0 0.237023 0.070370 0.005122 0.016049
0 0.237023 0.070370 0.005122 0.016049
0 0.237023 0.070370 0.005122 0.016049
0 0.237023 0.070370 0.005122 0.016049
0 0.237023 0.070370 0.005122 0.016049
0 0.237023 0.070370 0.005122 0.016049
0 0.237023 0.070370 0.005122 0.016049
0 0.237023 0.070370 0.005122 0.016049
0 0.237023 0.070370 0.005122 0.016049
0 0.237023 0.070370 0.005122 0.016049
0 0.237023 0.070370 0.005122 0.016049
0 0.237023 0.070370 0.005122 0.016049
0 0.237023 0.070370 0.005122 0.016049
0 0.237023 0.070370 0.005122 0.016049
0 0.237023 0.070370 0.005122 0.016049
0 0.237023 0.070370 0.005122 0.016049
0 0.237023 0.070370 0.005122 0.016049
0 0.237023 0.070370 0.005122 0.016049
0 0.237023 0.070370 0.005122 0.016049
0 0.237023 0.070370 0.005122 0.016049
0 0.237023 0.070370 0.005122 0.016049
0 0.237023 0.070370 0.005122 0.016049
0 0.237023 0.070370 0.005122 0.016049
0 0.237023 0.070370 0.005122 0.016049
0 0.237023 0.070370 0.005122 0.016049
0 0.237023 0.070370 0.005122 0.016049
0 0.237023 0.070370 0.005122 0.016049
0 0.237023 0.070370 0.005122 0.016049
0 0.237023 0.070370 0.005122 0.016049
0 0.237023 0.070370 0.005122 0.016049
0 0.237023 0.070370 0.005122 0.016049
0 0.237023 0.070370 0.005122 0.016049
0 0.237023 0.070370 0.005122 0.016049
0 0.237023 0.070370 0.005122 0.016049
0 0.237023 0.070370 0.005122 0.016049
0 0.237023 0.070370 0.005122 0.016049
0 0.237023 0.070370 0.005122 0.016049
0 0.237023 0.070370 0.005122 0.016049
0 0.237023 0.070370 0.005122 0.016049
0 0.237023 0.070370 0.005122 0.016049
0 0.237023 0.070370 0.005122 0.016049
0 0.236502 0.069985 0.005122 0.016204
0 0.236068 0.069599 0.005122 0.016049
0 0.235807 0.069136 0.005122 0.016049
0 0.235286 0.068673 0.005122 0.016049
0 0.235113 0.068673 0.005122 0.016049
0 0.234592 0.068210 0.005122 0.016049
0 0.234071 0.067747 0.005122 0.016049
0 0.233811 0.067438 0.005122 0.016049
0 0.233377 0.066975 0.005122 0.016049
0 0.233116 0.066975 0.005122 0.016049
0 0.232595 0.066512 0.005122 0.016049
0 0.232422 0.066049 0.005122 0.016049
0 0.231901 0.065586 0.005122 0.016049
0 0.231641 0.065586 0.005122 0.016049
0 0.231380 0.065278 0.005122 0.016049
0 0.230946 0.064815 0.005122 0.016049
0 0.230686 0.064815 0.005122 0.016049
0 0.230165 0.064352 0.005122 0.016049
0 0.229948 0.063889 0.005208 0.016049
0 0.229731 0.063889 0.005122 0.016049
0 0.228689 0.063426 0.005122 0.016049
0 0.227995 0.063426 0.005122 0.016049
0 0.227300 0.063117 0.005122 0.016049
0 0.226519 0.063117 0.005122 0.016049
0 0.225825 0.063117 0.005122 0.016049
0 0.225043 0.062654 0.005122 0.016049
0 0.224349 0.062654 0.005122 0.016049
0 0.223568 0.062191 0.005122 0.016049
0 0.222873 0.062191 0.005122 0.016049
0 0.222179 0.062191 0.005122 0.016049
0 0.220703 0.061728 0.005122 0.016049
0 0.219488 0.061265 0.005122 0.016049
0 0.218012 0.060802 0.005122 0.016049
0 0.216797 0.060494 0.005122 0.016049
0 0.215321 0.060031 0.005122 0.016049
0 0.214106 0.059568 0.005122 0.016049
0 0.212630 0.059105 0.005122 0.016049
0 0.211415 0.058642 0.005122 0.016049
0 0.209939 0.058333 0.005122 0.016049
0 0.208724 0.058333 0.005122 0.016049
0 0.207856 0.058333 0.004948 0.016049
0 0.207248 0.058333 0.004601 0.016049
0 0.206510 0.058333 0.004687 0.016049
0 0.205903 0.058333 0.004340 0.016049
0 0.205165 0.058488 0.004427 0.015741
0 0.204601 0.058488 0.004167 0.015741
0 0.203819 0.058488 0.004167 0.015741
0 0.203255 0.058488 0.003906 0.015741
0 0.202474 0.058488 0.003906 0.015741
0 0.201910 0.058719 0.003646 0.015278
0 0.201649 0.060417 0.003646 0.015278
0 0.201389 0.062191 0.003646 0.015123
0 0.201128 0.063889 0.003646 0.015123
0 0.200911 0.066049 0.003733 0.015123
0 0.200694 0.067824 0.003646 0.015278
0 0.200434 0.069522 0.003646 0.015278
0 0.200174 0.071759 0.003646 0.015123
0 0.199913 0.073457 0.003646 0.015123
0 0.199653 0.075154 0.003646 0.015123
0 0.199479 0.077315 0.003646 0.015123
0 0.199479 0.077315 0.003646 0.015123
0 0.199479 0.077315 0.003646 0.015123
0 0.199479 0.077315 0.003646 0.015123
0 0.199479 0.077315 0.003646 0.015123
0 0.199479 0.077315 0.003646 0.015123
0 0.199479 0.077315 0.003646 0.015123
0 0.199479 0.077315 0.003646 0.015123
0 0.199479 0.077315 0.003646 0.015123
0 0.199479 0.077315 0.003646 0.015123
0 0.199479 0.077315 0.003646 0.015123
0 0.199479 0.077315 0.003646 0.015123
0 0.199479 0.077315 0.003646 0.015123
0 0.199479 0.077315 0.003646 0.015123
0 0.199479 0.077315 0.003646 0.015123
0 0.199479 0.077315 0.003646 0.015123
0 0.199479 0.077315 0.003646 0.015123
0 0.199479 0.077315 0.003646 0.015123
0 0.199479 0.077315 0.003646 0.015123
0 0.199479 0.077315 0.003646 0.015123
0 0.199479 0.077315 0.003646 0.015123
0 0.199219 0.076929 0.003646 0.015278
0 0.198958 0.076929 0.003646 0.015278
0 0.198698 0.076929 0.003646 0.015278
0 0.198437 0.076929 0.003646 0.015278
0 0.198220 0.076929 0.003733 0.015278
0 0.198003 0.076929 0.003646 0.015278
0 0.197743 0.076929 0.003646 0.015278
0 0.197483 0.076929 0.003646 0.015278
0 0.197222 0.076929 0.003646 0.015278
0 0.197222 0.076929 0.003646 0.015278
0 0.196007 0.076466 0.003646 0.015278
0 0.194792 0.076466 0.003646 0.015278
0 0.193576 0.076466 0.003646 0.015278
0 0.192361 0.076466 0.003646 0.015278
0 0.191146 0.076466 0.003646 0.015278
0 0.189931 0.076080 0.003646 0.015123
0 0.188715 0.076080 0.003646 0.015123
0 0.187500 0.076080 0.003646 0.015123
0 0.186285 0.076080 0.003646 0.015123
0 0.185286 0.076080 0.003733 0.015123
0 0.183854 0.075386 0.003646 0.014660
0 0.182509 0.075000 0.003906 0.014815
0 0.181033 0.074537 0.003906 0.014815
0 0.179688 0.074074 0.004167 0.014815
0 0.178342 0.073688 0.004427 0.014660
0 0.176866 0.073225 0.004427 0.014660
0 0.175521 0.072840 0.004687 0.014815
0 0.174089 0.072377 0.004601 0.014815
0 0.172743 0.071914 0.004861 0.014815
0 0.171528 0.071528 0.004861 0.014660
0 0.170747 0.071528 0.004861 0.014660
0 0.170313 0.071528 0.004861 0.014660
0 0.169792 0.071914 0.004861 0.014815
0 0.169314 0.071914 0.004948 0.014815
0 0.168837 0.072377 0.004861 0.014815
0 0.168316 0.072377 0.004861 0.014815
0 0.167839 0.072377 0.004948 0.014815
0 0.167361 0.072840 0.004861 0.014815
0 0.166840 0.072840 0.004861 0.014815
0 0.166406 0.073225 0.004861 0.014660
0 0.165191 0.073225 0.004861 0.014660
0 0.163932 0.073225 0.004948 0.014660
0 0.162717 0.073225 0.004948 0.014660
0 0.161502 0.073225 0.004948 0.014660
0 0.160286 0.073225 0.004948 0.014660
0 0.159028 0.073225 0.004861 0.014660
0 0.157812 0.073225 0.004861 0.014660
0 0.156597 0.073225 0.004861 0.014660
0 0.155382 0.073225 0.004861 0.014660
0 0.154427 0.073225 0.004861 0.014660
0 0.153906 0.073225 0.004861 0.014660
0 0.153689 0.073225 0.004948 0.014660
0 0.153472 0.073688 0.004861 0.014660
0 0.153082 0.073688 0.005122 0.014660
0 0.152821 0.073688 0.005122 0.014660
0 0.152474 0.074074 0.004948 0.014815
0 0.152257 0.074074 0.004861 0.014815
0 0.151866 0.074074 0.005122 0.014815
0 0.151606 0.074537 0.005122 0.014815
0 0.151345 0.074537 0.005122 0.014815
