0 0.183594 0.007948 0.003125 0.010031
0 0.183594 0.007485 0.003125 0.010031
0 0.183594 0.007485 0.003125 0.010031
0 0.183594 0.007485 0.003125 0.010031
0 0.183594 0.007485 0.003125 0.010031
0 0.183594 0.007485 0.003125 0.010031
0 0.183594 0.007485 0.003125 0.010031
0 0.183594 0.007485 0.003125 0.010031
0 0.183594 0.007485 0.003125 0.010031
0 0.183594 0.007485 0.003125 0.010031
0 0.183594 0.007485 0.003125 0.010031
0 0.183594 0.007485 0.003125 0.010031
0 0.183594 0.007485 0.003125 0.010031
0 0.183594 0.007485 0.003125 0.010031
0 0.183594 0.007485 0.003125 0.010031
0 0.183594 0.007485 0.003125 0.010031
0 0.183594 0.007485 0.003125 0.010031
0 0.183594 0.007485 0.003125 0.010031
0 0.183594 0.007485 0.003125 0.010031
0 0.183594 0.007485 0.003125 0.010031
0 0.183594 0.007485 0.003125 0.010031
0 0.183594 0.007485 0.003125 0.010031
0 0.183594 0.007485 0.003125 0.010031
0 0.183594 0.007485 0.003125 0.010031
0 0.183594 0.007485 0.003125 0.010031
0 0.183594 0.007485 0.003125 0.010031
0 0.183594 0.007485 0.003125 0.010031
0 0.183594 0.007485 0.003125 0.010031
0 0.183594 0.007485 0.003125 0.010031
0 0.183594 0.007485 0.003125 0.010031
0 0.183594 0.007485 0.003125 0.010031
0 0.183594 0.007485 0.003125 0.010031
0 0.183594 0.007485 0.003125 0.010031
0 0.183594 0.007485 0.003125 0.010031
0 0.183594 0.007485 0.003125 0.010031
0 0.183594 0.007485 0.003125 0.010031
0 0.183594 0.007485 0.003125 0.010031
0 0.183594 0.007485 0.003125 0.010031
0 0.183594 0.007485 0.003125 0.010031
0 0.183594 0.007485 0.003125 0.010031
0 0.183594 0.007485 0.003125 0.010031
0 0.183594 0.007485 0.003125 0.010031
0 0.183594 0.007485 0.003125 0.010031
0 0.183594 0.007485 0.003125 0.010031
0 0.183594 0.007485 0.003125 0.010031
0 0.183594 0.007485 0.003125 0.010031
0 0.183594 0.007485 0.003125 0.010031
0 0.183594 0.007485 0.003125 0.010031
0 0.183594 0.007485 0.003125 0.010031
0 0.183594 0.007485 0.003125 0.010031
0 0.183594 0.007485 0.003125 0.010031
0 0.183594 0.007485 0.003125 0.010031
0 0.183594 0.007485 0.003125 0.010031
0 0.183594 0.007485 0.003125 0.010031
0 0.183594 0.007485 0.003125 0.010031
0 0.183594 0.007485 0.003125 0.010031
0 0.183594 0.007485 0.003125 0.010031
0 0.183594 0.007485 0.003125 0.010031
0 0.183594 0.007485 0.003125 0.010031
0 0.183594 0.007485 0.003125 0.010031
0 0.183594 0.007485 0.003125 0.010031
0 0.183594 0.007485 0.003125 0.010031
0 0.183594 0.007485 0.003125 0.010031
0 0.183594 0.007485 0.003125 0.010031
0 0.183594 0.007485 0.003125 0.010031
0 0.183594 0.007485 0.003125 0.010031
0 0.183594 0.007485 0.003125 0.010031
0 0.183594 0.007485 0.003125 0.010031
0 0.183594 0.007485 0.003125 0.010031
0 0.183594 0.007485 0.003125 0.010031
0 0.183594 0.007485 0.003125 0.010031
0 0.183594 0.007099 0.003125 0.009877
0 0.183594 0.007099 0.003125 0.009877
0 0.183594 0.007099 0.003125 0.009877
0 0.183594 0.007099 0.003125 0.009877
0 0.183594 0.007099 0.003125 0.009877
0 0.183594 0.007099 0.003125 0.009877
0 0.183594 0.007099 0.003125 0.009877
0 0.183594 0.007099 0.003125 0.009877
0 0.183594 0.007099 0.003125 0.009877
0 0.183594 0.007099 0.003125 0.009877
0 0.183594 0.007099 0.003125 0.009877
0 0.183594 0.007485 0.003125 0.010031
0 0.183594 0.007948 0.003125 0.010031
0 0.183594 0.007948 0.003125 0.010031
0 0.183594 0.008410 0.003125 0.010031
0 0.183594 0.008796 0.003125 0.009877
0 0.183594 0.008796 0.003125 0.009877
0 0.183594 0.009259 0.003125 0.009877
0 0.183594 0.009645 0.003125 0.010031
0 0.183811 0.010108 0.003212 0.010031
0 0.183811 0.010108 0.003212 0.010031
0 0.183811 0.010108 0.003212 0.010031
0 0.183811 0.010108 0.003212 0.010031
0 0.183811 0.010108 0.003212 0.010031
0 0.183811 0.010108 0.003212 0.010031
0 0.183811 0.010108 0.003212 0.010031
0 0.183811 0.010108 0.003212 0.010031
0 0.183811 0.010108 0.003212 0.010031
0 0.183811 0.010108 0.003212 0.010031
0 0.184071 0.010108 0.003212 0.010031
0 0.183811 0.010108 0.003212 0.010031
0 0.183811 0.010108 0.003212 0.010031
0 0.183811 0.010108 0.003212 0.010031
0 0.183811 0.010108 0.003212 0.010031
0 0.183811 0.010108 0.003212 0.010031
0 0.183811 0.010108 0.003212 0.010031
0 0.183811 0.010108 0.003212 0.010031
0 0.183811 0.010108 0.003212 0.010031
0 0.183811 0.010108 0.003212 0.010031
0 0.183811 0.010571 0.003212 0.010031
0 0.183594 0.010571 0.003125 0.010031
0 0.183594 0.011034 0.003125 0.010031
0 0.183594 0.011420 0.003125 0.009877
0 0.183594 0.011420 0.003125 0.009877
0 0.183594 0.011806 0.003125 0.010031
0 0.183594 0.012269 0.003125 0.010031
0 0.183594 0.012269 0.003125 0.010031
0 0.183594 0.012731 0.003125 0.010031
0 0.183594 0.013194 0.003125 0.010031
0 0.183594 0.013580 0.003125 0.009877
0 0.183594 0.013580 0.003125 0.009877
0 0.183594 0.013580 0.003125 0.009877
0 0.183594 0.013580 0.003125 0.009877
0 0.183594 0.014043 0.003125 0.009877
0 0.183594 0.014043 0.003125 0.009877
0 0.183594 0.014043 0.003125 0.009877
0 0.183594 0.014429 0.003125 0.010031
0 0.183594 0.014429 0.003125 0.010031
0 0.183594 0.014429 0.003125 0.010031
0 0.183594 0.014892 0.003125 0.010031
0 0.183594 0.014892 0.003125 0.010031
0 0.183594 0.014892 0.003125 0.010031
0 0.183594 0.014892 0.003125 0.010031
0 0.183594 0.014892 0.003125 0.010031
0 0.183594 0.014892 0.003125 0.010031
0 0.183594 0.014892 0.003125 0.010031
0 0.183594 0.014892 0.003125 0.010031
0 0.183594 0.014892 0.003125 0.010031
0 0.183594 0.014892 0.003125 0.010031
0 0.183594 0.015355 0.003125 0.010031
0 0.183594 0.015355 0.003125 0.010031
0 0.183594 0.015741 0.003125 0.009877
0 0.183594 0.015741 0.003125 0.009877
0 0.183594 0.016204 0.003125 0.009877
0 0.183594 0.016590 0.003125 0.010031
0 0.183594 0.016590 0.003125 0.010031
0 0.183594 0.017052 0.003125 0.010031
0 0.183594 0.017052 0.003125 0.010031
0 0.183594 0.017515 0.003125 0.010031
0 0.183811 0.017901 0.003212 0.009877
0 0.183594 0.017901 0.003125 0.009877
0 0.183594 0.017901 0.003125 0.009877
0 0.183594 0.017901 0.003125 0.009877
0 0.183594 0.017901 0.003125 0.009877
0 0.183594 0.018133 0.003125 0.009414
0 0.183333 0.018133 0.003125 0.009414
0 0.183333 0.018133 0.003125 0.009414
0 0.183333 0.018133 0.003125 0.009414
0 0.183333 0.018133 0.003125 0.009414
0 0.183333 0.018519 0.003125 0.009568
0 0.183203 0.018519 0.003385 0.009568
0 0.183203 0.018750 0.003385 0.010031
0 0.183203 0.018750 0.003385 0.010031
0 0.183203 0.019213 0.003385 0.010031
0 0.183203 0.019444 0.003385 0.010494
0 0.183203 0.019444 0.003385 0.010494
0 0.183203 0.019907 0.003385 0.010494
0 0.183203 0.019907 0.003385 0.010494
0 0.183203 0.020062 0.003385 0.010802
0 0.183333 0.020525 0.003646 0.010802
0 0.183333 0.020525 0.003646 0.010802
0 0.183333 0.020756 0.003646 0.010340
0 0.183333 0.020756 0.003646 0.010340
0 0.183333 0.021219 0.003646 0.010340
0 0.183464 0.021219 0.003385 0.010340
0 0.183464 0.021373 0.003385 0.010031
0 0.183464 0.021605 0.003385 0.010494
0 0.183464 0.021836 0.003385 0.010031
0 0.183464 0.021836 0.003385 0.010031
0 0.183724 0.022299 0.003385 0.010031
