0 0.327951 0.103549 0.007812 0.013889
0 0.327951 0.103549 0.007812 0.013889
0 0.327951 0.103549 0.007812 0.013889
0 0.327951 0.103549 0.007812 0.013889
0 0.327951 0.103549 0.007812 0.013889
0 0.327951 0.103549 0.007812 0.013889
0 0.327951 0.103549 0.007812 0.013889
0 0.327951 0.103549 0.007812 0.013889
0 0.327951 0.103549 0.007812 0.013889
0 0.327951 0.103549 0.007812 0.013889
0 0.327951 0.103549 0.007812 0.013889
0 0.327951 0.103549 0.007812 0.013889
0 0.327951 0.103549 0.007812 0.013889
0 0.327951 0.103549 0.007812 0.013889
0 0.327951 0.103549 0.007812 0.013889
0 0.327951 0.103549 0.007812 0.013889
0 0.327951 0.103549 0.007812 0.013889
0 0.327951 0.103549 0.007812 0.013889
0 0.327951 0.103549 0.007812 0.013889
0 0.327951 0.103549 0.007812 0.013889
0 0.327951 0.103549 0.007812 0.013889
0 0.327951 0.103549 0.007812 0.013889
0 0.327951 0.103549 0.007812 0.013889
0 0.327951 0.103549 0.007812 0.013889
0 0.327951 0.103549 0.007812 0.013889
0 0.327951 0.103549 0.007812 0.013889
0 0.327951 0.103549 0.007812 0.013889
0 0.327951 0.103549 0.007812 0.013889
0 0.327951 0.103549 0.007812 0.013889
0 0.327951 0.103549 0.007812 0.013889
0 0.327951 0.103549 0.007812 0.013889
0 0.327951 0.103549 0.007812 0.013889
0 0.327951 0.103549 0.007812 0.013889
0 0.327951 0.103549 0.007812 0.013889
0 0.327951 0.103549 0.007812 0.013889
0 0.327951 0.103549 0.007812 0.013889
0 0.327951 0.103549 0.007812 0.013889
0 0.327951 0.103549 0.007812 0.013889
0 0.327951 0.103549 0.007812 0.013889
0 0.327951 0.103549 0.007812 0.013889
0 0.327951 0.103549 0.007812 0.013889
0 0.327951 0.103549 0.007812 0.013889
0 0.327951 0.103549 0.007812 0.013889
0 0.327951 0.103549 0.007812 0.013889
0 0.327951 0.103549 0.007812 0.013889
0 0.327951 0.103549 0.007812 0.013889
0 0.327951 0.103549 0.007812 0.013889
0 0.327951 0.103549 0.007812 0.013889
0 0.327951 0.103549 0.007812 0.013889
0 0.327951 0.103549 0.007812 0.013889
0 0.327951 0.103549 0.007812 0.013889
0 0.327951 0.103549 0.007812 0.013889
0 0.327951 0.103549 0.007812 0.013889
0 0.327951 0.103549 0.007812 0.013889
0 0.327951 0.103549 0.007812 0.013889
0 0.327951 0.103549 0.007812 0.013889
0 0.327951 0.103549 0.007812 0.013889
0 0.327951 0.103549 0.007812 0.013889
0 0.327951 0.103549 0.007812 0.013889
0 0.327951 0.103549 0.007812 0.013889
0 0.327951 0.103549 0.007812 0.013889
0 0.327951 0.103549 0.007812 0.013889
0 0.327951 0.103549 0.007812 0.013889
0 0.327951 0.103549 0.007812 0.013889
0 0.327951 0.103549 0.007812 0.013889
0 0.327951 0.103549 0.007812 0.013889
0 0.327951 0.103549 0.007812 0.013889
0 0.327951 0.103549 0.007812 0.013889
0 0.327951 0.103549 0.007812 0.013889
0 0.327951 0.103549 0.007812 0.013889
0 0.327951 0.103549 0.007812 0.013889
0 0.327951 0.103549 0.007812 0.013889
0 0.327951 0.103549 0.007812 0.013889
0 0.327951 0.103549 0.007812 0.013889
0 0.327951 0.103549 0.007812 0.013889
0 0.327951 0.103549 0.007812 0.013889
0 0.327951 0.103549 0.007812 0.013889
0 0.327951 0.103549 0.007812 0.013889
0 0.327951 0.103549 0.007812 0.013889
0 0.327951 0.103549 0.007812 0.013889
0 0.327951 0.103549 0.007812 0.013889
0 0.327951 0.103549 0.007812 0.013889
0 0.327951 0.103549 0.007812 0.013889
0 0.327951 0.103549 0.007812 0.013889
0 0.327951 0.103549 0.007812 0.013889
0 0.327951 0.103549 0.007812 0.013889
0 0.327951 0.103549 0.007812 0.013889
0 0.327951 0.103549 0.007812 0.013889
0 0.327951 0.103549 0.007812 0.013889
0 0.327951 0.103549 0.007812 0.013889
0 0.327951 0.103549 0.007812 0.013889
0 0.325000 0.101852 0.007812 0.013889
0 0.322309 0.100617 0.007812 0.013889
0 0.319618 0.098997 0.007812 0.013426
0 0.316667 0.097531 0.007812 0.013889
0 0.313976 0.096296 0.007812 0.013889
0 0.311328 0.094676 0.007726 0.013426
0 0.308420 0.093210 0.007812 0.013889
0 0.305729 0.091667 0.007812 0.013580
0 0.303038 0.090355 0.007812 0.013426
0 0.300347 0.089120 0.007812 0.013426
0 0.297917 0.087731 0.007812 0.013426
0 0.295486 0.086497 0.007812 0.013426
0 0.293056 0.085108 0.007812 0.013426
0 0.290625 0.084336 0.007812 0.013426
0 0.288108 0.082948 0.007812 0.013426
0 0.285677 0.081713 0.007812 0.013426
0 0.283247 0.080787 0.007812 0.013426
0 0.280816 0.079552 0.007812 0.013426
0 0.278385 0.078164 0.007812 0.013426
0 0.275955 0.077392 0.007812 0.013426
0 0.273785 0.076466 0.007812 0.013426
0 0.271528 0.075617 0.007812 0.013580
0 0.269618 0.075231 0.007812 0.013426
0 0.267405 0.074306 0.007726 0.013426
0 0.265451 0.073843 0.007812 0.013426
0 0.263281 0.073071 0.007812 0.013426
0 0.261024 0.072145 0.007812 0.013426
0 0.259115 0.071682 0.007812 0.013426
0 0.256944 0.070910 0.007812 0.013426
0 0.254948 0.070448 0.007812 0.013426
0 0.253038 0.069522 0.007812 0.013426
0 0.251302 0.069059 0.007812 0.013426
0 0.249306 0.068673 0.007812 0.013580
0 0.247656 0.067824 0.007812 0.013426
0 0.245660 0.067361 0.007812 0.013426
0 0.244010 0.066898 0.007812 0.013426
0 0.242014 0.066127 0.007812 0.013426
0 0.240278 0.065664 0.007812 0.013426
0 0.238368 0.065201 0.007812 0.013426
0 0.236632 0.064738 0.007812 0.013426
0 0.234722 0.063966 0.007812 0.013426
0 0.232726 0.063503 0.007812 0.013426
0 0.230816 0.062577 0.007812 0.013426
0 0.228819 0.062114 0.007812 0.013426
0 0.227170 0.061806 0.007812 0.013426
0 0.225174 0.060880 0.007812 0.013426
0 0.223264 0.060417 0.007812 0.013426
0 0.221267 0.059568 0.007812 0.013580
0 0.219358 0.059182 0.007812 0.013426
0 0.217622 0.058719 0.007812 0.013426
0 0.215451 0.058256 0.007812 0.013426
0 0.213455 0.057793 0.007812 0.013426
0 0.211545 0.057793 0.007812 0.013426
0 0.209549 0.057407 0.007812 0.013580
0 0.207639 0.057407 0.007812 0.013580
0 0.205642 0.057022 0.007812 0.013426
0 0.203733 0.056559 0.007812 0.013426
0 0.201736 0.056559 0.007812 0.013426
0 0.199826 0.056096 0.007812 0.013426
0 0.197830 0.056096 0.007812 0.013426
0 0.195660 0.055633 0.007812 0.013426
0 0.193750 0.055170 0.007812 0.013426
0 0.191753 0.054861 0.007812 0.013426
0 0.189844 0.054861 0.007812 0.013426
0 0.187847 0.054398 0.007812 0.013426
0 0.185677 0.053935 0.007812 0.013426
0 0.183681 0.053935 0.007812 0.013426
0 0.181771 0.053472 0.007812 0.013426
0 0.179774 0.053009 0.007812 0.013426
0 0.177865 0.053009 0.007812 0.013426
0 0.175651 0.053009 0.007726 0.013426
0 0.173698 0.053472 0.007812 0.013426
0 0.171788 0.053472 0.007812 0.013426
0 0.169792 0.053935 0.007812 0.013426
0 0.167882 0.053935 0.007812 0.013426
0 0.165885 0.054398 0.007812 0.013426
0 0.163976 0.054398 0.007812 0.013426
0 0.161979 0.054861 0.007812 0.013426
0 0.160069 0.054861 0.007812 0.013426
0 0.158073 0.055170 0.007812 0.013426
0 0.156163 0.055170 0.007812 0.013426
0 0.154427 0.055170 0.007812 0.013426
0 0.152691 0.055170 0.007812 0.013426
0 0.150781 0.055633 0.007812 0.013426
0 0.149045 0.055633 0.007812 0.013426
0 0.147309 0.055633 0.007812 0.013426
0 0.145660 0.055633 0.007812 0.013426
0 0.143663 0.056096 0.007812 0.013426
0 0.142014 0.056096 0.007812 0.013426
0 0.140278 0.056096 0.007812 0.013426
