0 0.324262 0.185185 0.007378 0.017284
0 0.324479 0.185571 0.007292 0.017438
0 0.324740 0.186034 0.007292 0.017438
0 0.325000 0.186651 0.007292 0.017747
0 0.325260 0.187346 0.007292 0.017284
0 0.325477 0.187963 0.007378 0.017901
0 0.325738 0.188426 0.007378 0.017901
0 0.325955 0.189043 0.007292 0.017284
0 0.326215 0.189738 0.007292 0.017747
0 0.326476 0.190201 0.007292 0.017747
0 0.326953 0.190972 0.007378 0.017747
0 0.326953 0.191435 0.007378 0.017747
0 0.327170 0.191898 0.007292 0.017747
0 0.327170 0.192361 0.007292 0.017747
0 0.327431 0.192747 0.007292 0.017901
0 0.327561 0.193133 0.007031 0.017747
0 0.327691 0.193596 0.007292 0.017747
0 0.327778 0.194059 0.007118 0.017747
0 0.327908 0.194522 0.007378 0.017747
0 0.328038 0.194907 0.007118 0.017901
0 0.328299 0.195370 0.007118 0.017901
0 0.328299 0.195756 0.007118 0.017747
0 0.328429 0.196219 0.006858 0.017747
0 0.328516 0.196682 0.007031 0.017747
0 0.328646 0.197145 0.006771 0.017747
0 0.328906 0.197531 0.006771 0.017901
0 0.328906 0.197917 0.006771 0.017747
0 0.328993 0.198380 0.006597 0.017747
0 0.329123 0.198843 0.006858 0.017747
0 0.329253 0.199306 0.006597 0.017747
0 0.329514 0.199691 0.006597 0.017901
0 0.329514 0.199691 0.006597 0.017901
0 0.329514 0.200077 0.006597 0.017747
0 0.329514 0.200077 0.006597 0.017747
0 0.329644 0.200540 0.006337 0.017747
0 0.329644 0.201003 0.006337 0.017747
0 0.329644 0.201003 0.006337 0.017747
0 0.329774 0.201466 0.006076 0.017747
0 0.329774 0.201466 0.006076 0.017747
0 0.329774 0.201852 0.006076 0.017901
0 0.329991 0.202315 0.006163 0.017901
0 0.329253 0.201852 0.006076 0.017901
0 0.328776 0.201466 0.006163 0.017747
0 0.328299 0.201003 0.006076 0.017747
0 0.327778 0.200540 0.006076 0.017747
0 0.327300 0.200077 0.006163 0.017747
0 0.326562 0.199691 0.006076 0.017901
0 0.326085 0.199306 0.006163 0.017747
0 0.325608 0.198843 0.006076 0.017747
0 0.325087 0.198380 0.006076 0.017747
0 0.324653 0.198148 0.006076 0.017284
0 0.323872 0.197299 0.006076 0.017438
0 0.323437 0.196914 0.006076 0.017284
0 0.322656 0.196219 0.006076 0.017747
0 0.322179 0.195602 0.006163 0.017438
0 0.321441 0.195139 0.006076 0.017438
0 0.320964 0.194522 0.006163 0.017747
0 0.320226 0.193827 0.006076 0.017284
0 0.319748 0.193133 0.006163 0.017747
0 0.319010 0.192747 0.006076 0.017901
0 0.318533 0.192361 0.006163 0.017747
0 0.318273 0.191898 0.006163 0.017747
0 0.318056 0.191898 0.006076 0.017747
0 0.317795 0.191667 0.006076 0.017284
0 0.317535 0.191435 0.006076 0.017747
0 0.317318 0.191435 0.006163 0.017747
0 0.317057 0.191204 0.006163 0.017284
0 0.316840 0.190972 0.006076 0.017747
0 0.316580 0.190818 0.006076 0.017438
0 0.316319 0.190818 0.006076 0.017438
0 0.316059 0.190818 0.006076 0.017438
0 0.315842 0.190818 0.006163 0.017438
0 0.315842 0.190818 0.006163 0.017438
0 0.315842 0.190818 0.006163 0.017438
0 0.315625 0.190818 0.006076 0.017438
0 0.315625 0.190818 0.006076 0.017438
0 0.315625 0.190818 0.006076 0.017438
0 0.315365 0.190818 0.006076 0.017438
0 0.315365 0.190818 0.006076 0.017438
0 0.315365 0.190818 0.006076 0.017438
0 0.315365 0.190818 0.006076 0.017438
0 0.315104 0.190355 0.006076 0.017438
0 0.314844 0.190355 0.006076 0.017438
0 0.314844 0.190355 0.006076 0.017438
0 0.314627 0.190201 0.006163 0.017747
0 0.314627 0.190201 0.006163 0.017747
0 0.314366 0.189969 0.006163 0.017284
0 0.314149 0.189738 0.006076 0.017747
0 0.314149 0.189738 0.006076 0.017747
0 0.313889 0.189738 0.006076 0.017747
0 0.313889 0.189738 0.006076 0.017747
0 0.313889 0.189738 0.006076 0.017747
0 0.313889 0.189738 0.006076 0.017747
0 0.313889 0.189738 0.006076 0.017747
0 0.313889 0.189738 0.006076 0.017747
0 0.313889 0.189738 0.006076 0.017747
0 0.313889 0.189738 0.006076 0.017747
0 0.313889 0.189738 0.006076 0.017747
0 0.313889 0.189738 0.006076 0.017747
0 0.313889 0.189738 0.006076 0.017747
0 0.313889 0.189738 0.006076 0.017747
0 0.313889 0.189738 0.006076 0.017747
0 0.313889 0.189738 0.006076 0.017747
0 0.313889 0.189738 0.006076 0.017747
0 0.313889 0.189738 0.006076 0.017747
0 0.313889 0.189738 0.006076 0.017747
0 0.313889 0.189738 0.006076 0.017747
0 0.313889 0.189738 0.006076 0.017747
0 0.313889 0.189738 0.006076 0.017747
0 0.313889 0.189738 0.006076 0.017747
0 0.313889 0.189738 0.006076 0.017747
0 0.313889 0.189738 0.006076 0.017747
0 0.313889 0.189738 0.006076 0.017747
0 0.313889 0.189738 0.006076 0.017747
0 0.314149 0.189738 0.006076 0.017747
0 0.314149 0.189738 0.006076 0.017747
0 0.314149 0.189738 0.006076 0.017747
0 0.314366 0.189738 0.006163 0.017747
0 0.314366 0.189738 0.006163 0.017747
0 0.314366 0.189738 0.006163 0.017747
0 0.314627 0.189738 0.006163 0.017747
0 0.314627 0.189738 0.006163 0.017747
0 0.314627 0.189738 0.006163 0.017747
0 0.314627 0.189738 0.006163 0.017747
0 0.314844 0.189738 0.006076 0.017747
0 0.314844 0.189738 0.006076 0.017747
0 0.314844 0.189738 0.006076 0.017747
0 0.315104 0.189738 0.006076 0.017747
0 0.315104 0.189738 0.006076 0.017747
0 0.315104 0.189738 0.006076 0.017747
0 0.315365 0.189738 0.006076 0.017747
0 0.315365 0.189738 0.006076 0.017747
0 0.315365 0.189738 0.006076 0.017747
0 0.315625 0.189738 0.006076 0.017747
0 0.315625 0.189738 0.006076 0.017747
0 0.315842 0.189738 0.006163 0.017747
0 0.315842 0.189738 0.006163 0.017747
0 0.316059 0.189738 0.006076 0.017747
