0 0.164931 0.160185 0.007292 0.029012
0 0.165885 0.159799 0.007292 0.029167
0 0.167101 0.159336 0.007292 0.029167
0 0.168186 0.159105 0.007552 0.028704
0 0.169401 0.158951 0.007552 0.029012
0 0.170616 0.158719 0.007552 0.028549
0 0.171788 0.158256 0.007812 0.028549
0 0.173003 0.158025 0.007812 0.029012
0 0.174089 0.157870 0.008073 0.028704
0 0.175304 0.157407 0.008073 0.028704
0 0.176519 0.157407 0.008073 0.028704
0 0.177474 0.156944 0.008073 0.028704
0 0.178559 0.156944 0.008333 0.028704
0 0.179688 0.156944 0.008507 0.028704
0 0.180773 0.156944 0.008767 0.028704
0 0.181988 0.156944 0.008767 0.028704
0 0.183073 0.156713 0.009028 0.028241
0 0.184158 0.156713 0.009288 0.028241
0 0.185286 0.156713 0.009462 0.028241
0 0.186372 0.156713 0.009722 0.028241
0 0.187587 0.156713 0.009722 0.028241
0 0.188455 0.156713 0.009549 0.028241
0 0.189453 0.156713 0.009462 0.028241
0 0.190321 0.156713 0.009288 0.028241
0 0.191276 0.156713 0.009288 0.028241
0 0.192231 0.156713 0.009288 0.028241
0 0.193142 0.156713 0.009028 0.028241
0 0.194097 0.156713 0.009028 0.028241
0 0.194922 0.156713 0.008767 0.028241
0 0.195877 0.156713 0.008767 0.028241
0 0.196875 0.157176 0.008854 0.028241
0 0.197613 0.157176 0.008767 0.028241
0 0.198351 0.157176 0.008854 0.028241
0 0.199219 0.157176 0.009028 0.028241
0 0.200043 0.157407 0.008767 0.027778
0 0.200868 0.157407 0.009028 0.027778
0 0.201649 0.157407 0.009028 0.027778
0 0.202474 0.157639 0.008767 0.027315
0 0.203385 0.157639 0.009028 0.027315
0 0.204080 0.157639 0.009028 0.027315
0 0.205035 0.157870 0.009028 0.026852
0 0.205035 0.157407 0.009028 0.026852
0 0.205295 0.157407 0.009028 0.026852
0 0.205295 0.157407 0.009028 0.026852
0 0.205556 0.157407 0.009028 0.026852
0 0.205816 0.157407 0.009028 0.026852
0 0.205816 0.156944 0.009028 0.026852
0 0.206033 0.156944 0.009115 0.026852
0 0.206033 0.156944 0.009115 0.026852
0 0.206250 0.156944 0.009028 0.026852
0 0.206510 0.156944 0.009028 0.026852
0 0.206250 0.156481 0.009028 0.026852
0 0.206033 0.156481 0.009115 0.026852
0 0.205816 0.156096 0.009028 0.027006
0 0.205816 0.156096 0.009028 0.027006
0 0.205556 0.156096 0.009028 0.027006
0 0.205295 0.155710 0.009028 0.026852
0 0.205295 0.155710 0.009028 0.026852
0 0.205035 0.155247 0.009028 0.026852
0 0.204774 0.155247 0.009028 0.026852
0 0.204774 0.155247 0.009028 0.026852
0 0.204340 0.154784 0.009028 0.026852
0 0.204080 0.154784 0.009028 0.026852
0 0.203819 0.154784 0.009028 0.026852
0 0.203385 0.154784 0.009028 0.026852
0 0.203125 0.154784 0.009028 0.026852
0 0.202865 0.154321 0.009028 0.026852
0 0.202344 0.154321 0.009028 0.026852
0 0.202170 0.154321 0.009028 0.026852
0 0.201910 0.154321 0.009028 0.026852
0 0.201649 0.154321 0.009028 0.026852
0 0.201128 0.153935 0.009028 0.027006
0 0.200781 0.153935 0.008854 0.027006
0 0.200434 0.153472 0.008507 0.027006
0 0.199913 0.153472 0.008507 0.027006
0 0.199566 0.153241 0.008333 0.026543
0 0.199175 0.153086 0.008073 0.026852
0 0.198741 0.152855 0.008073 0.026389
0 0.198351 0.152623 0.007812 0.026852
0 0.197960 0.152392 0.007552 0.026389
0 0.197700 0.152392 0.007552 0.026389
0 0.197700 0.152392 0.007552 0.026389
0 0.197700 0.152392 0.007552 0.026389
0 0.197700 0.152392 0.007552 0.026389
0 0.197830 0.152392 0.007812 0.026389
0 0.197830 0.152392 0.007812 0.026389
0 0.197830 0.152392 0.007812 0.026389
0 0.197960 0.152392 0.008073 0.026389
0 0.197960 0.152392 0.008073 0.026389
0 0.197960 0.152392 0.008073 0.026389
0 0.198090 0.152392 0.008333 0.026389
0 0.197960 0.152006 0.008073 0.026543
0 0.197960 0.152006 0.008073 0.026543
0 0.197830 0.151775 0.007812 0.027006
0 0.197830 0.151775 0.007812 0.027006
0 0.197830 0.151775 0.007812 0.027006
0 0.197700 0.151543 0.007552 0.027469
0 0.197700 0.151543 0.007552 0.027469
0 0.197613 0.151389 0.007378 0.027778
0 0.197613 0.151389 0.007378 0.027778
0 0.197743 0.151389 0.007118 0.027778
0 0.197483 0.151157 0.007118 0.027315
0 0.197396 0.151157 0.007292 0.027315
0 0.197266 0.151157 0.007552 0.027315
0 0.197135 0.151157 0.007812 0.027315
0 0.197005 0.151157 0.008073 0.027315
0 0.196875 0.151157 0.008333 0.027315
0 0.196745 0.151157 0.008594 0.027315
0 0.196658 0.151157 0.008767 0.027315
0 0.196528 0.151157 0.009028 0.027315
0 0.196528 0.151157 0.009028 0.027315
0 0.196007 0.151157 0.009028 0.027315
0 0.195747 0.151157 0.009028 0.027315
0 0.195573 0.151157 0.009028 0.027315
0 0.195312 0.151157 0.009028 0.027315
0 0.195052 0.151157 0.009028 0.027315
0 0.194792 0.151157 0.009028 0.027315
0 0.194531 0.151157 0.009028 0.027315
0 0.194358 0.151157 0.009028 0.027315
0 0.194097 0.151157 0.009028 0.027315
0 0.193837 0.151157 0.009028 0.027315
0 0.193316 0.150694 0.009028 0.027315
0 0.193142 0.150694 0.009028 0.027315
0 0.192752 0.150694 0.008767 0.027315
0 0.192491 0.150694 0.008767 0.027315
0 0.192101 0.150694 0.008507 0.027315
0 0.191884 0.150463 0.008594 0.026852
0 0.191493 0.150463 0.008333 0.026852
0 0.191276 0.150463 0.008247 0.026852
0 0.190929 0.150463 0.008073 0.026852
0 0.190668 0.150463 0.008073 0.026852
0 0.190148 0.150000 0.008073 0.026852
0 0.189931 0.150000 0.007986 0.026852
0 0.189583 0.150000 0.007812 0.026852
0 0.189193 0.150000 0.008073 0.026852
0 0.188802 0.150000 0.007812 0.026852
0 0.188585 0.149769 0.007726 0.026389
0 0.188108 0.149769 0.007812 0.026389
0 0.187847 0.149769 0.007812 0.026389
0 0.187457 0.149769 0.007552 0.026389
0 0.187240 0.149769 0.007639 0.026389
0 0.186762 0.149537 0.007552 0.026852
0 0.186502 0.149537 0.007552 0.026852
0 0.186024 0.149537 0.007639 0.026852
0 0.185807 0.149537 0.007552 0.026852
0 0.185286 0.149537 0.007552 0.026852
0 0.185026 0.149306 0.007552 0.027315
0 0.184592 0.149306 0.007552 0.027315
0 0.184332 0.149306 0.007552 0.027315
0 0.183811 0.149306 0.007552 0.027315
0 0.183550 0.149306 0.007552 0.027315
0 0.183116 0.149151 0.007552 0.027623
0 0.182595 0.149151 0.007552 0.027623
0 0.182118 0.149151 0.007639 0.027623
0 0.181771 0.149151 0.007812 0.027623
0 0.181250 0.149383 0.007812 0.028086
0 0.180816 0.149151 0.007812 0.028549
0 0.180425 0.149151 0.008073 0.028549
0 0.179905 0.149151 0.008073 0.028549
0 0.179427 0.149151 0.007986 0.028549
0 0.179210 0.149383 0.008073 0.029012
0 0.178689 0.149383 0.008073 0.029012
0 0.178429 0.149383 0.008073 0.029012
0 0.177995 0.149383 0.008073 0.029012
0 0.177734 0.149383 0.008073 0.029012
0 0.177474 0.149383 0.008073 0.029012
0 0.176997 0.149383 0.007986 0.029012
0 0.176780 0.149383 0.008073 0.029012
0 0.176259 0.149383 0.008073 0.029012
0 0.175998 0.149383 0.008073 0.029012
0 0.175781 0.149383 0.007986 0.029012
0 0.175304 0.149151 0.008073 0.028549
0 0.175043 0.149151 0.008073 0.028549
0 0.174523 0.149151 0.008073 0.028549
0 0.174306 0.148920 0.007986 0.028086
0 0.173828 0.148920 0.008073 0.028086
0 0.173568 0.148920 0.008073 0.028086
0 0.173090 0.148920 0.007986 0.028086
0 0.172873 0.148765 0.008073 0.027778
0 0.172352 0.148765 0.008073 0.027778
0 0.172092 0.148765 0.008073 0.027778
