0 0.294227 0.116590 0.006858 0.019907
0 0.264714 0.104938 0.006337 0.018210
0 0.235330 0.093133 0.005556 0.016512
0 0.206033 0.081713 0.005122 0.014352
0 0.176606 0.069985 0.004427 0.012500
0 0.147352 0.058719 0.003906 0.010957
0 0.117839 0.046991 0.003385 0.009105
0 0.088411 0.035340 0.002691 0.007407
0 0.059158 0.023765 0.002170 0.005247
0 0.029731 0.012037 0.001476 0.003395
0 0.000477 0.000849 0.000955 0.001698
0 0.000477 0.000849 0.000955 0.001698
0 0.000477 0.000849 0.000955 0.001698
0 0.000477 0.000849 0.000955 0.001698
0 0.000477 0.000849 0.000955 0.001698
0 0.000477 0.000849 0.000955 0.001698
0 0.000477 0.000849 0.000955 0.001698
0 0.000477 0.000849 0.000955 0.001698
0 0.000477 0.000849 0.000955 0.001698
0 0.000477 0.000849 0.000955 0.001698
0 0.000477 0.000849 0.000955 0.001698
0 0.000477 0.000849 0.000955 0.001698
0 0.000477 0.000849 0.000955 0.001698
0 0.000477 0.000849 0.000955 0.001698
0 0.000477 0.000849 0.000955 0.001698
0 0.000477 0.000849 0.000955 0.001698
0 0.000477 0.000849 0.000955 0.001698
0 0.000477 0.000849 0.000955 0.001698
0 0.000477 0.000849 0.000955 0.001698
0 0.000477 0.000849 0.000955 0.001698
0 0.000477 0.000849 0.000955 0.001698
0 0.000477 0.000849 0.000955 0.001698
0 0.000477 0.000849 0.000955 0.001698
0 0.000477 0.000849 0.000955 0.001698
0 0.000477 0.000849 0.000955 0.001698
0 0.000477 0.000849 0.000955 0.001698
0 0.000477 0.000849 0.000955 0.001698
0 0.000477 0.000849 0.000955 0.001698
0 0.000477 0.000849 0.000955 0.001698
0 0.000477 0.000849 0.000955 0.001698
0 0.000477 0.000849 0.000955 0.001698
0 0.000477 0.000849 0.000955 0.001698
0 0.000477 0.000849 0.000955 0.001698
0 0.000477 0.000849 0.000955 0.001698
0 0.000477 0.000849 0.000955 0.001698
0 0.000477 0.000849 0.000955 0.001698
0 0.000477 0.000849 0.000955 0.001698
0 0.000477 0.000849 0.000955 0.001698
0 0.000477 0.000849 0.000955 0.001698
0 0.000477 0.000849 0.000955 0.001698
0 0.000477 0.000849 0.000955 0.001698
0 0.000477 0.000849 0.000955 0.001698
0 0.000477 0.000849 0.000955 0.001698
0 0.000477 0.000849 0.000955 0.001698
0 0.000477 0.000849 0.000955 0.001698
0 0.000477 0.000849 0.000955 0.001698
0 0.000477 0.000849 0.000955 0.001698
0 0.000477 0.000849 0.000955 0.001698
0 0.000477 0.000849 0.000955 0.001698
0 0.000477 0.000849 0.000955 0.001698
0 0.000477 0.000849 0.000955 0.001698
0 0.000477 0.000849 0.000955 0.001698
0 0.000477 0.000849 0.000955 0.001698
0 0.000477 0.000849 0.000955 0.001698
0 0.000477 0.000849 0.000955 0.001698
0 0.000477 0.000849 0.000955 0.001698
0 0.000477 0.000849 0.000955 0.001698
0 0.000477 0.000849 0.000955 0.001698
0 0.000477 0.000849 0.000955 0.001698
0 0.000477 0.000849 0.000955 0.001698
0 0.000477 0.000849 0.000955 0.001698
0 0.000477 0.000849 0.000955 0.001698
0 0.000477 0.000849 0.000955 0.001698
0 0.000477 0.000849 0.000955 0.001698
0 0.000477 0.000849 0.000955 0.001698
0 0.000477 0.000849 0.000955 0.001698
0 0.000477 0.000849 0.000955 0.001698
0 0.000477 0.000849 0.000955 0.001698
0 0.000477 0.000849 0.000955 0.001698
0 0.000477 0.000849 0.000955 0.001698
0 0.000477 0.000849 0.000955 0.001698
0 0.000477 0.000849 0.000955 0.001698
0 0.000477 0.000849 0.000955 0.001698
0 0.000477 0.000849 0.000955 0.001698
0 0.000477 0.000849 0.000955 0.001698
0 0.000477 0.000849 0.000955 0.001698
0 0.000477 0.000849 0.000955 0.001698
0 0.000477 0.000849 0.000955 0.001698
0 0.000477 0.000849 0.000955 0.001698
0 0.000477 0.000849 0.000955 0.001698
0 0.000477 0.000849 0.000955 0.001698
0 0.000477 0.000849 0.000955 0.001698
0 0.000477 0.000849 0.000955 0.001698
0 0.000477 0.000849 0.000955 0.001698
0 0.000477 0.000849 0.000955 0.001698
0 0.000477 0.000849 0.000955 0.001698
0 0.000477 0.000849 0.000955 0.001698
0 0.000477 0.000849 0.000955 0.001698
0 0.000477 0.000849 0.000955 0.001698
0 0.000477 0.000849 0.000955 0.001698
0 0.000477 0.000849 0.000955 0.001698
0 0.000477 0.000849 0.000955 0.001698
0 0.000477 0.000849 0.000955 0.001698
0 0.000477 0.000849 0.000955 0.001698
0 0.000477 0.000849 0.000955 0.001698
0 0.000477 0.000849 0.000955 0.001698
0 0.000477 0.000849 0.000955 0.001698
0 0.000477 0.000849 0.000955 0.001698
0 0.000477 0.000849 0.000955 0.001698
0 0.000477 0.000849 0.000955 0.001698
0 0.000477 0.000849 0.000955 0.001698
0 0.000477 0.000849 0.000955 0.001698
0 0.000477 0.000849 0.000955 0.001698
0 0.000477 0.000849 0.000955 0.001698
0 0.000477 0.000849 0.000955 0.001698
0 0.000477 0.000849 0.000955 0.001698
0 0.000477 0.000849 0.000955 0.001698
0 0.000477 0.000849 0.000955 0.001698
0 0.000477 0.000849 0.000955 0.001698
0 0.000477 0.000849 0.000955 0.001698
0 0.000477 0.000849 0.000955 0.001698
0 0.000477 0.000849 0.000955 0.001698
0 0.000477 0.000849 0.000955 0.001698
0 0.000477 0.000849 0.000955 0.001698
0 0.000477 0.000849 0.000955 0.001698
0 0.000477 0.000849 0.000955 0.001698
0 0.000477 0.000849 0.000955 0.001698
0 0.000477 0.000849 0.000955 0.001698
0 0.000477 0.000849 0.000955 0.001698
0 0.000477 0.000849 0.000955 0.001698
0 0.000477 0.000849 0.000955 0.001698
0 0.031337 0.012500 0.001736 0.003395
0 0.062153 0.024691 0.002431 0.005247
0 0.093056 0.036806 0.003125 0.006944
0 0.123915 0.048457 0.003906 0.008642
0 0.155035 0.060648 0.004687 0.010494
0 0.185938 0.072762 0.005382 0.012191
0 0.216753 0.084568 0.006076 0.013889
0 0.247613 0.096682 0.006858 0.015586
0 0.278516 0.108796 0.007552 0.017284
0 0.309635 0.120988 0.008333 0.019136
0 0.308550 0.120525 0.008073 0.019136
0 0.307552 0.120062 0.007986 0.019136
0 0.306424 0.119907 0.007812 0.019444
0 0.305469 0.119444 0.007812 0.019444
0 0.304644 0.119444 0.007552 0.019444
0 0.303516 0.118981 0.007378 0.019444
0 0.302517 0.118596 0.007292 0.019599
0 0.301432 0.118364 0.007031 0.020062
0 0.300477 0.117901 0.007031 0.020062
0 0.299609 0.117901 0.006858 0.020062
0 0.299349 0.117515 0.006858 0.019907
0 0.299132 0.117515 0.006771 0.019907
0 0.298872 0.117515 0.006771 0.019907
0 0.298655 0.117515 0.006858 0.019907
0 0.298394 0.117515 0.006858 0.019907
0 0.298134 0.117052 0.006858 0.019907
0 0.297917 0.117052 0.006771 0.019907
0 0.297656 0.117052 0.006771 0.019907
0 0.297439 0.117052 0.006858 0.019907
0 0.297439 0.117052 0.006858 0.019907
0 0.297179 0.117052 0.006858 0.019907
0 0.296918 0.117052 0.006858 0.019907
0 0.296658 0.117052 0.006858 0.019907
0 0.296571 0.117052 0.007031 0.019907
0 0.296311 0.117052 0.007031 0.019907
0 0.296094 0.117052 0.007118 0.019907
0 0.295964 0.117052 0.007378 0.019907
0 0.295703 0.117052 0.007378 0.019907
0 0.295486 0.117052 0.007292 0.019907
0 0.295486 0.117515 0.007292 0.019907
0 0.295226 0.117052 0.007292 0.019907
0 0.295226 0.117052 0.007292 0.019907
0 0.294965 0.117052 0.007292 0.019907
0 0.294965 0.117052 0.007292 0.019907
0 0.294748 0.117052 0.007378 0.019907
0 0.294748 0.116590 0.007378 0.019907
0 0.294488 0.116590 0.007378 0.019907
0 0.294488 0.116590 0.007378 0.019907
0 0.294271 0.116590 0.007292 0.019907
0 0.294271 0.116590 0.007292 0.019907
