0 0.171875 0.134336 0.004687 0.020833
0 0.171615 0.133565 0.004687 0.020833
0 0.171615 0.133102 0.004687 0.020833
0 0.171615 0.132639 0.004687 0.020833
0 0.171615 0.132176 0.004687 0.020833
0 0.171615 0.131867 0.004687 0.020833
0 0.171615 0.131404 0.004687 0.020833
0 0.171615 0.130941 0.004687 0.020833
0 0.171615 0.130478 0.004687 0.020833
0 0.171615 0.130015 0.004687 0.020833
0 0.171615 0.129630 0.004687 0.020679
0 0.171615 0.129244 0.004687 0.020833
0 0.171615 0.129244 0.004687 0.020833
0 0.171615 0.129244 0.004687 0.020833
0 0.171615 0.129244 0.004687 0.020833
0 0.171615 0.129244 0.004687 0.020833
0 0.171615 0.128781 0.004687 0.020833
0 0.171615 0.128781 0.004687 0.020833
0 0.171615 0.128781 0.004687 0.020833
0 0.171615 0.128781 0.004687 0.020833
0 0.171615 0.128781 0.004687 0.020833
0 0.171615 0.128549 0.004687 0.021296
0 0.171615 0.128549 0.004687 0.021296
0 0.171745 0.128549 0.004427 0.021296
0 0.171875 0.128318 0.004687 0.021759
0 0.172005 0.128318 0.004427 0.021759
0 0.172005 0.128318 0.004427 0.021759
0 0.172092 0.128164 0.004601 0.022068
0 0.172222 0.128164 0.004340 0.022068
0 0.172222 0.128164 0.004340 0.022068
0 0.172483 0.128164 0.004340 0.022068
0 0.172483 0.128164 0.004340 0.022068
0 0.172483 0.128164 0.004340 0.022068
0 0.172483 0.128164 0.004340 0.022068
0 0.172483 0.128164 0.004340 0.022068
0 0.172483 0.128164 0.004340 0.022068
0 0.172483 0.128164 0.004340 0.022068
0 0.172483 0.128164 0.004340 0.022068
0 0.172483 0.128164 0.004340 0.022068
0 0.172483 0.128164 0.004340 0.022068
0 0.172483 0.128164 0.004340 0.022068
0 0.172483 0.128164 0.004340 0.022068
0 0.172483 0.128164 0.004340 0.022068
0 0.172483 0.128164 0.004340 0.022068
0 0.172483 0.128164 0.004340 0.022068
0 0.172483 0.128164 0.004340 0.022068
0 0.172483 0.128164 0.004340 0.022068
0 0.172483 0.128164 0.004340 0.022068
0 0.172483 0.128164 0.004340 0.022068
0 0.172483 0.128164 0.004340 0.022068
0 0.172483 0.128164 0.004340 0.022068
0 0.172483 0.128164 0.004340 0.022068
0 0.172483 0.128164 0.004340 0.022068
0 0.172483 0.128164 0.004340 0.022068
0 0.172483 0.128164 0.004340 0.022068
0 0.172483 0.128164 0.004340 0.022068
0 0.172483 0.128164 0.004340 0.022068
0 0.172483 0.128164 0.004340 0.022068
0 0.172483 0.128164 0.004340 0.022068
0 0.172483 0.128164 0.004340 0.022068
0 0.172483 0.128164 0.004340 0.022068
0 0.172483 0.128164 0.004340 0.022068
0 0.172483 0.128164 0.004340 0.022068
0 0.172483 0.128164 0.004340 0.022068
0 0.172483 0.128164 0.004340 0.022068
0 0.172483 0.128164 0.004340 0.022068
0 0.172483 0.128164 0.004340 0.022068
0 0.172483 0.128164 0.004340 0.022068
0 0.172483 0.128164 0.004340 0.022068
0 0.172483 0.128164 0.004340 0.022068
0 0.172483 0.128164 0.004340 0.022068
0 0.172483 0.128164 0.004340 0.022068
0 0.172483 0.128549 0.004340 0.022222
0 0.172483 0.128935 0.004340 0.022068
0 0.172483 0.129398 0.004340 0.022068
0 0.172483 0.129861 0.004340 0.022068
0 0.172483 0.130324 0.004340 0.022068
0 0.172483 0.130710 0.004340 0.022222
0 0.172483 0.131173 0.004340 0.022222
0 0.172483 0.131559 0.004340 0.022068
0 0.172483 0.132022 0.004340 0.022068
0 0.172352 0.132022 0.004080 0.022068
0 0.172352 0.132485 0.004080 0.022068
0 0.172352 0.132485 0.004080 0.022068
0 0.172266 0.132870 0.003906 0.022222
0 0.172266 0.133102 0.003906 0.022685
0 0.172266 0.133333 0.003906 0.022222
0 0.172135 0.133488 0.003646 0.022531
0 0.172135 0.133719 0.003646 0.022068
0 0.172135 0.133951 0.003646 0.022531
0 0.172135 0.134414 0.003646 0.022531
0 0.172135 0.134414 0.003646 0.022531
0 0.172135 0.134414 0.003646 0.022531
0 0.172135 0.134414 0.003646 0.022531
0 0.172135 0.134414 0.003646 0.022531
0 0.172135 0.134414 0.003646 0.022531
0 0.172135 0.134414 0.003646 0.022531
0 0.172135 0.134414 0.003646 0.022531
0 0.172135 0.134414 0.003646 0.022531
0 0.172135 0.134414 0.003646 0.022531
0 0.172135 0.134414 0.003646 0.022531
0 0.172135 0.134414 0.003646 0.022531
0 0.172135 0.134414 0.003646 0.022531
0 0.172135 0.134414 0.003646 0.022531
0 0.172135 0.134414 0.003646 0.022531
0 0.172135 0.134414 0.003646 0.022531
0 0.172135 0.134414 0.003646 0.022531
0 0.172135 0.134414 0.003646 0.022531
0 0.172135 0.134414 0.003646 0.022531
0 0.172135 0.134414 0.003646 0.022531
0 0.172135 0.134414 0.003646 0.022531
0 0.171875 0.133951 0.003646 0.022531
0 0.171875 0.133488 0.003646 0.022531
0 0.171875 0.133488 0.003646 0.022531
0 0.171875 0.133102 0.003646 0.022685
0 0.171875 0.133102 0.003646 0.022685
0 0.171875 0.132716 0.003646 0.022531
0 0.171875 0.132253 0.003646 0.022531
0 0.171875 0.132253 0.003646 0.022531
0 0.171875 0.131790 0.003646 0.022531
0 0.171875 0.131790 0.003646 0.022531
0 0.171615 0.131327 0.003646 0.022531
0 0.171615 0.130941 0.003646 0.022685
0 0.171615 0.130556 0.003646 0.022531
0 0.171354 0.130093 0.003646 0.022531
0 0.171354 0.130093 0.003646 0.022531
0 0.171354 0.129630 0.003646 0.022531
0 0.171137 0.129167 0.003733 0.022531
0 0.171137 0.128704 0.003733 0.022531
0 0.171137 0.128395 0.003733 0.022531
0 0.171137 0.128395 0.003733 0.022531
0 0.171137 0.128395 0.003733 0.022531
0 0.171137 0.128395 0.003733 0.022531
0 0.171137 0.128395 0.003733 0.022531
0 0.171137 0.128395 0.003733 0.022531
0 0.171137 0.128395 0.003733 0.022531
0 0.171137 0.128395 0.003733 0.022531
0 0.171137 0.128395 0.003733 0.022531
0 0.171137 0.128395 0.003733 0.022531
0 0.171137 0.128395 0.003733 0.022531
0 0.171137 0.128395 0.003733 0.022531
0 0.171615 0.128395 0.003646 0.022531
0 0.172135 0.128395 0.003646 0.022531
0 0.172569 0.128704 0.003646 0.022531
0 0.173090 0.128704 0.003646 0.022531
0 0.173611 0.129167 0.003646 0.022531
0 0.174045 0.129167 0.003646 0.022531
0 0.174566 0.129167 0.003646 0.022531
0 0.175043 0.129630 0.003733 0.022531
0 0.175521 0.129630 0.003646 0.022531
0 0.176259 0.130093 0.003733 0.022531
0 0.176476 0.130093 0.003646 0.022531
0 0.176997 0.130093 0.003646 0.022531
0 0.177257 0.130093 0.003646 0.022531
0 0.177691 0.130093 0.003646 0.022531
0 0.177951 0.130093 0.003646 0.022531
0 0.178472 0.130093 0.003646 0.022531
0 0.178733 0.130093 0.003646 0.022531
0 0.179167 0.130093 0.003646 0.022531
0 0.179427 0.130093 0.003646 0.022531
0 0.179948 0.130093 0.003646 0.022531
0 0.181163 0.130093 0.003646 0.022531
0 0.182378 0.130093 0.003646 0.022531
0 0.183594 0.130093 0.003646 0.022531
0 0.184809 0.130093 0.003646 0.022531
0 0.186024 0.130093 0.003646 0.022531
0 0.187240 0.130093 0.003646 0.022531
0 0.188455 0.130093 0.003646 0.022531
0 0.189670 0.130093 0.003646 0.022531
0 0.190885 0.130093 0.003646 0.022531
0 0.192361 0.130556 0.003646 0.022531
0 0.193316 0.130556 0.003646 0.022531
0 0.194531 0.130941 0.003646 0.022685
0 0.195573 0.131327 0.003646 0.022531
0 0.196788 0.131327 0.003646 0.022531
0 0.197743 0.131790 0.003646 0.022531
0 0.198958 0.132253 0.003646 0.022531
0 0.199913 0.132716 0.003646 0.022531
0 0.201128 0.132716 0.003646 0.022531
0 0.202127 0.133102 0.003733 0.022685
0 0.203342 0.133488 0.003733 0.022531
