0 0.215061 0.184722 0.008594 0.023457
0 0.215061 0.184722 0.008594 0.023457
0 0.215321 0.184722 0.008594 0.023457
0 0.215538 0.184722 0.008507 0.023457
0 0.215668 0.184722 0.008767 0.023457
0 0.215929 0.184722 0.008767 0.023457
0 0.216189 0.184722 0.008767 0.023457
0 0.216319 0.184722 0.009028 0.023457
0 0.216493 0.184722 0.009028 0.023457
0 0.216753 0.184722 0.009028 0.023457
0 0.217014 0.185185 0.009028 0.023457
0 0.217274 0.184722 0.009028 0.023457
0 0.217535 0.184722 0.009028 0.023457
0 0.217708 0.184722 0.009028 0.023457
0 0.218099 0.184722 0.008767 0.023457
0 0.218359 0.184722 0.008767 0.023457
0 0.218620 0.184722 0.008767 0.023457
0 0.218967 0.184722 0.008594 0.023457
0 0.219184 0.184722 0.008507 0.023457
0 0.219444 0.184722 0.008507 0.023457
0 0.219835 0.184722 0.008247 0.023457
0 0.220052 0.184722 0.008333 0.023457
0 0.220573 0.184722 0.008333 0.023457
0 0.221050 0.184722 0.008247 0.023457
0 0.221528 0.184722 0.008333 0.023457
0 0.222005 0.184722 0.008247 0.023457
0 0.222483 0.184722 0.008333 0.023457
0 0.223003 0.184722 0.008333 0.023457
0 0.223481 0.184722 0.008247 0.023457
0 0.223958 0.184722 0.008333 0.023457
0 0.224479 0.184722 0.008333 0.023457
0 0.224479 0.184259 0.008333 0.023457
0 0.224696 0.184259 0.008247 0.023457
0 0.224957 0.184259 0.008247 0.023457
0 0.225174 0.183873 0.008333 0.023302
0 0.225434 0.183873 0.008333 0.023302
0 0.225434 0.183873 0.008333 0.023302
0 0.225694 0.183488 0.008333 0.023457
0 0.225911 0.183488 0.008247 0.023457
0 0.226172 0.183488 0.008247 0.023457
0 0.226389 0.183488 0.008333 0.023457
0 0.226649 0.182793 0.008333 0.022994
0 0.227127 0.182562 0.008247 0.022531
0 0.227387 0.182330 0.008247 0.022068
0 0.227865 0.182099 0.008333 0.021605
0 0.228255 0.181944 0.008073 0.021296
0 0.228602 0.181250 0.008247 0.020833
0 0.228950 0.181019 0.008073 0.020370
0 0.229340 0.180787 0.008333 0.019907
0 0.229731 0.180633 0.008073 0.019599
0 0.230165 0.180401 0.008073 0.019136
0 0.230425 0.179938 0.008073 0.019136
0 0.230686 0.179475 0.008073 0.019136
0 0.230946 0.179090 0.008073 0.018981
0 0.231163 0.178704 0.007986 0.019136
0 0.231380 0.178704 0.008073 0.019136
0 0.231641 0.178241 0.008073 0.019136
0 0.231901 0.177778 0.008073 0.019136
0 0.232161 0.177315 0.008073 0.019136
0 0.232378 0.176929 0.007986 0.018981
0 0.232639 0.176929 0.007986 0.018981
0 0.232856 0.176466 0.008073 0.018981
0 0.233377 0.176080 0.008073 0.019136
0 0.233854 0.175617 0.007986 0.019136
0 0.234071 0.175154 0.008073 0.019136
0 0.234592 0.174769 0.008073 0.018981
0 0.235069 0.174306 0.007986 0.018981
0 0.235286 0.173920 0.008073 0.019136
0 0.235807 0.173457 0.008073 0.019136
0 0.236285 0.172994 0.007986 0.019136
0 0.236762 0.172994 0.008073 0.019136
0 0.236762 0.172531 0.008073 0.019136
0 0.237023 0.172145 0.008073 0.018981
0 0.237023 0.171759 0.008073 0.019136
0 0.237283 0.171296 0.008073 0.019136
0 0.237283 0.170833 0.008073 0.019136
0 0.237543 0.170370 0.008073 0.019136
0 0.237543 0.169985 0.008073 0.018981
0 0.237760 0.169522 0.007986 0.018981
0 0.237760 0.169136 0.007986 0.019136
0 0.237977 0.168673 0.008073 0.019136
0 0.238238 0.167361 0.008073 0.018981
0 0.238498 0.166512 0.008073 0.019136
0 0.238759 0.165664 0.008073 0.018981
0 0.239106 0.164815 0.008247 0.019136
0 0.239453 0.163889 0.008073 0.019136
0 0.239714 0.163040 0.008073 0.018981
0 0.240061 0.162191 0.008247 0.019136
0 0.240321 0.161265 0.008247 0.019136
0 0.240538 0.160417 0.008333 0.018981
0 0.241059 0.159568 0.008333 0.019136
0 0.241276 0.158719 0.008247 0.018981
0 0.241536 0.157870 0.008247 0.019136
0 0.241797 0.156944 0.008247 0.019136
0 0.242014 0.156481 0.008333 0.019136
0 0.242274 0.155710 0.008333 0.019136
0 0.242535 0.154784 0.008333 0.019136
0 0.242752 0.154321 0.008247 0.019136
0 0.243012 0.153472 0.008247 0.018981
0 0.243229 0.152623 0.008333 0.019136
0 0.243750 0.152160 0.008333 0.019136
0 0.243967 0.145062 0.008247 0.019444
0 0.244314 0.138117 0.008073 0.019444
0 0.244705 0.130941 0.008333 0.019907
0 0.245095 0.123997 0.008073 0.019907
0 0.245443 0.117284 0.008247 0.020370
0 0.245790 0.110108 0.008073 0.020833
0 0.246050 0.103164 0.008073 0.020833
0 0.246571 0.095988 0.008073 0.021296
0 0.246788 0.089043 0.007986 0.021296
0 0.247266 0.082330 0.008073 0.021759
0 0.247526 0.080633 0.008073 0.021759
0 0.247786 0.078858 0.008073 0.021605
0 0.248003 0.077160 0.007986 0.021605
0 0.248220 0.075386 0.008073 0.021759
0 0.248481 0.074074 0.008073 0.021605
0 0.248741 0.072377 0.008073 0.021605
0 0.249002 0.070602 0.008073 0.021759
0 0.249219 0.068904 0.007986 0.021759
0 0.249436 0.067207 0.008073 0.021759
0 0.249957 0.065895 0.008073 0.021605
0 0.249696 0.069753 0.008073 0.021605
0 0.249696 0.074074 0.008073 0.021605
0 0.249696 0.078009 0.008073 0.021759
0 0.249436 0.082330 0.008073 0.021759
0 0.249436 0.086497 0.008073 0.022068
0 0.249436 0.090586 0.008073 0.021605
0 0.249219 0.094676 0.007986 0.022068
0 0.249219 0.098843 0.007986 0.021759
0 0.249219 0.102932 0.007986 0.022222
0 0.249219 0.107330 0.007986 0.022068
0 0.249219 0.111651 0.007986 0.022068
0 0.249219 0.116435 0.007986 0.022068
0 0.249219 0.120988 0.007986 0.022531
0 0.249219 0.125772 0.007986 0.022531
0 0.249219 0.130324 0.007986 0.022994
0 0.249219 0.134877 0.007986 0.022531
0 0.249219 0.139429 0.007986 0.022994
0 0.249219 0.144213 0.007986 0.022994
0 0.249219 0.148765 0.007986 0.023457
0 0.249219 0.153549 0.007986 0.023457
0 0.249219 0.153935 0.007986 0.023302
0 0.249219 0.154784 0.007986 0.023457
0 0.249219 0.155247 0.007986 0.023457
0 0.249219 0.156096 0.007986 0.023302
0 0.249219 0.156944 0.007986 0.023457
0 0.249219 0.157407 0.007986 0.023457
0 0.249219 0.158256 0.007986 0.023302
0 0.249219 0.158642 0.007986 0.023457
0 0.249219 0.159568 0.007986 0.023457
0 0.249219 0.160494 0.007986 0.023457
0 0.249002 0.159568 0.008073 0.023457
0 0.249002 0.158642 0.008073 0.023457
0 0.248872 0.157870 0.008333 0.023457
0 0.248741 0.156944 0.008073 0.023457
0 0.248741 0.156481 0.008073 0.023457
0 0.248611 0.155710 0.008333 0.023457
0 0.248481 0.154784 0.008073 0.023457
0 0.248351 0.153935 0.008333 0.023302
0 0.248351 0.153086 0.008333 0.023457
0 0.248351 0.152623 0.008333 0.023457
0 0.248134 0.152160 0.008247 0.023457
0 0.248134 0.151698 0.008247 0.023457
0 0.247873 0.151312 0.008247 0.023302
0 0.247873 0.150926 0.008247 0.023457
0 0.247656 0.150926 0.008333 0.023457
0 0.247656 0.150463 0.008333 0.023457
0 0.247396 0.150000 0.008333 0.023457
0 0.247396 0.149537 0.008333 0.023457
0 0.247135 0.149151 0.008333 0.023302
0 0.247135 0.149151 0.008333 0.023302
0 0.246918 0.148765 0.008247 0.023457
0 0.246658 0.148534 0.008247 0.022994
0 0.246658 0.148071 0.008247 0.022994
0 0.246441 0.147840 0.008333 0.022531
0 0.246441 0.147608 0.008333 0.022068
0 0.246181 0.147222 0.008333 0.022222
0 0.246181 0.146991 0.008333 0.021759
0 0.245920 0.146759 0.008333 0.021296
0 0.245920 0.146296 0.008333 0.021296
0 0.245703 0.146065 0.008247 0.020833
