0 0.150000 0.076698 0.005382 0.018210
0 0.149783 0.076698 0.005295 0.018210
0 0.149783 0.076698 0.005295 0.018210
0 0.149783 0.076698 0.005295 0.018210
0 0.149783 0.076698 0.005295 0.018210
0 0.149783 0.076698 0.005295 0.018210
0 0.149783 0.076698 0.005295 0.018210
0 0.149783 0.076698 0.005295 0.018210
0 0.149783 0.076698 0.005295 0.018210
0 0.149783 0.076698 0.005295 0.018210
0 0.149783 0.076698 0.005295 0.018210
0 0.149566 0.076698 0.005382 0.018210
0 0.149566 0.076698 0.005382 0.018210
0 0.149306 0.076698 0.005382 0.018210
0 0.149306 0.076698 0.005382 0.018210
0 0.149045 0.076698 0.005382 0.018210
0 0.149045 0.076698 0.005382 0.018210
0 0.148785 0.076698 0.005382 0.018210
0 0.148785 0.076698 0.005382 0.018210
0 0.148568 0.076698 0.005295 0.018210
0 0.148568 0.077160 0.005295 0.018210
0 0.148351 0.077160 0.005382 0.018210
0 0.148351 0.077160 0.005382 0.018210
0 0.148090 0.077160 0.005382 0.018210
0 0.148090 0.077160 0.005382 0.018210
0 0.148090 0.077160 0.005382 0.018210
0 0.147830 0.077160 0.005382 0.018210
0 0.147830 0.077160 0.005382 0.018210
0 0.147569 0.077160 0.005382 0.018210
0 0.147569 0.077160 0.005382 0.018210
0 0.147569 0.077623 0.005382 0.018210
0 0.147569 0.077623 0.005382 0.018210
0 0.147569 0.077623 0.005382 0.018210
0 0.147569 0.077623 0.005382 0.018210
0 0.147569 0.077623 0.005382 0.018210
0 0.147569 0.077623 0.005382 0.018210
0 0.147569 0.077623 0.005382 0.018210
0 0.147569 0.077623 0.005382 0.018210
0 0.147569 0.077623 0.005382 0.018210
0 0.147569 0.077623 0.005382 0.018210
0 0.147569 0.077623 0.005382 0.018210
0 0.147569 0.077623 0.005382 0.018210
0 0.147830 0.077623 0.005382 0.018210
0 0.148090 0.077623 0.005382 0.018210
0 0.148351 0.078009 0.005382 0.018364
0 0.148568 0.078009 0.005295 0.018364
0 0.148568 0.078009 0.005295 0.018364
0 0.148785 0.078395 0.005382 0.018210
0 0.149045 0.078395 0.005382 0.018210
0 0.149306 0.078395 0.005382 0.018210
0 0.149566 0.078858 0.005382 0.018210
0 0.150260 0.078395 0.005382 0.018210
0 0.151215 0.078395 0.005382 0.018210
0 0.152257 0.078395 0.005382 0.018210
0 0.153212 0.078395 0.005382 0.018210
0 0.154167 0.078395 0.005382 0.018210
0 0.155122 0.078009 0.005382 0.018364
0 0.156163 0.078009 0.005382 0.018364
0 0.157118 0.078009 0.005382 0.018364
0 0.158073 0.078009 0.005382 0.018364
0 0.159028 0.078009 0.005382 0.018364
0 0.159288 0.078009 0.005382 0.018364
0 0.159809 0.078009 0.005382 0.018364
0 0.160243 0.078009 0.005382 0.018364
0 0.160503 0.078009 0.005382 0.018364
0 0.161024 0.078009 0.005382 0.018364
0 0.161502 0.078009 0.005295 0.018364
0 0.161719 0.078009 0.005382 0.018364
0 0.162240 0.078009 0.005382 0.018364
0 0.162717 0.078009 0.005295 0.018364
0 0.163194 0.078009 0.005382 0.018364
0 0.163194 0.078009 0.005382 0.018364
0 0.163455 0.078009 0.005382 0.018364
0 0.163455 0.078009 0.005382 0.018364
0 0.163715 0.078009 0.005382 0.018364
0 0.163715 0.078009 0.005382 0.018364
0 0.163976 0.078009 0.005382 0.018364
0 0.163976 0.078009 0.005382 0.018364
0 0.164149 0.078009 0.005382 0.018364
0 0.164149 0.078009 0.005382 0.018364
0 0.164410 0.078395 0.005382 0.018210
0 0.164149 0.078395 0.005382 0.018210
0 0.164149 0.078395 0.005382 0.018210
0 0.164149 0.078395 0.005382 0.018210
0 0.164149 0.078395 0.005382 0.018210
0 0.164149 0.078395 0.005382 0.018210
0 0.164062 0.078395 0.005208 0.018210
0 0.164062 0.078395 0.005208 0.018210
0 0.164062 0.078395 0.005208 0.018210
0 0.164062 0.078395 0.005208 0.018210
0 0.164062 0.078395 0.005208 0.018210
0 0.163976 0.078395 0.005382 0.018210
0 0.163976 0.078395 0.005382 0.018210
0 0.163976 0.078395 0.005382 0.018210
0 0.163976 0.078395 0.005382 0.018210
0 0.163976 0.078858 0.005382 0.018210
0 0.163976 0.078858 0.005382 0.018210
0 0.163976 0.078858 0.005382 0.018210
0 0.163976 0.078858 0.005382 0.018210
0 0.163976 0.078858 0.005382 0.018210
0 0.163976 0.079321 0.005382 0.018210
0 0.163715 0.079321 0.005382 0.018210
0 0.163715 0.079321 0.005382 0.018210
0 0.163455 0.079321 0.005382 0.018210
0 0.163455 0.079321 0.005382 0.018210
0 0.163455 0.079321 0.005382 0.018210
0 0.163194 0.079321 0.005382 0.018210
0 0.163194 0.079321 0.005382 0.018210
0 0.162934 0.079321 0.005382 0.018210
0 0.162934 0.079321 0.005382 0.018210
0 0.162934 0.079784 0.005382 0.018210
0 0.162717 0.079784 0.005295 0.018210
0 0.162500 0.079784 0.005382 0.018210
0 0.162240 0.079784 0.005382 0.018210
0 0.162109 0.080247 0.005122 0.018210
0 0.161979 0.080247 0.005382 0.018210
0 0.161719 0.080247 0.005382 0.018210
0 0.161589 0.080556 0.005122 0.018210
0 0.161415 0.080556 0.005122 0.018210
0 0.161155 0.080556 0.005122 0.018210
0 0.161155 0.081019 0.005122 0.018210
0 0.160894 0.081019 0.005122 0.018210
0 0.160634 0.081019 0.005122 0.018210
0 0.160373 0.081019 0.005122 0.018210
0 0.160156 0.081019 0.005208 0.018210
0 0.160156 0.081019 0.005208 0.018210
0 0.159939 0.081019 0.005122 0.018210
0 0.159679 0.081019 0.005122 0.018210
0 0.159418 0.081019 0.005122 0.018210
0 0.159158 0.081019 0.005122 0.018210
0 0.159158 0.081019 0.005122 0.018210
0 0.159158 0.081019 0.005122 0.018210
0 0.159158 0.081250 0.005122 0.018673
0 0.159158 0.081250 0.005122 0.018673
0 0.159158 0.081481 0.005122 0.019136
0 0.159158 0.081481 0.005122 0.019136
0 0.159158 0.081713 0.005122 0.019599
0 0.159158 0.081713 0.005122 0.019599
0 0.159158 0.081867 0.005122 0.019907
0 0.159158 0.081867 0.005122 0.019907
0 0.159158 0.082099 0.005122 0.020370
0 0.159158 0.082099 0.005122 0.020370
0 0.159158 0.082562 0.005122 0.020370
0 0.159158 0.082562 0.005122 0.020370
0 0.159158 0.083025 0.005122 0.020370
0 0.159288 0.083025 0.005382 0.020370
0 0.159288 0.083488 0.005382 0.020370
0 0.159288 0.083488 0.005382 0.020370
0 0.159288 0.083873 0.005382 0.020525
0 0.159288 0.083873 0.005382 0.020525
0 0.159549 0.084259 0.005382 0.020370
0 0.159549 0.084259 0.005382 0.020370
0 0.159549 0.084722 0.005382 0.020370
0 0.159549 0.084954 0.005382 0.019907
0 0.159549 0.085185 0.005382 0.020370
0 0.159549 0.085648 0.005382 0.020370
0 0.159549 0.085802 0.005382 0.020062
0 0.159549 0.086034 0.005382 0.020525
0 0.159549 0.086265 0.005382 0.020062
0 0.159549 0.086651 0.005382 0.019907
0 0.159809 0.087114 0.005382 0.019907
0 0.159809 0.087114 0.005382 0.019907
0 0.160069 0.087577 0.005382 0.019907
0 0.160243 0.088040 0.005382 0.019907
0 0.160503 0.088040 0.005382 0.019907
0 0.160764 0.088426 0.005382 0.020062
0 0.160764 0.088812 0.005382 0.019907
0 0.161024 0.088812 0.005382 0.019907
0 0.161285 0.089275 0.005382 0.019907
0 0.161502 0.089738 0.005295 0.019907
0 0.161719 0.090201 0.005382 0.019907
0 0.161719 0.090201 0.005382 0.019907
0 0.161719 0.090201 0.005382 0.019907
0 0.161719 0.090432 0.005382 0.020370
0 0.161719 0.090586 0.005382 0.020062
0 0.161719 0.090586 0.005382 0.020062
0 0.161719 0.090741 0.005382 0.020370
0 0.161719 0.090741 0.005382 0.020370
0 0.161719 0.090972 0.005382 0.019907
0 0.161719 0.091204 0.005382 0.020370
0 0.161719 0.091204 0.005382 0.020370
