0 0.163108 0.112886 0.006597 0.023920
0 0.162847 0.112886 0.006597 0.023920
0 0.162847 0.112886 0.006597 0.023920
0 0.162587 0.112886 0.006597 0.023920
0 0.162587 0.113349 0.006597 0.023920
0 0.162326 0.113349 0.006597 0.023920
0 0.162326 0.113349 0.006597 0.023920
0 0.162109 0.113812 0.006510 0.023920
0 0.162109 0.113812 0.006510 0.023920
0 0.161892 0.113812 0.006597 0.023920
0 0.161892 0.114275 0.006597 0.023920
0 0.161632 0.114275 0.006597 0.023920
0 0.161372 0.114275 0.006597 0.023920
0 0.161111 0.114275 0.006597 0.023920
0 0.160851 0.114275 0.006597 0.023920
0 0.160677 0.114275 0.006597 0.023920
0 0.160417 0.114275 0.006597 0.023920
0 0.160156 0.114275 0.006597 0.023920
0 0.159896 0.114275 0.006597 0.023920
0 0.159635 0.114275 0.006597 0.023920
0 0.159635 0.114660 0.006597 0.023765
0 0.159201 0.114275 0.006597 0.023920
0 0.158681 0.114275 0.006597 0.023920
0 0.158420 0.114275 0.006597 0.023920
0 0.157986 0.114275 0.006597 0.023920
0 0.157726 0.114275 0.006597 0.023920
0 0.157205 0.113812 0.006597 0.023920
0 0.156771 0.113812 0.006597 0.023920
0 0.156510 0.113812 0.006597 0.023920
0 0.155990 0.113812 0.006597 0.023920
0 0.155729 0.113812 0.006597 0.023920
0 0.155556 0.113349 0.006597 0.023920
0 0.155556 0.113349 0.006597 0.023920
0 0.155295 0.113349 0.006597 0.023920
0 0.155295 0.113349 0.006597 0.023920
0 0.155295 0.113349 0.006597 0.023920
0 0.155035 0.112886 0.006597 0.023920
0 0.155035 0.112886 0.006597 0.023920
0 0.154774 0.112886 0.006597 0.023920
0 0.154774 0.112886 0.006597 0.023920
0 0.154774 0.112886 0.006597 0.023920
0 0.154297 0.112886 0.006510 0.023920
0 0.154080 0.112886 0.006597 0.023920
0 0.153819 0.112886 0.006597 0.023920
0 0.153559 0.112886 0.006597 0.023920
0 0.153299 0.113349 0.006597 0.023920
0 0.153082 0.113349 0.006510 0.023920
0 0.152865 0.113349 0.006597 0.023920
0 0.152604 0.113349 0.006597 0.023920
0 0.152344 0.113349 0.006597 0.023920
0 0.152083 0.113812 0.006597 0.023920
0 0.152604 0.113349 0.006597 0.023920
0 0.153299 0.113349 0.006597 0.023920
0 0.153819 0.112886 0.006597 0.023920
0 0.154514 0.112886 0.006597 0.023920
0 0.155035 0.112886 0.006597 0.023920
0 0.155729 0.112500 0.006597 0.023765
0 0.156250 0.112500 0.006597 0.023765
0 0.156988 0.112037 0.006510 0.023765
0 0.157465 0.112037 0.006597 0.023765
0 0.158203 0.112037 0.006510 0.023765
0 0.158203 0.112037 0.006510 0.023765
0 0.158420 0.112037 0.006597 0.023765
0 0.158420 0.112037 0.006597 0.023765
0 0.158681 0.112037 0.006597 0.023765
0 0.158941 0.112037 0.006597 0.023765
0 0.158941 0.112037 0.006597 0.023765
0 0.159201 0.112037 0.006597 0.023765
0 0.159201 0.112037 0.006597 0.023765
0 0.159462 0.112037 0.006597 0.023765
0 0.159635 0.112037 0.006597 0.023765
0 0.159462 0.111651 0.006597 0.023920
0 0.159462 0.111188 0.006597 0.023920
0 0.159201 0.111188 0.006597 0.023920
0 0.159201 0.110725 0.006597 0.023920
0 0.158941 0.110725 0.006597 0.023920
0 0.158941 0.110340 0.006597 0.023765
0 0.158681 0.109877 0.006597 0.023765
0 0.158681 0.109877 0.006597 0.023765
0 0.158420 0.109491 0.006597 0.023920
0 0.158420 0.109491 0.006597 0.023920
0 0.158116 0.109028 0.006337 0.023920
0 0.157856 0.109028 0.006337 0.023920
0 0.157595 0.108796 0.006337 0.023457
0 0.157335 0.108565 0.006337 0.023920
0 0.157075 0.108565 0.006337 0.023920
0 0.156901 0.108333 0.006337 0.023457
0 0.156641 0.108179 0.006337 0.023765
0 0.156380 0.107948 0.006337 0.023302
0 0.156120 0.107948 0.006337 0.023302
0 0.155859 0.107948 0.006337 0.023302
0 0.155642 0.107562 0.006424 0.023457
0 0.155425 0.107562 0.006337 0.023457
0 0.155165 0.107562 0.006337 0.023457
0 0.155035 0.107562 0.006597 0.023457
0 0.154905 0.107562 0.006337 0.023457
0 0.154644 0.107562 0.006337 0.023457
0 0.154514 0.107562 0.006597 0.023457
0 0.154297 0.107562 0.006510 0.023457
0 0.154080 0.107562 0.006597 0.023457
0 0.154080 0.107562 0.006597 0.023457
0 0.153819 0.107099 0.006597 0.023457
0 0.153559 0.107099 0.006597 0.023457
0 0.153559 0.107099 0.006597 0.023457
0 0.153299 0.107099 0.006597 0.023457
0 0.153299 0.107099 0.006597 0.023457
0 0.153082 0.106636 0.006510 0.023457
0 0.152865 0.106636 0.006597 0.023457
0 0.152865 0.106636 0.006597 0.023457
0 0.152604 0.106636 0.006597 0.023457
0 0.152604 0.106636 0.006597 0.023457
0 0.152344 0.106173 0.006597 0.023457
0 0.152083 0.106173 0.006597 0.023457
0 0.151823 0.106173 0.006597 0.023457
0 0.151649 0.106173 0.006597 0.023457
0 0.151389 0.106173 0.006597 0.023457
0 0.151128 0.106019 0.006597 0.023765
0 0.150868 0.106019 0.006597 0.023765
0 0.150608 0.106019 0.006597 0.023765
0 0.150434 0.106019 0.006597 0.023765
0 0.150434 0.106019 0.006597 0.023765
0 0.149913 0.106019 0.006597 0.023765
0 0.149392 0.106019 0.006597 0.023765
0 0.149175 0.106019 0.006510 0.023765
0 0.148698 0.106019 0.006597 0.023765
0 0.148438 0.106019 0.006597 0.023765
0 0.147917 0.106019 0.006597 0.023765
0 0.147483 0.106019 0.006597 0.023765
0 0.147222 0.106019 0.006597 0.023765
0 0.146701 0.106019 0.006597 0.023765
0 0.146528 0.106019 0.006597 0.023765
0 0.146267 0.105787 0.006597 0.023302
0 0.146267 0.105787 0.006597 0.023302
0 0.146007 0.105787 0.006597 0.023302
0 0.146007 0.105787 0.006597 0.023302
0 0.145877 0.105787 0.006337 0.023302
0 0.145747 0.105787 0.006597 0.023302
0 0.145616 0.105787 0.006337 0.023302
0 0.145486 0.105787 0.006597 0.023302
0 0.145356 0.105787 0.006337 0.023302
0 0.145356 0.105787 0.006337 0.023302
0 0.145182 0.105401 0.006337 0.023457
0 0.145182 0.105401 0.006337 0.023457
0 0.144922 0.105401 0.006337 0.023457
0 0.144922 0.105401 0.006337 0.023457
0 0.144792 0.105401 0.006597 0.023457
0 0.144661 0.105401 0.006337 0.023457
0 0.144531 0.105401 0.006597 0.023457
0 0.144401 0.105401 0.006337 0.023457
0 0.144271 0.105401 0.006597 0.023457
0 0.144271 0.105401 0.006597 0.023457
0 0.144271 0.105401 0.006597 0.023457
0 0.144271 0.105401 0.006597 0.023457
0 0.144271 0.105401 0.006597 0.023457
0 0.144271 0.105401 0.006597 0.023457
0 0.144271 0.105401 0.006597 0.023457
0 0.144271 0.105401 0.006597 0.023457
0 0.144271 0.105401 0.006597 0.023457
0 0.144271 0.105401 0.006597 0.023457
0 0.144271 0.105401 0.006597 0.023457
0 0.144271 0.105401 0.006597 0.023457
0 0.144054 0.105401 0.006510 0.023457
0 0.143837 0.105401 0.006597 0.023457
0 0.143576 0.105401 0.006597 0.023457
0 0.143316 0.105401 0.006597 0.023457
0 0.143316 0.105787 0.006597 0.023302
0 0.143056 0.105787 0.006597 0.023302
0 0.142795 0.105787 0.006597 0.023302
0 0.142622 0.105787 0.006597 0.023302
0 0.142361 0.105787 0.006597 0.023302
0 0.142361 0.106173 0.006597 0.023457
0 0.142101 0.106173 0.006597 0.023457
0 0.142101 0.106173 0.006597 0.023457
0 0.142101 0.106173 0.006597 0.023457
0 0.142101 0.106173 0.006597 0.023457
0 0.142101 0.106173 0.006597 0.023457
0 0.141840 0.106173 0.006597 0.023457
0 0.141840 0.106173 0.006597 0.023457
0 0.141840 0.106173 0.006597 0.023457
0 0.141840 0.106173 0.006597 0.023457
0 0.141840 0.106173 0.006597 0.023457
