0 0.175043 0.027701 0.002691 0.013117
0 0.175043 0.027238 0.002691 0.013117
0 0.175043 0.027238 0.002691 0.013117
0 0.175043 0.027238 0.002691 0.013117
0 0.175043 0.027238 0.002691 0.013117
0 0.175043 0.027238 0.002691 0.013117
0 0.175043 0.027238 0.002691 0.013117
0 0.175043 0.027238 0.002691 0.013117
0 0.175043 0.027238 0.002691 0.013117
0 0.175043 0.027238 0.002691 0.013117
0 0.175043 0.027238 0.002691 0.013117
0 0.175043 0.026852 0.002691 0.012963
0 0.175043 0.026852 0.002691 0.012963
0 0.175043 0.026852 0.002691 0.012963
0 0.175043 0.026852 0.002691 0.012963
0 0.175043 0.026852 0.002691 0.012963
0 0.175043 0.026852 0.002691 0.012963
0 0.175043 0.026852 0.002691 0.012963
0 0.175043 0.026852 0.002691 0.012963
0 0.175043 0.026852 0.002691 0.012963
0 0.175043 0.026852 0.002691 0.012963
0 0.175043 0.026620 0.002691 0.012500
0 0.175043 0.026620 0.002691 0.012500
0 0.175043 0.026620 0.002691 0.012500
0 0.175043 0.026620 0.002691 0.012500
0 0.175043 0.026620 0.002691 0.012500
0 0.175043 0.026620 0.002691 0.012500
0 0.175043 0.026620 0.002691 0.012500
0 0.175043 0.026620 0.002691 0.012500
0 0.175043 0.026620 0.002691 0.012500
0 0.175043 0.026620 0.002691 0.012500
0 0.175043 0.026389 0.002691 0.012963
0 0.175043 0.026389 0.002691 0.012963
0 0.175043 0.026389 0.002691 0.012963
0 0.175043 0.026389 0.002691 0.012963
0 0.175043 0.026389 0.002691 0.012963
0 0.175043 0.026389 0.002691 0.012963
0 0.175043 0.026389 0.002691 0.012963
0 0.175043 0.026389 0.002691 0.012963
0 0.175043 0.026389 0.002691 0.012963
0 0.175043 0.026389 0.002691 0.012963
0 0.175043 0.025926 0.002691 0.012963
0 0.175043 0.025926 0.002691 0.012963
0 0.175043 0.025926 0.002691 0.012963
0 0.175043 0.025926 0.002691 0.012963
0 0.175043 0.025926 0.002691 0.012963
0 0.175043 0.025926 0.002691 0.012963
0 0.175043 0.025926 0.002691 0.012963
0 0.175043 0.025926 0.002691 0.012963
0 0.175043 0.025926 0.002691 0.012963
0 0.175043 0.025926 0.002691 0.012963
0 0.175043 0.025540 0.002691 0.013117
0 0.175043 0.025540 0.002691 0.013117
0 0.175043 0.025540 0.002691 0.013117
0 0.175043 0.025540 0.002691 0.013117
0 0.175043 0.025540 0.002691 0.013117
0 0.175043 0.025540 0.002691 0.013117
0 0.175043 0.025540 0.002691 0.013117
0 0.175043 0.025540 0.002691 0.013117
0 0.175043 0.025540 0.002691 0.013117
0 0.175043 0.025540 0.002691 0.013117
0 0.175043 0.025077 0.002691 0.013117
0 0.175043 0.025077 0.002691 0.013117
0 0.175043 0.025077 0.002691 0.013117
0 0.175043 0.025077 0.002691 0.013117
0 0.175043 0.025077 0.002691 0.013117
0 0.175043 0.025077 0.002691 0.013117
0 0.175043 0.025077 0.002691 0.013117
0 0.175043 0.025077 0.002691 0.013117
0 0.175043 0.025077 0.002691 0.013117
0 0.175043 0.025077 0.002691 0.013117
0 0.175043 0.024691 0.002691 0.012963
0 0.175043 0.024691 0.002691 0.012963
0 0.175043 0.024691 0.002691 0.012963
0 0.175043 0.024691 0.002691 0.012963
0 0.175043 0.024691 0.002691 0.012963
0 0.175043 0.024691 0.002691 0.012963
0 0.175043 0.024691 0.002691 0.012963
0 0.175043 0.024691 0.002691 0.012963
0 0.175043 0.024691 0.002691 0.012963
0 0.175043 0.024691 0.002691 0.012963
0 0.175043 0.024691 0.002691 0.012963
0 0.175043 0.025077 0.002691 0.013117
0 0.175043 0.025077 0.002691 0.013117
0 0.175043 0.025540 0.002691 0.013117
0 0.175043 0.025926 0.002691 0.012963
0 0.175043 0.025926 0.002691 0.012963
0 0.175043 0.026389 0.002691 0.012963
0 0.175043 0.026389 0.002691 0.012963
0 0.175043 0.026852 0.002691 0.012963
0 0.175304 0.027238 0.002691 0.013117
0 0.175043 0.027238 0.002691 0.013117
0 0.175043 0.027701 0.002691 0.013117
0 0.175043 0.027701 0.002691 0.013117
0 0.175043 0.028086 0.002691 0.012963
0 0.175043 0.028549 0.002691 0.012963
0 0.174783 0.028549 0.002691 0.012963
0 0.174783 0.029012 0.002691 0.012963
0 0.174783 0.029012 0.002691 0.012963
0 0.174783 0.029398 0.002691 0.013117
0 0.174783 0.029861 0.002691 0.013117
0 0.174523 0.029861 0.002691 0.013117
0 0.174523 0.030247 0.002691 0.012963
0 0.174523 0.030247 0.002691 0.012963
0 0.174349 0.030710 0.002691 0.012963
0 0.174349 0.031173 0.002691 0.012963
0 0.174349 0.031173 0.002691 0.012963
0 0.174089 0.031636 0.002691 0.012963
0 0.174089 0.031636 0.002691 0.012963
0 0.174089 0.032022 0.002691 0.013117
0 0.174089 0.032485 0.002691 0.013117
0 0.173828 0.032485 0.002691 0.013117
0 0.173698 0.032485 0.002951 0.013117
0 0.173568 0.032716 0.002691 0.012654
0 0.173437 0.032870 0.002951 0.012963
0 0.173437 0.033102 0.002951 0.012500
0 0.173220 0.033102 0.002865 0.012500
0 0.173090 0.033333 0.003125 0.012963
0 0.172960 0.033565 0.002865 0.012500
0 0.172830 0.033565 0.003125 0.012500
0 0.172830 0.033951 0.003125 0.012654
0 0.172613 0.033951 0.003212 0.012654
0 0.172613 0.034414 0.003212 0.012654
0 0.172613 0.034877 0.003212 0.012654
0 0.172613 0.035262 0.003212 0.012500
0 0.172613 0.035725 0.003212 0.012500
0 0.172352 0.035725 0.003212 0.012500
0 0.172352 0.036111 0.003212 0.012654
0 0.172352 0.036574 0.003212 0.012654
0 0.172352 0.037037 0.003212 0.012654
0 0.172352 0.037423 0.003212 0.012500
0 0.172092 0.037423 0.003212 0.012500
0 0.171875 0.037654 0.003125 0.012037
0 0.171615 0.037654 0.003125 0.012037
0 0.171398 0.037886 0.003212 0.011574
0 0.171267 0.038040 0.002951 0.011265
0 0.171007 0.038040 0.002951 0.011265
0 0.170747 0.038272 0.002951 0.010802
0 0.170530 0.038272 0.002865 0.010802
0 0.170313 0.038503 0.002951 0.010340
0 0.170313 0.038966 0.002951 0.010340
0 0.170052 0.038966 0.002951 0.010340
0 0.169792 0.039429 0.002951 0.010340
0 0.169792 0.039815 0.002951 0.010494
0 0.169531 0.039815 0.002951 0.010494
0 0.169531 0.040278 0.002951 0.010494
0 0.169314 0.040664 0.002865 0.010340
0 0.169054 0.040664 0.002865 0.010340
0 0.169054 0.041127 0.002865 0.010340
0 0.168837 0.041590 0.002951 0.010340
0 0.168837 0.041975 0.002951 0.010494
0 0.168576 0.041975 0.002951 0.010494
0 0.168316 0.042438 0.002951 0.010494
0 0.168099 0.042901 0.002865 0.010494
0 0.167839 0.043287 0.002865 0.010340
0 0.167622 0.043750 0.002951 0.010340
0 0.167361 0.044213 0.002951 0.010340
0 0.167101 0.044599 0.002951 0.010494
0 0.166840 0.045062 0.002951 0.010494
0 0.166623 0.045448 0.002865 0.010340
0 0.166406 0.045910 0.002951 0.010340
0 0.166146 0.045910 0.002951 0.010340
0 0.165885 0.046373 0.002951 0.010340
0 0.165885 0.046759 0.002951 0.010494
0 0.165625 0.046759 0.002951 0.010494
0 0.165625 0.047222 0.002951 0.010494
0 0.165408 0.047608 0.002865 0.010340
0 0.165191 0.047608 0.002951 0.010340
0 0.165191 0.048071 0.002951 0.010340
0 0.164931 0.048534 0.002951 0.010340
0 0.164931 0.048920 0.002951 0.010494
0 0.164670 0.048920 0.002951 0.010494
0 0.164410 0.049383 0.002951 0.010494
0 0.164193 0.049846 0.002865 0.010494
0 0.163932 0.050077 0.002865 0.010031
0 0.163715 0.050463 0.002951 0.009877
0 0.163455 0.050694 0.002951 0.010340
0 0.163194 0.050849 0.002951 0.010031
0 0.162934 0.051312 0.002951 0.010031
0 0.162717 0.051775 0.002865 0.010031
0 0.162500 0.052238 0.002951 0.010031
