0 0.050477 0.230941 0.008247 0.026389
0 0.050694 0.230324 0.008333 0.026080
0 0.051085 0.229861 0.008594 0.026080
0 0.051432 0.229398 0.008247 0.026080
0 0.051823 0.228935 0.008507 0.026080
0 0.052170 0.228549 0.008333 0.025926
0 0.052517 0.228086 0.008507 0.025926
0 0.052778 0.227701 0.008507 0.026080
0 0.053299 0.227238 0.008507 0.026080
0 0.053516 0.226775 0.008594 0.026080
0 0.053993 0.226389 0.008507 0.025926
0 0.055208 0.225077 0.008507 0.026080
0 0.056424 0.224228 0.008507 0.025926
0 0.057682 0.223380 0.008594 0.026080
0 0.059115 0.222454 0.008507 0.026080
0 0.060330 0.221605 0.008507 0.025926
0 0.061589 0.220756 0.008594 0.026080
0 0.063021 0.219830 0.008507 0.026080
0 0.064236 0.218981 0.008507 0.025926
0 0.065451 0.218133 0.008507 0.026080
0 0.066927 0.217284 0.008507 0.025926
0 0.070139 0.215509 0.008507 0.026080
0 0.073264 0.214275 0.008507 0.026080
0 0.076476 0.212500 0.008507 0.025926
0 0.079644 0.211188 0.008594 0.026080
0 0.082812 0.209877 0.008507 0.025926
0 0.085981 0.208179 0.008594 0.025926
0 0.089149 0.206867 0.008507 0.026080
0 0.092318 0.205093 0.008594 0.025926
0 0.095486 0.203781 0.008507 0.026080
0 0.098915 0.202546 0.008594 0.026080
0 0.103038 0.201235 0.008507 0.025926
0 0.107205 0.199923 0.008507 0.026080
0 0.111372 0.198611 0.008507 0.025926
0 0.115495 0.197299 0.008594 0.026080
0 0.119661 0.196451 0.008594 0.025926
0 0.123785 0.195139 0.008507 0.026080
0 0.127951 0.193827 0.008507 0.025926
0 0.132118 0.192515 0.008507 0.026080
0 0.136241 0.191281 0.008594 0.026080
0 0.140625 0.190355 0.008507 0.026080
0 0.143793 0.189892 0.008594 0.026080
0 0.146962 0.189892 0.008507 0.026080
0 0.150174 0.189892 0.008507 0.026080
0 0.153299 0.189892 0.008507 0.026080
0 0.156727 0.189892 0.008594 0.026080
0 0.159896 0.189506 0.008507 0.025926
0 0.163108 0.189506 0.008507 0.025926
0 0.166233 0.189506 0.008507 0.025926
0 0.169444 0.189506 0.008507 0.025926
0 0.172830 0.189506 0.008507 0.025926
0 0.174783 0.189506 0.008594 0.025926
0 0.176997 0.189892 0.008507 0.026080
0 0.179167 0.189892 0.008507 0.026080
0 0.181380 0.190355 0.008594 0.026080
0 0.183594 0.190818 0.008507 0.026080
0 0.185547 0.190818 0.008594 0.026080
0 0.187717 0.191281 0.008594 0.026080
0 0.189931 0.191281 0.008507 0.026080
0 0.192101 0.191667 0.008507 0.025926
0 0.194314 0.192052 0.008594 0.026080
0 0.195312 0.192052 0.008507 0.026080
0 0.196267 0.192515 0.008507 0.026080
0 0.197483 0.192515 0.008507 0.026080
0 0.198481 0.192978 0.008594 0.026080
0 0.199696 0.193441 0.008594 0.026080
0 0.200651 0.193441 0.008594 0.026080
0 0.201649 0.193827 0.008507 0.025926
0 0.202865 0.193827 0.008507 0.025926
0 0.203819 0.194290 0.008507 0.025926
0 0.205035 0.194676 0.008507 0.026080
0 0.206033 0.195139 0.008594 0.026080
0 0.207031 0.195602 0.008507 0.026080
0 0.207986 0.195988 0.008507 0.025926
0 0.208941 0.196451 0.008507 0.025926
0 0.209939 0.196836 0.008594 0.026080
0 0.210938 0.197299 0.008507 0.026080
0 0.211892 0.197762 0.008507 0.026080
0 0.212847 0.198225 0.008507 0.026080
0 0.213845 0.198611 0.008594 0.025926
0 0.215061 0.198997 0.008594 0.026080
0 0.216276 0.199460 0.008594 0.026080
0 0.217491 0.199923 0.008594 0.026080
0 0.218967 0.200386 0.008594 0.026080
0 0.220182 0.200772 0.008594 0.025926
0 0.221658 0.201235 0.008594 0.025926
0 0.222873 0.201620 0.008594 0.026080
0 0.224089 0.202083 0.008594 0.026080
0 0.225564 0.202546 0.008594 0.026080
0 0.226780 0.202932 0.008594 0.025926
0 0.228255 0.203781 0.008594 0.026080
0 0.229948 0.204707 0.008507 0.026080
0 0.231901 0.205556 0.008594 0.025926
0 0.233594 0.206404 0.008507 0.026080
0 0.235547 0.207716 0.008594 0.025926
0 0.237500 0.208565 0.008507 0.026080
0 0.239236 0.209491 0.008507 0.026080
0 0.241146 0.210725 0.008507 0.026080
0 0.242882 0.211651 0.008507 0.026080
0 0.244835 0.212500 0.008594 0.025926
0 0.246788 0.213812 0.008507 0.026080
0 0.248741 0.214660 0.008594 0.025926
0 0.250825 0.215972 0.008767 0.026080
0 0.252865 0.217284 0.008507 0.025926
0 0.254991 0.218133 0.008767 0.026080
0 0.257031 0.219444 0.008507 0.025926
0 0.259115 0.220756 0.008854 0.026080
0 0.261068 0.221605 0.008767 0.025926
0 0.263238 0.222917 0.008767 0.026080
0 0.265234 0.224228 0.008767 0.025926
0 0.267405 0.225540 0.008767 0.026080
0 0.270095 0.227238 0.008767 0.026080
0 0.273047 0.228935 0.008767 0.026080
0 0.275911 0.230710 0.008767 0.025926
0 0.278863 0.232485 0.008767 0.026080
0 0.281814 0.234182 0.008767 0.026080
0 0.284505 0.235880 0.008767 0.026080
0 0.287413 0.237654 0.008854 0.025926
0 0.290321 0.239429 0.008767 0.026080
0 0.293273 0.241127 0.008767 0.026080
0 0.296224 0.243287 0.008767 0.026080
0 0.296224 0.243287 0.008767 0.026080
0 0.296224 0.243287 0.008767 0.026080
0 0.296224 0.243287 0.008767 0.026080
0 0.296224 0.243287 0.008767 0.026080
0 0.296224 0.243287 0.008767 0.026080
0 0.296224 0.243287 0.008767 0.026080
0 0.296224 0.243287 0.008767 0.026080
0 0.296224 0.243287 0.008767 0.026080
0 0.296224 0.243287 0.008767 0.026080
0 0.296224 0.243287 0.008767 0.026080
0 0.296224 0.243287 0.008767 0.026080
0 0.296224 0.243287 0.008767 0.026080
0 0.296224 0.243287 0.008767 0.026080
0 0.296224 0.243287 0.008767 0.026080
0 0.296224 0.243287 0.008767 0.026080
0 0.296224 0.243287 0.008767 0.026080
0 0.296224 0.243287 0.008767 0.026080
0 0.296224 0.243287 0.008767 0.026080
0 0.296224 0.243287 0.008767 0.026080
0 0.296224 0.243287 0.008767 0.026080
0 0.296224 0.243287 0.008767 0.026080
0 0.296224 0.243287 0.008767 0.026080
0 0.296224 0.243287 0.008767 0.026080
0 0.296224 0.243287 0.008767 0.026080
0 0.296224 0.243287 0.008767 0.026080
0 0.296224 0.243287 0.008767 0.026080
0 0.296224 0.243287 0.008767 0.026080
0 0.296224 0.243287 0.008767 0.026080
0 0.296224 0.243287 0.008767 0.026080
0 0.296224 0.243287 0.008767 0.026080
0 0.296224 0.243287 0.008767 0.026080
0 0.296224 0.243287 0.008767 0.026080
0 0.296224 0.243287 0.008767 0.026080
0 0.296224 0.243287 0.008767 0.026080
0 0.296224 0.243287 0.008767 0.026080
0 0.296224 0.243287 0.008767 0.026080
0 0.296224 0.243287 0.008767 0.026080
0 0.296224 0.243287 0.008767 0.026080
0 0.296224 0.243287 0.008767 0.026080
0 0.296224 0.243287 0.008767 0.026080
0 0.296224 0.243287 0.008767 0.026080
0 0.296224 0.243287 0.008767 0.026080
0 0.296224 0.243287 0.008767 0.026080
0 0.296224 0.243287 0.008767 0.026080
0 0.296224 0.243287 0.008767 0.026080
0 0.296224 0.243287 0.008767 0.026080
0 0.296224 0.243287 0.008767 0.026080
0 0.296224 0.243287 0.008767 0.026080
0 0.296224 0.243287 0.008767 0.026080
0 0.296224 0.243287 0.008767 0.026080
0 0.296224 0.243287 0.008767 0.026080
0 0.296224 0.243287 0.008767 0.026080
0 0.296224 0.243287 0.008767 0.026080
0 0.296224 0.243287 0.008767 0.026080
0 0.296224 0.243287 0.008767 0.026080
0 0.296224 0.243287 0.008767 0.026080
0 0.296224 0.243287 0.008767 0.026080
0 0.296224 0.243287 0.008767 0.026080
0 0.296224 0.243287 0.008767 0.026080
0 0.296224 0.243287 0.008767 0.026080
