0 0.211502 0.111883 0.006337 0.018210
0 0.211502 0.111420 0.006337 0.018210
0 0.211762 0.111420 0.006337 0.018210
0 0.212023 0.110957 0.006337 0.018210
0 0.212283 0.110957 0.006337 0.018210
0 0.212500 0.110957 0.006424 0.018210
0 0.212630 0.110494 0.006163 0.018210
0 0.212847 0.110494 0.006076 0.018210
0 0.213108 0.110108 0.006076 0.018364
0 0.213368 0.110108 0.006076 0.018364
0 0.213628 0.110108 0.006076 0.018364
0 0.213368 0.109259 0.006076 0.018210
0 0.213108 0.108796 0.006076 0.018210
0 0.212847 0.107948 0.006076 0.018364
0 0.212630 0.107562 0.006163 0.018210
0 0.212370 0.106867 0.006163 0.018673
0 0.212153 0.106173 0.006076 0.018210
0 0.211892 0.105556 0.006076 0.018519
0 0.211632 0.104938 0.006076 0.018210
0 0.211372 0.104244 0.006076 0.018673
0 0.211372 0.103781 0.006076 0.018673
0 0.211155 0.103164 0.006163 0.018981
0 0.210938 0.102778 0.006076 0.019136
0 0.210677 0.102315 0.006076 0.019136
0 0.210417 0.101852 0.006076 0.019136
0 0.210417 0.101389 0.006076 0.019136
0 0.210156 0.101003 0.006076 0.018981
0 0.209939 0.100617 0.006163 0.019136
0 0.209722 0.100154 0.006076 0.019136
0 0.209462 0.099691 0.006076 0.019136
0 0.209462 0.099228 0.006076 0.019136
0 0.208941 0.098380 0.006076 0.018981
0 0.208594 0.097994 0.005903 0.019136
0 0.208116 0.097531 0.005816 0.019136
0 0.207856 0.096682 0.005816 0.018981
0 0.207378 0.096219 0.005903 0.018981
0 0.206988 0.095833 0.005642 0.019136
0 0.206641 0.094907 0.005816 0.019136
0 0.206293 0.094444 0.005642 0.019136
0 0.205773 0.094059 0.005642 0.018981
0 0.205556 0.093673 0.005556 0.019136
0 0.205295 0.093210 0.005556 0.019136
0 0.205078 0.092747 0.005642 0.019136
0 0.204818 0.092284 0.005642 0.019136
0 0.204818 0.091898 0.005642 0.018981
0 0.204557 0.091898 0.005642 0.018981
0 0.204297 0.091435 0.005642 0.018981
0 0.204297 0.091049 0.005642 0.019136
0 0.204080 0.090586 0.005556 0.019136
0 0.203863 0.090123 0.005642 0.019136
0 0.203863 0.090123 0.005642 0.019136
0 0.203602 0.089738 0.005642 0.018981
0 0.203342 0.089275 0.005642 0.018981
0 0.203082 0.088889 0.005642 0.019136
0 0.202865 0.088426 0.005556 0.019136
0 0.202604 0.087963 0.005556 0.019136
0 0.202387 0.087577 0.005642 0.018981
0 0.202127 0.087114 0.005642 0.018981
0 0.201866 0.086728 0.005642 0.019136
0 0.201649 0.086265 0.005556 0.019136
0 0.201389 0.085802 0.005556 0.019136
0 0.201172 0.085340 0.005642 0.019136
0 0.200911 0.084954 0.005642 0.018981
0 0.200911 0.084568 0.005642 0.019136
0 0.200651 0.084568 0.005642 0.019136
0 0.200651 0.084105 0.005642 0.019136
0 0.200434 0.083642 0.005556 0.019136
0 0.200174 0.083642 0.005556 0.019136
0 0.200174 0.083179 0.005556 0.019136
0 0.199957 0.082793 0.005642 0.018981
0 0.199957 0.082793 0.005642 0.018981
0 0.199696 0.082330 0.005642 0.018981
0 0.199436 0.081944 0.005642 0.019136
0 0.199175 0.081481 0.005642 0.019136
0 0.198958 0.081019 0.005556 0.019136
0 0.198698 0.081019 0.005556 0.019136
0 0.198481 0.080633 0.005642 0.018981
0 0.198220 0.080170 0.005642 0.018981
0 0.197960 0.079784 0.005642 0.019136
0 0.197743 0.079321 0.005556 0.019136
0 0.197483 0.079321 0.005556 0.019136
0 0.197483 0.078858 0.005556 0.019136
0 0.197483 0.078395 0.005556 0.019136
0 0.197483 0.078395 0.005556 0.019136
0 0.197483 0.078009 0.005556 0.018981
0 0.197743 0.078009 0.005556 0.018981
0 0.197743 0.077623 0.005556 0.019136
0 0.197743 0.077160 0.005556 0.019136
0 0.197743 0.077160 0.005556 0.019136
0 0.197743 0.076698 0.005556 0.019136
0 0.197960 0.076698 0.005642 0.019136
0 0.198220 0.076235 0.005642 0.019136
0 0.198481 0.076235 0.005642 0.019136
0 0.198698 0.076235 0.005556 0.019136
0 0.198958 0.075849 0.005556 0.018981
0 0.199436 0.075849 0.005642 0.018981
0 0.199696 0.075849 0.005642 0.018981
0 0.199957 0.075386 0.005642 0.018981
0 0.200174 0.075386 0.005556 0.018981
0 0.200434 0.075386 0.005556 0.018981
0 0.200911 0.075386 0.005642 0.018981
0 0.201172 0.075000 0.005642 0.019136
0 0.201389 0.075000 0.005556 0.019136
0 0.201866 0.074537 0.005642 0.019136
0 0.202127 0.074537 0.005642 0.019136
0 0.202604 0.074537 0.005556 0.019136
0 0.202865 0.074074 0.005556 0.019136
0 0.203082 0.074074 0.005642 0.019136
0 0.203602 0.073688 0.005642 0.018981
0 0.203863 0.073688 0.005642 0.018981
0 0.204297 0.073688 0.005642 0.018981
0 0.204297 0.073225 0.005642 0.018981
0 0.204557 0.073225 0.005642 0.018981
0 0.204557 0.073225 0.005642 0.018981
0 0.204818 0.073225 0.005642 0.018981
0 0.204818 0.073225 0.005642 0.018981
0 0.205078 0.073225 0.005642 0.018981
0 0.205078 0.073225 0.005642 0.018981
0 0.205295 0.073225 0.005556 0.018981
0 0.205295 0.073225 0.005556 0.018981
0 0.205556 0.073225 0.005556 0.018981
0 0.206293 0.073225 0.005642 0.018981
0 0.206988 0.073457 0.005642 0.018519
0 0.207769 0.073611 0.005642 0.018210
0 0.208594 0.073611 0.005382 0.018210
0 0.209462 0.074074 0.005556 0.018210
0 0.210200 0.074306 0.005642 0.017747
0 0.211024 0.074306 0.005382 0.017747
0 0.211762 0.074537 0.005295 0.017284
0 0.212500 0.074769 0.005382 0.016821
0 0.213455 0.075154 0.005382 0.016975
0 0.213976 0.075154 0.005382 0.016975
0 0.214670 0.075154 0.005382 0.016975
0 0.215451 0.075617 0.005382 0.016975
0 0.216146 0.075617 0.005382 0.016975
0 0.216927 0.076080 0.005382 0.016975
0 0.217622 0.076080 0.005382 0.016975
0 0.218359 0.076080 0.005295 0.016975
0 0.219097 0.076466 0.005382 0.016821
0 0.219792 0.076466 0.005382 0.016821
0 0.220573 0.076929 0.005382 0.016821
0 0.220790 0.076929 0.005295 0.016821
0 0.221007 0.076929 0.005382 0.016821
0 0.221398 0.077315 0.005642 0.016975
0 0.221788 0.077315 0.005382 0.016975
0 0.222135 0.077778 0.005556 0.016975
0 0.222396 0.077778 0.005556 0.016975
0 0.222743 0.077778 0.005382 0.016975
0 0.223134 0.078241 0.005642 0.016975
0 0.223351 0.078241 0.005556 0.016975
0 0.223828 0.078704 0.005642 0.016975
0 0.223741 0.078241 0.005816 0.016975
0 0.223741 0.078241 0.005816 0.016975
0 0.223741 0.078241 0.005816 0.016975
0 0.223741 0.078241 0.005816 0.016975
0 0.223741 0.078241 0.005816 0.016975
0 0.223741 0.078241 0.005816 0.016975
0 0.223741 0.078241 0.005816 0.016975
0 0.223741 0.078241 0.005816 0.016975
0 0.223741 0.078241 0.005816 0.016975
0 0.223741 0.078241 0.005816 0.016975
0 0.223220 0.077778 0.005816 0.016975
0 0.222743 0.077778 0.005903 0.016975
0 0.222266 0.077315 0.005816 0.016975
0 0.221788 0.077315 0.005903 0.016975
0 0.221267 0.077160 0.005903 0.017284
0 0.220790 0.076929 0.005816 0.016821
0 0.220312 0.076698 0.005903 0.017284
0 0.219835 0.076466 0.005816 0.016821
0 0.219314 0.076235 0.005816 0.017284
0 0.219097 0.076235 0.005903 0.017284
0 0.218620 0.075849 0.005816 0.017438
0 0.218359 0.075386 0.005816 0.017438
0 0.218099 0.075386 0.005816 0.017438
0 0.217882 0.075000 0.005903 0.017284
0 0.217622 0.075000 0.005903 0.017284
0 0.217361 0.074537 0.005903 0.017284
0 0.217144 0.074074 0.005816 0.017284
0 0.216884 0.074074 0.005816 0.017284
0 0.216667 0.073688 0.005903 0.017438
0 0.216406 0.073688 0.005903 0.017438
