0 0.087326 0.192515 0.009722 0.016512
0 0.087066 0.194213 0.009722 0.016512
0 0.087066 0.196065 0.009722 0.016512
0 0.087066 0.197994 0.009722 0.016049
0 0.087066 0.199923 0.009722 0.016512
0 0.087066 0.201852 0.009722 0.016049
0 0.086936 0.203549 0.009462 0.016049
0 0.086936 0.205556 0.009462 0.016358
0 0.086936 0.207562 0.009462 0.016049
0 0.086936 0.209259 0.009462 0.016049
0 0.086936 0.211420 0.009462 0.016049
0 0.086719 0.210494 0.009549 0.016049
0 0.086458 0.210031 0.009549 0.016049
0 0.086198 0.209722 0.009549 0.016049
0 0.085981 0.208796 0.009462 0.016049
0 0.085720 0.208333 0.009462 0.016049
0 0.085503 0.207870 0.009549 0.016049
0 0.085243 0.207099 0.009549 0.016049
0 0.084983 0.206636 0.009549 0.016049
0 0.084766 0.206173 0.009462 0.016049
0 0.084766 0.205710 0.009462 0.016049
0 0.084766 0.204938 0.009462 0.016049
0 0.084983 0.204012 0.009549 0.016049
0 0.085243 0.203549 0.009549 0.016049
0 0.085503 0.202778 0.009549 0.016049
0 0.085720 0.202315 0.009462 0.016049
0 0.085981 0.201389 0.009462 0.016049
0 0.086198 0.200617 0.009549 0.016049
0 0.086458 0.200154 0.009549 0.016049
0 0.086719 0.199228 0.009549 0.016049
0 0.086936 0.198765 0.009462 0.016049
0 0.086936 0.197994 0.009462 0.016049
0 0.086936 0.197068 0.009462 0.016049
0 0.086936 0.196451 0.009462 0.016358
0 0.086936 0.195833 0.009462 0.016049
0 0.086936 0.195139 0.009462 0.016512
0 0.086936 0.194213 0.009462 0.016512
0 0.086936 0.193673 0.009462 0.016049
0 0.086936 0.192978 0.009462 0.016512
0 0.086936 0.192052 0.009462 0.016512
0 0.086936 0.191667 0.009462 0.016358
0 0.086849 0.190818 0.009288 0.016512
0 0.086719 0.189892 0.009028 0.016512
0 0.086719 0.189120 0.009028 0.016512
0 0.086589 0.188657 0.008767 0.016512
0 0.086589 0.187731 0.008767 0.016512
0 0.086458 0.186960 0.008507 0.016512
0 0.086328 0.186497 0.008247 0.016512
0 0.086328 0.185571 0.008247 0.016512
0 0.086241 0.184722 0.008073 0.016358
0 0.086241 0.184336 0.008073 0.016512
0 0.086111 0.183873 0.008333 0.016512
0 0.086111 0.183410 0.008333 0.016512
0 0.086198 0.182948 0.008507 0.016512
0 0.086198 0.182948 0.008507 0.016512
0 0.086328 0.182562 0.008767 0.016358
0 0.086198 0.182176 0.009028 0.016512
0 0.086198 0.182176 0.009028 0.016512
0 0.086328 0.181713 0.009288 0.016512
0 0.086328 0.181250 0.009288 0.016512
0 0.086458 0.181250 0.009549 0.016512
0 0.086068 0.180787 0.009288 0.016512
0 0.085764 0.180401 0.009028 0.016358
0 0.085503 0.180015 0.009028 0.016512
0 0.085243 0.179552 0.008507 0.016512
0 0.084983 0.179552 0.008507 0.016512
0 0.084635 0.179090 0.008333 0.016512
0 0.084375 0.178627 0.007812 0.016512
0 0.084115 0.178164 0.007812 0.016512
0 0.083811 0.177778 0.007552 0.016358
0 0.083681 0.177778 0.007292 0.016358
0 0.083160 0.177392 0.007292 0.016512
0 0.082899 0.176929 0.007292 0.016512
0 0.082422 0.176929 0.007378 0.016512
0 0.082205 0.176466 0.007292 0.016512
0 0.081944 0.176466 0.007292 0.016512
0 0.081467 0.176003 0.007378 0.016512
0 0.081207 0.175617 0.007378 0.016358
0 0.080729 0.175617 0.007292 0.016358
0 0.080469 0.175231 0.007292 0.016512
0 0.080252 0.175231 0.007378 0.016512
0 0.079905 0.174769 0.007552 0.016512
0 0.079514 0.174537 0.007812 0.016049
0 0.079253 0.174306 0.007812 0.016512
0 0.078906 0.174074 0.007986 0.016049
0 0.078646 0.174074 0.007986 0.016049
0 0.078299 0.173611 0.008333 0.016049
0 0.077908 0.173457 0.008594 0.015741
0 0.077691 0.173302 0.008507 0.016049
0 0.077300 0.173071 0.008767 0.015586
0 0.077170 0.173071 0.009028 0.015586
0 0.076910 0.172608 0.009028 0.015586
0 0.076736 0.172145 0.009028 0.015586
0 0.076476 0.172145 0.009028 0.015586
0 0.076215 0.171682 0.009028 0.015586
0 0.075955 0.171682 0.009028 0.015586
0 0.075694 0.171219 0.009028 0.015586
0 0.075521 0.170833 0.009028 0.015741
0 0.075260 0.170833 0.009028 0.015741
0 0.075000 0.170448 0.009028 0.015586
0 0.074740 0.170448 0.009028 0.015586
0 0.074219 0.170448 0.009028 0.015586
0 0.074045 0.170448 0.009028 0.015586
0 0.073785 0.170448 0.009028 0.015586
0 0.073264 0.170833 0.009028 0.015741
0 0.073003 0.170833 0.009028 0.015741
0 0.072830 0.170833 0.009028 0.015741
0 0.072309 0.171219 0.009028 0.015586
0 0.072049 0.171219 0.009028 0.015586
0 0.071788 0.171219 0.009028 0.015586
0 0.071615 0.171682 0.009028 0.015586
0 0.071788 0.170833 0.009028 0.015741
0 0.072309 0.169985 0.009028 0.015586
0 0.072830 0.169059 0.009028 0.015586
0 0.073003 0.168673 0.009028 0.015741
0 0.073524 0.167824 0.009028 0.015586
0 0.074045 0.166898 0.009028 0.015586
0 0.074219 0.166512 0.009028 0.015741
0 0.074740 0.165664 0.009028 0.015586
0 0.075260 0.164738 0.009028 0.015586
0 0.075694 0.164352 0.009028 0.015741
0 0.075955 0.163966 0.009028 0.015586
0 0.076476 0.163966 0.009028 0.015586
0 0.076910 0.163503 0.009028 0.015586
0 0.077170 0.163503 0.009028 0.015586
0 0.077691 0.163040 0.009028 0.015586
0 0.078125 0.163040 0.009028 0.015586
0 0.078385 0.162577 0.009028 0.015586
0 0.078906 0.162577 0.009028 0.015586
0 0.079427 0.162114 0.009028 0.015586
0 0.079861 0.162114 0.009028 0.015586
0 0.080122 0.161728 0.009028 0.015741
0 0.080382 0.161728 0.009028 0.015741
0 0.080642 0.161728 0.009028 0.015741
0 0.080816 0.161728 0.009028 0.015741
0 0.081076 0.161728 0.009028 0.015741
0 0.081337 0.161728 0.009028 0.015741
0 0.081597 0.161728 0.009028 0.015741
0 0.081858 0.161728 0.009028 0.015741
0 0.082031 0.161728 0.009028 0.015741
0 0.082292 0.161728 0.009028 0.015741
0 0.082422 0.161497 0.008767 0.015278
0 0.082552 0.161497 0.008507 0.015278
0 0.082682 0.161497 0.008247 0.015278
0 0.082899 0.161497 0.007812 0.015278
0 0.083160 0.161497 0.007812 0.015278
0 0.083290 0.161497 0.007552 0.015278
0 0.083550 0.161497 0.007031 0.015278
0 0.083637 0.161497 0.006858 0.015278
0 0.083767 0.161497 0.006597 0.015278
0 0.084158 0.161497 0.006337 0.015278
0 0.084288 0.161728 0.006597 0.015741
0 0.084635 0.161883 0.006771 0.016049
0 0.084852 0.162114 0.006858 0.016512
0 0.085113 0.162346 0.007378 0.016975
0 0.085373 0.162809 0.007378 0.017901
0 0.085720 0.163040 0.007552 0.018364
0 0.085851 0.163194 0.007812 0.018673
0 0.086241 0.163426 0.008073 0.019136
0 0.086458 0.163657 0.007986 0.019599
0 0.086806 0.164352 0.008333 0.020062
0 0.086806 0.164352 0.008333 0.020062
0 0.087066 0.164352 0.008333 0.020062
0 0.087326 0.164352 0.008333 0.020062
0 0.087543 0.164352 0.008247 0.020062
0 0.087804 0.164352 0.008247 0.020062
0 0.087804 0.164352 0.008247 0.020062
0 0.088064 0.164352 0.008247 0.020062
0 0.088281 0.164352 0.008333 0.020062
0 0.088542 0.164352 0.008333 0.020062
0 0.088802 0.164738 0.008333 0.019907
0 0.088802 0.164583 0.008333 0.019599
0 0.089019 0.164583 0.008247 0.019599
0 0.089280 0.164352 0.008247 0.019136
0 0.089497 0.164352 0.008333 0.019136
0 0.089757 0.164583 0.008333 0.018673
0 0.089757 0.164352 0.008333 0.018210
0 0.090017 0.164352 0.008333 0.018210
0 0.090234 0.164120 0.008247 0.017747
0 0.090495 0.164120 0.008247 0.017747
0 0.090712 0.164352 0.008333 0.017284
