0 0.084158 0.174306 0.009288 0.011265
0 0.083898 0.174769 0.009288 0.011265
0 0.083898 0.175617 0.009288 0.011420
0 0.083767 0.176235 0.009549 0.010802
0 0.083637 0.176929 0.009288 0.011265
0 0.083637 0.177623 0.009288 0.010802
0 0.083507 0.178395 0.009549 0.010802
0 0.083377 0.178858 0.009288 0.010802
0 0.083290 0.179784 0.009462 0.010802
0 0.083290 0.180401 0.009462 0.010494
0 0.083290 0.181250 0.009462 0.010340
0 0.083073 0.181713 0.009549 0.010340
0 0.082812 0.182562 0.009549 0.010494
0 0.082552 0.183410 0.009549 0.010340
0 0.082292 0.184259 0.009549 0.010494
0 0.082292 0.185185 0.009549 0.010494
0 0.082075 0.185571 0.009462 0.010340
0 0.081814 0.186497 0.009462 0.010340
0 0.081597 0.187346 0.009549 0.010494
0 0.081337 0.188194 0.009549 0.010340
0 0.081337 0.189043 0.009549 0.010494
0 0.080859 0.189506 0.009462 0.010494
0 0.080599 0.190355 0.009462 0.010340
0 0.080382 0.191204 0.009549 0.010494
0 0.079861 0.192130 0.009549 0.010494
0 0.079644 0.192978 0.009462 0.010340
0 0.079384 0.193827 0.009462 0.010494
0 0.078906 0.194676 0.009549 0.010340
0 0.078646 0.195602 0.009549 0.010340
0 0.078385 0.196451 0.009549 0.010494
0 0.078168 0.197299 0.009462 0.010340
0 0.078038 0.198148 0.009201 0.010494
0 0.078038 0.199306 0.009201 0.010031
0 0.078038 0.200154 0.009201 0.009877
0 0.078038 0.201466 0.009201 0.010031
0 0.078038 0.202315 0.009201 0.009877
0 0.078038 0.203395 0.009201 0.009568
0 0.078038 0.204475 0.009201 0.009877
0 0.078038 0.205556 0.009201 0.009568
0 0.078038 0.206481 0.009201 0.009568
0 0.078125 0.207716 0.009028 0.009568
0 0.077951 0.208179 0.009028 0.009568
0 0.077691 0.209028 0.009028 0.009414
0 0.077561 0.209877 0.009288 0.009568
0 0.077431 0.210340 0.009028 0.009568
0 0.077300 0.211188 0.009288 0.009414
0 0.077040 0.212037 0.009288 0.009568
0 0.076910 0.212500 0.009028 0.009568
0 0.076823 0.213349 0.009201 0.009414
0 0.076606 0.214198 0.009288 0.009568
0 0.076606 0.215123 0.009288 0.009568
0 0.076345 0.215586 0.009288 0.009568
0 0.076085 0.216358 0.009288 0.009568
0 0.075825 0.217284 0.009288 0.009568
0 0.075608 0.217901 0.009201 0.009877
0 0.075521 0.218750 0.009028 0.010031
0 0.075260 0.219444 0.009028 0.009568
0 0.075000 0.220062 0.009028 0.009877
0 0.074740 0.220910 0.009028 0.010031
0 0.074479 0.221836 0.009028 0.010031
0 0.074479 0.222685 0.009028 0.009877
0 0.074479 0.223071 0.009028 0.010031
0 0.074479 0.223997 0.009028 0.010031
0 0.074479 0.224460 0.009028 0.010031
0 0.074479 0.225309 0.009028 0.009877
0 0.074740 0.226157 0.009028 0.010031
0 0.074740 0.226620 0.009028 0.010031
0 0.074740 0.227469 0.009028 0.009877
0 0.074740 0.227855 0.009028 0.010031
0 0.074740 0.228781 0.009028 0.010031
0 0.075000 0.229630 0.009028 0.009877
0 0.074740 0.230015 0.009028 0.010031
0 0.074740 0.230710 0.009028 0.010494
0 0.074609 0.231404 0.009288 0.010031
0 0.074609 0.232022 0.009288 0.010340
0 0.074479 0.232639 0.009549 0.010031
0 0.074479 0.233333 0.009549 0.010494
0 0.074392 0.233719 0.009722 0.010340
0 0.074392 0.234645 0.009722 0.010340
0 0.074262 0.235031 0.009983 0.010494
0 0.074262 0.235880 0.009983 0.010340
0 0.074002 0.236343 0.009983 0.010340
0 0.073741 0.237191 0.009983 0.010494
0 0.073524 0.238117 0.010069 0.010494
0 0.073307 0.238735 0.009983 0.009877
0 0.073047 0.239583 0.009983 0.010031
0 0.072786 0.240278 0.009983 0.010494
0 0.072526 0.240895 0.009983 0.009877
0 0.072309 0.241744 0.010069 0.010031
0 0.072092 0.242670 0.009983 0.010031
0 0.071832 0.243519 0.009983 0.009877
0 0.071311 0.243904 0.009983 0.010031
0 0.071094 0.244367 0.010069 0.010031
0 0.070616 0.244830 0.009983 0.010031
0 0.070356 0.245293 0.009983 0.010031
0 0.070095 0.245679 0.009983 0.009877
0 0.069618 0.246065 0.010069 0.010031
0 0.069401 0.246528 0.009983 0.010031
0 0.068880 0.246991 0.009983 0.010031
0 0.068620 0.247454 0.009983 0.010031
0 0.068403 0.248071 0.010069 0.010340
0 0.068403 0.247608 0.010069 0.010340
0 0.068620 0.247608 0.009983 0.010340
0 0.068620 0.247608 0.009983 0.010340
0 0.068880 0.247608 0.009983 0.010340
0 0.069141 0.247608 0.009983 0.010340
0 0.069141 0.247608 0.009983 0.010340
0 0.069401 0.247608 0.009983 0.010340
0 0.069401 0.247608 0.009983 0.010340
0 0.069618 0.247608 0.010069 0.010340
0 0.069878 0.247608 0.010069 0.010340
0 0.070095 0.246991 0.009983 0.010031
0 0.070616 0.246528 0.009983 0.010031
0 0.071094 0.246065 0.010069 0.010031
0 0.071571 0.245679 0.009983 0.009877
0 0.072092 0.245293 0.009983 0.010031
0 0.072309 0.244830 0.010069 0.010031
0 0.072786 0.244367 0.009983 0.010031
0 0.073307 0.243904 0.009983 0.010031
0 0.073741 0.243519 0.009983 0.009877
0 0.074262 0.243056 0.009983 0.009877
0 0.074262 0.242670 0.009983 0.010031
0 0.074262 0.242670 0.009983 0.010031
0 0.074262 0.242670 0.009983 0.010031
0 0.074523 0.242438 0.009983 0.010494
0 0.074523 0.242438 0.009983 0.010494
0 0.074523 0.242207 0.009983 0.010031
0 0.074740 0.241975 0.010069 0.010494
0 0.074740 0.241975 0.010069 0.010494
0 0.074740 0.241975 0.010069 0.010494
0 0.075000 0.241975 0.010069 0.010494
0 0.074523 0.241821 0.009983 0.010802
0 0.074262 0.241821 0.009983 0.010802
0 0.074002 0.241821 0.009983 0.010802
0 0.073741 0.241821 0.009983 0.011728
0 0.073524 0.241821 0.010069 0.011728
0 0.073047 0.241821 0.009983 0.011728
0 0.072786 0.241744 0.009983 0.012500
0 0.072526 0.241744 0.009983 0.012500
0 0.072309 0.241744 0.010069 0.012500
0 0.072092 0.241975 0.009983 0.012963
0 0.071571 0.241975 0.009983 0.012963
0 0.071094 0.241975 0.010069 0.012963
0 0.070877 0.241975 0.009983 0.012963
0 0.070356 0.241975 0.009983 0.012963
0 0.070095 0.241975 0.009983 0.012963
0 0.069618 0.241975 0.010069 0.012963
0 0.069141 0.241975 0.009983 0.012963
0 0.068880 0.241975 0.009983 0.012963
0 0.068403 0.241975 0.010069 0.012963
0 0.068186 0.241975 0.009983 0.012963
0 0.067665 0.241975 0.009983 0.012963
0 0.067405 0.241975 0.009983 0.012963
0 0.067187 0.241975 0.010069 0.012963
0 0.066970 0.241975 0.009983 0.012963
0 0.066710 0.241975 0.009983 0.012963
0 0.066450 0.241975 0.009983 0.012963
0 0.066189 0.241975 0.009983 0.012963
0 0.065972 0.241975 0.010069 0.012963
0 0.065712 0.241975 0.010069 0.012963
0 0.065495 0.242438 0.009983 0.012963
0 0.065234 0.242438 0.009983 0.012963
0 0.064974 0.242901 0.009983 0.012963
0 0.064714 0.243287 0.009983 0.013117
0 0.064497 0.243750 0.010069 0.013117
0 0.064280 0.244136 0.009983 0.012963
0 0.064019 0.244599 0.009983 0.012963
0 0.063759 0.245062 0.009983 0.012963
0 0.063498 0.245448 0.009983 0.013117
0 0.063281 0.245910 0.010069 0.013117
0 0.063281 0.246296 0.010069 0.012963
0 0.063064 0.246759 0.009983 0.012963
0 0.062804 0.247608 0.009983 0.013117
0 0.062543 0.248071 0.009983 0.013117
0 0.062283 0.248920 0.009983 0.012963
0 0.062066 0.249846 0.010069 0.012963
0 0.061806 0.250231 0.010069 0.013117
0 0.061589 0.251080 0.009983 0.012963
0 0.061328 0.252006 0.009983 0.012963
0 0.061068 0.252392 0.009983 0.013117
0 0.060851 0.253241 0.010069 0.012963
