0 0.170747 0.109259 0.005382 0.021605
0 0.171745 0.109259 0.005295 0.021605
0 0.173003 0.109259 0.005382 0.021605
0 0.174219 0.109259 0.005382 0.021605
0 0.175434 0.109259 0.005382 0.021605
0 0.176649 0.109645 0.005382 0.021759
0 0.177604 0.109645 0.005382 0.021759
0 0.178819 0.109645 0.005382 0.021759
0 0.180035 0.109645 0.005382 0.021759
0 0.181250 0.109645 0.005382 0.021759
0 0.182465 0.110108 0.005382 0.021759
0 0.183464 0.110108 0.005295 0.021759
0 0.184549 0.110108 0.005556 0.021759
0 0.185677 0.110340 0.005903 0.022222
0 0.186762 0.110340 0.005642 0.022222
0 0.187847 0.110725 0.005903 0.022068
0 0.188976 0.110725 0.006076 0.022068
0 0.190061 0.110725 0.005816 0.022068
0 0.191146 0.110957 0.006076 0.022531
0 0.192231 0.110957 0.006337 0.022531
0 0.193446 0.111420 0.006337 0.022531
0 0.194444 0.111420 0.006424 0.022531
0 0.195443 0.111420 0.006337 0.022531
0 0.196398 0.111420 0.006337 0.022531
0 0.197352 0.111883 0.006337 0.022531
0 0.198568 0.111883 0.006337 0.022531
0 0.199566 0.111883 0.006424 0.022531
0 0.200564 0.112269 0.006337 0.022685
0 0.201519 0.112269 0.006337 0.022685
0 0.202474 0.112269 0.006337 0.022685
0 0.203689 0.112654 0.006337 0.022531
0 0.204601 0.112654 0.006597 0.022531
0 0.205556 0.112654 0.006597 0.022531
0 0.206510 0.112654 0.006597 0.022531
0 0.207465 0.112654 0.006597 0.022531
0 0.208594 0.112886 0.006771 0.022068
0 0.209592 0.112886 0.006858 0.022068
0 0.210547 0.112886 0.006858 0.022068
0 0.211502 0.112886 0.006858 0.022068
0 0.212500 0.112886 0.006771 0.022068
0 0.213585 0.113349 0.007031 0.022068
0 0.213585 0.113349 0.007031 0.022068
0 0.213585 0.113349 0.007031 0.022068
0 0.213845 0.113349 0.007031 0.022068
0 0.213845 0.113812 0.007031 0.022068
0 0.214106 0.113812 0.007031 0.022068
0 0.214106 0.113812 0.007031 0.022068
0 0.214106 0.114275 0.007031 0.022068
0 0.214323 0.114275 0.007118 0.022068
0 0.214323 0.114275 0.007118 0.022068
0 0.214583 0.114660 0.007118 0.022222
0 0.214323 0.114275 0.007118 0.022068
0 0.214106 0.114275 0.007031 0.022068
0 0.213845 0.114275 0.007031 0.022068
0 0.213585 0.114275 0.007031 0.022068
0 0.213585 0.114275 0.007031 0.022068
0 0.213368 0.114275 0.007118 0.022068
0 0.213108 0.114275 0.007118 0.022068
0 0.212847 0.114275 0.007118 0.022068
0 0.212630 0.114275 0.007031 0.022068
0 0.212630 0.114275 0.007031 0.022068
0 0.212153 0.113812 0.007118 0.022068
0 0.211892 0.113812 0.007118 0.022068
0 0.211632 0.113349 0.007118 0.022068
0 0.211155 0.113349 0.007031 0.022068
0 0.210894 0.113349 0.007031 0.022068
0 0.210677 0.112886 0.007118 0.022068
0 0.210200 0.112886 0.007031 0.022068
0 0.209939 0.112500 0.007031 0.022222
0 0.209679 0.112500 0.007031 0.022222
0 0.209462 0.112500 0.007118 0.022222
0 0.208724 0.112037 0.007031 0.022222
0 0.208247 0.112037 0.007118 0.022222
0 0.207726 0.112037 0.007118 0.022222
0 0.207031 0.112037 0.007118 0.022222
0 0.206510 0.112037 0.007118 0.022222
0 0.206033 0.111651 0.007031 0.022068
0 0.205295 0.111651 0.007118 0.022068
0 0.204818 0.111651 0.007031 0.022068
0 0.204340 0.111651 0.007118 0.022068
0 0.203819 0.111651 0.007118 0.022068
0 0.203819 0.111651 0.007118 0.022068
0 0.203819 0.111651 0.007118 0.022068
0 0.203819 0.111651 0.007118 0.022068
0 0.203819 0.111651 0.007118 0.022068
0 0.203819 0.111651 0.007118 0.022068
0 0.203819 0.111651 0.007118 0.022068
0 0.203819 0.111651 0.007118 0.022068
0 0.203819 0.111651 0.007118 0.022068
0 0.203819 0.111651 0.007118 0.022068
0 0.203819 0.111651 0.007118 0.022068
0 0.203342 0.111651 0.007031 0.022068
0 0.203125 0.111651 0.007118 0.022068
0 0.202865 0.111651 0.007118 0.022068
0 0.202604 0.111651 0.007118 0.022068
0 0.202387 0.111651 0.007031 0.022068
0 0.202127 0.111651 0.007031 0.022068
0 0.201866 0.111651 0.007031 0.022068
0 0.201649 0.111651 0.007118 0.022068
0 0.201389 0.111651 0.007118 0.022068
0 0.201172 0.111651 0.007031 0.022068
0 0.200651 0.111651 0.007031 0.022068
0 0.200434 0.111651 0.007118 0.022068
0 0.200174 0.111651 0.007118 0.022068
0 0.199913 0.111651 0.007118 0.022068
0 0.199696 0.111651 0.007031 0.022068
0 0.199436 0.111651 0.007031 0.022068
0 0.199219 0.111651 0.007118 0.022068
0 0.198958 0.111651 0.007118 0.022068
0 0.198698 0.111651 0.007118 0.022068
0 0.198481 0.112037 0.007031 0.022222
0 0.197960 0.112037 0.007031 0.022222
0 0.197743 0.112037 0.007118 0.022222
0 0.197483 0.112037 0.007118 0.022222
0 0.197005 0.112037 0.007031 0.022222
0 0.196745 0.112037 0.007031 0.022222
0 0.196528 0.112037 0.007118 0.022222
0 0.196007 0.112037 0.007118 0.022222
0 0.195790 0.112037 0.007031 0.022222
0 0.195530 0.112037 0.007031 0.022222
0 0.195312 0.112037 0.007118 0.022222
0 0.195052 0.112037 0.007118 0.022222
0 0.194792 0.112037 0.007118 0.022222
0 0.194575 0.112037 0.007031 0.022222
0 0.194314 0.112037 0.007031 0.022222
0 0.194097 0.112037 0.007118 0.022222
0 0.193837 0.112037 0.007118 0.022222
0 0.193576 0.112037 0.007118 0.022222
0 0.193359 0.112037 0.007031 0.022222
0 0.193099 0.112037 0.007031 0.022222
0 0.192839 0.112037 0.007031 0.022222
0 0.192361 0.111651 0.007118 0.022068
0 0.191884 0.111651 0.007031 0.022068
0 0.191406 0.111651 0.007118 0.022068
0 0.190885 0.111651 0.007118 0.022068
0 0.190408 0.111651 0.007031 0.022068
0 0.189931 0.111188 0.007118 0.022068
0 0.189453 0.111188 0.007031 0.022068
0 0.188932 0.111188 0.007031 0.022068
0 0.188455 0.111188 0.007118 0.022068
0 0.188238 0.111188 0.007031 0.022068
0 0.187717 0.111188 0.007031 0.022068
0 0.187370 0.111188 0.006858 0.022068
0 0.186979 0.111188 0.006597 0.022068
0 0.186632 0.111188 0.006424 0.022068
0 0.186285 0.111420 0.006076 0.021605
0 0.185764 0.111420 0.006076 0.021605
0 0.185417 0.111420 0.005903 0.021605
0 0.185026 0.111420 0.005642 0.021605
0 0.184679 0.111420 0.005295 0.021605
0 0.184462 0.111806 0.005382 0.021759
0 0.183941 0.111420 0.005382 0.021605
0 0.183464 0.111420 0.005295 0.021605
0 0.183247 0.111420 0.005382 0.021605
0 0.182726 0.111420 0.005382 0.021605
0 0.182465 0.111420 0.005382 0.021605
0 0.182031 0.111420 0.005382 0.021605
0 0.181510 0.111420 0.005382 0.021605
0 0.181250 0.111420 0.005382 0.021605
0 0.180773 0.111420 0.005295 0.021605
0 0.180556 0.111420 0.005382 0.021605
0 0.180035 0.111188 0.005382 0.022068
0 0.179774 0.111420 0.005382 0.022531
0 0.179427 0.111420 0.005556 0.022531
0 0.179210 0.111651 0.005642 0.022994
0 0.178819 0.111651 0.005903 0.022994
0 0.178472 0.111883 0.005556 0.023457
0 0.178082 0.111883 0.005816 0.023457
0 0.177865 0.112037 0.005903 0.023765
0 0.177474 0.112037 0.006163 0.023765
0 0.177257 0.112269 0.006076 0.024228
0 0.176866 0.112269 0.006337 0.024228
0 0.176606 0.112269 0.006337 0.024228
0 0.176345 0.112269 0.006337 0.024228
0 0.176172 0.112269 0.006337 0.024228
0 0.175911 0.112269 0.006337 0.024228
0 0.175651 0.112269 0.006337 0.024228
0 0.175391 0.112269 0.006337 0.024228
0 0.175130 0.112269 0.006337 0.024228
0 0.174957 0.112269 0.006337 0.024228
0 0.174696 0.112269 0.006337 0.024228
