0 0.206033 0.087731 0.004601 0.013426
0 0.185417 0.078858 0.004340 0.012037
0 0.164887 0.070139 0.003906 0.011265
0 0.144271 0.061343 0.003646 0.010031
0 0.123785 0.052855 0.003125 0.008796
0 0.103168 0.044213 0.002865 0.007870
0 0.082682 0.035340 0.002517 0.006481
0 0.062066 0.026852 0.002257 0.005247
0 0.041580 0.017978 0.001736 0.003858
0 0.020964 0.009259 0.001476 0.003086
0 0.000477 0.000849 0.000955 0.001698
0 0.000477 0.000849 0.000955 0.001698
0 0.000477 0.000849 0.000955 0.001698
0 0.000477 0.000849 0.000955 0.001698
0 0.000477 0.000849 0.000955 0.001698
0 0.000477 0.000849 0.000955 0.001698
0 0.000477 0.000849 0.000955 0.001698
0 0.000477 0.000849 0.000955 0.001698
0 0.000477 0.000849 0.000955 0.001698
0 0.000477 0.000849 0.000955 0.001698
0 0.000477 0.000849 0.000955 0.001698
0 0.000477 0.000849 0.000955 0.001698
0 0.000477 0.000849 0.000955 0.001698
0 0.000477 0.000849 0.000955 0.001698
0 0.000477 0.000849 0.000955 0.001698
0 0.000477 0.000849 0.000955 0.001698
0 0.000477 0.000849 0.000955 0.001698
0 0.000477 0.000849 0.000955 0.001698
0 0.000477 0.000849 0.000955 0.001698
0 0.000477 0.000849 0.000955 0.001698
0 0.000477 0.000849 0.000955 0.001698
0 0.000477 0.000849 0.000955 0.001698
0 0.000477 0.000849 0.000955 0.001698
0 0.000477 0.000849 0.000955 0.001698
0 0.000477 0.000849 0.000955 0.001698
0 0.000477 0.000849 0.000955 0.001698
0 0.000477 0.000849 0.000955 0.001698
0 0.000477 0.000849 0.000955 0.001698
0 0.000477 0.000849 0.000955 0.001698
0 0.000477 0.000849 0.000955 0.001698
0 0.000477 0.000849 0.000955 0.001698
0 0.000477 0.000849 0.000955 0.001698
0 0.000477 0.000849 0.000955 0.001698
0 0.000477 0.000849 0.000955 0.001698
0 0.000477 0.000849 0.000955 0.001698
0 0.000477 0.000849 0.000955 0.001698
0 0.000477 0.000849 0.000955 0.001698
0 0.000477 0.000849 0.000955 0.001698
0 0.000477 0.000849 0.000955 0.001698
0 0.000477 0.000849 0.000955 0.001698
0 0.000477 0.000849 0.000955 0.001698
0 0.000477 0.000849 0.000955 0.001698
0 0.000477 0.000849 0.000955 0.001698
0 0.000477 0.000849 0.000955 0.001698
0 0.000477 0.000849 0.000955 0.001698
0 0.000477 0.000849 0.000955 0.001698
0 0.000477 0.000849 0.000955 0.001698
0 0.000477 0.000849 0.000955 0.001698
0 0.000477 0.000849 0.000955 0.001698
0 0.000477 0.000849 0.000955 0.001698
0 0.000477 0.000849 0.000955 0.001698
0 0.000477 0.000849 0.000955 0.001698
0 0.000477 0.000849 0.000955 0.001698
0 0.000477 0.000849 0.000955 0.001698
0 0.000477 0.000849 0.000955 0.001698
0 0.000477 0.000849 0.000955 0.001698
0 0.000477 0.000849 0.000955 0.001698
0 0.000477 0.000849 0.000955 0.001698
0 0.000477 0.000849 0.000955 0.001698
0 0.000477 0.000849 0.000955 0.001698
0 0.000477 0.000849 0.000955 0.001698
0 0.000477 0.000849 0.000955 0.001698
0 0.000477 0.000849 0.000955 0.001698
0 0.000477 0.000849 0.000955 0.001698
0 0.000477 0.000849 0.000955 0.001698
0 0.000477 0.000849 0.000955 0.001698
0 0.000477 0.000849 0.000955 0.001698
0 0.000477 0.000849 0.000955 0.001698
0 0.000477 0.000849 0.000955 0.001698
0 0.000477 0.000849 0.000955 0.001698
0 0.000477 0.000849 0.000955 0.001698
0 0.000477 0.000849 0.000955 0.001698
0 0.000477 0.000849 0.000955 0.001698
0 0.000477 0.000849 0.000955 0.001698
0 0.000477 0.000849 0.000955 0.001698
0 0.000477 0.000849 0.000955 0.001698
0 0.000477 0.000849 0.000955 0.001698
0 0.000477 0.000849 0.000955 0.001698
0 0.000477 0.000849 0.000955 0.001698
0 0.000477 0.000849 0.000955 0.001698
0 0.000477 0.000849 0.000955 0.001698
0 0.000477 0.000849 0.000955 0.001698
0 0.000477 0.000849 0.000955 0.001698
0 0.000477 0.000849 0.000955 0.001698
0 0.000477 0.000849 0.000955 0.001698
0 0.000477 0.000849 0.000955 0.001698
0 0.000477 0.000849 0.000955 0.001698
0 0.000477 0.000849 0.000955 0.001698
0 0.000477 0.000849 0.000955 0.001698
0 0.000477 0.000849 0.000955 0.001698
0 0.000477 0.000849 0.000955 0.001698
0 0.032682 0.014660 0.001476 0.003395
0 0.064974 0.028549 0.002170 0.005247
0 0.097179 0.042593 0.002691 0.006481
0 0.129557 0.056559 0.003385 0.008179
0 0.161762 0.070679 0.003906 0.009568
0 0.194054 0.084491 0.004601 0.011265
0 0.226259 0.098380 0.005122 0.013117
0 0.258637 0.112500 0.005816 0.014198
0 0.290842 0.126389 0.006337 0.016049
0 0.323177 0.140509 0.007118 0.017438
0 0.320095 0.138503 0.006858 0.016821
0 0.317187 0.136574 0.006771 0.016358
0 0.314280 0.134799 0.006858 0.016512
0 0.311328 0.132870 0.006858 0.016049
0 0.308377 0.131173 0.006858 0.016049
0 0.305469 0.129244 0.006771 0.015586
0 0.302561 0.127238 0.006858 0.015278
0 0.299609 0.125540 0.006858 0.015278
0 0.296658 0.123534 0.006858 0.014660
0 0.293880 0.121836 0.006510 0.014660
0 0.291797 0.120525 0.006337 0.014815
0 0.289757 0.119676 0.006076 0.014660
0 0.287674 0.118827 0.005903 0.014815
0 0.285590 0.117670 0.005556 0.014352
0 0.283507 0.116821 0.005382 0.014198
0 0.281467 0.115741 0.005122 0.014815
0 0.279340 0.114660 0.004861 0.014198
0 0.277300 0.113812 0.004601 0.014352
0 0.275217 0.112886 0.004427 0.014352
0 0.273134 0.112114 0.004080 0.014352
0 0.271181 0.111188 0.004167 0.014352
0 0.269444 0.110340 0.004167 0.014198
0 0.267795 0.109491 0.004167 0.014352
0 0.266059 0.108565 0.004167 0.014352
0 0.264323 0.108102 0.004167 0.014352
0 0.262674 0.107330 0.004167 0.014352
0 0.260937 0.106404 0.004167 0.014352
0 0.259201 0.105556 0.004167 0.014198
0 0.257552 0.104707 0.004167 0.014352
0 0.255816 0.104244 0.004167 0.014352
0 0.254080 0.103395 0.004167 0.014198
0 0.252431 0.103009 0.004167 0.014352
0 0.250694 0.102083 0.004167 0.014352
0 0.248958 0.101620 0.004167 0.014352
0 0.247483 0.100772 0.004167 0.014198
0 0.245833 0.100386 0.004167 0.014352
0 0.244097 0.099460 0.004167 0.014352
0 0.242361 0.098997 0.004167 0.014352
0 0.240712 0.098225 0.004167 0.014352
0 0.239236 0.097762 0.004167 0.014352
0 0.238021 0.097299 0.004167 0.014352
0 0.236806 0.096836 0.004167 0.014352
0 0.235590 0.096451 0.004167 0.014198
0 0.234462 0.096296 0.004340 0.013889
0 0.233247 0.095833 0.004340 0.013889
0 0.232031 0.095370 0.004340 0.013889
0 0.230946 0.095139 0.004601 0.013426
0 0.229687 0.094676 0.004687 0.013426
0 0.228472 0.094213 0.004687 0.013426
0 0.227517 0.094213 0.004687 0.013426
0 0.226302 0.093904 0.004687 0.013426
0 0.225304 0.093441 0.004601 0.013426
0 0.224089 0.092978 0.004601 0.013426
0 0.223134 0.092515 0.004601 0.013426
0 0.222135 0.092515 0.004687 0.013426
0 0.220920 0.092052 0.004687 0.013426
0 0.219922 0.091667 0.004601 0.013580
0 0.218707 0.091281 0.004601 0.013426
0 0.217752 0.090818 0.004601 0.013426
0 0.216753 0.090818 0.004687 0.013426
0 0.215799 0.090355 0.004687 0.013426
0 0.215061 0.089892 0.004601 0.013426
0 0.214323 0.089892 0.004687 0.013426
0 0.213585 0.089506 0.004601 0.013580
0 0.212891 0.089120 0.004601 0.013426
0 0.212109 0.089120 0.004601 0.013426
0 0.211415 0.088657 0.004601 0.013426
0 0.210677 0.088194 0.004687 0.013426
0 0.209939 0.088194 0.004601 0.013426
0 0.209201 0.087731 0.004687 0.013426
