0 0.172222 0.152623 0.004340 0.019136
0 0.171484 0.152160 0.004427 0.019136
0 0.171007 0.152160 0.004340 0.019136
0 0.170399 0.152160 0.004687 0.019136
0 0.169922 0.152160 0.004601 0.019136
0 0.169444 0.152160 0.004687 0.019136
0 0.168707 0.152160 0.004601 0.019136
0 0.168186 0.152160 0.004601 0.019136
0 0.167622 0.152160 0.004861 0.019136
0 0.167101 0.152160 0.004861 0.019136
0 0.166623 0.152160 0.004948 0.019136
0 0.166406 0.152160 0.004861 0.019136
0 0.166406 0.152160 0.004861 0.019136
0 0.166276 0.152392 0.004601 0.019599
0 0.166146 0.152392 0.004861 0.019599
0 0.166146 0.152855 0.004861 0.019599
0 0.166016 0.152855 0.004601 0.019599
0 0.165885 0.152855 0.004861 0.019599
0 0.165755 0.153009 0.004601 0.019907
0 0.165755 0.153009 0.004601 0.019907
0 0.165755 0.153472 0.004601 0.019907
0 0.165755 0.153009 0.004601 0.019907
0 0.165755 0.153009 0.004601 0.019907
0 0.165755 0.152623 0.004601 0.020062
0 0.166016 0.152623 0.004601 0.020062
0 0.166016 0.152392 0.004601 0.019599
0 0.166016 0.152238 0.004601 0.019907
0 0.166276 0.152006 0.004601 0.019444
0 0.166276 0.151775 0.004601 0.019907
0 0.166276 0.151543 0.004601 0.019444
0 0.166493 0.151543 0.004687 0.019444
0 0.166276 0.151543 0.004601 0.019444
0 0.166276 0.152006 0.004601 0.019444
0 0.166016 0.152006 0.004601 0.019444
0 0.166016 0.152392 0.004601 0.019599
0 0.165755 0.152392 0.004601 0.019599
0 0.165755 0.152855 0.004601 0.019599
0 0.165538 0.152855 0.004687 0.019599
0 0.165538 0.153241 0.004687 0.019444
0 0.165278 0.153241 0.004687 0.019444
0 0.165278 0.153704 0.004687 0.019444
0 0.165061 0.153704 0.004601 0.019444
0 0.165061 0.154167 0.004601 0.019444
0 0.164931 0.154167 0.004861 0.019444
0 0.164800 0.154552 0.004601 0.019599
0 0.164800 0.154784 0.004601 0.019136
0 0.164670 0.155015 0.004861 0.019599
0 0.164540 0.155247 0.004601 0.019136
0 0.164410 0.155478 0.004861 0.019599
0 0.164410 0.155710 0.004861 0.019136
0 0.164410 0.156096 0.004861 0.018981
0 0.164410 0.156096 0.004861 0.018981
0 0.164540 0.156096 0.004601 0.018981
0 0.164670 0.156096 0.004861 0.018981
0 0.164800 0.156096 0.004601 0.018981
0 0.164931 0.156481 0.004861 0.019136
0 0.165061 0.156481 0.004601 0.019136
0 0.165061 0.156481 0.004601 0.019136
0 0.165278 0.156481 0.004687 0.019136
0 0.165278 0.156481 0.004687 0.019136
0 0.165538 0.156944 0.004687 0.019136
0 0.165538 0.156944 0.004687 0.019136
0 0.165538 0.156944 0.004687 0.019136
0 0.165538 0.156944 0.004687 0.019136
0 0.165668 0.156944 0.004427 0.019136
0 0.165755 0.156944 0.004601 0.019136
0 0.165755 0.156944 0.004601 0.019136
0 0.165885 0.156944 0.004340 0.019136
0 0.165885 0.156944 0.004340 0.019136
0 0.165885 0.156944 0.004340 0.019136
0 0.166146 0.156944 0.004340 0.019136
0 0.166146 0.156944 0.004340 0.019136
0 0.166146 0.156944 0.004340 0.019136
0 0.166276 0.156944 0.004601 0.019136
0 0.166363 0.157407 0.004427 0.019136
0 0.166493 0.157407 0.004687 0.019136
0 0.166493 0.157407 0.004687 0.019136
0 0.166623 0.157870 0.004427 0.019136
0 0.166753 0.157870 0.004687 0.019136
0 0.166753 0.157870 0.004687 0.019136
0 0.166970 0.158256 0.004601 0.018981
0 0.166970 0.158256 0.004601 0.018981
0 0.167231 0.158256 0.004601 0.018981
0 0.167231 0.158256 0.004601 0.018981
0 0.167491 0.158256 0.004601 0.018981
0 0.167491 0.158256 0.004601 0.018981
0 0.167708 0.158256 0.004687 0.018981
0 0.167708 0.158256 0.004687 0.018981
0 0.167969 0.158256 0.004687 0.018981
0 0.167969 0.158256 0.004687 0.018981
0 0.168186 0.158719 0.004601 0.018981
0 0.168186 0.158256 0.004601 0.018981
0 0.168446 0.158256 0.004601 0.018981
0 0.168446 0.157870 0.004601 0.019136
0 0.168707 0.157870 0.004601 0.019136
0 0.168707 0.157870 0.004601 0.019136
0 0.168967 0.157407 0.004601 0.019136
0 0.168967 0.157407 0.004601 0.019136
0 0.169184 0.156944 0.004687 0.019136
0 0.169184 0.156944 0.004687 0.019136
0 0.169444 0.156944 0.004687 0.019136
0 0.169661 0.156944 0.004601 0.019136
0 0.169922 0.156944 0.004601 0.019136
0 0.170182 0.156944 0.004601 0.019136
0 0.170399 0.156944 0.004687 0.019136
0 0.170660 0.156944 0.004687 0.019136
0 0.170877 0.156944 0.004601 0.019136
0 0.171137 0.156944 0.004601 0.019136
0 0.171398 0.156944 0.004601 0.019136
0 0.171615 0.156944 0.004687 0.019136
0 0.171875 0.156944 0.004687 0.019136
0 0.171875 0.156944 0.004687 0.019136
0 0.171875 0.156944 0.004687 0.019136
0 0.172005 0.156944 0.004427 0.019136
0 0.172005 0.157407 0.004427 0.019136
0 0.172135 0.157407 0.004167 0.019136
0 0.172135 0.157407 0.004167 0.019136
0 0.172135 0.157870 0.004167 0.019136
0 0.172266 0.157870 0.003906 0.019136
0 0.172266 0.157870 0.003906 0.019136
0 0.172439 0.158256 0.003906 0.018981
0 0.172439 0.158102 0.003906 0.018673
0 0.172439 0.158102 0.003906 0.018673
0 0.172569 0.158102 0.004167 0.018673
0 0.172569 0.158102 0.004167 0.018673
0 0.172700 0.158333 0.004427 0.018210
0 0.172700 0.158333 0.004427 0.018210
0 0.172700 0.158333 0.004427 0.018210
0 0.172830 0.158333 0.004687 0.018210
0 0.172830 0.158333 0.004687 0.018210
0 0.173090 0.158488 0.004687 0.017901
0 0.173090 0.158102 0.004687 0.017747
0 0.173090 0.158102 0.004687 0.017747
0 0.173090 0.157870 0.004687 0.018210
0 0.173090 0.157870 0.004687 0.018210
0 0.173090 0.157639 0.004687 0.018673
0 0.173090 0.157407 0.004687 0.018210
0 0.173090 0.157176 0.004687 0.018673
0 0.173090 0.157176 0.004687 0.018673
0 0.173090 0.156944 0.004687 0.019136
0 0.173220 0.156944 0.004948 0.019136
0 0.172960 0.155247 0.004948 0.019136
0 0.172960 0.153935 0.004948 0.018981
0 0.172960 0.152623 0.004948 0.019136
0 0.172960 0.151080 0.004948 0.019444
0 0.172960 0.149769 0.004948 0.019599
0 0.172743 0.148302 0.004861 0.019136
0 0.172743 0.146759 0.004861 0.019444
0 0.172743 0.145448 0.004861 0.019599
0 0.172743 0.144136 0.004861 0.019444
0 0.172743 0.142901 0.004861 0.019444
0 0.172613 0.141127 0.004601 0.019599
0 0.172613 0.139583 0.004601 0.019907
0 0.172613 0.138117 0.004601 0.019444
0 0.172613 0.136574 0.004601 0.020062
0 0.172613 0.135031 0.004601 0.019444
0 0.172613 0.133565 0.004601 0.019907
0 0.172613 0.131790 0.004601 0.020062
0 0.172613 0.130478 0.004601 0.019907
0 0.172613 0.128781 0.004601 0.019907
0 0.172613 0.127469 0.004601 0.020062
0 0.172613 0.127469 0.004601 0.020062
0 0.172613 0.127469 0.004601 0.020062
0 0.172613 0.127469 0.004601 0.020062
0 0.172613 0.127469 0.004601 0.020062
0 0.172613 0.127469 0.004601 0.020062
0 0.172613 0.127469 0.004601 0.020062
0 0.172613 0.127469 0.004601 0.020062
0 0.172613 0.127469 0.004601 0.020062
0 0.172613 0.127469 0.004601 0.020062
0 0.172743 0.127701 0.004861 0.019599
0 0.172483 0.127469 0.004861 0.019136
0 0.172222 0.127469 0.004861 0.019136
0 0.172092 0.127469 0.004601 0.019136
0 0.171962 0.127469 0.004861 0.019136
0 0.171875 0.127469 0.004687 0.019136
0 0.171615 0.127238 0.004687 0.018673
0 0.171484 0.127238 0.004427 0.018673
0 0.171398 0.127238 0.004601 0.018673
0 0.171267 0.127238 0.004340 0.018673
0 0.171007 0.127238 0.004340 0.018673
