0 0.038498 0.172994 0.006337 0.020062
0 0.038238 0.172145 0.006337 0.019907
0 0.038021 0.171296 0.006424 0.020062
0 0.038021 0.170833 0.006424 0.020062
0 0.037804 0.169985 0.006337 0.019907
0 0.037804 0.169522 0.006337 0.019907
0 0.037543 0.168673 0.006337 0.020062
0 0.037283 0.167824 0.006337 0.019907
0 0.037283 0.167361 0.006337 0.019907
0 0.037023 0.166512 0.006337 0.020062
0 0.037023 0.166127 0.006337 0.019907
0 0.036806 0.165201 0.006424 0.019907
0 0.036806 0.164352 0.006424 0.020062
0 0.036589 0.163503 0.006337 0.019907
0 0.036589 0.163040 0.006337 0.019907
0 0.036589 0.162191 0.006337 0.020062
0 0.036328 0.161343 0.006337 0.019907
0 0.036328 0.160880 0.006337 0.019907
0 0.036068 0.159954 0.006337 0.019907
0 0.036068 0.159182 0.006337 0.019907
0 0.036068 0.158719 0.006337 0.019907
0 0.036068 0.158256 0.006337 0.019907
0 0.036068 0.157793 0.006337 0.019907
0 0.036068 0.157407 0.006337 0.020062
0 0.036068 0.156944 0.006337 0.020062
0 0.036068 0.156559 0.006337 0.019907
0 0.036068 0.156096 0.006337 0.019907
0 0.036068 0.155633 0.006337 0.019907
0 0.036068 0.155247 0.006337 0.020062
0 0.036068 0.154784 0.006337 0.020062
0 0.036328 0.154398 0.006337 0.019907
0 0.036328 0.153935 0.006337 0.019907
0 0.036589 0.153935 0.006337 0.019907
0 0.036806 0.153935 0.006424 0.019907
0 0.037023 0.153472 0.006337 0.019907
0 0.037283 0.153472 0.006337 0.019907
0 0.037543 0.153472 0.006337 0.019907
0 0.037804 0.153009 0.006337 0.019907
0 0.038021 0.153009 0.006424 0.019907
0 0.038238 0.153009 0.006337 0.019907
0 0.038498 0.153009 0.006337 0.019907
0 0.038498 0.152623 0.006337 0.020062
0 0.038759 0.152623 0.006337 0.020062
0 0.039019 0.152469 0.006337 0.020370
0 0.039149 0.152469 0.006076 0.020370
0 0.039366 0.152469 0.006163 0.020370
0 0.039453 0.152006 0.006337 0.020370
0 0.039583 0.152006 0.006076 0.020370
0 0.039844 0.151775 0.006076 0.020833
0 0.040104 0.151775 0.006076 0.020833
0 0.040365 0.151775 0.006076 0.020833
0 0.040365 0.151312 0.006076 0.020833
0 0.040582 0.151312 0.006163 0.020833
0 0.040842 0.151312 0.006163 0.020833
0 0.040842 0.151080 0.006163 0.020370
0 0.041059 0.151080 0.006076 0.020370
0 0.041319 0.151080 0.006076 0.020370
0 0.041319 0.150849 0.006076 0.019907
0 0.041580 0.150849 0.006076 0.019907
0 0.041797 0.150849 0.006163 0.019907
0 0.042057 0.150849 0.006163 0.019907
0 0.042057 0.150849 0.006163 0.019907
0 0.042057 0.150849 0.006163 0.019907
0 0.042057 0.150849 0.006163 0.019907
0 0.042144 0.150849 0.006337 0.019907
0 0.042274 0.150849 0.006076 0.019907
0 0.042274 0.150849 0.006076 0.019907
0 0.042405 0.150849 0.006337 0.019907
0 0.042405 0.150849 0.006337 0.019907
0 0.042405 0.150849 0.006337 0.019907
0 0.042665 0.150849 0.006337 0.019907
0 0.042665 0.150463 0.006337 0.020062
0 0.042665 0.150463 0.006337 0.020062
0 0.042665 0.150463 0.006337 0.020062
0 0.042925 0.150463 0.006337 0.020062
0 0.042925 0.150463 0.006337 0.020062
0 0.042925 0.150000 0.006337 0.020062
0 0.043186 0.150000 0.006337 0.020062
0 0.043186 0.150000 0.006337 0.020062
0 0.043186 0.150000 0.006337 0.020062
0 0.043359 0.150000 0.006337 0.020062
0 0.047266 0.148302 0.006337 0.020062
0 0.051172 0.146528 0.006337 0.019907
0 0.055078 0.144830 0.006337 0.019907
0 0.059245 0.143133 0.006337 0.019907
0 0.063151 0.141744 0.006337 0.019907
0 0.067057 0.140046 0.006337 0.019907
0 0.071224 0.138349 0.006337 0.019907
0 0.075130 0.136574 0.006337 0.020062
0 0.079036 0.134799 0.006337 0.019907
0 0.083203 0.133565 0.006337 0.019907
0 0.088498 0.131790 0.006337 0.020062
0 0.093880 0.130478 0.006337 0.019907
0 0.099262 0.128781 0.006337 0.019907
0 0.104644 0.127469 0.006337 0.020062
0 0.110026 0.125694 0.006337 0.019907
0 0.115408 0.124460 0.006337 0.019907
0 0.120747 0.122685 0.006424 0.020062
0 0.126085 0.121373 0.006337 0.019907
0 0.131467 0.119676 0.006337 0.019907
0 0.136849 0.118364 0.006337 0.020062
0 0.137717 0.117901 0.006163 0.020062
0 0.138802 0.117670 0.005903 0.019599
0 0.139887 0.117438 0.005642 0.019136
0 0.140972 0.117284 0.005382 0.019444
0 0.142057 0.117052 0.005122 0.018981
0 0.143099 0.116898 0.005122 0.018673
0 0.144184 0.116667 0.004861 0.019136
0 0.145269 0.116435 0.004601 0.018673
0 0.146354 0.116204 0.004340 0.018210
0 0.147483 0.116204 0.004167 0.018210
0 0.146962 0.116204 0.004167 0.018210
0 0.146484 0.116204 0.004080 0.018210
0 0.146267 0.116204 0.004167 0.018210
0 0.145747 0.116204 0.004167 0.018210
0 0.145486 0.116204 0.004167 0.018210
0 0.145052 0.116204 0.004167 0.018210
0 0.144531 0.116204 0.004167 0.018210
0 0.144271 0.116204 0.004167 0.018210
0 0.143837 0.116204 0.004167 0.018210
0 0.143576 0.116667 0.004167 0.018210
0 0.142578 0.116667 0.004080 0.018210
0 0.141840 0.116667 0.004167 0.018210
0 0.141146 0.116667 0.004167 0.018210
0 0.140365 0.117052 0.004167 0.018364
0 0.139670 0.117052 0.004167 0.018364
0 0.138715 0.117052 0.004167 0.018364
0 0.137934 0.117438 0.004167 0.018210
0 0.137240 0.117438 0.004167 0.018210
0 0.136458 0.117438 0.004167 0.018210
0 0.135764 0.117901 0.004167 0.018210
0 0.135243 0.117901 0.004167 0.018210
0 0.135026 0.117901 0.004080 0.018210
0 0.134809 0.117901 0.004167 0.018210
0 0.134549 0.117901 0.004167 0.018210
0 0.134288 0.117901 0.004167 0.018210
0 0.134028 0.117901 0.004167 0.018210
0 0.133811 0.117901 0.004080 0.018210
0 0.133550 0.117901 0.004080 0.018210
0 0.133333 0.117901 0.004167 0.018210
0 0.133073 0.117901 0.004167 0.018210
0 0.132118 0.117901 0.004167 0.018210
0 0.131120 0.117901 0.004080 0.018210
0 0.130122 0.118364 0.004167 0.018210
0 0.129427 0.118364 0.004167 0.018210
0 0.128429 0.118827 0.004080 0.018210
0 0.127431 0.118827 0.004167 0.018210
0 0.126736 0.118827 0.004167 0.018210
0 0.125781 0.119290 0.004167 0.018210
0 0.124740 0.119290 0.004167 0.018210
0 0.124045 0.119599 0.004167 0.018210
0 0.122309 0.119599 0.004167 0.018210
0 0.120616 0.120062 0.004080 0.018210
0 0.118924 0.120525 0.004167 0.018210
0 0.117188 0.120988 0.004167 0.018210
0 0.115712 0.121451 0.004167 0.018210
0 0.114062 0.121759 0.004167 0.018210
0 0.112326 0.122222 0.004167 0.018210
0 0.110590 0.122685 0.004167 0.018210
0 0.108941 0.123148 0.004167 0.018210
0 0.107465 0.123611 0.004167 0.018210
0 0.106467 0.123611 0.004080 0.018210
0 0.105729 0.123997 0.004167 0.018364
0 0.105035 0.124383 0.004167 0.018210
0 0.104253 0.124383 0.004167 0.018210
0 0.103559 0.124846 0.004167 0.018210
0 0.102561 0.125309 0.004080 0.018210
0 0.101823 0.125309 0.004167 0.018210
0 0.101128 0.125772 0.004167 0.018210
0 0.100347 0.126235 0.004167 0.018210
0 0.099653 0.126543 0.004167 0.018210
0 0.099392 0.126543 0.004167 0.018210
0 0.099262 0.126543 0.004427 0.018210
0 0.099045 0.126543 0.004340 0.018210
0 0.098915 0.126543 0.004601 0.018210
0 0.098655 0.126543 0.004601 0.018210
0 0.098524 0.126543 0.004861 0.018210
0 0.098264 0.126543 0.004861 0.018210
0 0.098134 0.126543 0.005122 0.018210
0 0.097960 0.126543 0.005122 0.018210
0 0.097830 0.127006 0.005382 0.018210
