0 0.076215 0.158642 0.010069 0.023457
0 0.076432 0.157870 0.009983 0.023457
0 0.076693 0.157176 0.009983 0.023920
0 0.077083 0.156327 0.010243 0.023765
0 0.077344 0.155633 0.010243 0.024228
0 0.077648 0.155247 0.010503 0.024383
0 0.077908 0.154398 0.010503 0.024228
0 0.078168 0.153704 0.010503 0.024691
0 0.078559 0.152855 0.010764 0.024846
0 0.078776 0.152238 0.010677 0.025154
0 0.079123 0.151775 0.011024 0.025154
0 0.079253 0.150231 0.010764 0.025463
0 0.079384 0.148920 0.010503 0.025617
0 0.079514 0.147454 0.010243 0.026080
0 0.079644 0.146142 0.009983 0.025926
0 0.079991 0.144830 0.009809 0.026080
0 0.080122 0.143287 0.009549 0.026389
0 0.080252 0.141975 0.009288 0.026543
0 0.080382 0.140432 0.009028 0.026852
0 0.080512 0.139198 0.008767 0.026852
0 0.080859 0.137886 0.008594 0.027006
0 0.081207 0.136806 0.008767 0.027315
0 0.081858 0.135880 0.009028 0.027315
0 0.082292 0.135108 0.009028 0.027315
0 0.082943 0.134182 0.009288 0.027315
0 0.083507 0.133256 0.009549 0.027315
0 0.083898 0.132485 0.009809 0.027315
0 0.084505 0.131559 0.009983 0.027315
0 0.085026 0.130787 0.009983 0.027315
0 0.085590 0.129861 0.010243 0.027315
0 0.086241 0.128935 0.010503 0.027315
0 0.086458 0.128164 0.010417 0.027315
0 0.086675 0.127701 0.010503 0.027315
0 0.086936 0.126775 0.010503 0.027315
0 0.087457 0.126312 0.010503 0.027315
0 0.087717 0.126003 0.010503 0.027315
0 0.087891 0.125077 0.010503 0.027315
0 0.088411 0.124614 0.010503 0.027315
0 0.088672 0.123843 0.010503 0.027315
0 0.088932 0.123380 0.010503 0.027315
0 0.089366 0.122917 0.010503 0.027315
0 0.089627 0.124383 0.009983 0.026852
0 0.090017 0.126157 0.009722 0.027006
0 0.090365 0.127932 0.009549 0.026852
0 0.090885 0.129630 0.009028 0.026852
0 0.091189 0.131327 0.008767 0.026852
0 0.091580 0.133102 0.008507 0.027006
0 0.092057 0.134877 0.008073 0.026852
0 0.092448 0.136574 0.007812 0.026852
0 0.092839 0.138272 0.007552 0.026852
0 0.093316 0.140046 0.007118 0.027006
0 0.093663 0.144213 0.007292 0.027315
0 0.094271 0.148534 0.007639 0.027315
0 0.094878 0.152855 0.007812 0.027315
0 0.095399 0.157176 0.007812 0.027315
0 0.095964 0.161497 0.008073 0.027315
0 0.096571 0.165818 0.008247 0.027315
0 0.097092 0.170139 0.008247 0.027315
0 0.097700 0.174537 0.008594 0.027469
0 0.098307 0.178935 0.008767 0.027315
0 0.098872 0.183488 0.009028 0.027778
0 0.099132 0.182793 0.009028 0.027315
0 0.099523 0.182330 0.009288 0.027315
0 0.099783 0.181867 0.009288 0.027315
0 0.100130 0.181481 0.009462 0.027469
0 0.100347 0.181096 0.009549 0.027315
0 0.100738 0.180633 0.009809 0.027315
0 0.100998 0.180170 0.009809 0.027315
0 0.101345 0.179707 0.009983 0.027315
0 0.101606 0.179244 0.009983 0.027315
0 0.102083 0.178935 0.010069 0.027315
0 0.102344 0.178935 0.009549 0.027315
0 0.102691 0.179244 0.009201 0.027315
0 0.103038 0.179707 0.009028 0.027315
0 0.103559 0.180170 0.008507 0.027315
0 0.103906 0.180633 0.008333 0.027315
0 0.104297 0.180864 0.008073 0.026852
0 0.104731 0.181250 0.007552 0.027006
0 0.105122 0.181713 0.007292 0.027006
0 0.105512 0.182099 0.007031 0.026852
0 0.105990 0.182562 0.006597 0.026852
0 0.106380 0.182562 0.006858 0.026852
0 0.106944 0.182793 0.007118 0.027315
0 0.107335 0.182793 0.007378 0.027315
0 0.107943 0.183025 0.007552 0.027778
0 0.108507 0.183025 0.007812 0.027778
0 0.108898 0.183256 0.008073 0.028241
0 0.109505 0.183256 0.008247 0.028241
0 0.109896 0.183410 0.008507 0.028549
0 0.110503 0.183410 0.008854 0.028549
0 0.111111 0.183873 0.009028 0.028549
0 0.110981 0.183410 0.009288 0.028549
0 0.110981 0.183025 0.009288 0.028704
0 0.110981 0.182562 0.009288 0.028704
0 0.111111 0.182099 0.009549 0.028704
0 0.111111 0.181713 0.009549 0.028549
0 0.111111 0.181250 0.009549 0.028549
0 0.111241 0.180864 0.009809 0.028704
0 0.111241 0.180401 0.009809 0.028704
0 0.111241 0.179938 0.009809 0.028704
0 0.111328 0.179938 0.009983 0.028704
0 0.111719 0.179090 0.009722 0.027623
0 0.112326 0.178472 0.009549 0.027315
0 0.112847 0.177778 0.009028 0.026852
0 0.113411 0.177160 0.008767 0.026543
0 0.114062 0.176466 0.008507 0.026080
0 0.114410 0.175772 0.008333 0.025617
0 0.115017 0.175231 0.007986 0.025154
0 0.115495 0.174537 0.007552 0.024691
0 0.116102 0.173843 0.007378 0.024228
0 0.116710 0.173457 0.007031 0.023457
0 0.117188 0.172994 0.007118 0.023457
0 0.117708 0.172531 0.007118 0.023457
0 0.118186 0.172145 0.007031 0.023302
0 0.118924 0.171759 0.007118 0.023457
0 0.119401 0.171296 0.007031 0.023457
0 0.119878 0.170833 0.007118 0.023457
0 0.120616 0.170370 0.007031 0.023457
0 0.121094 0.169985 0.007118 0.023302
0 0.121615 0.169599 0.007118 0.023457
0 0.122352 0.169599 0.007031 0.023457
0 0.123177 0.168904 0.007292 0.023920
0 0.124262 0.168673 0.007552 0.024383
0 0.125260 0.168519 0.007986 0.024691
0 0.126345 0.168056 0.008247 0.024691
0 0.127344 0.167824 0.008854 0.025154
0 0.128342 0.167593 0.008767 0.025617
0 0.129297 0.167130 0.009288 0.025617
0 0.130382 0.166898 0.009549 0.026080
0 0.131380 0.166744 0.009983 0.026389
0 0.132465 0.166512 0.010243 0.026852
0 0.132943 0.165818 0.009809 0.026389
0 0.133681 0.165432 0.009201 0.026543
0 0.134158 0.164969 0.008767 0.026543
0 0.134896 0.164738 0.008333 0.026080
0 0.135503 0.164352 0.007986 0.025926
0 0.136111 0.163889 0.007292 0.025926
0 0.136719 0.163735 0.007118 0.025617
0 0.137370 0.163272 0.006337 0.025617
0 0.137934 0.162809 0.006076 0.025617
0 0.138672 0.162577 0.005642 0.025154
0 0.139280 0.162114 0.005816 0.025154
0 0.140148 0.161806 0.006163 0.025154
0 0.140755 0.161343 0.006337 0.025154
0 0.141580 0.160880 0.006597 0.025154
0 0.142491 0.160880 0.006858 0.025154
0 0.143056 0.160417 0.007118 0.025154
0 0.143924 0.159954 0.007292 0.025154
0 0.144575 0.159568 0.007552 0.025309
0 0.145399 0.159182 0.007812 0.025154
0 0.146224 0.159182 0.008073 0.025154
0 0.146875 0.158719 0.008333 0.025154
0 0.147569 0.158256 0.008333 0.025154
0 0.148307 0.157793 0.008247 0.025154
0 0.148915 0.157793 0.008594 0.025154
0 0.149653 0.157330 0.008507 0.025154
0 0.150391 0.157022 0.008594 0.025154
0 0.150998 0.157022 0.008767 0.025154
0 0.151736 0.156559 0.008854 0.025154
0 0.152474 0.156096 0.008767 0.025154
0 0.153299 0.156096 0.009028 0.025154
0 0.153689 0.155401 0.008767 0.024691
0 0.154080 0.155015 0.008507 0.024846
0 0.154427 0.154630 0.008333 0.024691
0 0.155035 0.154167 0.007986 0.024691
0 0.155382 0.153704 0.007812 0.024691
0 0.155773 0.153241 0.007552 0.024691
0 0.156380 0.152855 0.007378 0.024846
0 0.156727 0.152392 0.007031 0.024846
0 0.157118 0.152006 0.006771 0.024691
0 0.157726 0.151775 0.006597 0.024228
0 0.157726 0.151312 0.006597 0.024228
0 0.157856 0.150849 0.006858 0.024228
0 0.157943 0.150463 0.007031 0.024383
0 0.158073 0.150231 0.006771 0.023920
0 0.158203 0.149769 0.007031 0.023920
0 0.158333 0.149614 0.007292 0.024228
0 0.158464 0.149151 0.007552 0.024228
0 0.158594 0.148920 0.007292 0.023765
0 0.158724 0.148534 0.007552 0.023920
0 0.158854 0.148071 0.007812 0.023920
