0 0.018707 0.252006 0.011719 0.022531
0 0.017405 0.252778 0.011545 0.022531
0 0.016189 0.253704 0.011545 0.022531
0 0.014931 0.254630 0.011458 0.022531
0 0.013715 0.255401 0.011458 0.022531
0 0.012500 0.256790 0.011458 0.022531
0 0.011285 0.257562 0.011458 0.022531
0 0.010069 0.258488 0.011458 0.022531
0 0.008854 0.259336 0.011458 0.022685
0 0.007639 0.260185 0.011458 0.022531
0 0.006424 0.261574 0.011458 0.022531
0 0.005946 0.261960 0.011024 0.022685
0 0.005686 0.262809 0.010503 0.022531
0 0.005425 0.263272 0.009983 0.022531
0 0.004948 0.264120 0.009549 0.022685
0 0.004687 0.264506 0.009028 0.022531
0 0.004470 0.265432 0.008594 0.022531
0 0.003993 0.265895 0.007986 0.022531
0 0.003776 0.266667 0.007552 0.022531
0 0.003516 0.267130 0.007031 0.022531
0 0.003255 0.268056 0.006510 0.022531
0 0.003255 0.267824 0.006510 0.022068
0 0.003385 0.267824 0.006771 0.022068
0 0.003385 0.267824 0.006771 0.022068
0 0.003516 0.267824 0.007031 0.022068
0 0.003646 0.267824 0.007292 0.022068
0 0.003646 0.267824 0.007292 0.022068
0 0.003776 0.267824 0.007552 0.022068
0 0.003776 0.267824 0.007552 0.022068
0 0.003863 0.267824 0.007726 0.022068
0 0.003993 0.267824 0.007986 0.022068
0 0.004861 0.266049 0.008333 0.022222
0 0.005686 0.264738 0.008594 0.022068
0 0.006554 0.263503 0.008767 0.022068
0 0.007378 0.261960 0.009028 0.021759
0 0.008333 0.260648 0.009028 0.021605
0 0.009245 0.259105 0.009288 0.022222
0 0.010069 0.257639 0.009549 0.021759
0 0.010937 0.256327 0.009722 0.021605
0 0.011762 0.255015 0.009983 0.021759
0 0.012891 0.253704 0.010330 0.021605
0 0.013368 0.252855 0.010243 0.021759
0 0.014149 0.251929 0.010243 0.021759
0 0.014844 0.251080 0.010243 0.021605
0 0.015538 0.250231 0.010243 0.021759
0 0.016319 0.249383 0.010243 0.021605
0 0.017014 0.248534 0.010243 0.021759
0 0.017795 0.247608 0.010243 0.021759
0 0.018490 0.246759 0.010243 0.021605
0 0.019271 0.245910 0.010243 0.021759
0 0.019965 0.245448 0.010243 0.021759
0 0.020486 0.244136 0.010243 0.021605
0 0.021181 0.243287 0.010243 0.021759
0 0.021701 0.242438 0.010243 0.021605
0 0.022396 0.241590 0.010243 0.021759
0 0.023177 0.240664 0.010243 0.021759
0 0.023611 0.239429 0.010243 0.021759
0 0.024392 0.238503 0.010243 0.021759
0 0.024826 0.237654 0.010243 0.021605
0 0.025608 0.236806 0.010243 0.021759
0 0.026302 0.235880 0.010243 0.021759
0 0.027083 0.234645 0.010243 0.021759
0 0.028038 0.233333 0.010243 0.021605
0 0.028993 0.232022 0.010243 0.021759
0 0.029948 0.230710 0.010243 0.021605
0 0.030946 0.229398 0.010330 0.021759
0 0.031944 0.228086 0.010243 0.021605
0 0.032899 0.226775 0.010243 0.021759
0 0.033854 0.225540 0.010243 0.021759
0 0.034852 0.224228 0.010330 0.021605
0 0.035851 0.223380 0.010243 0.021759
0 0.036806 0.222068 0.010243 0.021605
0 0.038021 0.220756 0.010243 0.021759
0 0.039236 0.219444 0.010243 0.021605
0 0.040451 0.218133 0.010243 0.021759
0 0.041667 0.217284 0.010243 0.021605
0 0.042882 0.215972 0.010243 0.021759
0 0.044097 0.214660 0.010243 0.021605
0 0.045312 0.213349 0.010243 0.021759
0 0.046528 0.212037 0.010243 0.021605
0 0.047786 0.211188 0.010330 0.021759
0 0.048524 0.210340 0.010243 0.021605
0 0.049479 0.209491 0.010243 0.021759
0 0.050260 0.208565 0.010243 0.021759
0 0.051215 0.207716 0.010243 0.021605
0 0.051910 0.206867 0.010243 0.021759
0 0.052908 0.206019 0.010330 0.021605
0 0.053646 0.205093 0.010243 0.021605
0 0.054601 0.204244 0.010243 0.021759
0 0.055382 0.203395 0.010243 0.021605
0 0.056337 0.202546 0.010243 0.021759
0 0.057031 0.201235 0.010243 0.021605
0 0.057812 0.200154 0.010243 0.021296
0 0.058767 0.199228 0.010243 0.021296
0 0.059462 0.197994 0.010243 0.021296
0 0.060503 0.197068 0.010243 0.021296
0 0.061198 0.196065 0.010243 0.020833
0 0.061936 0.194676 0.010330 0.020833
0 0.062934 0.193904 0.010243 0.020833
0 0.063628 0.192747 0.010243 0.020370
0 0.064583 0.191821 0.010243 0.020370
0 0.065365 0.191049 0.010243 0.020370
0 0.066059 0.190586 0.010243 0.020370
0 0.067101 0.189660 0.010243 0.020370
0 0.067795 0.189275 0.010243 0.020525
0 0.068750 0.188657 0.010243 0.019907
0 0.069531 0.187963 0.010243 0.020370
0 0.070226 0.187346 0.010243 0.020062
0 0.071181 0.186728 0.010243 0.020370
0 0.071962 0.186034 0.010243 0.019907
0 0.072917 0.185571 0.010243 0.019907
0 0.073437 0.185185 0.010243 0.020062
0 0.073872 0.184722 0.010243 0.020062
0 0.074392 0.184336 0.010243 0.019907
0 0.074870 0.183873 0.010330 0.019907
0 0.075608 0.183410 0.010243 0.019907
0 0.076128 0.182948 0.010243 0.019907
0 0.076562 0.182562 0.010243 0.020062
0 0.077083 0.182176 0.010243 0.019907
0 0.077517 0.181713 0.010243 0.019907
0 0.078299 0.181250 0.010243 0.019907
0 0.078559 0.180787 0.010243 0.019907
0 0.078776 0.180787 0.010330 0.019907
0 0.078993 0.180401 0.010243 0.020062
0 0.079253 0.180401 0.010243 0.020062
0 0.079514 0.180401 0.010243 0.020062
0 0.079774 0.179938 0.010243 0.020062
0 0.080035 0.179938 0.010243 0.020062
0 0.080208 0.179552 0.010243 0.019907
0 0.080469 0.179552 0.010243 0.019907
0 0.080990 0.179552 0.010243 0.019907
0 0.081250 0.179090 0.010243 0.019907
0 0.081424 0.179090 0.010243 0.019907
0 0.081684 0.179090 0.010243 0.019907
0 0.081944 0.178627 0.010243 0.019907
0 0.082205 0.178627 0.010243 0.019907
0 0.082465 0.178627 0.010243 0.019907
0 0.082682 0.178241 0.010330 0.020062
0 0.082899 0.178241 0.010243 0.020062
0 0.083160 0.178241 0.010243 0.020062
0 0.083681 0.178241 0.010243 0.020062
0 0.083681 0.177778 0.010243 0.020062
0 0.083898 0.177778 0.010330 0.020062
0 0.084115 0.177778 0.010243 0.020062
0 0.084375 0.177392 0.010243 0.019907
0 0.084635 0.177392 0.010243 0.019907
0 0.084896 0.177392 0.010243 0.019907
0 0.085156 0.176929 0.010243 0.019907
0 0.085330 0.176929 0.010243 0.019907
0 0.085590 0.176929 0.010243 0.019907
0 0.085851 0.176929 0.010243 0.019907
0 0.085851 0.176003 0.010243 0.019907
0 0.086111 0.175231 0.010243 0.019907
0 0.086111 0.174306 0.010243 0.019907
0 0.086372 0.173457 0.010243 0.020062
0 0.086372 0.172994 0.010243 0.020062
0 0.086545 0.172145 0.010243 0.019907
0 0.086545 0.171296 0.010243 0.020062
0 0.086806 0.170448 0.010243 0.019907
0 0.086806 0.169522 0.010243 0.019907
0 0.087066 0.169059 0.010243 0.019907
0 0.086806 0.168287 0.010243 0.019907
0 0.086545 0.167824 0.010243 0.019907
0 0.086372 0.166898 0.010243 0.019907
0 0.086111 0.166512 0.010243 0.020062
0 0.085851 0.166127 0.010243 0.019907
0 0.085590 0.165201 0.010243 0.019907
0 0.085330 0.164738 0.010243 0.019907
0 0.085156 0.163889 0.010243 0.020062
0 0.084896 0.163503 0.010243 0.019907
0 0.084635 0.163040 0.010243 0.019907
0 0.084635 0.163040 0.010243 0.019907
0 0.084635 0.163040 0.010243 0.019907
0 0.084635 0.163040 0.010243 0.019907
0 0.084635 0.163040 0.010243 0.019907
0 0.084635 0.163040 0.010243 0.019907
0 0.084635 0.163040 0.010243 0.019907
0 0.084635 0.163040 0.010243 0.019907
0 0.084635 0.163040 0.010243 0.019907
0 0.084635 0.163040 0.010243 0.019907
0 0.084635 0.163040 0.010243 0.019907
