0 0.042665 0.208642 0.003385 0.018210
0 0.042405 0.208796 0.003385 0.018519
0 0.042187 0.209182 0.003472 0.018673
0 0.041927 0.209645 0.003472 0.018673
0 0.041710 0.210108 0.003385 0.018673
0 0.041710 0.210571 0.003385 0.018673
0 0.041450 0.211034 0.003385 0.018673
0 0.041189 0.211343 0.003385 0.018673
0 0.040929 0.211806 0.003385 0.018673
0 0.040712 0.212269 0.003472 0.018673
0 0.040712 0.212731 0.003472 0.018673
0 0.040451 0.213194 0.003472 0.018673
0 0.040234 0.213966 0.003385 0.018673
0 0.039974 0.214429 0.003385 0.018673
0 0.039714 0.215355 0.003385 0.018673
0 0.039497 0.215895 0.003472 0.018210
0 0.039236 0.216590 0.003472 0.018673
0 0.039019 0.217284 0.003385 0.018210
0 0.038759 0.217978 0.003385 0.018673
0 0.038498 0.218519 0.003385 0.018210
0 0.038281 0.219444 0.003472 0.018210
0 0.037804 0.219444 0.003385 0.018210
0 0.037543 0.219444 0.003385 0.018210
0 0.037283 0.219676 0.003385 0.018673
0 0.036806 0.219907 0.003472 0.018210
0 0.036545 0.220139 0.003472 0.018673
0 0.036328 0.220139 0.003385 0.018673
0 0.035807 0.220370 0.003385 0.018210
0 0.035590 0.220525 0.003472 0.018519
0 0.035330 0.220525 0.003472 0.018519
0 0.035113 0.220910 0.003385 0.018673
0 0.034592 0.220910 0.003385 0.018673
0 0.034375 0.220910 0.003472 0.018673
0 0.034115 0.221373 0.003472 0.018673
0 0.033898 0.221373 0.003385 0.018673
0 0.033637 0.221836 0.003385 0.018673
0 0.033116 0.221836 0.003385 0.018673
0 0.032899 0.221836 0.003472 0.018673
0 0.032682 0.222299 0.003385 0.018673
0 0.032422 0.222299 0.003385 0.018673
0 0.032161 0.222685 0.003385 0.018519
0 0.031901 0.222685 0.003385 0.018519
0 0.031684 0.222685 0.003472 0.018519
0 0.031424 0.222685 0.003472 0.018519
0 0.031207 0.222685 0.003385 0.018519
0 0.030946 0.222685 0.003385 0.018519
0 0.030686 0.222685 0.003385 0.018519
0 0.030469 0.222685 0.003472 0.018519
0 0.030208 0.222685 0.003472 0.018519
0 0.029991 0.222685 0.003385 0.018519
0 0.029731 0.223071 0.003385 0.018673
0 0.029470 0.223071 0.003385 0.018673
0 0.029470 0.223071 0.003385 0.018673
0 0.029340 0.223534 0.003646 0.018673
0 0.029340 0.223534 0.003646 0.018673
0 0.029210 0.223997 0.003906 0.018673
0 0.029123 0.223997 0.003733 0.018673
0 0.029036 0.223997 0.003906 0.018673
0 0.029036 0.224460 0.003906 0.018673
0 0.028906 0.224460 0.004167 0.018673
0 0.028906 0.224923 0.004167 0.018673
0 0.028646 0.224691 0.004167 0.018210
0 0.028646 0.224691 0.004167 0.018210
0 0.028516 0.224691 0.004427 0.018210
0 0.028385 0.224691 0.004167 0.018210
0 0.028385 0.224691 0.004167 0.018210
0 0.028255 0.224691 0.004427 0.018210
0 0.028125 0.224691 0.004167 0.018210
0 0.027995 0.224691 0.004427 0.018210
0 0.027995 0.224691 0.004427 0.018210
0 0.027995 0.224691 0.004427 0.018210
0 0.027778 0.224691 0.004340 0.018210
0 0.027778 0.224691 0.004340 0.018210
0 0.027778 0.224691 0.004340 0.018210
0 0.027778 0.224691 0.004340 0.018210
0 0.027778 0.224691 0.004340 0.018210
0 0.027778 0.224691 0.004340 0.018210
0 0.027778 0.224691 0.004340 0.018210
0 0.027778 0.224691 0.004340 0.018210
0 0.027778 0.224691 0.004340 0.018210
0 0.027778 0.224691 0.004340 0.018210
0 0.027778 0.224228 0.004340 0.018210
0 0.027865 0.223765 0.004167 0.018210
0 0.027995 0.223302 0.004427 0.018210
0 0.028125 0.223302 0.004167 0.018210
0 0.028255 0.222840 0.004427 0.018210
0 0.028385 0.222531 0.004167 0.018210
0 0.028385 0.222531 0.004167 0.018210
0 0.028646 0.222068 0.004167 0.018210
0 0.028646 0.221605 0.004167 0.018210
0 0.028906 0.221605 0.004167 0.018210
0 0.028906 0.220679 0.004167 0.018210
0 0.029123 0.220370 0.004080 0.018210
0 0.029340 0.219444 0.004167 0.018210
0 0.029470 0.218981 0.004427 0.018210
0 0.029731 0.218519 0.004427 0.018210
0 0.029861 0.217747 0.004167 0.018210
0 0.029991 0.217284 0.004427 0.018210
0 0.030208 0.216358 0.004340 0.018210
0 0.030469 0.215895 0.004340 0.018210
0 0.030686 0.215586 0.004427 0.018210
0 0.030686 0.214660 0.004427 0.018210
0 0.030686 0.214198 0.004427 0.018210
0 0.030686 0.213735 0.004427 0.018210
0 0.030686 0.213426 0.004427 0.018210
0 0.030686 0.212963 0.004427 0.018210
0 0.030686 0.212037 0.004427 0.018210
0 0.030686 0.211574 0.004427 0.018210
0 0.030686 0.211188 0.004427 0.018364
0 0.030686 0.210802 0.004427 0.018210
0 0.030816 0.210340 0.004167 0.018210
0 0.030556 0.209414 0.004167 0.018210
0 0.030339 0.208642 0.004080 0.018210
0 0.030339 0.207716 0.004080 0.018210
0 0.030122 0.206790 0.004167 0.018210
0 0.030122 0.206019 0.004167 0.018210
0 0.029861 0.205093 0.004167 0.018210
0 0.029601 0.204321 0.004167 0.018210
0 0.029601 0.203395 0.004167 0.018210
0 0.029340 0.202469 0.004167 0.018210
0 0.029340 0.202083 0.004167 0.018364
0 0.029123 0.201235 0.004080 0.018210
0 0.029123 0.200309 0.004080 0.018210
0 0.028906 0.199846 0.004167 0.018210
0 0.028906 0.199074 0.004167 0.018210
0 0.028906 0.198611 0.004167 0.018210
0 0.028646 0.197685 0.004167 0.018210
0 0.028646 0.196914 0.004167 0.018210
0 0.028385 0.196451 0.004167 0.018210
0 0.028385 0.195525 0.004167 0.018210
0 0.028385 0.195139 0.004167 0.018364
0 0.028125 0.194290 0.004167 0.018210
0 0.027865 0.193364 0.004167 0.018210
0 0.027778 0.192593 0.004340 0.018210
0 0.027648 0.191667 0.004080 0.018210
0 0.027517 0.190972 0.004340 0.018673
0 0.027300 0.190201 0.004427 0.018673
0 0.027170 0.189275 0.004167 0.018673
0 0.027040 0.188349 0.004427 0.018673
0 0.026780 0.187577 0.004427 0.018673
0 0.026780 0.187114 0.004427 0.018673
0 0.026562 0.186651 0.004340 0.018673
0 0.026562 0.186651 0.004340 0.018673
0 0.026432 0.186651 0.004080 0.018673
0 0.026302 0.186651 0.004340 0.018673
0 0.026302 0.186651 0.004340 0.018673
0 0.026215 0.186188 0.004167 0.018673
0 0.026085 0.186188 0.004427 0.018673
0 0.025955 0.186188 0.004167 0.018673
0 0.025955 0.186188 0.004167 0.018673
0 0.025955 0.186188 0.004167 0.018673
0 0.025825 0.185880 0.004427 0.018673
0 0.025825 0.185880 0.004427 0.018673
0 0.025825 0.185880 0.004427 0.018673
0 0.025825 0.185880 0.004427 0.018673
0 0.025825 0.185880 0.004427 0.018673
0 0.025825 0.185417 0.004427 0.018673
0 0.025825 0.185417 0.004427 0.018673
0 0.025825 0.185417 0.004427 0.018673
0 0.025825 0.185417 0.004427 0.018673
0 0.025825 0.185417 0.004427 0.018673
0 0.025564 0.184954 0.004427 0.018673
0 0.025564 0.184954 0.004427 0.018673
0 0.025564 0.184954 0.004427 0.018673
0 0.025564 0.184954 0.004427 0.018673
0 0.025564 0.184954 0.004427 0.018673
0 0.025564 0.184954 0.004427 0.018673
0 0.025564 0.184954 0.004427 0.018673
0 0.025564 0.184954 0.004427 0.018673
0 0.025564 0.184954 0.004427 0.018673
0 0.025564 0.184954 0.004427 0.018673
0 0.025564 0.184954 0.004427 0.018673
