0 0.228342 0.153935 0.005816 0.017438
0 0.228342 0.153935 0.005816 0.017438
0 0.228342 0.153935 0.005816 0.017438
0 0.228342 0.153935 0.005816 0.017438
0 0.228342 0.153935 0.005816 0.017438
0 0.228342 0.153935 0.005816 0.017438
0 0.228342 0.153935 0.005816 0.017438
0 0.228342 0.153935 0.005816 0.017438
0 0.228342 0.153935 0.005816 0.017438
0 0.228342 0.153935 0.005816 0.017438
0 0.228342 0.153935 0.005816 0.017438
0 0.228342 0.153935 0.005816 0.017438
0 0.228342 0.153935 0.005816 0.017438
0 0.228342 0.153935 0.005816 0.017438
0 0.228342 0.153935 0.005816 0.017438
0 0.228342 0.153935 0.005816 0.017438
0 0.228342 0.153935 0.005816 0.017438
0 0.228342 0.153935 0.005816 0.017438
0 0.228342 0.153935 0.005816 0.017438
0 0.228342 0.153935 0.005816 0.017438
0 0.228342 0.153935 0.005816 0.017438
0 0.228342 0.153935 0.005816 0.017438
0 0.228342 0.153935 0.005816 0.017438
0 0.228342 0.153935 0.005816 0.017438
0 0.228342 0.153935 0.005816 0.017438
0 0.228342 0.153935 0.005816 0.017438
0 0.228342 0.153935 0.005816 0.017438
0 0.228342 0.153935 0.005816 0.017438
0 0.228342 0.153935 0.005816 0.017438
0 0.228342 0.153935 0.005816 0.017438
0 0.228342 0.153935 0.005816 0.017438
0 0.228342 0.153935 0.005816 0.017438
0 0.228342 0.153935 0.005816 0.017438
0 0.228342 0.153935 0.005816 0.017438
0 0.228342 0.153935 0.005816 0.017438
0 0.228342 0.153935 0.005816 0.017438
0 0.228342 0.153935 0.005816 0.017438
0 0.228342 0.153935 0.005816 0.017438
0 0.228342 0.153935 0.005816 0.017438
0 0.228342 0.153935 0.005816 0.017438
0 0.228342 0.153935 0.005816 0.017438
0 0.228125 0.153472 0.005903 0.017438
0 0.227865 0.153472 0.005903 0.017438
0 0.227648 0.153086 0.005816 0.017284
0 0.227648 0.153086 0.005816 0.017284
0 0.227387 0.152623 0.005816 0.017284
0 0.227127 0.152623 0.005816 0.017284
0 0.227127 0.152160 0.005816 0.017284
0 0.226910 0.152160 0.005903 0.017284
0 0.226649 0.151775 0.005903 0.017438
0 0.226649 0.151775 0.005903 0.017438
0 0.226172 0.151312 0.005816 0.017438
0 0.225911 0.150926 0.005816 0.017284
0 0.225694 0.150926 0.005903 0.017284
0 0.225174 0.150463 0.005903 0.017284
0 0.224957 0.150463 0.005816 0.017284
0 0.224696 0.150000 0.005816 0.017284
0 0.224219 0.149614 0.005903 0.017438
0 0.223958 0.149614 0.005903 0.017438
0 0.223741 0.149151 0.005816 0.017438
0 0.223481 0.149151 0.005816 0.017438
0 0.222743 0.148688 0.005903 0.017438
0 0.222266 0.148302 0.005816 0.017284
0 0.221788 0.148302 0.005903 0.017284
0 0.221267 0.147840 0.005903 0.017284
0 0.220790 0.147840 0.005816 0.017284
0 0.220312 0.147454 0.005903 0.017438
0 0.219835 0.146991 0.005816 0.017438
0 0.219314 0.146991 0.005816 0.017438
0 0.218837 0.146528 0.005903 0.017438
0 0.218359 0.146528 0.005816 0.017438
0 0.217144 0.145679 0.005816 0.017284
0 0.215929 0.145216 0.005816 0.017284
0 0.214714 0.144367 0.005816 0.017438
0 0.213498 0.143981 0.005816 0.017284
0 0.212500 0.143519 0.005903 0.017284
0 0.211285 0.142670 0.005903 0.017438
0 0.210069 0.142207 0.005903 0.017438
0 0.208854 0.141358 0.005903 0.017284
0 0.207639 0.140895 0.005903 0.017284
0 0.206641 0.140509 0.005816 0.017438
0 0.206163 0.140509 0.005903 0.017438
0 0.205686 0.140895 0.005816 0.017284
0 0.205425 0.140895 0.005816 0.017284
0 0.204948 0.141358 0.005903 0.017284
0 0.204687 0.141821 0.005903 0.017284
0 0.204210 0.141821 0.005816 0.017284
0 0.203733 0.142207 0.005903 0.017438
0 0.203472 0.142207 0.005903 0.017438
0 0.202995 0.142670 0.005816 0.017438
0 0.202734 0.143056 0.005816 0.017284
0 0.202474 0.144830 0.005816 0.017438
0 0.202257 0.146528 0.005903 0.017438
0 0.202257 0.148302 0.005903 0.017284
0 0.201997 0.150000 0.005903 0.017284
0 0.201997 0.151775 0.005903 0.017438
0 0.201780 0.153472 0.005816 0.017438
0 0.201519 0.155247 0.005816 0.017284
0 0.201519 0.156944 0.005816 0.017284
0 0.201259 0.158719 0.005816 0.017438
0 0.201259 0.160417 0.005816 0.017438
0 0.201259 0.160417 0.005816 0.017438
0 0.201259 0.160417 0.005816 0.017438
0 0.201259 0.160417 0.005816 0.017438
0 0.201259 0.160417 0.005816 0.017438
0 0.201259 0.160417 0.005816 0.017438
0 0.201259 0.160417 0.005816 0.017438
0 0.201259 0.160417 0.005816 0.017438
0 0.201259 0.160417 0.005816 0.017438
0 0.201259 0.160417 0.005816 0.017438
0 0.201259 0.160417 0.005816 0.017438
0 0.201259 0.160417 0.005816 0.017438
0 0.201259 0.160417 0.005816 0.017438
0 0.201259 0.160417 0.005816 0.017438
0 0.201259 0.160417 0.005816 0.017438
0 0.201259 0.160417 0.005816 0.017438
0 0.201259 0.160417 0.005816 0.017438
0 0.201259 0.160417 0.005816 0.017438
0 0.201259 0.160417 0.005816 0.017438
0 0.201259 0.160417 0.005816 0.017438
0 0.201259 0.160417 0.005816 0.017438
0 0.200781 0.160417 0.005903 0.017438
0 0.200564 0.160417 0.005816 0.017438
0 0.200304 0.160417 0.005816 0.017438
0 0.200043 0.160417 0.005816 0.017438
0 0.199826 0.160417 0.005903 0.017438
0 0.199566 0.160417 0.005903 0.017438
0 0.199306 0.160417 0.005903 0.017438
0 0.199089 0.160417 0.005816 0.017438
0 0.198828 0.160417 0.005816 0.017438
0 0.198568 0.160417 0.005816 0.017438
0 0.197613 0.160031 0.005816 0.017284
0 0.196875 0.159568 0.005903 0.017284
0 0.195920 0.159105 0.005903 0.017284
0 0.195182 0.158719 0.005816 0.017438
0 0.194184 0.158256 0.005903 0.017438
0 0.193446 0.157870 0.005816 0.017284
0 0.192491 0.157407 0.005816 0.017284
0 0.191753 0.156944 0.005903 0.017284
0 0.190799 0.156559 0.005903 0.017438
0 0.190061 0.156096 0.005816 0.017438
0 0.189062 0.156096 0.005903 0.017438
0 0.188108 0.156096 0.005903 0.017438
0 0.187109 0.156096 0.005816 0.017438
0 0.186155 0.156096 0.005816 0.017438
0 0.185156 0.156096 0.005903 0.017438
0 0.184201 0.156096 0.005903 0.017438
0 0.183203 0.156096 0.005816 0.017438
0 0.182248 0.156096 0.005816 0.017438
0 0.181250 0.156096 0.005903 0.017438
0 0.180295 0.156096 0.005903 0.017438
0 0.179688 0.155633 0.006076 0.017438
0 0.179167 0.155633 0.006076 0.017438
0 0.178733 0.155247 0.006076 0.017284
0 0.178212 0.155247 0.006076 0.017284
0 0.177734 0.155015 0.006163 0.016821
0 0.177257 0.154784 0.006076 0.017284
0 0.176736 0.154552 0.006076 0.016821
0 0.176259 0.154321 0.006163 0.017284
0 0.175781 0.154167 0.006076 0.016975
0 0.175260 0.154167 0.006076 0.016975
0 0.174306 0.154167 0.006076 0.016975
0 0.173351 0.154167 0.006076 0.016975
0 0.172352 0.154167 0.006163 0.016975
0 0.171615 0.154167 0.006076 0.016975
0 0.170660 0.154167 0.006076 0.016975
0 0.169705 0.154167 0.006076 0.016975
0 0.168924 0.154167 0.006076 0.016975
0 0.167969 0.154167 0.006076 0.016975
0 0.167014 0.154167 0.006076 0.016975
0 0.166233 0.154167 0.006076 0.016975
0 0.166016 0.154167 0.006163 0.016975
0 0.165799 0.154167 0.006076 0.016975
0 0.165799 0.154167 0.006076 0.016975
0 0.165538 0.154321 0.006076 0.017284
0 0.165408 0.154321 0.005816 0.017284
0 0.165278 0.154552 0.006076 0.016821
0 0.165148 0.154552 0.005816 0.016821
0 0.164931 0.154784 0.005903 0.017284
0 0.164931 0.154784 0.005903 0.017284
0 0.164670 0.154784 0.005903 0.017284
