0 0.099870 0.203395 0.008594 0.022531
0 0.098915 0.203858 0.008594 0.022531
0 0.098177 0.204244 0.008507 0.022685
0 0.097439 0.205093 0.008594 0.022531
0 0.096441 0.205556 0.008507 0.022531
0 0.095747 0.206481 0.008507 0.022531
0 0.095009 0.206790 0.008594 0.022531
0 0.094010 0.207253 0.008507 0.022531
0 0.093316 0.208179 0.008507 0.022531
0 0.092578 0.208642 0.008594 0.022531
0 0.091840 0.209414 0.008507 0.022531
0 0.091450 0.209414 0.008247 0.022531
0 0.091233 0.209414 0.008333 0.022531
0 0.091102 0.209414 0.008073 0.022531
0 0.090842 0.209414 0.008073 0.022531
0 0.090712 0.209645 0.007812 0.022068
0 0.090451 0.209645 0.007812 0.022068
0 0.090278 0.209645 0.007812 0.022068
0 0.090148 0.209645 0.007552 0.022068
0 0.089887 0.209645 0.007552 0.022068
0 0.089757 0.209877 0.007292 0.021605
0 0.089497 0.209877 0.007292 0.021605
0 0.089366 0.209877 0.007552 0.021605
0 0.089236 0.209877 0.007812 0.021605
0 0.089063 0.209877 0.007812 0.021605
0 0.089063 0.210108 0.007812 0.022068
0 0.088932 0.210108 0.008073 0.022068
0 0.088672 0.210108 0.008073 0.022068
0 0.088542 0.210108 0.008333 0.022068
0 0.088411 0.210108 0.008594 0.022068
0 0.088411 0.210571 0.008594 0.022068
0 0.088194 0.210957 0.008507 0.022222
0 0.087934 0.211420 0.008507 0.022222
0 0.087674 0.211806 0.008507 0.022068
0 0.087413 0.212500 0.008507 0.022531
0 0.087196 0.213117 0.008594 0.022222
0 0.086936 0.213580 0.008594 0.022222
0 0.086719 0.214198 0.008507 0.022531
0 0.086458 0.214660 0.008507 0.022531
0 0.086198 0.215123 0.008507 0.022531
0 0.086198 0.215972 0.008507 0.022685
0 0.085981 0.215972 0.008594 0.022685
0 0.085720 0.216358 0.008594 0.022531
0 0.085590 0.216358 0.008333 0.022531
0 0.085373 0.216821 0.008247 0.022531
0 0.085373 0.217052 0.008247 0.022068
0 0.085113 0.217284 0.008247 0.022531
0 0.084896 0.217515 0.008333 0.022068
0 0.084766 0.217747 0.008073 0.022531
0 0.084505 0.217901 0.008073 0.022222
0 0.084505 0.218364 0.008073 0.022222
0 0.084505 0.218364 0.008073 0.022222
0 0.084635 0.218750 0.007812 0.022068
0 0.084635 0.218750 0.007812 0.022068
0 0.084766 0.219213 0.007552 0.022068
0 0.084896 0.219213 0.007812 0.022068
0 0.085026 0.219676 0.007552 0.022068
0 0.085026 0.219676 0.007552 0.022068
0 0.085113 0.220062 0.007378 0.022222
0 0.085113 0.220062 0.007378 0.022222
0 0.085373 0.220525 0.007378 0.022222
0 0.085373 0.220525 0.007378 0.022222
0 0.085460 0.220910 0.007552 0.022068
0 0.085460 0.220910 0.007552 0.022068
0 0.085590 0.221373 0.007812 0.022068
0 0.085590 0.221605 0.007812 0.022531
0 0.085720 0.221836 0.008073 0.022068
0 0.085720 0.222068 0.008073 0.022531
0 0.085851 0.222299 0.008333 0.022068
0 0.085851 0.222531 0.008333 0.022531
0 0.085981 0.222917 0.008594 0.022685
0 0.085981 0.222917 0.008594 0.022685
0 0.085981 0.222917 0.008594 0.022685
0 0.085981 0.222917 0.008594 0.022685
0 0.085981 0.222917 0.008594 0.022685
0 0.085981 0.222917 0.008594 0.022685
0 0.085981 0.222917 0.008594 0.022685
0 0.085981 0.222917 0.008594 0.022685
0 0.085981 0.222917 0.008594 0.022685
0 0.085981 0.222917 0.008594 0.022685
0 0.085981 0.223302 0.008594 0.022531
0 0.085981 0.223302 0.008594 0.022531
0 0.086068 0.223534 0.008767 0.022068
0 0.086068 0.223534 0.008767 0.022068
0 0.086198 0.223997 0.009028 0.022068
0 0.086198 0.223997 0.009028 0.022068
0 0.086328 0.224228 0.009288 0.021605
0 0.086328 0.224460 0.009288 0.022068
0 0.086458 0.224614 0.009549 0.021759
0 0.086458 0.224614 0.009549 0.021759
0 0.086589 0.225077 0.009809 0.021759
0 0.086198 0.225077 0.009549 0.021759
0 0.086068 0.225309 0.009288 0.021296
0 0.085851 0.225540 0.009201 0.020833
0 0.085764 0.225772 0.009028 0.021296
0 0.085503 0.226003 0.009028 0.020833
0 0.085373 0.226157 0.008767 0.020525
0 0.085113 0.226312 0.008767 0.020833
0 0.084983 0.226543 0.008507 0.020370
0 0.084766 0.226775 0.008594 0.019907
0 0.084635 0.227238 0.008333 0.019907
0 0.084375 0.227238 0.008333 0.019907
0 0.084375 0.227469 0.008333 0.020370
0 0.084288 0.227701 0.008507 0.020833
0 0.084288 0.227701 0.008507 0.020833
0 0.084288 0.227932 0.008507 0.021296
0 0.084028 0.228086 0.008507 0.021605
0 0.084028 0.228086 0.008507 0.021605
0 0.083898 0.228318 0.008767 0.022068
0 0.083898 0.228549 0.008767 0.022531
0 0.083898 0.229012 0.008767 0.022531
0 0.083507 0.228781 0.009028 0.022068
0 0.083290 0.228549 0.009115 0.021605
0 0.083073 0.228549 0.009028 0.021605
0 0.082812 0.228318 0.009028 0.021142
0 0.082682 0.228318 0.009288 0.021142
0 0.082292 0.228164 0.009549 0.020833
0 0.082075 0.227932 0.009462 0.020370
0 0.081814 0.227932 0.009462 0.020370
0 0.081597 0.227701 0.009549 0.019907
0 0.081467 0.227855 0.009809 0.019599
0 0.081076 0.227469 0.009549 0.019444
0 0.080859 0.227006 0.009462 0.019444
0 0.080599 0.227006 0.009462 0.019444
0 0.080382 0.226620 0.009028 0.019599
0 0.080122 0.226620 0.009028 0.019599
0 0.079861 0.226157 0.009028 0.019599
0 0.079644 0.225694 0.008594 0.019599
0 0.079384 0.225694 0.008594 0.019599
0 0.079167 0.225309 0.008507 0.019444
0 0.079036 0.225309 0.008247 0.019444
0 0.078776 0.224614 0.008247 0.019907
0 0.078646 0.224228 0.008507 0.020062
0 0.078516 0.223997 0.008247 0.020525
0 0.078385 0.223611 0.008507 0.020370
0 0.078299 0.223380 0.008333 0.020833
0 0.078168 0.222685 0.008594 0.021296
0 0.077908 0.222222 0.008594 0.021296
0 0.077908 0.222068 0.008594 0.021605
0 0.077691 0.221605 0.008507 0.021605
0 0.077691 0.221373 0.008507 0.022068
0 0.077431 0.219213 0.008507 0.022068
0 0.077431 0.217284 0.008507 0.021605
0 0.077170 0.215278 0.008507 0.021296
0 0.077170 0.213349 0.008507 0.020833
0 0.076953 0.211651 0.008594 0.020833
0 0.076953 0.209491 0.008594 0.020833
0 0.076693 0.207562 0.008594 0.020370
0 0.076693 0.205556 0.008594 0.020062
0 0.076476 0.203627 0.008507 0.019599
0 0.076476 0.201852 0.008507 0.019444
0 0.076215 0.199691 0.008507 0.019444
0 0.075955 0.197762 0.008507 0.019907
0 0.075738 0.195833 0.008594 0.020370
0 0.075477 0.193673 0.008594 0.020370
0 0.075260 0.191667 0.008507 0.020679
0 0.075000 0.189660 0.008507 0.021296
0 0.074740 0.187500 0.008507 0.021296
0 0.074479 0.185571 0.008507 0.021759
0 0.074262 0.183642 0.008594 0.022222
0 0.074002 0.181636 0.008594 0.022531
0 0.073785 0.181636 0.008507 0.022531
0 0.073785 0.181636 0.008507 0.022531
0 0.073785 0.181636 0.008507 0.022531
0 0.073785 0.181636 0.008507 0.022531
0 0.073785 0.181636 0.008507 0.022531
0 0.073524 0.181636 0.008507 0.022531
0 0.073524 0.181636 0.008507 0.022531
0 0.073524 0.181636 0.008507 0.022531
0 0.073524 0.181636 0.008507 0.022531
0 0.073524 0.182099 0.008507 0.022531
0 0.073264 0.181636 0.008507 0.022531
0 0.073047 0.181250 0.008594 0.022685
0 0.072786 0.180864 0.008594 0.022531
0 0.072569 0.180401 0.008507 0.022531
0 0.072309 0.179938 0.008507 0.022531
0 0.072049 0.179475 0.008507 0.022531
0 0.071832 0.179090 0.008594 0.022685
0 0.071571 0.178704 0.008594 0.022531
0 0.071354 0.178241 0.008507 0.022531
0 0.071094 0.177778 0.008507 0.022531
