0 0.031424 0.145679 0.007812 0.014815
0 0.030208 0.146142 0.007812 0.014815
0 0.029253 0.146991 0.007812 0.014660
0 0.028299 0.147840 0.007812 0.014815
0 0.027257 0.148765 0.007812 0.014815
0 0.026302 0.149614 0.007812 0.014660
0 0.025217 0.150000 0.007552 0.014815
0 0.024262 0.150926 0.007552 0.014815
0 0.023264 0.151775 0.007639 0.014660
0 0.022266 0.152623 0.007552 0.014815
0 0.021311 0.153472 0.007552 0.014660
0 0.020790 0.153935 0.007552 0.014660
0 0.020573 0.154321 0.007639 0.014815
0 0.020095 0.154784 0.007552 0.014815
0 0.019835 0.155247 0.007552 0.014815
0 0.019575 0.155633 0.007552 0.014660
0 0.019141 0.156096 0.007552 0.014660
0 0.018880 0.156559 0.007552 0.014660
0 0.018359 0.156944 0.007552 0.014815
0 0.018142 0.157407 0.007639 0.014815
0 0.017925 0.158256 0.007552 0.014660
0 0.018359 0.157870 0.007552 0.014815
0 0.018880 0.157870 0.007552 0.014815
0 0.019358 0.157407 0.007639 0.014815
0 0.019835 0.157407 0.007552 0.014815
0 0.020356 0.157407 0.007552 0.014815
0 0.020790 0.156944 0.007552 0.014815
0 0.021311 0.156944 0.007552 0.014815
0 0.021832 0.156559 0.007552 0.014660
0 0.022266 0.156559 0.007552 0.014660
0 0.023047 0.156559 0.007552 0.014660
0 0.024002 0.155633 0.007552 0.014660
0 0.025217 0.154784 0.007552 0.014815
0 0.026172 0.153935 0.007552 0.014660
0 0.027387 0.153086 0.007552 0.014815
0 0.028385 0.152623 0.007639 0.014815
0 0.029601 0.151775 0.007639 0.014660
0 0.030599 0.150926 0.007552 0.014815
0 0.031814 0.150000 0.007552 0.014815
0 0.032769 0.149151 0.007552 0.014660
0 0.033984 0.148765 0.007552 0.014815
0 0.034766 0.148302 0.007552 0.014815
0 0.035720 0.147840 0.007552 0.014815
0 0.036415 0.147377 0.007552 0.014815
0 0.037413 0.146991 0.007639 0.014660
0 0.038151 0.146528 0.007552 0.014660
0 0.039106 0.146142 0.007552 0.014815
0 0.039887 0.145679 0.007552 0.014815
0 0.040842 0.145216 0.007552 0.014815
0 0.041536 0.144830 0.007552 0.014660
0 0.042535 0.144830 0.007639 0.014660
0 0.043012 0.144367 0.007552 0.014660
0 0.043793 0.144367 0.007552 0.014660
0 0.044488 0.143981 0.007552 0.014815
0 0.045009 0.143981 0.007552 0.014815
0 0.045703 0.143981 0.007552 0.014815
0 0.046441 0.143519 0.007639 0.014815
0 0.046918 0.143519 0.007552 0.014815
0 0.047700 0.143056 0.007552 0.014815
0 0.048394 0.143056 0.007552 0.014815
0 0.049132 0.143056 0.007639 0.014815
0 0.050130 0.142207 0.007552 0.014660
0 0.051345 0.141821 0.007552 0.014815
0 0.052300 0.140895 0.007552 0.014815
0 0.053516 0.140509 0.007552 0.014660
0 0.054470 0.140046 0.007552 0.014660
0 0.055686 0.139198 0.007552 0.014815
0 0.056727 0.138735 0.007552 0.014815
0 0.057943 0.137886 0.007552 0.014660
0 0.058898 0.137423 0.007552 0.014660
0 0.060113 0.137037 0.007552 0.014815
0 0.061068 0.136111 0.007552 0.014815
0 0.062066 0.135725 0.007639 0.014660
0 0.063194 0.135262 0.007812 0.014660
0 0.064280 0.134414 0.007552 0.014815
0 0.065365 0.133951 0.007812 0.014815
0 0.066319 0.133565 0.007812 0.014660
0 0.067405 0.132639 0.007552 0.014660
0 0.068490 0.132253 0.007812 0.014815
0 0.069531 0.131790 0.007812 0.014815
0 0.070747 0.131327 0.007812 0.014815
0 0.071701 0.130941 0.007812 0.014660
0 0.072917 0.130478 0.007812 0.014660
0 0.073872 0.130093 0.007812 0.014815
0 0.075087 0.129630 0.007812 0.014815
0 0.076128 0.129167 0.007812 0.014815
0 0.077344 0.128781 0.007812 0.014660
0 0.078299 0.128318 0.007812 0.014660
0 0.079514 0.127932 0.007812 0.014815
0 0.080469 0.127469 0.007812 0.014815
0 0.081684 0.127469 0.007812 0.014815
0 0.082639 0.127006 0.007812 0.014815
0 0.083681 0.126620 0.007812 0.014660
0 0.084635 0.126157 0.007812 0.014660
0 0.085590 0.126157 0.007812 0.014660
0 0.086806 0.125772 0.007812 0.014815
0 0.087804 0.125309 0.007726 0.014815
0 0.088802 0.125309 0.007812 0.014815
0 0.089757 0.124846 0.007812 0.014815
0 0.090712 0.124460 0.007812 0.014660
0 0.091927 0.124460 0.007812 0.014660
0 0.092708 0.123997 0.007812 0.014660
0 0.093663 0.123534 0.007812 0.014660
0 0.094358 0.123534 0.007812 0.014660
0 0.095399 0.123148 0.007812 0.014815
0 0.096354 0.123148 0.007812 0.014815
0 0.097049 0.122685 0.007812 0.014815
0 0.098090 0.122222 0.007812 0.014815
0 0.098785 0.122222 0.007812 0.014815
0 0.099740 0.121836 0.007812 0.014660
0 0.100738 0.121836 0.007726 0.014660
0 0.101215 0.121373 0.007812 0.014660
0 0.101997 0.120988 0.007812 0.014815
0 0.102691 0.120988 0.007812 0.014815
0 0.103212 0.120525 0.007812 0.014815
0 0.103906 0.120525 0.007812 0.014815
0 0.104601 0.120062 0.007812 0.014815
0 0.105122 0.119676 0.007812 0.014660
0 0.105903 0.119676 0.007812 0.014660
0 0.106597 0.119213 0.007812 0.014660
0 0.107292 0.119213 0.007812 0.014660
0 0.107552 0.119213 0.007812 0.014660
0 0.107812 0.119444 0.007812 0.015123
0 0.108203 0.119676 0.007552 0.015586
0 0.108507 0.119676 0.007812 0.015586
0 0.108898 0.119907 0.007552 0.016049
0 0.109158 0.120139 0.007552 0.016512
0 0.109549 0.120139 0.007812 0.016512
0 0.109852 0.120293 0.007552 0.016821
0 0.110113 0.120525 0.007552 0.017284
0 0.110634 0.120988 0.007552 0.017284
0 0.110634 0.120988 0.007552 0.017284
0 0.110894 0.120988 0.007552 0.017284
0 0.111111 0.120988 0.007639 0.017284
0 0.111328 0.121373 0.007552 0.017438
0 0.111589 0.121373 0.007552 0.017438
0 0.111719 0.121373 0.007292 0.017438
0 0.111979 0.121836 0.007292 0.017438
0 0.112196 0.121836 0.007378 0.017438
0 0.112457 0.121836 0.007378 0.017438
0 0.112674 0.122222 0.007292 0.017284
0 0.112674 0.121836 0.007292 0.017438
0 0.112934 0.121836 0.007292 0.017438
0 0.113194 0.121836 0.007292 0.017438
0 0.113194 0.121836 0.007292 0.017438
0 0.113455 0.121836 0.007292 0.017438
0 0.113672 0.121373 0.007378 0.017438
0 0.113672 0.121373 0.007378 0.017438
0 0.113889 0.121373 0.007292 0.017438
0 0.114149 0.121373 0.007292 0.017438
0 0.114410 0.121373 0.007292 0.017438
0 0.114410 0.120988 0.007292 0.017284
0 0.114670 0.120525 0.007292 0.017284
0 0.114887 0.120062 0.007378 0.017284
0 0.115148 0.120062 0.007378 0.017284
0 0.115365 0.119676 0.007292 0.017438
0 0.115625 0.119213 0.007292 0.017438
0 0.115885 0.119213 0.007292 0.017438
0 0.116102 0.118827 0.007378 0.017284
0 0.116363 0.118364 0.007378 0.017284
0 0.116580 0.118364 0.007292 0.017284
0 0.116580 0.117515 0.007292 0.017438
0 0.116840 0.117052 0.007292 0.017438
0 0.116840 0.116590 0.007292 0.017438
0 0.117101 0.116204 0.007292 0.017284
0 0.117101 0.115741 0.007292 0.017284
0 0.117318 0.115278 0.007378 0.017284
0 0.117318 0.114892 0.007378 0.017438
0 0.117578 0.114429 0.007378 0.017438
0 0.117578 0.114043 0.007378 0.017284
0 0.117795 0.113580 0.007292 0.017284
0 0.117795 0.113580 0.007292 0.017284
0 0.117795 0.113580 0.007292 0.017284
0 0.117795 0.113580 0.007292 0.017284
0 0.117795 0.113580 0.007292 0.017284
0 0.117795 0.113580 0.007292 0.017284
0 0.117795 0.113580 0.007292 0.017284
0 0.117795 0.113580 0.007292 0.017284
0 0.117795 0.113580 0.007292 0.017284
0 0.117795 0.113580 0.007292 0.017284
0 0.117795 0.113580 0.007292 0.017284
