0 0.147830 0.120062 0.006771 0.022531
0 0.146398 0.120525 0.006858 0.022531
0 0.145139 0.120988 0.006771 0.022531
0 0.143707 0.121451 0.006858 0.022531
0 0.142491 0.121836 0.006858 0.022685
0 0.141102 0.122222 0.007031 0.022531
0 0.139800 0.122685 0.006858 0.022531
0 0.138455 0.123148 0.007118 0.022531
0 0.137109 0.123611 0.006858 0.022531
0 0.135764 0.123997 0.007118 0.022685
0 0.134549 0.124383 0.007118 0.022531
0 0.132943 0.124383 0.007378 0.022531
0 0.131510 0.124846 0.007292 0.022531
0 0.130035 0.125309 0.007292 0.022531
0 0.128559 0.125309 0.007292 0.022531
0 0.127083 0.125772 0.007292 0.022531
0 0.125608 0.126157 0.007292 0.022685
0 0.124175 0.126157 0.007378 0.022685
0 0.122700 0.126543 0.007378 0.022531
0 0.121224 0.127006 0.007378 0.022531
0 0.119792 0.127469 0.007292 0.022531
0 0.118056 0.127469 0.007292 0.022531
0 0.116493 0.127469 0.007118 0.022531
0 0.114887 0.127932 0.007378 0.022531
0 0.113325 0.127932 0.007031 0.022531
0 0.111719 0.128395 0.007292 0.022531
0 0.110113 0.128395 0.007031 0.022531
0 0.108420 0.128395 0.007118 0.022531
0 0.106944 0.128704 0.007118 0.022531
0 0.105252 0.128704 0.007031 0.022531
0 0.103776 0.129167 0.007031 0.022531
0 0.102083 0.129630 0.007118 0.022531
0 0.100391 0.130093 0.007031 0.022531
0 0.098785 0.130556 0.006771 0.022531
0 0.097179 0.130941 0.007031 0.022685
0 0.095616 0.131790 0.006858 0.022531
0 0.093880 0.132253 0.006858 0.022531
0 0.092318 0.132716 0.007031 0.022531
0 0.090755 0.133102 0.006858 0.022685
0 0.089019 0.133488 0.006858 0.022531
0 0.087543 0.134414 0.006858 0.022531
0 0.085634 0.134877 0.006858 0.022531
0 0.083637 0.135648 0.006858 0.022531
0 0.081944 0.136574 0.006771 0.022531
0 0.079991 0.137037 0.006858 0.022531
0 0.078299 0.137886 0.006771 0.022685
0 0.076345 0.138735 0.006858 0.022531
0 0.074392 0.139198 0.006771 0.022531
0 0.072700 0.140046 0.006858 0.022685
0 0.070703 0.140895 0.006858 0.022531
0 0.069010 0.141821 0.006771 0.022531
0 0.067578 0.141821 0.006858 0.022531
0 0.066319 0.142207 0.006771 0.022685
0 0.065104 0.142593 0.006771 0.022531
0 0.063759 0.142593 0.007031 0.022531
0 0.062543 0.143056 0.007031 0.022531
0 0.061328 0.143519 0.007031 0.022531
0 0.059983 0.143519 0.007292 0.022531
0 0.058767 0.143981 0.007292 0.022531
0 0.057552 0.144444 0.007292 0.022531
0 0.056337 0.144830 0.007292 0.022685
0 0.055599 0.145216 0.007378 0.022531
0 0.054861 0.145679 0.007292 0.022531
0 0.054123 0.146142 0.007378 0.022531
0 0.053385 0.146991 0.007292 0.022685
0 0.052691 0.147377 0.007292 0.022531
0 0.051910 0.147840 0.007292 0.022531
0 0.051215 0.148765 0.007292 0.022531
0 0.050477 0.149151 0.007378 0.022685
0 0.049740 0.149537 0.007292 0.022531
0 0.049002 0.150463 0.007378 0.022531
0 0.048524 0.150463 0.007292 0.022531
0 0.048003 0.150926 0.007292 0.022531
0 0.047569 0.151312 0.007292 0.022685
0 0.047049 0.151312 0.007292 0.022685
0 0.046571 0.151698 0.007378 0.022531
0 0.046094 0.152160 0.007292 0.022531
0 0.045573 0.152160 0.007292 0.022531
0 0.045095 0.152623 0.007378 0.022531
0 0.044618 0.153086 0.007292 0.022531
0 0.044097 0.153549 0.007292 0.022531
0 0.043793 0.153549 0.007552 0.022531
0 0.043663 0.153704 0.007812 0.022222
0 0.043533 0.153704 0.008073 0.022222
0 0.043273 0.154167 0.008073 0.022222
0 0.043142 0.154167 0.008333 0.022222
0 0.042925 0.154398 0.008767 0.021759
0 0.042665 0.154552 0.008767 0.022068
0 0.042535 0.154784 0.009028 0.021605
0 0.042405 0.154784 0.009288 0.021605
0 0.042274 0.155247 0.009549 0.021605
0 0.042274 0.155247 0.009549 0.021605
0 0.042535 0.155247 0.009549 0.021605
0 0.042795 0.155247 0.009549 0.021605
0 0.043012 0.155247 0.009462 0.021605
0 0.043273 0.155247 0.009462 0.021605
0 0.043403 0.155247 0.009722 0.021605
0 0.043620 0.155247 0.009809 0.021605
0 0.043880 0.155247 0.009809 0.021605
0 0.044141 0.155247 0.009809 0.021605
0 0.044358 0.155633 0.009722 0.021759
0 0.044878 0.155247 0.009722 0.021605
0 0.045356 0.155247 0.009809 0.021605
0 0.045833 0.155247 0.009722 0.021605
0 0.046311 0.155247 0.009809 0.021605
0 0.046788 0.155247 0.009722 0.021605
0 0.047309 0.154784 0.009722 0.021605
0 0.047786 0.154784 0.009809 0.021605
0 0.048264 0.154784 0.009722 0.021605
0 0.048785 0.154784 0.009722 0.021605
0 0.049479 0.154784 0.009722 0.021605
0 0.049740 0.154784 0.009722 0.021605
0 0.050000 0.154784 0.009722 0.021605
0 0.050217 0.154784 0.009809 0.021605
0 0.050694 0.154784 0.009722 0.021605
0 0.050955 0.154784 0.009722 0.021605
0 0.051215 0.154784 0.009722 0.021605
0 0.051693 0.154784 0.009809 0.021605
0 0.051910 0.154784 0.009722 0.021605
0 0.052170 0.154784 0.009722 0.021605
0 0.052648 0.154784 0.009809 0.021605
0 0.052908 0.154784 0.009809 0.021605
0 0.053385 0.154784 0.009722 0.021605
0 0.053646 0.154784 0.009722 0.021605
0 0.054123 0.154784 0.009809 0.021605
0 0.054601 0.154784 0.009722 0.021605
0 0.054861 0.154784 0.009722 0.021605
0 0.055339 0.154784 0.009809 0.021605
0 0.055599 0.154784 0.009809 0.021605
0 0.056076 0.154784 0.009722 0.021605
0 0.056554 0.155247 0.009809 0.021605
0 0.057075 0.154784 0.009809 0.021605
0 0.057552 0.154784 0.009722 0.021605
0 0.058030 0.154784 0.009809 0.021605
0 0.058507 0.154784 0.009722 0.021605
0 0.059245 0.154784 0.009809 0.021605
0 0.059722 0.154784 0.009722 0.021605
0 0.060243 0.154784 0.009722 0.021605
0 0.060720 0.154784 0.009809 0.021605
0 0.061198 0.154784 0.009722 0.021605
0 0.061936 0.154784 0.009809 0.021605
0 0.062413 0.154398 0.009722 0.021759
0 0.063151 0.154398 0.009809 0.021759
0 0.063628 0.154398 0.009722 0.021759
0 0.064366 0.154398 0.009809 0.021759
0 0.064844 0.154398 0.009722 0.021759
0 0.065582 0.153935 0.009809 0.021759
0 0.066102 0.153935 0.009809 0.021759
0 0.066840 0.153935 0.009722 0.021759
0 0.067318 0.153935 0.009809 0.021759
0 0.068056 0.153935 0.009722 0.021759
0 0.068403 0.153472 0.009549 0.021759
0 0.068793 0.153472 0.009288 0.021759
0 0.069097 0.153472 0.009028 0.021759
0 0.069488 0.153472 0.008767 0.021759
0 0.070139 0.153472 0.008507 0.021759
0 0.070486 0.153241 0.008333 0.021296
0 0.070877 0.153241 0.008073 0.021296
0 0.071181 0.153241 0.007812 0.021296
0 0.071571 0.153241 0.007552 0.021296
0 0.072179 0.153241 0.007378 0.021296
0 0.072656 0.152855 0.007292 0.021142
0 0.073394 0.152855 0.007378 0.021142
0 0.073872 0.152392 0.007292 0.021142
0 0.074653 0.152392 0.007292 0.021142
0 0.075087 0.152160 0.007292 0.021605
0 0.075868 0.152006 0.007292 0.021296
0 0.076345 0.151775 0.007378 0.021759
0 0.077083 0.151543 0.007292 0.021296
0 0.077561 0.151312 0.007378 0.021759
0 0.078299 0.151312 0.007292 0.021759
0 0.078559 0.150849 0.007292 0.021759
0 0.078993 0.150463 0.007292 0.021605
0 0.079514 0.150463 0.007292 0.021605
0 0.079774 0.150000 0.007292 0.021605
0 0.080252 0.150000 0.007378 0.021605
0 0.080729 0.149614 0.007292 0.021759
0 0.081207 0.149614 0.007378 0.021759
0 0.081467 0.149151 0.007378 0.021759
0 0.081944 0.149151 0.007292 0.021759
0 0.082422 0.148688 0.007378 0.021759
