0 0.132682 0.053472 0.005816 0.004784
0 0.132465 0.053009 0.005903 0.004784
0 0.132205 0.053009 0.005903 0.004784
0 0.131988 0.053009 0.005816 0.004784
0 0.131727 0.052855 0.005816 0.005093
0 0.131467 0.052855 0.005816 0.005093
0 0.131250 0.052701 0.005903 0.004784
0 0.130990 0.052469 0.005903 0.005247
0 0.130773 0.052469 0.005816 0.005247
0 0.130512 0.052469 0.005816 0.005247
0 0.130512 0.052469 0.005816 0.005247
0 0.130252 0.052469 0.005816 0.005247
0 0.130252 0.052469 0.005816 0.005247
0 0.130035 0.052469 0.005903 0.005247
0 0.130035 0.052469 0.005903 0.005247
0 0.129774 0.052469 0.005903 0.005247
0 0.129774 0.052469 0.005903 0.005247
0 0.129514 0.052469 0.005903 0.005247
0 0.129514 0.052469 0.005903 0.005247
0 0.129297 0.052469 0.005816 0.005247
0 0.129297 0.052855 0.005816 0.005093
0 0.129036 0.052855 0.005816 0.005093
0 0.128906 0.053241 0.006076 0.005247
0 0.128906 0.053472 0.006076 0.005710
0 0.128689 0.053704 0.006163 0.005247
0 0.128689 0.053935 0.006163 0.005710
0 0.128559 0.054398 0.006424 0.005710
0 0.128342 0.054398 0.006337 0.005710
0 0.128342 0.054784 0.006337 0.005556
0 0.128212 0.055015 0.006597 0.006019
0 0.128212 0.055478 0.006597 0.006019
0 0.127951 0.055478 0.006597 0.006019
0 0.127821 0.055864 0.006337 0.006173
0 0.127821 0.056096 0.006337 0.005710
0 0.127561 0.056327 0.006337 0.006173
0 0.127561 0.056713 0.006337 0.006019
0 0.127431 0.056944 0.006076 0.005556
0 0.127214 0.057176 0.006163 0.006019
0 0.127214 0.057407 0.006163 0.005556
0 0.127083 0.057870 0.005903 0.005556
0 0.127083 0.058256 0.005903 0.005710
0 0.126866 0.058256 0.005816 0.005710
0 0.126606 0.058719 0.005816 0.005710
0 0.126345 0.059105 0.005816 0.005556
0 0.126128 0.059568 0.005903 0.005556
0 0.125868 0.060031 0.005903 0.005556
0 0.125608 0.060417 0.005903 0.005710
0 0.125391 0.060880 0.005816 0.005710
0 0.125130 0.061343 0.005816 0.005710
0 0.124913 0.061728 0.005903 0.005556
0 0.124913 0.062191 0.005903 0.005556
0 0.124653 0.062577 0.005903 0.005710
0 0.124523 0.063040 0.006163 0.005710
0 0.124523 0.063503 0.006163 0.005710
0 0.124306 0.063889 0.006076 0.005556
0 0.124306 0.064738 0.006076 0.005710
0 0.124175 0.065201 0.006337 0.005710
0 0.123915 0.065664 0.006337 0.005710
0 0.123915 0.066049 0.006337 0.005556
0 0.123785 0.066512 0.006597 0.005556
0 0.123785 0.067361 0.006597 0.005710
0 0.123655 0.067824 0.006337 0.005710
0 0.123655 0.068441 0.006337 0.006019
0 0.123655 0.068904 0.006337 0.006019
0 0.123655 0.069599 0.006337 0.006481
0 0.123655 0.070370 0.006337 0.006481
0 0.123655 0.070833 0.006337 0.006481
0 0.123655 0.071528 0.006337 0.006944
0 0.123655 0.071991 0.006337 0.006944
0 0.123655 0.072531 0.006337 0.007407
0 0.123655 0.073457 0.006337 0.007407
0 0.124306 0.073688 0.006597 0.006944
0 0.125000 0.074151 0.006597 0.006944
0 0.125651 0.074614 0.006858 0.006944
0 0.126345 0.075154 0.006858 0.006481
0 0.127083 0.075617 0.006771 0.006481
0 0.127691 0.076080 0.007118 0.006481
0 0.128429 0.076698 0.007031 0.006173
0 0.129036 0.077160 0.007378 0.006173
0 0.129774 0.077546 0.007292 0.006019
0 0.130512 0.078241 0.007378 0.005556
0 0.130512 0.078241 0.007378 0.005556
0 0.130729 0.078627 0.007292 0.005710
0 0.130990 0.079090 0.007292 0.005710
0 0.131250 0.079321 0.007292 0.006173
0 0.131510 0.079707 0.007292 0.006019
0 0.131727 0.079938 0.007378 0.005556
0 0.131944 0.080170 0.007292 0.006019
0 0.132205 0.080633 0.007292 0.006019
0 0.132465 0.081096 0.007292 0.006019
0 0.132726 0.081481 0.007292 0.006173
0 0.133681 0.081327 0.007292 0.006481
0 0.134635 0.081327 0.007292 0.006481
0 0.135634 0.081327 0.007378 0.006481
0 0.136632 0.081327 0.007292 0.006481
0 0.137587 0.081327 0.007292 0.006481
0 0.138542 0.081327 0.007292 0.006481
0 0.139540 0.081327 0.007378 0.006481
0 0.140538 0.081327 0.007292 0.006481
0 0.141493 0.081327 0.007292 0.006481
0 0.142708 0.081327 0.007292 0.006481
0 0.143186 0.081096 0.007378 0.006019
0 0.143793 0.081096 0.007031 0.006019
0 0.144314 0.081096 0.007031 0.006019
0 0.145009 0.081096 0.007031 0.006019
0 0.145530 0.081096 0.007031 0.006019
0 0.146137 0.080864 0.006858 0.005556
0 0.146745 0.080864 0.007031 0.005556
0 0.147352 0.080864 0.006858 0.005556
0 0.147830 0.080864 0.006771 0.005556
0 0.148568 0.080864 0.006858 0.005556
0 0.149523 0.080633 0.006858 0.006019
0 0.150521 0.080633 0.006771 0.006019
0 0.151649 0.080864 0.006597 0.006481
0 0.152604 0.080864 0.006597 0.006481
0 0.153689 0.081096 0.006337 0.006944
0 0.154644 0.081096 0.006337 0.006944
0 0.155642 0.081096 0.006424 0.006944
0 0.156771 0.081250 0.006076 0.007253
0 0.157726 0.081250 0.006076 0.007253
0 0.158811 0.081481 0.005816 0.007716
0 0.159071 0.081481 0.005816 0.007716
0 0.159288 0.081481 0.005903 0.007716
0 0.159549 0.081713 0.005903 0.007253
0 0.159809 0.081944 0.005903 0.007716
0 0.160026 0.082099 0.005816 0.007407
0 0.160286 0.082099 0.005816 0.007407
0 0.160503 0.082330 0.005903 0.007870
0 0.160764 0.082562 0.005903 0.007407
0 0.161024 0.082562 0.005903 0.007407
0 0.161241 0.083025 0.005816 0.007407
0 0.161979 0.082793 0.005903 0.006944
0 0.162977 0.082793 0.005816 0.006944
0 0.163802 0.082793 0.006076 0.006944
0 0.164800 0.082793 0.006163 0.006944
0 0.165799 0.083025 0.006076 0.006481
0 0.166623 0.083025 0.006337 0.006481
0 0.167578 0.083025 0.006337 0.006481
0 0.168490 0.083025 0.006597 0.006481
0 0.169444 0.083025 0.006597 0.006481
0 0.170399 0.083256 0.006597 0.006019
0 0.170660 0.083256 0.006597 0.006019
0 0.171137 0.083256 0.006510 0.006019
0 0.171615 0.083256 0.006597 0.006019
0 0.172135 0.083256 0.006597 0.006019
0 0.172569 0.083256 0.006597 0.006019
0 0.172960 0.083256 0.006858 0.006019
0 0.173481 0.083256 0.006858 0.006019
0 0.173915 0.083256 0.006858 0.006019
0 0.174436 0.083256 0.006858 0.006019
0 0.174913 0.083256 0.006771 0.006019
0 0.175043 0.083256 0.006510 0.006019
0 0.175260 0.083488 0.006597 0.006481
0 0.175521 0.083719 0.006597 0.006944
0 0.175651 0.084028 0.006337 0.006944
0 0.175911 0.084259 0.006337 0.007407
0 0.176172 0.084491 0.006337 0.007870
0 0.176259 0.084954 0.006163 0.007870
0 0.176476 0.085185 0.006076 0.008333
0 0.176736 0.085340 0.006076 0.008642
0 0.176997 0.085802 0.006076 0.008642
0 0.176997 0.085802 0.006076 0.008642
0 0.177127 0.086034 0.005816 0.008179
0 0.177127 0.086265 0.005816 0.008642
0 0.177344 0.086497 0.005903 0.008179
0 0.177344 0.086883 0.005903 0.008333
0 0.177474 0.086883 0.005642 0.008333
0 0.177604 0.087114 0.005903 0.007870
0 0.177734 0.087346 0.005642 0.008333
0 0.177734 0.087577 0.005642 0.007870
0 0.177995 0.087963 0.005642 0.007716
0 0.177995 0.087963 0.005642 0.007716
0 0.178082 0.088194 0.005816 0.008179
0 0.178082 0.088426 0.005816 0.008642
0 0.178212 0.088426 0.006076 0.008642
0 0.178212 0.088657 0.006076 0.009105
0 0.178472 0.089120 0.006076 0.009105
0 0.178472 0.089352 0.006076 0.009568
0 0.178602 0.089352 0.006337 0.009568
0 0.178602 0.089506 0.006337 0.009877
0 0.178733 0.089738 0.006597 0.010340
