0 0.119401 0.119676 0.006163 0.018981
0 0.119184 0.119676 0.006076 0.018981
0 0.119184 0.119676 0.006076 0.018981
0 0.119184 0.119676 0.006076 0.018981
0 0.119184 0.119676 0.006076 0.018981
0 0.119184 0.120062 0.006076 0.019136
0 0.118924 0.120062 0.006076 0.019136
0 0.118924 0.120062 0.006076 0.019136
0 0.118924 0.120062 0.006076 0.019136
0 0.118924 0.120062 0.006076 0.019136
0 0.118924 0.120525 0.006076 0.019136
0 0.118663 0.120062 0.006076 0.019136
0 0.118403 0.120062 0.006076 0.019136
0 0.118186 0.120062 0.006163 0.019136
0 0.117969 0.119676 0.006076 0.018981
0 0.117708 0.119676 0.006076 0.018981
0 0.117448 0.119676 0.006076 0.018981
0 0.117188 0.119213 0.006076 0.018981
0 0.116970 0.119213 0.006163 0.018981
0 0.116710 0.119213 0.006163 0.018981
0 0.116493 0.119213 0.006076 0.018981
0 0.115017 0.119213 0.006076 0.018981
0 0.113802 0.119213 0.006076 0.018981
0 0.112587 0.119213 0.006076 0.018981
0 0.111372 0.119213 0.006076 0.018981
0 0.110156 0.119213 0.006076 0.018981
0 0.108681 0.119213 0.006076 0.018981
0 0.107465 0.119213 0.006076 0.018981
0 0.106250 0.119213 0.006076 0.018981
0 0.105035 0.119213 0.006076 0.018981
0 0.103776 0.119676 0.006163 0.018981
0 0.102821 0.119676 0.006163 0.018981
0 0.102083 0.119676 0.006076 0.018981
0 0.101345 0.119676 0.006163 0.018981
0 0.100347 0.119676 0.006076 0.018981
0 0.099653 0.119676 0.006076 0.018981
0 0.098915 0.119676 0.006163 0.018981
0 0.097917 0.119676 0.006076 0.018981
0 0.097222 0.119676 0.006076 0.018981
0 0.096441 0.119676 0.006076 0.018981
0 0.095747 0.119676 0.006076 0.018981
0 0.095226 0.119213 0.006076 0.018981
0 0.095009 0.119213 0.006163 0.018981
0 0.094748 0.119213 0.006163 0.018981
0 0.094271 0.119059 0.006076 0.018673
0 0.094010 0.119059 0.006076 0.018673
0 0.093793 0.118827 0.006163 0.019136
0 0.093316 0.118596 0.006076 0.018673
0 0.093056 0.118596 0.006076 0.018673
0 0.092795 0.118596 0.006076 0.018673
0 0.092535 0.118596 0.006076 0.018673
0 0.092448 0.118364 0.005903 0.018210
0 0.092448 0.118364 0.005903 0.018210
0 0.092448 0.118133 0.005903 0.017747
0 0.092448 0.118133 0.005903 0.017747
0 0.092448 0.118133 0.005903 0.017747
0 0.092318 0.117901 0.005642 0.017284
0 0.092318 0.117901 0.005642 0.017284
0 0.092318 0.117747 0.005642 0.016975
0 0.092318 0.117747 0.005642 0.016975
0 0.092318 0.117747 0.005642 0.016975
0 0.092318 0.117747 0.005642 0.016975
0 0.092318 0.117747 0.005642 0.016975
0 0.092318 0.117747 0.005642 0.016975
0 0.092318 0.117747 0.005642 0.016975
0 0.092318 0.117747 0.005642 0.016975
0 0.092318 0.117747 0.005642 0.016975
0 0.092318 0.117747 0.005642 0.016975
0 0.092318 0.117747 0.005642 0.016975
0 0.092318 0.117747 0.005642 0.016975
0 0.092318 0.117747 0.005642 0.016975
0 0.091840 0.117747 0.005556 0.016975
0 0.091580 0.117747 0.005556 0.016975
0 0.091363 0.117747 0.005642 0.016975
0 0.091102 0.117978 0.005642 0.016512
0 0.090842 0.118133 0.005642 0.016821
0 0.090625 0.118133 0.005556 0.016821
0 0.090365 0.118364 0.005556 0.016358
0 0.090148 0.118364 0.005642 0.016358
0 0.089887 0.118364 0.005642 0.016358
0 0.089627 0.118750 0.005642 0.016512
0 0.089366 0.118750 0.005642 0.016512
0 0.089366 0.118750 0.005642 0.016512
0 0.089149 0.118750 0.005556 0.016512
0 0.089149 0.118750 0.005556 0.016512
0 0.088889 0.118750 0.005556 0.016512
0 0.088889 0.118750 0.005556 0.016512
0 0.088672 0.118750 0.005642 0.016512
0 0.088672 0.118750 0.005642 0.016512
0 0.088411 0.118750 0.005642 0.016512
0 0.088411 0.118981 0.005642 0.016975
0 0.087934 0.119444 0.005556 0.016975
0 0.087674 0.119907 0.005556 0.016975
0 0.087457 0.120293 0.005642 0.016821
0 0.086936 0.120756 0.005642 0.016821
0 0.086719 0.121142 0.005556 0.016975
0 0.086458 0.121605 0.005556 0.016975
0 0.085981 0.122068 0.005642 0.016975
0 0.085720 0.122454 0.005642 0.016821
0 0.085460 0.122917 0.005642 0.016821
0 0.085243 0.123765 0.005556 0.016975
0 0.084766 0.124228 0.005642 0.016975
0 0.084505 0.125077 0.005642 0.016821
0 0.084028 0.125926 0.005556 0.016975
0 0.083767 0.126852 0.005556 0.016975
0 0.083550 0.127701 0.005642 0.016821
0 0.083030 0.128086 0.005642 0.016975
0 0.082812 0.129012 0.005556 0.016975
0 0.082335 0.129861 0.005642 0.016821
0 0.082075 0.130710 0.005642 0.016975
0 0.081814 0.131559 0.005642 0.016821
0 0.081337 0.132407 0.005556 0.016975
0 0.080859 0.133333 0.005642 0.016975
0 0.080339 0.134414 0.005642 0.016358
0 0.079861 0.135494 0.005556 0.016975
0 0.079384 0.136574 0.005642 0.016358
0 0.078906 0.137423 0.005556 0.016512
0 0.078429 0.138503 0.005642 0.016821
0 0.077908 0.139583 0.005642 0.016512
0 0.077431 0.140509 0.005556 0.016512
0 0.077214 0.141744 0.005642 0.016512
0 0.076432 0.142670 0.005642 0.016512
0 0.075738 0.143904 0.005642 0.016512
0 0.075000 0.145293 0.005556 0.016512
0 0.074262 0.146528 0.005642 0.016512
0 0.073785 0.147917 0.005556 0.016512
0 0.073047 0.148688 0.005642 0.016512
0 0.072309 0.150077 0.005556 0.016512
0 0.071571 0.151312 0.005642 0.016512
0 0.070833 0.152623 0.005556 0.016358
0 0.070356 0.153935 0.005642 0.016512
0 0.069488 0.155015 0.005816 0.016821
0 0.068793 0.156559 0.006337 0.017438
0 0.068012 0.158102 0.006337 0.017747
0 0.067318 0.159568 0.006858 0.018210
0 0.066710 0.161034 0.007031 0.018673
0 0.065842 0.162423 0.007378 0.018673
0 0.065104 0.163889 0.007812 0.019136
0 0.064410 0.165432 0.007812 0.019444
0 0.063628 0.166898 0.008333 0.019907
0 0.063021 0.168519 0.008507 0.020370
0 0.062326 0.169753 0.008507 0.020370
0 0.061589 0.171451 0.008594 0.020370
0 0.060851 0.173225 0.008507 0.020525
0 0.060113 0.174769 0.008594 0.019907
0 0.059375 0.176466 0.008507 0.019907
0 0.058637 0.178009 0.008594 0.020525
0 0.057899 0.179552 0.008507 0.019907
0 0.057205 0.181250 0.008507 0.019907
0 0.056424 0.182948 0.008507 0.019907
0 0.055729 0.184722 0.008507 0.020062
0 0.055208 0.185571 0.008507 0.019907
0 0.054731 0.186883 0.008594 0.020062
0 0.054253 0.187731 0.008507 0.019907
0 0.053776 0.189043 0.008594 0.020062
0 0.053299 0.189892 0.008507 0.019907
0 0.052778 0.191281 0.008507 0.019907
0 0.052300 0.192052 0.008594 0.019907
0 0.051823 0.193441 0.008507 0.019907
0 0.051302 0.194290 0.008507 0.020062
0 0.050825 0.195602 0.008594 0.019907
0 0.050130 0.196836 0.008073 0.019907
0 0.049479 0.198225 0.007812 0.019907
0 0.048915 0.199691 0.007552 0.019444
0 0.048264 0.201003 0.007292 0.019599
0 0.047656 0.202469 0.007118 0.019136
0 0.046962 0.203858 0.006597 0.019136
0 0.046311 0.205093 0.006337 0.019136
0 0.045703 0.206636 0.006163 0.018519
0 0.045095 0.207948 0.005816 0.018673
0 0.044618 0.209645 0.005382 0.018673
0 0.044097 0.210108 0.005382 0.018673
0 0.043880 0.210571 0.005295 0.018673
0 0.043663 0.211034 0.005382 0.018673
0 0.043273 0.211574 0.005642 0.019136
0 0.043012 0.212269 0.005642 0.018673
0 0.042665 0.212731 0.005295 0.018673
0 0.042318 0.213349 0.005642 0.018981
0 0.042057 0.213812 0.005642 0.018981
0 0.041797 0.214198 0.005642 0.019136
0 0.041536 0.215123 0.005642 0.019136
