0 0.243967 0.146605 0.006337 0.019136
0 0.246137 0.146991 0.006337 0.018981
0 0.248481 0.147840 0.006163 0.019136
0 0.250825 0.148534 0.006337 0.018673
0 0.253125 0.149151 0.006076 0.018981
0 0.255556 0.150000 0.006076 0.019136
0 0.257769 0.150694 0.006163 0.018673
0 0.260069 0.151312 0.005903 0.018981
0 0.262413 0.151929 0.006076 0.018673
0 0.264714 0.152855 0.005816 0.018673
0 0.267144 0.153704 0.005816 0.018519
0 0.269358 0.154552 0.005903 0.018673
0 0.271788 0.155478 0.005903 0.018673
0 0.274219 0.156250 0.005903 0.018673
0 0.276432 0.157176 0.005816 0.018673
0 0.278863 0.158102 0.005816 0.018673
0 0.281293 0.158873 0.005816 0.018673
0 0.283507 0.159799 0.005903 0.018673
0 0.285937 0.160648 0.005903 0.018519
0 0.288411 0.161497 0.005816 0.018673
0 0.290842 0.162423 0.005816 0.018673
0 0.293273 0.163657 0.005816 0.018673
0 0.295964 0.165046 0.005816 0.018673
0 0.298655 0.166281 0.005816 0.018673
0 0.301345 0.167593 0.005816 0.018519
0 0.303993 0.168904 0.005903 0.018673
0 0.306684 0.170139 0.005903 0.018673
0 0.309375 0.171528 0.005903 0.018673
0 0.312066 0.172762 0.005903 0.018673
0 0.314757 0.174151 0.005903 0.018673
0 0.317448 0.175386 0.005903 0.018673
0 0.317448 0.175386 0.005903 0.018673
0 0.317448 0.175386 0.005903 0.018673
0 0.317448 0.175386 0.005903 0.018673
0 0.317448 0.175386 0.005903 0.018673
0 0.317448 0.175386 0.005903 0.018673
0 0.317448 0.175386 0.005903 0.018673
0 0.317448 0.175386 0.005903 0.018673
0 0.317448 0.175386 0.005903 0.018673
0 0.317448 0.175386 0.005903 0.018673
0 0.317448 0.175386 0.005903 0.018673
0 0.317448 0.175386 0.005903 0.018673
0 0.317448 0.175386 0.005903 0.018673
0 0.317448 0.175386 0.005903 0.018673
0 0.317448 0.175386 0.005903 0.018673
0 0.317448 0.175386 0.005903 0.018673
0 0.317448 0.175386 0.005903 0.018673
0 0.317448 0.175386 0.005903 0.018673
0 0.317448 0.175386 0.005903 0.018673
0 0.317448 0.175386 0.005903 0.018673
0 0.317448 0.175386 0.005903 0.018673
0 0.317448 0.175386 0.005903 0.018673
0 0.317448 0.175386 0.005903 0.018673
0 0.317448 0.175386 0.005903 0.018673
0 0.317448 0.175386 0.005903 0.018673
0 0.317448 0.175386 0.005903 0.018673
0 0.317448 0.175386 0.005903 0.018673
0 0.317448 0.175386 0.005903 0.018673
0 0.317448 0.175386 0.005903 0.018673
0 0.317448 0.175386 0.005903 0.018673
0 0.317448 0.175386 0.005903 0.018673
0 0.317448 0.175386 0.005903 0.018673
0 0.317448 0.175386 0.005903 0.018673
0 0.317448 0.175386 0.005903 0.018673
0 0.317448 0.175386 0.005903 0.018673
0 0.317448 0.175386 0.005903 0.018673
0 0.317448 0.175386 0.005903 0.018673
0 0.317448 0.175386 0.005903 0.018673
0 0.317448 0.175386 0.005903 0.018673
0 0.317448 0.175386 0.005903 0.018673
0 0.317448 0.175386 0.005903 0.018673
0 0.317448 0.175386 0.005903 0.018673
0 0.317448 0.175386 0.005903 0.018673
0 0.317448 0.175386 0.005903 0.018673
0 0.317448 0.175386 0.005903 0.018673
0 0.317448 0.175386 0.005903 0.018673
0 0.317448 0.175386 0.005903 0.018673
0 0.317448 0.175386 0.005903 0.018673
0 0.317448 0.175386 0.005903 0.018673
0 0.317448 0.175386 0.005903 0.018673
0 0.317448 0.175386 0.005903 0.018673
0 0.317448 0.175386 0.005903 0.018673
0 0.317448 0.175386 0.005903 0.018673
0 0.317448 0.175386 0.005903 0.018673
0 0.317448 0.175386 0.005903 0.018673
0 0.317448 0.175386 0.005903 0.018673
0 0.317448 0.175386 0.005903 0.018673
0 0.317448 0.175386 0.005903 0.018673
0 0.317448 0.175386 0.005903 0.018673
0 0.317448 0.175386 0.005903 0.018673
0 0.317448 0.175386 0.005903 0.018673
0 0.317448 0.175386 0.005903 0.018673
0 0.317448 0.175386 0.005903 0.018673
0 0.317448 0.175386 0.005903 0.018673
0 0.317448 0.175386 0.005903 0.018673
0 0.317448 0.175386 0.005903 0.018673
0 0.317448 0.175386 0.005903 0.018673
0 0.317448 0.175386 0.005903 0.018673
0 0.317448 0.175386 0.005903 0.018673
0 0.317448 0.175386 0.005903 0.018673
0 0.317448 0.175386 0.005903 0.018673
0 0.317448 0.175386 0.005903 0.018673
0 0.317448 0.175386 0.005903 0.018673
0 0.317448 0.175386 0.005903 0.018673
0 0.317448 0.175386 0.005903 0.018673
0 0.317448 0.175386 0.005903 0.018673
0 0.317448 0.175386 0.005903 0.018673
0 0.317448 0.175386 0.005903 0.018673
0 0.317448 0.175386 0.005903 0.018673
0 0.317448 0.175386 0.005903 0.018673
0 0.317448 0.175386 0.005903 0.018673
0 0.317448 0.175386 0.005903 0.018673
0 0.317448 0.175386 0.005903 0.018673
0 0.317448 0.175386 0.005903 0.018673
0 0.317448 0.175386 0.005903 0.018673
0 0.317448 0.175386 0.005903 0.018673
0 0.317448 0.175386 0.005903 0.018673
0 0.317448 0.175386 0.005903 0.018673
0 0.317448 0.175386 0.005903 0.018673
0 0.317448 0.175386 0.005903 0.018673
0 0.317448 0.175386 0.005903 0.018673
0 0.317448 0.175386 0.005903 0.018673
0 0.317448 0.175386 0.005903 0.018673
0 0.317448 0.175386 0.005903 0.018673
0 0.317448 0.175386 0.005903 0.018673
0 0.317448 0.175386 0.005903 0.018673
0 0.317448 0.175386 0.005903 0.018673
0 0.317448 0.175386 0.005903 0.018673
0 0.317448 0.175386 0.005903 0.018673
0 0.317448 0.175386 0.005903 0.018673
0 0.317448 0.175386 0.005903 0.018673
0 0.317448 0.175386 0.005903 0.018673
0 0.317448 0.175386 0.005903 0.018673
0 0.317448 0.175386 0.005903 0.018673
0 0.317448 0.175386 0.005903 0.018673
0 0.317448 0.175386 0.005903 0.018673
0 0.317448 0.175386 0.005903 0.018673
0 0.317448 0.175386 0.005903 0.018673
0 0.317448 0.175386 0.005903 0.018673
0 0.317448 0.175386 0.005903 0.018673
0 0.317448 0.175386 0.005903 0.018673
0 0.317448 0.175386 0.005903 0.018673
0 0.317448 0.175386 0.005903 0.018673
0 0.317448 0.175386 0.005903 0.018673
0 0.317448 0.175386 0.005903 0.018673
0 0.317448 0.175386 0.005903 0.018673
0 0.317448 0.175386 0.005903 0.018673
0 0.317448 0.175386 0.005903 0.018673
0 0.317448 0.175386 0.005903 0.018673
0 0.317448 0.175386 0.005903 0.018673
0 0.317448 0.175386 0.005903 0.018673
0 0.317448 0.175386 0.005903 0.018673
0 0.317448 0.175386 0.005903 0.018673
0 0.317448 0.175386 0.005903 0.018673
0 0.317448 0.175386 0.005903 0.018673
0 0.317448 0.175386 0.005903 0.018673
0 0.317448 0.175386 0.005903 0.018673
0 0.317448 0.175386 0.005903 0.018673
0 0.317448 0.175386 0.005903 0.018673
0 0.317448 0.175386 0.005903 0.018673
0 0.317448 0.175386 0.005903 0.018673
0 0.317448 0.175386 0.005903 0.018673
0 0.317448 0.175386 0.005903 0.018673
0 0.317448 0.175386 0.005903 0.018673
0 0.317448 0.175386 0.005903 0.018673
0 0.317448 0.175386 0.005903 0.018673
0 0.317448 0.175386 0.005903 0.018673
0 0.317448 0.175386 0.005903 0.018673
0 0.317448 0.175386 0.005903 0.018673
0 0.317448 0.175386 0.005903 0.018673
0 0.317448 0.175386 0.005903 0.018673
0 0.317448 0.175386 0.005903 0.018673
0 0.317448 0.175386 0.005903 0.018673
0 0.317448 0.175386 0.005903 0.018673
0 0.317448 0.175386 0.005903 0.018673
0 0.317448 0.175386 0.005903 0.018673
0 0.317448 0.175386 0.005903 0.018673
0 0.317448 0.175386 0.005903 0.018673
0 0.317448 0.175386 0.005903 0.018673
0 0.317448 0.175386 0.005903 0.018673
0 0.317448 0.175386 0.005903 0.018673
