0 0.194184 0.195525 0.008333 0.032099
0 0.193967 0.193827 0.008247 0.032099
0 0.193967 0.192593 0.008247 0.032099
0 0.193837 0.191204 0.007986 0.032099
0 0.193837 0.189969 0.007986 0.032099
0 0.193837 0.188580 0.007986 0.032099
0 0.193750 0.187346 0.007812 0.032099
0 0.193750 0.185957 0.007812 0.032099
0 0.193620 0.184722 0.007552 0.032099
0 0.193620 0.183488 0.007552 0.032099
0 0.193620 0.182099 0.007552 0.032099
0 0.193620 0.181636 0.007552 0.032099
0 0.193620 0.181327 0.007552 0.032099
0 0.193750 0.180864 0.007812 0.032099
0 0.193750 0.180864 0.007812 0.032099
0 0.193837 0.180401 0.007986 0.032099
0 0.193837 0.179938 0.007986 0.032099
0 0.193837 0.179938 0.007986 0.032099
0 0.193967 0.179475 0.008247 0.032099
0 0.193967 0.179090 0.008247 0.032253
0 0.194184 0.179090 0.008333 0.032253
0 0.193967 0.179090 0.008247 0.032253
0 0.193967 0.179090 0.008247 0.032253
0 0.193837 0.179090 0.008507 0.032253
0 0.193837 0.179090 0.008507 0.032253
0 0.193837 0.179090 0.008507 0.032253
0 0.193576 0.179090 0.008507 0.032253
0 0.193576 0.179090 0.008507 0.032253
0 0.193446 0.179090 0.008767 0.032253
0 0.193446 0.179090 0.008767 0.032253
0 0.193446 0.179090 0.008767 0.032253
0 0.193446 0.178704 0.008767 0.032099
0 0.193707 0.178704 0.008767 0.032099
0 0.193837 0.178704 0.008507 0.032099
0 0.193967 0.178704 0.008767 0.032099
0 0.194097 0.178704 0.008507 0.032099
0 0.194314 0.178241 0.008594 0.032099
0 0.194314 0.178241 0.008594 0.032099
0 0.194575 0.178241 0.008594 0.032099
0 0.194705 0.178241 0.008333 0.032099
0 0.194922 0.178241 0.008247 0.032099
0 0.194922 0.178241 0.008247 0.032099
0 0.194922 0.178241 0.008247 0.032099
0 0.194922 0.178241 0.008247 0.032099
0 0.194922 0.178241 0.008247 0.032099
0 0.194922 0.178241 0.008247 0.032099
0 0.194922 0.178241 0.008247 0.032099
0 0.194922 0.178241 0.008247 0.032099
0 0.194922 0.178241 0.008247 0.032099
0 0.194922 0.178241 0.008247 0.032099
0 0.194922 0.178241 0.008247 0.032099
