0 0.146398 0.081250 0.006858 0.018673
0 0.145616 0.081250 0.006858 0.018673
0 0.145009 0.081250 0.007031 0.018673
0 0.144401 0.081250 0.006858 0.018673
0 0.143793 0.081250 0.007031 0.018673
0 0.143316 0.081250 0.007118 0.018673
0 0.142578 0.081250 0.007031 0.018673
0 0.141970 0.081250 0.007378 0.018673
0 0.141363 0.081250 0.007031 0.018673
0 0.140755 0.081250 0.007378 0.018673
0 0.140278 0.081713 0.007292 0.018673
0 0.139280 0.081713 0.007378 0.018673
0 0.138542 0.082176 0.007292 0.018673
0 0.137847 0.082176 0.007292 0.018673
0 0.137109 0.082562 0.007378 0.018519
0 0.136372 0.082948 0.007292 0.018673
0 0.135503 0.082948 0.007118 0.018673
0 0.134766 0.083410 0.007031 0.018673
0 0.134028 0.083410 0.007118 0.018673
0 0.133333 0.083873 0.007118 0.018673
0 0.132595 0.084336 0.007031 0.018673
0 0.131380 0.084799 0.007031 0.018673
0 0.130122 0.085108 0.007118 0.018673
0 0.129167 0.085571 0.007118 0.018673
0 0.127951 0.086034 0.007118 0.018673
0 0.126953 0.086497 0.007031 0.018673
0 0.125738 0.086960 0.007031 0.018673
0 0.124523 0.087346 0.007031 0.018519
0 0.123568 0.087731 0.007031 0.018673
0 0.122352 0.088194 0.007031 0.018673
0 0.121354 0.088889 0.007118 0.018210
0 0.119878 0.087191 0.007118 0.018210
0 0.118663 0.085802 0.007118 0.018210
0 0.117188 0.084568 0.007118 0.018210
0 0.115972 0.082716 0.007118 0.018210
0 0.114540 0.081481 0.007031 0.018210
0 0.113325 0.080247 0.007031 0.018210
0 0.111849 0.078395 0.007031 0.018210
0 0.110634 0.077160 0.007031 0.018210
0 0.109158 0.075772 0.007031 0.018210
0 0.107943 0.074537 0.007031 0.018210
0 0.107205 0.075000 0.007118 0.018210
0 0.106597 0.075772 0.007292 0.018210
0 0.105990 0.076235 0.007639 0.018210
0 0.105382 0.077160 0.007292 0.018210
0 0.104731 0.078009 0.007552 0.018364
0 0.104167 0.078395 0.007812 0.018210
0 0.103516 0.079321 0.007552 0.018210
0 0.102951 0.079784 0.007812 0.018210
0 0.102300 0.080556 0.008073 0.018210
0 0.101866 0.081481 0.008073 0.018210
0 0.101345 0.083642 0.008073 0.018210
0 0.101085 0.086265 0.008073 0.018210
0 0.100608 0.088426 0.007986 0.018210
0 0.100391 0.091049 0.008073 0.018210
0 0.100130 0.093673 0.008073 0.018210
0 0.099609 0.095833 0.008073 0.018210
0 0.099392 0.098457 0.007986 0.018210
0 0.098915 0.100617 0.008073 0.018210
0 0.098655 0.103241 0.008073 0.018210
0 0.098394 0.105710 0.008073 0.018210
0 0.097960 0.110957 0.008073 0.018210
0 0.097439 0.116204 0.008073 0.018210
0 0.096962 0.121451 0.007986 0.018210
0 0.096484 0.126543 0.008073 0.018210
0 0.095964 0.131790 0.008073 0.018210
0 0.095486 0.137037 0.007986 0.018210
0 0.095009 0.142284 0.008073 0.018210
0 0.094488 0.147377 0.008073 0.018210
0 0.094054 0.152623 0.008073 0.018210
0 0.093663 0.158333 0.008333 0.018210
0 0.093403 0.161265 0.008333 0.018210
0 0.093186 0.164815 0.008247 0.018210
0 0.092925 0.168210 0.008247 0.018210
0 0.092708 0.171759 0.008333 0.018210
0 0.092448 0.175154 0.008333 0.018210
0 0.092187 0.178704 0.008333 0.018210
0 0.091970 0.182099 0.008247 0.018210
0 0.091710 0.185648 0.008247 0.018210
0 0.091450 0.189043 0.008247 0.018210
0 0.091450 0.192593 0.008247 0.018210
0 0.091710 0.192361 0.008247 0.017747
0 0.092187 0.192515 0.008333 0.017438
0 0.092578 0.192515 0.008073 0.017438
0 0.092925 0.192515 0.008247 0.016512
0 0.093403 0.192515 0.008333 0.016512
0 0.093793 0.192747 0.008073 0.016049
0 0.094141 0.192515 0.008247 0.015586
0 0.094488 0.192747 0.008073 0.015123
0 0.095009 0.192747 0.008073 0.015123
0 0.095486 0.192978 0.007986 0.014660
0 0.095269 0.193133 0.008073 0.014352
0 0.095269 0.193596 0.008073 0.014352
0 0.095269 0.194059 0.008073 0.014352
0 0.095269 0.194522 0.008073 0.014352
0 0.095269 0.194907 0.008073 0.014198
0 0.095139 0.195370 0.008333 0.014198
0 0.095139 0.195756 0.008333 0.014352
0 0.095139 0.196219 0.008333 0.014352
0 0.095139 0.196682 0.008333 0.014352
0 0.095139 0.197145 0.008333 0.014352
0 0.094878 0.197531 0.008333 0.014198
0 0.094878 0.198380 0.008333 0.014352
0 0.094618 0.199074 0.008333 0.014815
0 0.094618 0.199691 0.008333 0.014198
0 0.094401 0.200540 0.008247 0.014352
0 0.094401 0.201235 0.008247 0.014815
0 0.094141 0.201852 0.008247 0.014198
0 0.094141 0.202546 0.008247 0.014660
0 0.093924 0.203395 0.008333 0.014815
0 0.093924 0.204244 0.008333 0.014660
0 0.093663 0.204707 0.008333 0.014660
0 0.093663 0.205093 0.008333 0.014815
0 0.093533 0.206019 0.008073 0.014815
0 0.093403 0.206404 0.008333 0.014660
0 0.093403 0.207253 0.008333 0.014815
0 0.093273 0.207716 0.008073 0.014815
0 0.093186 0.208179 0.008247 0.014815
0 0.093056 0.209028 0.007986 0.014660
0 0.093056 0.209414 0.007986 0.014815
0 0.093056 0.210340 0.007986 0.014815
0 0.093056 0.210725 0.007986 0.014660
0 0.093273 0.211188 0.008073 0.014660
0 0.093533 0.211651 0.008073 0.014660
0 0.093793 0.212037 0.008073 0.014815
0 0.094054 0.212500 0.008073 0.014815
0 0.094141 0.212963 0.008247 0.014815
0 0.094401 0.213349 0.008247 0.014660
0 0.094618 0.213812 0.008333 0.014660
0 0.094878 0.214198 0.008333 0.014815
0 0.095139 0.214892 0.008333 0.014352
0 0.095356 0.214892 0.008247 0.014352
0 0.095616 0.215355 0.008247 0.014352
0 0.096094 0.215509 0.008333 0.014660
0 0.096354 0.215741 0.008333 0.014198
0 0.096832 0.216127 0.008247 0.014352
0 0.097092 0.216358 0.008247 0.014815
0 0.097309 0.216590 0.008333 0.014352
0 0.097830 0.216821 0.008333 0.014815
0 0.098047 0.217284 0.008247 0.014815
0 0.098524 0.217670 0.008333 0.014660
0 0.098785 0.217670 0.008333 0.014660
0 0.099045 0.218133 0.008333 0.014660
0 0.099262 0.218596 0.008247 0.014660
0 0.099740 0.218596 0.008333 0.014660
0 0.100000 0.218981 0.008333 0.014815
0 0.100260 0.219444 0.008333 0.014815
0 0.100738 0.219444 0.008247 0.014815
0 0.100998 0.219907 0.008247 0.014815
0 0.101215 0.220293 0.008333 0.014660
0 0.101736 0.220756 0.008333 0.014660
0 0.101736 0.220756 0.008333 0.014660
0 0.101736 0.221142 0.008333 0.014815
0 0.101736 0.221142 0.008333 0.014815
0 0.101736 0.221605 0.008333 0.014815
0 0.101953 0.222068 0.008247 0.014815
0 0.101953 0.222068 0.008247 0.014815
0 0.101953 0.222454 0.008247 0.014660
0 0.101953 0.222454 0.008247 0.014660
0 0.101953 0.222917 0.008247 0.014660
0 0.102214 0.223302 0.008247 0.014815
0 0.102214 0.223302 0.008247 0.014815
0 0.102431 0.223765 0.008333 0.014815
0 0.102691 0.224228 0.008333 0.014815
0 0.102691 0.224228 0.008333 0.014815
0 0.102951 0.224614 0.008333 0.014660
0 0.103168 0.225077 0.008247 0.014660
0 0.103168 0.225077 0.008247 0.014660
0 0.103429 0.225463 0.008247 0.014815
0 0.103646 0.225926 0.008333 0.014815
0 0.103906 0.226389 0.008333 0.014815
0 0.103906 0.226157 0.008333 0.014352
0 0.103906 0.226157 0.008333 0.014352
0 0.103906 0.226157 0.008333 0.014352
0 0.103906 0.226157 0.008333 0.014352
0 0.103906 0.226157 0.008333 0.014352
0 0.104036 0.226157 0.008073 0.014352
0 0.104036 0.226157 0.008073 0.014352
0 0.104036 0.226157 0.008073 0.014352
0 0.104036 0.226157 0.008073 0.014352
0 0.104036 0.226157 0.008073 0.014352
