0 0.179557 0.090586 0.007726 0.011420
0 0.179557 0.090586 0.007726 0.011420
0 0.179557 0.090818 0.007726 0.010957
0 0.179644 0.091204 0.007552 0.010802
0 0.179774 0.091204 0.007812 0.010802
0 0.179905 0.091667 0.007552 0.010802
0 0.179905 0.091898 0.007552 0.010340
0 0.180035 0.091898 0.007812 0.010340
0 0.180165 0.092361 0.007552 0.010340
0 0.180165 0.092515 0.007552 0.010031
0 0.180425 0.092978 0.007552 0.010031
0 0.180425 0.092978 0.007552 0.010031
0 0.180425 0.092978 0.007552 0.010031
0 0.180425 0.093210 0.007552 0.009568
0 0.180425 0.093441 0.007552 0.010031
0 0.180425 0.093673 0.007552 0.009568
0 0.180425 0.093673 0.007552 0.009568
0 0.180425 0.093827 0.007552 0.009877
0 0.180425 0.094059 0.007552 0.009414
0 0.180425 0.094059 0.007552 0.009414
0 0.180556 0.094444 0.007292 0.009568
0 0.180556 0.094444 0.007292 0.009568
0 0.180556 0.094676 0.007292 0.010031
0 0.180556 0.094907 0.007292 0.009568
0 0.180556 0.095139 0.007292 0.010031
0 0.180556 0.095370 0.007292 0.009568
0 0.180556 0.095602 0.007292 0.010031
0 0.180556 0.095602 0.007292 0.010031
0 0.180556 0.095988 0.007292 0.009877
0 0.180556 0.095988 0.007292 0.009877
0 0.180556 0.096451 0.007292 0.009877
0 0.180556 0.096451 0.007292 0.009877
0 0.180556 0.096451 0.007292 0.009877
0 0.180556 0.096451 0.007292 0.009877
0 0.180556 0.096605 0.007292 0.009568
0 0.180556 0.096836 0.007292 0.010031
0 0.180556 0.096836 0.007292 0.010031
0 0.180556 0.097068 0.007292 0.009568
0 0.180556 0.097068 0.007292 0.009568
0 0.180556 0.097068 0.007292 0.009568
0 0.180556 0.097531 0.007292 0.009568
0 0.179905 0.097068 0.007552 0.009568
0 0.179470 0.097068 0.007552 0.009568
0 0.178950 0.097068 0.007552 0.009568
0 0.178429 0.097068 0.007552 0.009568
0 0.177995 0.097068 0.007552 0.009568
0 0.177474 0.096836 0.007552 0.009105
0 0.176997 0.096836 0.007639 0.009105
0 0.176519 0.096836 0.007552 0.009105
0 0.175998 0.096836 0.007552 0.009105
0 0.175564 0.096836 0.007552 0.009105
0 0.175043 0.096836 0.007552 0.009105
0 0.174523 0.096836 0.007552 0.009105
0 0.174089 0.096836 0.007552 0.009105
0 0.173568 0.096836 0.007552 0.009105
0 0.173090 0.096836 0.007639 0.009105
0 0.172613 0.096836 0.007552 0.009105
0 0.172092 0.096836 0.007552 0.009105
0 0.171658 0.096836 0.007552 0.009105
0 0.171137 0.096836 0.007552 0.009105
0 0.170616 0.096836 0.007552 0.009105
0 0.170443 0.096836 0.007552 0.009105
0 0.170182 0.096836 0.007552 0.009105
0 0.169922 0.096836 0.007552 0.009105
0 0.169661 0.096836 0.007552 0.009105
0 0.169401 0.097068 0.007552 0.009568
0 0.169184 0.097068 0.007639 0.009568
0 0.168967 0.097068 0.007552 0.009568
0 0.168707 0.097068 0.007552 0.009568
0 0.168446 0.097068 0.007552 0.009568
0 0.168316 0.097531 0.007292 0.009568
0 0.168316 0.097531 0.007292 0.009568
0 0.168316 0.097531 0.007292 0.009568
0 0.168316 0.097531 0.007292 0.009568
0 0.168316 0.097531 0.007292 0.009568
0 0.168316 0.097531 0.007292 0.009568
0 0.168316 0.097531 0.007292 0.009568
0 0.168316 0.097531 0.007292 0.009568
0 0.168316 0.097531 0.007292 0.009568
0 0.168316 0.097531 0.007292 0.009568
0 0.168316 0.097531 0.007292 0.009568
0 0.168099 0.097068 0.007378 0.009568
0 0.168099 0.097068 0.007378 0.009568
0 0.168099 0.097068 0.007378 0.009568
0 0.168099 0.097068 0.007378 0.009568
0 0.168099 0.097068 0.007378 0.009568
0 0.167839 0.096605 0.007378 0.009568
0 0.167839 0.096605 0.007378 0.009568
0 0.167839 0.096605 0.007378 0.009568
0 0.167839 0.096605 0.007378 0.009568
0 0.167839 0.096605 0.007378 0.009568
0 0.167839 0.096605 0.007378 0.009568
0 0.167839 0.096605 0.007378 0.009568
0 0.167839 0.096605 0.007378 0.009568
0 0.167839 0.096605 0.007378 0.009568
0 0.167839 0.096605 0.007378 0.009568
0 0.167839 0.096605 0.007378 0.009568
0 0.167839 0.096605 0.007378 0.009568
0 0.167839 0.096605 0.007378 0.009568
0 0.167839 0.096605 0.007378 0.009568
0 0.167969 0.096605 0.007639 0.009568
0 0.167969 0.096605 0.007639 0.009568
0 0.167969 0.096605 0.007639 0.009568
0 0.167969 0.096605 0.007639 0.009568
0 0.167969 0.096605 0.007639 0.009568
0 0.167969 0.096605 0.007639 0.009568
0 0.167969 0.096605 0.007639 0.009568
0 0.167969 0.096605 0.007639 0.009568
0 0.167969 0.096605 0.007639 0.009568
0 0.167969 0.096605 0.007639 0.009568
0 0.167969 0.096836 0.007639 0.009105
0 0.167969 0.096836 0.007639 0.009105
0 0.167969 0.096836 0.007639 0.009105
0 0.167969 0.096836 0.007639 0.009105
0 0.167969 0.096836 0.007639 0.009105
0 0.168186 0.096836 0.007552 0.009105
0 0.168186 0.096836 0.007552 0.009105
0 0.168186 0.096836 0.007552 0.009105
0 0.168186 0.096836 0.007552 0.009105
0 0.168186 0.096836 0.007552 0.009105
0 0.168446 0.096836 0.007552 0.009105
0 0.168446 0.096836 0.007552 0.009105
0 0.168446 0.096836 0.007552 0.009105
0 0.168446 0.096836 0.007552 0.009105
0 0.168446 0.096836 0.007552 0.009105
0 0.168707 0.096836 0.007552 0.009105
0 0.168707 0.096836 0.007552 0.009105
0 0.168707 0.096836 0.007552 0.009105
0 0.168707 0.096836 0.007552 0.009105
0 0.168707 0.096836 0.007552 0.009105
0 0.168967 0.096836 0.007552 0.009105
0 0.168967 0.096836 0.007552 0.009105
0 0.168967 0.096836 0.007552 0.009105
0 0.168967 0.096836 0.007552 0.009105
0 0.168967 0.096836 0.007552 0.009105
0 0.168967 0.096836 0.007552 0.009105
0 0.168967 0.096836 0.007552 0.009105
0 0.169184 0.096836 0.007639 0.009105
