0 0.194184 0.122685 0.004340 0.021605
0 0.193967 0.122685 0.004427 0.021605
0 0.193967 0.122685 0.004427 0.021605
0 0.193967 0.122685 0.004427 0.021605
0 0.193837 0.122685 0.004687 0.021605
0 0.193837 0.122685 0.004687 0.021605
0 0.193707 0.122685 0.004427 0.021605
0 0.193576 0.122685 0.004687 0.021605
0 0.193576 0.122685 0.004687 0.021605
0 0.193576 0.122685 0.004687 0.021605
0 0.193576 0.122685 0.004687 0.021605
0 0.193576 0.122685 0.004687 0.021605
0 0.193576 0.122685 0.004687 0.021605
0 0.193576 0.122685 0.004687 0.021605
0 0.193576 0.122685 0.004687 0.021605
0 0.193837 0.122685 0.004687 0.021605
0 0.193837 0.122685 0.004687 0.021605
0 0.193837 0.122685 0.004687 0.021605
0 0.193837 0.122685 0.004687 0.021605
0 0.193837 0.122685 0.004687 0.021605
0 0.194054 0.122685 0.004601 0.021605
0 0.194054 0.122685 0.004601 0.021605
0 0.194054 0.122685 0.004601 0.021605
0 0.194054 0.122685 0.004601 0.021605
0 0.194054 0.122685 0.004601 0.021605
0 0.194054 0.122685 0.004601 0.021605
0 0.194054 0.122685 0.004601 0.021605
0 0.194054 0.122685 0.004601 0.021605
0 0.194054 0.122685 0.004601 0.021605
0 0.194054 0.122685 0.004601 0.021605
0 0.194054 0.122685 0.004601 0.021605
0 0.194054 0.122685 0.004601 0.021605
0 0.194054 0.122685 0.004601 0.021605
0 0.194054 0.122685 0.004601 0.021605
0 0.194054 0.122685 0.004601 0.021605
0 0.194054 0.122685 0.004601 0.021605
0 0.194054 0.122685 0.004601 0.021605
0 0.194054 0.122685 0.004601 0.021605
0 0.194054 0.122685 0.004601 0.021605
0 0.194054 0.122685 0.004601 0.021605
0 0.194054 0.122685 0.004601 0.021605
0 0.194054 0.122685 0.004601 0.021605
0 0.194054 0.122685 0.004601 0.021605
0 0.194054 0.122685 0.004601 0.021605
0 0.194184 0.122685 0.004340 0.021605
0 0.194314 0.122685 0.004601 0.021605
0 0.194314 0.122685 0.004601 0.021605
0 0.194444 0.122685 0.004340 0.021605
0 0.194444 0.122685 0.004340 0.021605
0 0.194444 0.122685 0.004340 0.021605
0 0.194661 0.122685 0.004427 0.021605
0 0.194444 0.122685 0.004340 0.021605
0 0.194444 0.122685 0.004340 0.021605
0 0.194444 0.122685 0.004340 0.021605
0 0.194444 0.122685 0.004340 0.021605
0 0.194444 0.122685 0.004340 0.021605
0 0.194184 0.122685 0.004340 0.021605
0 0.194184 0.122685 0.004340 0.021605
0 0.194184 0.122685 0.004340 0.021605
0 0.194184 0.122685 0.004340 0.021605
0 0.194184 0.122685 0.004340 0.021605
0 0.194184 0.122685 0.004340 0.021605
0 0.194184 0.122685 0.004340 0.021605
0 0.194184 0.122685 0.004340 0.021605
0 0.194184 0.122685 0.004340 0.021605
0 0.194184 0.122685 0.004340 0.021605
0 0.194184 0.122685 0.004340 0.021605
0 0.194184 0.122685 0.004340 0.021605
0 0.194184 0.122685 0.004340 0.021605
0 0.194184 0.122685 0.004340 0.021605
0 0.194184 0.122685 0.004340 0.021605
0 0.193446 0.122299 0.004427 0.021759
0 0.192752 0.122299 0.004427 0.021759
0 0.192014 0.122299 0.004340 0.021759
0 0.191276 0.122299 0.004427 0.021759
0 0.190538 0.122299 0.004340 0.021759
0 0.189800 0.121836 0.004427 0.021759
0 0.189062 0.121836 0.004340 0.021759
0 0.188325 0.121836 0.004427 0.021759
0 0.187630 0.121836 0.004427 0.021759
0 0.186892 0.121836 0.004340 0.021759
0 0.186632 0.121836 0.004340 0.021759
0 0.186415 0.121836 0.004427 0.021759
0 0.186155 0.121836 0.004427 0.021759
0 0.185894 0.121836 0.004427 0.021759
0 0.185634 0.121836 0.004427 0.021759
0 0.185417 0.121836 0.004340 0.021759
0 0.185156 0.121836 0.004340 0.021759
0 0.184939 0.121836 0.004427 0.021759
0 0.184679 0.121836 0.004427 0.021759
0 0.184679 0.121836 0.004427 0.021759
0 0.184418 0.121836 0.004427 0.021759
0 0.184201 0.121836 0.004340 0.021759
0 0.183941 0.121836 0.004340 0.021759
0 0.183941 0.121836 0.004340 0.021759
0 0.183724 0.122299 0.004427 0.021759
0 0.183464 0.122299 0.004427 0.021759
0 0.183464 0.122299 0.004427 0.021759
0 0.183203 0.122299 0.004427 0.021759
0 0.182986 0.122299 0.004340 0.021759
0 0.182986 0.122685 0.004340 0.021605
0 0.182726 0.122685 0.004340 0.021605
0 0.182726 0.122685 0.004340 0.021605
0 0.182726 0.122685 0.004340 0.021605
0 0.182509 0.122685 0.004427 0.021605
0 0.182509 0.122685 0.004427 0.021605
0 0.182509 0.122685 0.004427 0.021605
0 0.182248 0.122685 0.004427 0.021605
0 0.182248 0.122685 0.004427 0.021605
0 0.182248 0.122685 0.004427 0.021605
0 0.182248 0.122685 0.004427 0.021605
0 0.181988 0.122685 0.004427 0.021605
0 0.181988 0.122685 0.004427 0.021605
0 0.181988 0.122685 0.004427 0.021605
0 0.181988 0.122685 0.004427 0.021605
0 0.181988 0.122685 0.004427 0.021605
0 0.181727 0.122685 0.004427 0.021605
0 0.181727 0.122685 0.004427 0.021605
0 0.181727 0.122685 0.004427 0.021605
0 0.181727 0.122685 0.004427 0.021605
0 0.181727 0.122685 0.004427 0.021605
0 0.181727 0.122685 0.004427 0.021605
0 0.181727 0.122685 0.004427 0.021605
0 0.181727 0.122685 0.004427 0.021605
0 0.181727 0.122685 0.004427 0.021605
0 0.181727 0.122685 0.004427 0.021605
0 0.181727 0.122685 0.004427 0.021605
0 0.181727 0.122685 0.004427 0.021605
0 0.181727 0.122685 0.004427 0.021605
0 0.181727 0.122685 0.004427 0.021605
0 0.181727 0.122685 0.004427 0.021605
0 0.181727 0.122685 0.004427 0.021605
0 0.181727 0.122685 0.004427 0.021605
0 0.181727 0.122685 0.004427 0.021605
0 0.181727 0.122685 0.004427 0.021605
0 0.181727 0.122685 0.004427 0.021605
0 0.181727 0.122685 0.004427 0.021605
0 0.181727 0.122685 0.004427 0.021605
0 0.181727 0.122685 0.004427 0.021605
0 0.181727 0.122685 0.004427 0.021605
0 0.181727 0.122685 0.004427 0.021605
0 0.181727 0.122685 0.004427 0.021605
0 0.181727 0.122685 0.004427 0.021605
0 0.181727 0.122685 0.004427 0.021605
0 0.181727 0.122685 0.004427 0.021605
0 0.181727 0.122685 0.004427 0.021605
0 0.181727 0.122685 0.004427 0.021605
0 0.181727 0.122685 0.004427 0.021605
0 0.181727 0.122685 0.004427 0.021605
0 0.181727 0.122685 0.004427 0.021605
0 0.181727 0.122685 0.004427 0.021605
0 0.181510 0.122299 0.004340 0.021759
0 0.181510 0.122299 0.004340 0.021759
0 0.181250 0.121836 0.004340 0.021759
0 0.181250 0.121836 0.004340 0.021759
0 0.181250 0.121836 0.004340 0.021759
0 0.181033 0.121373 0.004427 0.021759
0 0.181033 0.121373 0.004427 0.021759
0 0.180773 0.120988 0.004427 0.021605
0 0.180773 0.120988 0.004427 0.021605
0 0.180773 0.120988 0.004427 0.021605
0 0.180773 0.120525 0.004427 0.021605
0 0.180773 0.120525 0.004427 0.021605
0 0.180773 0.120525 0.004427 0.021605
0 0.180773 0.120525 0.004427 0.021605
0 0.180773 0.120525 0.004427 0.021605
0 0.180773 0.120062 0.004427 0.021605
0 0.180773 0.120062 0.004427 0.021605
0 0.180773 0.120062 0.004427 0.021605
0 0.180773 0.120062 0.004427 0.021605
0 0.180773 0.120062 0.004427 0.021605
0 0.180512 0.119676 0.004427 0.021759
0 0.180512 0.119676 0.004427 0.021759
0 0.180512 0.119676 0.004427 0.021759
0 0.180512 0.119213 0.004427 0.021759
0 0.180512 0.119213 0.004427 0.021759
0 0.180295 0.119213 0.004340 0.021759
0 0.180295 0.118750 0.004340 0.021759
0 0.180295 0.118750 0.004340 0.021759
0 0.180295 0.118750 0.004340 0.021759
0 0.180295 0.118750 0.004340 0.021759
