0 0.177474 0.181713 0.004080 0.015586
0 0.177474 0.182176 0.004080 0.015586
0 0.177734 0.182562 0.004080 0.015741
0 0.177734 0.183179 0.004080 0.015123
0 0.177951 0.183873 0.004167 0.015586
0 0.178212 0.184491 0.004167 0.015278
0 0.178212 0.184954 0.004167 0.015278
0 0.178472 0.185571 0.004167 0.015586
0 0.178472 0.186265 0.004167 0.015123
0 0.178733 0.186651 0.004167 0.015278
0 0.178950 0.187577 0.004080 0.015278
0 0.178950 0.187809 0.004080 0.014815
0 0.179080 0.188194 0.004340 0.014660
0 0.179080 0.188657 0.004340 0.014660
0 0.179297 0.189043 0.004427 0.014815
0 0.179297 0.189738 0.004427 0.014352
0 0.179427 0.189969 0.004687 0.013889
0 0.179557 0.190432 0.004427 0.013889
0 0.179688 0.190741 0.004687 0.013889
0 0.179688 0.191204 0.004687 0.013889
0 0.179905 0.191898 0.004601 0.013426
0 0.179427 0.191898 0.004687 0.013426
0 0.178950 0.192361 0.004601 0.013426
0 0.178689 0.192361 0.004601 0.013426
0 0.178212 0.192747 0.004687 0.013580
0 0.177995 0.192747 0.004601 0.013580
0 0.177474 0.193133 0.004601 0.013426
0 0.176997 0.193133 0.004687 0.013426
0 0.176736 0.193596 0.004687 0.013426
0 0.176259 0.193596 0.004601 0.013426
0 0.175998 0.194059 0.004601 0.013426
0 0.175521 0.194059 0.004687 0.013426
0 0.175043 0.194522 0.004601 0.013426
0 0.174566 0.194985 0.004687 0.013426
0 0.174306 0.194985 0.004687 0.013426
0 0.173828 0.195293 0.004601 0.013426
0 0.173351 0.195756 0.004687 0.013426
0 0.173090 0.195756 0.004687 0.013426
0 0.172613 0.196219 0.004601 0.013426
0 0.172092 0.196682 0.004601 0.013426
0 0.171875 0.197145 0.004687 0.013426
0 0.171615 0.196219 0.004687 0.013426
0 0.171615 0.195293 0.004687 0.013426
0 0.171398 0.194522 0.004601 0.013426
0 0.171398 0.193596 0.004601 0.013426
0 0.171398 0.193133 0.004601 0.013426
0 0.171137 0.192361 0.004601 0.013426
0 0.171137 0.191435 0.004601 0.013426
0 0.170877 0.190586 0.004601 0.013580
0 0.170877 0.189738 0.004601 0.013426
0 0.170877 0.189275 0.004601 0.013426
0 0.170660 0.187114 0.004687 0.013426
0 0.170399 0.184954 0.004687 0.013426
0 0.170399 0.182793 0.004687 0.013426
0 0.170182 0.180633 0.004601 0.013426
0 0.170182 0.178472 0.004601 0.013426
0 0.169922 0.176312 0.004601 0.013426
0 0.169661 0.174151 0.004601 0.013426
0 0.169661 0.171991 0.004601 0.013426
0 0.169444 0.169753 0.004687 0.013580
0 0.169444 0.167593 0.004687 0.013580
0 0.168967 0.165046 0.004601 0.013426
0 0.168707 0.162423 0.004601 0.013426
0 0.168446 0.159799 0.004601 0.013426
0 0.168186 0.157639 0.004601 0.013426
0 0.167969 0.155015 0.004687 0.013426
0 0.167708 0.152392 0.004687 0.013426
0 0.167491 0.150231 0.004601 0.013426
0 0.167231 0.147608 0.004601 0.013426
0 0.166970 0.144985 0.004601 0.013426
0 0.166753 0.142824 0.004687 0.013426
0 0.166276 0.141590 0.004601 0.013426
0 0.165755 0.140201 0.004601 0.013426
0 0.165278 0.139429 0.004687 0.013426
0 0.164800 0.138040 0.004601 0.013426
0 0.164323 0.137269 0.004687 0.013426
0 0.163802 0.135880 0.004687 0.013426
0 0.163325 0.134645 0.004601 0.013426
0 0.162847 0.133719 0.004687 0.013426
0 0.162370 0.132485 0.004601 0.013426
0 0.162109 0.131559 0.004601 0.013426
0 0.161372 0.131559 0.004687 0.013426
0 0.160634 0.131559 0.004601 0.013426
0 0.160156 0.132022 0.004687 0.013426
0 0.159418 0.132022 0.004601 0.013426
0 0.158941 0.132485 0.004687 0.013426
0 0.158203 0.132485 0.004601 0.013426
0 0.157465 0.132485 0.004687 0.013426
0 0.156988 0.132948 0.004601 0.013426
0 0.156250 0.132948 0.004687 0.013426
0 0.155773 0.133256 0.004601 0.013426
0 0.154774 0.133256 0.004687 0.013426
0 0.154036 0.133256 0.004601 0.013426
0 0.153342 0.133256 0.004601 0.013426
0 0.152604 0.133256 0.004687 0.013426
0 0.151866 0.133719 0.004601 0.013426
0 0.151128 0.133719 0.004687 0.013426
0 0.150391 0.133719 0.004601 0.013426
0 0.149653 0.133719 0.004687 0.013426
0 0.148915 0.133719 0.004601 0.013426
0 0.148220 0.134182 0.004601 0.013426
0 0.147483 0.134182 0.004687 0.013426
0 0.146962 0.134182 0.004687 0.013426
0 0.146484 0.134182 0.004601 0.013426
0 0.145747 0.134645 0.004687 0.013426
0 0.145269 0.134645 0.004601 0.013426
0 0.144792 0.134645 0.004687 0.013426
0 0.144054 0.135108 0.004601 0.013426
0 0.143576 0.135108 0.004687 0.013426
0 0.143099 0.135108 0.004601 0.013426
0 0.142578 0.135494 0.004601 0.013580
0 0.141840 0.135494 0.004687 0.013580
0 0.141363 0.135494 0.004601 0.013580
0 0.140885 0.135494 0.004687 0.013580
0 0.140408 0.135494 0.004601 0.013580
0 0.139887 0.135494 0.004601 0.013580
0 0.139193 0.135494 0.004601 0.013580
0 0.138672 0.135494 0.004601 0.013580
0 0.138194 0.135494 0.004687 0.013580
0 0.137717 0.135494 0.004601 0.013580
0 0.137196 0.135880 0.004601 0.013426
0 0.136502 0.135880 0.004601 0.013426
0 0.135764 0.136343 0.004687 0.013426
0 0.135286 0.136806 0.004601 0.013426
0 0.134549 0.137269 0.004687 0.013426
0 0.134071 0.137654 0.004601 0.013580
0 0.133290 0.137654 0.004601 0.013580
0 0.132595 0.138040 0.004601 0.013426
0 0.132075 0.138503 0.004601 0.013426
0 0.131380 0.138966 0.004601 0.013426
0 0.130859 0.139429 0.004601 0.013426
0 0.129905 0.139429 0.004601 0.013426
0 0.129167 0.139429 0.004687 0.013426
0 0.128168 0.139429 0.004601 0.013426
0 0.127474 0.139429 0.004601 0.013426
0 0.126736 0.139892 0.004687 0.013426
0 0.125738 0.139892 0.004601 0.013426
0 0.125000 0.139892 0.004687 0.013426
0 0.124045 0.139892 0.004687 0.013426
0 0.123307 0.139892 0.004601 0.013426
0 0.122569 0.140201 0.004687 0.013426
0 0.121615 0.140201 0.004687 0.013426
0 0.120616 0.140201 0.004601 0.013426
0 0.119661 0.140664 0.004601 0.013426
0 0.118924 0.140664 0.004687 0.013426
0 0.117925 0.141127 0.004601 0.013426
0 0.116970 0.141127 0.004601 0.013426
0 0.116233 0.141127 0.004687 0.013426
0 0.115234 0.141590 0.004601 0.013426
0 0.114280 0.141590 0.004601 0.013426
0 0.113542 0.142052 0.004687 0.013426
0 0.112587 0.142052 0.004687 0.013426
0 0.111589 0.142438 0.004601 0.013580
0 0.110634 0.142824 0.004601 0.013426
0 0.109635 0.142824 0.004687 0.013426
0 0.108898 0.143287 0.004601 0.013426
0 0.107943 0.143750 0.004601 0.013426
0 0.106944 0.143750 0.004687 0.013426
0 0.105990 0.144213 0.004687 0.013426
0 0.104991 0.144599 0.004601 0.013580
0 0.104297 0.144985 0.004601 0.013426
0 0.103038 0.145448 0.004687 0.013426
0 0.101823 0.145910 0.004687 0.013426
0 0.100868 0.146373 0.004687 0.013426
0 0.099653 0.146759 0.004687 0.013580
0 0.098655 0.147145 0.004601 0.013426
0 0.097439 0.147608 0.004601 0.013426
0 0.096224 0.148071 0.004601 0.013426
0 0.095269 0.148534 0.004601 0.013426
0 0.094010 0.148997 0.004687 0.013426
0 0.093056 0.149769 0.004687 0.013426
0 0.092057 0.149769 0.004601 0.013426
0 0.091102 0.150231 0.004601 0.013426
0 0.090365 0.150463 0.004687 0.013889
0 0.089366 0.150694 0.004601 0.013426
0 0.088542 0.150926 0.004861 0.013889
0 0.087674 0.151389 0.004687 0.013889
0 0.086806 0.151543 0.004861 0.014198
0 0.085851 0.151698 0.004861 0.013889
0 0.085113 0.151929 0.004948 0.014352
0 0.084115 0.152392 0.004861 0.014352
