0 0.145269 0.005401 0.004601 0.010802
0 0.145269 0.005401 0.004601 0.010802
0 0.145269 0.005401 0.004601 0.010802
0 0.145269 0.005401 0.004601 0.010802
0 0.145269 0.005401 0.004601 0.010802
0 0.145269 0.005401 0.004601 0.010802
0 0.145269 0.005401 0.004601 0.010802
0 0.145269 0.005401 0.004601 0.010802
0 0.145269 0.005401 0.004601 0.010802
0 0.145269 0.005401 0.004601 0.010802
0 0.145269 0.005401 0.004601 0.010802
0 0.145269 0.005401 0.004601 0.010802
0 0.145269 0.005401 0.004601 0.010802
0 0.145269 0.005401 0.004601 0.010802
0 0.145269 0.005401 0.004601 0.010802
0 0.145269 0.005401 0.004601 0.010802
0 0.145269 0.005401 0.004601 0.010802
0 0.145269 0.005401 0.004601 0.010802
0 0.145269 0.005401 0.004601 0.010802
0 0.145269 0.005401 0.004601 0.010802
0 0.145269 0.005401 0.004601 0.010802
0 0.145269 0.005401 0.004601 0.010802
0 0.145269 0.005401 0.004601 0.010802
0 0.145269 0.005401 0.004601 0.010802
0 0.145269 0.005401 0.004601 0.010802
0 0.145269 0.005401 0.004601 0.010802
0 0.145269 0.005401 0.004601 0.010802
0 0.145269 0.005401 0.004601 0.010802
0 0.145269 0.005401 0.004601 0.010802
0 0.145269 0.005401 0.004601 0.010802
0 0.145269 0.005401 0.004601 0.010802
0 0.145269 0.005401 0.004601 0.010802
0 0.145269 0.005401 0.004601 0.010802
0 0.145269 0.005401 0.004601 0.010802
0 0.145269 0.005401 0.004601 0.010802
0 0.145269 0.005401 0.004601 0.010802
0 0.145269 0.005401 0.004601 0.010802
0 0.145269 0.005401 0.004601 0.010802
0 0.145269 0.005401 0.004601 0.010802
0 0.145269 0.005401 0.004601 0.010802
0 0.145269 0.005401 0.004601 0.010802
0 0.145269 0.005401 0.004601 0.010802
0 0.145269 0.005401 0.004601 0.010802
0 0.145269 0.005401 0.004601 0.010802
0 0.145269 0.005401 0.004601 0.010802
0 0.145269 0.005401 0.004601 0.010802
0 0.145269 0.005401 0.004601 0.010802
0 0.145269 0.005401 0.004601 0.010802
0 0.145269 0.005401 0.004601 0.010802
0 0.145269 0.005401 0.004601 0.010802
0 0.145269 0.005401 0.004601 0.010802
0 0.145269 0.005401 0.004601 0.010802
0 0.145269 0.005401 0.004601 0.010802
0 0.145269 0.005401 0.004601 0.010802
0 0.145269 0.005401 0.004601 0.010802
0 0.145269 0.005401 0.004601 0.010802
0 0.145269 0.005401 0.004601 0.010802
0 0.145269 0.005401 0.004601 0.010802
0 0.145269 0.005401 0.004601 0.010802
0 0.145269 0.005401 0.004601 0.010802
0 0.145269 0.005401 0.004601 0.010802
0 0.145269 0.005401 0.004601 0.010802
0 0.145269 0.005401 0.004601 0.010802
0 0.145269 0.005401 0.004601 0.010802
0 0.145269 0.005401 0.004601 0.010802
0 0.145269 0.005401 0.004601 0.010802
0 0.145269 0.005401 0.004601 0.010802
0 0.145269 0.005401 0.004601 0.010802
0 0.145269 0.005401 0.004601 0.010802
0 0.145269 0.005401 0.004601 0.010802
0 0.145269 0.005401 0.004601 0.010802
0 0.145269 0.005401 0.004601 0.010802
0 0.145269 0.005401 0.004601 0.010802
0 0.145269 0.005401 0.004601 0.010802
0 0.145269 0.005401 0.004601 0.010802
0 0.145269 0.005401 0.004601 0.010802
0 0.145269 0.005401 0.004601 0.010802
0 0.145269 0.005401 0.004601 0.010802
0 0.145269 0.005401 0.004601 0.010802
0 0.145269 0.005401 0.004601 0.010802
0 0.145269 0.005401 0.004601 0.010802
0 0.147222 0.014043 0.004687 0.010802
0 0.149175 0.022917 0.004601 0.011265
0 0.151128 0.031559 0.004687 0.011265
0 0.153212 0.040432 0.004861 0.011728
0 0.155252 0.049383 0.004601 0.012037
0 0.157248 0.058102 0.004601 0.012191
0 0.159288 0.066975 0.004861 0.012654
0 0.161285 0.075617 0.004861 0.012654
0 0.163194 0.084568 0.004861 0.012963
0 0.165408 0.093673 0.004948 0.012963
0 0.165408 0.106173 0.004948 0.012963
0 0.165625 0.118827 0.004861 0.012963
0 0.165885 0.131327 0.004861 0.012963
0 0.165885 0.144367 0.004861 0.013117
0 0.166146 0.156944 0.004861 0.012963
0 0.166406 0.169522 0.004861 0.013117
0 0.166406 0.182562 0.004861 0.012963
0 0.166623 0.195139 0.004948 0.013117
0 0.166840 0.207716 0.004861 0.012963
0 0.167101 0.220756 0.004861 0.013117
0 0.167101 0.225077 0.004861 0.013117
0 0.167361 0.229398 0.004861 0.013117
0 0.167361 0.233796 0.004861 0.012963
0 0.167622 0.238117 0.004861 0.012963
0 0.167622 0.242438 0.004861 0.012963
0 0.167839 0.246759 0.004948 0.012963
0 0.167839 0.251080 0.004948 0.012963
0 0.168056 0.255401 0.004861 0.012963
0 0.168056 0.259799 0.004861 0.013117
0 0.168316 0.264120 0.004861 0.013117
0 0.168056 0.264120 0.004861 0.013117
0 0.168056 0.264120 0.004861 0.013117
0 0.168056 0.264120 0.004861 0.013117
0 0.168056 0.264120 0.004861 0.013117
0 0.168056 0.264120 0.004861 0.013117
0 0.168056 0.264120 0.004861 0.013117
0 0.168056 0.264120 0.004861 0.013117
0 0.168056 0.264120 0.004861 0.013117
0 0.168056 0.264120 0.004861 0.013117
0 0.168056 0.264120 0.004861 0.013117
0 0.168056 0.264120 0.004861 0.013117
0 0.168316 0.264120 0.004861 0.013117
0 0.168446 0.264506 0.004601 0.012963
0 0.168576 0.264506 0.004861 0.012963
0 0.168837 0.264969 0.004861 0.012963
0 0.168967 0.264969 0.004601 0.012963
0 0.169097 0.264969 0.004861 0.012963
0 0.169184 0.265432 0.004687 0.012963
0 0.169444 0.265432 0.004687 0.012963
0 0.169661 0.265895 0.004601 0.012963
0 0.169531 0.257176 0.004861 0.013117
0 0.169531 0.248920 0.004861 0.012963
0 0.169531 0.240741 0.004861 0.012963
0 0.169531 0.232022 0.004861 0.013117
0 0.169531 0.223765 0.004861 0.012963
0 0.169531 0.215509 0.004861 0.013117
0 0.169531 0.206867 0.004861 0.013117
0 0.169531 0.198611 0.004861 0.012963
0 0.169531 0.190355 0.004861 0.013117
0 0.169531 0.182099 0.004861 0.012963
0 0.169531 0.174769 0.004861 0.013117
0 0.169531 0.167824 0.004861 0.013117
0 0.169531 0.160417 0.004861 0.013117
0 0.169661 0.153472 0.004601 0.013117
0 0.169792 0.146142 0.004861 0.012963
0 0.169792 0.139198 0.004861 0.012963
0 0.169922 0.131790 0.004601 0.012963
0 0.169922 0.124846 0.004601 0.012963
0 0.169922 0.117438 0.004601 0.012963
0 0.170182 0.110571 0.004601 0.013117
0 0.169922 0.110108 0.004601 0.013117
0 0.169661 0.110108 0.004601 0.013117
0 0.169444 0.110108 0.004687 0.013117
0 0.169444 0.110108 0.004687 0.013117
0 0.169184 0.110108 0.004687 0.013117
0 0.168967 0.109954 0.004601 0.013426
0 0.168967 0.109954 0.004601 0.013426
0 0.168707 0.109954 0.004601 0.013426
0 0.168446 0.109954 0.004601 0.013426
0 0.168446 0.109954 0.004601 0.013426
0 0.168186 0.109491 0.004601 0.013426
0 0.167969 0.109491 0.004687 0.013426
0 0.167708 0.109028 0.004687 0.013426
0 0.167491 0.109028 0.004601 0.013426
0 0.167491 0.108565 0.004601 0.013426
0 0.167231 0.108565 0.004601 0.013426
0 0.166970 0.108102 0.004601 0.013426
0 0.166753 0.108102 0.004687 0.013426
0 0.166493 0.107716 0.004687 0.013580
0 0.166493 0.107716 0.004687 0.013580
0 0.167708 0.107330 0.004687 0.013426
0 0.168967 0.106867 0.004601 0.013426
0 0.170182 0.106404 0.004601 0.013426
0 0.171528 0.105941 0.004861 0.013426
0 0.172830 0.105941 0.004687 0.013426
0 0.174089 0.105556 0.004601 0.013580
0 0.175434 0.105170 0.004861 0.013426
0 0.176649 0.104707 0.004861 0.013426
0 0.177865 0.104244 0.004861 0.013426
0 0.179340 0.104244 0.004861 0.013426
