0 0.204557 0.009414 0.008073 0.018210
0 0.204297 0.010340 0.008073 0.018210
0 0.204080 0.011574 0.007986 0.018210
0 0.203863 0.012500 0.008073 0.018210
0 0.203602 0.013735 0.008073 0.018210
0 0.203342 0.015123 0.008073 0.018210
0 0.203082 0.015972 0.008073 0.018364
0 0.202865 0.017284 0.007986 0.018210
0 0.202648 0.018210 0.008073 0.018210
0 0.202387 0.019444 0.008073 0.018210
0 0.202387 0.020679 0.008073 0.018210
0 0.202127 0.021605 0.008073 0.018210
0 0.201866 0.022531 0.008073 0.018210
0 0.201649 0.023302 0.007986 0.018210
0 0.201389 0.024228 0.007986 0.018210
0 0.201172 0.025463 0.008073 0.018210
0 0.200911 0.026389 0.008073 0.018210
0 0.200651 0.027315 0.008073 0.018210
0 0.200391 0.028086 0.008073 0.018210
0 0.200174 0.029012 0.007986 0.018210
0 0.200174 0.030247 0.007986 0.018210
0 0.199957 0.030710 0.008073 0.018210
0 0.199696 0.031636 0.008073 0.018210
0 0.199436 0.032407 0.008073 0.018210
0 0.199175 0.033333 0.008073 0.018210
0 0.198958 0.034259 0.007986 0.018210
0 0.198741 0.035031 0.008073 0.018210
0 0.198481 0.035957 0.008073 0.018210
0 0.198220 0.036728 0.008073 0.018210
0 0.197960 0.037654 0.008073 0.018210
0 0.197960 0.038580 0.008073 0.018210
0 0.197743 0.038966 0.007986 0.018364
0 0.197483 0.039815 0.007986 0.018210
0 0.197266 0.040278 0.008073 0.018210
0 0.197005 0.041204 0.008073 0.018210
0 0.197005 0.041512 0.008073 0.018210
0 0.196745 0.042438 0.008073 0.018210
0 0.196484 0.042901 0.008073 0.018210
0 0.196267 0.043673 0.007986 0.018210
0 0.196050 0.044136 0.008073 0.018210
0 0.196050 0.045062 0.008073 0.018210
0 0.195790 0.045525 0.008073 0.018210
0 0.195530 0.046296 0.008073 0.018210
0 0.195269 0.047222 0.008073 0.018210
0 0.195052 0.048148 0.007986 0.018210
0 0.194835 0.048920 0.008073 0.018210
0 0.194575 0.049614 0.008073 0.017747
0 0.194314 0.050463 0.008073 0.017901
0 0.194054 0.051312 0.008073 0.017747
0 0.193837 0.052238 0.007986 0.017747
0 0.193750 0.053009 0.007812 0.017747
0 0.193229 0.053472 0.007812 0.017747
0 0.192969 0.054167 0.007812 0.017284
0 0.192708 0.054552 0.007812 0.017438
0 0.192491 0.055247 0.007726 0.016975
0 0.192274 0.055710 0.007812 0.016975
0 0.191884 0.056327 0.007552 0.016358
0 0.191623 0.056713 0.007552 0.016512
0 0.191363 0.057407 0.007552 0.016049
0 0.191146 0.057870 0.007639 0.016049
0 0.190929 0.058488 0.007552 0.015741
0 0.190668 0.058873 0.007552 0.015586
0 0.190408 0.059799 0.007552 0.015586
0 0.190408 0.060648 0.007552 0.015741
0 0.190148 0.061497 0.007552 0.015586
0 0.190148 0.062423 0.007552 0.015586
0 0.189931 0.062886 0.007639 0.015586
0 0.189714 0.063657 0.007552 0.015586
0 0.189714 0.064583 0.007552 0.015586
0 0.189453 0.065432 0.007552 0.015741
0 0.189453 0.066281 0.007552 0.015586
0 0.189193 0.066744 0.007552 0.015586
0 0.188932 0.067207 0.007552 0.015586
0 0.188802 0.067824 0.007292 0.015278
0 0.188672 0.068210 0.007552 0.015123
0 0.188585 0.068904 0.007378 0.014660
0 0.188368 0.069290 0.007292 0.014815
0 0.188238 0.069753 0.007552 0.014815
0 0.188108 0.070448 0.007292 0.014352
0 0.187847 0.070910 0.007292 0.014352
0 0.187847 0.071682 0.007292 0.014352
0 0.187587 0.072145 0.007292 0.014352
0 0.187370 0.072608 0.007378 0.014352
0 0.187109 0.073457 0.007378 0.014198
0 0.186892 0.073843 0.007292 0.014352
0 0.186632 0.074769 0.007292 0.014352
0 0.186372 0.075231 0.007292 0.014352
0 0.186155 0.075617 0.007378 0.014198
0 0.185894 0.076466 0.007378 0.014352
0 0.185677 0.076929 0.007292 0.014352
0 0.185417 0.077778 0.007292 0.014198
0 0.185156 0.078241 0.007292 0.014198
0 0.185156 0.078627 0.007292 0.014352
0 0.184939 0.079090 0.007378 0.014352
0 0.184939 0.079552 0.007378 0.014352
0 0.184679 0.080401 0.007378 0.014198
0 0.184679 0.080787 0.007378 0.014352
0 0.184462 0.081250 0.007292 0.014352
0 0.184462 0.081713 0.007292 0.014352
0 0.184201 0.082176 0.007292 0.014352
0 0.184201 0.082948 0.007292 0.014352
0 0.183681 0.083410 0.007292 0.014352
0 0.183333 0.084105 0.007118 0.013889
0 0.183073 0.084568 0.007118 0.013889
0 0.182726 0.085108 0.006771 0.013426
0 0.182509 0.085571 0.006858 0.013426
0 0.181988 0.086265 0.006858 0.012963
0 0.181597 0.086728 0.006597 0.012963
0 0.181424 0.087346 0.006597 0.012654
0 0.181033 0.087809 0.006337 0.012654
0 0.180773 0.088426 0.006337 0.012037
0 0.180512 0.088812 0.006337 0.012191
0 0.180252 0.089275 0.006337 0.012191
0 0.180252 0.089738 0.006337 0.012191
0 0.180078 0.090586 0.006337 0.012037
0 0.180078 0.090972 0.006337 0.012191
0 0.179818 0.091435 0.006337 0.012191
0 0.179557 0.092361 0.006337 0.012191
0 0.179557 0.092747 0.006337 0.012037
0 0.179297 0.093210 0.006337 0.012037
0 0.179297 0.094059 0.006337 0.012191
0 0.179036 0.094522 0.006337 0.012191
0 0.178863 0.094907 0.006337 0.012037
0 0.178602 0.095370 0.006337 0.012037
0 0.178342 0.095756 0.006337 0.012191
0 0.178082 0.096682 0.006337 0.012191
0 0.177821 0.097145 0.006337 0.012191
0 0.177604 0.097531 0.006424 0.012037
0 0.177387 0.097917 0.006337 0.012191
0 0.177127 0.098380 0.006337 0.012191
0 0.177127 0.099306 0.006337 0.012191
0 0.176606 0.099691 0.006337 0.012037
0 0.176345 0.100154 0.006337 0.012037
0 0.176172 0.100540 0.006337 0.012191
0 0.175911 0.101003 0.006337 0.012191
0 0.175651 0.101852 0.006337 0.012037
0 0.175391 0.102315 0.006337 0.012037
0 0.175130 0.102701 0.006337 0.012191
0 0.174957 0.103164 0.006337 0.012191
0 0.174696 0.103627 0.006337 0.012191
0 0.174436 0.104475 0.006337 0.012037
0 0.174175 0.104630 0.006337 0.011728
0 0.174045 0.105093 0.006076 0.011728
0 0.173828 0.105787 0.006163 0.011265
0 0.173698 0.106250 0.005903 0.011265
0 0.173568 0.106867 0.005642 0.010957
0 0.173307 0.107253 0.005642 0.010802
0 0.173177 0.107716 0.005382 0.010802
0 0.173003 0.108410 0.005382 0.010340
0 0.172873 0.108796 0.005122 0.010494
0 0.172873 0.109491 0.005122 0.010031
0 0.172613 0.109877 0.005122 0.009877
0 0.172613 0.110340 0.005122 0.009877
0 0.172613 0.110725 0.005122 0.010031
0 0.172352 0.111651 0.005122 0.010031
0 0.172352 0.112114 0.005122 0.010031
0 0.172352 0.112500 0.005122 0.009877
0 0.172092 0.113349 0.005122 0.010031
0 0.172092 0.113812 0.005122 0.010031
0 0.172092 0.114275 0.005122 0.010031
0 0.172092 0.115123 0.005122 0.009877
0 0.171832 0.115509 0.005122 0.010031
0 0.171658 0.115972 0.005122 0.010031
0 0.171658 0.116821 0.005122 0.009877
0 0.171398 0.117284 0.005122 0.009877
0 0.171398 0.118133 0.005122 0.010031
0 0.171137 0.118596 0.005122 0.010031
0 0.170877 0.118981 0.005122 0.009877
0 0.170877 0.119830 0.005122 0.010031
0 0.170616 0.120293 0.005122 0.010031
0 0.170616 0.121219 0.005122 0.010031
0 0.170443 0.121605 0.005122 0.009877
0 0.170443 0.122068 0.005122 0.009877
0 0.170182 0.122454 0.005122 0.010031
0 0.170182 0.122917 0.005122 0.010031
0 0.170182 0.123765 0.005122 0.009877
0 0.169922 0.124228 0.005122 0.009877
0 0.169922 0.124614 0.005122 0.010031
0 0.169661 0.125077 0.005122 0.010031
0 0.169661 0.125540 0.005122 0.010031
0 0.169661 0.126389 0.005122 0.009877
