0 0.182726 0.093904 0.004340 0.013426
0 0.182509 0.092978 0.004427 0.013426
0 0.182509 0.092515 0.004427 0.013426
0 0.182378 0.092052 0.004687 0.013426
0 0.182248 0.091667 0.004427 0.013580
0 0.182118 0.091281 0.004687 0.013426
0 0.182118 0.090586 0.004687 0.013889
0 0.181858 0.090123 0.004687 0.013889
0 0.181858 0.089660 0.004687 0.013889
0 0.181771 0.089352 0.004861 0.013889
0 0.181771 0.088889 0.004861 0.013889
0 0.181510 0.087963 0.004861 0.013889
0 0.181250 0.087500 0.004861 0.013889
0 0.180990 0.087191 0.004861 0.013889
0 0.180903 0.086728 0.004687 0.013889
0 0.180773 0.086265 0.004948 0.013889
0 0.180556 0.085571 0.004861 0.013426
0 0.180425 0.085108 0.004601 0.013426
0 0.180165 0.084799 0.004601 0.013426
0 0.179905 0.084336 0.004601 0.013426
0 0.179905 0.083873 0.004601 0.013426
0 0.179688 0.083410 0.004687 0.013426
0 0.179427 0.082948 0.004687 0.013426
0 0.179210 0.082562 0.004601 0.013580
0 0.178950 0.082176 0.004601 0.013426
0 0.178950 0.082176 0.004601 0.013426
0 0.178689 0.081713 0.004601 0.013426
0 0.178472 0.081250 0.004687 0.013426
0 0.178212 0.080787 0.004687 0.013426
0 0.177995 0.080401 0.004601 0.013580
0 0.177995 0.080401 0.004601 0.013580
0 0.177734 0.080015 0.004601 0.013426
0 0.177474 0.079552 0.004601 0.013426
0 0.177344 0.079090 0.004340 0.013426
0 0.177127 0.078627 0.004427 0.013426
0 0.176997 0.078164 0.004167 0.013426
0 0.176736 0.077855 0.004167 0.013426
0 0.176476 0.077392 0.004167 0.013426
0 0.176345 0.076929 0.003906 0.013426
0 0.176172 0.076466 0.003906 0.013426
0 0.176042 0.076235 0.003646 0.013889
0 0.175781 0.076003 0.003646 0.013426
0 0.175781 0.076003 0.003646 0.013426
0 0.175521 0.076003 0.003646 0.013426
0 0.175521 0.076003 0.003646 0.013426
0 0.175391 0.076003 0.003385 0.013426
0 0.175260 0.076003 0.003646 0.013426
0 0.175174 0.076003 0.003472 0.013426
0 0.175043 0.076003 0.003733 0.013426
0 0.174913 0.076003 0.003472 0.013426
0 0.174913 0.076003 0.003472 0.013426
0 0.174696 0.076003 0.003385 0.013426
0 0.174436 0.076003 0.003385 0.013426
0 0.174436 0.076003 0.003385 0.013426
0 0.174175 0.076003 0.003385 0.013426
0 0.174175 0.076466 0.003385 0.013426
0 0.173958 0.076466 0.003472 0.013426
0 0.173698 0.076466 0.003472 0.013426
0 0.173698 0.076466 0.003472 0.013426
0 0.173481 0.076466 0.003385 0.013426
0 0.173481 0.076929 0.003385 0.013426
0 0.173220 0.076698 0.003385 0.013889
0 0.173220 0.076698 0.003385 0.013889
0 0.172960 0.076698 0.003385 0.013889
0 0.172960 0.076698 0.003385 0.013889
0 0.172830 0.076698 0.003646 0.013889
0 0.172700 0.076698 0.003385 0.013889
0 0.172569 0.076698 0.003646 0.013889
0 0.172483 0.076698 0.003472 0.013889
0 0.172352 0.076698 0.003733 0.013889
0 0.172352 0.076698 0.003733 0.013889
0 0.172135 0.076235 0.003646 0.013889
0 0.171875 0.076235 0.003646 0.013889
0 0.171615 0.076235 0.003646 0.013889
0 0.171615 0.075772 0.003646 0.013889
0 0.171354 0.075772 0.003646 0.013889
0 0.171137 0.075772 0.003733 0.013889
0 0.171137 0.075463 0.003733 0.013889
0 0.170920 0.075463 0.003646 0.013889
0 0.170660 0.075463 0.003646 0.013889
0 0.170660 0.075463 0.003646 0.013889
0 0.170399 0.075000 0.003646 0.013889
0 0.170139 0.075000 0.003646 0.013889
0 0.169922 0.075000 0.003733 0.013889
0 0.169705 0.075000 0.003646 0.013889
0 0.169444 0.075000 0.003646 0.013889
0 0.169184 0.074537 0.003646 0.013889
0 0.168924 0.074537 0.003646 0.013889
0 0.168663 0.074537 0.003646 0.013889
0 0.168490 0.074537 0.003646 0.013889
0 0.168490 0.074537 0.003646 0.013889
0 0.167969 0.074074 0.003646 0.013889
0 0.167708 0.073843 0.003646 0.014352
0 0.167448 0.073843 0.003646 0.014352
0 0.167231 0.073688 0.003733 0.014660
0 0.167014 0.073688 0.003646 0.014660
0 0.166623 0.073225 0.003906 0.014660
0 0.166363 0.072994 0.003906 0.015123
0 0.166102 0.072994 0.003906 0.015123
0 0.165929 0.072762 0.003906 0.015586
0 0.165668 0.072762 0.003906 0.015586
0 0.165148 0.072608 0.003906 0.015278
0 0.164887 0.072608 0.003906 0.015278
0 0.164714 0.072608 0.003906 0.015278
0 0.164193 0.072608 0.003906 0.015278
0 0.163932 0.072608 0.003906 0.015278
0 0.163672 0.072608 0.003906 0.015278
0 0.163238 0.072608 0.003906 0.015278
0 0.162977 0.072608 0.003906 0.015278
0 0.162717 0.072608 0.003906 0.015278
0 0.162457 0.072608 0.003906 0.015278
0 0.162023 0.072145 0.003906 0.015278
0 0.161502 0.072145 0.003906 0.015278
0 0.161111 0.072145 0.004167 0.015278
0 0.160677 0.072145 0.004167 0.015278
0 0.160417 0.072145 0.004167 0.015278
0 0.159896 0.072145 0.004167 0.015278
0 0.159418 0.072145 0.004080 0.015278
0 0.159071 0.072145 0.004427 0.015278
0 0.158550 0.072145 0.004427 0.015278
0 0.158333 0.072145 0.004340 0.015278
0 0.157856 0.071991 0.004427 0.015586
0 0.157465 0.071991 0.004687 0.016512
0 0.157118 0.071991 0.004861 0.016512
0 0.156597 0.071914 0.004861 0.017284
0 0.156293 0.072145 0.005122 0.017747
0 0.155903 0.071914 0.005382 0.018210
0 0.155382 0.071914 0.005382 0.019136
0 0.155035 0.071914 0.005556 0.019136
0 0.154644 0.071914 0.005816 0.020062
0 0.154427 0.072145 0.005903 0.020525
0 0.153819 0.072531 0.006076 0.020370
0 0.153299 0.072994 0.006076 0.020370
0 0.152865 0.073457 0.006076 0.020370
0 0.152344 0.073920 0.006076 0.020370
0 0.151866 0.074383 0.006163 0.020370
0 0.151259 0.074691 0.006337 0.020370
0 0.150738 0.075154 0.006337 0.020370
0 0.150304 0.075617 0.006337 0.020370
0 0.149783 0.076080 0.006337 0.020370
0 0.149262 0.076543 0.006337 0.020370
0 0.148568 0.077778 0.006337 0.020370
0 0.148047 0.079090 0.006337 0.020525
0 0.147352 0.080401 0.006337 0.020370
0 0.146832 0.081636 0.006337 0.020370
0 0.146137 0.083025 0.006337 0.020370
0 0.145616 0.084259 0.006337 0.020370
0 0.144922 0.085648 0.006337 0.020370
0 0.144401 0.086883 0.006337 0.020370
0 0.143707 0.088272 0.006337 0.020370
0 0.143186 0.089969 0.006337 0.020370
0 0.142491 0.090741 0.006337 0.020370
0 0.141710 0.092130 0.006337 0.020370
0 0.141016 0.093364 0.006337 0.020370
0 0.140234 0.094753 0.006337 0.020370
0 0.139800 0.095988 0.006337 0.020370
0 0.139019 0.097377 0.006337 0.020370
0 0.138325 0.098611 0.006337 0.020370
0 0.137587 0.099923 0.006424 0.020525
0 0.136849 0.101235 0.006337 0.020370
0 0.136328 0.102469 0.006337 0.020370
0 0.135503 0.103627 0.006597 0.020833
0 0.134809 0.104707 0.006597 0.021142
0 0.134028 0.105787 0.006597 0.021759
0 0.133333 0.107099 0.006597 0.021605
0 0.132552 0.108179 0.006597 0.022222
0 0.131858 0.109259 0.006597 0.022531
0 0.131120 0.110494 0.006510 0.022531
0 0.130382 0.111651 0.006597 0.022994
0 0.129687 0.112654 0.006597 0.023457
0 0.129036 0.114043 0.006858 0.023457
0 0.128342 0.114892 0.006858 0.023302
0 0.127821 0.115741 0.006858 0.023457
0 0.127344 0.116667 0.006771 0.023457
0 0.126866 0.117438 0.006858 0.023457
0 0.126345 0.118364 0.006858 0.023457
0 0.125651 0.119213 0.006858 0.023302
0 0.125130 0.120062 0.006858 0.023457
0 0.124653 0.120988 0.006771 0.023457
0 0.124175 0.121836 0.006858 0.023302
0 0.123655 0.122685 0.006858 0.023457
