0 0.114410 0.011188 0.005903 0.018981
0 0.114627 0.011651 0.005816 0.018981
0 0.114887 0.012500 0.005816 0.019136
0 0.115148 0.013349 0.005816 0.018981
0 0.115365 0.014043 0.005903 0.019444
0 0.115885 0.014892 0.005903 0.019599
0 0.116102 0.015741 0.005816 0.019444
0 0.116363 0.016435 0.005816 0.019907
0 0.116580 0.017284 0.005903 0.020062
0 0.116840 0.018133 0.005903 0.019907
0 0.117318 0.019059 0.005816 0.019907
0 0.117578 0.019213 0.005816 0.019599
0 0.117839 0.019676 0.005816 0.019599
0 0.118186 0.020293 0.006163 0.018981
0 0.118533 0.020756 0.005816 0.018981
0 0.118924 0.021373 0.006076 0.018673
0 0.119184 0.021836 0.006076 0.018673
0 0.119531 0.022299 0.005903 0.018673
0 0.119878 0.022917 0.006076 0.018364
0 0.120139 0.023302 0.006076 0.018210
0 0.120616 0.023997 0.006163 0.017747
0 0.120616 0.024460 0.006163 0.017747
0 0.120877 0.025309 0.006163 0.017901
0 0.121094 0.025694 0.006076 0.017747
0 0.121094 0.026620 0.006076 0.017747
0 0.121354 0.027469 0.006076 0.017901
0 0.121615 0.027855 0.006076 0.017747
0 0.121615 0.028781 0.006076 0.017747
0 0.121875 0.029244 0.006076 0.017747
0 0.122092 0.030093 0.006163 0.017901
0 0.122309 0.030941 0.006076 0.017747
0 0.122569 0.031404 0.006076 0.017747
0 0.122830 0.031790 0.006076 0.017901
0 0.123090 0.032253 0.006076 0.017901
0 0.123394 0.032639 0.006337 0.017747
0 0.123785 0.033102 0.006076 0.017747
0 0.124045 0.033565 0.006076 0.017747
0 0.124436 0.034028 0.006337 0.017747
0 0.124653 0.034414 0.006424 0.017901
0 0.124870 0.034799 0.006337 0.017747
0 0.125391 0.035725 0.006337 0.017747
0 0.125651 0.035957 0.006337 0.017284
0 0.125998 0.036343 0.006163 0.017438
0 0.126215 0.036806 0.006076 0.017438
0 0.126736 0.037037 0.006076 0.016975
0 0.126997 0.037654 0.006076 0.016358
0 0.127344 0.038040 0.005903 0.016512
0 0.127691 0.038272 0.006076 0.016049
0 0.128082 0.038735 0.005816 0.016049
0 0.128299 0.039198 0.005903 0.016049
0 0.128819 0.039892 0.005903 0.015586
0 0.129036 0.040278 0.005816 0.015741
0 0.129297 0.040664 0.005816 0.015586
0 0.129514 0.041590 0.005903 0.015586
0 0.130035 0.042052 0.005903 0.015586
0 0.130252 0.042824 0.005816 0.015586
0 0.130512 0.043287 0.005816 0.015586
0 0.130990 0.043750 0.005903 0.015586
0 0.131250 0.044599 0.005903 0.015741
0 0.131467 0.044985 0.005816 0.015586
0 0.131988 0.045910 0.005816 0.015586
0 0.132205 0.045910 0.005903 0.015586
0 0.132682 0.046373 0.005816 0.015586
0 0.132943 0.046373 0.005816 0.015586
0 0.133420 0.046836 0.005903 0.015586
0 0.133681 0.046836 0.005903 0.015586
0 0.134158 0.047222 0.005816 0.015741
0 0.134418 0.047222 0.005816 0.015741
0 0.134896 0.047608 0.005903 0.015586
0 0.135156 0.047608 0.005903 0.015586
0 0.135634 0.048071 0.005816 0.015586
0 0.135894 0.048534 0.005816 0.015586
0 0.136111 0.048997 0.005903 0.015586
0 0.136372 0.049383 0.005903 0.015741
0 0.136719 0.049769 0.006076 0.015586
0 0.137109 0.050231 0.005816 0.015586
0 0.137326 0.050694 0.005903 0.015586
0 0.137717 0.051157 0.006163 0.015586
0 0.137934 0.051543 0.006076 0.015741
0 0.138194 0.051929 0.006076 0.015586
0 0.138672 0.052855 0.006163 0.015586
0 0.138932 0.052855 0.006163 0.015586
0 0.139149 0.053318 0.006076 0.015586
0 0.139410 0.053704 0.006076 0.015741
0 0.139670 0.053704 0.006076 0.015741
0 0.140061 0.054090 0.006337 0.015586
0 0.140234 0.054552 0.006337 0.015586
0 0.140495 0.054552 0.006337 0.015586
0 0.140755 0.055015 0.006337 0.015586
0 0.141016 0.055478 0.006337 0.015586
0 0.141450 0.055941 0.006337 0.015586
0 0.141710 0.055941 0.006337 0.015586
0 0.142231 0.056327 0.006337 0.015741
0 0.142491 0.056327 0.006337 0.015741
0 0.142925 0.056713 0.006337 0.015586
0 0.143186 0.057176 0.006337 0.015586
0 0.143707 0.057176 0.006337 0.015586
0 0.143967 0.057639 0.006337 0.015586
0 0.144401 0.057639 0.006337 0.015586
0 0.144661 0.058102 0.006337 0.015586
0 0.145182 0.058488 0.006337 0.015741
0 0.145356 0.058873 0.006337 0.015586
0 0.145616 0.059336 0.006337 0.015586
0 0.145877 0.059799 0.006337 0.015586
0 0.146137 0.060262 0.006337 0.015586
0 0.146615 0.060648 0.006424 0.015741
0 0.146832 0.061034 0.006337 0.015586
0 0.147092 0.061497 0.006337 0.015586
0 0.147352 0.061960 0.006337 0.015586
0 0.147613 0.062423 0.006337 0.015586
0 0.148047 0.063040 0.006337 0.015278
0 0.148307 0.063040 0.006337 0.015278
0 0.148568 0.063503 0.006337 0.015278
0 0.148958 0.063889 0.006597 0.015123
0 0.149262 0.064352 0.006337 0.015123
0 0.149653 0.064815 0.006597 0.015123
0 0.149913 0.065046 0.006597 0.015586
0 0.150304 0.065432 0.006337 0.015741
0 0.150608 0.065818 0.006597 0.015586
0 0.150868 0.066281 0.006597 0.015586
0 0.151389 0.066744 0.006597 0.015586
0 0.151649 0.067207 0.006597 0.015586
0 0.151823 0.067593 0.006597 0.015741
0 0.152083 0.067978 0.006597 0.015586
0 0.152344 0.068441 0.006597 0.015586
0 0.152604 0.068904 0.006597 0.015586
0 0.152865 0.069367 0.006597 0.015586
0 0.153082 0.069753 0.006510 0.015741
0 0.153299 0.070216 0.006597 0.015741
0 0.153559 0.070602 0.006597 0.015586
0 0.154080 0.071065 0.006597 0.015586
0 0.154297 0.071528 0.006510 0.015586
0 0.154514 0.071991 0.006597 0.015586
0 0.155035 0.072377 0.006597 0.015741
0 0.155295 0.072762 0.006597 0.015586
0 0.155729 0.073225 0.006597 0.015586
0 0.155990 0.073688 0.006597 0.015586
0 0.156250 0.074151 0.006597 0.015586
0 0.156771 0.074537 0.006597 0.015741
0 0.156988 0.074923 0.006510 0.015586
0 0.157465 0.075849 0.006597 0.015586
0 0.157595 0.075849 0.006337 0.015586
0 0.157856 0.076080 0.006337 0.015123
0 0.158116 0.076235 0.006337 0.014815
0 0.158290 0.076698 0.006337 0.014815
0 0.158550 0.076929 0.006337 0.014352
0 0.158681 0.076929 0.006076 0.014352
0 0.158941 0.077392 0.006076 0.014352
0 0.159201 0.077623 0.006076 0.013889
0 0.159418 0.077855 0.006163 0.013426
0 0.159679 0.078164 0.006163 0.013426
0 0.159896 0.078395 0.006076 0.013889
0 0.160156 0.078858 0.006076 0.013889
0 0.160417 0.079321 0.006076 0.013889
0 0.160634 0.080015 0.006163 0.014352
0 0.160894 0.080401 0.006163 0.014198
0 0.161111 0.080787 0.006076 0.014352
0 0.161372 0.081481 0.006076 0.014815
0 0.161632 0.081944 0.006076 0.014815
0 0.161892 0.082330 0.006076 0.014660
0 0.162326 0.083025 0.006076 0.015123
0 0.162587 0.083410 0.006076 0.015278
0 0.163108 0.084259 0.006076 0.015123
0 0.163325 0.085185 0.006163 0.015123
0 0.163802 0.085880 0.006076 0.015586
0 0.164323 0.086651 0.006076 0.015586
0 0.164540 0.087346 0.006163 0.015123
0 0.165017 0.088040 0.006076 0.015586
0 0.165278 0.088812 0.006076 0.015586
0 0.165799 0.089738 0.006076 0.015586
0 0.166233 0.090586 0.006076 0.015741
0 0.166493 0.090972 0.006076 0.015586
0 0.166753 0.091435 0.006076 0.015586
0 0.167014 0.092361 0.006076 0.015586
0 0.167231 0.092747 0.006163 0.015741
0 0.167578 0.093596 0.006337 0.015586
0 0.167839 0.094059 0.006337 0.015586
0 0.168099 0.094522 0.006337 0.015586
0 0.168359 0.095370 0.006337 0.015741
0 0.168576 0.095756 0.006424 0.015586
0 0.169054 0.096682 0.006337 0.015586
