0 0.160156 0.119213 0.006597 0.017438
0 0.160156 0.118133 0.006597 0.017747
0 0.160156 0.117284 0.006597 0.017901
0 0.160156 0.116435 0.006597 0.017747
0 0.160156 0.115509 0.006597 0.017747
0 0.160286 0.114660 0.006858 0.017901
0 0.160286 0.113812 0.006858 0.017747
0 0.160286 0.112886 0.006858 0.017747
0 0.160286 0.112114 0.006858 0.017747
0 0.160286 0.111188 0.006858 0.017747
0 0.160547 0.110494 0.006858 0.018210
0 0.160417 0.109722 0.006597 0.018210
0 0.160547 0.108796 0.006337 0.018210
0 0.160503 0.107948 0.005903 0.018364
0 0.160503 0.107330 0.005903 0.017747
0 0.160634 0.106404 0.005642 0.017747
0 0.160634 0.105556 0.005122 0.017901
0 0.160634 0.104938 0.005122 0.017284
0 0.160634 0.104012 0.004601 0.017284
0 0.160764 0.103164 0.004340 0.017438
0 0.160894 0.102546 0.004080 0.016821
0 0.160764 0.101698 0.004340 0.016975
0 0.160634 0.101003 0.004601 0.016512
0 0.160503 0.100540 0.004861 0.016512
0 0.160373 0.099846 0.005122 0.016049
0 0.160373 0.099537 0.005122 0.016049
0 0.160243 0.098611 0.005382 0.016049
0 0.160156 0.097917 0.005556 0.015586
0 0.160026 0.097531 0.005816 0.015741
0 0.159896 0.096914 0.006076 0.015123
0 0.159896 0.096451 0.006076 0.015123
0 0.159766 0.095756 0.006337 0.015586
0 0.159766 0.095370 0.006337 0.015741
0 0.159766 0.094985 0.006337 0.015586
0 0.159766 0.094290 0.006337 0.016049
0 0.159766 0.094059 0.006337 0.016512
0 0.159766 0.093596 0.006337 0.016512
0 0.159766 0.092978 0.006337 0.016821
0 0.159766 0.092515 0.006337 0.016821
0 0.159766 0.092130 0.006337 0.016975
0 0.159896 0.091898 0.006597 0.017438
0 0.159896 0.091435 0.006597 0.017438
0 0.159896 0.091204 0.006597 0.016975
0 0.159896 0.091049 0.006597 0.017284
0 0.159896 0.090818 0.006597 0.016821
0 0.160026 0.090586 0.006337 0.017284
0 0.160026 0.090355 0.006337 0.016821
0 0.160026 0.089969 0.006337 0.016975
0 0.160026 0.089969 0.006337 0.016975
0 0.160026 0.089506 0.006337 0.016975
0 0.160156 0.089506 0.006076 0.016975
0 0.160156 0.089506 0.006076 0.016975
0 0.160156 0.089506 0.006076 0.016975
0 0.160156 0.089506 0.006076 0.016975
0 0.160156 0.089506 0.006076 0.016975
0 0.160156 0.089506 0.006076 0.016975
0 0.160156 0.089506 0.006076 0.016975
0 0.160156 0.089506 0.006076 0.016975
0 0.160156 0.089506 0.006076 0.016975
0 0.160156 0.089506 0.006076 0.016975
0 0.160156 0.089506 0.006076 0.016975
0 0.159896 0.089506 0.006076 0.016975
0 0.159896 0.089506 0.006076 0.016975
0 0.159679 0.089506 0.006163 0.016975
0 0.159679 0.089506 0.006163 0.016975
0 0.159549 0.089506 0.006424 0.016975
0 0.159418 0.089506 0.006163 0.016975
0 0.159332 0.089506 0.006337 0.016975
0 0.159201 0.089506 0.006076 0.016975
0 0.159071 0.089506 0.006337 0.016975
0 0.159071 0.089506 0.006337 0.016975
0 0.158811 0.089043 0.006337 0.016975
0 0.158681 0.088657 0.006076 0.016821
0 0.158550 0.088426 0.005816 0.016358
0 0.158420 0.088194 0.006076 0.016821
0 0.158333 0.088040 0.005903 0.016512
0 0.158203 0.087577 0.005642 0.016512
0 0.158073 0.087346 0.005903 0.016975
0 0.157943 0.087114 0.005642 0.016512
0 0.157812 0.086651 0.005382 0.016512
0 0.157812 0.086651 0.005382 0.016512
0 0.157595 0.086265 0.005295 0.016358
0 0.157378 0.086265 0.005382 0.016358
0 0.157378 0.085880 0.005382 0.016512
0 0.157118 0.085880 0.005382 0.016512
0 0.157118 0.085417 0.005382 0.016512
0 0.156858 0.085417 0.005382 0.016512
0 0.156597 0.084954 0.005382 0.016512
0 0.156597 0.084954 0.005382 0.016512
0 0.156380 0.084491 0.005295 0.016512
0 0.156380 0.084491 0.005295 0.016512
0 0.155903 0.084028 0.005382 0.016512
0 0.155642 0.084028 0.005382 0.016512
0 0.155382 0.083642 0.005382 0.016358
0 0.155122 0.083642 0.005382 0.016358
0 0.154905 0.083642 0.005295 0.016358
0 0.154687 0.083256 0.005382 0.016512
0 0.154427 0.083256 0.005382 0.016512
0 0.154167 0.082793 0.005382 0.016512
0 0.153906 0.082793 0.005382 0.016512
0 0.153689 0.082793 0.005295 0.016512
0 0.153212 0.082330 0.005382 0.016512
0 0.152951 0.082330 0.005382 0.016512
0 0.152691 0.081867 0.005382 0.016512
0 0.152257 0.081867 0.005382 0.016512
0 0.151997 0.081867 0.005382 0.016512
0 0.151736 0.081481 0.005382 0.016358
0 0.151215 0.081481 0.005382 0.016358
0 0.151042 0.081096 0.005382 0.016512
0 0.150781 0.081096 0.005382 0.016512
0 0.150521 0.081096 0.005382 0.016512
0 0.149913 0.080633 0.005556 0.016512
0 0.149306 0.080633 0.005903 0.016512
0 0.148698 0.080401 0.006076 0.016975
0 0.148177 0.080401 0.006076 0.016975
0 0.147613 0.080170 0.006337 0.017438
0 0.146962 0.080170 0.006597 0.017438
0 0.146528 0.080015 0.006597 0.017747
0 0.145877 0.080015 0.006858 0.017747
0 0.145269 0.079784 0.007031 0.018210
0 0.144878 0.079784 0.007292 0.018210
0 0.143924 0.079784 0.007292 0.018210
0 0.143186 0.079784 0.007378 0.018210
0 0.142448 0.079784 0.007292 0.018210
0 0.141753 0.079784 0.007292 0.018210
0 0.140972 0.079784 0.007292 0.018210
0 0.140278 0.079784 0.007292 0.018210
0 0.139540 0.079784 0.007378 0.018210
0 0.138802 0.079784 0.007292 0.018210
0 0.138064 0.079784 0.007378 0.018210
0 0.137326 0.080015 0.007292 0.018673
0 0.136241 0.080401 0.007552 0.018519
0 0.135286 0.081019 0.007552 0.019136
0 0.134201 0.081481 0.007812 0.019136
0 0.133160 0.082099 0.007812 0.019444
0 0.132205 0.082562 0.007812 0.019444
0 0.131120 0.083256 0.008073 0.019907
0 0.130165 0.083642 0.008073 0.020062
0 0.129036 0.084259 0.008247 0.020370
0 0.128082 0.084722 0.008247 0.020370
0 0.127083 0.085417 0.008333 0.020833
0 0.125868 0.086651 0.008333 0.020833
0 0.124653 0.088040 0.008333 0.020833
0 0.123437 0.089275 0.008333 0.020833
0 0.122439 0.090586 0.008247 0.020679
0 0.121224 0.092361 0.008247 0.020833
0 0.120009 0.093596 0.008247 0.020833
0 0.119054 0.094985 0.008247 0.020833
0 0.117795 0.096219 0.008333 0.020833
0 0.116580 0.097531 0.008333 0.020679
0 0.115625 0.099306 0.008333 0.020833
0 0.114149 0.100309 0.008333 0.021296
0 0.112934 0.101466 0.008333 0.021759
0 0.111719 0.102546 0.008333 0.022068
0 0.110373 0.103781 0.008594 0.022068
0 0.109158 0.104938 0.008594 0.022531
0 0.107812 0.105941 0.008333 0.022994
0 0.106467 0.107330 0.008594 0.022994
0 0.105252 0.108333 0.008594 0.023457
0 0.104036 0.109491 0.008594 0.023920
0 0.102821 0.110725 0.008594 0.023920
0 0.101606 0.111883 0.008594 0.023457
0 0.100608 0.113117 0.008507 0.023457
0 0.099392 0.114506 0.008507 0.023457
0 0.098437 0.115741 0.008507 0.023457
0 0.097222 0.117052 0.008507 0.023302
0 0.096224 0.118364 0.008594 0.023457
0 0.095009 0.119599 0.008594 0.023457
0 0.094010 0.120988 0.008507 0.023457
0 0.092795 0.122222 0.008507 0.023457
0 0.091840 0.123611 0.008507 0.023457
0 0.091102 0.123611 0.008594 0.023457
0 0.090365 0.123997 0.008507 0.023302
0 0.089627 0.124383 0.008594 0.023457
0 0.088889 0.124846 0.008507 0.023457
0 0.088194 0.125309 0.008507 0.023457
0 0.087413 0.125540 0.008507 0.023920
0 0.086719 0.125926 0.008507 0.023765
0 0.085981 0.126389 0.008594 0.023765
0 0.085243 0.126775 0.008507 0.023920
0 0.084635 0.127238 0.008333 0.023920
