0 0.091710 0.014892 0.009288 0.018673
0 0.082422 0.013117 0.008247 0.016975
0 0.073307 0.011883 0.007552 0.015123
0 0.064106 0.010571 0.006858 0.013426
0 0.055122 0.009028 0.005903 0.012191
0 0.045964 0.007716 0.005122 0.010494
0 0.036806 0.006250 0.004340 0.008179
0 0.027778 0.004707 0.003472 0.006944
0 0.018620 0.003395 0.002691 0.005247
0 0.009462 0.002083 0.001910 0.003549
0 0.000477 0.000849 0.000955 0.001698
0 0.000477 0.000849 0.000955 0.001698
0 0.000477 0.000849 0.000955 0.001698
0 0.000477 0.000849 0.000955 0.001698
0 0.000477 0.000849 0.000955 0.001698
0 0.000477 0.000849 0.000955 0.001698
0 0.000477 0.000849 0.000955 0.001698
0 0.000477 0.000849 0.000955 0.001698
0 0.000477 0.000849 0.000955 0.001698
0 0.000477 0.000849 0.000955 0.001698
0 0.000477 0.000849 0.000955 0.001698
0 0.000477 0.000849 0.000955 0.001698
0 0.000477 0.000849 0.000955 0.001698
0 0.000477 0.000849 0.000955 0.001698
0 0.000477 0.000849 0.000955 0.001698
0 0.000477 0.000849 0.000955 0.001698
0 0.000477 0.000849 0.000955 0.001698
0 0.000477 0.000849 0.000955 0.001698
0 0.000477 0.000849 0.000955 0.001698
0 0.000477 0.000849 0.000955 0.001698
0 0.000477 0.000849 0.000955 0.001698
0 0.000477 0.000849 0.000955 0.001698
0 0.000477 0.000849 0.000955 0.001698
0 0.000477 0.000849 0.000955 0.001698
0 0.000477 0.000849 0.000955 0.001698
0 0.000477 0.000849 0.000955 0.001698
0 0.000477 0.000849 0.000955 0.001698
0 0.000477 0.000849 0.000955 0.001698
0 0.000477 0.000849 0.000955 0.001698
0 0.000477 0.000849 0.000955 0.001698
0 0.000477 0.000849 0.000955 0.001698
0 0.000477 0.000849 0.000955 0.001698
0 0.000477 0.000849 0.000955 0.001698
0 0.000477 0.000849 0.000955 0.001698
0 0.000477 0.000849 0.000955 0.001698
0 0.000477 0.000849 0.000955 0.001698
0 0.000477 0.000849 0.000955 0.001698
0 0.000477 0.000849 0.000955 0.001698
0 0.000477 0.000849 0.000955 0.001698
0 0.000477 0.000849 0.000955 0.001698
0 0.000477 0.000849 0.000955 0.001698
0 0.000477 0.000849 0.000955 0.001698
0 0.000477 0.000849 0.000955 0.001698
0 0.000477 0.000849 0.000955 0.001698
0 0.000477 0.000849 0.000955 0.001698
0 0.000477 0.000849 0.000955 0.001698
0 0.000477 0.000849 0.000955 0.001698
0 0.000477 0.000849 0.000955 0.001698
0 0.000477 0.000849 0.000955 0.001698
0 0.000477 0.000849 0.000955 0.001698
0 0.000477 0.000849 0.000955 0.001698
0 0.000477 0.000849 0.000955 0.001698
0 0.000477 0.000849 0.000955 0.001698
0 0.000477 0.000849 0.000955 0.001698
0 0.000477 0.000849 0.000955 0.001698
0 0.000477 0.000849 0.000955 0.001698
0 0.000477 0.000849 0.000955 0.001698
0 0.000477 0.000849 0.000955 0.001698
0 0.000477 0.000849 0.000955 0.001698
0 0.000477 0.000849 0.000955 0.001698
0 0.000477 0.000849 0.000955 0.001698
0 0.009462 0.002083 0.001910 0.003549
0 0.018620 0.003395 0.002691 0.005247
0 0.027778 0.004707 0.003472 0.006944
0 0.036806 0.006250 0.004340 0.008179
0 0.045964 0.007485 0.005122 0.010031
0 0.055122 0.008796 0.005903 0.011728
0 0.064106 0.010340 0.006858 0.012963
0 0.073307 0.011651 0.007552 0.014660
0 0.082422 0.012886 0.008247 0.016512
0 0.091580 0.014660 0.009028 0.018210
0 0.091580 0.014660 0.009028 0.018210
0 0.091580 0.014660 0.009028 0.018210
0 0.091580 0.014660 0.009028 0.018210
0 0.091580 0.014660 0.009028 0.018210
0 0.091580 0.014660 0.009028 0.018210
0 0.091580 0.014660 0.009028 0.018210
0 0.091580 0.014660 0.009028 0.018210
0 0.091580 0.014660 0.009028 0.018210
0 0.091580 0.014660 0.009028 0.018210
0 0.091580 0.014660 0.009028 0.018210
0 0.091319 0.017052 0.009028 0.017747
0 0.091059 0.019676 0.009028 0.017747
0 0.090885 0.022454 0.009028 0.017438
0 0.090755 0.025077 0.008767 0.017438
0 0.090495 0.027932 0.008767 0.016975
0 0.090234 0.030556 0.008767 0.016975
0 0.090104 0.033102 0.008507 0.016821
0 0.089887 0.035880 0.008594 0.016512
0 0.089627 0.038503 0.008594 0.016512
0 0.089497 0.041358 0.008333 0.016049
0 0.089497 0.043981 0.008333 0.016049
0 0.089497 0.046605 0.008333 0.016049
0 0.089497 0.049228 0.008333 0.016049
0 0.089497 0.051929 0.008333 0.015586
0 0.089497 0.054552 0.008333 0.015586
0 0.089497 0.057176 0.008333 0.015586
0 0.089497 0.060031 0.008333 0.015123
0 0.089497 0.062654 0.008333 0.015123
0 0.089497 0.065201 0.008333 0.015278
0 0.089497 0.068210 0.008333 0.015123
0 0.089280 0.070833 0.008247 0.015123
0 0.089280 0.073920 0.008247 0.015123
0 0.089019 0.076929 0.008247 0.015278
0 0.089019 0.079938 0.008247 0.015123
0 0.088802 0.083025 0.008333 0.015123
0 0.088802 0.085880 0.008333 0.015586
0 0.088542 0.088812 0.008333 0.015586
0 0.088542 0.091898 0.008333 0.015586
0 0.088281 0.094985 0.008333 0.015586
0 0.088281 0.097917 0.008333 0.015586
0 0.088064 0.100540 0.008247 0.015586
0 0.088064 0.103627 0.008247 0.015586
0 0.088064 0.106636 0.008247 0.015741
0 0.088064 0.109259 0.008247 0.015741
0 0.088064 0.112269 0.008247 0.015586
0 0.087804 0.115355 0.008247 0.015586
0 0.087804 0.117978 0.008247 0.015586
0 0.087804 0.120910 0.008247 0.015586
0 0.087804 0.123997 0.008247 0.015586
0 0.087804 0.127083 0.008247 0.015586
0 0.087543 0.129630 0.008247 0.015741
0 0.087543 0.132639 0.008247 0.015586
0 0.087326 0.135262 0.008333 0.015586
0 0.087326 0.138349 0.008333 0.015586
0 0.087066 0.141358 0.008333 0.015741
0 0.087066 0.143904 0.008333 0.015586
0 0.086806 0.146991 0.008333 0.015586
0 0.086806 0.149614 0.008333 0.015586
0 0.086589 0.152623 0.008247 0.015741
0 0.086589 0.155633 0.008247 0.015586
0 0.086328 0.158256 0.008247 0.015586
0 0.086328 0.161111 0.008247 0.016049
0 0.086328 0.163966 0.008247 0.016512
0 0.086328 0.166512 0.008247 0.016358
0 0.086328 0.169290 0.008247 0.016975
0 0.086328 0.172145 0.008247 0.017438
0 0.086328 0.174769 0.008247 0.017438
0 0.086328 0.177546 0.008247 0.017747
0 0.086328 0.180401 0.008247 0.018210
0 0.086328 0.183488 0.008247 0.018210
0 0.086328 0.186265 0.008247 0.017901
0 0.086328 0.189275 0.008247 0.017747
0 0.086328 0.192361 0.008247 0.017747
0 0.086328 0.195370 0.008247 0.017901
0 0.086328 0.198380 0.008247 0.017747
0 0.086328 0.201466 0.008247 0.017747
0 0.086328 0.204475 0.008247 0.017901
0 0.086328 0.207485 0.008247 0.017747
0 0.086328 0.210571 0.008247 0.017747
0 0.086328 0.213580 0.008247 0.017901
0 0.086328 0.216127 0.008247 0.017747
0 0.086328 0.218750 0.008247 0.017747
0 0.086328 0.221373 0.008247 0.017747
0 0.086328 0.223997 0.008247 0.017747
0 0.086328 0.227006 0.008247 0.017901
0 0.086328 0.229630 0.008247 0.017901
0 0.086328 0.232176 0.008247 0.017747
0 0.086328 0.234799 0.008247 0.017747
0 0.086328 0.237423 0.008247 0.017747
0 0.086328 0.240509 0.008247 0.017747
0 0.086328 0.242207 0.008247 0.017747
0 0.086328 0.244136 0.008247 0.018210
0 0.086328 0.246065 0.008247 0.018673
0 0.086328 0.247994 0.008247 0.018210
0 0.086328 0.250077 0.008247 0.018673
0 0.086328 0.252006 0.008247 0.019136
0 0.086328 0.253935 0.008247 0.018673
0 0.086328 0.255864 0.008247 0.019136
0 0.086328 0.257793 0.008247 0.019599
0 0.086589 0.260031 0.008247 0.019444
