0 0.203342 0.219444 0.005642 0.009568
0 0.203342 0.219444 0.005642 0.009568
0 0.203602 0.219907 0.005642 0.009568
0 0.203602 0.220293 0.005642 0.009414
0 0.203863 0.220679 0.005642 0.009568
0 0.204080 0.221142 0.005556 0.009568
0 0.204080 0.221142 0.005556 0.009568
0 0.204297 0.221605 0.005642 0.009568
0 0.204297 0.222068 0.005642 0.009568
0 0.204557 0.222531 0.005642 0.009568
0 0.204818 0.222840 0.005642 0.009568
0 0.204818 0.222840 0.005642 0.009568
0 0.205078 0.223302 0.005642 0.009568
0 0.205165 0.223534 0.005816 0.009105
0 0.205295 0.223765 0.005556 0.009568
0 0.205425 0.224228 0.005816 0.009568
0 0.205686 0.224460 0.005816 0.009105
0 0.205686 0.224691 0.005816 0.009568
0 0.205903 0.224923 0.005903 0.009105
0 0.206033 0.225231 0.006163 0.009105
0 0.206250 0.225694 0.006076 0.009105
0 0.206250 0.225694 0.006076 0.009105
0 0.206510 0.226157 0.006076 0.009105
0 0.206771 0.226389 0.006076 0.009568
0 0.206771 0.226620 0.006076 0.009105
0 0.207031 0.226852 0.006076 0.009568
0 0.207248 0.227238 0.006163 0.009414
0 0.207248 0.227238 0.006163 0.009414
0 0.207509 0.227623 0.006163 0.009568
0 0.207726 0.227855 0.006076 0.010031
0 0.207986 0.228318 0.006076 0.010031
0 0.208247 0.228318 0.006076 0.010031
0 0.208464 0.228318 0.006163 0.010031
0 0.208724 0.228549 0.006163 0.009568
0 0.208941 0.228781 0.006076 0.010031
0 0.209201 0.229012 0.006076 0.009568
0 0.209462 0.229012 0.006076 0.009568
0 0.209722 0.229244 0.006076 0.010031
0 0.209939 0.229475 0.006163 0.009568
0 0.210156 0.229475 0.006076 0.009568
0 0.210677 0.229784 0.006076 0.009568
0 0.210677 0.230247 0.006076 0.009568
0 0.210938 0.230710 0.006076 0.009568
0 0.211155 0.231173 0.006163 0.009568
0 0.211372 0.231636 0.006076 0.009568
0 0.211632 0.232253 0.006076 0.009877
0 0.211632 0.232639 0.006076 0.010031
0 0.211892 0.233102 0.006076 0.010031
0 0.212153 0.233565 0.006076 0.010031
0 0.212370 0.233951 0.006163 0.009877
0 0.212630 0.234645 0.006163 0.010340
0 0.212630 0.234645 0.006163 0.010340
0 0.212847 0.235031 0.006076 0.010494
0 0.213108 0.235031 0.006076 0.010494
0 0.213368 0.235494 0.006076 0.010494
0 0.213628 0.235880 0.006076 0.010340
0 0.213628 0.235880 0.006076 0.010340
0 0.213845 0.236343 0.006163 0.010340
0 0.214062 0.236343 0.006076 0.010340
0 0.214323 0.236806 0.006076 0.010340
0 0.214583 0.237191 0.006076 0.010494
0 0.214583 0.237191 0.006076 0.010494
0 0.214844 0.237191 0.006076 0.010494
0 0.215061 0.237191 0.006163 0.010494
0 0.215278 0.237191 0.006076 0.010494
0 0.215538 0.237654 0.006076 0.010494
0 0.215538 0.237654 0.006076 0.010494
0 0.215799 0.237654 0.006076 0.010494
0 0.216059 0.237654 0.006076 0.010494
0 0.216276 0.237654 0.006163 0.010494
0 0.216536 0.238117 0.006163 0.010494
0 0.216536 0.238117 0.006163 0.010494
0 0.216753 0.238117 0.006076 0.010494
0 0.217014 0.238503 0.006076 0.010340
0 0.217274 0.238503 0.006076 0.010340
0 0.217491 0.238966 0.006163 0.010340
0 0.217752 0.238966 0.006163 0.010340
0 0.217969 0.238966 0.006076 0.010340
0 0.218229 0.239429 0.006076 0.010340
0 0.218490 0.239429 0.006076 0.010340
0 0.218750 0.239815 0.006076 0.010494
0 0.218750 0.239815 0.006076 0.010494
0 0.218750 0.240278 0.006076 0.010494
0 0.218750 0.240278 0.006076 0.010494
0 0.218750 0.240664 0.006076 0.010340
0 0.218967 0.240895 0.006163 0.009877
0 0.218967 0.241127 0.006163 0.010340
0 0.218967 0.241358 0.006163 0.009877
0 0.218967 0.241590 0.006163 0.010340
0 0.218967 0.241744 0.006163 0.010031
0 0.219184 0.242207 0.006076 0.010031
0 0.219184 0.242207 0.006076 0.010031
0 0.219184 0.242438 0.006076 0.009568
0 0.219314 0.242438 0.005816 0.009568
0 0.219444 0.242670 0.006076 0.009105
0 0.219575 0.242901 0.005816 0.009568
0 0.219575 0.243133 0.005816 0.009105
0 0.219705 0.243133 0.006076 0.009105
0 0.219835 0.243287 0.005816 0.008796
0 0.219835 0.243287 0.005816 0.008796
0 0.220052 0.243673 0.005903 0.008642
0 0.220052 0.243673 0.005903 0.008642
0 0.220182 0.243904 0.006163 0.009105
0 0.220312 0.243904 0.005903 0.009105
0 0.220399 0.244136 0.006076 0.009568
0 0.220530 0.244136 0.005816 0.009568
0 0.220660 0.244367 0.006076 0.010031
0 0.220660 0.244367 0.006076 0.010031
0 0.220920 0.244599 0.006076 0.010494
0 0.220920 0.244599 0.006076 0.010494
0 0.221181 0.245062 0.006076 0.010494
0 0.221181 0.245062 0.006076 0.010494
0 0.221181 0.245062 0.006076 0.010494
0 0.221181 0.245062 0.006076 0.010494
0 0.221398 0.245448 0.006163 0.010340
0 0.221398 0.245448 0.006163 0.010340
0 0.221398 0.245448 0.006163 0.010340
0 0.221658 0.245910 0.006163 0.010340
0 0.221658 0.245910 0.006163 0.010340
0 0.221658 0.245910 0.006163 0.010340
0 0.221875 0.246296 0.006076 0.010494
0 0.221875 0.246065 0.006076 0.010031
0 0.222005 0.246065 0.005816 0.009105
0 0.222135 0.246065 0.006076 0.009105
0 0.222266 0.246142 0.005816 0.008333
0 0.222396 0.246142 0.006076 0.008333
0 0.222526 0.246142 0.005816 0.007407
0 0.222526 0.245910 0.005816 0.006944
0 0.222743 0.246142 0.005903 0.006481
0 0.222743 0.245910 0.005903 0.006019
0 0.223003 0.246142 0.005903 0.005556
0 0.223003 0.246142 0.005903 0.005556
0 0.223003 0.246142 0.005903 0.005556
0 0.223003 0.246142 0.005903 0.005556
0 0.223003 0.246142 0.005903 0.005556
0 0.223003 0.246142 0.005903 0.005556
0 0.223003 0.246142 0.005903 0.005556
0 0.223003 0.246142 0.005903 0.005556
0 0.223003 0.246142 0.005903 0.005556
0 0.223003 0.246142 0.005903 0.005556
0 0.223003 0.246142 0.005903 0.005556
0 0.223003 0.246142 0.005903 0.005556
0 0.223003 0.246142 0.005903 0.005556
0 0.223003 0.246142 0.005903 0.005556
0 0.223003 0.246142 0.005903 0.005556
0 0.223003 0.246142 0.005903 0.005556
0 0.223003 0.246142 0.005903 0.005556
0 0.223003 0.246142 0.005903 0.005556
0 0.223003 0.246142 0.005903 0.005556
0 0.223003 0.246142 0.005903 0.005556
0 0.223003 0.246142 0.005903 0.005556
0 0.223003 0.246142 0.005903 0.005556
0 0.223003 0.246142 0.005903 0.005556
0 0.223003 0.246142 0.005903 0.005556
0 0.223003 0.246142 0.005903 0.005556
0 0.223003 0.246142 0.005903 0.005556
0 0.223003 0.246142 0.005903 0.005556
0 0.223003 0.246142 0.005903 0.005556
0 0.223003 0.246142 0.005903 0.005556
0 0.223003 0.246142 0.005903 0.005556
0 0.223003 0.246142 0.005903 0.005556
0 0.223003 0.246142 0.005903 0.005556
0 0.223003 0.246142 0.005903 0.005556
0 0.223003 0.246142 0.005903 0.005556
0 0.223003 0.246142 0.005903 0.005556
0 0.223003 0.246142 0.005903 0.005556
0 0.223003 0.246142 0.005903 0.005556
0 0.223003 0.246142 0.005903 0.005556
0 0.223003 0.246142 0.005903 0.005556
0 0.223003 0.246142 0.005903 0.005556
0 0.223003 0.246142 0.005903 0.005556
0 0.223003 0.246142 0.005903 0.005556
0 0.223003 0.246142 0.005903 0.005556
0 0.223003 0.246142 0.005903 0.005556
0 0.223003 0.246142 0.005903 0.005556
0 0.223003 0.246142 0.005903 0.005556
0 0.223003 0.246142 0.005903 0.005556
0 0.223003 0.246142 0.005903 0.005556
0 0.223003 0.246142 0.005903 0.005556
0 0.223003 0.246142 0.005903 0.005556
0 0.223003 0.246142 0.005903 0.005556
