0 0.065148 0.321836 0.014149 0.017438
0 0.064627 0.321836 0.013628 0.017438
0 0.064410 0.322068 0.013194 0.016975
0 0.064019 0.322454 0.012934 0.016821
0 0.063759 0.322685 0.012413 0.016358
0 0.063411 0.323071 0.012240 0.016512
0 0.063021 0.323071 0.011458 0.016512
0 0.062674 0.323302 0.011285 0.016049
0 0.062413 0.323765 0.010764 0.016049
0 0.062023 0.323997 0.010503 0.015586
0 0.061806 0.324460 0.010069 0.015586
0 0.061198 0.323765 0.010243 0.016049
0 0.060634 0.323534 0.010503 0.016512
0 0.059983 0.323302 0.010764 0.016975
0 0.059505 0.323148 0.010677 0.017284
0 0.058898 0.322917 0.011024 0.017747
0 0.058290 0.322685 0.011198 0.018210
0 0.057769 0.322454 0.011198 0.018673
0 0.057205 0.322222 0.011458 0.019136
0 0.056554 0.322068 0.011719 0.019444
0 0.056120 0.321836 0.011719 0.019907
0 0.054644 0.319213 0.011719 0.019907
0 0.053429 0.317052 0.011719 0.019907
0 0.052214 0.314892 0.011719 0.019907
0 0.050955 0.312269 0.011632 0.019907
0 0.049740 0.310108 0.011632 0.019907
0 0.048481 0.307948 0.011719 0.019907
0 0.047266 0.305324 0.011719 0.019907
0 0.046050 0.303164 0.011719 0.019907
0 0.044835 0.301003 0.011719 0.019907
0 0.043620 0.298843 0.011719 0.019907
0 0.041710 0.293133 0.011719 0.019907
0 0.039974 0.287577 0.011719 0.019907
0 0.038238 0.282099 0.011719 0.020370
0 0.036328 0.276698 0.011719 0.020062
0 0.034592 0.271296 0.011719 0.020370
0 0.032899 0.265586 0.011632 0.020370
0 0.030946 0.260262 0.011719 0.019907
0 0.029210 0.254784 0.011719 0.020370
0 0.027561 0.249151 0.011719 0.020525
0 0.025825 0.243981 0.011719 0.020370
0 0.024870 0.235648 0.012240 0.020370
0 0.024002 0.227932 0.012413 0.020370
0 0.023134 0.220062 0.012760 0.020370
0 0.022266 0.212037 0.012934 0.020062
0 0.021441 0.204244 0.013194 0.019907
0 0.020573 0.196451 0.013368 0.020062
0 0.019705 0.188426 0.013715 0.019444
0 0.018837 0.180633 0.013889 0.019599
0 0.018012 0.172762 0.014149 0.019599
0 0.017187 0.164969 0.014410 0.019444
0 0.017882 0.156559 0.014410 0.019907
0 0.018620 0.148302 0.014323 0.020062
0 0.019358 0.140046 0.014410 0.019907
0 0.020052 0.131790 0.014410 0.020062
0 0.020833 0.123534 0.014410 0.019907
0 0.021528 0.115355 0.014410 0.019907
0 0.022309 0.107099 0.014410 0.020062
0 0.023003 0.098843 0.014410 0.019907
0 0.023785 0.090586 0.014410 0.020062
0 0.024479 0.082330 0.014410 0.019907
0 0.022743 0.074537 0.014410 0.019136
0 0.021224 0.066667 0.014149 0.018210
0 0.019618 0.059182 0.013889 0.017747
0 0.018012 0.051543 0.013628 0.016358
0 0.016536 0.043981 0.013628 0.016049
0 0.014974 0.036111 0.013455 0.015123
0 0.013368 0.028549 0.013194 0.013889
0 0.011762 0.020910 0.012934 0.013426
0 0.010200 0.013117 0.012760 0.012654
0 0.008767 0.005787 0.012674 0.011574
0 0.008767 0.005787 0.012674 0.011574
0 0.008767 0.005787 0.012674 0.011574
0 0.008767 0.005787 0.012674 0.011574
0 0.008767 0.005787 0.012674 0.011574
0 0.008767 0.005787 0.012674 0.011574
0 0.008767 0.005787 0.012674 0.011574
0 0.008767 0.005787 0.012674 0.011574
0 0.008767 0.005787 0.012674 0.011574
0 0.008767 0.005787 0.012674 0.011574
0 0.008767 0.005787 0.012674 0.011574
0 0.008767 0.005787 0.012674 0.011574
0 0.008767 0.005787 0.012674 0.011574
0 0.008767 0.005787 0.012674 0.011574
0 0.008767 0.005787 0.012674 0.011574
0 0.008767 0.005787 0.012674 0.011574
0 0.008767 0.005787 0.012674 0.011574
0 0.008767 0.005787 0.012674 0.011574
0 0.008767 0.005787 0.012674 0.011574
0 0.008767 0.005787 0.012674 0.011574
0 0.008767 0.005787 0.012674 0.011574
0 0.008767 0.005787 0.012674 0.011574
0 0.008767 0.005787 0.012674 0.011574
0 0.008767 0.005787 0.012674 0.011574
0 0.008767 0.005787 0.012674 0.011574
0 0.008767 0.005787 0.012674 0.011574
0 0.008767 0.005787 0.012674 0.011574
0 0.008767 0.005787 0.012674 0.011574
0 0.008767 0.005787 0.012674 0.011574
0 0.008767 0.005787 0.012674 0.011574
0 0.008767 0.005787 0.012674 0.011574
0 0.033984 0.010957 0.012413 0.012654
0 0.059375 0.016127 0.012500 0.013426
0 0.084766 0.021605 0.012413 0.013889
0 0.110113 0.026852 0.012413 0.014815
0 0.135634 0.032253 0.012240 0.015123
0 0.161024 0.037500 0.012153 0.016049
0 0.186372 0.042670 0.012153 0.016821
0 0.211762 0.048071 0.012240 0.017438
0 0.237153 0.053241 0.012153 0.018210
0 0.262674 0.058719 0.011979 0.018673
0 0.262674 0.058256 0.011979 0.018673
0 0.262674 0.058256 0.011979 0.018673
0 0.262674 0.058256 0.011979 0.018673
0 0.262674 0.057793 0.011979 0.018673
0 0.262674 0.057793 0.011979 0.018673
0 0.262674 0.057793 0.011979 0.018673
0 0.262674 0.057407 0.011979 0.018519
0 0.262674 0.057407 0.011979 0.018519
0 0.262674 0.057407 0.011979 0.018519
0 0.262891 0.057407 0.011892 0.018519
0 0.262891 0.057407 0.011892 0.018519
0 0.262891 0.057407 0.011892 0.018519
0 0.262891 0.057407 0.011892 0.018519
0 0.262891 0.057407 0.011892 0.018519
0 0.262891 0.057407 0.011892 0.018519
0 0.262891 0.057407 0.011892 0.018519
0 0.262891 0.057407 0.011892 0.018519
0 0.262891 0.057407 0.011892 0.018519
0 0.262891 0.057407 0.011892 0.018519
0 0.262891 0.057407 0.011892 0.018519
0 0.262891 0.057407 0.011892 0.018519
0 0.262891 0.057407 0.011892 0.018519
0 0.262891 0.057407 0.011892 0.018519
0 0.262891 0.057407 0.011892 0.018519
0 0.262891 0.057407 0.011892 0.018519
0 0.262891 0.057407 0.011892 0.018519
0 0.262891 0.057407 0.011892 0.018519
0 0.262891 0.057407 0.011892 0.018519
0 0.262891 0.057407 0.011892 0.018519
0 0.262891 0.057407 0.011892 0.018519
0 0.263976 0.052006 0.012153 0.018210
0 0.265191 0.046759 0.012153 0.017284
0 0.266450 0.041590 0.012240 0.016512
0 0.267665 0.036343 0.012240 0.015586
0 0.268967 0.031404 0.012413 0.015278
0 0.270226 0.026157 0.012500 0.014352
0 0.271441 0.020910 0.012500 0.013426
0 0.272656 0.015741 0.012500 0.012654
0 0.273872 0.010494 0.012500 0.011728
0 0.275217 0.005633 0.012760 0.011265
0 0.274870 0.006173 0.012413 0.011728
0 0.274609 0.007099 0.012413 0.012654
0 0.274349 0.007948 0.012413 0.013426
0 0.274089 0.008873 0.012413 0.014352
0 0.273872 0.009877 0.012500 0.014815
0 0.273481 0.010725 0.012240 0.015586
0 0.273264 0.011651 0.012153 0.016512
0 0.273003 0.012500 0.012153 0.017284
0 0.272786 0.013426 0.012240 0.018210
0 0.272656 0.014429 0.011979 0.018673
0 0.272396 0.015355 0.011979 0.018673
0 0.272396 0.016590 0.011979 0.018673
0 0.272135 0.017978 0.011979 0.018673
0 0.272135 0.018750 0.011979 0.018673
0 0.271918 0.020139 0.011892 0.018673
0 0.271918 0.021373 0.011892 0.018673
0 0.271701 0.022299 0.011979 0.018673
0 0.271701 0.023534 0.011979 0.018673
0 0.271441 0.024923 0.011979 0.018673
0 0.271441 0.026157 0.011979 0.018673
0 0.271181 0.027083 0.011979 0.018673
0 0.270920 0.028318 0.011979 0.018673
0 0.270703 0.029244 0.011892 0.018673
0 0.270486 0.030478 0.011979 0.018673
0 0.270486 0.031404 0.011979 0.018673
0 0.270226 0.032639 0.011979 0.018673
0 0.269965 0.033565 0.011979 0.018673
0 0.269705 0.034799 0.011979 0.018673
0 0.269488 0.035725 0.011892 0.018673
0 0.269488 0.036960 0.011892 0.018673
