0 0.274870 0.102778 0.004601 0.014815
0 0.273741 0.102315 0.004948 0.014815
0 0.272743 0.102315 0.004861 0.014815
0 0.271788 0.102315 0.004861 0.014815
0 0.270964 0.102083 0.005122 0.015278
0 0.269965 0.102083 0.005208 0.015278
0 0.268837 0.101852 0.005382 0.014815
0 0.268012 0.101698 0.005642 0.015123
0 0.267057 0.101698 0.005642 0.015123
0 0.266059 0.101698 0.005556 0.015123
0 0.265191 0.101698 0.005903 0.015123
0 0.264236 0.101698 0.005903 0.015123
0 0.263498 0.101698 0.005816 0.015123
0 0.262630 0.101698 0.005642 0.015123
0 0.261936 0.101698 0.005642 0.015123
0 0.261024 0.101698 0.005382 0.015123
0 0.260330 0.101698 0.005382 0.015123
0 0.259505 0.101698 0.005122 0.015123
0 0.258724 0.101698 0.005122 0.015123
0 0.257899 0.101698 0.004861 0.015123
0 0.257161 0.101698 0.004948 0.015123
0 0.256424 0.101698 0.004861 0.015123
0 0.255903 0.102083 0.004861 0.015278
0 0.255208 0.102083 0.004861 0.015278
0 0.254687 0.102546 0.004861 0.015278
0 0.253993 0.102546 0.004861 0.015278
0 0.253472 0.102932 0.004861 0.015123
0 0.252778 0.102932 0.004861 0.015123
0 0.252257 0.103395 0.004861 0.015123
0 0.251562 0.103395 0.004861 0.015123
0 0.251042 0.103858 0.004861 0.015123
0 0.250347 0.103858 0.004861 0.015123
0 0.249566 0.103858 0.004861 0.015123
0 0.249002 0.103858 0.005122 0.015123
0 0.248351 0.103858 0.004861 0.015123
0 0.247786 0.104244 0.005122 0.015278
0 0.247005 0.104244 0.005122 0.015278
0 0.246441 0.104244 0.004861 0.015278
0 0.245790 0.104244 0.005122 0.015278
0 0.245095 0.104244 0.005122 0.015278
0 0.244575 0.104707 0.005122 0.015278
0 0.244314 0.104707 0.005122 0.015278
0 0.244141 0.104707 0.005122 0.015278
0 0.243880 0.105093 0.005122 0.015123
0 0.243620 0.105093 0.005122 0.015123
0 0.243620 0.105556 0.005122 0.015123
0 0.243359 0.105556 0.005122 0.015123
0 0.243099 0.105556 0.005122 0.015123
0 0.242839 0.106019 0.005122 0.015123
0 0.242665 0.106019 0.005122 0.015123
0 0.242665 0.106404 0.005122 0.015278
0 0.242535 0.106636 0.004861 0.015741
0 0.242535 0.107253 0.004861 0.016049
0 0.242535 0.107948 0.004861 0.016512
0 0.242535 0.108642 0.004861 0.016975
0 0.242535 0.109259 0.004861 0.017284
0 0.242535 0.109722 0.004861 0.018210
0 0.242535 0.110262 0.004861 0.018673
0 0.242535 0.110957 0.004861 0.019136
0 0.242535 0.111651 0.004861 0.019599
0 0.242535 0.112269 0.004861 0.019907
0 0.243229 0.113580 0.004861 0.020062
0 0.244227 0.114892 0.004948 0.019907
0 0.245226 0.116204 0.004861 0.020062
0 0.245920 0.117515 0.004861 0.019907
0 0.246875 0.118750 0.004861 0.019907
0 0.247873 0.120139 0.004948 0.019907
0 0.248611 0.121373 0.004861 0.019907
0 0.249566 0.122685 0.004861 0.020062
0 0.250564 0.123997 0.004948 0.019907
0 0.251562 0.125309 0.004861 0.020062
0 0.251780 0.125694 0.004948 0.019907
0 0.252257 0.126157 0.004861 0.019907
0 0.252778 0.127083 0.004861 0.019907
0 0.253038 0.127469 0.004861 0.020062
0 0.253472 0.128318 0.004861 0.019907
0 0.253993 0.128781 0.004861 0.019907
0 0.254253 0.129244 0.004861 0.019907
0 0.254687 0.130015 0.004861 0.019907
0 0.255208 0.130478 0.004861 0.019907
0 0.255686 0.131404 0.004948 0.019907
0 0.257161 0.133102 0.004948 0.019907
0 0.258854 0.134799 0.004861 0.019907
0 0.260590 0.136574 0.004861 0.020062
0 0.262066 0.138349 0.004861 0.019907
0 0.263715 0.140046 0.004861 0.019907
0 0.265451 0.141744 0.004861 0.019907
0 0.266927 0.143519 0.004861 0.020062
0 0.268620 0.145293 0.004948 0.019907
0 0.270312 0.146991 0.004861 0.019907
0 0.272049 0.148688 0.004861 0.019907
0 0.272743 0.149614 0.004861 0.019907
0 0.273524 0.150849 0.004861 0.019907
0 0.274219 0.151775 0.004861 0.019907
0 0.275217 0.153009 0.004948 0.019907
0 0.275955 0.153935 0.004861 0.019907
0 0.276649 0.155247 0.004861 0.020062
0 0.277648 0.156096 0.004948 0.019907
0 0.278385 0.157407 0.004861 0.020062
0 0.279123 0.158256 0.004948 0.019907
0 0.280122 0.159568 0.004861 0.020062
0 0.281554 0.161343 0.004948 0.019907
0 0.283116 0.163503 0.005122 0.019907
0 0.284592 0.165664 0.005122 0.019907
0 0.286328 0.167593 0.005122 0.019444
0 0.287934 0.169753 0.005382 0.019444
0 0.289366 0.171914 0.005295 0.019444
0 0.291059 0.173920 0.005382 0.019136
0 0.292535 0.176080 0.005382 0.019136
0 0.294141 0.178241 0.005642 0.019136
0 0.295833 0.180401 0.005556 0.019136
0 0.295833 0.180401 0.005556 0.019136
0 0.295833 0.180401 0.005556 0.019136
0 0.295833 0.180401 0.005556 0.019136
0 0.295833 0.180401 0.005556 0.019136
0 0.295833 0.180401 0.005556 0.019136
0 0.295833 0.180401 0.005556 0.019136
0 0.295833 0.180401 0.005556 0.019136
0 0.295833 0.180401 0.005556 0.019136
0 0.295833 0.180401 0.005556 0.019136
0 0.295833 0.180401 0.005556 0.019136
0 0.295833 0.180401 0.005556 0.019136
0 0.295833 0.180401 0.005556 0.019136
0 0.295833 0.180401 0.005556 0.019136
0 0.295833 0.180401 0.005556 0.019136
0 0.295833 0.180401 0.005556 0.019136
0 0.295833 0.180401 0.005556 0.019136
0 0.295833 0.180401 0.005556 0.019136
0 0.295833 0.180401 0.005556 0.019136
0 0.295833 0.180401 0.005556 0.019136
0 0.295833 0.180401 0.005556 0.019136
0 0.295833 0.180401 0.005556 0.019136
0 0.295833 0.180401 0.005556 0.019136
0 0.295833 0.180401 0.005556 0.019136
0 0.295833 0.180401 0.005556 0.019136
0 0.295833 0.180401 0.005556 0.019136
0 0.295833 0.180401 0.005556 0.019136
0 0.295833 0.180401 0.005556 0.019136
0 0.295833 0.180401 0.005556 0.019136
0 0.295833 0.180401 0.005556 0.019136
0 0.295833 0.180401 0.005556 0.019136
0 0.295833 0.180401 0.005556 0.019136
0 0.295833 0.180401 0.005556 0.019136
0 0.295833 0.180401 0.005556 0.019136
0 0.295833 0.180401 0.005556 0.019136
0 0.295833 0.180401 0.005556 0.019136
0 0.295833 0.180401 0.005556 0.019136
0 0.295833 0.180401 0.005556 0.019136
0 0.295833 0.180401 0.005556 0.019136
0 0.295833 0.180401 0.005556 0.019136
0 0.295833 0.180401 0.005556 0.019136
0 0.295833 0.180401 0.005556 0.019136
0 0.295833 0.180401 0.005556 0.019136
0 0.295833 0.180401 0.005556 0.019136
0 0.295833 0.180401 0.005556 0.019136
0 0.295833 0.180401 0.005556 0.019136
0 0.295833 0.180401 0.005556 0.019136
0 0.295833 0.180401 0.005556 0.019136
0 0.295833 0.180401 0.005556 0.019136
0 0.295833 0.180401 0.005556 0.019136
0 0.295833 0.180401 0.005556 0.019136
0 0.295833 0.180401 0.005556 0.019136
0 0.295833 0.180401 0.005556 0.019136
0 0.295833 0.180401 0.005556 0.019136
0 0.295833 0.180401 0.005556 0.019136
0 0.295833 0.180401 0.005556 0.019136
0 0.295833 0.180401 0.005556 0.019136
0 0.295833 0.180401 0.005556 0.019136
0 0.295833 0.180401 0.005556 0.019136
0 0.295833 0.180401 0.005556 0.019136
0 0.295833 0.180401 0.005556 0.019136
0 0.295833 0.180401 0.005556 0.019136
0 0.295833 0.180401 0.005556 0.019136
0 0.295833 0.180401 0.005556 0.019136
0 0.295833 0.180401 0.005556 0.019136
0 0.295833 0.180401 0.005556 0.019136
0 0.295833 0.180401 0.005556 0.019136
0 0.295833 0.180401 0.005556 0.019136
0 0.295833 0.180401 0.005556 0.019136
0 0.295833 0.180401 0.005556 0.019136
0 0.295833 0.180401 0.005556 0.019136
