0 0.193099 0.208565 0.003733 0.007870
0 0.192882 0.208333 0.003646 0.007407
0 0.192882 0.208333 0.003646 0.007407
0 0.192882 0.208333 0.003646 0.007407
0 0.192882 0.208333 0.003646 0.007407
0 0.192882 0.208333 0.003646 0.007407
0 0.192752 0.208333 0.003385 0.007407
0 0.192752 0.208333 0.003385 0.007407
0 0.192752 0.208333 0.003385 0.007407
0 0.192752 0.208333 0.003385 0.007407
0 0.192752 0.208333 0.003385 0.007407
0 0.192752 0.207948 0.003385 0.007253
0 0.192882 0.207948 0.003646 0.007253
0 0.192882 0.207948 0.003646 0.007253
0 0.193012 0.207793 0.003906 0.006944
0 0.193012 0.207793 0.003906 0.006944
0 0.193099 0.207793 0.004080 0.006944
0 0.193099 0.207562 0.004080 0.006481
0 0.193229 0.207562 0.004340 0.006481
0 0.193229 0.207562 0.004340 0.006481
0 0.193446 0.207562 0.004427 0.006481
0 0.193446 0.207562 0.004427 0.006481
0 0.193446 0.207562 0.004427 0.006481
0 0.193446 0.207562 0.004427 0.006481
0 0.193446 0.207562 0.004427 0.006481
0 0.193446 0.207562 0.004427 0.006481
0 0.193446 0.207562 0.004427 0.006481
0 0.193446 0.207562 0.004427 0.006481
0 0.193446 0.207562 0.004427 0.006481
0 0.193446 0.207562 0.004427 0.006481
0 0.193446 0.207562 0.004427 0.006481
0 0.193446 0.207562 0.004427 0.006481
0 0.193446 0.207562 0.004427 0.006481
0 0.193446 0.207562 0.004427 0.006481
0 0.193446 0.207562 0.004427 0.006481
0 0.193446 0.207562 0.004427 0.006481
0 0.193446 0.207562 0.004427 0.006481
0 0.193446 0.207562 0.004427 0.006481
0 0.193446 0.207562 0.004427 0.006481
0 0.193446 0.207562 0.004427 0.006481
0 0.193446 0.207562 0.004427 0.006481
0 0.193446 0.207562 0.004427 0.006481
0 0.193446 0.207562 0.004427 0.006481
0 0.193446 0.207562 0.004427 0.006481
0 0.193446 0.207562 0.004427 0.006481
0 0.193446 0.207562 0.004427 0.006481
0 0.193446 0.207562 0.004427 0.006481
0 0.193446 0.207562 0.004427 0.006481
0 0.193446 0.207562 0.004427 0.006481
0 0.193446 0.207562 0.004427 0.006481
0 0.193446 0.207562 0.004427 0.006481
0 0.193446 0.207562 0.004427 0.006481
0 0.193446 0.207562 0.004427 0.006481
0 0.193446 0.207562 0.004427 0.006481
0 0.193446 0.207793 0.004427 0.006944
0 0.193446 0.207793 0.004427 0.006944
0 0.193446 0.207793 0.004427 0.006944
0 0.193446 0.207948 0.004427 0.007253
0 0.193446 0.207948 0.004427 0.007253
0 0.193446 0.207948 0.004427 0.007253
0 0.193446 0.208179 0.004427 0.007716
0 0.193229 0.207948 0.004340 0.008179
0 0.193229 0.207948 0.004340 0.008179
0 0.193229 0.207948 0.004340 0.008179
0 0.193229 0.207948 0.004340 0.008179
0 0.193229 0.208179 0.004340 0.008642
0 0.193099 0.207948 0.004601 0.009105
0 0.193099 0.207948 0.004601 0.009105
0 0.193099 0.207948 0.004601 0.009105
0 0.193099 0.207948 0.004601 0.009105
0 0.193099 0.208179 0.004601 0.009568
0 0.193099 0.207948 0.004601 0.009105
0 0.193099 0.207948 0.004601 0.009105
0 0.193099 0.207948 0.004601 0.009105
0 0.193099 0.208179 0.004601 0.008642
0 0.193229 0.208179 0.004340 0.008642
0 0.193229 0.208179 0.004340 0.008642
0 0.193229 0.208410 0.004340 0.008179
0 0.193229 0.208410 0.004340 0.008179
0 0.193229 0.208410 0.004340 0.008179
0 0.193446 0.208565 0.004427 0.007870
0 0.193446 0.208565 0.004427 0.007870
0 0.193446 0.208565 0.004427 0.007870
0 0.193446 0.208565 0.004427 0.007870
0 0.193446 0.208565 0.004427 0.007870
0 0.193446 0.208565 0.004427 0.007870
0 0.193446 0.208565 0.004427 0.007870
0 0.193446 0.208565 0.004427 0.007870
0 0.193446 0.208565 0.004427 0.007870
0 0.193446 0.208565 0.004427 0.007870
0 0.193446 0.208565 0.004427 0.007870
0 0.193446 0.208565 0.004427 0.007870
0 0.193446 0.208565 0.004427 0.007870
0 0.193446 0.208565 0.004427 0.007870
0 0.193446 0.208565 0.004427 0.007870
0 0.193446 0.208565 0.004427 0.007870
0 0.193446 0.208565 0.004427 0.007870
0 0.193446 0.208565 0.004427 0.007870
0 0.193446 0.208565 0.004427 0.007870
0 0.193446 0.208565 0.004427 0.007870
0 0.193446 0.208565 0.004427 0.007870
0 0.193446 0.208565 0.004427 0.007870
0 0.193446 0.208565 0.004427 0.007870
0 0.193446 0.208565 0.004427 0.007870
0 0.193446 0.208565 0.004427 0.007870
0 0.193446 0.208565 0.004427 0.007870
0 0.193446 0.208565 0.004427 0.007870
0 0.193446 0.208565 0.004427 0.007870
0 0.193446 0.208565 0.004427 0.007870
0 0.193446 0.208565 0.004427 0.007870
0 0.193576 0.208796 0.004167 0.007407
0 0.193576 0.208796 0.004167 0.007407
0 0.193576 0.208796 0.004167 0.007407
0 0.193576 0.208796 0.004167 0.007407
0 0.193576 0.208796 0.004167 0.007407
0 0.193576 0.208796 0.004167 0.007407
0 0.193576 0.208796 0.004167 0.007407
0 0.193576 0.208796 0.004167 0.007407
0 0.193576 0.208796 0.004167 0.007407
0 0.193576 0.208796 0.004167 0.007407
0 0.193576 0.208796 0.004167 0.007407
0 0.193576 0.208796 0.004167 0.007407
0 0.193576 0.208796 0.004167 0.007407
0 0.193576 0.208796 0.004167 0.007407
0 0.193576 0.208796 0.004167 0.007407
0 0.193576 0.208796 0.004167 0.007407
0 0.193576 0.208796 0.004167 0.007407
0 0.193576 0.208796 0.004167 0.007407
0 0.193576 0.208796 0.004167 0.007407
0 0.193576 0.208796 0.004167 0.007407
0 0.193576 0.208796 0.004167 0.007407
0 0.193576 0.208796 0.004167 0.007407
0 0.193576 0.208796 0.004167 0.007407
0 0.193576 0.208796 0.004167 0.007407
0 0.193576 0.208796 0.004167 0.007407
0 0.193576 0.208796 0.004167 0.007407
0 0.193576 0.208796 0.004167 0.007407
0 0.193576 0.208796 0.004167 0.007407
0 0.193576 0.208796 0.004167 0.007407
0 0.193576 0.208796 0.004167 0.007407
0 0.193576 0.208796 0.004167 0.007407
0 0.193576 0.208796 0.004167 0.007407
0 0.193576 0.208796 0.004167 0.007407
0 0.193837 0.208796 0.004167 0.007407
0 0.193837 0.208796 0.004167 0.007407
0 0.194097 0.208796 0.004167 0.007407
0 0.194097 0.208796 0.004167 0.007407
0 0.194097 0.208796 0.004167 0.007407
0 0.194314 0.208796 0.004080 0.007407
0 0.194314 0.208796 0.004080 0.007407
0 0.194531 0.208796 0.004167 0.007407
0 0.194531 0.208796 0.004167 0.007407
0 0.194531 0.208796 0.004167 0.007407
0 0.194531 0.208796 0.004167 0.007407
0 0.194531 0.208796 0.004167 0.007407
0 0.194531 0.208796 0.004167 0.007407
0 0.194531 0.208796 0.004167 0.007407
0 0.194531 0.208796 0.004167 0.007407
0 0.194531 0.208796 0.004167 0.007407
0 0.194531 0.208796 0.004167 0.007407
0 0.194531 0.208796 0.004167 0.007407
0 0.194531 0.208796 0.004167 0.007407
0 0.194531 0.208796 0.004167 0.007407
0 0.194531 0.208796 0.004167 0.007407
0 0.194531 0.208796 0.004167 0.007407
0 0.194531 0.208796 0.004167 0.007407
0 0.194531 0.208796 0.004167 0.007407
0 0.194531 0.208796 0.004167 0.007407
0 0.194531 0.208796 0.004167 0.007407
0 0.194531 0.208796 0.004167 0.007407
0 0.194531 0.208796 0.004167 0.007407
0 0.194531 0.208796 0.004167 0.007407
0 0.194531 0.208796 0.004167 0.007407
0 0.194531 0.209028 0.004167 0.007870
0 0.194531 0.209259 0.004167 0.007407
0 0.194661 0.209491 0.004427 0.007870
0 0.194661 0.209491 0.004427 0.007870
0 0.194661 0.209722 0.004427 0.007407
0 0.194661 0.209877 0.004427 0.007716
0 0.194661 0.209877 0.004427 0.007716
0 0.194922 0.210340 0.004427 0.007716
