0 0.222873 0.326543 0.008594 0.009568
0 0.223090 0.320910 0.008507 0.010340
0 0.223351 0.315355 0.008507 0.011265
0 0.223611 0.309645 0.008507 0.012191
0 0.223872 0.304012 0.008507 0.012963
0 0.224219 0.298457 0.008333 0.013889
0 0.224479 0.292747 0.008333 0.014815
0 0.224696 0.287114 0.008247 0.015586
0 0.224957 0.281481 0.008247 0.016358
0 0.225174 0.275849 0.008333 0.017438
0 0.225694 0.270216 0.008333 0.018210
0 0.203082 0.243056 0.007552 0.016975
0 0.180512 0.216204 0.006858 0.015123
0 0.157986 0.189275 0.006076 0.013426
0 0.135417 0.162346 0.005382 0.011728
0 0.113064 0.135494 0.004601 0.009877
0 0.090495 0.108333 0.003906 0.008642
0 0.067925 0.081481 0.003212 0.006790
0 0.045312 0.054630 0.002431 0.005247
0 0.022786 0.027701 0.001649 0.003549
0 0.000477 0.000849 0.000955 0.001698
0 0.000477 0.000849 0.000955 0.001698
0 0.000477 0.000849 0.000955 0.001698
0 0.000477 0.000849 0.000955 0.001698
0 0.000477 0.000849 0.000955 0.001698
0 0.000477 0.000849 0.000955 0.001698
0 0.000477 0.000849 0.000955 0.001698
0 0.000477 0.000849 0.000955 0.001698
0 0.000477 0.000849 0.000955 0.001698
0 0.000477 0.000849 0.000955 0.001698
0 0.000477 0.000849 0.000955 0.001698
0 0.000477 0.000849 0.000955 0.001698
0 0.000477 0.000849 0.000955 0.001698
0 0.000477 0.000849 0.000955 0.001698
0 0.000477 0.000849 0.000955 0.001698
0 0.000477 0.000849 0.000955 0.001698
0 0.000477 0.000849 0.000955 0.001698
0 0.000477 0.000849 0.000955 0.001698
0 0.000477 0.000849 0.000955 0.001698
0 0.000477 0.000849 0.000955 0.001698
0 0.000477 0.000849 0.000955 0.001698
0 0.000477 0.000849 0.000955 0.001698
0 0.000477 0.000849 0.000955 0.001698
0 0.000477 0.000849 0.000955 0.001698
0 0.000477 0.000849 0.000955 0.001698
0 0.000477 0.000849 0.000955 0.001698
0 0.000477 0.000849 0.000955 0.001698
0 0.000477 0.000849 0.000955 0.001698
0 0.000477 0.000849 0.000955 0.001698
0 0.000477 0.000849 0.000955 0.001698
0 0.000477 0.000849 0.000955 0.001698
0 0.000477 0.000849 0.000955 0.001698
0 0.000477 0.000849 0.000955 0.001698
0 0.000477 0.000849 0.000955 0.001698
0 0.000477 0.000849 0.000955 0.001698
0 0.000477 0.000849 0.000955 0.001698
0 0.000477 0.000849 0.000955 0.001698
0 0.000477 0.000849 0.000955 0.001698
0 0.000477 0.000849 0.000955 0.001698
0 0.000477 0.000849 0.000955 0.001698
0 0.000477 0.000849 0.000955 0.001698
0 0.000477 0.000849 0.000955 0.001698
0 0.000477 0.000849 0.000955 0.001698
0 0.000477 0.000849 0.000955 0.001698
0 0.000477 0.000849 0.000955 0.001698
0 0.000477 0.000849 0.000955 0.001698
0 0.000477 0.000849 0.000955 0.001698
0 0.000477 0.000849 0.000955 0.001698
0 0.000477 0.000849 0.000955 0.001698
0 0.000477 0.000849 0.000955 0.001698
0 0.000477 0.000849 0.000955 0.001698
0 0.000477 0.000849 0.000955 0.001698
0 0.000477 0.000849 0.000955 0.001698
0 0.000477 0.000849 0.000955 0.001698
0 0.000477 0.000849 0.000955 0.001698
0 0.000477 0.000849 0.000955 0.001698
0 0.000477 0.000849 0.000955 0.001698
0 0.000477 0.000849 0.000955 0.001698
0 0.000477 0.000849 0.000955 0.001698
0 0.000477 0.000849 0.000955 0.001698
0 0.000477 0.000849 0.000955 0.001698
0 0.000477 0.000849 0.000955 0.001698
0 0.000477 0.000849 0.000955 0.001698
0 0.000477 0.000849 0.000955 0.001698
0 0.000477 0.000849 0.000955 0.001698
0 0.000477 0.000849 0.000955 0.001698
0 0.000477 0.000849 0.000955 0.001698
0 0.000477 0.000849 0.000955 0.001698
0 0.000477 0.000849 0.000955 0.001698
0 0.000477 0.000849 0.000955 0.001698
0 0.000477 0.000849 0.000955 0.001698
0 0.000477 0.000849 0.000955 0.001698
0 0.000477 0.000849 0.000955 0.001698
0 0.000477 0.000849 0.000955 0.001698
0 0.000477 0.000849 0.000955 0.001698
0 0.000477 0.000849 0.000955 0.001698
0 0.000477 0.000849 0.000955 0.001698
0 0.000477 0.000849 0.000955 0.001698
0 0.000477 0.000849 0.000955 0.001698
0 0.000477 0.000849 0.000955 0.001698
0 0.000477 0.000849 0.000955 0.001698
0 0.000477 0.000849 0.000955 0.001698
0 0.000477 0.000849 0.000955 0.001698
0 0.000477 0.000849 0.000955 0.001698
0 0.000477 0.000849 0.000955 0.001698
0 0.000477 0.000849 0.000955 0.001698
0 0.000477 0.000849 0.000955 0.001698
0 0.000477 0.000849 0.000955 0.001698
0 0.000477 0.000849 0.000955 0.001698
0 0.000477 0.000849 0.000955 0.001698
0 0.000477 0.000849 0.000955 0.001698
0 0.000477 0.000849 0.000955 0.001698
0 0.000477 0.000849 0.000955 0.001698
0 0.000477 0.000849 0.000955 0.001698
0 0.000477 0.000849 0.000955 0.001698
0 0.000477 0.000849 0.000955 0.001698
0 0.000477 0.000849 0.000955 0.001698
0 0.000477 0.000849 0.000955 0.001698
0 0.000477 0.000849 0.000955 0.001698
0 0.000477 0.000849 0.000955 0.001698
0 0.000477 0.000849 0.000955 0.001698
0 0.022786 0.027701 0.001649 0.003549
0 0.045312 0.054630 0.002431 0.005247
0 0.067925 0.081481 0.003212 0.006790
0 0.090495 0.108333 0.003906 0.008642
0 0.113064 0.135494 0.004601 0.009877
0 0.135417 0.162346 0.005382 0.011728
0 0.157986 0.189275 0.006076 0.013426
0 0.180512 0.216204 0.006858 0.015123
0 0.203082 0.243056 0.007552 0.016975
0 0.225694 0.270216 0.008333 0.018210
0 0.225694 0.270216 0.008333 0.018210
0 0.225694 0.270216 0.008333 0.018210
0 0.225694 0.270216 0.008333 0.018210
0 0.225694 0.270216 0.008333 0.018210
0 0.225694 0.270216 0.008333 0.018210
0 0.225694 0.270216 0.008333 0.018210
0 0.225694 0.270216 0.008333 0.018210
0 0.225694 0.270216 0.008333 0.018210
0 0.225694 0.270216 0.008333 0.018210
0 0.225694 0.270216 0.008333 0.018210
0 0.225694 0.270216 0.008333 0.018210
0 0.225694 0.270216 0.008333 0.018210
0 0.225694 0.270216 0.008333 0.018210
0 0.225694 0.270216 0.008333 0.018210
0 0.225694 0.270216 0.008333 0.018210
0 0.225694 0.270216 0.008333 0.018210
0 0.225694 0.270216 0.008333 0.018210
0 0.225694 0.270216 0.008333 0.018210
0 0.225694 0.270216 0.008333 0.018210
0 0.225694 0.270216 0.008333 0.018210
0 0.225694 0.270216 0.008333 0.018210
0 0.225694 0.270216 0.008333 0.018210
0 0.225694 0.270216 0.008333 0.018210
0 0.225694 0.270216 0.008333 0.018210
0 0.225694 0.270216 0.008333 0.018210
0 0.225694 0.270216 0.008333 0.018210
0 0.225694 0.270216 0.008333 0.018210
0 0.225694 0.270216 0.008333 0.018210
0 0.225694 0.270216 0.008333 0.018210
0 0.225694 0.270216 0.008333 0.018210
0 0.225434 0.273225 0.008333 0.018364
0 0.225434 0.276235 0.008333 0.018210
0 0.225174 0.279321 0.008333 0.018210
0 0.225174 0.282716 0.008333 0.018210
0 0.225174 0.285802 0.008333 0.018210
0 0.224957 0.288889 0.008247 0.018210
0 0.224957 0.292284 0.008247 0.018210
0 0.224696 0.295370 0.008247 0.018210
0 0.224696 0.298457 0.008247 0.018210
0 0.224696 0.301852 0.008247 0.018210
0 0.224479 0.304012 0.008333 0.017284
0 0.224219 0.306636 0.008333 0.016358
0 0.223958 0.309182 0.008333 0.015586
0 0.223872 0.311420 0.008507 0.014815
0 0.223741 0.314043 0.008247 0.013889
0 0.223481 0.316590 0.008247 0.013117
0 0.223351 0.318750 0.008507 0.012191
0 0.223090 0.321373 0.008507 0.011265
0 0.222873 0.323997 0.008594 0.010340
0 0.222873 0.326543 0.008594 0.009568
