0 0.196788 0.192747 0.004167 0.007407
0 0.196788 0.192747 0.004167 0.007407
0 0.196788 0.192747 0.004167 0.007407
0 0.196788 0.192747 0.004167 0.007407
0 0.196788 0.192747 0.004167 0.007407
0 0.196788 0.192747 0.004167 0.007407
0 0.196788 0.192747 0.004167 0.007407
0 0.196788 0.192747 0.004167 0.007407
0 0.196788 0.192747 0.004167 0.007407
0 0.196788 0.192747 0.004167 0.007407
0 0.196788 0.192747 0.004167 0.007407
0 0.196788 0.192747 0.004167 0.007407
0 0.196875 0.192747 0.004340 0.007407
0 0.196875 0.192747 0.004340 0.007407
0 0.197005 0.192747 0.004601 0.007407
0 0.197266 0.192747 0.004601 0.007407
0 0.197266 0.192747 0.004601 0.007407
0 0.197396 0.192747 0.004861 0.007407
0 0.197396 0.192747 0.004861 0.007407
0 0.197526 0.192747 0.005122 0.007407
0 0.197700 0.192978 0.005122 0.007870
0 0.197700 0.192978 0.005122 0.007870
0 0.197700 0.192978 0.005122 0.007870
0 0.197700 0.192978 0.005122 0.007870
0 0.197700 0.192978 0.005122 0.007870
0 0.197700 0.192978 0.005122 0.007870
0 0.197700 0.192978 0.005122 0.007870
0 0.197700 0.192978 0.005122 0.007870
0 0.197700 0.192978 0.005122 0.007870
0 0.197700 0.192978 0.005122 0.007870
0 0.197700 0.192978 0.005122 0.007870
0 0.197700 0.192978 0.005122 0.007870
0 0.197700 0.192978 0.005122 0.007870
0 0.197700 0.192978 0.005122 0.007870
0 0.197700 0.192978 0.005122 0.007870
0 0.197700 0.192978 0.005122 0.007870
0 0.197700 0.192978 0.005122 0.007870
0 0.197700 0.192978 0.005122 0.007870
0 0.197700 0.192978 0.005122 0.007870
0 0.197700 0.192978 0.005122 0.007870
0 0.197700 0.192978 0.005122 0.007870
0 0.197700 0.192978 0.005122 0.007870
0 0.197700 0.192978 0.005122 0.007870
0 0.197700 0.192978 0.005122 0.007870
0 0.197700 0.192978 0.005122 0.007870
0 0.197700 0.192978 0.005122 0.007870
0 0.197700 0.192978 0.005122 0.007870
0 0.197700 0.192978 0.005122 0.007870
0 0.197700 0.192978 0.005122 0.007870
0 0.197700 0.192978 0.005122 0.007870
0 0.197700 0.192978 0.005122 0.007870
0 0.197700 0.192978 0.005122 0.007870
0 0.197960 0.192978 0.005122 0.007870
0 0.197960 0.192978 0.005122 0.007870
0 0.198220 0.192978 0.005122 0.007870
0 0.198481 0.192978 0.005122 0.007870
0 0.198481 0.192978 0.005122 0.007870
0 0.198741 0.192978 0.005122 0.007870
0 0.198741 0.192978 0.005122 0.007870
0 0.198915 0.192978 0.005122 0.007870
0 0.199175 0.192978 0.005122 0.007870
0 0.198915 0.192978 0.005122 0.007870
0 0.198915 0.192978 0.005122 0.007870
0 0.198915 0.192978 0.005122 0.007870
0 0.198915 0.192978 0.005122 0.007870
0 0.198915 0.192978 0.005122 0.007870
0 0.198915 0.192978 0.005122 0.007870
0 0.198915 0.192978 0.005122 0.007870
0 0.198915 0.192978 0.005122 0.007870
0 0.198915 0.192978 0.005122 0.007870
0 0.198915 0.193441 0.005122 0.007870
0 0.198915 0.193441 0.005122 0.007870
0 0.198915 0.193441 0.005122 0.007870
0 0.198915 0.193441 0.005122 0.007870
0 0.198915 0.193441 0.005122 0.007870
0 0.199175 0.193441 0.005122 0.007870
0 0.199175 0.193441 0.005122 0.007870
0 0.199175 0.193441 0.005122 0.007870
0 0.199175 0.193441 0.005122 0.007870
0 0.199175 0.193441 0.005122 0.007870
0 0.199436 0.193441 0.005122 0.007870
0 0.199436 0.193441 0.005122 0.007870
0 0.199436 0.193441 0.005122 0.007870
0 0.199436 0.193441 0.005122 0.007870
0 0.199436 0.193827 0.005122 0.007716
0 0.199696 0.193827 0.005122 0.007716
0 0.199696 0.193827 0.005122 0.007716
0 0.199696 0.194290 0.005122 0.007716
0 0.199696 0.194290 0.005122 0.007716
0 0.199696 0.194290 0.005122 0.007716
0 0.199957 0.194676 0.005122 0.007870
0 0.199957 0.194676 0.005122 0.007870
0 0.199957 0.194676 0.005122 0.007870
0 0.199957 0.194676 0.005122 0.007870
0 0.199957 0.194676 0.005122 0.007870
0 0.199957 0.194676 0.005122 0.007870
0 0.199957 0.194676 0.005122 0.007870
0 0.199957 0.194676 0.005122 0.007870
0 0.199957 0.194676 0.005122 0.007870
0 0.199957 0.194676 0.005122 0.007870
0 0.199957 0.194676 0.005122 0.007870
0 0.199957 0.194676 0.005122 0.007870
0 0.199957 0.194676 0.005122 0.007870
0 0.199957 0.194676 0.005122 0.007870
0 0.199957 0.194676 0.005122 0.007870
0 0.199957 0.194676 0.005122 0.007870
0 0.199957 0.194676 0.005122 0.007870
0 0.199957 0.194676 0.005122 0.007870
0 0.199957 0.194676 0.005122 0.007870
0 0.199957 0.194676 0.005122 0.007870
0 0.199957 0.194676 0.005122 0.007870
0 0.199696 0.194676 0.005122 0.007870
0 0.199436 0.194676 0.005122 0.007870
0 0.199436 0.195139 0.005122 0.007870
0 0.199175 0.195139 0.005122 0.007870
0 0.199175 0.195602 0.005122 0.007870
0 0.198915 0.195602 0.005122 0.007870
0 0.198741 0.195602 0.005122 0.007870
0 0.198741 0.195988 0.005122 0.007716
0 0.198481 0.195988 0.005122 0.007716
0 0.198481 0.196451 0.005122 0.007716
0 0.198220 0.196451 0.005122 0.007716
0 0.198220 0.196682 0.005122 0.008179
0 0.198090 0.196682 0.004861 0.008179
0 0.197960 0.196914 0.005122 0.008642
0 0.197830 0.196914 0.004861 0.008642
0 0.197830 0.197145 0.004861 0.009105
0 0.197613 0.197145 0.004948 0.009105
0 0.197613 0.197299 0.004948 0.009414
0 0.197483 0.197299 0.004687 0.009414
0 0.197483 0.197685 0.004687 0.009568
0 0.197483 0.197685 0.004687 0.009568
0 0.197483 0.197685 0.004687 0.009568
0 0.197483 0.197685 0.004687 0.009568
0 0.197483 0.197685 0.004687 0.009568
0 0.197483 0.197685 0.004687 0.009568
0 0.197483 0.197685 0.004687 0.009568
0 0.197483 0.197685 0.004687 0.009568
0 0.197483 0.197685 0.004687 0.009568
0 0.197483 0.197685 0.004687 0.009568
0 0.197483 0.197685 0.004687 0.009568
0 0.197483 0.197685 0.004687 0.009568
0 0.197483 0.197685 0.004687 0.009568
0 0.197483 0.197685 0.004687 0.009568
0 0.197483 0.198148 0.004687 0.009568
0 0.197483 0.198148 0.004687 0.009568
0 0.197483 0.198148 0.004687 0.009568
0 0.197483 0.198611 0.004687 0.009568
0 0.197483 0.198611 0.004687 0.009568
0 0.197483 0.198611 0.004687 0.009568
0 0.197483 0.199074 0.004687 0.009568
0 0.197483 0.199074 0.004687 0.009568
0 0.197483 0.199074 0.004687 0.009568
0 0.197483 0.199074 0.004687 0.009568
0 0.197483 0.199074 0.004687 0.009568
0 0.197483 0.199074 0.004687 0.009568
0 0.197483 0.199074 0.004687 0.009568
0 0.197483 0.199074 0.004687 0.009568
0 0.197483 0.199074 0.004687 0.009568
0 0.197483 0.199074 0.004687 0.009568
0 0.197483 0.199074 0.004687 0.009568
0 0.197483 0.199074 0.004687 0.009568
0 0.197483 0.199306 0.004687 0.010031
0 0.197483 0.199306 0.004687 0.010031
0 0.197613 0.199691 0.004427 0.009877
0 0.197743 0.199923 0.004687 0.010340
0 0.197743 0.199923 0.004687 0.010340
0 0.197873 0.200386 0.004427 0.010340
0 0.197873 0.200386 0.004427 0.010340
0 0.197873 0.200617 0.004427 0.010802
0 0.198090 0.201003 0.004340 0.010957
0 0.198090 0.201003 0.004340 0.010957
0 0.198220 0.201003 0.004601 0.010957
0 0.198351 0.201003 0.004861 0.010957
0 0.198351 0.201003 0.004861 0.010957
0 0.198481 0.201003 0.005122 0.010957
0 0.198611 0.201003 0.005382 0.010957
0 0.198611 0.201003 0.005382 0.010957
0 0.198698 0.201003 0.005556 0.010957
0 0.198828 0.201003 0.005816 0.010957
0 0.198958 0.201003 0.006076 0.010957
