0 0.150998 0.234799 0.003906 0.004784
0 0.150998 0.234799 0.003906 0.004784
0 0.150998 0.234799 0.003906 0.004784
0 0.150998 0.234799 0.003906 0.004784
0 0.150998 0.234799 0.003906 0.004784
0 0.150998 0.234799 0.003906 0.004784
0 0.150998 0.234799 0.003906 0.004784
0 0.150998 0.234799 0.003906 0.004784
0 0.150998 0.234799 0.003906 0.004784
0 0.150998 0.234799 0.003906 0.004784
0 0.150998 0.234799 0.003906 0.004784
0 0.150998 0.234799 0.003906 0.004784
0 0.150998 0.234799 0.003906 0.004784
0 0.150998 0.234799 0.003906 0.004784
0 0.150998 0.234799 0.003906 0.004784
0 0.150998 0.234799 0.003906 0.004784
0 0.150998 0.234799 0.003906 0.004784
0 0.150998 0.234799 0.003906 0.004784
0 0.150998 0.234799 0.003906 0.004784
0 0.150998 0.234799 0.003906 0.004784
0 0.150998 0.234799 0.003906 0.004784
0 0.150998 0.234799 0.003906 0.004784
0 0.150998 0.234799 0.003906 0.004784
0 0.150998 0.234799 0.003906 0.004784
0 0.150998 0.234799 0.003906 0.004784
0 0.150998 0.234799 0.003906 0.004784
0 0.150998 0.234799 0.003906 0.004784
0 0.150998 0.234799 0.003906 0.004784
0 0.150998 0.234799 0.003906 0.004784
0 0.150998 0.234799 0.003906 0.004784
0 0.150998 0.234799 0.003906 0.004784
0 0.150998 0.234799 0.003906 0.004784
0 0.150998 0.234799 0.003906 0.004784
0 0.150998 0.234799 0.003906 0.004784
0 0.150998 0.234799 0.003906 0.004784
0 0.150998 0.234799 0.003906 0.004784
0 0.150998 0.234799 0.003906 0.004784
0 0.150998 0.234799 0.003906 0.004784
0 0.150998 0.234799 0.003906 0.004784
0 0.150998 0.234799 0.003906 0.004784
0 0.150998 0.234799 0.003906 0.004784
0 0.150998 0.234799 0.003906 0.004784
0 0.150998 0.234799 0.003906 0.004784
0 0.150998 0.234799 0.003906 0.004784
0 0.150998 0.234799 0.003906 0.004784
0 0.150998 0.234799 0.003906 0.004784
0 0.150998 0.234799 0.003906 0.004784
0 0.150998 0.234799 0.003906 0.004784
0 0.150998 0.234799 0.003906 0.004784
0 0.150998 0.234799 0.003906 0.004784
0 0.150998 0.234799 0.003906 0.004784
0 0.150998 0.234799 0.003906 0.004784
0 0.150998 0.234799 0.003906 0.004784
0 0.150998 0.234799 0.003906 0.004784
0 0.150998 0.234799 0.003906 0.004784
0 0.150998 0.234799 0.003906 0.004784
0 0.150998 0.234799 0.003906 0.004784
0 0.150998 0.234799 0.003906 0.004784
0 0.150998 0.234799 0.003906 0.004784
0 0.150998 0.234799 0.003906 0.004784
0 0.150998 0.234799 0.003906 0.004784
0 0.150998 0.234799 0.003906 0.004784
0 0.150998 0.234799 0.003906 0.004784
0 0.150998 0.234799 0.003906 0.004784
0 0.150998 0.234799 0.003906 0.004784
0 0.150998 0.234799 0.003906 0.004784
0 0.150998 0.234799 0.003906 0.004784
0 0.150998 0.234799 0.003906 0.004784
0 0.150998 0.234799 0.003906 0.004784
0 0.150998 0.234799 0.003906 0.004784
0 0.150998 0.234799 0.003906 0.004784
0 0.150998 0.234799 0.003906 0.004784
0 0.150998 0.234799 0.003906 0.004784
0 0.150998 0.234799 0.003906 0.004784
0 0.150998 0.234799 0.003906 0.004784
0 0.150998 0.234799 0.003906 0.004784
0 0.150998 0.234799 0.003906 0.004784
0 0.150998 0.234799 0.003906 0.004784
0 0.150998 0.234799 0.003906 0.004784
0 0.150998 0.234799 0.003906 0.004784
0 0.150998 0.234799 0.003906 0.004784
0 0.150998 0.234799 0.003906 0.004784
0 0.150998 0.234799 0.003906 0.004784
0 0.150998 0.234799 0.003906 0.004784
0 0.151128 0.234799 0.003646 0.004784
0 0.151128 0.234799 0.003646 0.004784
0 0.151128 0.234799 0.003646 0.004784
0 0.151259 0.234799 0.003385 0.004784
0 0.151259 0.234799 0.003385 0.004784
0 0.151259 0.234799 0.003385 0.004784
0 0.151519 0.235031 0.003385 0.004321
0 0.150998 0.234799 0.003906 0.004784
0 0.150521 0.234568 0.004340 0.005247
0 0.150000 0.234568 0.004861 0.005247
0 0.149566 0.234414 0.005382 0.005556
0 0.149306 0.234645 0.005903 0.006019
0 0.148828 0.234414 0.006337 0.006481
0 0.148307 0.234182 0.006858 0.006944
0 0.147830 0.234182 0.007292 0.006944
0 0.147309 0.233951 0.007812 0.007407
0 0.147092 0.234182 0.008247 0.007870
0 0.146875 0.233719 0.008333 0.007870
0 0.146875 0.233565 0.008333 0.008179
0 0.146615 0.233333 0.008333 0.008642
0 0.146615 0.232870 0.008333 0.008642
0 0.146354 0.232870 0.008333 0.008642
0 0.146354 0.232639 0.008333 0.009105
0 0.146137 0.232176 0.008247 0.009105
0 0.146137 0.232022 0.008247 0.009414
0 0.145877 0.231790 0.008247 0.009877
0 0.145877 0.231790 0.008247 0.009877
0 0.145747 0.231559 0.008507 0.010340
0 0.145747 0.231327 0.008507 0.010802
0 0.145747 0.231096 0.008507 0.011265
0 0.145616 0.230864 0.008767 0.011728
0 0.145616 0.230710 0.008767 0.012037
0 0.145616 0.230478 0.008767 0.012500
0 0.145486 0.230247 0.009028 0.012963
0 0.145486 0.230015 0.009028 0.013426
0 0.145486 0.229784 0.009028 0.013889
0 0.145486 0.229784 0.009028 0.013889
0 0.145486 0.229630 0.009028 0.014198
0 0.145616 0.229630 0.008767 0.014198
0 0.145747 0.229630 0.008507 0.014198
0 0.146007 0.229630 0.008507 0.014198
0 0.146137 0.229630 0.008247 0.014198
0 0.146137 0.229398 0.008247 0.014660
0 0.146354 0.229398 0.008333 0.014660
0 0.146484 0.229398 0.008073 0.014660
0 0.146615 0.229398 0.007812 0.014660
0 0.146875 0.229398 0.007812 0.014660
0 0.147005 0.229012 0.007552 0.014815
0 0.147222 0.228781 0.007639 0.015278
0 0.147352 0.228318 0.007378 0.015278
0 0.147569 0.228164 0.007292 0.015586
0 0.147830 0.228164 0.007292 0.015586
0 0.147960 0.227701 0.007031 0.015586
0 0.148177 0.227469 0.007118 0.016049
0 0.148307 0.227006 0.006858 0.016049
0 0.148568 0.226775 0.006858 0.016512
0 0.148828 0.226775 0.006858 0.016512
0 0.148828 0.226543 0.006858 0.016975
0 0.149045 0.226543 0.006771 0.016975
0 0.149045 0.226389 0.006771 0.017284
0 0.149306 0.226389 0.006771 0.017284
0 0.149523 0.226157 0.006858 0.017747
0 0.149523 0.226157 0.006858 0.017747
0 0.149783 0.225926 0.006858 0.018210
0 0.149783 0.225926 0.006858 0.018210
0 0.150043 0.225694 0.006858 0.018673
0 0.150304 0.225694 0.006858 0.018673
0 0.150304 0.225926 0.006858 0.018210
0 0.150304 0.226620 0.006858 0.017747
0 0.150391 0.227006 0.007031 0.016975
0 0.150521 0.227701 0.006771 0.016512
0 0.150651 0.228164 0.007031 0.015586
0 0.150651 0.228549 0.007031 0.015741
0 0.150738 0.229012 0.006858 0.014815
0 0.150868 0.229630 0.007118 0.014198
0 0.150868 0.230015 0.007118 0.013426
0 0.151128 0.230710 0.007118 0.012963
0 0.151128 0.230710 0.007118 0.013889
0 0.151259 0.230941 0.007378 0.014352
0 0.151389 0.231173 0.007118 0.014815
0 0.151476 0.231327 0.007292 0.015123
0 0.151606 0.231559 0.007031 0.015586
0 0.151736 0.231790 0.007292 0.016049
0 0.151736 0.232022 0.007292 0.016512
0 0.151997 0.232253 0.007292 0.016975
0 0.151997 0.232407 0.007292 0.017284
0 0.152214 0.232639 0.007378 0.017747
0 0.152083 0.232870 0.007118 0.017284
0 0.152083 0.233488 0.007118 0.016975
0 0.151953 0.233951 0.006858 0.016049
0 0.151953 0.234414 0.006858 0.016049
0 0.151953 0.235108 0.006858 0.015586
0 0.151823 0.235494 0.006597 0.014815
0 0.151823 0.235957 0.006597 0.014815
0 0.151736 0.236420 0.006424 0.013889
0 0.151736 0.236960 0.006424 0.013426
0 0.151866 0.237654 0.006163 0.012963
