0 0.168229 0.137500 0.004167 0.018210
0 0.169184 0.137037 0.004167 0.018210
0 0.170139 0.136806 0.004167 0.017747
0 0.171137 0.136574 0.004080 0.018210
0 0.172135 0.136343 0.004167 0.017747
0 0.173220 0.136111 0.004427 0.018210
0 0.174175 0.135880 0.004427 0.017747
0 0.175174 0.135494 0.004340 0.017901
0 0.176128 0.135494 0.004340 0.017901
0 0.177127 0.135108 0.004427 0.017747
0 0.178342 0.135108 0.004427 0.017747
0 0.178602 0.134645 0.004427 0.017747
0 0.178819 0.134182 0.004340 0.017747
0 0.179080 0.133719 0.004340 0.017747
0 0.179297 0.133333 0.004427 0.017901
0 0.179557 0.133102 0.004427 0.018364
0 0.179818 0.132716 0.004427 0.018210
0 0.180035 0.132253 0.004340 0.018210
0 0.180295 0.131790 0.004340 0.018210
0 0.180512 0.131327 0.004427 0.018210
0 0.180773 0.131327 0.004427 0.018210
0 0.180512 0.130864 0.004427 0.018210
0 0.180512 0.130556 0.004427 0.018210
0 0.180295 0.130093 0.004340 0.018210
0 0.180295 0.129861 0.004340 0.017747
0 0.180035 0.129630 0.004340 0.018210
0 0.180035 0.129167 0.004340 0.018210
0 0.179818 0.128935 0.004427 0.017747
0 0.179818 0.128549 0.004427 0.017901
0 0.179557 0.128164 0.004427 0.017747
0 0.179557 0.128164 0.004427 0.017747
0 0.180035 0.127701 0.004340 0.017747
0 0.180512 0.127238 0.004427 0.017747
0 0.181250 0.126775 0.004340 0.017747
0 0.181727 0.126389 0.004427 0.017901
0 0.182509 0.126003 0.004427 0.017747
0 0.182986 0.125540 0.004340 0.017747
0 0.183464 0.125077 0.004427 0.017747
0 0.184201 0.124614 0.004340 0.017747
0 0.184679 0.124228 0.004427 0.017901
0 0.185417 0.124228 0.004340 0.017901
0 0.185894 0.123765 0.004427 0.017901
0 0.186415 0.123765 0.004427 0.017901
0 0.187109 0.123380 0.004427 0.017747
0 0.187630 0.123380 0.004427 0.017747
0 0.188325 0.123380 0.004427 0.017747
0 0.188845 0.122917 0.004427 0.017747
0 0.189323 0.122917 0.004340 0.017747
0 0.190061 0.122454 0.004427 0.017747
0 0.190538 0.122454 0.004340 0.017747
0 0.191276 0.122454 0.004427 0.017747
0 0.191276 0.121991 0.004427 0.017747
0 0.191276 0.121605 0.004427 0.017901
0 0.191276 0.121219 0.004427 0.017747
0 0.191276 0.121219 0.004427 0.017747
0 0.191536 0.120756 0.004427 0.017747
0 0.191536 0.120293 0.004427 0.017747
0 0.191536 0.120293 0.004427 0.017747
0 0.191536 0.119830 0.004427 0.017747
0 0.191536 0.119444 0.004427 0.017901
0 0.191753 0.119444 0.004340 0.017901
0 0.191536 0.118596 0.004427 0.017747
0 0.191276 0.118133 0.004427 0.017747
0 0.191016 0.117438 0.004427 0.018210
0 0.190799 0.116821 0.004340 0.017901
0 0.190538 0.116435 0.004340 0.017747
0 0.190278 0.115741 0.004340 0.018210
0 0.190061 0.115046 0.004427 0.017747
0 0.189800 0.114506 0.004427 0.018210
0 0.189540 0.114043 0.004427 0.018210
0 0.189323 0.113580 0.004340 0.018210
0 0.188845 0.113117 0.004427 0.018210
0 0.188585 0.113117 0.004427 0.018210
0 0.188325 0.112654 0.004427 0.018210
0 0.188108 0.112654 0.004340 0.018210
0 0.187847 0.112500 0.004340 0.017901
0 0.187370 0.112346 0.004427 0.018210
0 0.187109 0.112114 0.004427 0.017747
0 0.186892 0.111883 0.004340 0.018210
0 0.186632 0.111651 0.004340 0.017747
0 0.186415 0.111651 0.004427 0.017747
0 0.185894 0.111188 0.004427 0.017747
0 0.185634 0.110725 0.004427 0.017747
0 0.185156 0.110340 0.004340 0.017901
0 0.184939 0.109877 0.004427 0.017901
0 0.184418 0.109877 0.004427 0.017901
0 0.184201 0.109491 0.004340 0.017747
0 0.183724 0.109028 0.004427 0.017747
0 0.183464 0.108565 0.004427 0.017747
0 0.182986 0.108179 0.004340 0.017901
0 0.182726 0.108179 0.004340 0.017901
0 0.182248 0.107716 0.004427 0.017901
0 0.181988 0.107562 0.004427 0.018210
0 0.181510 0.107330 0.004340 0.017747
0 0.181250 0.107099 0.004340 0.018210
0 0.181033 0.106867 0.004427 0.017747
0 0.180512 0.106636 0.004427 0.018210
0 0.180295 0.106173 0.004340 0.018210
0 0.179818 0.106173 0.004427 0.018210
0 0.179557 0.105710 0.004427 0.018210
0 0.179297 0.105710 0.004427 0.018210
0 0.178819 0.105401 0.004340 0.018210
0 0.178602 0.104938 0.004427 0.018210
0 0.178212 0.104938 0.004687 0.018210
0 0.177865 0.104475 0.004340 0.018210
0 0.177474 0.104475 0.004601 0.018210
0 0.177214 0.104012 0.004601 0.018210
0 0.176736 0.103549 0.004687 0.018210
0 0.176519 0.103549 0.004601 0.018210
0 0.176128 0.103241 0.004861 0.018210
0 0.175868 0.103241 0.004861 0.018210
0 0.175868 0.102778 0.004861 0.018210
0 0.175868 0.102778 0.004861 0.018210
0 0.176128 0.102778 0.004861 0.018210
0 0.176128 0.102315 0.004861 0.018210
0 0.176389 0.102315 0.004861 0.018210
0 0.176389 0.102315 0.004861 0.018210
0 0.176389 0.101852 0.004861 0.018210
0 0.176649 0.101852 0.004861 0.018210
0 0.176649 0.101852 0.004861 0.018210
0 0.176866 0.101852 0.004948 0.018210
0 0.176866 0.101389 0.004948 0.018210
0 0.176866 0.101003 0.004948 0.018364
0 0.176866 0.101003 0.004948 0.018364
0 0.176866 0.100617 0.004948 0.018210
0 0.176866 0.100617 0.004948 0.018210
0 0.176866 0.100154 0.004948 0.018210
0 0.176866 0.099691 0.004948 0.018210
0 0.176866 0.099691 0.004948 0.018210
0 0.176866 0.099228 0.004948 0.018210
0 0.176866 0.099228 0.004948 0.018210
0 0.176649 0.098765 0.004861 0.018210
0 0.176389 0.098765 0.004861 0.018210
0 0.176128 0.098457 0.004861 0.018210
0 0.176128 0.098457 0.004861 0.018210
0 0.175868 0.097994 0.004861 0.018210
0 0.175651 0.097994 0.004948 0.018210
0 0.175651 0.097531 0.004948 0.018210
0 0.175434 0.097531 0.004861 0.018210
0 0.175174 0.097068 0.004861 0.018210
0 0.175174 0.097068 0.004861 0.018210
0 0.174653 0.096836 0.004861 0.017747
0 0.174306 0.096836 0.004687 0.017747
0 0.173828 0.096836 0.004601 0.017747
0 0.173568 0.096836 0.004601 0.017747
0 0.173090 0.097068 0.004687 0.017284
0 0.172700 0.097068 0.004427 0.017284
0 0.172352 0.097068 0.004601 0.017284
0 0.172005 0.097068 0.004427 0.017284
0 0.171484 0.097068 0.004427 0.017284
0 0.171267 0.097299 0.004340 0.016821
0 0.170790 0.096914 0.004427 0.016975
0 0.170530 0.096451 0.004427 0.016975
0 0.170269 0.095988 0.004427 0.016975
0 0.170052 0.095602 0.004340 0.016821
0 0.169792 0.095370 0.004340 0.017284
0 0.169575 0.094907 0.004427 0.017284
0 0.169314 0.094522 0.004427 0.017438
0 0.169054 0.094059 0.004427 0.017438
0 0.168837 0.093596 0.004340 0.017438
0 0.168576 0.093596 0.004340 0.017438
0 0.169314 0.093210 0.004427 0.017284
0 0.170269 0.093210 0.004427 0.017284
0 0.171137 0.093210 0.004080 0.017284
0 0.172005 0.092978 0.004427 0.016821
0 0.172960 0.092978 0.004427 0.016821
0 0.173828 0.092747 0.004080 0.017284
0 0.174696 0.092515 0.004427 0.016821
0 0.175521 0.092515 0.004167 0.016821
0 0.176476 0.092515 0.004167 0.016821
0 0.177474 0.092515 0.004080 0.016821
0 0.177951 0.092515 0.004167 0.016821
0 0.178472 0.092515 0.004167 0.016821
0 0.178950 0.092515 0.004080 0.016821
0 0.179427 0.092515 0.004167 0.016821
0 0.180165 0.092747 0.004080 0.017284
0 0.180642 0.092747 0.004167 0.017284
0 0.181163 0.092747 0.004167 0.017284
0 0.181597 0.092747 0.004167 0.017284
0 0.182118 0.092747 0.004167 0.017284
0 0.182856 0.093210 0.004080 0.017284
