0 0.159201 0.211806 0.006076 0.009105
0 0.158941 0.211343 0.006076 0.009105
0 0.158941 0.211343 0.006076 0.009105
0 0.158681 0.211034 0.006076 0.009105
0 0.158681 0.211034 0.006076 0.009105
0 0.158550 0.211034 0.006337 0.009105
0 0.158420 0.210571 0.006076 0.009105
0 0.158290 0.210571 0.006337 0.009105
0 0.158203 0.210108 0.006163 0.009105
0 0.158116 0.210108 0.006337 0.009105
0 0.158116 0.210108 0.006337 0.009105
0 0.157856 0.209645 0.006337 0.009105
0 0.157856 0.209645 0.006337 0.009105
0 0.157595 0.209645 0.006337 0.009105
0 0.157595 0.209645 0.006337 0.009105
0 0.157595 0.209645 0.006337 0.009105
0 0.157335 0.209182 0.006337 0.009105
0 0.157335 0.209182 0.006337 0.009105
0 0.157075 0.209182 0.006337 0.009105
0 0.157075 0.209182 0.006337 0.009105
0 0.157075 0.209182 0.006337 0.009105
0 0.156901 0.208873 0.006337 0.009105
0 0.156901 0.208873 0.006337 0.009105
0 0.156641 0.208873 0.006337 0.009105
0 0.156641 0.208873 0.006337 0.009105
0 0.156510 0.208873 0.006076 0.009105
0 0.156380 0.208410 0.006337 0.009105
0 0.156250 0.208410 0.006076 0.009105
0 0.156120 0.208410 0.006337 0.009105
0 0.155990 0.208410 0.006076 0.009105
0 0.155990 0.208410 0.006076 0.009105
0 0.155990 0.208410 0.006076 0.009105
0 0.155990 0.208410 0.006076 0.009105
0 0.155990 0.208410 0.006076 0.009105
0 0.155990 0.208410 0.006076 0.009105
0 0.155990 0.208410 0.006076 0.009105
0 0.155990 0.208410 0.006076 0.009105
0 0.155990 0.208410 0.006076 0.009105
0 0.155990 0.208410 0.006076 0.009105
0 0.155990 0.208410 0.006076 0.009105
0 0.155990 0.208410 0.006076 0.009105
0 0.155773 0.208410 0.006163 0.009105
0 0.155773 0.208410 0.006163 0.009105
0 0.155773 0.208410 0.006163 0.009105
0 0.155512 0.208410 0.006163 0.009105
0 0.155512 0.208410 0.006163 0.009105
0 0.155512 0.208410 0.006163 0.009105
0 0.155295 0.208410 0.006076 0.009105
0 0.155295 0.208410 0.006076 0.009105
0 0.155295 0.208410 0.006076 0.009105
0 0.155295 0.208873 0.006076 0.009105
0 0.155295 0.208873 0.006076 0.009105
0 0.155295 0.208873 0.006076 0.009105
0 0.155295 0.208873 0.006076 0.009105
0 0.155295 0.208873 0.006076 0.009105
0 0.155295 0.208873 0.006076 0.009105
0 0.155295 0.208873 0.006076 0.009105
0 0.155295 0.208873 0.006076 0.009105
0 0.155295 0.208873 0.006076 0.009105
0 0.155295 0.208873 0.006076 0.009105
0 0.155295 0.208873 0.006076 0.009105
0 0.155165 0.208642 0.005816 0.008642
0 0.155165 0.208410 0.005816 0.008179
0 0.155165 0.208179 0.005816 0.007716
0 0.155165 0.207948 0.005816 0.007253
0 0.155165 0.207948 0.005816 0.007253
0 0.155035 0.207793 0.005556 0.006944
0 0.155035 0.207562 0.005556 0.006481
0 0.155035 0.207330 0.005556 0.006019
0 0.155035 0.207099 0.005556 0.005556
0 0.155035 0.207099 0.005556 0.005556
0 0.155035 0.207099 0.005556 0.005556
0 0.155035 0.207099 0.005556 0.005556
0 0.155035 0.207099 0.005556 0.005556
0 0.155035 0.207099 0.005556 0.005556
0 0.155035 0.207099 0.005556 0.005556
0 0.155035 0.207099 0.005556 0.005556
0 0.155035 0.207099 0.005556 0.005556
0 0.155035 0.207099 0.005556 0.005556
0 0.155035 0.207099 0.005556 0.005556
0 0.155035 0.207099 0.005556 0.005556
0 0.155035 0.207099 0.005556 0.005556
0 0.155035 0.207099 0.005556 0.005556
0 0.155035 0.207099 0.005556 0.005556
0 0.155035 0.207099 0.005556 0.005556
0 0.155035 0.207099 0.005556 0.005556
0 0.155035 0.207099 0.005556 0.005556
0 0.155035 0.207099 0.005556 0.005556
0 0.155035 0.207099 0.005556 0.005556
0 0.155035 0.207099 0.005556 0.005556
0 0.155035 0.207099 0.005556 0.005556
0 0.155035 0.207099 0.005556 0.005556
0 0.155035 0.207099 0.005556 0.005556
0 0.155035 0.207099 0.005556 0.005556
0 0.155035 0.207099 0.005556 0.005556
0 0.155035 0.207099 0.005556 0.005556
0 0.155035 0.207099 0.005556 0.005556
0 0.155035 0.207099 0.005556 0.005556
0 0.155035 0.207099 0.005556 0.005556
0 0.155035 0.207099 0.005556 0.005556
0 0.155035 0.207099 0.005556 0.005556
0 0.155035 0.207099 0.005556 0.005556
0 0.155035 0.207099 0.005556 0.005556
0 0.155035 0.207099 0.005556 0.005556
0 0.155035 0.207099 0.005556 0.005556
0 0.155035 0.207099 0.005556 0.005556
0 0.155035 0.207099 0.005556 0.005556
0 0.155035 0.207099 0.005556 0.005556
0 0.155035 0.207099 0.005556 0.005556
0 0.155035 0.207099 0.005556 0.005556
0 0.155035 0.207099 0.005556 0.005556
0 0.155035 0.207099 0.005556 0.005556
0 0.155035 0.207099 0.005556 0.005556
0 0.155035 0.207099 0.005556 0.005556
0 0.155035 0.207099 0.005556 0.005556
0 0.155035 0.207099 0.005556 0.005556
0 0.155035 0.207099 0.005556 0.005556
0 0.155035 0.207099 0.005556 0.005556
0 0.155035 0.207099 0.005556 0.005556
0 0.155035 0.207099 0.005556 0.005556
0 0.155035 0.207099 0.005556 0.005556
0 0.155035 0.207099 0.005556 0.005556
0 0.155035 0.207099 0.005556 0.005556
0 0.155035 0.207099 0.005556 0.005556
0 0.155035 0.207099 0.005556 0.005556
0 0.155035 0.207099 0.005556 0.005556
0 0.155035 0.207099 0.005556 0.005556
0 0.155035 0.207099 0.005556 0.005556
0 0.155035 0.207099 0.005556 0.005556
0 0.155035 0.207099 0.005556 0.005556
0 0.155035 0.207099 0.005556 0.005556
0 0.155035 0.207099 0.005556 0.005556
0 0.155035 0.207099 0.005556 0.005556
0 0.155035 0.207099 0.005556 0.005556
0 0.155035 0.207099 0.005556 0.005556
0 0.155035 0.207099 0.005556 0.005556
0 0.155035 0.207099 0.005556 0.005556
0 0.155035 0.207099 0.005556 0.005556
0 0.155035 0.207099 0.005556 0.005556
0 0.155035 0.207099 0.005556 0.005556
0 0.155035 0.207099 0.005556 0.005556
0 0.155035 0.207099 0.005556 0.005556
0 0.155035 0.207099 0.005556 0.005556
0 0.155035 0.207099 0.005556 0.005556
0 0.155035 0.207099 0.005556 0.005556
0 0.155035 0.207099 0.005556 0.005556
0 0.155035 0.207099 0.005556 0.005556
0 0.155035 0.207099 0.005556 0.005556
0 0.155035 0.207099 0.005556 0.005556
0 0.155035 0.207099 0.005556 0.005556
0 0.155035 0.207099 0.005556 0.005556
0 0.155035 0.207099 0.005556 0.005556
0 0.155035 0.207099 0.005556 0.005556
0 0.155035 0.207099 0.005556 0.005556
0 0.155035 0.207099 0.005556 0.005556
0 0.155035 0.207099 0.005556 0.005556
0 0.155035 0.207099 0.005556 0.005556
0 0.155035 0.207099 0.005556 0.005556
0 0.155035 0.207099 0.005556 0.005556
0 0.155035 0.207099 0.005556 0.005556
0 0.155035 0.207099 0.005556 0.005556
0 0.155035 0.207099 0.005556 0.005556
