0 0.145530 0.095756 0.005122 0.016512
0 0.147005 0.095370 0.005122 0.016358
0 0.148481 0.095370 0.005122 0.016358
0 0.150000 0.094985 0.005382 0.016512
0 0.151606 0.094985 0.005122 0.016512
0 0.153212 0.094753 0.005382 0.016049
0 0.154687 0.094522 0.005382 0.016512
0 0.156293 0.094290 0.005122 0.016049
0 0.157812 0.094059 0.005382 0.016512
0 0.159288 0.093827 0.005382 0.016049
0 0.161024 0.093827 0.005382 0.016049
0 0.161285 0.093364 0.005382 0.016049
0 0.161719 0.093364 0.005382 0.016049
0 0.161979 0.093133 0.005382 0.016512
0 0.162500 0.092901 0.005382 0.016049
0 0.162717 0.092901 0.005295 0.016049
0 0.163194 0.092747 0.005382 0.016358
0 0.163455 0.092593 0.005382 0.016049
0 0.163976 0.092361 0.005382 0.016512
0 0.164149 0.092361 0.005382 0.016512
0 0.164670 0.092361 0.005382 0.016512
0 0.164670 0.092130 0.005382 0.016049
0 0.164670 0.092130 0.005382 0.016049
0 0.164670 0.092130 0.005382 0.016049
0 0.164670 0.092130 0.005382 0.016049
0 0.164670 0.092130 0.005382 0.016049
0 0.164670 0.092130 0.005382 0.016049
0 0.164670 0.092130 0.005382 0.016049
0 0.164670 0.092130 0.005382 0.016049
0 0.164670 0.092130 0.005382 0.016049
0 0.164670 0.092130 0.005382 0.016049
0 0.165408 0.091667 0.005295 0.016049
0 0.166146 0.091667 0.005382 0.016049
0 0.167101 0.091204 0.005382 0.016049
0 0.167839 0.091204 0.005295 0.016049
0 0.168837 0.090741 0.005382 0.016049
0 0.169531 0.090741 0.005382 0.016049
0 0.170313 0.090432 0.005382 0.016049
0 0.171267 0.090432 0.005382 0.016049
0 0.171962 0.089969 0.005382 0.016049
0 0.173003 0.089969 0.005382 0.016049
0 0.173437 0.089506 0.005382 0.016049
0 0.174219 0.089506 0.005382 0.016049
0 0.174913 0.089506 0.005382 0.016049
0 0.175651 0.089506 0.005295 0.016049
0 0.176389 0.089506 0.005382 0.016049
0 0.176866 0.089043 0.005295 0.016049
0 0.177604 0.089043 0.005382 0.016049
0 0.178342 0.089043 0.005295 0.016049
0 0.179080 0.089043 0.005382 0.016049
0 0.179774 0.089043 0.005382 0.016049
0 0.179774 0.088580 0.005382 0.016049
0 0.179774 0.088580 0.005382 0.016049
0 0.179774 0.088580 0.005382 0.016049
0 0.179774 0.088272 0.005382 0.016049
0 0.179774 0.088272 0.005382 0.016049
0 0.179774 0.088272 0.005382 0.016049
0 0.179774 0.087809 0.005382 0.016049
0 0.179774 0.087809 0.005382 0.016049
0 0.179774 0.087809 0.005382 0.016049
0 0.180035 0.087809 0.005382 0.016049
0 0.180035 0.087577 0.005382 0.016512
0 0.180035 0.087577 0.005382 0.016512
0 0.180035 0.087577 0.005382 0.016512
0 0.180295 0.087577 0.005382 0.016512
0 0.180295 0.087577 0.005382 0.016512
0 0.180295 0.087577 0.005382 0.016512
0 0.180556 0.087577 0.005382 0.016512
0 0.180556 0.087577 0.005382 0.016512
0 0.180556 0.087577 0.005382 0.016512
0 0.180773 0.087577 0.005295 0.016512
0 0.180556 0.087346 0.005382 0.016049
0 0.180295 0.087346 0.005382 0.016049
0 0.180035 0.087346 0.005382 0.016049
0 0.179774 0.087346 0.005382 0.016049
0 0.179557 0.087346 0.005295 0.016049
0 0.179340 0.087346 0.005382 0.016049
0 0.179080 0.087346 0.005382 0.016049
0 0.178819 0.087346 0.005382 0.016049
0 0.178559 0.087346 0.005382 0.016049
0 0.178559 0.087346 0.005382 0.016049
0 0.178342 0.086883 0.005295 0.016049
0 0.178125 0.086883 0.005382 0.016049
0 0.178125 0.086420 0.005382 0.016049
0 0.177865 0.086420 0.005382 0.016049
0 0.177865 0.086111 0.005382 0.016049
0 0.177604 0.086111 0.005382 0.016049
0 0.177344 0.085648 0.005382 0.016049
0 0.177344 0.085648 0.005382 0.016049
0 0.177083 0.085185 0.005382 0.016049
0 0.177083 0.085185 0.005382 0.016049
0 0.176866 0.084954 0.005295 0.016512
0 0.176649 0.084954 0.005382 0.016512
0 0.176389 0.084954 0.005382 0.016512
0 0.176128 0.084954 0.005382 0.016512
0 0.176128 0.084954 0.005382 0.016512
0 0.175868 0.084954 0.005382 0.016512
0 0.175651 0.084954 0.005295 0.016512
0 0.175434 0.084954 0.005382 0.016512
0 0.175174 0.084954 0.005382 0.016512
0 0.175174 0.084954 0.005382 0.016512
0 0.174653 0.084954 0.005382 0.016512
0 0.174436 0.084954 0.005295 0.016512
0 0.173958 0.084954 0.005382 0.016512
0 0.173698 0.084954 0.005382 0.016512
0 0.173177 0.085417 0.005382 0.016512
0 0.173003 0.085417 0.005382 0.016512
0 0.172483 0.085417 0.005382 0.016512
0 0.172222 0.085417 0.005382 0.016512
0 0.171745 0.085417 0.005295 0.016512
0 0.171528 0.085880 0.005382 0.016512
0 0.171745 0.085417 0.005295 0.016512
0 0.171962 0.085417 0.005382 0.016512
0 0.172483 0.085417 0.005382 0.016512
0 0.172743 0.084954 0.005382 0.016512
0 0.173177 0.084954 0.005382 0.016512
0 0.173437 0.084954 0.005382 0.016512
0 0.173698 0.084491 0.005382 0.016512
0 0.174219 0.084491 0.005382 0.016512
0 0.174436 0.084491 0.005295 0.016512
0 0.174913 0.084491 0.005382 0.016512
0 0.174913 0.084491 0.005382 0.016512
0 0.174913 0.084491 0.005382 0.016512
0 0.174913 0.084491 0.005382 0.016512
0 0.174913 0.084491 0.005382 0.016512
0 0.174913 0.084491 0.005382 0.016512
0 0.174913 0.084491 0.005382 0.016512
0 0.174913 0.084491 0.005382 0.016512
0 0.174913 0.084491 0.005382 0.016512
0 0.174913 0.084491 0.005382 0.016512
0 0.174913 0.084491 0.005382 0.016512
0 0.174653 0.084028 0.005382 0.016512
0 0.174436 0.084028 0.005295 0.016512
0 0.174436 0.084028 0.005295 0.016512
0 0.174219 0.083642 0.005382 0.016358
0 0.174219 0.083642 0.005382 0.016358
0 0.173958 0.083642 0.005382 0.016358
0 0.173698 0.083256 0.005382 0.016512
0 0.173698 0.083256 0.005382 0.016512
0 0.173437 0.083256 0.005382 0.016512
0 0.173437 0.083256 0.005382 0.016512
0 0.173090 0.082793 0.005208 0.016512
0 0.172743 0.082793 0.004861 0.016512
0 0.172352 0.082793 0.004601 0.016512
0 0.172005 0.082562 0.004427 0.016049
0 0.171745 0.082562 0.004427 0.016049
0 0.171354 0.082330 0.004167 0.016512
0 0.171050 0.082099 0.003906 0.016049
0 0.170660 0.082099 0.003646 0.016049
0 0.170269 0.082099 0.003385 0.016049
0 0.170052 0.082099 0.003472 0.016049
0 0.169575 0.081636 0.003385 0.016049
0 0.169054 0.081481 0.003385 0.015741
0 0.168576 0.081327 0.003472 0.016049
0 0.168359 0.081096 0.003385 0.015586
0 0.167839 0.081096 0.003385 0.015586
0 0.167361 0.080633 0.003472 0.015586
0 0.167101 0.080401 0.003472 0.015123
0 0.166623 0.080170 0.003385 0.015586
0 0.166146 0.079938 0.003472 0.015123
0 0.165885 0.079938 0.003472 0.015123
0 0.166623 0.079938 0.003385 0.015123
0 0.167361 0.080170 0.003472 0.014660
0 0.168099 0.080401 0.003385 0.015123
0 0.168793 0.080633 0.003385 0.014660
0 0.169661 0.080864 0.003212 0.015123
0 0.170399 0.081019 0.003125 0.014815
0 0.171137 0.081019 0.003212 0.014815
0 0.171875 0.081481 0.003125 0.014815
0 0.172613 0.081481 0.003212 0.014815
0 0.173568 0.081944 0.003212 0.014815
0 0.174089 0.081944 0.003212 0.014815
0 0.174783 0.081944 0.003212 0.014815
0 0.175521 0.081944 0.003125 0.014815
0 0.175998 0.081944 0.003212 0.014815
0 0.176736 0.081944 0.003125 0.014815
0 0.177474 0.081944 0.003212 0.014815
0 0.177951 0.081944 0.003125 0.014815
0 0.178689 0.081944 0.003212 0.014815
0 0.179427 0.081944 0.003125 0.014815
0 0.180165 0.082099 0.003212 0.015123
