0 0.272656 0.187577 0.021181 0.018673
0 0.273134 0.187114 0.021267 0.018673
0 0.273872 0.187114 0.021181 0.018673
0 0.274479 0.186883 0.021007 0.019136
0 0.275087 0.186883 0.021181 0.019136
0 0.275694 0.186651 0.021007 0.019599
0 0.276432 0.186651 0.020920 0.019599
0 0.276910 0.186497 0.021007 0.019907
0 0.277648 0.186497 0.020920 0.019907
0 0.278255 0.186265 0.020747 0.020370
0 0.278993 0.186265 0.020660 0.020370
0 0.278776 0.185802 0.020747 0.020370
0 0.278776 0.185340 0.020747 0.020370
0 0.278646 0.184954 0.021007 0.020525
0 0.278646 0.184568 0.021007 0.020370
0 0.278646 0.184568 0.021007 0.020370
0 0.278385 0.184105 0.021007 0.020370
0 0.278385 0.183642 0.021007 0.020370
0 0.278255 0.183179 0.021267 0.020370
0 0.278255 0.182716 0.021267 0.020370
0 0.278255 0.182716 0.021267 0.020370
0 0.278646 0.182407 0.021007 0.020370
0 0.279210 0.182407 0.020747 0.020370
0 0.279731 0.182407 0.020747 0.020370
0 0.280339 0.182407 0.020573 0.020370
0 0.280946 0.182407 0.020226 0.020370
0 0.281293 0.182407 0.020052 0.020370
0 0.281944 0.182407 0.019792 0.020370
0 0.282422 0.182407 0.019705 0.020370
0 0.283030 0.182407 0.019531 0.020370
0 0.283594 0.182407 0.019271 0.020370
0 0.283507 0.181713 0.019444 0.019907
0 0.283377 0.181481 0.019705 0.019444
0 0.283247 0.180864 0.019965 0.019136
0 0.283116 0.180633 0.020226 0.018673
0 0.283116 0.180170 0.020747 0.018673
0 0.283030 0.179707 0.020920 0.017747
0 0.282899 0.179321 0.021181 0.017901
0 0.282769 0.178858 0.021441 0.016975
0 0.282639 0.178395 0.021701 0.016975
0 0.282639 0.178164 0.022222 0.016512
0 0.282769 0.177778 0.021962 0.016358
0 0.283160 0.177546 0.021701 0.016821
0 0.283507 0.177315 0.021528 0.017284
0 0.283898 0.176929 0.021267 0.017438
0 0.284245 0.176698 0.020920 0.017901
0 0.284462 0.176543 0.021007 0.018210
0 0.284852 0.176080 0.020747 0.018210
0 0.285243 0.175849 0.020486 0.018673
0 0.285590 0.175617 0.020312 0.019136
0 0.285937 0.175617 0.019965 0.019136
0 0.286068 0.175386 0.020226 0.019599
0 0.286198 0.175386 0.020486 0.019599
0 0.286328 0.175386 0.020747 0.019599
0 0.286545 0.175386 0.021181 0.019599
0 0.286806 0.175617 0.021181 0.020062
0 0.286936 0.175617 0.021441 0.020062
0 0.287196 0.175617 0.021962 0.020062
0 0.287326 0.175617 0.022222 0.020062
0 0.287413 0.175617 0.022396 0.020062
0 0.287804 0.175772 0.022656 0.020370
0 0.288151 0.175617 0.022483 0.020062
0 0.288542 0.175617 0.022222 0.020062
0 0.288976 0.175849 0.021701 0.019599
0 0.289366 0.175617 0.021441 0.019136
0 0.289844 0.175849 0.021007 0.018673
0 0.290234 0.175849 0.020747 0.018673
0 0.290582 0.175617 0.020573 0.018210
0 0.291059 0.175849 0.019965 0.017747
0 0.291450 0.175849 0.019705 0.017747
0 0.291927 0.176080 0.019271 0.017284
0 0.291927 0.175617 0.019271 0.017284
0 0.291927 0.175154 0.019271 0.017284
0 0.291927 0.174923 0.019271 0.017747
0 0.291927 0.174537 0.019271 0.017901
0 0.291927 0.174537 0.019271 0.017901
0 0.291927 0.174151 0.019271 0.017747
0 0.291927 0.173688 0.019271 0.017747
0 0.291927 0.173457 0.019271 0.018210
0 0.291927 0.172994 0.019271 0.018210
0 0.292187 0.172994 0.019271 0.018210
0 0.292057 0.172531 0.019531 0.018210
0 0.292057 0.172145 0.019531 0.018364
0 0.292057 0.171914 0.019531 0.017901
0 0.292057 0.171528 0.019531 0.017747
0 0.292187 0.171296 0.019792 0.017284
0 0.292057 0.170833 0.020052 0.017284
0 0.292057 0.170370 0.020052 0.017284
0 0.292057 0.170216 0.020052 0.016975
0 0.292057 0.169753 0.020052 0.016975
0 0.292144 0.169753 0.020226 0.016975
0 0.292405 0.169753 0.020226 0.016975
0 0.292795 0.169753 0.019965 0.016975
0 0.293142 0.169985 0.019792 0.016512
0 0.293663 0.170216 0.019792 0.016975
0 0.293967 0.170448 0.019531 0.016512
0 0.294358 0.170448 0.019271 0.016512
0 0.294878 0.170602 0.019271 0.016821
0 0.295226 0.170833 0.019097 0.016358
0 0.295573 0.170833 0.018750 0.016358
0 0.296094 0.171219 0.018750 0.016512
0 0.295833 0.170833 0.018750 0.016358
0 0.295833 0.170448 0.018750 0.016512
0 0.295573 0.169985 0.018750 0.016512
0 0.295573 0.169522 0.018750 0.016512
0 0.295356 0.169522 0.018837 0.016512
0 0.295356 0.169059 0.018837 0.016512
0 0.295095 0.168673 0.018837 0.016358
0 0.295095 0.168287 0.018837 0.016512
0 0.294878 0.167824 0.018750 0.016512
0 0.294878 0.167824 0.018750 0.016512
0 0.294965 0.166898 0.018576 0.016512
0 0.295226 0.166512 0.018576 0.016358
0 0.295356 0.165664 0.018316 0.016512
0 0.295616 0.165201 0.018316 0.016512
0 0.295747 0.164583 0.018056 0.016821
0 0.295920 0.163966 0.018056 0.016512
0 0.296050 0.163272 0.017795 0.016975
0 0.296311 0.162577 0.017795 0.016512
0 0.296441 0.161960 0.017535 0.016821
0 0.296788 0.161497 0.017361 0.016821
0 0.296701 0.161111 0.017535 0.016975
0 0.296701 0.161111 0.017535 0.016975
0 0.296701 0.160648 0.017535 0.016975
0 0.296571 0.160648 0.017795 0.016975
0 0.296571 0.160185 0.017795 0.016975
0 0.296571 0.160185 0.017795 0.016975
0 0.296441 0.159799 0.018056 0.016821
0 0.296441 0.159799 0.018056 0.016821
0 0.296441 0.159336 0.018056 0.016821
0 0.296571 0.159336 0.018316 0.016821
0 0.296571 0.158951 0.018316 0.016975
0 0.296832 0.158951 0.018316 0.016975
0 0.297049 0.158488 0.018229 0.016975
0 0.297266 0.158488 0.018316 0.016975
0 0.297526 0.158025 0.018316 0.016975
0 0.297526 0.158025 0.018316 0.016975
0 0.297786 0.157639 0.018316 0.016821
0 0.298047 0.157639 0.018316 0.016821
0 0.298307 0.157176 0.018316 0.016821
0 0.298481 0.157176 0.018316 0.016821
0 0.298741 0.156790 0.018316 0.016975
0 0.299002 0.156559 0.018316 0.016512
0 0.299262 0.156327 0.018316 0.016049
0 0.299523 0.156096 0.018316 0.015586
0 0.299826 0.155864 0.018056 0.015123
0 0.300087 0.155401 0.018056 0.015123
0 0.300347 0.155247 0.018056 0.014815
0 0.300608 0.155015 0.018056 0.014352
0 0.300868 0.154784 0.018056 0.013889
0 0.301172 0.154784 0.017795 0.013889
0 0.301085 0.154321 0.017622 0.013889
0 0.301215 0.153858 0.017361 0.013889
0 0.301215 0.153549 0.017361 0.013889
0 0.301345 0.153086 0.017101 0.013889
0 0.301345 0.152855 0.017101 0.014352
0 0.301476 0.152392 0.016840 0.014352
0 0.301476 0.151929 0.016840 0.014352
0 0.301562 0.151543 0.016667 0.014198
0 0.301562 0.151157 0.016667 0.014352
0 0.301693 0.150926 0.016406 0.014815
0 0.301562 0.150694 0.016667 0.015278
0 0.301562 0.150463 0.016667 0.015741
0 0.301562 0.150463 0.016667 0.015741
0 0.301562 0.150309 0.016667 0.016049
0 0.301649 0.150309 0.016840 0.016049
0 0.301649 0.150077 0.016840 0.016512
0 0.301649 0.149846 0.016840 0.016975
0 0.301649 0.149846 0.016840 0.016975
0 0.301649 0.149614 0.016840 0.017438
0 0.301780 0.149614 0.017101 0.017438
0 0.301780 0.149614 0.017101 0.017438
0 0.301780 0.149614 0.017101 0.017438
0 0.301780 0.149614 0.017101 0.017438
0 0.301780 0.149614 0.017101 0.017438
0 0.301780 0.149614 0.017101 0.017438
0 0.301780 0.149614 0.017101 0.017438
0 0.301780 0.149614 0.017101 0.017438
0 0.301780 0.149614 0.017101 0.017438
0 0.301780 0.149614 0.017101 0.017438
0 0.301780 0.149614 0.017101 0.017438
