0 0.213845 0.025309 0.006163 0.010802
0 0.214062 0.024846 0.006076 0.010802
0 0.214323 0.024383 0.006076 0.010802
0 0.214714 0.023997 0.005816 0.010957
0 0.214931 0.023997 0.005903 0.010957
0 0.215321 0.023611 0.005642 0.010802
0 0.215538 0.023148 0.005556 0.010802
0 0.215799 0.023148 0.005556 0.010802
0 0.216146 0.022685 0.005382 0.010802
0 0.216406 0.022222 0.005382 0.010802
0 0.216927 0.022222 0.005382 0.010802
0 0.216927 0.022222 0.005382 0.010802
0 0.216927 0.022222 0.005382 0.010802
0 0.216927 0.022222 0.005382 0.010802
0 0.216927 0.022222 0.005382 0.010802
0 0.216927 0.022222 0.005382 0.010802
0 0.216927 0.022222 0.005382 0.010802
0 0.216927 0.022222 0.005382 0.010802
0 0.216927 0.022222 0.005382 0.010802
0 0.216927 0.022222 0.005382 0.010802
0 0.216927 0.022222 0.005382 0.010802
0 0.216927 0.022222 0.005382 0.010802
0 0.216927 0.022222 0.005382 0.010802
0 0.216927 0.022222 0.005382 0.010802
0 0.216927 0.022222 0.005382 0.010802
0 0.216927 0.022222 0.005382 0.010802
0 0.216927 0.022222 0.005382 0.010802
0 0.216927 0.022222 0.005382 0.010802
0 0.216927 0.022222 0.005382 0.010802
0 0.216927 0.022222 0.005382 0.010802
0 0.216927 0.022222 0.005382 0.010802
0 0.216927 0.022222 0.005382 0.010802
0 0.216927 0.022222 0.005382 0.010802
0 0.216927 0.022222 0.005382 0.010802
0 0.216927 0.022222 0.005382 0.010802
0 0.216927 0.022222 0.005382 0.010802
0 0.216927 0.022222 0.005382 0.010802
0 0.216927 0.022222 0.005382 0.010802
0 0.216927 0.022222 0.005382 0.010802
0 0.216927 0.022222 0.005382 0.010802
0 0.216927 0.022222 0.005382 0.010802
0 0.216927 0.022222 0.005382 0.010802
0 0.216927 0.022222 0.005382 0.010802
0 0.216927 0.022222 0.005382 0.010802
0 0.216927 0.022222 0.005382 0.010802
0 0.216927 0.022222 0.005382 0.010802
0 0.216927 0.022222 0.005382 0.010802
0 0.216927 0.022222 0.005382 0.010802
0 0.216927 0.022222 0.005382 0.010802
0 0.216927 0.022222 0.005382 0.010802
0 0.216927 0.022222 0.005382 0.010802
0 0.216927 0.022222 0.005382 0.010802
0 0.216927 0.022222 0.005382 0.010802
0 0.216927 0.022222 0.005382 0.010802
0 0.216927 0.022222 0.005382 0.010802
0 0.216927 0.022222 0.005382 0.010802
0 0.216927 0.022222 0.005382 0.010802
0 0.216927 0.022222 0.005382 0.010802
0 0.216927 0.022222 0.005382 0.010802
0 0.216927 0.022222 0.005382 0.010802
0 0.216927 0.022222 0.005382 0.010802
0 0.216927 0.022222 0.005382 0.010802
0 0.216927 0.022222 0.005382 0.010802
0 0.216927 0.022222 0.005382 0.010802
0 0.216927 0.022222 0.005382 0.010802
0 0.216927 0.022222 0.005382 0.010802
0 0.216927 0.022222 0.005382 0.010802
0 0.216927 0.022222 0.005382 0.010802
0 0.216927 0.022222 0.005382 0.010802
0 0.216927 0.022222 0.005382 0.010802
0 0.216927 0.022222 0.005382 0.010802
0 0.216927 0.022222 0.005382 0.010802
0 0.216927 0.022222 0.005382 0.010802
0 0.216927 0.022222 0.005382 0.010802
0 0.216927 0.022222 0.005382 0.010802
0 0.216927 0.022222 0.005382 0.010802
0 0.216927 0.022222 0.005382 0.010802
0 0.216927 0.022222 0.005382 0.010802
0 0.216927 0.022222 0.005382 0.010802
0 0.216927 0.022222 0.005382 0.010802
0 0.216927 0.022222 0.005382 0.010802
0 0.216927 0.022222 0.005382 0.010802
0 0.216927 0.022222 0.005382 0.010802
0 0.216927 0.022222 0.005382 0.010802
0 0.216927 0.022222 0.005382 0.010802
0 0.216927 0.022222 0.005382 0.010802
0 0.216927 0.022222 0.005382 0.010802
0 0.216927 0.022222 0.005382 0.010802
0 0.216927 0.022222 0.005382 0.010802
0 0.216927 0.022222 0.005382 0.010802
0 0.216927 0.022222 0.005382 0.010802
0 0.216927 0.022222 0.005382 0.010802
0 0.216927 0.022222 0.005382 0.010802
0 0.216927 0.022222 0.005382 0.010802
0 0.216927 0.022222 0.005382 0.010802
0 0.216927 0.022222 0.005382 0.010802
0 0.216927 0.022222 0.005382 0.010802
0 0.216927 0.022222 0.005382 0.010802
0 0.216927 0.022222 0.005382 0.010802
0 0.216927 0.022222 0.005382 0.010802
0 0.216927 0.022222 0.005382 0.010802
0 0.216927 0.022222 0.005382 0.010802
0 0.216927 0.022222 0.005382 0.010802
0 0.216927 0.022222 0.005382 0.010802
0 0.216927 0.022222 0.005382 0.010802
0 0.216927 0.022222 0.005382 0.010802
0 0.216927 0.022222 0.005382 0.010802
0 0.216927 0.022222 0.005382 0.010802
0 0.216927 0.022222 0.005382 0.010802
0 0.216927 0.022222 0.005382 0.010802
0 0.216927 0.022222 0.005382 0.010802
0 0.216927 0.022222 0.005382 0.010802
0 0.216927 0.022222 0.005382 0.010802
0 0.216927 0.022222 0.005382 0.010802
0 0.216927 0.022222 0.005382 0.010802
0 0.216927 0.022222 0.005382 0.010802
0 0.216927 0.022222 0.005382 0.010802
0 0.216927 0.022222 0.005382 0.010802
0 0.216927 0.022222 0.005382 0.010802
0 0.216927 0.022222 0.005382 0.010802
0 0.216927 0.022222 0.005382 0.010802
0 0.216927 0.022222 0.005382 0.010802
0 0.216927 0.022222 0.005382 0.010802
0 0.216927 0.022222 0.005382 0.010802
0 0.216927 0.022222 0.005382 0.010802
0 0.216927 0.022222 0.005382 0.010802
0 0.216927 0.022222 0.005382 0.010802
0 0.216927 0.022222 0.005382 0.010802
0 0.216927 0.022222 0.005382 0.010802
0 0.216927 0.022222 0.005382 0.010802
0 0.216927 0.022222 0.005382 0.010802
0 0.216927 0.022222 0.005382 0.010802
0 0.216927 0.022222 0.005382 0.010802
0 0.216927 0.022222 0.005382 0.010802
0 0.216927 0.022222 0.005382 0.010802
0 0.216927 0.022222 0.005382 0.010802
0 0.216927 0.022222 0.005382 0.010802
0 0.216927 0.022222 0.005382 0.010802
0 0.216927 0.022222 0.005382 0.010802
0 0.216927 0.022222 0.005382 0.010802
0 0.216927 0.022222 0.005382 0.010802
0 0.216927 0.022222 0.005382 0.010802
0 0.216927 0.022222 0.005382 0.010802
0 0.216927 0.022222 0.005382 0.010802
0 0.216927 0.022222 0.005382 0.010802
0 0.216927 0.022222 0.005382 0.010802
0 0.216927 0.022222 0.005382 0.010802
0 0.216927 0.022222 0.005382 0.010802
0 0.216927 0.022222 0.005382 0.010802
0 0.216927 0.022222 0.005382 0.010802
0 0.216927 0.022222 0.005382 0.010802
0 0.216927 0.022222 0.005382 0.010802
0 0.216927 0.022222 0.005382 0.010802
0 0.216927 0.022222 0.005382 0.010802
0 0.216927 0.022222 0.005382 0.010802
0 0.216927 0.022222 0.005382 0.010802
0 0.216927 0.022222 0.005382 0.010802
0 0.216927 0.022222 0.005382 0.010802
0 0.216927 0.022222 0.005382 0.010802
0 0.216927 0.022222 0.005382 0.010802
0 0.216927 0.022222 0.005382 0.010802
0 0.216927 0.022222 0.005382 0.010802
