0 0.056076 0.120756 0.008854 0.030710
0 0.056944 0.109028 0.009028 0.029167
0 0.058030 0.097531 0.009288 0.026852
0 0.059115 0.086034 0.009549 0.024846
0 0.060113 0.074306 0.009462 0.022994
0 0.061198 0.062886 0.009722 0.020833
0 0.062153 0.051312 0.010243 0.018673
0 0.063194 0.039660 0.010243 0.016975
0 0.064280 0.028086 0.010503 0.014815
0 0.065365 0.016590 0.010764 0.012500
0 0.066450 0.005170 0.011024 0.010340
0 0.065972 0.005787 0.010937 0.011574
0 0.065625 0.006867 0.010764 0.013117
0 0.065104 0.007716 0.010764 0.013889
0 0.064714 0.008796 0.010503 0.015123
0 0.064280 0.009722 0.010503 0.016049
0 0.063889 0.010571 0.010243 0.017747
0 0.063368 0.011420 0.010243 0.018519
0 0.063064 0.012500 0.009983 0.020062
0 0.062543 0.013349 0.009983 0.020833
0 0.062283 0.014429 0.009983 0.022068
0 0.062066 0.015741 0.010069 0.022222
0 0.062066 0.017284 0.010069 0.022531
0 0.061936 0.018519 0.009809 0.022531
0 0.061806 0.020139 0.010069 0.022994
0 0.061806 0.021373 0.010069 0.022994
0 0.061675 0.022917 0.009809 0.023302
0 0.061589 0.024228 0.009983 0.023457
0 0.061458 0.025694 0.009722 0.023920
0 0.061458 0.027083 0.009722 0.023920
0 0.061458 0.028781 0.009722 0.023920
0 0.061198 0.029630 0.009722 0.023765
0 0.061198 0.030710 0.009722 0.024383
0 0.060981 0.031790 0.009809 0.024691
0 0.060981 0.032948 0.009809 0.025154
0 0.060981 0.034182 0.009809 0.025154
0 0.060720 0.035340 0.009809 0.025617
0 0.060720 0.036343 0.009809 0.026080
0 0.060460 0.037423 0.009809 0.026389
0 0.060460 0.038580 0.009809 0.026852
0 0.060460 0.039815 0.009809 0.026852
0 0.060243 0.040741 0.009722 0.026852
0 0.060243 0.041590 0.009722 0.027006
0 0.060243 0.042670 0.009722 0.027315
0 0.060243 0.043519 0.009722 0.027469
0 0.060243 0.044599 0.009722 0.027778
0 0.060243 0.045525 0.009722 0.027778
0 0.060243 0.046296 0.009722 0.027778
0 0.060243 0.047454 0.009722 0.028241
0 0.060243 0.048302 0.009722 0.028086
0 0.060243 0.049383 0.009722 0.028704
0 0.060113 0.050231 0.009462 0.028549
0 0.060069 0.051080 0.009028 0.028704
0 0.059983 0.052006 0.008854 0.028704
0 0.060113 0.052855 0.008594 0.028549
0 0.059983 0.053935 0.008333 0.028241
0 0.059983 0.054784 0.007812 0.028086
0 0.059983 0.055633 0.007812 0.028241
0 0.059983 0.056559 0.007292 0.028241
0 0.059852 0.057407 0.007031 0.028086
0 0.059983 0.058488 0.006771 0.027778
0 0.059766 0.059414 0.006858 0.027778
0 0.059766 0.060648 0.006858 0.027778
0 0.059766 0.061574 0.006858 0.027778
0 0.059766 0.062809 0.006858 0.027778
0 0.059766 0.063735 0.006858 0.027778
0 0.059505 0.064969 0.006858 0.027778
0 0.059505 0.065895 0.006858 0.027778
0 0.059505 0.067130 0.006858 0.027778
0 0.059505 0.068056 0.006858 0.027778
0 0.059505 0.069290 0.006858 0.027778
0 0.059245 0.069753 0.006858 0.027778
0 0.058984 0.070679 0.006858 0.027778
0 0.058898 0.071065 0.007031 0.027623
0 0.058637 0.071914 0.007031 0.027778
0 0.058637 0.072377 0.007031 0.027778
0 0.058420 0.073302 0.007118 0.027778
0 0.058160 0.073611 0.007118 0.027778
0 0.058030 0.074537 0.007378 0.027778
0 0.057812 0.075000 0.007292 0.027778
0 0.057812 0.075772 0.007292 0.027778
0 0.057552 0.076235 0.007292 0.027778
0 0.057552 0.077160 0.007292 0.027778
0 0.057552 0.077623 0.007292 0.027778
0 0.057552 0.078395 0.007292 0.027778
0 0.057552 0.079321 0.007292 0.027778
0 0.057292 0.079784 0.007292 0.027778
0 0.057292 0.080556 0.007292 0.027778
0 0.057292 0.081019 0.007292 0.027778
0 0.057292 0.081944 0.007292 0.027778
0 0.057292 0.082716 0.007292 0.027778
0 0.057031 0.083410 0.007292 0.028241
0 0.056901 0.084336 0.007552 0.028241
0 0.056901 0.084954 0.007552 0.028549
0 0.056814 0.086034 0.007726 0.029167
0 0.056814 0.086883 0.007726 0.029012
0 0.056597 0.087577 0.007812 0.029475
0 0.056467 0.088580 0.008073 0.029938
0 0.056467 0.089275 0.008073 0.030401
0 0.056337 0.090201 0.008333 0.030401
0 0.056337 0.091204 0.008333 0.030864
0 0.056337 0.091667 0.008333 0.030864
0 0.056337 0.092130 0.008333 0.030864
0 0.056337 0.092515 0.008333 0.030710
0 0.056337 0.092978 0.008333 0.030710
0 0.056337 0.093441 0.008333 0.030710
0 0.056337 0.093827 0.008333 0.030864
0 0.056337 0.094290 0.008333 0.030864
0 0.056337 0.094753 0.008333 0.030864
0 0.056337 0.095139 0.008333 0.030710
0 0.056337 0.095602 0.008333 0.030710
0 0.056076 0.095988 0.008333 0.030864
0 0.056076 0.096914 0.008333 0.030864
0 0.055816 0.097299 0.008333 0.030710
0 0.055816 0.098148 0.008333 0.030864
0 0.055816 0.098611 0.008333 0.030864
0 0.055599 0.099460 0.008247 0.030710
0 0.055599 0.099923 0.008247 0.030710
0 0.055339 0.100772 0.008247 0.030864
0 0.055339 0.101235 0.008247 0.030864
0 0.055339 0.102083 0.008247 0.030710
0 0.055122 0.102546 0.008333 0.030710
0 0.055122 0.103395 0.008333 0.030864
0 0.054861 0.104244 0.008333 0.030710
0 0.054861 0.105093 0.008333 0.030864
0 0.054731 0.106019 0.008594 0.030864
0 0.054601 0.106404 0.008333 0.030710
0 0.054514 0.107253 0.008507 0.030864
0 0.054384 0.108179 0.008247 0.030864
0 0.054253 0.109028 0.008507 0.030710
0 0.054253 0.109877 0.008507 0.030864
0 0.054253 0.109877 0.008507 0.030864
0 0.054253 0.109877 0.008507 0.030864
0 0.054253 0.109877 0.008507 0.030864
0 0.054253 0.109877 0.008507 0.030864
0 0.054253 0.109877 0.008507 0.030864
0 0.054253 0.109877 0.008507 0.030864
0 0.054253 0.109877 0.008507 0.030864
0 0.054253 0.109877 0.008507 0.030864
0 0.054253 0.109877 0.008507 0.030864
0 0.054253 0.109877 0.008507 0.030864
0 0.054253 0.109877 0.008507 0.030864
0 0.054514 0.109877 0.008507 0.030864
0 0.054514 0.109877 0.008507 0.030864
0 0.054731 0.110340 0.008594 0.030864
0 0.054731 0.110340 0.008594 0.030864
0 0.054991 0.110340 0.008594 0.030864
0 0.054991 0.110802 0.008594 0.030864
0 0.055208 0.110802 0.008507 0.030864
0 0.055208 0.110802 0.008507 0.030864
0 0.055469 0.111188 0.008507 0.030710
0 0.055469 0.111188 0.008507 0.030710
0 0.055469 0.111651 0.008507 0.030710
0 0.055469 0.111651 0.008507 0.030710
0 0.055469 0.112037 0.008507 0.030864
0 0.055469 0.112037 0.008507 0.030864
0 0.055469 0.112500 0.008507 0.030864
0 0.055469 0.112500 0.008507 0.030864
0 0.055469 0.112963 0.008507 0.030864
0 0.055469 0.112963 0.008507 0.030864
0 0.055469 0.113349 0.008507 0.030710
0 0.055469 0.113812 0.008507 0.030710
0 0.055469 0.114660 0.008507 0.030864
0 0.055469 0.115509 0.008507 0.030710
0 0.055599 0.115972 0.008767 0.030710
0 0.055729 0.116821 0.008507 0.030864
0 0.055729 0.117747 0.008507 0.030864
0 0.055859 0.118133 0.008767 0.030710
0 0.055859 0.118981 0.008767 0.030864
0 0.055859 0.119907 0.008767 0.030864
0 0.056076 0.120756 0.008854 0.030710
0 0.056076 0.121142 0.008854 0.030864
0 0.056076 0.121605 0.008854 0.030864
0 0.056076 0.122068 0.008854 0.030864
0 0.056076 0.122454 0.008854 0.030710
0 0.056076 0.123302 0.008854 0.030864
0 0.056076 0.123765 0.008854 0.030864
0 0.056076 0.124228 0.008854 0.030864
0 0.056076 0.124614 0.008854 0.030710
0 0.056076 0.125077 0.008854 0.030710
0 0.056076 0.125926 0.008854 0.030864
