0 0.168186 0.221451 0.005642 0.011728
0 0.168446 0.220988 0.005642 0.011728
0 0.168707 0.220988 0.005642 0.011728
0 0.168967 0.220988 0.005642 0.011728
0 0.169184 0.220988 0.005556 0.011728
0 0.169444 0.220988 0.005556 0.011728
0 0.169661 0.220525 0.005642 0.011728
0 0.169922 0.220525 0.005642 0.011728
0 0.170182 0.220525 0.005642 0.011728
0 0.170399 0.220525 0.005556 0.011728
0 0.170877 0.220525 0.005642 0.011728
0 0.171137 0.220062 0.005642 0.011728
0 0.171398 0.220062 0.005642 0.011728
0 0.171615 0.220062 0.005556 0.011728
0 0.172092 0.220062 0.005642 0.011728
0 0.172352 0.220062 0.005642 0.011728
0 0.172613 0.219599 0.005642 0.011728
0 0.173090 0.219599 0.005556 0.011728
0 0.173307 0.219599 0.005642 0.011728
0 0.173568 0.219599 0.005642 0.011728
0 0.174089 0.219599 0.005642 0.011728
0 0.174219 0.219213 0.005382 0.011574
0 0.174436 0.219059 0.005295 0.011265
0 0.174653 0.219059 0.005382 0.011265
0 0.174913 0.218827 0.005382 0.010802
0 0.175174 0.218827 0.005382 0.010802
0 0.175434 0.218596 0.005382 0.010340
0 0.175651 0.218364 0.005295 0.009877
0 0.175868 0.218364 0.005382 0.009877
0 0.176128 0.218133 0.005382 0.009414
0 0.176389 0.218133 0.005382 0.009414
0 0.176866 0.217747 0.005295 0.009568
0 0.177344 0.217747 0.005382 0.009568
0 0.177865 0.217747 0.005382 0.009568
0 0.178342 0.217747 0.005295 0.009568
0 0.178819 0.217747 0.005382 0.009568
0 0.179340 0.217284 0.005382 0.009568
0 0.179774 0.217284 0.005382 0.009568
0 0.180295 0.217284 0.005382 0.009568
0 0.180773 0.217284 0.005295 0.009568
0 0.181510 0.217284 0.005382 0.009568
0 0.181771 0.216821 0.005382 0.009568
0 0.182205 0.216821 0.005382 0.009568
0 0.182465 0.216821 0.005382 0.009568
0 0.182986 0.216821 0.005382 0.009568
0 0.183247 0.216821 0.005382 0.009568
0 0.183681 0.216358 0.005382 0.009568
0 0.183941 0.216358 0.005382 0.009568
0 0.184462 0.216358 0.005382 0.009568
0 0.184679 0.216358 0.005295 0.009568
0 0.185156 0.216358 0.005382 0.009568
0 0.185417 0.215972 0.005382 0.009414
0 0.185677 0.215972 0.005382 0.009414
0 0.185938 0.215972 0.005382 0.009414
0 0.186111 0.215586 0.005382 0.009568
0 0.186632 0.215586 0.005382 0.009568
0 0.186892 0.215586 0.005382 0.009568
0 0.187153 0.215123 0.005382 0.009568
0 0.187370 0.215123 0.005295 0.009568
0 0.187587 0.215123 0.005382 0.009568
0 0.188108 0.215123 0.005382 0.009568
0 0.188368 0.214660 0.005382 0.009568
0 0.188585 0.214660 0.005295 0.009568
0 0.188802 0.214660 0.005382 0.009568
0 0.189062 0.214660 0.005382 0.009568
0 0.189323 0.214660 0.005382 0.009568
0 0.189583 0.214660 0.005382 0.009568
0 0.189800 0.214660 0.005295 0.009568
0 0.190017 0.214660 0.005382 0.009568
0 0.190278 0.214660 0.005382 0.009568
0 0.190799 0.214660 0.005382 0.009568
0 0.190799 0.214660 0.005382 0.009568
0 0.191059 0.214660 0.005382 0.009568
0 0.191276 0.214660 0.005295 0.009568
0 0.191276 0.214660 0.005295 0.009568
0 0.191493 0.214660 0.005382 0.009568
0 0.191753 0.214660 0.005382 0.009568
0 0.191753 0.214660 0.005382 0.009568
0 0.192014 0.214660 0.005382 0.009568
0 0.192274 0.214660 0.005382 0.009568
0 0.192491 0.214660 0.005295 0.009568
0 0.192491 0.214198 0.005295 0.009568
0 0.192708 0.214198 0.005382 0.009568
0 0.192839 0.214198 0.005122 0.009568
0 0.192969 0.213966 0.005382 0.009105
0 0.193229 0.213966 0.005382 0.009105
0 0.193359 0.213735 0.005122 0.009568
0 0.193490 0.213503 0.005382 0.009105
0 0.193620 0.213503 0.005122 0.009105
0 0.193793 0.213503 0.005122 0.009105
0 0.194054 0.213503 0.005122 0.009105
0 0.194054 0.213503 0.005122 0.009105
0 0.194054 0.213503 0.005122 0.009105
0 0.194054 0.213503 0.005122 0.009105
0 0.194314 0.213503 0.005122 0.009105
0 0.194314 0.213503 0.005122 0.009105
0 0.194314 0.213503 0.005122 0.009105
0 0.194575 0.213503 0.005122 0.009105
0 0.194575 0.213503 0.005122 0.009105
0 0.194575 0.213503 0.005122 0.009105
0 0.194835 0.213503 0.005122 0.009105
0 0.194835 0.213503 0.005122 0.009105
0 0.194835 0.213503 0.005122 0.009105
0 0.194835 0.213503 0.005122 0.009105
0 0.194835 0.213503 0.005122 0.009105
0 0.194835 0.213503 0.005122 0.009105
0 0.194835 0.213503 0.005122 0.009105
0 0.194835 0.213503 0.005122 0.009105
0 0.194835 0.213503 0.005122 0.009105
0 0.194835 0.213503 0.005122 0.009105
0 0.194835 0.213503 0.005122 0.009105
0 0.194575 0.213349 0.005122 0.008796
0 0.194575 0.213349 0.005122 0.008796
0 0.194575 0.213117 0.005122 0.008333
0 0.194575 0.213117 0.005122 0.008333
0 0.194575 0.212886 0.005122 0.007870
0 0.194444 0.212886 0.004861 0.007870
0 0.194444 0.212654 0.004861 0.007407
0 0.194444 0.212654 0.004861 0.007407
0 0.194444 0.212423 0.004861 0.006944
0 0.194444 0.212423 0.004861 0.006944
0 0.194444 0.212269 0.004861 0.007253
0 0.194444 0.212269 0.004861 0.007253
0 0.194444 0.212037 0.004861 0.007716
0 0.194444 0.212037 0.004861 0.007716
0 0.194444 0.211806 0.004861 0.008179
0 0.194444 0.211806 0.004861 0.008179
0 0.194444 0.211574 0.004861 0.008642
0 0.194444 0.211574 0.004861 0.008642
0 0.194444 0.211343 0.004861 0.009105
0 0.194575 0.211343 0.005122 0.009105
0 0.194575 0.211034 0.005122 0.009105
0 0.194575 0.211034 0.005122 0.009105
0 0.194575 0.210571 0.005122 0.009105
0 0.194575 0.210571 0.005122 0.009105
0 0.194835 0.210571 0.005122 0.009105
0 0.194835 0.210108 0.005122 0.009105
0 0.194835 0.210108 0.005122 0.009105
0 0.194835 0.209645 0.005122 0.009105
0 0.194835 0.209645 0.005122 0.009105
0 0.195052 0.209645 0.005208 0.009105
0 0.194835 0.209182 0.005122 0.009105
0 0.194835 0.209182 0.005122 0.009105
0 0.194835 0.209182 0.005122 0.009105
0 0.194835 0.209182 0.005122 0.009105
0 0.194835 0.209182 0.005122 0.009105
0 0.194835 0.209182 0.005122 0.009105
0 0.194835 0.209182 0.005122 0.009105
0 0.194835 0.209182 0.005122 0.009105
0 0.194835 0.209182 0.005122 0.009105
0 0.194835 0.209182 0.005122 0.009105
0 0.194575 0.208873 0.005122 0.009105
0 0.194575 0.208873 0.005122 0.009105
0 0.194314 0.208873 0.005122 0.009105
0 0.194314 0.208873 0.005122 0.009105
0 0.194314 0.208873 0.005122 0.009105
0 0.194054 0.208873 0.005122 0.009105
0 0.194054 0.208873 0.005122 0.009105
0 0.193793 0.208873 0.005122 0.009105
0 0.193793 0.208873 0.005122 0.009105
0 0.193793 0.208873 0.005122 0.009105
0 0.193620 0.208410 0.005122 0.009105
0 0.193359 0.208410 0.005122 0.009105
0 0.193359 0.208410 0.005122 0.009105
0 0.193099 0.207948 0.005122 0.009105
0 0.193099 0.207948 0.005122 0.009105
0 0.192839 0.207948 0.005122 0.009105
0 0.192578 0.207485 0.005122 0.009105
0 0.192578 0.207485 0.005122 0.009105
0 0.192405 0.207485 0.005122 0.009105
0 0.192405 0.207485 0.005122 0.009105
0 0.192144 0.207022 0.005122 0.009105
0 0.192144 0.207022 0.005122 0.009105
0 0.192144 0.207022 0.005122 0.009105
0 0.192144 0.207022 0.005122 0.009105
0 0.192144 0.207022 0.005122 0.009105
0 0.192144 0.206636 0.005122 0.009259
0 0.192144 0.206636 0.005122 0.009259
0 0.192144 0.206636 0.005122 0.009259
0 0.192144 0.206636 0.005122 0.009259
0 0.192144 0.206636 0.005122 0.009259
