0 0.096701 0.193596 0.006076 0.012500
0 0.096571 0.193364 0.006337 0.012963
0 0.096571 0.193364 0.006337 0.012963
0 0.096571 0.193364 0.006337 0.012963
0 0.096571 0.193364 0.006337 0.012963
0 0.096571 0.193364 0.006337 0.012963
0 0.096571 0.193364 0.006337 0.012963
0 0.096571 0.193364 0.006337 0.012963
0 0.096571 0.193364 0.006337 0.012963
0 0.096571 0.193364 0.006337 0.012963
0 0.096571 0.193364 0.006337 0.012963
0 0.096571 0.193364 0.006337 0.012963
0 0.096571 0.193364 0.006337 0.012963
0 0.096571 0.193364 0.006337 0.012963
0 0.096571 0.193364 0.006337 0.012963
0 0.096571 0.193364 0.006337 0.012963
0 0.096571 0.193364 0.006337 0.012963
0 0.096571 0.193364 0.006337 0.012963
0 0.096571 0.193364 0.006337 0.012963
0 0.096571 0.193364 0.006337 0.012963
0 0.096571 0.193364 0.006337 0.012963
0 0.096701 0.192747 0.006076 0.012654
0 0.096962 0.192284 0.006076 0.012654
0 0.097222 0.191667 0.006076 0.012037
0 0.097309 0.191281 0.005903 0.012191
0 0.097569 0.190818 0.005903 0.012191
0 0.097786 0.190123 0.005816 0.011728
0 0.097917 0.189660 0.005556 0.011728
0 0.098177 0.189120 0.005556 0.011265
0 0.098394 0.188657 0.005642 0.011265
0 0.098785 0.188194 0.005382 0.011265
0 0.098785 0.187963 0.005382 0.011728
0 0.099045 0.187963 0.005382 0.011728
0 0.099175 0.187963 0.005642 0.011728
0 0.099392 0.187963 0.005556 0.011728
0 0.099523 0.188194 0.005816 0.012191
0 0.099783 0.187963 0.005816 0.012654
0 0.099913 0.187963 0.006076 0.012654
0 0.100130 0.187963 0.006163 0.012654
0 0.100217 0.187963 0.006337 0.012654
0 0.100477 0.188194 0.006337 0.013117
0 0.100477 0.187809 0.006337 0.012963
0 0.100477 0.187809 0.006337 0.012963
0 0.100477 0.187346 0.006337 0.012963
0 0.100477 0.187346 0.006337 0.012963
0 0.100738 0.186883 0.006337 0.012963
0 0.100738 0.186883 0.006337 0.012963
0 0.100738 0.186420 0.006337 0.012963
0 0.100738 0.186420 0.006337 0.012963
0 0.100738 0.186034 0.006337 0.013117
0 0.100998 0.186034 0.006337 0.013117
0 0.100998 0.185571 0.006337 0.013117
0 0.100998 0.185571 0.006337 0.013117
0 0.100998 0.185571 0.006337 0.013117
0 0.100998 0.185571 0.006337 0.013117
0 0.101259 0.185571 0.006337 0.013117
0 0.101259 0.185185 0.006337 0.012963
0 0.101259 0.185185 0.006337 0.012963
0 0.101259 0.185185 0.006337 0.012963
0 0.101259 0.185185 0.006337 0.012963
0 0.101432 0.185185 0.006337 0.012963
0 0.101432 0.185185 0.006337 0.012963
0 0.101432 0.185185 0.006337 0.012963
0 0.101432 0.185185 0.006337 0.012963
0 0.101693 0.185185 0.006337 0.012963
0 0.101693 0.185571 0.006337 0.013117
0 0.101693 0.185571 0.006337 0.013117
0 0.101953 0.185571 0.006337 0.013117
0 0.101953 0.185571 0.006337 0.013117
0 0.101953 0.185571 0.006337 0.013117
0 0.102214 0.186034 0.006337 0.013117
0 0.102214 0.185571 0.006337 0.013117
0 0.102214 0.185571 0.006337 0.013117
0 0.102214 0.185571 0.006337 0.013117
0 0.102214 0.185185 0.006337 0.012963
0 0.102214 0.185185 0.006337 0.012963
0 0.102214 0.185185 0.006337 0.012963
0 0.102214 0.184722 0.006337 0.012963
0 0.102214 0.184722 0.006337 0.012963
0 0.102214 0.184722 0.006337 0.012963
0 0.102474 0.184722 0.006337 0.012963
0 0.102474 0.184259 0.006337 0.012963
0 0.102474 0.184259 0.006337 0.012963
0 0.102691 0.184259 0.006424 0.012963
0 0.102691 0.184259 0.006424 0.012963
0 0.102908 0.184259 0.006337 0.012963
0 0.102908 0.184259 0.006337 0.012963
0 0.102908 0.184259 0.006337 0.012963
0 0.103168 0.184259 0.006337 0.012963
0 0.103168 0.184259 0.006337 0.012963
0 0.103429 0.184259 0.006337 0.012963
0 0.103429 0.184259 0.006337 0.012963
0 0.103429 0.184259 0.006337 0.012963
0 0.103429 0.184259 0.006337 0.012963
0 0.103429 0.184259 0.006337 0.012963
0 0.103429 0.184722 0.006337 0.012963
0 0.103429 0.184722 0.006337 0.012963
0 0.103429 0.184722 0.006337 0.012963
0 0.103429 0.184722 0.006337 0.012963
0 0.103429 0.184722 0.006337 0.012963
0 0.103429 0.185185 0.006337 0.012963
0 0.103429 0.184722 0.006337 0.012963
0 0.103429 0.184722 0.006337 0.012963
0 0.103429 0.184722 0.006337 0.012963
0 0.103689 0.184259 0.006337 0.012963
0 0.103689 0.184259 0.006337 0.012963
0 0.103689 0.184259 0.006337 0.012963
0 0.103906 0.183873 0.006424 0.013117
0 0.103906 0.183873 0.006424 0.013117
0 0.103906 0.183873 0.006424 0.013117
0 0.104123 0.183873 0.006337 0.013117
0 0.104123 0.183410 0.006337 0.013117
0 0.104123 0.183410 0.006337 0.013117
0 0.104123 0.183410 0.006337 0.013117
0 0.104123 0.183410 0.006337 0.013117
0 0.104123 0.183410 0.006337 0.013117
0 0.104123 0.183410 0.006337 0.013117
0 0.104123 0.183410 0.006337 0.013117
0 0.104123 0.183410 0.006337 0.013117
0 0.104123 0.183410 0.006337 0.013117
0 0.104384 0.183410 0.006337 0.013117
0 0.104123 0.183410 0.006337 0.013117
0 0.104123 0.183410 0.006337 0.013117
0 0.104123 0.183410 0.006337 0.013117
0 0.104123 0.183873 0.006337 0.013117
0 0.104123 0.183873 0.006337 0.013117
0 0.104123 0.183873 0.006337 0.013117
0 0.104123 0.184259 0.006337 0.012963
0 0.104123 0.184259 0.006337 0.012963
0 0.104123 0.184259 0.006337 0.012963
0 0.104123 0.184722 0.006337 0.012963
0 0.104123 0.184259 0.006337 0.012963
0 0.104123 0.184259 0.006337 0.012963
0 0.104123 0.183873 0.006337 0.013117
0 0.104123 0.183873 0.006337 0.013117
0 0.104123 0.183410 0.006337 0.013117
0 0.104123 0.183410 0.006337 0.013117
0 0.104123 0.183025 0.006337 0.012963
0 0.104123 0.183025 0.006337 0.012963
0 0.104123 0.182562 0.006337 0.012963
0 0.104384 0.182562 0.006337 0.012963
0 0.104384 0.182099 0.006337 0.012963
0 0.104384 0.182099 0.006337 0.012963
0 0.104384 0.182099 0.006337 0.012963
0 0.104384 0.182099 0.006337 0.012963
0 0.104384 0.182099 0.006337 0.012963
0 0.104384 0.182099 0.006337 0.012963
0 0.104384 0.182099 0.006337 0.012963
0 0.104384 0.182099 0.006337 0.012963
0 0.104384 0.182099 0.006337 0.012963
0 0.104384 0.182099 0.006337 0.012963
0 0.104384 0.182099 0.006337 0.012963
0 0.104384 0.182099 0.006337 0.012963
0 0.104384 0.182099 0.006337 0.012963
0 0.104384 0.182562 0.006337 0.012963
0 0.104384 0.182562 0.006337 0.012963
0 0.104384 0.182562 0.006337 0.012963
0 0.104384 0.183025 0.006337 0.012963
0 0.104384 0.183025 0.006337 0.012963
0 0.104384 0.183025 0.006337 0.012963
0 0.104384 0.183410 0.006337 0.013117
0 0.104123 0.183410 0.006337 0.013117
0 0.104123 0.183410 0.006337 0.013117
0 0.104123 0.183410 0.006337 0.013117
0 0.104123 0.183410 0.006337 0.013117
0 0.104123 0.183873 0.006337 0.013117
0 0.103906 0.183873 0.006424 0.013117
0 0.103906 0.183873 0.006424 0.013117
0 0.103906 0.183873 0.006424 0.013117
0 0.103906 0.183873 0.006424 0.013117
0 0.103906 0.184259 0.006424 0.012963
0 0.103689 0.183873 0.006337 0.013117
0 0.103689 0.183873 0.006337 0.013117
0 0.103689 0.183873 0.006337 0.013117
0 0.103429 0.183410 0.006337 0.013117
0 0.103429 0.183410 0.006337 0.013117
0 0.103429 0.183410 0.006337 0.013117
0 0.103168 0.183025 0.006337 0.012963
0 0.103168 0.183025 0.006337 0.012963
0 0.103168 0.183025 0.006337 0.012963
0 0.103168 0.183025 0.006337 0.012963
