0 0.191276 0.099537 0.005295 0.016049
0 0.191059 0.099846 0.005382 0.016049
0 0.191059 0.100772 0.005382 0.016049
0 0.191059 0.101235 0.005382 0.016049
0 0.191059 0.102160 0.005382 0.016049
0 0.191059 0.102932 0.005382 0.016049
0 0.190799 0.103395 0.005382 0.016049
0 0.190799 0.104321 0.005382 0.016049
0 0.190799 0.104630 0.005382 0.016049
0 0.190799 0.105556 0.005382 0.016049
0 0.190799 0.106481 0.005382 0.016049
0 0.190799 0.106481 0.005382 0.016049
0 0.190799 0.106790 0.005382 0.016049
0 0.190799 0.107253 0.005382 0.016049
0 0.190799 0.107716 0.005382 0.016049
0 0.190799 0.108179 0.005382 0.016049
0 0.190799 0.108179 0.005382 0.016049
0 0.190799 0.108642 0.005382 0.016049
0 0.190799 0.109028 0.005382 0.016204
0 0.190799 0.109414 0.005382 0.016049
0 0.190799 0.109877 0.005382 0.016049
0 0.190668 0.110340 0.005642 0.016049
0 0.190799 0.110802 0.005903 0.016049
0 0.190799 0.111420 0.005903 0.015741
0 0.190885 0.112037 0.006076 0.016049
0 0.191016 0.112731 0.006337 0.015586
0 0.191016 0.113194 0.006337 0.015586
0 0.191146 0.113735 0.006597 0.016049
0 0.191146 0.114429 0.006597 0.015586
0 0.191276 0.114892 0.006858 0.015586
0 0.191406 0.115741 0.007118 0.015741
0 0.191406 0.116127 0.007118 0.015586
0 0.191406 0.117052 0.007118 0.015586
0 0.191406 0.117978 0.007118 0.015586
0 0.191406 0.118750 0.007118 0.015586
0 0.191406 0.119676 0.007118 0.015586
0 0.191406 0.120139 0.007118 0.015586
0 0.191406 0.120910 0.007118 0.015586
0 0.191406 0.121836 0.007118 0.015586
0 0.191406 0.122685 0.007118 0.015741
0 0.191406 0.123534 0.007118 0.015586
0 0.191016 0.123997 0.006858 0.015586
0 0.190755 0.124691 0.006858 0.015123
0 0.190538 0.125309 0.006771 0.015741
0 0.190451 0.125926 0.006597 0.015123
0 0.190191 0.126852 0.006597 0.015123
0 0.189931 0.127238 0.006597 0.015278
0 0.189800 0.127932 0.006337 0.014815
0 0.189540 0.128549 0.006337 0.015123
0 0.189280 0.129167 0.006337 0.014815
0 0.189193 0.130093 0.006163 0.014815
0 0.189193 0.130478 0.006163 0.014660
0 0.189193 0.130941 0.006163 0.014660
0 0.189193 0.131327 0.006163 0.014815
0 0.189410 0.131790 0.006076 0.014815
0 0.189410 0.132253 0.006076 0.014815
0 0.189410 0.132639 0.006076 0.014660
0 0.189670 0.133102 0.006076 0.014660
0 0.189670 0.133565 0.006076 0.014660
0 0.189670 0.133951 0.006076 0.014815
0 0.189931 0.134877 0.006076 0.014815
0 0.189931 0.134877 0.006076 0.014815
0 0.189931 0.135262 0.006076 0.014660
0 0.189931 0.135725 0.006076 0.014660
0 0.189931 0.136111 0.006076 0.014815
0 0.190191 0.136574 0.006076 0.014815
0 0.190191 0.137037 0.006076 0.014815
0 0.190191 0.137423 0.006076 0.014660
0 0.190191 0.137886 0.006076 0.014660
0 0.190191 0.138272 0.006076 0.014815
0 0.190408 0.138735 0.006163 0.014815
0 0.190191 0.139198 0.006076 0.014815
0 0.190191 0.140046 0.006076 0.014660
0 0.190191 0.140509 0.006076 0.014660
0 0.189931 0.141358 0.006076 0.014815
0 0.189931 0.142207 0.006076 0.014660
0 0.189931 0.142670 0.006076 0.014660
0 0.189670 0.143519 0.006076 0.014815
0 0.189670 0.143981 0.006076 0.014815
0 0.189670 0.144830 0.006076 0.014660
0 0.189670 0.145679 0.006076 0.014815
0 0.189670 0.145679 0.006076 0.014815
0 0.189670 0.146142 0.006076 0.014815
0 0.189670 0.146528 0.006076 0.014660
0 0.189670 0.146991 0.006076 0.014660
0 0.189670 0.147377 0.006076 0.014815
0 0.189670 0.147377 0.006076 0.014815
0 0.189670 0.147840 0.006076 0.014815
0 0.189670 0.148302 0.006076 0.014815
0 0.189670 0.148765 0.006076 0.014815
0 0.189670 0.149151 0.006076 0.014660
0 0.189410 0.149614 0.006076 0.014660
0 0.189410 0.150463 0.006076 0.014815
0 0.189193 0.151312 0.006163 0.014660
0 0.189193 0.152160 0.006163 0.014815
0 0.189193 0.153086 0.006163 0.014815
0 0.188976 0.153935 0.006076 0.014660
0 0.188976 0.154784 0.006076 0.014815
0 0.188715 0.155633 0.006076 0.014660
0 0.188715 0.156559 0.006076 0.014660
0 0.188715 0.157407 0.006076 0.014815
0 0.188715 0.157870 0.006076 0.014815
0 0.188715 0.158256 0.006076 0.014660
0 0.188715 0.158719 0.006076 0.014660
0 0.188715 0.159568 0.006076 0.014815
0 0.188715 0.160031 0.006076 0.014815
0 0.188715 0.160417 0.006076 0.014660
0 0.188715 0.161265 0.006076 0.014815
0 0.188715 0.161728 0.006076 0.014815
0 0.188715 0.162191 0.006076 0.014815
0 0.188976 0.163040 0.006076 0.014660
0 0.188715 0.163503 0.006076 0.014660
0 0.188715 0.164352 0.006076 0.014815
0 0.188455 0.165201 0.006076 0.014660
0 0.188455 0.166049 0.006076 0.014815
0 0.188455 0.166975 0.006076 0.014815
0 0.188194 0.167361 0.006076 0.014660
0 0.188194 0.168210 0.006076 0.014815
0 0.187977 0.169136 0.006163 0.014815
0 0.187977 0.169985 0.006163 0.014660
0 0.187977 0.170833 0.006163 0.014815
0 0.187977 0.171296 0.006163 0.014815
0 0.187977 0.172145 0.006163 0.014660
0 0.187977 0.172608 0.006163 0.014660
0 0.188194 0.173457 0.006076 0.014815
0 0.188194 0.174306 0.006076 0.014660
0 0.188194 0.174769 0.006076 0.014660
0 0.188455 0.175617 0.006076 0.014815
0 0.188455 0.176080 0.006076 0.014815
0 0.188455 0.176929 0.006076 0.014660
0 0.188715 0.177778 0.006076 0.014815
0 0.188715 0.178241 0.006076 0.014815
0 0.188715 0.178627 0.006076 0.014660
0 0.188715 0.179090 0.006076 0.014660
0 0.188715 0.179552 0.006076 0.014660
0 0.188715 0.179938 0.006076 0.014815
0 0.188715 0.180401 0.006076 0.014815
0 0.188715 0.180864 0.006076 0.014815
0 0.188715 0.181250 0.006076 0.014660
0 0.188715 0.181713 0.006076 0.014660
0 0.188715 0.182562 0.006076 0.014815
0 0.188715 0.183410 0.006076 0.014660
0 0.188715 0.184722 0.006076 0.014815
0 0.188715 0.186034 0.006076 0.014660
0 0.188715 0.187346 0.006076 0.014815
0 0.188715 0.188657 0.006076 0.014660
0 0.188715 0.189506 0.006076 0.014815
0 0.188715 0.190818 0.006076 0.014660
0 0.188715 0.192130 0.006076 0.014815
0 0.188715 0.193364 0.006076 0.014815
0 0.188715 0.194676 0.006076 0.014660
0 0.188715 0.195139 0.006076 0.014660
0 0.188715 0.195602 0.006076 0.014660
0 0.188715 0.195988 0.006076 0.014815
0 0.188715 0.196451 0.006076 0.014815
0 0.188715 0.197299 0.006076 0.014660
0 0.188715 0.197762 0.006076 0.014660
0 0.188715 0.198148 0.006076 0.014815
0 0.188715 0.198611 0.006076 0.014815
0 0.188715 0.199074 0.006076 0.014815
0 0.188976 0.199923 0.006076 0.014660
0 0.188976 0.200309 0.006076 0.014815
0 0.188976 0.201235 0.006076 0.014815
0 0.188976 0.201620 0.006076 0.014660
0 0.188976 0.202546 0.006076 0.014660
0 0.188976 0.202932 0.006076 0.014815
0 0.188976 0.203858 0.006076 0.014815
0 0.188976 0.204244 0.006076 0.014660
0 0.188976 0.205093 0.006076 0.014815
0 0.188976 0.205556 0.006076 0.014815
0 0.188976 0.206404 0.006076 0.014660
0 0.188715 0.206867 0.006076 0.014660
0 0.188715 0.207716 0.006076 0.014815
0 0.188715 0.208565 0.006076 0.014660
0 0.188715 0.209028 0.006076 0.014660
0 0.188715 0.209877 0.006076 0.014815
0 0.188455 0.210725 0.006076 0.014660
0 0.188455 0.211188 0.006076 0.014660
0 0.188455 0.212037 0.006076 0.014815
0 0.188455 0.212963 0.006076 0.014815
0 0.188455 0.213812 0.006076 0.014660
