0 0.125998 0.004707 0.005642 0.009414
0 0.125868 0.004707 0.005382 0.009414
0 0.125868 0.004707 0.005382 0.009414
0 0.125868 0.004707 0.005382 0.009414
0 0.125868 0.004707 0.005382 0.009414
0 0.125868 0.004707 0.005382 0.009414
0 0.125868 0.004707 0.005382 0.009414
0 0.125868 0.004707 0.005382 0.009414
0 0.125868 0.004707 0.005382 0.009414
0 0.125868 0.004707 0.005382 0.009414
0 0.125868 0.005093 0.005382 0.009568
0 0.125868 0.005556 0.005382 0.009568
0 0.125868 0.006019 0.005382 0.009568
0 0.125868 0.006481 0.005382 0.009568
0 0.125998 0.006867 0.005642 0.009414
0 0.126128 0.007253 0.005382 0.009568
0 0.126128 0.007716 0.005382 0.009568
0 0.126259 0.008179 0.005642 0.009568
0 0.126259 0.008642 0.005642 0.009568
0 0.126259 0.009028 0.005642 0.009414
0 0.126476 0.009414 0.005556 0.009568
0 0.126476 0.009414 0.005556 0.009568
0 0.126476 0.009877 0.005556 0.009568
0 0.126476 0.010340 0.005556 0.009568
0 0.126476 0.010802 0.005556 0.009568
0 0.126476 0.011265 0.005556 0.009568
0 0.126476 0.011574 0.005556 0.009568
0 0.126476 0.012037 0.005556 0.009568
0 0.126476 0.012500 0.005556 0.009568
0 0.126476 0.012963 0.005556 0.009568
0 0.126606 0.013426 0.005295 0.009568
0 0.126606 0.013426 0.005295 0.009568
0 0.126606 0.013812 0.005295 0.009414
0 0.126606 0.014198 0.005295 0.009568
0 0.126606 0.014660 0.005295 0.009568
0 0.126606 0.015123 0.005295 0.009568
0 0.126606 0.015586 0.005295 0.009568
0 0.126606 0.015972 0.005295 0.009414
0 0.126606 0.016358 0.005295 0.009568
0 0.126606 0.016821 0.005295 0.009568
0 0.126823 0.017284 0.005382 0.009568
0 0.126823 0.017284 0.005382 0.009568
0 0.126823 0.017747 0.005382 0.009568
0 0.126823 0.017747 0.005382 0.009568
0 0.126823 0.018133 0.005382 0.009414
0 0.126823 0.018133 0.005382 0.009414
0 0.126823 0.018519 0.005382 0.009568
0 0.126823 0.018519 0.005382 0.009568
0 0.126823 0.018981 0.005382 0.009568
0 0.126823 0.018981 0.005382 0.009568
0 0.127083 0.019444 0.005382 0.009568
0 0.126953 0.019444 0.005642 0.009568
0 0.126953 0.019444 0.005642 0.009568
0 0.126953 0.019444 0.005642 0.009568
0 0.126953 0.019444 0.005642 0.009568
0 0.126953 0.019444 0.005642 0.009568
0 0.126953 0.019444 0.005642 0.009568
0 0.126953 0.019444 0.005642 0.009568
0 0.126953 0.019444 0.005642 0.009568
0 0.126953 0.019444 0.005642 0.009568
0 0.126953 0.019444 0.005642 0.009568
0 0.126736 0.019444 0.005556 0.009568
0 0.126736 0.019907 0.005556 0.009568
0 0.126736 0.020370 0.005556 0.009568
0 0.126736 0.020756 0.005556 0.009414
0 0.126736 0.021142 0.005556 0.009568
0 0.126736 0.021605 0.005556 0.009568
0 0.126736 0.022068 0.005556 0.009568
0 0.126736 0.022531 0.005556 0.009568
0 0.126736 0.022917 0.005556 0.009414
0 0.126736 0.023302 0.005556 0.009568
0 0.126476 0.023302 0.005556 0.009568
0 0.126476 0.023302 0.005556 0.009568
0 0.126476 0.023302 0.005556 0.009568
0 0.126476 0.023765 0.005556 0.009568
0 0.126476 0.023765 0.005556 0.009568
0 0.126476 0.023765 0.005556 0.009568
0 0.126476 0.024228 0.005556 0.009568
0 0.126476 0.024228 0.005556 0.009568
0 0.126476 0.024228 0.005556 0.009568
0 0.126476 0.024691 0.005556 0.009568
0 0.126476 0.024691 0.005556 0.009568
0 0.126476 0.024691 0.005556 0.009568
0 0.126476 0.025077 0.005556 0.009414
0 0.126736 0.025077 0.005556 0.009414
0 0.126736 0.025463 0.005556 0.009568
0 0.126736 0.025463 0.005556 0.009568
0 0.126953 0.025463 0.005642 0.009568
0 0.126953 0.025926 0.005642 0.009568
0 0.126953 0.025926 0.005642 0.009568
0 0.127214 0.026389 0.005642 0.009568
0 0.127214 0.026389 0.005642 0.009568
0 0.127214 0.026389 0.005642 0.009568
0 0.127214 0.026389 0.005642 0.009568
0 0.127214 0.026620 0.005642 0.009105
0 0.127344 0.026852 0.005382 0.009568
0 0.127344 0.026852 0.005382 0.009568
0 0.127344 0.027083 0.005382 0.009105
0 0.127344 0.027083 0.005382 0.009105
0 0.127344 0.027083 0.005382 0.009105
0 0.127604 0.027469 0.005382 0.009259
0 0.127344 0.027083 0.005382 0.009105
0 0.127344 0.027083 0.005382 0.009105
0 0.127344 0.027083 0.005382 0.009105
0 0.127344 0.027083 0.005382 0.009105
0 0.127344 0.027083 0.005382 0.009105
0 0.127214 0.026852 0.005642 0.009568
0 0.127214 0.026852 0.005642 0.009568
0 0.127214 0.026852 0.005642 0.009568
0 0.127214 0.026852 0.005642 0.009568
0 0.127214 0.026852 0.005642 0.009568
0 0.127083 0.026852 0.005382 0.009568
0 0.127083 0.027083 0.005382 0.009105
0 0.127083 0.027083 0.005382 0.009105
0 0.127083 0.027469 0.005382 0.009259
0 0.127083 0.027469 0.005382 0.009259
0 0.127083 0.027701 0.005382 0.008796
0 0.127083 0.027855 0.005382 0.009105
0 0.127083 0.028086 0.005382 0.008642
0 0.127083 0.028086 0.005382 0.008642
0 0.127083 0.028549 0.005382 0.008642
0 0.127083 0.028549 0.005382 0.008642
0 0.127214 0.028549 0.005122 0.008642
0 0.127344 0.028549 0.005382 0.008642
0 0.127474 0.028781 0.005122 0.008179
0 0.127604 0.029012 0.005382 0.008642
0 0.127734 0.029012 0.005122 0.008642
0 0.127734 0.029244 0.005122 0.008179
0 0.127908 0.029244 0.005122 0.008179
0 0.127908 0.029244 0.005122 0.008179
0 0.128168 0.029630 0.005122 0.008333
0 0.128168 0.029630 0.005122 0.008333
0 0.128299 0.029861 0.005382 0.008796
0 0.128429 0.029861 0.005122 0.008796
0 0.128559 0.030247 0.005382 0.008642
0 0.128819 0.030478 0.005382 0.009105
0 0.128819 0.030478 0.005382 0.009105
0 0.128950 0.030941 0.005642 0.009105
0 0.129080 0.030941 0.005382 0.009105
0 0.129167 0.031173 0.005556 0.009568
0 0.129384 0.031636 0.005642 0.009568
0 0.129384 0.031636 0.005642 0.009568
0 0.129384 0.031867 0.005642 0.009105
0 0.129514 0.031867 0.005382 0.009105
0 0.129514 0.032176 0.005382 0.009105
0 0.129644 0.032407 0.005122 0.008642
0 0.129644 0.032407 0.005122 0.008642
0 0.129644 0.032870 0.005122 0.008642
0 0.129774 0.032870 0.004861 0.008642
0 0.129774 0.033102 0.004861 0.008179
0 0.129905 0.033565 0.004601 0.008179
0 0.129905 0.033565 0.004601 0.008179
0 0.129905 0.033565 0.004601 0.008179
0 0.129905 0.033565 0.004601 0.008179
0 0.129905 0.033565 0.004601 0.008179
0 0.130035 0.033719 0.004340 0.007870
0 0.130035 0.033719 0.004340 0.007870
0 0.130035 0.033719 0.004340 0.007870
0 0.130035 0.033719 0.004340 0.007870
0 0.130035 0.033719 0.004340 0.007870
0 0.130252 0.034182 0.004427 0.007870
0 0.130035 0.033951 0.004340 0.008333
0 0.130035 0.033951 0.004340 0.008333
0 0.130035 0.033951 0.004340 0.008333
0 0.129905 0.033951 0.004601 0.008333
0 0.129905 0.033951 0.004601 0.008333
0 0.129774 0.033951 0.004340 0.008333
0 0.129644 0.033951 0.004601 0.008333
0 0.129644 0.033951 0.004601 0.008333
0 0.129644 0.033951 0.004601 0.008333
0 0.129644 0.033951 0.004601 0.008333
0 0.129644 0.033951 0.004601 0.008333
0 0.129644 0.033951 0.004601 0.008333
0 0.129644 0.033951 0.004601 0.008333
0 0.129644 0.033951 0.004601 0.008333
0 0.129644 0.033951 0.004601 0.008333
0 0.129644 0.033951 0.004601 0.008333
0 0.129644 0.033951 0.004601 0.008333
0 0.129644 0.033951 0.004601 0.008333
0 0.129644 0.033951 0.004601 0.008333
0 0.129644 0.033951 0.004601 0.008333
