0 0.072786 0.220988 0.011892 0.012654
0 0.072049 0.225309 0.011979 0.012654
0 0.071571 0.230093 0.011892 0.012654
0 0.070833 0.234414 0.011979 0.012654
0 0.070356 0.239198 0.011892 0.012654
0 0.069878 0.243519 0.011979 0.012654
0 0.069141 0.248302 0.011892 0.012654
0 0.068663 0.252623 0.011979 0.012654
0 0.067925 0.257407 0.011892 0.012654
0 0.067448 0.261728 0.011979 0.012654
0 0.066927 0.266512 0.011979 0.012654
0 0.066233 0.269753 0.011979 0.012963
0 0.065712 0.273380 0.011979 0.013426
0 0.065017 0.277160 0.011979 0.013889
0 0.064497 0.280401 0.011979 0.014198
0 0.064019 0.284105 0.011892 0.014815
0 0.063281 0.287731 0.011979 0.015278
0 0.062760 0.290972 0.011979 0.015586
0 0.062066 0.294753 0.011979 0.016049
0 0.061545 0.298380 0.011979 0.016512
0 0.061111 0.302083 0.011979 0.016821
0 0.060460 0.303858 0.012240 0.016975
0 0.059983 0.305787 0.012153 0.017438
0 0.059375 0.307485 0.012500 0.017438
0 0.058898 0.309491 0.012413 0.017747
0 0.058377 0.311651 0.012413 0.017747
0 0.057812 0.313349 0.012674 0.017747
0 0.057292 0.315278 0.012674 0.018210
0 0.056727 0.316975 0.012934 0.018210
0 0.056207 0.319059 0.012934 0.018673
0 0.055686 0.321219 0.012934 0.018673
0 0.055512 0.321605 0.012934 0.017901
0 0.055252 0.322299 0.012934 0.016512
0 0.054991 0.323071 0.012934 0.015586
0 0.054731 0.323765 0.012934 0.014198
0 0.054470 0.324614 0.012934 0.013426
0 0.054210 0.325077 0.012934 0.012500
0 0.054036 0.325694 0.012934 0.011265
0 0.053776 0.326620 0.012934 0.010340
0 0.053516 0.327238 0.012934 0.009105
0 0.053255 0.328086 0.012934 0.008333
0 0.053255 0.328086 0.012934 0.008333
0 0.053255 0.328086 0.012934 0.008333
0 0.053255 0.328086 0.012934 0.008333
0 0.053255 0.328086 0.012934 0.008333
0 0.053255 0.328086 0.012934 0.008333
0 0.053255 0.328086 0.012934 0.008333
0 0.053255 0.328086 0.012934 0.008333
0 0.053255 0.328086 0.012934 0.008333
0 0.053255 0.328086 0.012934 0.008333
0 0.053255 0.328086 0.012934 0.008333
0 0.053255 0.328086 0.012934 0.008333
0 0.053255 0.328086 0.012934 0.008333
0 0.053255 0.328086 0.012934 0.008333
0 0.053255 0.328086 0.012934 0.008333
0 0.053255 0.328086 0.012934 0.008333
0 0.053255 0.328086 0.012934 0.008333
0 0.053255 0.328086 0.012934 0.008333
0 0.053255 0.328086 0.012934 0.008333
0 0.053255 0.328086 0.012934 0.008333
0 0.053255 0.328086 0.012934 0.008333
0 0.053255 0.328086 0.012934 0.008333
0 0.053255 0.328086 0.012934 0.008333
0 0.053255 0.328086 0.012934 0.008333
0 0.053255 0.328086 0.012934 0.008333
0 0.053255 0.328086 0.012934 0.008333
0 0.053255 0.328086 0.012934 0.008333
0 0.053255 0.328086 0.012934 0.008333
0 0.053255 0.328086 0.012934 0.008333
0 0.053255 0.328086 0.012934 0.008333
0 0.053255 0.328086 0.012934 0.008333
0 0.053255 0.328086 0.012934 0.008333
0 0.053255 0.328086 0.012934 0.008333
0 0.053255 0.328086 0.012934 0.008333
0 0.053255 0.328086 0.012934 0.008333
0 0.053255 0.328086 0.012934 0.008333
0 0.053255 0.328086 0.012934 0.008333
0 0.053255 0.328086 0.012934 0.008333
0 0.053255 0.328086 0.012934 0.008333
0 0.053255 0.328086 0.012934 0.008333
0 0.053255 0.328086 0.012934 0.008333
0 0.053255 0.328086 0.012934 0.008333
0 0.053255 0.328086 0.012934 0.008333
0 0.053255 0.328086 0.012934 0.008333
0 0.053255 0.328086 0.012934 0.008333
0 0.053255 0.328086 0.012934 0.008333
0 0.053255 0.328086 0.012934 0.008333
0 0.053255 0.328086 0.012934 0.008333
0 0.053255 0.328086 0.012934 0.008333
0 0.053255 0.328086 0.012934 0.008333
0 0.053255 0.328086 0.012934 0.008333
0 0.053255 0.328086 0.012934 0.008333
0 0.053255 0.328086 0.012934 0.008333
0 0.053255 0.328086 0.012934 0.008333
0 0.053255 0.328086 0.012934 0.008333
0 0.053255 0.328086 0.012934 0.008333
0 0.053255 0.328086 0.012934 0.008333
0 0.053255 0.328086 0.012934 0.008333
0 0.053255 0.328086 0.012934 0.008333
0 0.053255 0.328086 0.012934 0.008333
0 0.053255 0.328086 0.012934 0.008333
0 0.053255 0.328086 0.012934 0.008333
0 0.053255 0.328086 0.012934 0.008333
0 0.053255 0.328086 0.012934 0.008333
0 0.053255 0.328086 0.012934 0.008333
0 0.053255 0.328086 0.012934 0.008333
0 0.053255 0.328086 0.012934 0.008333
0 0.053255 0.328086 0.012934 0.008333
0 0.053255 0.328086 0.012934 0.008333
0 0.053255 0.328086 0.012934 0.008333
0 0.053255 0.328086 0.012934 0.008333
0 0.053255 0.328086 0.012934 0.008333
0 0.053255 0.328086 0.012934 0.008333
0 0.053255 0.328086 0.012934 0.008333
0 0.053255 0.328086 0.012934 0.008333
0 0.053255 0.328086 0.012934 0.008333
0 0.053255 0.328086 0.012934 0.008333
0 0.053255 0.328086 0.012934 0.008333
0 0.053255 0.328086 0.012934 0.008333
0 0.053255 0.328086 0.012934 0.008333
0 0.053255 0.328086 0.012934 0.008333
0 0.053255 0.328086 0.012934 0.008333
0 0.053255 0.328086 0.012934 0.008333
0 0.053255 0.328086 0.012934 0.008333
0 0.053255 0.328086 0.012934 0.008333
0 0.053255 0.328086 0.012934 0.008333
0 0.053255 0.328086 0.012934 0.008333
0 0.053255 0.328086 0.012934 0.008333
0 0.053255 0.328086 0.012934 0.008333
0 0.053255 0.328086 0.012934 0.008333
0 0.053255 0.328086 0.012934 0.008333
0 0.053255 0.328086 0.012934 0.008333
0 0.053255 0.328086 0.012934 0.008333
0 0.053255 0.328086 0.012934 0.008333
0 0.053255 0.328086 0.012934 0.008333
0 0.053255 0.328086 0.012934 0.008333
0 0.053255 0.328086 0.012934 0.008333
0 0.053255 0.328086 0.012934 0.008333
0 0.053255 0.328086 0.012934 0.008333
0 0.053255 0.328086 0.012934 0.008333
0 0.053255 0.328086 0.012934 0.008333
0 0.053255 0.328086 0.012934 0.008333
0 0.053255 0.328086 0.012934 0.008333
0 0.053255 0.328086 0.012934 0.008333
0 0.053255 0.328086 0.012934 0.008333
0 0.053255 0.328086 0.012934 0.008333
0 0.053255 0.328086 0.012934 0.008333
0 0.053255 0.328086 0.012934 0.008333
0 0.053255 0.328086 0.012934 0.008333
0 0.053255 0.328086 0.012934 0.008333
0 0.053255 0.328086 0.012934 0.008333
0 0.053255 0.328086 0.012934 0.008333
0 0.053255 0.328086 0.012934 0.008333
0 0.053255 0.328086 0.012934 0.008333
0 0.053255 0.328086 0.012934 0.008333
0 0.053255 0.328086 0.012934 0.008333
0 0.053255 0.328086 0.012934 0.008333
0 0.053255 0.328086 0.012934 0.008333
0 0.053255 0.328086 0.012934 0.008333
0 0.053255 0.328086 0.012934 0.008333
0 0.053255 0.328086 0.012934 0.008333
0 0.053255 0.328086 0.012934 0.008333
0 0.053255 0.328086 0.012934 0.008333
0 0.053255 0.328086 0.012934 0.008333
0 0.053255 0.328086 0.012934 0.008333
0 0.053255 0.328086 0.012934 0.008333
0 0.053255 0.328086 0.012934 0.008333
0 0.053255 0.328086 0.012934 0.008333
0 0.053255 0.328086 0.012934 0.008333
0 0.053255 0.328086 0.012934 0.008333
0 0.053255 0.328086 0.012934 0.008333
0 0.053255 0.328086 0.012934 0.008333
0 0.053255 0.328086 0.012934 0.008333
0 0.053255 0.328086 0.012934 0.008333
0 0.053255 0.328086 0.012934 0.008333
0 0.053255 0.328086 0.012934 0.008333
0 0.053255 0.328086 0.012934 0.008333
0 0.053255 0.328086 0.012934 0.008333
0 0.053255 0.328086 0.012934 0.008333
0 0.053255 0.328086 0.012934 0.008333
0 0.053255 0.328086 0.012934 0.008333
