0 0.088672 0.039815 0.007031 0.014815
0 0.088411 0.039429 0.007031 0.014660
0 0.088411 0.038966 0.007031 0.014660
0 0.088411 0.038503 0.007031 0.014660
0 0.088411 0.038117 0.007031 0.014815
0 0.088411 0.037654 0.007031 0.014815
0 0.088151 0.037191 0.007031 0.014815
0 0.088151 0.036806 0.007031 0.014660
0 0.088151 0.036343 0.007031 0.014660
0 0.088151 0.035957 0.007031 0.014815
0 0.088151 0.035725 0.007031 0.014352
0 0.087934 0.035262 0.007118 0.014352
0 0.087674 0.034799 0.007118 0.014352
0 0.087457 0.034414 0.007031 0.014198
0 0.087196 0.034028 0.007031 0.014352
0 0.086936 0.033565 0.007031 0.014352
0 0.086719 0.033102 0.007118 0.014352
0 0.086458 0.032639 0.007118 0.014352
0 0.086198 0.032253 0.007118 0.014198
0 0.085981 0.031867 0.007031 0.014352
0 0.085981 0.031404 0.007031 0.014352
0 0.085981 0.030941 0.007031 0.014352
0 0.085981 0.030478 0.007031 0.014352
0 0.085981 0.030015 0.007031 0.014352
0 0.085981 0.029630 0.007031 0.014198
0 0.085981 0.029244 0.007031 0.014352
0 0.085981 0.028781 0.007031 0.014352
0 0.085981 0.028318 0.007031 0.014352
0 0.085981 0.027855 0.007031 0.014352
0 0.085981 0.027469 0.007031 0.014198
0 0.085981 0.027469 0.007031 0.014198
0 0.085720 0.026852 0.007031 0.014815
0 0.085720 0.026389 0.007031 0.014815
0 0.085503 0.025926 0.007118 0.014815
0 0.085503 0.025540 0.007118 0.014660
0 0.085503 0.025077 0.007118 0.014660
0 0.085243 0.024691 0.007118 0.014815
0 0.085243 0.024228 0.007118 0.014815
0 0.084983 0.023765 0.007118 0.014815
0 0.084983 0.023380 0.007118 0.014660
0 0.084983 0.022917 0.007118 0.014660
0 0.084766 0.022068 0.007031 0.014815
0 0.084766 0.021605 0.007031 0.014815
0 0.084505 0.021142 0.007031 0.014815
0 0.084505 0.020756 0.007031 0.014660
0 0.084288 0.020293 0.007118 0.014660
0 0.084288 0.019907 0.007118 0.014815
0 0.084028 0.019444 0.007118 0.014815
0 0.084028 0.018981 0.007118 0.014815
0 0.083767 0.018596 0.007118 0.014660
0 0.083767 0.018133 0.007118 0.014660
0 0.083550 0.017284 0.007031 0.014815
0 0.083290 0.016821 0.007031 0.014815
0 0.083030 0.016435 0.007031 0.014660
0 0.082812 0.015972 0.007118 0.014660
0 0.082812 0.015509 0.007118 0.014660
0 0.082552 0.014892 0.007118 0.014352
0 0.082292 0.014429 0.007118 0.014352
0 0.082075 0.013966 0.007031 0.014352
0 0.081814 0.013580 0.007031 0.014198
0 0.081814 0.013194 0.007031 0.014352
0 0.081597 0.012269 0.007118 0.014352
0 0.081597 0.011806 0.007118 0.014352
0 0.081337 0.011188 0.007118 0.014660
0 0.081337 0.010571 0.007118 0.014352
0 0.081337 0.010108 0.007118 0.014352
0 0.081076 0.009491 0.007118 0.014660
0 0.081076 0.008873 0.007118 0.014352
0 0.080859 0.008179 0.007031 0.014815
0 0.080859 0.007716 0.007031 0.014815
0 0.080859 0.007330 0.007031 0.014660
0 0.080599 0.007099 0.007031 0.014198
0 0.080512 0.006867 0.006858 0.013735
0 0.080252 0.006713 0.006858 0.013426
0 0.080252 0.006713 0.006858 0.013426
0 0.079991 0.006481 0.006858 0.012963
0 0.079861 0.006250 0.006597 0.012500
0 0.079731 0.006250 0.006858 0.012500
0 0.079601 0.006019 0.006597 0.012037
0 0.079384 0.005787 0.006510 0.011574
0 0.079384 0.005787 0.006510 0.011574
0 0.079167 0.005633 0.006597 0.011265
0 0.079167 0.005401 0.006597 0.010802
0 0.079167 0.005170 0.006597 0.010340
0 0.079036 0.004938 0.006337 0.009877
0 0.079036 0.004938 0.006337 0.009877
0 0.078906 0.004707 0.006597 0.009414
0 0.078776 0.004552 0.006337 0.009105
0 0.078776 0.004321 0.006337 0.008642
0 0.078776 0.004090 0.006337 0.008179
0 0.078776 0.004090 0.006337 0.008179
0 0.078646 0.003627 0.006076 0.007253
0 0.078776 0.003241 0.005816 0.006481
0 0.078776 0.003009 0.005295 0.006019
0 0.078863 0.002546 0.005122 0.005093
0 0.078993 0.002315 0.004861 0.004630
0 0.079036 0.001929 0.004427 0.003858
0 0.079167 0.001466 0.004167 0.002932
0 0.079167 0.001235 0.003646 0.002469
0 0.079253 0.000849 0.003472 0.001698
0 0.079384 0.000617 0.003212 0.001235
0 0.079384 0.000617 0.003212 0.001235
0 0.079384 0.000617 0.003212 0.001235
0 0.079384 0.000617 0.003212 0.001235
0 0.079384 0.000617 0.003212 0.001235
0 0.079384 0.000617 0.003212 0.001235
0 0.079384 0.000617 0.003212 0.001235
0 0.079384 0.000617 0.003212 0.001235
0 0.079384 0.000617 0.003212 0.001235
0 0.079384 0.000617 0.003212 0.001235
0 0.079384 0.000849 0.003212 0.001698
0 0.079384 0.000849 0.003212 0.001698
0 0.079384 0.000849 0.003212 0.001698
0 0.079384 0.000849 0.003212 0.001698
0 0.079384 0.000849 0.003212 0.001698
0 0.079384 0.000849 0.003212 0.001698
0 0.079384 0.000849 0.003212 0.001698
0 0.079384 0.000849 0.003212 0.001698
0 0.079384 0.000849 0.003212 0.001698
0 0.079384 0.000849 0.003212 0.001698
0 0.079384 0.000849 0.003212 0.001698
0 0.079384 0.000849 0.003212 0.001698
0 0.079384 0.000849 0.003212 0.001698
0 0.079384 0.000849 0.003212 0.001698
0 0.079384 0.000849 0.003212 0.001698
0 0.079384 0.000849 0.003212 0.001698
0 0.079384 0.000849 0.003212 0.001698
0 0.079384 0.000849 0.003212 0.001698
0 0.079384 0.000849 0.003212 0.001698
0 0.079384 0.000849 0.003212 0.001698
0 0.079384 0.000849 0.003212 0.001698
0 0.079384 0.000849 0.003212 0.001698
0 0.079384 0.000849 0.003212 0.001698
0 0.079384 0.000849 0.003212 0.001698
0 0.079384 0.000849 0.003212 0.001698
0 0.079384 0.000849 0.003212 0.001698
0 0.079384 0.000849 0.003212 0.001698
0 0.079384 0.000849 0.003212 0.001698
0 0.079384 0.000849 0.003212 0.001698
0 0.079384 0.000849 0.003212 0.001698
0 0.079384 0.000849 0.003212 0.001698
0 0.079384 0.000849 0.003212 0.001698
0 0.079384 0.000849 0.003212 0.001698
0 0.079384 0.000849 0.003212 0.001698
0 0.079384 0.000849 0.003212 0.001698
0 0.079384 0.000849 0.003212 0.001698
0 0.079384 0.000849 0.003212 0.001698
0 0.079384 0.000849 0.003212 0.001698
0 0.079384 0.000849 0.003212 0.001698
0 0.079384 0.000849 0.003212 0.001698
0 0.079384 0.000849 0.003212 0.001698
0 0.079384 0.000849 0.003212 0.001698
0 0.079384 0.000849 0.003212 0.001698
0 0.079384 0.000849 0.003212 0.001698
0 0.079384 0.000849 0.003212 0.001698
0 0.079384 0.000849 0.003212 0.001698
0 0.079384 0.000849 0.003212 0.001698
0 0.079384 0.000849 0.003212 0.001698
0 0.079384 0.000849 0.003212 0.001698
0 0.079384 0.000849 0.003212 0.001698
0 0.079384 0.000849 0.003212 0.001698
0 0.079384 0.000849 0.003212 0.001698
0 0.079384 0.000849 0.003212 0.001698
0 0.079384 0.000849 0.003212 0.001698
0 0.079384 0.000849 0.003212 0.001698
0 0.079384 0.000849 0.003212 0.001698
0 0.079384 0.000849 0.003212 0.001698
0 0.079384 0.000849 0.003212 0.001698
0 0.079384 0.000849 0.003212 0.001698
0 0.079384 0.000849 0.003212 0.001698
0 0.079384 0.000849 0.003212 0.001698
0 0.079384 0.000849 0.003212 0.001698
0 0.079384 0.000849 0.003212 0.001698
0 0.079384 0.000849 0.003212 0.001698
0 0.079384 0.000849 0.003212 0.001698
0 0.079384 0.000849 0.003212 0.001698
0 0.079384 0.000849 0.003212 0.001698
0 0.079384 0.000849 0.003212 0.001698
0 0.079384 0.000849 0.003212 0.001698
0 0.079384 0.000849 0.003212 0.001698
0 0.079384 0.000849 0.003212 0.001698
