0 0.166276 0.227469 0.007031 0.011728
0 0.166493 0.227469 0.007118 0.011728
0 0.166753 0.227932 0.007118 0.011728
0 0.166970 0.227932 0.007031 0.011728
0 0.167491 0.228395 0.007031 0.011728
0 0.167708 0.228704 0.007118 0.011728
0 0.167969 0.228704 0.007118 0.011728
0 0.168446 0.229167 0.007031 0.011728
0 0.168707 0.229167 0.007031 0.011728
0 0.168924 0.229630 0.007118 0.011728
0 0.169444 0.230093 0.007118 0.011728
0 0.169661 0.229630 0.007031 0.011728
0 0.169922 0.229630 0.007031 0.011728
0 0.170399 0.229630 0.007118 0.011728
0 0.170660 0.229630 0.007118 0.011728
0 0.171137 0.229630 0.007031 0.011728
0 0.171398 0.229630 0.007031 0.011728
0 0.171615 0.229630 0.007118 0.011728
0 0.172135 0.229630 0.007118 0.011728
0 0.172352 0.229630 0.007031 0.011728
0 0.172830 0.229630 0.007118 0.011728
0 0.172830 0.229167 0.007118 0.011728
0 0.173090 0.228704 0.007118 0.011728
0 0.173351 0.228395 0.007118 0.011728
0 0.173568 0.227932 0.007031 0.011728
0 0.173828 0.227469 0.007031 0.011728
0 0.174045 0.227006 0.007118 0.011728
0 0.174306 0.226543 0.007118 0.011728
0 0.174566 0.226157 0.007118 0.011574
0 0.174783 0.225772 0.007031 0.011728
0 0.175043 0.225772 0.007031 0.011728
0 0.175304 0.224846 0.007031 0.011728
0 0.175521 0.224383 0.007118 0.011728
0 0.175781 0.223920 0.007118 0.011728
0 0.176259 0.223611 0.007031 0.011728
0 0.176519 0.223148 0.007031 0.011728
0 0.176736 0.222222 0.007118 0.011728
0 0.177257 0.221759 0.007118 0.011728
0 0.177474 0.221451 0.007031 0.011728
0 0.177734 0.220988 0.007031 0.011728
0 0.178212 0.220525 0.007118 0.011728
0 0.178212 0.219599 0.007118 0.011728
0 0.178472 0.219213 0.007118 0.011574
0 0.178689 0.218827 0.007031 0.011728
0 0.178950 0.217901 0.007031 0.011728
0 0.179210 0.217438 0.007031 0.011728
0 0.179427 0.217052 0.007118 0.011574
0 0.179688 0.216204 0.007118 0.011728
0 0.179905 0.215741 0.007031 0.011728
0 0.180165 0.215278 0.007031 0.011728
0 0.180425 0.214815 0.007031 0.011728
0 0.180425 0.214043 0.007031 0.011728
0 0.180425 0.213117 0.007031 0.011728
0 0.180425 0.212269 0.007031 0.011574
0 0.180425 0.211651 0.007031 0.012191
0 0.180425 0.210725 0.007031 0.012191
0 0.180425 0.209877 0.007031 0.012037
0 0.180425 0.209259 0.007031 0.012654
0 0.180425 0.208333 0.007031 0.012654
0 0.180425 0.207485 0.007031 0.012500
0 0.180512 0.207099 0.006858 0.012654
0 0.180512 0.206173 0.006858 0.012654
0 0.180512 0.205787 0.006858 0.012500
0 0.180773 0.205324 0.006858 0.012500
0 0.180773 0.204475 0.006858 0.012654
0 0.181033 0.204012 0.006858 0.012654
0 0.181033 0.203627 0.006858 0.012500
0 0.181033 0.202701 0.006858 0.012500
0 0.181293 0.202315 0.006858 0.012654
0 0.181293 0.201852 0.006858 0.012654
0 0.181510 0.201466 0.006771 0.012500
0 0.181510 0.200540 0.006771 0.012500
0 0.181510 0.200154 0.006771 0.012654
0 0.181510 0.199228 0.006771 0.012654
0 0.181727 0.198843 0.006858 0.012500
0 0.181727 0.197994 0.006858 0.012654
0 0.181727 0.197531 0.006858 0.012654
0 0.181988 0.196682 0.006858 0.012500
0 0.181988 0.196219 0.006858 0.012500
0 0.181988 0.195370 0.006858 0.012654
0 0.182248 0.194907 0.006858 0.012654
0 0.181988 0.194059 0.006858 0.012500
0 0.181727 0.193210 0.006858 0.012654
0 0.181727 0.192747 0.006858 0.012654
0 0.181510 0.191898 0.006771 0.012500
0 0.181510 0.191435 0.006771 0.012500
0 0.181293 0.190586 0.006858 0.012654
0 0.181033 0.189738 0.006858 0.012500
0 0.181033 0.189275 0.006858 0.012500
0 0.180773 0.188426 0.006858 0.012654
0 0.180773 0.187963 0.006858 0.012654
0 0.180512 0.187114 0.006858 0.012500
0 0.180512 0.186651 0.006858 0.012500
0 0.180512 0.186265 0.006858 0.012654
0 0.180295 0.185802 0.006771 0.012654
0 0.180295 0.185340 0.006771 0.012654
0 0.180295 0.184491 0.006771 0.012500
0 0.180035 0.184105 0.006771 0.012654
0 0.180035 0.183642 0.006771 0.012654
0 0.180035 0.183179 0.006771 0.012654
0 0.180035 0.182793 0.006771 0.012500
0 0.179818 0.181944 0.006858 0.012654
0 0.179557 0.181481 0.006858 0.012654
0 0.179297 0.180633 0.006858 0.012500
0 0.179080 0.180170 0.006771 0.012500
0 0.178819 0.179707 0.006771 0.012500
0 0.178602 0.178858 0.006858 0.012654
0 0.178342 0.178472 0.006858 0.012500
0 0.178082 0.177546 0.006858 0.012500
0 0.177821 0.177160 0.006858 0.012654
0 0.177821 0.176698 0.006858 0.012654
0 0.177604 0.176235 0.006771 0.012654
0 0.177604 0.175849 0.006771 0.012500
0 0.177604 0.175386 0.006771 0.012500
0 0.177604 0.175000 0.006771 0.012654
0 0.177604 0.174537 0.006771 0.012654
0 0.177604 0.174074 0.006771 0.012654
0 0.177604 0.173688 0.006771 0.012500
0 0.177604 0.173225 0.006771 0.012500
0 0.177604 0.172762 0.006771 0.012500
0 0.177604 0.172762 0.006771 0.012500
0 0.177387 0.172377 0.006858 0.012654
0 0.177127 0.171914 0.006858 0.012654
0 0.176866 0.171528 0.006858 0.012500
0 0.176606 0.171065 0.006858 0.012500
0 0.176389 0.171065 0.006771 0.012500
0 0.176128 0.170602 0.006771 0.012500
0 0.175911 0.170216 0.006858 0.012654
0 0.175651 0.169753 0.006858 0.012654
0 0.175391 0.169290 0.006858 0.012654
0 0.175174 0.169290 0.006771 0.012654
0 0.174913 0.169059 0.006771 0.012191
0 0.174826 0.168827 0.006597 0.011728
0 0.174826 0.168673 0.006597 0.011420
0 0.174696 0.168441 0.006337 0.010957
0 0.174696 0.168441 0.006337 0.010957
0 0.174566 0.168210 0.006076 0.010494
0 0.174436 0.167978 0.005816 0.010031
0 0.174436 0.167747 0.005816 0.009568
0 0.174306 0.167593 0.005556 0.009259
0 0.174306 0.167593 0.005556 0.009259
0 0.174089 0.167207 0.005642 0.009105
0 0.174089 0.167207 0.005642 0.009105
0 0.173828 0.166744 0.005642 0.009105
0 0.173828 0.166744 0.005642 0.009105
0 0.173568 0.166744 0.005642 0.009105
0 0.173568 0.166281 0.005642 0.009105
0 0.173307 0.166281 0.005642 0.009105
0 0.173307 0.165818 0.005642 0.009105
0 0.173090 0.165818 0.005556 0.009105
0 0.173090 0.165818 0.005556 0.009105
0 0.173090 0.165355 0.005556 0.009105
0 0.173090 0.165355 0.005556 0.009105
0 0.173090 0.165355 0.005556 0.009105
0 0.173090 0.165355 0.005556 0.009105
0 0.173307 0.165355 0.005642 0.009105
0 0.173307 0.165355 0.005642 0.009105
0 0.173307 0.165355 0.005642 0.009105
0 0.173307 0.165355 0.005642 0.009105
0 0.173307 0.165355 0.005642 0.009105
0 0.173568 0.165355 0.005642 0.009105
0 0.173568 0.165355 0.005642 0.009105
0 0.173568 0.165355 0.005642 0.009105
0 0.173568 0.165355 0.005642 0.009105
0 0.173568 0.165355 0.005642 0.009105
0 0.173568 0.165355 0.005642 0.009105
0 0.173568 0.165355 0.005642 0.009105
0 0.173568 0.165355 0.005642 0.009105
0 0.173568 0.165355 0.005642 0.009105
0 0.173568 0.165355 0.005642 0.009105
0 0.173568 0.165355 0.005642 0.009105
0 0.173307 0.165046 0.005642 0.009105
0 0.173307 0.165046 0.005642 0.009105
0 0.173307 0.165046 0.005642 0.009105
0 0.173307 0.165046 0.005642 0.009105
0 0.173307 0.165046 0.005642 0.009105
0 0.173090 0.165046 0.005556 0.009105
0 0.173090 0.165046 0.005556 0.009105
0 0.173090 0.165046 0.005556 0.009105
0 0.173090 0.165046 0.005556 0.009105
0 0.173090 0.165046 0.005556 0.009105
