0 0.257769 0.096219 0.003733 0.014660
0 0.257769 0.096219 0.003733 0.014660
0 0.257769 0.096219 0.003733 0.014660
0 0.257769 0.096219 0.003733 0.014660
0 0.257769 0.096219 0.003733 0.014660
0 0.257769 0.096219 0.003733 0.014660
0 0.257769 0.096219 0.003733 0.014660
0 0.257769 0.096219 0.003733 0.014660
0 0.257769 0.096219 0.003733 0.014660
0 0.257769 0.096219 0.003733 0.014660
0 0.257769 0.096219 0.003733 0.014660
0 0.257769 0.095833 0.003733 0.014815
0 0.257986 0.095833 0.003646 0.014815
0 0.258247 0.095370 0.003646 0.014815
0 0.258507 0.095370 0.003646 0.014815
0 0.258767 0.095139 0.003646 0.015278
0 0.258767 0.094907 0.003646 0.014815
0 0.258984 0.094753 0.003733 0.015123
0 0.259201 0.094522 0.003646 0.014660
0 0.259462 0.094290 0.003646 0.015123
0 0.259722 0.094290 0.003646 0.015123
0 0.259722 0.094059 0.003646 0.014660
0 0.259722 0.094059 0.003646 0.014660
0 0.259722 0.094059 0.003646 0.014660
0 0.259722 0.094059 0.003646 0.014660
0 0.259722 0.094059 0.003646 0.014660
0 0.259722 0.094059 0.003646 0.014660
0 0.259722 0.094059 0.003646 0.014660
0 0.259722 0.094059 0.003646 0.014660
0 0.259722 0.094059 0.003646 0.014660
0 0.259722 0.094059 0.003646 0.014660
0 0.259462 0.093596 0.003646 0.014660
0 0.259201 0.093596 0.003646 0.014660
0 0.258984 0.093364 0.003733 0.015123
0 0.258767 0.093210 0.003646 0.014815
0 0.258507 0.093210 0.003646 0.014815
0 0.258247 0.092978 0.003646 0.015278
0 0.257986 0.092747 0.003646 0.014815
0 0.257769 0.092515 0.003733 0.015278
0 0.257552 0.092515 0.003646 0.015278
0 0.257292 0.092515 0.003646 0.015278
0 0.257292 0.092515 0.003646 0.015278
0 0.257552 0.092978 0.003646 0.015278
0 0.257552 0.093210 0.003646 0.014815
0 0.257769 0.093364 0.003733 0.015123
0 0.257899 0.093827 0.003472 0.015123
0 0.257986 0.094059 0.003646 0.014660
0 0.258116 0.094290 0.003385 0.015123
0 0.258247 0.094522 0.003646 0.014660
0 0.258377 0.094907 0.003385 0.014815
0 0.258637 0.095370 0.003385 0.014815
0 0.258637 0.094753 0.003385 0.015123
0 0.258854 0.094290 0.003472 0.015123
0 0.258984 0.093827 0.003733 0.015123
0 0.259115 0.093364 0.003472 0.015123
0 0.259332 0.092978 0.003385 0.015278
0 0.259462 0.092515 0.003646 0.015278
0 0.259592 0.092130 0.003385 0.015123
0 0.259722 0.091667 0.003646 0.015123
0 0.259983 0.091204 0.003646 0.015123
0 0.260200 0.090818 0.003733 0.015278
0 0.260200 0.090972 0.003733 0.015586
0 0.260417 0.091667 0.003646 0.016049
0 0.260677 0.092130 0.003646 0.016049
0 0.260807 0.092747 0.003385 0.016358
0 0.261068 0.093133 0.003385 0.016512
0 0.261328 0.093596 0.003385 0.017438
0 0.261415 0.094059 0.003212 0.017438
0 0.261675 0.094676 0.003212 0.017747
0 0.261936 0.095139 0.003212 0.017747
0 0.262153 0.095833 0.003125 0.018210
0 0.262153 0.095602 0.003125 0.017747
0 0.262283 0.095833 0.003385 0.017284
0 0.262413 0.095833 0.003125 0.017284
0 0.262543 0.095756 0.003385 0.016512
0 0.262760 0.095756 0.003472 0.016512
0 0.262760 0.095988 0.003472 0.016049
0 0.262891 0.095756 0.003733 0.015586
0 0.263021 0.095988 0.003472 0.015123
0 0.263108 0.095988 0.003646 0.015123
0 0.263368 0.096219 0.003646 0.014660
0 0.263368 0.096219 0.003646 0.014660
0 0.263368 0.096219 0.003646 0.014660
0 0.263368 0.096219 0.003646 0.014660
0 0.263368 0.096219 0.003646 0.014660
0 0.263628 0.096451 0.003646 0.015123
0 0.263628 0.096451 0.003646 0.015123
0 0.263628 0.096451 0.003646 0.015123
0 0.263628 0.096451 0.003646 0.015123
0 0.263628 0.096451 0.003646 0.015123
0 0.263889 0.096914 0.003646 0.015123
0 0.263108 0.096451 0.003646 0.015123
0 0.262674 0.096451 0.003646 0.015123
0 0.261892 0.096451 0.003646 0.015123
0 0.261458 0.096451 0.003646 0.015123
0 0.260677 0.096451 0.003646 0.015123
0 0.260200 0.095988 0.003733 0.015123
0 0.259462 0.095988 0.003646 0.015123
0 0.258984 0.095988 0.003733 0.015123
0 0.258247 0.095988 0.003646 0.015123
0 0.257769 0.095988 0.003733 0.015123
0 0.257769 0.095833 0.003733 0.014815
0 0.257769 0.095833 0.003733 0.014815
0 0.257769 0.095833 0.003733 0.014815
0 0.257769 0.095833 0.003733 0.014815
0 0.257769 0.095833 0.003733 0.014815
0 0.257769 0.095833 0.003733 0.014815
0 0.257769 0.095833 0.003733 0.014815
0 0.257769 0.095833 0.003733 0.014815
0 0.257769 0.095833 0.003733 0.014815
0 0.257769 0.095833 0.003733 0.014815
0 0.257769 0.095833 0.003733 0.014815
0 0.257769 0.095833 0.003733 0.014815
0 0.257769 0.095833 0.003733 0.014815
0 0.257769 0.095833 0.003733 0.014815
0 0.257769 0.095833 0.003733 0.014815
0 0.257769 0.095833 0.003733 0.014815
0 0.257769 0.095833 0.003733 0.014815
0 0.257769 0.095833 0.003733 0.014815
0 0.257769 0.095833 0.003733 0.014815
0 0.257769 0.096219 0.003733 0.014660
0 0.257769 0.096219 0.003733 0.014660
0 0.257769 0.096219 0.003733 0.014660
0 0.257769 0.096219 0.003733 0.014660
0 0.257769 0.096219 0.003733 0.014660
0 0.257769 0.096219 0.003733 0.014660
0 0.257769 0.096219 0.003733 0.014660
0 0.257769 0.096219 0.003733 0.014660
0 0.257769 0.096219 0.003733 0.014660
0 0.257769 0.096219 0.003733 0.014660
0 0.257769 0.096219 0.003733 0.014660
0 0.257769 0.096219 0.003733 0.014660
0 0.257769 0.096219 0.003733 0.014660
0 0.257769 0.096219 0.003733 0.014660
0 0.257769 0.096219 0.003733 0.014660
0 0.257769 0.096219 0.003733 0.014660
0 0.257769 0.096219 0.003733 0.014660
0 0.257769 0.096219 0.003733 0.014660
0 0.257769 0.096219 0.003733 0.014660
0 0.257769 0.096219 0.003733 0.014660
0 0.257769 0.096219 0.003733 0.014660
0 0.257769 0.096219 0.003733 0.014660
0 0.257769 0.096219 0.003733 0.014660
0 0.257769 0.096219 0.003733 0.014660
0 0.257769 0.096219 0.003733 0.014660
0 0.257769 0.096219 0.003733 0.014660
0 0.257769 0.096219 0.003733 0.014660
0 0.257769 0.096219 0.003733 0.014660
0 0.257769 0.096219 0.003733 0.014660
0 0.257769 0.096219 0.003733 0.014660
0 0.257769 0.096219 0.003733 0.014660
0 0.257769 0.096219 0.003733 0.014660
0 0.257769 0.096219 0.003733 0.014660
0 0.257769 0.096219 0.003733 0.014660
0 0.257769 0.096219 0.003733 0.014660
0 0.257769 0.096219 0.003733 0.014660
0 0.257769 0.096219 0.003733 0.014660
0 0.257769 0.096219 0.003733 0.014660
0 0.257769 0.096219 0.003733 0.014660
0 0.257769 0.096219 0.003733 0.014660
0 0.257769 0.096219 0.003733 0.014660
0 0.257769 0.096219 0.003733 0.014660
0 0.257769 0.096219 0.003733 0.014660
0 0.257769 0.096219 0.003733 0.014660
0 0.257769 0.096219 0.003733 0.014660
0 0.257769 0.096219 0.003733 0.014660
0 0.257769 0.096219 0.003733 0.014660
0 0.257769 0.096219 0.003733 0.014660
0 0.257769 0.096219 0.003733 0.014660
0 0.257769 0.096219 0.003733 0.014660
0 0.257769 0.096219 0.003733 0.014660
0 0.257769 0.096219 0.003733 0.014660
0 0.257769 0.096219 0.003733 0.014660
0 0.257769 0.096219 0.003733 0.014660
0 0.257769 0.096219 0.003733 0.014660
0 0.257769 0.096219 0.003733 0.014660
0 0.257769 0.096219 0.003733 0.014660
0 0.257769 0.096219 0.003733 0.014660
0 0.257769 0.096219 0.003733 0.014660
0 0.257769 0.096219 0.003733 0.014660
0 0.257769 0.096219 0.003733 0.014660
