0 0.084505 0.042901 0.007031 0.014815
0 0.084288 0.042438 0.007118 0.014815
0 0.084288 0.042207 0.007118 0.014352
0 0.084288 0.041975 0.007118 0.014815
0 0.084288 0.041744 0.007118 0.014352
0 0.084288 0.041590 0.007118 0.014660
0 0.084288 0.041358 0.007118 0.014198
0 0.084288 0.040972 0.007118 0.014352
0 0.084288 0.040972 0.007118 0.014352
0 0.084288 0.040509 0.007118 0.014352
0 0.084288 0.040509 0.007118 0.014352
0 0.084028 0.039583 0.007118 0.014352
0 0.083767 0.039198 0.007118 0.014198
0 0.083767 0.038735 0.007118 0.014198
0 0.083550 0.038349 0.007031 0.014352
0 0.083550 0.037886 0.007031 0.014352
0 0.083290 0.037423 0.007031 0.014352
0 0.083030 0.036960 0.007031 0.014352
0 0.083030 0.036574 0.007031 0.014198
0 0.082812 0.036188 0.007118 0.014352
0 0.082812 0.035725 0.007118 0.014352
0 0.082812 0.034799 0.007118 0.014352
0 0.082812 0.034414 0.007118 0.014198
0 0.082812 0.034028 0.007118 0.014352
0 0.082812 0.033565 0.007118 0.014352
0 0.082812 0.033102 0.007118 0.014352
0 0.082812 0.032639 0.007118 0.014352
0 0.082812 0.032253 0.007118 0.014198
0 0.082812 0.031867 0.007118 0.014352
0 0.082812 0.031404 0.007118 0.014352
0 0.082812 0.030941 0.007118 0.014352
0 0.082552 0.030247 0.007118 0.014815
0 0.082552 0.029861 0.007118 0.014660
0 0.082292 0.029398 0.007118 0.014660
0 0.082292 0.029012 0.007118 0.014815
0 0.082292 0.028549 0.007118 0.014815
0 0.082075 0.028086 0.007031 0.014815
0 0.082075 0.027701 0.007031 0.014660
0 0.081814 0.027238 0.007031 0.014660
0 0.081814 0.026852 0.007031 0.014815
0 0.081814 0.026389 0.007031 0.014815
0 0.081597 0.025540 0.007118 0.014660
0 0.081597 0.025077 0.007118 0.014660
0 0.081597 0.024691 0.007118 0.014815
0 0.081337 0.024228 0.007118 0.014815
0 0.081337 0.023765 0.007118 0.014815
0 0.081337 0.022917 0.007118 0.014660
0 0.081076 0.022454 0.007118 0.014660
0 0.081076 0.022068 0.007118 0.014815
0 0.081076 0.021605 0.007118 0.014815
0 0.081076 0.021142 0.007118 0.014815
0 0.080859 0.020756 0.007031 0.014660
0 0.080599 0.020293 0.007031 0.014660
0 0.080382 0.019907 0.007118 0.014815
0 0.080382 0.019444 0.007118 0.014815
0 0.080122 0.018981 0.007118 0.014815
0 0.079861 0.018596 0.007118 0.014660
0 0.079861 0.018133 0.007118 0.014660
0 0.079644 0.017747 0.007031 0.014815
0 0.079384 0.017284 0.007031 0.014815
0 0.079384 0.017052 0.007031 0.014352
0 0.078906 0.016204 0.007118 0.014198
0 0.078646 0.015741 0.007118 0.014198
0 0.078429 0.015355 0.007031 0.014352
0 0.078168 0.014660 0.007031 0.014815
0 0.077908 0.014198 0.007031 0.014815
0 0.077691 0.013580 0.007118 0.014198
0 0.077431 0.012963 0.007118 0.014815
0 0.077170 0.012500 0.007118 0.014815
0 0.076953 0.012037 0.007031 0.014815
0 0.076693 0.011651 0.007031 0.014660
0 0.076476 0.011188 0.007118 0.014660
0 0.076215 0.010957 0.007118 0.015123
0 0.075955 0.010571 0.007118 0.015278
0 0.075738 0.010340 0.007031 0.015741
0 0.075608 0.010340 0.007292 0.015741
0 0.075347 0.009954 0.007292 0.015586
0 0.075087 0.009722 0.007292 0.016049
0 0.074870 0.009259 0.007378 0.016049
0 0.074653 0.009028 0.007292 0.016512
0 0.074653 0.009028 0.007292 0.016512
0 0.074392 0.008333 0.007292 0.016049
0 0.074392 0.008179 0.007292 0.015741
0 0.074262 0.007716 0.007031 0.014815
0 0.074132 0.007485 0.007292 0.014352
0 0.074132 0.007022 0.007292 0.013426
0 0.074002 0.006713 0.007031 0.013426
0 0.073872 0.006250 0.007292 0.012500
0 0.073785 0.006019 0.007118 0.012037
0 0.073785 0.005633 0.007118 0.011265
0 0.073785 0.005401 0.007118 0.010802
0 0.073524 0.005170 0.007118 0.010340
0 0.073524 0.005170 0.007118 0.010340
0 0.073264 0.005170 0.007118 0.010340
0 0.073264 0.005170 0.007118 0.010340
0 0.073264 0.005170 0.007118 0.010340
0 0.073047 0.004938 0.007031 0.009877
0 0.073047 0.004938 0.007031 0.009877
0 0.072786 0.004938 0.007031 0.009877
0 0.072786 0.004938 0.007031 0.009877
0 0.072786 0.004938 0.007031 0.009877
0 0.072700 0.004552 0.006858 0.009105
0 0.072700 0.004090 0.006337 0.008179
0 0.072569 0.003627 0.006076 0.007253
0 0.072526 0.003241 0.005642 0.006481
0 0.072526 0.002778 0.005122 0.005556
0 0.072439 0.002315 0.004948 0.004630
0 0.072439 0.001929 0.004427 0.003858
0 0.072309 0.001466 0.004167 0.002932
0 0.072309 0.001080 0.003646 0.002160
0 0.072439 0.000849 0.003385 0.001698
0 0.072439 0.000849 0.003385 0.001698
0 0.072439 0.000849 0.003385 0.001698
0 0.072439 0.000849 0.003385 0.001698
0 0.072439 0.000849 0.003385 0.001698
0 0.072439 0.000849 0.003385 0.001698
0 0.072439 0.000849 0.003385 0.001698
0 0.072439 0.000849 0.003385 0.001698
0 0.072439 0.000849 0.003385 0.001698
0 0.072439 0.000849 0.003385 0.001698
0 0.072439 0.000849 0.003385 0.001698
0 0.072439 0.000849 0.003385 0.001698
0 0.072439 0.000849 0.003385 0.001698
0 0.072439 0.000849 0.003385 0.001698
0 0.072439 0.000849 0.003385 0.001698
0 0.072439 0.000849 0.003385 0.001698
0 0.072439 0.000849 0.003385 0.001698
0 0.072439 0.000849 0.003385 0.001698
0 0.072439 0.000849 0.003385 0.001698
0 0.072439 0.000849 0.003385 0.001698
0 0.072439 0.000849 0.003385 0.001698
0 0.072439 0.000849 0.003385 0.001698
0 0.072439 0.000849 0.003385 0.001698
0 0.072439 0.000849 0.003385 0.001698
0 0.072439 0.000849 0.003385 0.001698
0 0.072439 0.000849 0.003385 0.001698
0 0.072439 0.000849 0.003385 0.001698
0 0.072439 0.000849 0.003385 0.001698
0 0.072439 0.000849 0.003385 0.001698
0 0.072439 0.000849 0.003385 0.001698
0 0.072439 0.000849 0.003385 0.001698
0 0.072439 0.000849 0.003385 0.001698
0 0.072439 0.000849 0.003385 0.001698
0 0.072439 0.000849 0.003385 0.001698
0 0.072439 0.000849 0.003385 0.001698
0 0.072439 0.000849 0.003385 0.001698
0 0.072439 0.000849 0.003385 0.001698
0 0.072439 0.000849 0.003385 0.001698
0 0.072439 0.000849 0.003385 0.001698
0 0.072439 0.000849 0.003385 0.001698
0 0.072439 0.000849 0.003385 0.001698
0 0.072439 0.000849 0.003385 0.001698
0 0.072439 0.000849 0.003385 0.001698
0 0.072439 0.000849 0.003385 0.001698
0 0.072439 0.000849 0.003385 0.001698
0 0.072439 0.000849 0.003385 0.001698
0 0.072439 0.000849 0.003385 0.001698
0 0.072439 0.000849 0.003385 0.001698
0 0.072439 0.000849 0.003385 0.001698
0 0.072439 0.000849 0.003385 0.001698
0 0.072439 0.000849 0.003385 0.001698
0 0.072439 0.000849 0.003385 0.001698
0 0.072439 0.000849 0.003385 0.001698
0 0.072439 0.000849 0.003385 0.001698
0 0.072439 0.000849 0.003385 0.001698
0 0.072439 0.000849 0.003385 0.001698
0 0.072439 0.000849 0.003385 0.001698
0 0.072439 0.000849 0.003385 0.001698
0 0.072439 0.000849 0.003385 0.001698
0 0.072439 0.000849 0.003385 0.001698
0 0.072439 0.000849 0.003385 0.001698
0 0.072439 0.000849 0.003385 0.001698
0 0.072439 0.000849 0.003385 0.001698
0 0.072439 0.000849 0.003385 0.001698
0 0.072439 0.000849 0.003385 0.001698
0 0.072439 0.000849 0.003385 0.001698
0 0.072439 0.000849 0.003385 0.001698
0 0.072439 0.000849 0.003385 0.001698
0 0.072439 0.000849 0.003385 0.001698
0 0.072439 0.000849 0.003385 0.001698
0 0.072439 0.000849 0.003385 0.001698
