0 0.180642 0.103395 0.003646 0.017901
0 0.182639 0.103781 0.003646 0.017747
0 0.184679 0.104244 0.003906 0.017747
0 0.186675 0.104707 0.003906 0.017747
0 0.188715 0.105170 0.004167 0.017747
0 0.190668 0.105787 0.004080 0.017438
0 0.192752 0.106173 0.004427 0.017284
0 0.194661 0.106636 0.004427 0.017284
0 0.196745 0.107099 0.004601 0.017284
0 0.198698 0.107485 0.004687 0.017438
0 0.200781 0.108410 0.004861 0.017438
0 0.201519 0.108410 0.004948 0.017438
0 0.202517 0.108796 0.004861 0.017284
0 0.203472 0.109028 0.004861 0.017747
0 0.204297 0.109259 0.005122 0.017284
0 0.205339 0.109645 0.005122 0.017438
0 0.206163 0.109877 0.004861 0.017901
0 0.206988 0.110108 0.005122 0.017438
0 0.207986 0.110340 0.005208 0.017901
0 0.208984 0.110725 0.005122 0.017747
0 0.209939 0.111188 0.005122 0.017747
0 0.214540 0.113349 0.005122 0.017747
0 0.219358 0.115509 0.005382 0.017747
0 0.223958 0.117670 0.005382 0.017747
0 0.228733 0.119830 0.005556 0.017747
0 0.233464 0.121991 0.005816 0.017747
0 0.238108 0.124228 0.005903 0.017901
0 0.242882 0.126389 0.006076 0.017901
0 0.247526 0.128549 0.006163 0.017901
0 0.252300 0.130710 0.006337 0.017901
0 0.257161 0.132870 0.006337 0.017901
0 0.259071 0.134645 0.006337 0.017747
0 0.261068 0.136343 0.006337 0.017747
0 0.262977 0.138040 0.006337 0.017747
0 0.264974 0.140278 0.006337 0.017901
0 0.266884 0.142052 0.006337 0.017747
0 0.268880 0.143750 0.006337 0.017747
0 0.270790 0.145910 0.006337 0.017747
0 0.272786 0.147608 0.006337 0.017747
0 0.274696 0.149383 0.006337 0.017901
0 0.276823 0.151543 0.006076 0.017901
0 0.278993 0.153704 0.006076 0.017901
0 0.281293 0.155864 0.006337 0.017901
0 0.283724 0.158102 0.006337 0.017747
0 0.285981 0.160262 0.006337 0.017747
0 0.288411 0.162423 0.006337 0.017747
0 0.290712 0.164583 0.006597 0.017747
0 0.292882 0.166744 0.006597 0.017747
0 0.295312 0.168904 0.006597 0.017747
0 0.297656 0.171065 0.006771 0.017747
0 0.300130 0.173688 0.006858 0.017747
0 0.301953 0.175849 0.007031 0.017747
0 0.303993 0.178472 0.007292 0.017747
0 0.305946 0.181096 0.007378 0.017747
0 0.308030 0.183642 0.007552 0.017901
0 0.310069 0.186265 0.007812 0.017901
0 0.311936 0.188426 0.008073 0.017901
0 0.314019 0.190972 0.008247 0.017747
0 0.315972 0.193596 0.008333 0.017747
0 0.318056 0.196219 0.008507 0.017747
0 0.320095 0.198843 0.008767 0.017747
0 0.320356 0.198843 0.008767 0.017747
0 0.320616 0.199306 0.008767 0.017747
0 0.320877 0.199306 0.008767 0.017747
0 0.321094 0.199691 0.008854 0.017901
0 0.321311 0.200077 0.008767 0.017747
0 0.321571 0.200077 0.008767 0.017747
0 0.321832 0.200540 0.008767 0.017747
0 0.322092 0.200540 0.008767 0.017747
0 0.322309 0.201003 0.008854 0.017747
0 0.322526 0.201466 0.008767 0.017747
0 0.321832 0.201698 0.008767 0.018210
0 0.321311 0.202083 0.008767 0.018364
0 0.320877 0.202469 0.008767 0.018210
0 0.320226 0.202701 0.008507 0.018673
0 0.319748 0.203395 0.008594 0.019136
0 0.319141 0.203858 0.008767 0.019136
0 0.318533 0.204012 0.008594 0.019444
0 0.318056 0.204475 0.008507 0.019444
0 0.317535 0.204938 0.008507 0.019444
0 0.317057 0.205556 0.008594 0.020062
0 0.316580 0.205170 0.008507 0.019907
0 0.316102 0.204707 0.008594 0.019907
0 0.315582 0.204244 0.008594 0.019907
0 0.315365 0.203781 0.008507 0.019907
0 0.314844 0.203781 0.008507 0.019907
0 0.314366 0.203395 0.008594 0.020062
0 0.314149 0.202932 0.008507 0.020062
0 0.313628 0.202546 0.008507 0.019907
0 0.313151 0.202083 0.008594 0.019907
0 0.312934 0.202083 0.008507 0.019907
0 0.312196 0.201620 0.008594 0.019907
0 0.311719 0.201620 0.008507 0.019907
0 0.311198 0.201620 0.008507 0.019907
0 0.310590 0.201235 0.008854 0.020062
0 0.310113 0.201235 0.008767 0.020062
0 0.309505 0.201235 0.008594 0.020062
0 0.308898 0.200772 0.008767 0.020062
0 0.308377 0.200772 0.008767 0.020062
0 0.307943 0.200772 0.008767 0.020062
0 0.307422 0.200772 0.008767 0.020062
0 0.306901 0.200772 0.008767 0.020062
0 0.306684 0.200772 0.008854 0.020062
0 0.306207 0.200772 0.008767 0.020062
0 0.305946 0.200772 0.008767 0.020062
0 0.305469 0.201235 0.008854 0.020062
0 0.305252 0.201235 0.008767 0.020062
0 0.304731 0.201235 0.008767 0.020062
0 0.304470 0.201235 0.008767 0.020062
0 0.304036 0.201235 0.008767 0.020062
0 0.303776 0.201620 0.008767 0.019907
0 0.303255 0.201620 0.008767 0.019907
0 0.303038 0.201620 0.008854 0.019907
0 0.302821 0.201620 0.008767 0.019907
0 0.302300 0.201620 0.008767 0.019907
0 0.302040 0.201620 0.008767 0.019907
0 0.301780 0.201620 0.008767 0.019907
0 0.301345 0.201620 0.008767 0.019907
0 0.301085 0.201620 0.008767 0.019907
0 0.300825 0.201620 0.008767 0.019907
0 0.300564 0.202083 0.008767 0.019907
0 0.300130 0.202083 0.008767 0.019907
0 0.299870 0.202546 0.008767 0.019907
0 0.299609 0.202546 0.008767 0.019907
0 0.299349 0.202932 0.008767 0.020062
0 0.299132 0.203395 0.008854 0.020062
0 0.298915 0.203395 0.008767 0.020062
0 0.298655 0.203781 0.008767 0.019907
0 0.298394 0.203781 0.008767 0.019907
0 0.298134 0.204244 0.008767 0.019907
0 0.297873 0.204707 0.008767 0.019907
0 0.297656 0.204707 0.008854 0.019907
0 0.297439 0.204707 0.008767 0.019907
0 0.297179 0.204707 0.008767 0.019907
0 0.296918 0.205170 0.008767 0.019907
0 0.296658 0.205170 0.008767 0.019907
0 0.296441 0.205170 0.008854 0.019907
0 0.296224 0.205556 0.008767 0.020062
0 0.295964 0.205556 0.008767 0.020062
0 0.295703 0.205556 0.008767 0.020062
0 0.295443 0.205941 0.008767 0.019907
0 0.295964 0.206867 0.008767 0.019907
0 0.296441 0.208102 0.008854 0.019907
0 0.296918 0.209028 0.008767 0.019907
0 0.297439 0.210340 0.008767 0.020062
0 0.298134 0.211188 0.008767 0.019907
0 0.298655 0.212500 0.008767 0.020062
0 0.299132 0.213349 0.008854 0.019907
0 0.299609 0.214660 0.008767 0.020062
0 0.300130 0.215509 0.008767 0.019907
0 0.300825 0.216821 0.008767 0.020062
0 0.300564 0.217284 0.008767 0.020062
0 0.300564 0.217670 0.008767 0.019907
0 0.300347 0.218133 0.008854 0.019907
0 0.300347 0.218596 0.008854 0.019907
0 0.300130 0.218981 0.008767 0.020062
0 0.300130 0.219444 0.008767 0.020062
0 0.299870 0.219830 0.008767 0.019907
0 0.299870 0.220293 0.008767 0.019907
0 0.299609 0.220756 0.008767 0.019907
0 0.299609 0.221219 0.008767 0.019907
0 0.299609 0.221605 0.008767 0.020062
0 0.299870 0.221991 0.008767 0.019907
0 0.299870 0.222917 0.008767 0.019907
0 0.300130 0.223380 0.008767 0.019907
0 0.300347 0.224228 0.008854 0.020062
0 0.300347 0.224614 0.008854 0.019907
0 0.300564 0.225077 0.008767 0.019907
0 0.300564 0.225926 0.008767 0.020062
0 0.300825 0.226389 0.008767 0.020062
0 0.301085 0.227238 0.008767 0.019907
0 0.300130 0.226389 0.008767 0.020062
0 0.299349 0.225540 0.008767 0.019907
0 0.298394 0.225077 0.008767 0.019907
0 0.297656 0.224228 0.008854 0.020062
0 0.296658 0.223765 0.008767 0.020062
0 0.295964 0.222917 0.008767 0.019907
0 0.295009 0.221991 0.008767 0.019907
0 0.294227 0.221605 0.008767 0.020062
0 0.293273 0.220756 0.008767 0.019907
0 0.292535 0.220293 0.008854 0.019907
