0 0.131120 0.036343 0.004080 0.011265
0 0.131033 0.035880 0.003906 0.011265
0 0.131033 0.035880 0.003906 0.011265
0 0.131033 0.035880 0.003906 0.011265
0 0.131033 0.035880 0.003906 0.011265
0 0.131120 0.035880 0.003733 0.011265
0 0.130990 0.035648 0.003472 0.011728
0 0.130990 0.035648 0.003472 0.011728
0 0.130990 0.035648 0.003472 0.011728
0 0.130990 0.035648 0.003472 0.011728
0 0.131120 0.035648 0.003212 0.011728
0 0.130859 0.035648 0.003212 0.011728
0 0.130859 0.036111 0.003212 0.011728
0 0.130859 0.036111 0.003212 0.011728
0 0.130859 0.036574 0.003212 0.011728
0 0.130859 0.036574 0.003212 0.011728
0 0.130859 0.037037 0.003212 0.011728
0 0.130859 0.037037 0.003212 0.011728
0 0.130859 0.037500 0.003212 0.011728
0 0.130859 0.037500 0.003212 0.011728
0 0.130859 0.037886 0.003212 0.011574
0 0.130773 0.037731 0.003385 0.011265
0 0.130642 0.037731 0.003646 0.011265
0 0.130512 0.037731 0.003906 0.011265
0 0.130512 0.037731 0.003906 0.011265
0 0.130382 0.037731 0.004167 0.011265
0 0.130252 0.037731 0.004427 0.011265
0 0.130252 0.037731 0.004427 0.011265
0 0.130165 0.037731 0.004601 0.011265
0 0.130035 0.037731 0.004861 0.011265
0 0.130165 0.037731 0.005122 0.011265
0 0.130035 0.037269 0.004861 0.011265
0 0.130035 0.037269 0.004861 0.011265
0 0.129905 0.036806 0.004601 0.011265
0 0.129905 0.036806 0.004601 0.011265
0 0.129905 0.036574 0.004601 0.011728
0 0.129774 0.036343 0.004340 0.011265
0 0.129774 0.036111 0.004340 0.011728
0 0.129687 0.035880 0.004167 0.011265
0 0.129687 0.035648 0.004167 0.011728
0 0.129687 0.035648 0.004167 0.011728
0 0.129297 0.035340 0.004427 0.011728
0 0.129036 0.035340 0.004427 0.011728
0 0.128776 0.035108 0.004427 0.011265
0 0.128559 0.034877 0.004340 0.011728
0 0.128429 0.034877 0.004601 0.011728
0 0.128038 0.034645 0.004861 0.011265
0 0.127821 0.034414 0.004948 0.011728
0 0.127604 0.034182 0.004861 0.011265
0 0.127344 0.034182 0.004861 0.011265
0 0.127214 0.034182 0.005122 0.011265
0 0.126953 0.034182 0.005122 0.011265
0 0.126953 0.034182 0.005122 0.011265
0 0.126953 0.034182 0.005122 0.011265
0 0.126953 0.034182 0.005122 0.011265
0 0.126953 0.034182 0.005122 0.011265
0 0.126953 0.034182 0.005122 0.011265
0 0.126953 0.034182 0.005122 0.011265
0 0.126953 0.034182 0.005122 0.011265
0 0.126953 0.034182 0.005122 0.011265
0 0.126953 0.034645 0.005122 0.011265
0 0.126519 0.034645 0.005122 0.011265
0 0.126259 0.034645 0.005122 0.011265
0 0.125998 0.034645 0.005122 0.011265
0 0.125738 0.034645 0.005122 0.011265
0 0.125477 0.034645 0.005122 0.011265
0 0.125043 0.034645 0.005122 0.011265
0 0.124783 0.034645 0.005122 0.011265
0 0.124523 0.034645 0.005122 0.011265
0 0.124262 0.034645 0.005122 0.011265
0 0.124002 0.035108 0.005122 0.011265
0 0.123828 0.034877 0.005122 0.011728
0 0.123698 0.034877 0.005382 0.011728
0 0.123568 0.034645 0.005642 0.012191
0 0.123307 0.034877 0.005642 0.012654
0 0.123177 0.034645 0.005903 0.013117
0 0.123090 0.034645 0.006076 0.013117
0 0.122830 0.034568 0.006076 0.013889
0 0.122700 0.034568 0.006337 0.013889
0 0.122569 0.034414 0.006597 0.014198
0 0.122569 0.034645 0.006597 0.014660
0 0.122179 0.034414 0.006337 0.014198
0 0.121962 0.034414 0.005903 0.014198
0 0.121615 0.034259 0.005556 0.013889
0 0.121398 0.034414 0.005122 0.013580
0 0.121007 0.034414 0.004861 0.013580
0 0.120747 0.034182 0.004340 0.013117
0 0.120399 0.034414 0.004167 0.012654
0 0.120139 0.034182 0.003646 0.012191
0 0.119748 0.034182 0.003385 0.012191
0 0.119661 0.034414 0.003212 0.011728
0 0.119271 0.034414 0.003472 0.011728
0 0.119054 0.034645 0.003906 0.012191
0 0.118663 0.035108 0.004167 0.012191
0 0.118446 0.035108 0.004601 0.012191
0 0.118186 0.035494 0.005122 0.012037
0 0.117795 0.035725 0.005382 0.012500
0 0.117578 0.035725 0.005816 0.012500
0 0.117188 0.036111 0.006076 0.012654
0 0.116927 0.036343 0.006597 0.013117
0 0.116710 0.036806 0.007031 0.013117
0 0.116493 0.036806 0.007118 0.013117
0 0.116233 0.036960 0.007118 0.013426
0 0.115972 0.037423 0.007118 0.013426
0 0.115755 0.037654 0.007031 0.013889
0 0.115625 0.038117 0.006771 0.013889
0 0.115408 0.038117 0.006858 0.013889
0 0.115148 0.038349 0.006858 0.014352
0 0.114887 0.038735 0.006858 0.014198
0 0.114627 0.038966 0.006858 0.014660
0 0.114497 0.039429 0.006597 0.014660
0 0.114062 0.039198 0.006597 0.014198
0 0.113802 0.039198 0.006597 0.014198
0 0.113542 0.039198 0.006597 0.014198
0 0.113151 0.039198 0.006337 0.014198
0 0.112977 0.039352 0.006337 0.013889
0 0.112717 0.039352 0.006337 0.013889
0 0.112326 0.039352 0.006076 0.013889
0 0.112066 0.039352 0.006076 0.013889
0 0.111849 0.039352 0.006163 0.013889
0 0.111589 0.039583 0.006163 0.013426
0 0.111111 0.039583 0.006076 0.013426
0 0.110851 0.040046 0.006076 0.013426
0 0.110590 0.040046 0.006076 0.013426
0 0.110373 0.040509 0.006163 0.013426
0 0.110156 0.040972 0.006076 0.013426
0 0.109896 0.040972 0.006076 0.013426
0 0.109635 0.041358 0.006076 0.013580
0 0.109375 0.041358 0.006076 0.013580
0 0.109158 0.041744 0.006163 0.013426
0 0.108941 0.042207 0.006076 0.013426
0 0.108681 0.042207 0.006076 0.013426
0 0.108420 0.042207 0.006076 0.013426
0 0.108290 0.042207 0.006337 0.013426
0 0.108030 0.042438 0.006337 0.013889
0 0.107899 0.042438 0.006597 0.013889
0 0.107726 0.042438 0.006597 0.013889
0 0.107465 0.042670 0.006597 0.014352
0 0.107335 0.042670 0.006858 0.014352
0 0.107075 0.042670 0.006858 0.014352
0 0.106944 0.042901 0.007118 0.014815
0 0.106380 0.042901 0.006858 0.014815
0 0.105859 0.043133 0.006858 0.014352
0 0.105382 0.043364 0.006771 0.013889
0 0.105035 0.043364 0.006597 0.013889
0 0.104514 0.043673 0.006597 0.013889
0 0.103993 0.043904 0.006597 0.013426
0 0.103689 0.043904 0.006337 0.013426
0 0.103168 0.044136 0.006337 0.012963
0 0.102691 0.044367 0.006424 0.012500
0 0.102344 0.044830 0.006076 0.012500
0 0.101953 0.044830 0.006337 0.012500
0 0.101693 0.045293 0.006337 0.012500
0 0.101432 0.045525 0.006337 0.012963
0 0.101345 0.045910 0.006510 0.013117
0 0.101128 0.046065 0.006597 0.013426
0 0.100738 0.046528 0.006858 0.013426
0 0.100608 0.046759 0.007118 0.013889
0 0.100391 0.047222 0.007031 0.013889
0 0.100130 0.047454 0.007031 0.014352
0 0.100000 0.047917 0.007292 0.014352
0 0.099523 0.047685 0.007378 0.013889
0 0.099262 0.047685 0.007378 0.013889
0 0.098785 0.047685 0.007292 0.013889
0 0.098524 0.047685 0.007292 0.013889
0 0.098177 0.047917 0.007118 0.013426
0 0.097830 0.047917 0.007292 0.013426
0 0.097439 0.047917 0.007031 0.013426
0 0.097049 0.047917 0.007292 0.013426
0 0.096701 0.047917 0.007118 0.013426
0 0.096484 0.048071 0.007031 0.013117
0 0.095964 0.048071 0.007031 0.013117
0 0.095616 0.048302 0.007378 0.013580
0 0.095356 0.048302 0.007378 0.013580
0 0.095009 0.048688 0.007552 0.013426
0 0.094748 0.048920 0.007552 0.013889
0 0.094271 0.048920 0.007639 0.013889
0 0.093924 0.049383 0.007812 0.013889
0 0.093663 0.049383 0.007812 0.013889
0 0.093273 0.049614 0.008073 0.014352
0 0.093056 0.050077 0.007986 0.014352
