0 0.005431 0.953125 0.010861 0.037318
0 0.011464 0.936029 0.022928 0.034414
0 0.120710 0.983743 0.013382 0.032513
0 0.134645 0.966888 0.016169 0.031823
0 0.182004 0.890833 0.010585 0.030924
0 0.217881 0.993740 0.014061 0.012520
0 0.193038 0.864466 0.008956 0.026849
0 0.205919 0.872005 0.019405 0.034961
0 0.372328 0.528568 0.010866 0.027656
0 0.624603 0.571016 0.012422 0.030859
0 0.654322 0.601875 0.010564 0.038685
0 0.668831 0.578841 0.010324 0.032591
0 0.671159 0.588971 0.012182 0.025065
0 0.673820 0.606654 0.007766 0.036081
0 0.685438 0.613607 0.011482 0.036081
0 0.721305 0.625195 0.014958 0.038411
