0 0.091337 0.466397 0.056366 0.063864
0 0.187983 0.464897 0.078579 0.084674
0 0.099877 0.367685 0.044737 0.041516
0 0.130183 0.330679 0.057389 0.084368
0 0.144877 0.297310 0.069654 0.095438
0 0.172992 0.346249 0.057989 0.078121
0 0.241765 0.397493 0.047996 0.074715
0 0.193469 0.391896 0.052926 0.044065
0 0.266266 0.176582 0.062012 0.080569
0 0.231134 0.214639 0.050840 0.047833
0 0.242175 0.323882 0.042280 0.058953
0 0.284949 0.355894 0.036760 0.061772
0 0.214444 0.315576 0.068503 0.104907
0 0.295261 0.310050 0.035239 0.051208
0 0.345192 0.366904 0.064586 0.092872
0 0.389687 0.349404 0.051125 0.097480
0 0.480839 0.392999 0.060038 0.084613
0 0.513298 0.352214 0.051526 0.071249
0 0.284278 0.475888 0.049388 0.060435
0 0.404581 0.839415 0.076023 0.113587
0 0.476360 0.868443 0.063295 0.100292
0 0.529760 0.859821 0.057050 0.094137
0 0.483988 0.789421 0.062418 0.063691
0 0.527519 0.765328 0.048631 0.085589
0 0.556764 0.470626 0.067485 0.076387
0 0.588544 0.480440 0.050729 0.077453
0 0.604486 0.330550 0.048569 0.053633
0 0.630180 0.393864 0.043382 0.077352
0 0.601091 0.439372 0.077967 0.057054
0 0.692119 0.447481 0.042132 0.085775
0 0.689528 0.557044 0.031152 0.039245
0 0.668428 0.615193 0.057077 0.104861
0 0.621431 0.625768 0.057762 0.088627
0 0.709951 0.645373 0.037408 0.070483
0 0.738087 0.625402 0.036364 0.055277
0 0.666297 0.736772 0.049324 0.092788
0 0.690256 0.798191 0.058705 0.067654
0 0.764397 0.846609 0.047612 0.069752
0 0.685393 0.939442 0.079472 0.081681
0 0.910995 0.976116 0.056932 0.047767
0 0.943085 0.919191 0.038982 0.069840
0 0.937391 0.772170 0.055021 0.079224
0 0.892198 0.702118 0.049012 0.075589
0 0.785652 0.642195 0.052117 0.110970
0 0.830185 0.656586 0.042896 0.076317
0 0.762048 0.512381 0.046198 0.078839
0 0.801539 0.512452 0.046699 0.076957
0 0.109355 0.093956 0.048550 0.061533
0 0.849485 0.325583 0.042278 0.087464
0 0.867037 0.479597 0.039639 0.078385
0 0.864333 0.426261 0.041173 0.067075
0 0.893149 0.365403 0.048637 0.078082
0 0.987751 0.404871 0.024497 0.073615
0 0.952590 0.442786 0.041804 0.061362
0 0.969638 0.474933 0.038867 0.062704
0 0.984650 0.524625 0.030701 0.059366
0 0.977387 0.611790 0.044757 0.067832
0 0.846296 0.580585 0.047484 0.081481
0 0.872741 0.601789 0.038795 0.066722
0 0.928293 0.565487 0.044650 0.062048
