0 0.254060 0.311430 0.044368 0.081733
0 0.324865 0.305851 0.061192 0.098920
0 0.187270 0.309536 0.052726 0.103290
0 0.203031 0.296745 0.039490 0.079449
0 0.159509 0.317275 0.047407 0.098119
0 0.401014 0.285545 0.057568 0.066156
0 0.621552 0.298414 0.047930 0.118901
0 0.461506 0.257221 0.042296 0.070416
0 0.497283 0.272799 0.056583 0.057766
0 0.555541 0.288854 0.033696 0.105493
0 0.750917 0.299206 0.039518 0.122188
0 0.816836 0.301898 0.036063 0.095551
0 0.887123 0.279285 0.033426 0.093979
0 0.976077 0.282838 0.045090 0.064107
