0 0.208113 0.268657 0.058742 0.094755
0 0.433195 0.180998 0.066623 0.068603
0 0.499238 0.114483 0.052434 0.062359
0 0.502914 0.169800 0.063212 0.083521
0 0.558477 0.222033 0.045050 0.128312
0 0.535811 0.323049 0.056391 0.058094
0 0.443957 0.643521 0.060960 0.106098
0 0.591358 0.484065 0.056391 0.111633
0 0.583146 0.532232 0.043344 0.092378
0 0.637566 0.472250 0.036540 0.080545
0 0.667616 0.496806 0.042202 0.118475
0 0.845348 0.637604 0.060861 0.112940
0 0.873129 0.624864 0.034768 0.053866
0 0.971527 0.612740 0.056945 0.088058
0 0.902616 0.987291 0.066507 0.025417
0 0.602699 0.837169 0.058659 0.109292
0 0.636440 0.948135 0.034271 0.103730
0 0.701060 0.942536 0.041060 0.114927
