0 0.121273 0.141262 0.008554 0.014660
0 0.074545 0.120676 0.005596 0.014035
0 0.080919 0.119312 0.006116 0.009315
0 0.230941 0.527553 0.020490 0.048714
0 0.242721 0.517721 0.021436 0.049344
0 0.256736 0.522037 0.024703 0.049075
0 0.273431 0.514413 0.022446 0.042298
0 0.294026 0.513534 0.023033 0.048287
0 0.308959 0.507720 0.024272 0.033582
0 0.331636 0.502237 0.026999 0.049779
0 0.358989 0.501707 0.024714 0.045220
0 0.346003 0.399952 0.016660 0.018900
0 0.348840 0.357177 0.018387 0.029559
0 0.372021 0.393276 0.014299 0.020215
0 0.428431 0.439105 0.019220 0.034523
0 0.483954 0.511646 0.017321 0.035978
0 0.503846 0.480891 0.014738 0.036166
0 0.498532 0.515086 0.016190 0.034988
0 0.508610 0.511914 0.018751 0.038904
0 0.611278 0.664727 0.030577 0.050778
0 0.660124 0.703756 0.035398 0.046656
0 0.773626 0.811393 0.032449 0.052569
0 0.825856 0.814887 0.043326 0.064843
0 0.675911 0.562307 0.026924 0.043127
0 0.692707 0.559492 0.022184 0.042109
0 0.706409 0.559021 0.023543 0.043774
0 0.719392 0.558122 0.023293 0.033968
0 0.738785 0.562751 0.027230 0.043960
0 0.786931 0.551887 0.025748 0.039055
0 0.827103 0.578143 0.029165 0.034961
0 0.839707 0.595727 0.034767 0.053646
0 0.867774 0.590354 0.031531 0.056324
0 0.906364 0.606541 0.049114 0.064281
0 0.952759 0.625009 0.039090 0.062947
0 0.845083 0.552872 0.030982 0.056600
0 0.871316 0.541539 0.036095 0.058025
0 0.887403 0.545004 0.031707 0.054363
0 0.906096 0.541283 0.031605 0.061035
0 0.946211 0.536849 0.025894 0.047678
0 0.976025 0.526213 0.027865 0.050649
0 0.860456 0.309157 0.029151 0.035915
0 0.858381 0.292491 0.027097 0.041673
0 0.108419 0.947212 0.027202 0.056162
0 0.139997 0.937457 0.033927 0.055758
0 0.113233 0.989774 0.028216 0.020452
