0 0.035842 0.748125 0.071684 0.202391
0 0.096256 0.727297 0.055519 0.195437
0 0.177293 0.696312 0.027098 0.143906
0 0.334045 0.638422 0.029835 0.069797
0 0.361338 0.690516 0.033173 0.086031
0 0.410346 0.673156 0.042075 0.118438
0 0.475504 0.655797 0.052075 0.083703
0 0.510030 0.667656 0.034256 0.090062
0 0.735008 0.690531 0.043113 0.104547
0 0.772316 0.717156 0.064256 0.192531
0 0.787353 0.631484 0.020827 0.035062
0 0.831895 0.717750 0.069820 0.235375
0 0.886466 0.716016 0.112120 0.252734
0 0.967838 0.737719 0.064323 0.223219
0 0.930195 0.649141 0.035820 0.055328
