0 0.266637 0.011921 0.045297 0.023841
0 0.311493 0.011938 0.044360 0.023876
0 0.321137 0.031647 0.043545 0.047071
0 0.371404 0.013275 0.039424 0.026551
0 0.342937 0.043534 0.039601 0.051519
0 0.358796 0.058380 0.037546 0.052108
0 0.373379 0.093003 0.037044 0.042275
0 0.422895 0.009931 0.044621 0.019862
0 0.423248 0.051126 0.046086 0.045312
0 0.782420 0.099687 0.023761 0.045397
0 0.839429 0.087219 0.027719 0.042065
0 0.820201 0.112413 0.026023 0.054759
0 0.843497 0.116228 0.025723 0.051315
0 0.867205 0.111034 0.021207 0.045966
0 0.797378 0.167119 0.033234 0.048427
0 0.827880 0.171475 0.030933 0.048872
0 0.672656 0.174081 0.052845 0.054528
