0 0.395573 0.317130 0.049479 0.045370
0 0.694792 0.960185 0.009375 0.050000
0 0.407552 0.900000 0.008854 0.042593
0 0.552344 0.722222 0.006771 0.035185
0 0.533854 0.706944 0.004167 0.036111
0 0.517188 0.782407 0.007292 0.038889
0 0.511458 0.785648 0.007292 0.030556
0 0.544010 0.612963 0.005729 0.022222
0 0.535417 0.620370 0.005208 0.022222
0 0.466146 0.671296 0.007292 0.033333
0 0.421875 0.629630 0.006250 0.031481
0 0.417969 0.630556 0.005729 0.027778
0 0.519271 0.458333 0.005208 0.020370
0 0.506250 0.455093 0.004167 0.023148
0 0.425000 0.573148 0.005208 0.027778
0 0.419271 0.575926 0.006250 0.024074
0 0.436719 0.559259 0.006771 0.027778
0 0.449740 0.486111 0.003646 0.022222
0 0.357031 0.688889 0.006771 0.037037
0 0.341146 0.606019 0.006250 0.030556
0 0.294531 0.695370 0.009896 0.037037
0 0.280469 0.698148 0.007812 0.031481
0 0.275260 0.698148 0.008854 0.029630
0 0.169792 0.702315 0.007292 0.037963
0 0.063021 0.687037 0.005208 0.022222
0 0.066406 0.681019 0.005729 0.026852
0 0.255729 0.570833 0.005208 0.028704
0 0.490104 0.197222 0.017708 0.024074
0 0.495573 0.245833 0.001563 0.010185
0 0.501563 0.257870 0.002083 0.010185
0 0.498698 0.256481 0.002604 0.011111
0 0.491146 0.325926 0.002083 0.014815
0 0.491927 0.324074 0.002604 0.011111
0 0.478646 0.244907 0.012500 0.025000
0 0.475521 0.271759 0.003125 0.010185
0 0.473698 0.287500 0.002604 0.012037
0 0.475781 0.318519 0.002604 0.007407
0 0.469531 0.326852 0.002604 0.011111
0 0.471094 0.319907 0.002604 0.013889
0 0.468229 0.319907 0.003125 0.010185
0 0.466406 0.320370 0.002604 0.014815
