0 0.462760 0.332870 0.084896 0.321296
0 0.030990 0.987037 0.015104 0.025926
0 0.155469 0.954167 0.014063 0.045370
0 0.012240 0.898611 0.011979 0.043519
0 0.037500 0.898611 0.012500 0.041667
0 0.079167 0.776852 0.008333 0.038889
0 0.140885 0.686111 0.007812 0.033333
0 0.150260 0.682870 0.006771 0.034259
0 0.194271 0.694907 0.007292 0.028704
0 0.125000 0.658796 0.008333 0.032407
0 0.011198 0.683333 0.009896 0.018519
0 0.015365 0.670833 0.009896 0.019444
0 0.039583 0.596759 0.006250 0.028704
0 0.111979 0.601389 0.006250 0.028704
0 0.135156 0.602778 0.005729 0.024074
0 0.151562 0.576852 0.005208 0.018519
0 0.058594 0.565741 0.006771 0.022222
0 0.197917 0.537963 0.004167 0.020370
0 0.113802 0.551852 0.003646 0.020370
0 0.067187 0.910185 0.009375 0.037037
0 0.082292 0.863889 0.010417 0.038889
0 0.072396 0.860185 0.005208 0.027778
0 0.084635 0.743519 0.007812 0.038889
0 0.048177 0.756019 0.011979 0.039815
0 0.160677 0.925000 0.006771 0.027778
0 0.169271 0.916204 0.008333 0.045370
0 0.018229 0.646759 0.007292 0.021296
0 0.093490 0.702778 0.005729 0.033333
0 0.092448 0.648611 0.050521 0.062037
0 0.073958 0.609722 0.005208 0.013889
0 0.074479 0.603241 0.006250 0.025000
0 0.076042 0.579630 0.008333 0.025926
0 0.130469 0.585648 0.005729 0.015741
0 0.139844 0.571759 0.005729 0.025000
0 0.220573 0.400463 0.089063 0.128704
0 0.257031 0.696759 0.006771 0.028704
0 0.184115 0.598148 0.007812 0.018519
0 0.190104 0.602315 0.006250 0.025000
0 0.140885 0.545833 0.006771 0.026852
0 0.065104 0.547685 0.008333 0.025000
0 0.069271 0.550463 0.004167 0.019444
0 0.068750 0.541204 0.005208 0.019444
0 0.064062 0.547222 0.005208 0.018519
0 0.112500 0.531019 0.006250 0.017593
0 0.113542 0.521296 0.005208 0.020370
0 0.178906 0.549537 0.006771 0.023148
0 0.259375 0.540278 0.007292 0.023148
0 0.391146 0.563889 0.007292 0.025926
0 0.401302 0.630093 0.005729 0.026852
0 0.406771 0.632407 0.004167 0.024074
0 0.273438 0.539815 0.007292 0.020370
0 0.025521 0.899537 0.007292 0.037963
