0 0.195221 0.248366 0.037500 0.028758
0 0.038971 0.660784 0.076471 0.142484
0 0.184926 0.436601 0.030147 0.031373
0 0.154779 0.501307 0.052206 0.077124
0 0.109559 0.574510 0.063235 0.069281
0 0.103309 0.514379 0.012500 0.050980
0 0.091912 0.512418 0.010294 0.049673
0 0.155147 0.448366 0.010294 0.033987
0 0.351103 0.256863 0.003676 0.014379
0 0.350735 0.251634 0.004412 0.019608
0 0.356985 0.255556 0.003676 0.014379
0 0.392647 0.265359 0.002941 0.018301
0 0.483824 0.305882 0.004412 0.013072
0 0.688971 0.427451 0.005882 0.039216
0 0.695956 0.426144 0.008088 0.039216
0 0.691912 0.404575 0.007353 0.030065
0 0.753676 0.588889 0.011765 0.069281
0 0.765441 0.600000 0.013235 0.062745
0 0.977206 0.692157 0.020588 0.084967
0 0.952574 0.822876 0.021324 0.090196
0 0.978676 0.798039 0.019118 0.079739
