0 0.031250 0.463399 0.022794 0.061438
0 0.063235 0.368627 0.014706 0.057516
0 0.138971 0.432680 0.016176 0.039216
0 0.122059 0.110458 0.016176 0.035294
0 0.131985 0.101961 0.012500 0.039216
0 0.806985 0.931373 0.016912 0.064052
0 0.812868 0.881699 0.025735 0.092810
0 0.773162 0.856863 0.019853 0.082353
0 0.644118 0.837908 0.027941 0.096732
0 0.813971 0.660131 0.020588 0.086275
0 0.711029 0.513072 0.019118 0.074510
0 0.158088 0.277124 0.014706 0.049673
0 0.149265 0.279085 0.010294 0.037908
0 0.259926 0.027451 0.047794 0.054902
0 0.365441 0.049020 0.007353 0.027451
0 0.473162 0.129412 0.006618 0.033987
0 0.486029 0.127451 0.007353 0.037908
0 0.491912 0.120261 0.007353 0.036601
0 0.452206 0.043137 0.091176 0.086275
0 0.531618 0.158824 0.008824 0.032680
0 0.540809 0.167974 0.008088 0.024837
