0 0.481771 0.787963 0.011458 0.031481
0 0.456250 0.787037 0.008333 0.033333
0 0.584375 0.792593 0.008333 0.033333
0 0.597396 0.810185 0.007292 0.031481
0 0.586458 0.832407 0.008333 0.031481
0 0.582812 0.858333 0.007292 0.035185
0 0.619271 0.821296 0.015625 0.053704
0 0.625000 0.867593 0.008333 0.035185
0 0.486458 0.480556 0.006250 0.012963
0 0.490625 0.308333 0.070833 0.079630
0 0.545312 0.353704 0.009375 0.033333
0 0.542708 0.387963 0.016667 0.024074
0 0.563542 0.520370 0.010417 0.022222
0 0.554688 0.518519 0.005208 0.018519
0 0.512500 0.368519 0.004167 0.011111
0 0.516146 0.382407 0.003125 0.012963
0 0.511458 0.400000 0.004167 0.011111
0 0.501042 0.415741 0.004167 0.012963
0 0.504687 0.352778 0.005208 0.009259
0 0.319792 0.915741 0.010417 0.035185
0 0.285938 0.908333 0.009375 0.035185
0 0.429167 0.475926 0.004167 0.014815
0 0.441667 0.473148 0.012500 0.020370
0 0.454688 0.467593 0.005208 0.016667
0 0.457292 0.438889 0.006250 0.018519
0 0.426563 0.462037 0.003125 0.016667
0 0.140625 0.925000 0.010417 0.035185
0 0.122396 0.923148 0.011458 0.027778
0 0.122396 0.957407 0.011458 0.040741
