0 0.069792 0.321296 0.008333 0.031481
0 0.333854 0.298148 0.026042 0.048148
0 0.317708 0.292593 0.002083 0.022222
0 0.439583 0.300926 0.004167 0.024074
0 0.311458 0.250000 0.004167 0.022222
0 0.319271 0.247222 0.005208 0.020370
0 0.377083 0.251852 0.006250 0.018519
0 0.455729 0.126852 0.011458 0.012963
0 0.456771 0.140741 0.011458 0.011111
0 0.441667 0.129630 0.008333 0.025926
0 0.430208 0.139815 0.010417 0.012963
0 0.469792 0.163889 0.012500 0.009259
0 0.420833 0.174074 0.010417 0.025926
0 0.460417 0.152778 0.004167 0.005556
