0 0.355729 0.789815 0.021875 0.112963
0 0.381250 0.649074 0.018750 0.101852
0 0.244271 0.841667 0.034375 0.124074
0 0.193750 0.838889 0.031250 0.085185
0 0.205208 0.967593 0.022917 0.064815
0 0.180208 0.965741 0.027083 0.068519
0 0.154688 0.924074 0.034375 0.114815
0 0.111458 0.964815 0.037500 0.070370
0 0.284375 0.583333 0.022917 0.066667
0 0.303125 0.554630 0.022917 0.087037
0 0.286458 0.519444 0.014583 0.075926
0 0.290104 0.506481 0.021875 0.087037
0 0.405729 0.436111 0.015625 0.068519
0 0.394271 0.420370 0.013542 0.066667
0 0.407292 0.411111 0.014583 0.059259
0 0.398958 0.400926 0.012500 0.072222
0 0.410417 0.352778 0.012500 0.061111
0 0.447396 0.339815 0.015625 0.057407
0 0.339583 0.435185 0.014583 0.059259
0 0.323437 0.425000 0.013542 0.068519
0 0.344271 0.384259 0.019792 0.053704
0 0.390625 0.318519 0.012500 0.048148
0 0.653646 0.499074 0.028125 0.083333
0 0.629167 0.504630 0.016667 0.072222
0 0.647917 0.483333 0.010417 0.070370
0 0.630729 0.475926 0.015625 0.074074
0 0.651042 0.337037 0.006250 0.029630
0 0.651563 0.314815 0.011458 0.051852
0 0.582812 0.325000 0.011458 0.046296
0 0.590104 0.282407 0.011458 0.046296
0 0.453125 0.206481 0.008333 0.035185
0 0.449479 0.143519 0.005208 0.027778
0 0.488021 0.024074 0.076042 0.048148
