0 0.157812 0.435185 0.011458 0.044444
0 0.280729 0.572222 0.013542 0.051852
0 0.245833 0.515741 0.014583 0.042593
0 0.312500 0.341667 0.008333 0.027778
0 0.299479 0.319444 0.007292 0.020370
0 0.313021 0.322222 0.007292 0.025926
0 0.320312 0.302778 0.007292 0.020370
0 0.302083 0.301852 0.006250 0.025926
0 0.443229 0.470370 0.009375 0.037037
0 0.451042 0.437963 0.010417 0.035185
0 0.458333 0.401852 0.010417 0.025926
0 0.446875 0.374074 0.010417 0.025926
0 0.478125 0.372222 0.012500 0.029630
0 0.471354 0.364815 0.007292 0.029630
0 0.465625 0.363889 0.006250 0.024074
0 0.504167 0.376852 0.008333 0.038889
0 0.595833 0.611111 0.016667 0.051852
0 0.639583 0.834259 0.020833 0.072222
0 0.553125 0.781481 0.020833 0.081481
0 0.657292 0.545370 0.018750 0.061111
0 0.731250 0.562963 0.012500 0.040741
0 0.416146 0.286111 0.007292 0.020370
0 0.400000 0.269444 0.006250 0.024074
0 0.354167 0.154630 0.006250 0.042593
0 0.340625 0.271296 0.006250 0.020370
0 0.614583 0.454630 0.031250 0.042593
0 0.645312 0.494444 0.032292 0.037037
0 0.710938 0.488889 0.015625 0.048148
0 0.687500 0.474074 0.022917 0.025926
0 0.665104 0.464815 0.009375 0.051852
0 0.704688 0.552778 0.015625 0.061111
0 0.425000 0.320370 0.006250 0.018519
0 0.425000 0.316667 0.008333 0.025926
0 0.338542 0.183333 0.016667 0.029630
0 0.380729 0.167593 0.015625 0.031481
0 0.613021 0.373148 0.030208 0.020370
