0 0.222059 0.578431 0.013235 0.053595
0 0.154044 0.569935 0.012500 0.054902
0 0.127206 0.557516 0.042647 0.064052
0 0.114706 0.478431 0.011765 0.039216
0 0.008456 0.960131 0.015441 0.071895
0 0.385294 0.246405 0.002941 0.019608
0 0.518382 0.084967 0.033824 0.057516
0 0.556250 0.113072 0.018382 0.037908
0 0.577574 0.153595 0.013971 0.040523
0 0.567647 0.157516 0.002941 0.014379
0 0.585662 0.188889 0.015441 0.024837
0 0.587868 0.211111 0.003676 0.016993
0 0.605147 0.234641 0.010294 0.040523
0 0.638235 0.317647 0.004412 0.026144
0 0.760294 0.447059 0.005882 0.036601
0 0.620956 0.526144 0.008088 0.045752
0 0.618015 0.518301 0.008088 0.043137
0 0.434926 0.306536 0.008088 0.027451
0 0.511765 0.206536 0.002941 0.018301
0 0.519853 0.125490 0.045588 0.015686
0 0.744485 0.400654 0.006618 0.035294
