0 0.356250 0.596732 0.019853 0.092810
0 0.376103 0.583660 0.019853 0.100654
0 0.461397 0.750980 0.024265 0.121569
0 0.514338 0.326144 0.018382 0.077124
0 0.540074 0.312418 0.018382 0.078431
0 0.583824 0.311765 0.014706 0.066667
0 0.450000 0.324183 0.016176 0.067974
0 0.597794 0.328758 0.014706 0.066667
0 0.610662 0.276471 0.012500 0.043137
0 0.658824 0.250327 0.013235 0.050980
0 0.883088 0.232026 0.014706 0.048366
0 0.893750 0.233987 0.015441 0.049673
0 0.056985 0.052941 0.008088 0.030065
0 0.147794 0.013725 0.004412 0.024837
0 0.153309 0.015033 0.005147 0.024837
0 0.347059 0.160131 0.010294 0.045752
0 0.329044 0.098039 0.009559 0.033987
0 0.280515 0.018954 0.008088 0.027451
