0 0.426563 0.035185 0.041667 0.066667
0 0.378646 0.077778 0.071875 0.083333
0 0.222135 0.265278 0.025521 0.043519
0 0.621354 0.513426 0.116667 0.091667
0 0.426302 0.305556 0.039062 0.079630
0 0.476823 0.092593 0.016146 0.105556
0 0.471354 0.189815 0.033333 0.094444
0 0.453646 0.260648 0.029167 0.067593
0 0.457552 0.950000 0.015104 0.057407
0 0.471615 0.945370 0.015104 0.066667
0 0.531250 0.868056 0.012500 0.060185
0 0.561979 0.874074 0.013542 0.064815
0 0.509115 0.768981 0.009896 0.058333
0 0.701562 0.858333 0.009375 0.064815
0 0.709635 0.956481 0.014063 0.070370
0 0.694531 0.940278 0.014063 0.062037
0 0.697135 0.975926 0.011979 0.048148
0 0.096354 0.333796 0.096875 0.065741
0 0.696094 0.424537 0.122396 0.086111
0 0.315625 0.825463 0.012500 0.050926
0 0.346354 0.725926 0.007292 0.035185
0 0.142708 0.604630 0.014583 0.038889
0 0.130729 0.625000 0.008333 0.042593
0 0.132292 0.613889 0.010417 0.040741
0 0.009896 0.379630 0.013542 0.031481
0 0.207292 0.412963 0.008333 0.033333
0 0.395833 0.765278 0.011458 0.060185
0 0.439583 0.793056 0.008333 0.058333
0 0.428125 0.726852 0.011458 0.059259
0 0.464844 0.704630 0.008854 0.044444
0 0.445833 0.759259 0.016667 0.055556
0 0.462500 0.771759 0.009375 0.060185
0 0.460156 0.755556 0.013021 0.057407
0 0.388281 0.668981 0.010937 0.050926
0 0.404167 0.666204 0.010417 0.050926
0 0.534635 0.574537 0.031771 0.039815
0 0.474740 0.558333 0.006771 0.022222
0 0.445312 0.555556 0.009375 0.038889
0 0.437760 0.555093 0.007812 0.041667
0 0.416146 0.544444 0.010417 0.038889
0 0.251042 0.482870 0.007292 0.028704
0 0.180729 0.292130 0.005208 0.026852
0 0.266927 0.223611 0.056771 0.025000
0 0.288542 0.193981 0.035417 0.052778
0 0.309635 0.171296 0.027604 0.072222
0 0.347135 0.153241 0.047396 0.073148
0 0.246094 0.246296 0.020313 0.024074
0 0.255729 0.274537 0.005208 0.028704
0 0.385937 0.228241 0.018750 0.045370
