0 0.558073 0.168981 0.046354 0.063889
0 0.087500 0.424537 0.004167 0.023148
0 0.145313 0.465278 0.075000 0.067593
0 0.115885 0.526852 0.067187 0.044444
0 0.156771 0.546296 0.005208 0.020370
0 0.182812 0.531019 0.005208 0.025000
0 0.171354 0.524074 0.003125 0.014815
0 0.167969 0.519444 0.005729 0.025926
0 0.206510 0.512500 0.004687 0.025000
0 0.198698 0.486111 0.004687 0.022222
0 0.059115 0.639352 0.005729 0.030556
0 0.236458 0.557407 0.005208 0.029630
0 0.240104 0.558333 0.004167 0.020370
0 0.052344 0.637963 0.005729 0.029630
0 0.039323 0.652315 0.008854 0.023148
0 0.008073 0.660648 0.006771 0.034259
0 0.019010 0.685185 0.006771 0.029630
0 0.009635 0.700463 0.005729 0.025000
0 0.258073 0.385185 0.003646 0.016667
0 0.252604 0.403241 0.003125 0.017593
0 0.272917 0.405556 0.004167 0.018519
0 0.267188 0.413426 0.005208 0.019444
0 0.188281 0.399074 0.003646 0.014815
0 0.271615 0.385185 0.002604 0.014815
0 0.263021 0.382407 0.002083 0.018519
0 0.282292 0.392130 0.003125 0.019444
0 0.289062 0.393981 0.002083 0.012037
0 0.292708 0.387963 0.002083 0.009259
0 0.280990 0.365741 0.002604 0.011111
0 0.309635 0.355093 0.004687 0.017593
0 0.319531 0.340741 0.002604 0.012963
0 0.300781 0.369907 0.002604 0.008333
0 0.301823 0.377778 0.005729 0.009259
0 0.298438 0.379167 0.003125 0.012037
0 0.298698 0.390741 0.005729 0.012963
0 0.304688 0.385185 0.004167 0.012963
0 0.307812 0.381944 0.005208 0.012037
0 0.310417 0.378241 0.005208 0.010185
0 0.315104 0.362037 0.005208 0.012963
0 0.307031 0.393981 0.003646 0.012037
0 0.310156 0.390278 0.003646 0.010185
0 0.311719 0.387037 0.002604 0.009259
0 0.315104 0.382870 0.006250 0.012037
0 0.319010 0.379630 0.003646 0.016667
0 0.349740 0.381019 0.030729 0.054630
0 0.330469 0.434722 0.004687 0.015741
0 0.319792 0.467130 0.004167 0.019444
0 0.331250 0.468519 0.004167 0.020370
0 0.324219 0.467593 0.004687 0.024074
0 0.350781 0.470370 0.004687 0.024074
0 0.355208 0.458333 0.004167 0.020370
0 0.363021 0.416204 0.003125 0.015741
0 0.368490 0.413889 0.004687 0.016667
0 0.372396 0.429630 0.004167 0.011111
0 0.375260 0.428704 0.003646 0.012963
0 0.379427 0.425000 0.003646 0.014815
0 0.378385 0.363426 0.002604 0.013889
0 0.382552 0.360648 0.003646 0.013889
0 0.372917 0.379630 0.004167 0.014815
0 0.353385 0.344907 0.003646 0.012037
0 0.359635 0.345370 0.002604 0.011111
0 0.363542 0.339815 0.002083 0.012963
0 0.369792 0.343056 0.002083 0.013889
0 0.372135 0.341667 0.002604 0.009259
0 0.387500 0.335648 0.002083 0.012037
0 0.389583 0.329630 0.002083 0.012963
0 0.395052 0.357870 0.004687 0.015741
0 0.392448 0.349074 0.004687 0.014815
0 0.544792 0.264815 0.007292 0.016667
0 0.527604 0.302778 0.003125 0.012963
0 0.524479 0.352778 0.003125 0.014815
0 0.522135 0.351852 0.003646 0.016667
0 0.518750 0.350000 0.003125 0.016667
0 0.515104 0.349074 0.003125 0.016667
0 0.458073 0.441204 0.004687 0.017593
0 0.450781 0.445370 0.002604 0.012963
0 0.466927 0.775926 0.006771 0.035185
0 0.427083 0.866204 0.006250 0.039815
