0 0.140625 0.412037 0.008333 0.035185
0 0.130729 0.454630 0.009375 0.038889
0 0.122917 0.496296 0.010417 0.044444
0 0.117188 0.505556 0.009375 0.029630
0 0.153125 0.504630 0.012500 0.042593
0 0.158333 0.541667 0.012500 0.046296
0 0.159896 0.591667 0.011458 0.050000
0 0.185417 0.725000 0.008333 0.038889
0 0.228646 0.921296 0.015625 0.079630
0 0.427083 0.762963 0.008333 0.059259
0 0.601042 0.810185 0.016667 0.068519
0 0.722396 0.748148 0.015625 0.066667
0 0.700521 0.754630 0.011458 0.042593
0 0.703125 0.712037 0.010417 0.053704
0 0.696354 0.697222 0.015625 0.053704
0 0.675521 0.717593 0.009375 0.031481
0 0.681771 0.654630 0.007292 0.035185
0 0.628646 0.652778 0.007292 0.035185
0 0.688021 0.532407 0.009375 0.046296
0 0.533854 0.655556 0.007292 0.040741
0 0.514062 0.687037 0.005208 0.037037
0 0.520833 0.672222 0.008333 0.051852
0 0.511458 0.667593 0.010417 0.053704
0 0.550521 0.595370 0.007292 0.027778
0 0.443229 0.536111 0.011458 0.046296
0 0.461979 0.564815 0.011458 0.048148
0 0.572917 0.562037 0.025000 0.050000
0 0.904167 0.681481 0.022917 0.051852
0 0.873958 0.563889 0.014583 0.050000
0 0.845313 0.562963 0.011458 0.051852
0 0.598437 0.389815 0.023958 0.020370
0 0.569792 0.428704 0.006250 0.038889
0 0.545312 0.453704 0.015625 0.044444
0 0.517188 0.440741 0.009375 0.037037
0 0.530729 0.532407 0.013542 0.046296
0 0.543750 0.532407 0.014583 0.046296
0 0.514062 0.492593 0.009375 0.044444
0 0.501563 0.512037 0.013542 0.035185
0 0.476042 0.511111 0.008333 0.040741
0 0.494792 0.461111 0.008333 0.040741
0 0.498958 0.498148 0.006250 0.033333
0 0.499479 0.482407 0.007292 0.031481
0 0.476042 0.493519 0.006250 0.038889
0 0.477083 0.473148 0.006250 0.035185
0 0.475521 0.423148 0.005208 0.020370
0 0.468750 0.412963 0.008333 0.037037
0 0.491667 0.266667 0.091667 0.100000
0 0.553646 0.346296 0.007292 0.029630
0 0.541667 0.297222 0.008333 0.027778
0 0.547396 0.300926 0.005208 0.020370
0 0.570833 0.281481 0.020833 0.088889
0 0.557292 0.226852 0.004167 0.020370
0 0.550521 0.227778 0.003125 0.018519
0 0.571354 0.205556 0.003125 0.018519
0 0.561979 0.161111 0.044792 0.048148
0 0.498437 0.178704 0.059375 0.031481
0 0.415625 0.165741 0.047917 0.027778
0 0.313542 0.179630 0.075000 0.051852
0 0.413542 0.095370 0.064583 0.031481
0 0.846875 0.515741 0.006250 0.031481
