0 0.195052 0.533333 0.008854 0.035185
0 0.244792 0.423148 0.032292 0.029630
0 0.181771 0.480556 0.008333 0.027778
0 0.189844 0.462963 0.007812 0.027778
0 0.792188 0.958796 0.019792 0.082407
0 0.717448 0.958796 0.127604 0.082407
0 0.506250 0.534722 0.008333 0.037963
0 0.476823 0.504167 0.006771 0.032407
0 0.486979 0.502778 0.005208 0.033333
0 0.379167 0.365741 0.081250 0.040741
0 0.208073 0.451852 0.004687 0.022222
0 0.328646 0.400926 0.018750 0.031481
0 0.341146 0.397222 0.003125 0.014815
0 0.282813 0.419907 0.002083 0.019444
0 0.285417 0.418519 0.003125 0.018519
0 0.291667 0.413889 0.003125 0.016667
0 0.672656 0.889352 0.064062 0.054630
0 0.467969 0.477778 0.003646 0.024074
0 0.478385 0.447685 0.004687 0.021296
0 0.471875 0.447685 0.004167 0.023148
0 0.121875 0.451389 0.006250 0.026852
0 0.138542 0.418981 0.008333 0.012037
0 0.138542 0.438889 0.004167 0.022222
0 0.147917 0.435185 0.005208 0.025926
0 0.152344 0.435648 0.003646 0.023148
0 0.173177 0.490741 0.005729 0.022222
0 0.181250 0.401389 0.025000 0.015741
0 0.284375 0.380093 0.062500 0.012037
0 0.123698 0.539815 0.022396 0.022222
0 0.080469 0.577315 0.009896 0.023148
0 0.440625 0.419907 0.004167 0.019444
0 0.446354 0.420370 0.004167 0.020370
0 0.446094 0.410185 0.003646 0.016667
0 0.426302 0.395370 0.021354 0.007407
0 0.462760 0.453241 0.009896 0.019444
0 0.463542 0.475926 0.005208 0.022222
