0 0.292279 0.677124 0.012500 0.060131
0 0.309926 0.685621 0.013971 0.053595
0 0.500735 0.721569 0.017647 0.073203
0 0.690074 0.666013 0.013971 0.061438
0 0.701103 0.624183 0.016912 0.058824
0 0.220956 0.435294 0.012500 0.054902
0 0.215809 0.435294 0.011029 0.047059
0 0.238603 0.432026 0.012500 0.040523
0 0.194485 0.352941 0.009559 0.039216
0 0.223162 0.307190 0.009559 0.031373
0 0.362868 0.416340 0.011029 0.050980
0 0.395221 0.392157 0.008088 0.052288
0 0.445221 0.400000 0.009559 0.047059
0 0.455515 0.405882 0.008088 0.043137
0 0.292279 0.395425 0.006618 0.030065
0 0.298529 0.396732 0.007353 0.037908
0 0.316912 0.403922 0.007353 0.041830
0 0.304412 0.363399 0.005882 0.039216
0 0.315809 0.367320 0.009559 0.044444
0 0.326103 0.375817 0.009559 0.043137
0 0.335294 0.373856 0.007353 0.047059
0 0.303676 0.350980 0.007353 0.043137
0 0.340074 0.404575 0.006618 0.045752
0 0.344485 0.401961 0.006618 0.045752
0 0.568750 0.093464 0.003676 0.022222
0 0.700000 0.233333 0.008824 0.035294
0 0.722059 0.106536 0.007353 0.024837
0 0.677941 0.058824 0.004412 0.020915
0 0.677574 0.046405 0.005147 0.016993
0 0.680147 0.048366 0.004412 0.020915
0 0.686765 0.043791 0.004412 0.019608
0 0.690074 0.043791 0.005147 0.022222
