0 0.535662 0.120915 0.050735 0.022222
0 0.487132 0.148366 0.025735 0.037908
0 0.285662 0.493464 0.006618 0.035294
0 0.969853 0.687582 0.016176 0.078431
0 0.993382 0.703922 0.010294 0.050980
0 0.975000 0.717647 0.005882 0.026144
0 0.424632 0.310458 0.003676 0.016993
0 0.019118 0.796078 0.011765 0.047059
0 0.630515 0.326797 0.005147 0.020915
0 0.636029 0.321569 0.004412 0.020915
0 0.563603 0.168627 0.033088 0.033987
0 0.583088 0.197386 0.027941 0.018301
0 0.453309 0.278431 0.003676 0.015686
0 0.455515 0.278431 0.005147 0.015686
0 0.418382 0.275163 0.004412 0.016993
0 0.425000 0.275817 0.004412 0.020915
0 0.392279 0.326797 0.006618 0.018301
0 0.915809 0.618301 0.009559 0.052288
0 0.879412 0.673856 0.014706 0.043137
