0 0.669271 0.089815 0.176042 0.035185
0 0.683854 0.125926 0.157292 0.048148
0 0.740104 0.142593 0.144792 0.051852
0 0.744271 0.172222 0.088542 0.044444
0 0.333854 0.047222 0.059375 0.064815
0 0.364063 0.068519 0.059375 0.044444
0 0.522396 0.144444 0.009375 0.014815
0 0.276042 0.322222 0.006250 0.025926
0 0.185417 0.404630 0.006250 0.027778
0 0.838021 0.298148 0.042708 0.040741
0 0.993750 0.437037 0.012500 0.033333
0 0.977083 0.425926 0.008333 0.029630
0 0.457292 0.093519 0.004167 0.012963
0 0.314063 0.108333 0.003125 0.012963
0 0.748437 0.329630 0.007292 0.029630
0 0.684896 0.310185 0.005208 0.024074
0 0.575000 0.191667 0.004167 0.020370
0 0.578125 0.190741 0.002083 0.014815
0 0.367708 0.155556 0.018750 0.018519
0 0.535417 0.363889 0.004167 0.027778
0 0.420312 0.136111 0.017708 0.016667
0 0.481250 0.112037 0.006250 0.012963
0 0.432292 0.158333 0.006250 0.012963
