0 0.488603 0.109804 0.071324 0.078431
0 0.570221 0.184967 0.074265 0.069281
0 0.411029 0.159477 0.039706 0.052288
0 0.710662 0.547712 0.011029 0.060131
0 0.686029 0.405882 0.011765 0.043137
0 0.729412 0.241176 0.075000 0.050980
0 0.799265 0.362092 0.004412 0.020915
0 0.805147 0.356209 0.005882 0.035294
0 0.606618 0.303922 0.004412 0.024837
0 0.615074 0.267974 0.005147 0.026144
0 0.611765 0.266013 0.004412 0.019608
0 0.603309 0.272549 0.006618 0.022222
0 0.585662 0.260784 0.015441 0.022222
0 0.596324 0.247712 0.016176 0.022222
0 0.597794 0.239216 0.002941 0.020915
0 0.590441 0.236601 0.002941 0.018301
0 0.619485 0.226144 0.016912 0.010458
0 0.234926 0.704575 0.013971 0.062745
0 0.474632 0.192157 0.008088 0.013072
0 0.154044 0.362092 0.006618 0.039216
0 0.148529 0.358824 0.004412 0.030065
0 0.096324 0.800000 0.025000 0.091503
0 0.306618 0.435294 0.005882 0.047059
0 0.211397 0.366013 0.011029 0.047059
0 0.220221 0.394771 0.008088 0.039216
