0 0.559191 0.729412 0.024265 0.099346
0 0.628309 0.747059 0.019853 0.092810
0 0.638971 0.730719 0.022059 0.094118
0 0.809191 0.697386 0.024265 0.077124
0 0.052574 0.730065 0.027206 0.100654
0 0.090441 0.673856 0.025000 0.095425
0 0.096691 0.500000 0.018382 0.069281
0 0.120221 0.494118 0.021324 0.067974
0 0.130515 0.397386 0.015441 0.060131
0 0.093015 0.386275 0.011029 0.058824
0 0.552206 0.474510 0.013235 0.067974
0 0.555882 0.296078 0.011765 0.053595
0 0.541176 0.298039 0.008824 0.039216
0 0.747059 0.637908 0.019118 0.073203
0 0.901838 0.422876 0.012500 0.064052
0 0.196691 0.303268 0.050735 0.057516
0 0.052941 0.103268 0.007353 0.033987
0 0.226471 0.088235 0.039706 0.040523
0 0.329412 0.012418 0.123529 0.024837
0 0.759926 0.120261 0.005147 0.033987
0 0.980515 0.024183 0.037500 0.024837
0 0.536765 0.028758 0.129412 0.041830
0 0.669118 0.067320 0.069118 0.045752
0 0.673897 0.030719 0.146324 0.048366
0 0.788971 0.020261 0.083824 0.037908
