0 0.431771 0.345833 0.186458 0.089815
0 0.261979 0.456019 0.035417 0.054630
0 0.230208 0.668519 0.010417 0.051852
0 0.246615 0.658333 0.013021 0.044444
0 0.316927 0.494907 0.005729 0.036111
0 0.324479 0.497222 0.007292 0.035185
0 0.754427 0.483796 0.054688 0.036111
0 0.866667 0.434722 0.035417 0.058333
0 0.523438 0.629167 0.007292 0.039815
0 0.516146 0.628704 0.010417 0.040741
0 0.505208 0.847222 0.186458 0.079630
0 0.341406 0.447685 0.003646 0.028704
0 0.346094 0.451389 0.003646 0.023148
0 0.337500 0.445833 0.005208 0.030556
0 0.344531 0.445370 0.004687 0.027778
0 0.483073 0.496759 0.026562 0.076852
0 0.465885 0.500463 0.005729 0.032407
0 0.430990 0.901852 0.041146 0.185185
