0 0.938603 0.283007 0.122794 0.111111
0 0.011765 0.549020 0.011765 0.036601
0 0.029044 0.544444 0.008088 0.035294
0 0.048529 0.537908 0.008824 0.037908
0 0.031618 0.518301 0.007353 0.030065
0 0.235662 0.426144 0.005147 0.026144
0 0.229412 0.427451 0.005882 0.026144
0 0.222059 0.428758 0.005882 0.026144
0 0.165809 0.503922 0.009559 0.032680
0 0.163235 0.358170 0.004412 0.018301
0 0.157353 0.358824 0.004412 0.016993
0 0.166176 0.356863 0.004412 0.018301
0 0.841544 0.364052 0.003676 0.016993
0 0.366912 0.389542 0.004412 0.023529
0 0.374265 0.396078 0.004412 0.020915
0 0.358824 0.358170 0.002941 0.018301
0 0.339706 0.271242 0.002941 0.011765
