0 0.466176 0.699346 0.014706 0.052288
0 0.543750 0.742484 0.011029 0.047059
0 0.506985 0.696732 0.008088 0.044444
0 0.515809 0.669281 0.009559 0.041830
0 0.079779 0.251634 0.006618 0.027451
0 0.092647 0.186275 0.005882 0.022222
0 0.496691 0.132680 0.003676 0.014379
0 0.056250 0.249673 0.006618 0.023529
0 0.003676 0.266667 0.005882 0.026144
0 0.014706 0.254248 0.005882 0.022222
0 0.074265 0.162745 0.007353 0.019608
0 0.094853 0.162092 0.005882 0.020915
0 0.102574 0.157516 0.005147 0.022222
0 0.101103 0.166013 0.006618 0.028758
0 0.069118 0.388235 0.135294 0.227451
