0 0.385294 0.846405 0.016176 0.077124
0 0.033456 0.607843 0.018382 0.057516
0 0.329412 0.305882 0.005882 0.031373
0 0.338971 0.308497 0.008824 0.033987
0 0.346324 0.307190 0.007353 0.033987
0 0.354779 0.309804 0.006618 0.036601
0 0.386029 0.266667 0.007353 0.033987
0 0.490074 0.124837 0.005147 0.024837
0 0.521691 0.061438 0.003676 0.015686
0 0.795221 0.567974 0.013971 0.043137
0 0.854779 0.419608 0.006618 0.028758
0 0.839706 0.406536 0.013235 0.044444
0 0.544485 0.262092 0.006618 0.024837
0 0.691912 0.103922 0.004412 0.019608
0 0.668015 0.077124 0.003676 0.018301
0 0.625000 0.062745 0.004412 0.015686
0 0.529412 0.018954 0.002941 0.009150
0 0.155882 0.551634 0.010294 0.047059
0 0.145588 0.548366 0.014706 0.056209
