0 0.634375 0.681019 0.006250 0.036111
0 0.325781 0.898148 0.009896 0.048148
0 0.415625 0.759722 0.008333 0.039815
0 0.404427 0.758333 0.007812 0.040741
0 0.394792 0.766667 0.008333 0.040741
0 0.429688 0.664352 0.007292 0.034259
0 0.102344 0.750926 0.011979 0.035185
0 0.307812 0.518056 0.004167 0.015741
0 0.314844 0.510648 0.004687 0.019444
0 0.318229 0.500926 0.006250 0.025926
0 0.347656 0.495370 0.008854 0.011111
0 0.537760 0.563889 0.006771 0.025926
0 0.442708 0.595370 0.005208 0.024074
0 0.439323 0.590741 0.004687 0.025926
0 0.433854 0.589815 0.005208 0.029630
0 0.441667 0.584722 0.004167 0.028704
0 0.467187 0.512500 0.005208 0.023148
0 0.487240 0.441667 0.004687 0.022222
0 0.495573 0.386111 0.003646 0.016667
0 0.522656 0.310648 0.002604 0.012037
0 0.538542 0.315278 0.002083 0.013889
0 0.528646 0.298611 0.003125 0.012037
0 0.533073 0.289352 0.002604 0.012037
0 0.570312 0.301852 0.010417 0.014815
0 0.572135 0.285185 0.008854 0.016667
0 0.566146 0.280093 0.002083 0.010185
0 0.532813 0.259259 0.002083 0.011111
0 0.566667 0.271759 0.002083 0.010185
0 0.567187 0.252778 0.003125 0.014815
0 0.572135 0.238889 0.003646 0.007407
0 0.539583 0.199537 0.008333 0.012037
0 0.575260 0.197222 0.001563 0.007407
0 0.576042 0.190741 0.001042 0.005556
0 0.541927 0.183333 0.007812 0.009259
