0 0.279167 0.745370 0.035417 0.064815
0 0.249219 0.812500 0.033854 0.052778
0 0.176042 0.894444 0.007292 0.037037
0 0.061719 0.945833 0.118229 0.104630
0 0.135417 0.897685 0.044792 0.056481
0 0.210938 0.887963 0.030208 0.040741
0 0.135937 0.956019 0.010417 0.039815
0 0.126823 0.956019 0.008854 0.037963
0 0.582552 0.452778 0.036979 0.038889
0 0.216927 0.254167 0.027604 0.026852
0 0.550521 0.448148 0.035417 0.020370
0 0.063281 0.369444 0.021354 0.018519
0 0.098958 0.358796 0.026042 0.012037
0 0.148177 0.362963 0.014063 0.014815
0 0.271875 0.803241 0.027083 0.034259
0 0.427344 0.356019 0.019271 0.023148
