0 0.481618 0.025490 0.047059 0.045752
0 0.130147 0.264706 0.073529 0.061438
0 0.050735 0.310458 0.064706 0.084967
0 0.184191 0.345752 0.013971 0.050980
0 0.211029 0.341176 0.014706 0.054902
0 0.259191 0.315033 0.009559 0.044444
0 0.239338 0.314379 0.009559 0.045752
0 0.960662 0.567974 0.019853 0.074510
0 0.930515 0.549020 0.027206 0.070588
0 0.873529 0.400000 0.016176 0.052288
0 0.780515 0.350980 0.013971 0.048366
0 0.156250 0.354902 0.013971 0.050980
0 0.023897 0.607843 0.034559 0.073203
0 0.180515 0.441176 0.018382 0.053595
0 0.223162 0.400654 0.018382 0.053595
0 0.334559 0.285621 0.007353 0.027451
0 0.168750 0.212418 0.021324 0.040523
0 0.197794 0.173203 0.030882 0.045752
0 0.245588 0.303922 0.008824 0.043137
0 0.244118 0.284314 0.007353 0.032680
0 0.240074 0.269935 0.005147 0.035294
0 0.236397 0.256209 0.009559 0.036601
0 0.229412 0.195425 0.007353 0.022222
0 0.764338 0.336601 0.011029 0.048366
0 0.759191 0.324837 0.011029 0.048366
0 0.776103 0.331373 0.009559 0.037908
0 0.909191 0.332680 0.011029 0.045752
0 0.905147 0.322222 0.007353 0.040523
0 0.788235 0.318954 0.007353 0.036601
0 0.303309 0.727451 0.028676 0.082353
