0 0.042708 0.495833 0.010417 0.041667
0 0.062500 0.478704 0.010417 0.027778
0 0.061979 0.513889 0.011458 0.042593
0 0.126302 0.537037 0.009896 0.048148
0 0.218750 0.627315 0.011458 0.071296
0 0.500521 0.617130 0.011458 0.060185
0 0.590885 0.512037 0.006771 0.038889
0 0.658594 0.432870 0.004687 0.025000
0 0.653646 0.433796 0.004167 0.023148
0 0.892708 0.786111 0.020833 0.087037
0 0.934635 0.562500 0.011979 0.049074
0 0.920573 0.544907 0.008854 0.045370
0 0.961198 0.521759 0.008854 0.045370
0 0.907292 0.484259 0.006250 0.035185
0 0.910417 0.508333 0.041667 0.064815
0 0.949740 0.538889 0.039062 0.053704
0 0.852604 0.441667 0.005208 0.027778
0 0.859896 0.443981 0.006250 0.030556
0 0.836458 0.426852 0.004167 0.025926
0 0.827083 0.426852 0.005208 0.025926
0 0.816927 0.427778 0.004687 0.024074
0 0.814583 0.413889 0.005208 0.022222
0 0.809635 0.412963 0.004687 0.022222
0 0.795833 0.406019 0.006250 0.021296
0 0.673698 0.393056 0.003646 0.021296
0 0.734375 0.346296 0.013542 0.014815
