0 0.939706 0.960131 0.019118 0.069281
0 0.878676 0.518954 0.011765 0.049673
0 0.904412 0.501307 0.007353 0.024837
0 0.902941 0.480392 0.011765 0.045752
0 0.865809 0.420261 0.006618 0.037908
0 0.871691 0.422222 0.006618 0.036601
0 0.718382 0.395425 0.007353 0.035294
0 0.668015 0.365359 0.006618 0.035294
0 0.654412 0.358824 0.005882 0.030065
0 0.661765 0.350980 0.007353 0.035294
0 0.116544 0.387582 0.011029 0.043137
0 0.123162 0.380392 0.009559 0.039216
0 0.138235 0.369281 0.008824 0.037908
0 0.161397 0.400654 0.006618 0.032680
0 0.331618 0.395425 0.008824 0.032680
0 0.323529 0.312418 0.007353 0.033987
0 0.141176 0.290850 0.007353 0.032680
0 0.502574 0.064052 0.068382 0.128105
0 0.430147 0.088235 0.045588 0.103268
0 0.286397 0.184314 0.009559 0.013072
0 0.369118 0.116993 0.052941 0.056209
0 0.564706 0.132680 0.029412 0.071895
