0 0.631618 0.181046 0.029412 0.019608
0 0.727941 0.089542 0.007353 0.037908
0 0.925368 0.015033 0.050735 0.027451
0 0.980882 0.121569 0.008824 0.039216
0 0.975000 0.094771 0.007353 0.032680
0 0.888235 0.135948 0.010294 0.033987
0 0.841176 0.110458 0.010294 0.032680
0 0.847794 0.284967 0.011765 0.049673
0 0.897059 0.290850 0.013235 0.045752
0 0.550368 0.833333 0.021324 0.098039
0 0.510662 0.894118 0.022794 0.088889
0 0.134559 0.243137 0.010294 0.049673
0 0.961765 0.349020 0.013235 0.054902
0 0.840074 0.109150 0.008088 0.030065
0 0.886029 0.057516 0.005882 0.028758
0 0.886765 0.060784 0.005882 0.024837
0 0.965074 0.091503 0.009559 0.031373
0 0.972426 0.080392 0.008088 0.027451
0 0.937500 0.166667 0.008824 0.037908
0 0.891912 0.031373 0.007353 0.028758
