0 0.663021 0.668056 0.005208 0.023148
0 0.712240 0.148611 0.079687 0.073148
0 0.648438 0.138889 0.038542 0.053704
0 0.611458 0.204167 0.059375 0.063889
0 0.579427 0.272685 0.045312 0.075000
0 0.728125 0.243981 0.003125 0.013889
0 0.736198 0.258333 0.002604 0.012963
0 0.670573 0.228704 0.002604 0.011111
0 0.668229 0.228704 0.002083 0.012963
0 0.540104 0.373611 0.034375 0.067593
0 0.343750 0.929630 0.119792 0.140741
0 0.438802 0.789815 0.290104 0.194444
0 0.402604 0.641204 0.033333 0.050926
0 0.539062 0.068056 0.064583 0.067593
0 0.593490 0.022685 0.043229 0.045370
0 0.449219 0.097685 0.033854 0.030556
0 0.194271 0.959722 0.006250 0.025000
