0 0.648698 0.269907 0.130729 0.076852
0 0.501042 0.246296 0.002083 0.009259
0 0.504427 0.268981 0.002604 0.010185
0 0.512760 0.320833 0.003646 0.013889
0 0.506771 0.344444 0.003125 0.014815
0 0.581250 0.539815 0.006250 0.027778
0 0.702604 0.871296 0.009375 0.050000
0 0.771875 0.766204 0.006250 0.045370
0 0.778385 0.772222 0.006771 0.044444
0 0.804167 0.793056 0.013542 0.047222
0 0.447135 0.749537 0.007812 0.039815
0 0.458854 0.710185 0.007292 0.042593
0 0.457292 0.856481 0.012500 0.055556
0 0.450521 0.859722 0.008333 0.037963
0 0.984375 0.756019 0.008333 0.036111
0 0.993490 0.750000 0.010937 0.044444
0 0.940885 0.971296 0.011979 0.053704
0 0.970052 0.311574 0.059896 0.065741
