0 0.009635 0.210185 0.008854 0.020370
0 0.065625 0.267593 0.006250 0.018519
0 0.111198 0.186574 0.019271 0.023148
0 0.140625 0.169444 0.013542 0.022222
0 0.141927 0.280556 0.006771 0.025926
0 0.154167 0.290741 0.006250 0.025926
0 0.167448 0.308796 0.006771 0.025000
0 0.162240 0.309722 0.003646 0.023148
0 0.205990 0.255556 0.003646 0.022222
0 0.209635 0.256019 0.004687 0.028704
0 0.213281 0.243981 0.004687 0.023148
0 0.219531 0.253241 0.005729 0.025000
0 0.227604 0.244907 0.005208 0.023148
0 0.199740 0.187500 0.016146 0.025000
0 0.217448 0.206481 0.008854 0.027778
0 0.260937 0.302778 0.007292 0.022222
0 0.254688 0.212963 0.004167 0.018519
0 0.262240 0.212037 0.005729 0.020370
0 0.270573 0.209722 0.005729 0.021296
0 0.255208 0.193981 0.004167 0.015741
0 0.280990 0.207870 0.004687 0.019444
0 0.304427 0.195833 0.015104 0.047222
0 0.216667 0.162500 0.006250 0.023148
0 0.225781 0.131481 0.009896 0.018519
0 0.290104 0.123611 0.025000 0.025000
0 0.244010 0.091204 0.019271 0.041667
0 0.284115 0.081481 0.008854 0.037037
0 0.252604 0.025000 0.026042 0.046296
0 0.278646 0.016667 0.020833 0.018519
0 0.369792 0.150926 0.003125 0.016667
0 0.383073 0.203704 0.004687 0.020370
0 0.378646 0.213426 0.004167 0.021296
0 0.370833 0.222685 0.007292 0.026852
0 0.458073 0.239815 0.088021 0.018519
0 0.387760 0.292130 0.005729 0.026852
0 0.416667 0.282870 0.004167 0.023148
0 0.451042 0.290278 0.004167 0.023148
0 0.447135 0.294907 0.003646 0.023148
0 0.409375 0.301389 0.005208 0.021296
0 0.401302 0.356019 0.016146 0.067593
0 0.372917 0.366204 0.009375 0.028704
0 0.445052 0.361574 0.004687 0.028704
0 0.440104 0.356481 0.005208 0.024074
0 0.434635 0.356944 0.005729 0.032407
0 0.432552 0.323611 0.004687 0.025000
0 0.463021 0.374537 0.031250 0.128704
0 0.490104 0.391667 0.020833 0.018519
0 0.521615 0.287963 0.011979 0.048148
0 0.392188 0.393981 0.006250 0.032407
0 0.374479 0.456944 0.007292 0.036111
0 0.354948 0.461111 0.005729 0.033333
0 0.422917 0.462963 0.017708 0.301852
0 0.426302 0.616204 0.010937 0.047222
0 0.446875 0.512500 0.007292 0.041667
0 0.471875 0.506019 0.026042 0.123148
0 0.465365 0.550463 0.008854 0.045370
0 0.444531 0.714815 0.006771 0.042593
0 0.451823 0.711574 0.006771 0.037963
0 0.406771 0.703704 0.008333 0.042593
0 0.429167 0.674537 0.023958 0.067593
0 0.571094 0.570370 0.008854 0.048148
0 0.526563 0.472685 0.023958 0.052778
0 0.539323 0.556019 0.029687 0.039815
0 0.553646 0.622685 0.036458 0.087963
0 0.348438 0.855093 0.012500 0.065741
0 0.294010 0.775000 0.010937 0.061111
0 0.035156 0.509722 0.010937 0.045370
0 0.004948 0.458796 0.007812 0.034259
0 0.011458 0.456019 0.008333 0.037963
0 0.028125 0.448148 0.019792 0.046296
