0 0.629167 0.121296 0.027083 0.038889
0 0.576042 0.173148 0.012500 0.024074
0 0.698958 0.162037 0.016667 0.046296
0 0.709896 0.066667 0.030208 0.025926
0 0.746875 0.032407 0.025000 0.024074
0 0.653646 0.230556 0.003125 0.016667
0 0.690104 0.297222 0.003125 0.024074
0 0.703646 0.303704 0.003125 0.018519
0 0.686979 0.395370 0.005208 0.020370
0 0.682813 0.400000 0.003125 0.014815
0 0.230729 0.322222 0.005208 0.029630
0 0.489583 0.170370 0.010417 0.018519
0 0.548438 0.129630 0.005208 0.011111
0 0.380208 0.259259 0.004167 0.022222
0 0.384896 0.260185 0.003125 0.016667
0 0.387500 0.257407 0.004167 0.022222
0 0.387500 0.386111 0.006250 0.024074
0 0.392188 0.387963 0.005208 0.024074
0 0.351562 0.508333 0.003125 0.020370
0 0.927604 0.804630 0.011458 0.046296
0 0.757292 0.467593 0.006250 0.027778
