0 0.158088 0.394118 0.051471 0.058824
0 0.175368 0.335948 0.061029 0.036601
0 0.257353 0.311111 0.005882 0.026144
0 0.252574 0.313072 0.005147 0.030065
0 0.370956 0.856863 0.015441 0.079739
0 0.447426 0.275163 0.005147 0.024837
0 0.446324 0.252941 0.004412 0.019608
0 0.448162 0.217647 0.003676 0.016993
0 0.449632 0.207843 0.003676 0.010458
0 0.484191 0.073203 0.033088 0.062745
0 0.467647 0.126144 0.011765 0.030065
0 0.458456 0.164706 0.009559 0.033987
0 0.486765 0.170588 0.002941 0.014379
0 0.492279 0.250980 0.003676 0.020915
0 0.479044 0.151634 0.002206 0.010458
0 0.477206 0.138562 0.002941 0.010458
0 0.504779 0.143791 0.012500 0.052288
0 0.545588 0.365359 0.005882 0.032680
0 0.554412 0.367974 0.005882 0.032680
0 0.596691 0.858824 0.015441 0.070588
0 0.833088 0.618301 0.014706 0.049673
0 0.852941 0.615033 0.010294 0.048366
0 0.752941 0.451634 0.022059 0.043137
0 0.677574 0.311765 0.006618 0.030065
0 0.658456 0.283660 0.003676 0.026144
0 0.655515 0.281046 0.005147 0.026144
