0 0.715074 0.790850 0.011029 0.062745
0 0.794118 0.869935 0.016176 0.061438
0 0.750000 0.849673 0.020588 0.060131
0 0.777941 0.858824 0.011765 0.054902
0 0.788235 0.141830 0.033824 0.027451
0 0.787132 0.051634 0.156618 0.056209
0 0.877941 0.094771 0.039706 0.024837
0 0.918382 0.106536 0.038235 0.016993
0 0.959559 0.134641 0.027941 0.020915
0 0.932353 0.126797 0.025000 0.018301
0 0.804779 0.084314 0.050735 0.006536
0 0.761029 0.092810 0.030882 0.013072
0 0.316912 0.141176 0.004412 0.023529
0 0.422426 0.143137 0.003676 0.022222
0 0.437868 0.137255 0.013971 0.018301
0 0.566544 0.141176 0.003676 0.020915
0 0.477206 0.028758 0.002941 0.015686
