0 0.357031 0.047685 0.043229 0.021296
0 0.478906 0.042593 0.016146 0.016667
0 0.487500 0.065278 0.025000 0.023148
0 0.499740 0.114352 0.013021 0.047222
0 0.519792 0.101852 0.009375 0.022222
0 0.526823 0.119444 0.009896 0.022222
0 0.411719 0.025463 0.003646 0.012037
0 0.393490 0.050926 0.015104 0.022222
0 0.382292 0.054630 0.006250 0.011111
0 0.441667 0.040278 0.010417 0.032407
0 0.429688 0.027778 0.004167 0.009259
0 0.433594 0.083333 0.018229 0.037037
0 0.417969 0.169907 0.014063 0.023148
0 0.891667 0.858333 0.015625 0.053704
0 0.861719 0.861574 0.016146 0.056481
0 0.945312 0.849537 0.015625 0.058333
0 0.308333 0.483796 0.029167 0.089815
0 0.414062 0.311111 0.006250 0.031481
0 0.386458 0.299537 0.005208 0.028704
0 0.384635 0.295833 0.004687 0.026852
0 0.451823 0.252315 0.005729 0.023148
0 0.436719 0.175926 0.004687 0.020370
0 0.443229 0.157407 0.006250 0.020370
0 0.432292 0.124537 0.003125 0.017593
0 0.431510 0.123148 0.003646 0.018519
0 0.450521 0.067130 0.004167 0.013889
0 0.549219 0.224074 0.006771 0.020370
0 0.722396 0.179167 0.095833 0.037963
0 0.665625 0.177778 0.026042 0.022222
0 0.602865 0.125926 0.036979 0.062963
0 0.353385 0.126852 0.046354 0.131481
