0 0.544531 0.200000 0.001563 0.007407
0 0.542188 0.200000 0.002083 0.007407
0 0.512240 0.237500 0.001563 0.008333
0 0.515365 0.239815 0.001563 0.007407
0 0.527083 0.252778 0.002083 0.007407
0 0.528906 0.259722 0.002604 0.010185
0 0.519271 0.253704 0.002083 0.009259
0 0.515365 0.245833 0.001563 0.008333
0 0.534635 0.280093 0.001563 0.012037
0 0.504948 0.279167 0.002604 0.010185
0 0.501563 0.277315 0.003125 0.012037
0 0.520573 0.307870 0.002604 0.010185
0 0.484115 0.348148 0.003646 0.016667
0 0.510417 0.407407 0.005208 0.018519
0 0.471875 0.385648 0.002083 0.015741
0 0.459115 0.448148 0.003646 0.014815
0 0.455729 0.451389 0.005208 0.015741
0 0.448698 0.453704 0.005729 0.020370
0 0.461458 0.470370 0.004167 0.024074
0 0.453906 0.469907 0.005729 0.021296
0 0.448958 0.471759 0.006250 0.023148
0 0.432812 0.559722 0.005208 0.025000
0 0.514062 0.829167 0.008333 0.045370
0 0.498177 0.668981 0.005729 0.034259
0 0.072917 0.969444 0.015625 0.033333
0 0.080990 0.948148 0.014063 0.025926
0 0.113281 0.930093 0.005729 0.017593
0 0.156771 0.812037 0.006250 0.025926
0 0.267969 0.881481 0.004687 0.025926
0 0.247135 0.525000 0.005729 0.027778
0 0.255469 0.548148 0.005729 0.027778
0 0.361458 0.435185 0.003125 0.012963
0 0.357292 0.405556 0.003125 0.020370
