0 0.279948 0.567130 0.004687 0.026852
0 0.348438 0.528704 0.009375 0.029630
0 0.328906 0.546296 0.009896 0.024074
0 0.295312 0.950000 0.007292 0.035185
0 0.289583 0.983333 0.011458 0.033333
0 0.280469 0.991667 0.007812 0.016667
0 0.559375 0.912037 0.014583 0.053704
0 0.584635 0.874074 0.025521 0.040741
0 0.393229 0.707407 0.008333 0.044444
0 0.403646 0.708333 0.008333 0.042593
0 0.547917 0.737037 0.007292 0.042593
0 0.561979 0.693981 0.006250 0.037963
0 0.570052 0.757870 0.030729 0.039815
0 0.517969 0.575000 0.004687 0.031481
0 0.529948 0.562963 0.005729 0.025926
0 0.427083 0.548148 0.004167 0.029630
0 0.522135 0.493981 0.005729 0.015741
0 0.528646 0.396296 0.011458 0.031481
0 0.540104 0.440741 0.004167 0.022222
0 0.548958 0.440741 0.003125 0.020370
0 0.533854 0.421759 0.004167 0.019444
0 0.547656 0.412500 0.003646 0.019444
0 0.554688 0.472685 0.014583 0.032407
0 0.588021 0.453704 0.013542 0.018519
0 0.526302 0.237500 0.053646 0.056481
0 0.494010 0.262500 0.009896 0.021296
0 0.480208 0.297685 0.009375 0.023148
0 0.512760 0.300000 0.002604 0.011111
0 0.497135 0.320833 0.005729 0.013889
0 0.486719 0.319444 0.001563 0.011111
0 0.520573 0.333333 0.002604 0.012963
0 0.540365 0.327778 0.003646 0.012963
0 0.556510 0.261574 0.013021 0.019444
0 0.557031 0.292593 0.006771 0.022222
0 0.547135 0.347685 0.003646 0.013889
0 0.528646 0.345833 0.003125 0.010185
0 0.522917 0.346296 0.003125 0.016667
0 0.539583 0.350463 0.007292 0.025000
0 0.588802 0.314815 0.007812 0.033333
