0 0.261979 0.087963 0.039583 0.025926
0 0.274479 0.121759 0.015625 0.037963
0 0.288281 0.128704 0.009896 0.014815
0 0.515625 0.182870 0.025000 0.045370
0 0.282292 0.361574 0.006250 0.026852
0 0.316146 0.137037 0.014583 0.014815
0 0.223438 0.174074 0.021875 0.033333
0 0.169531 0.159722 0.008854 0.021296
0 0.851042 0.326389 0.005208 0.023148
0 0.845052 0.323148 0.004687 0.012963
0 0.841146 0.318981 0.005208 0.013889
0 0.821354 0.284259 0.032292 0.024074
0 0.973177 0.374074 0.028646 0.027778
0 0.972135 0.355093 0.004687 0.023148
0 0.949219 0.353704 0.004687 0.024074
0 0.657031 0.213889 0.024479 0.016667
0 0.730729 0.244907 0.036458 0.028704
