0 0.499219 0.159722 0.051562 0.167593
0 0.487240 0.249074 0.075521 0.081481
0 0.571875 0.200926 0.051042 0.064815
0 0.641667 0.295833 0.047917 0.102778
0 0.646615 0.375000 0.041146 0.064815
0 0.538802 0.335648 0.024479 0.052778
0 0.717187 0.500463 0.004167 0.023148
0 0.702083 0.495833 0.007292 0.028704
0 0.693490 0.454630 0.005729 0.027778
0 0.711719 0.557870 0.024479 0.021296
0 0.679427 0.417593 0.006771 0.027778
0 0.672396 0.332870 0.006250 0.023148
0 0.565104 0.654167 0.008333 0.043519
0 0.558333 0.660185 0.008333 0.042593
0 0.442448 0.945370 0.017188 0.061111
0 0.318750 0.888889 0.011458 0.055556
0 0.257812 0.657407 0.006250 0.044444
0 0.263021 0.639352 0.006250 0.036111
0 0.268229 0.634722 0.007292 0.039815
0 0.273438 0.633333 0.006250 0.035185
0 0.292708 0.687963 0.007292 0.042593
0 0.653125 0.559259 0.023958 0.031481
0 0.528906 0.475926 0.006771 0.031481
0 0.537760 0.476852 0.004687 0.033333
0 0.552083 0.495833 0.006250 0.030556
0 0.450000 0.346296 0.004167 0.024074
