0 0.543229 0.188889 0.061458 0.103704
0 0.471875 0.187963 0.079167 0.124074
0 0.262500 0.769444 0.033333 0.075926
0 0.807813 0.857407 0.015625 0.062963
0 0.793750 0.784259 0.027083 0.098148
0 0.663021 0.679630 0.019792 0.088889
0 0.593229 0.637037 0.021875 0.062963
0 0.569271 0.574074 0.011458 0.059259
0 0.605729 0.562037 0.013542 0.068519
0 0.545312 0.570370 0.013542 0.062963
0 0.403646 0.495370 0.011458 0.050000
0 0.413542 0.473148 0.010417 0.053704
0 0.420312 0.511111 0.013542 0.051852
0 0.372917 0.482407 0.012500 0.042593
0 0.510938 0.292593 0.003125 0.022222
0 0.500000 0.291667 0.008333 0.024074
0 0.544792 0.293519 0.041667 0.031481
0 0.510938 0.275926 0.005208 0.022222
