0 0.271324 0.035948 0.022059 0.071895
0 0.845221 0.043791 0.216912 0.087582
0 0.143382 0.022222 0.027941 0.033987
0 0.273897 0.090196 0.009559 0.047059
0 0.282353 0.091503 0.008824 0.044444
0 0.220588 0.027451 0.008824 0.036601
0 0.213971 0.026797 0.008824 0.040523
0 0.206985 0.026144 0.008088 0.039216
0 0.181250 0.032680 0.008088 0.039216
0 0.181250 0.024837 0.006618 0.036601
0 0.189706 0.028105 0.008824 0.043137
0 0.195956 0.028758 0.009559 0.041830
0 0.447426 0.496078 0.021324 0.103268
0 0.455147 0.488235 0.025000 0.090196
0 0.855882 0.398039 0.022059 0.082353
0 0.904044 0.418301 0.027206 0.083660
0 0.727941 0.024837 0.010294 0.039216
0 0.710662 0.022222 0.012500 0.036601
0 0.677206 0.027451 0.007353 0.033987
0 0.684191 0.032680 0.006618 0.028758
0 0.689338 0.028105 0.008088 0.035294
