0 0.568571 0.257619 0.011429 0.023810
0 0.582857 0.272857 0.011429 0.012381
0 0.611071 0.315714 0.012143 0.014286
0 0.603929 0.299048 0.012143 0.013333
0 0.587143 0.285714 0.018571 0.009524
0 0.935357 0.548571 0.013571 0.036190
0 0.696786 0.494762 0.009286 0.027619
0 0.659286 0.487143 0.010000 0.023810
0 0.656429 0.495714 0.010000 0.023810
0 0.700357 0.541429 0.009286 0.031429
0 0.689286 0.541429 0.010000 0.033333
0 0.677143 0.530952 0.010000 0.029524
0 0.643214 0.507143 0.009286 0.029524
0 0.640357 0.487143 0.007857 0.021905
0 0.650000 0.472857 0.005714 0.027619
0 0.665714 0.468571 0.007143 0.024762
0 0.671071 0.479524 0.009286 0.023810
0 0.688571 0.500952 0.008571 0.028571
