0 0.350992 0.141929 0.006785 0.018553
0 0.354384 0.134972 0.005219 0.010204
0 0.359864 0.115955 0.004697 0.012987
0 0.405793 0.100649 0.003653 0.017625
0 0.409186 0.102968 0.004175 0.018553
0 0.388570 0.118738 0.012004 0.016698
0 0.378653 0.086271 0.003653 0.014842
0 0.379436 0.083024 0.004175 0.015770
0 0.397182 0.006957 0.003132 0.012059
0 0.413883 0.034787 0.007307 0.015770
0 0.531315 0.146568 0.003132 0.020408
0 0.533925 0.163265 0.004175 0.024119
0 0.633873 0.922078 0.009916 0.038961
0 0.622651 0.780612 0.011482 0.034323
0 0.627349 0.709647 0.010438 0.037106
0 0.900313 0.176716 0.005219 0.021336
0 0.892484 0.175788 0.005219 0.019481
0 0.881263 0.218460 0.003653 0.021336
0 0.866388 0.219388 0.005219 0.015770
0 0.871086 0.218460 0.005219 0.019481
0 0.650835 0.193878 0.006263 0.022263
0 0.649530 0.077922 0.004697 0.014842
0 0.623695 0.061688 0.021921 0.015770
