0 0.335000 0.677000 0.022000 0.031333
0 0.410250 0.967667 0.047500 0.064667
0 0.608000 0.260333 0.029000 0.022000
0 0.680750 0.867000 0.020500 0.027333
0 0.706750 0.432000 0.017500 0.070667
0 0.723000 0.607667 0.006000 0.019333
0 0.744250 0.129000 0.040500 0.068667
0 0.760500 0.177000 0.034000 0.027333
0 0.777500 0.210333 0.003000 0.006000
0 0.715250 0.289667 0.008500 0.044667
0 0.720250 0.244000 0.011500 0.078667
0 0.786000 0.180667 0.014000 0.033333
0 0.727500 0.358333 0.005000 0.012667
0 0.781250 0.231333 0.006500 0.008000
0 0.847750 0.370000 0.011500 0.012000
0 0.916750 0.463333 0.004500 0.013333
0 0.723500 0.323667 0.003000 0.010000
