0 0.052975 0.208256 0.021399 0.015770
0 0.158142 0.197588 0.005219 0.020408
0 0.151357 0.201299 0.006263 0.022263
0 0.235125 0.219852 0.026618 0.022263
0 0.288361 0.193414 0.005741 0.019481
0 0.293319 0.193878 0.005219 0.020408
0 0.266701 0.197588 0.035491 0.018553
0 0.314979 0.196660 0.007829 0.022263
0 0.331420 0.193878 0.006263 0.022263
0 0.551148 0.226345 0.005219 0.025974
0 0.663883 0.179035 0.005219 0.020408
0 0.673278 0.182282 0.004175 0.021336
0 0.688413 0.185993 0.005219 0.019481
0 0.714770 0.194805 0.004697 0.024119
0 0.778967 0.179035 0.004697 0.018553
0 0.649791 0.370594 0.009395 0.028757
0 0.621608 0.379406 0.008351 0.027829
0 0.576722 0.445733 0.007307 0.028757
0 0.545929 0.518089 0.007307 0.036178
0 0.678236 0.586271 0.008873 0.031540
0 0.689718 0.586271 0.007829 0.038961
0 0.706942 0.587662 0.010960 0.049165
0 0.581942 0.588126 0.008351 0.035250
0 0.632568 0.691558 0.008351 0.047310
0 0.639353 0.683673 0.009395 0.040816
0 0.570981 0.719852 0.011482 0.040816
0 0.629958 0.765306 0.012526 0.040816
0 0.528184 0.724026 0.012526 0.043599
0 0.517223 0.722171 0.012526 0.038033
0 0.421973 0.591837 0.008873 0.042672
0 0.420146 0.572356 0.011482 0.038961
0 0.443894 0.307514 0.004697 0.019481
0 0.445459 0.304731 0.005741 0.023191
