0 0.982500 0.558333 0.018000 0.039333
0 0.987000 0.474667 0.013000 0.036000
0 0.956000 0.456000 0.012000 0.029333
0 0.985250 0.660667 0.018500 0.045333
0 0.993500 0.679667 0.012000 0.040667
0 0.995250 0.475333 0.008500 0.033333
0 0.979500 0.439000 0.011000 0.028667
0 0.993750 0.400667 0.011500 0.025333
0 0.950500 0.363000 0.011000 0.027333
0 0.945500 0.357333 0.008000 0.021333
0 0.950750 0.352667 0.008500 0.024000
0 0.904000 0.345667 0.039000 0.022000
0 0.894250 0.360667 0.024500 0.006667
0 0.928000 0.352667 0.009000 0.024000
0 0.934250 0.341333 0.006500 0.018667
0 0.933000 0.346333 0.006000 0.018000
0 0.935500 0.352333 0.006000 0.015333
0 0.911250 0.365667 0.006500 0.018000
0 0.864500 0.346667 0.008000 0.020000
0 0.845250 0.340000 0.007500 0.021333
0 0.763250 0.330667 0.005500 0.022667
0 0.733750 0.325333 0.006500 0.020000
0 0.521000 0.375667 0.009000 0.022000
0 0.501750 0.378000 0.007500 0.017333
0 0.506750 0.379667 0.004500 0.018000
0 0.456500 0.353000 0.007000 0.020667
0 0.465750 0.344000 0.006500 0.021333
0 0.443250 0.344000 0.006500 0.020000
0 0.416500 0.333333 0.006000 0.020000
0 0.437750 0.245000 0.004500 0.015333
0 0.561500 0.281000 0.005000 0.018000
0 0.568000 0.279667 0.005000 0.018000
0 0.582750 0.254000 0.074500 0.024000
0 0.606500 0.269667 0.066000 0.004667
0 0.671750 0.356667 0.004500 0.018667
0 0.655000 0.326667 0.005000 0.021333
0 0.652750 0.322333 0.004500 0.022000
0 0.660250 0.319667 0.006500 0.019333
0 0.672250 0.322667 0.005500 0.018667
0 0.701000 0.307000 0.006000 0.022000
0 0.722750 0.315333 0.004500 0.020000
0 0.716250 0.290000 0.003500 0.018667
0 0.685000 0.300000 0.007000 0.014667
0 0.679250 0.302667 0.004500 0.017333
0 0.693750 0.299667 0.003500 0.016667
0 0.724250 0.267333 0.004500 0.016000
0 0.728000 0.258667 0.004000 0.014667
0 0.732500 0.257667 0.004000 0.014000
0 0.740000 0.252333 0.004000 0.012667
0 0.754000 0.240000 0.005000 0.014667
0 0.762750 0.241333 0.004500 0.014667
0 0.751250 0.257333 0.004500 0.014667
0 0.747750 0.259333 0.003500 0.016000
0 0.752500 0.263000 0.003000 0.014000
0 0.716500 0.252667 0.003000 0.014667
0 0.714000 0.252000 0.004000 0.014667
0 0.713250 0.247667 0.003500 0.015333
0 0.726500 0.252333 0.004000 0.014000
0 0.709000 0.295000 0.007000 0.019333
0 0.736750 0.262000 0.002500 0.009333
0 0.732750 0.264000 0.004500 0.014667
0 0.729250 0.271667 0.003500 0.016667
0 0.725750 0.272000 0.004500 0.017333
0 0.744000 0.259667 0.004000 0.016667
0 0.745250 0.246000 0.005500 0.018667
0 0.756750 0.242667 0.003500 0.013333
0 0.751000 0.247000 0.004000 0.014000
0 0.722000 0.258667 0.004000 0.016000
0 0.749250 0.265000 0.004500 0.014000
0 0.916000 0.328333 0.010000 0.008667
0 0.921000 0.317000 0.007000 0.020667
0 0.912250 0.300000 0.005500 0.017333
0 0.912500 0.270667 0.005000 0.014667
0 0.899500 0.265000 0.006000 0.015333
0 0.834000 0.252333 0.005000 0.015333
0 0.381250 0.148333 0.016500 0.015333
0 0.407250 0.144667 0.011500 0.014667
0 0.478000 0.137333 0.044000 0.006667
0 0.724500 0.190667 0.004000 0.012000
0 0.121250 0.727333 0.023500 0.025333
0 0.065000 0.758000 0.070000 0.024000
