0 0.353929 0.040952 0.006429 0.020952
0 0.232143 0.108571 0.007143 0.017143
0 0.231429 0.135238 0.007143 0.022857
0 0.195000 0.182381 0.008571 0.020000
0 0.247143 0.312857 0.011429 0.023810
0 0.208571 0.268571 0.008571 0.020952
0 0.034643 0.382381 0.010714 0.020000
0 0.022500 0.499048 0.010714 0.020952
0 0.277143 0.540000 0.012857 0.032381
0 0.259286 0.540000 0.011429 0.024762
0 0.521071 0.984286 0.009286 0.018095
0 0.550000 0.992857 0.008571 0.014286
0 0.515714 0.523333 0.007143 0.021905
0 0.488571 0.506190 0.007143 0.021905
0 0.606071 0.403333 0.007857 0.020000
0 0.601429 0.613333 0.010000 0.022857
