0 0.694286 0.114762 0.010000 0.018095
0 0.741429 0.167143 0.007143 0.042857
0 0.741429 0.077619 0.005714 0.048571
0 0.726786 0.075238 0.006429 0.013333
0 0.753571 0.056667 0.010000 0.014286
0 0.734643 0.068095 0.003571 0.012381
0 0.751786 0.086190 0.005000 0.014286
0 0.685000 0.128571 0.007143 0.011429
0 0.728929 0.179524 0.003571 0.010476
0 0.742143 0.375714 0.008571 0.021905
0 0.778214 0.391429 0.007857 0.020952
0 0.790000 0.440952 0.010000 0.020952
0 0.688214 0.342381 0.006429 0.020000
0 0.701786 0.326667 0.005000 0.019048
0 0.682143 0.334762 0.005714 0.018095
0 0.436786 0.322857 0.005000 0.020952
0 0.214643 0.560000 0.010714 0.032381
0 0.926429 0.436667 0.011429 0.025714
