0 0.792143 0.519524 0.024286 0.063810
0 0.655357 0.536190 0.020714 0.060952
0 0.601071 0.554762 0.019286 0.073333
0 0.332857 0.512381 0.021429 0.059048
0 0.412857 0.541905 0.022857 0.064762
0 0.415714 0.515714 0.022857 0.060000
0 0.226071 0.581429 0.032143 0.092381
0 0.267500 0.576190 0.026429 0.081905
0 0.497857 0.318095 0.005714 0.019048
0 0.417500 0.375714 0.009286 0.027619
0 0.425714 0.367619 0.008571 0.020952
0 0.430357 0.345238 0.007857 0.023810
0 0.508571 0.280000 0.004286 0.011429
0 0.513571 0.278571 0.004286 0.012381
