0 0.509286 0.870000 0.012857 0.018095
0 0.896786 0.681905 0.023571 0.019048
0 0.757143 0.571429 0.014286 0.015238
0 0.750714 0.563810 0.015714 0.017143
0 0.745714 0.550952 0.012857 0.016190
0 0.762143 0.550476 0.014286 0.017143
0 0.769286 0.561905 0.015714 0.015238
0 0.713571 0.484762 0.012857 0.020952
0 0.723214 0.487619 0.013571 0.022857
0 0.511071 0.220952 0.013571 0.024762
0 0.988214 0.497619 0.023571 0.021905
0 0.938214 0.402857 0.020714 0.020952
0 0.940714 0.360000 0.017143 0.020952
0 0.847143 0.316190 0.020000 0.022857
0 0.740714 0.245714 0.011429 0.022857
0 0.171429 0.411429 0.017143 0.022857
