0 0.549643 0.426667 0.016429 0.041905
0 0.610000 0.032381 0.012857 0.032381
0 0.565000 0.173333 0.014286 0.030476
0 0.536071 0.154762 0.013571 0.033333
0 0.530000 0.281429 0.017143 0.025714
0 0.484286 0.482381 0.015714 0.018095
0 0.582857 0.419524 0.015714 0.044762
0 0.485000 0.255238 0.017143 0.022857
0 0.488929 0.179524 0.012143 0.027619
0 0.435000 0.283333 0.012857 0.020000
0 0.074643 0.591905 0.033571 0.020000
0 0.123571 0.603810 0.028571 0.013333
0 0.255000 0.717143 0.024286 0.017143
0 0.308929 0.606190 0.017857 0.016190
0 0.214286 0.809048 0.024286 0.027619
0 0.415357 0.293333 0.009286 0.026667
0 0.460357 0.374286 0.012143 0.022857
0 0.483571 0.627143 0.022857 0.035238
0 0.497857 0.423810 0.014286 0.024762
0 0.491429 0.406667 0.012857 0.019048
0 0.472500 0.408095 0.015000 0.016190
0 0.358929 0.426190 0.016429 0.018095
0 0.288571 0.944762 0.038571 0.053333
0 0.796786 0.775714 0.027857 0.052381
0 0.868214 0.712857 0.029286 0.046667
0 0.968214 0.603810 0.030714 0.013333
0 0.906786 0.784286 0.026429 0.027619
0 0.913929 0.771429 0.022143 0.017143
0 0.958214 0.699524 0.026429 0.012381
