0 0.115344 0.161410 0.026096 0.066790
0 0.203027 0.151206 0.026096 0.068646
0 0.018006 0.623377 0.030793 0.051948
0 0.044624 0.637755 0.028706 0.036178
0 0.055846 0.598794 0.020877 0.045455
0 0.159186 0.503711 0.030271 0.072356
0 0.194937 0.584879 0.034969 0.075139
0 0.205637 0.541280 0.027140 0.069573
0 0.212683 0.496289 0.029749 0.074212
0 0.286795 0.534787 0.026618 0.069573
0 0.314979 0.465213 0.026618 0.064007
0 0.355167 0.557050 0.027662 0.065863
0 0.383351 0.591373 0.022443 0.064007
0 0.391962 0.497217 0.016701 0.074212
0 0.452244 0.416512 0.018267 0.064935
0 0.432672 0.365028 0.028184 0.067718
0 0.483299 0.490724 0.018789 0.072356
0 0.496086 0.604824 0.021399 0.066790
0 0.257829 0.758349 0.033403 0.080705
0 0.241388 0.942950 0.034969 0.062152
0 0.800104 0.955473 0.036534 0.072356
0 0.882307 0.264842 0.027662 0.069573
0 0.868998 0.228664 0.029228 0.065863
0 0.836900 0.193414 0.022443 0.060297
0 0.951983 0.275046 0.030271 0.062152
0 0.936587 0.217996 0.033925 0.057514
0 0.937630 0.201299 0.032881 0.055659
0 0.894833 0.036178 0.018267 0.051948
0 0.910230 0.030148 0.021921 0.052876
0 0.510438 0.142857 0.016701 0.077922
