0 0.209286 0.052665 0.002857 0.016497
0 0.349286 0.017766 0.022857 0.010152
0 0.346429 0.050761 0.005714 0.010152
0 0.307857 0.447970 0.002857 0.007614
0 0.307143 0.442259 0.002857 0.008883
0 0.162857 0.563452 0.004286 0.007614
0 0.165000 0.571066 0.004286 0.010152
0 0.170357 0.604695 0.003571 0.008883
0 0.155000 0.571066 0.005714 0.010152
0 0.181429 0.542513 0.001429 0.006345
0 0.172500 0.575508 0.005000 0.008883
0 0.187143 0.578680 0.004286 0.010152
0 0.154643 0.754442 0.003571 0.008883
0 0.411786 0.085660 0.002143 0.011421
