0 0.399269 0.608071 0.009395 0.043599
0 0.396399 0.602041 0.008873 0.038961
0 0.482255 0.696197 0.014614 0.038033
0 0.476253 0.678108 0.010960 0.033395
0 0.436587 0.480056 0.009916 0.038033
0 0.500261 0.423006 0.008873 0.031540
0 0.708768 0.788961 0.013570 0.051020
0 0.662578 0.563544 0.010960 0.023191
0 0.520877 0.299629 0.007307 0.025974
0 0.611169 0.341837 0.006263 0.023191
0 0.594990 0.224954 0.004175 0.023191
0 0.526879 0.193414 0.004697 0.019481
0 0.520616 0.192022 0.003653 0.018553
0 0.584029 0.185529 0.004175 0.016698
0 0.594729 0.150278 0.004697 0.018553
0 0.474687 0.185529 0.004697 0.018553
0 0.471555 0.153525 0.003653 0.013915
0 0.480428 0.148423 0.003653 0.016698
0 0.489301 0.179963 0.003653 0.016698
0 0.604123 0.119666 0.003653 0.011132
0 0.550626 0.101577 0.004175 0.010204
0 0.512526 0.088590 0.004175 0.013915
0 0.522182 0.038497 0.010960 0.036178
0 0.539927 0.059833 0.007829 0.010204
0 0.591858 0.073284 0.002088 0.011132
0 0.590553 0.068182 0.002610 0.010204
0 0.593685 0.070965 0.002610 0.012059
0 0.601514 0.069109 0.002610 0.013915
0 0.583507 0.051484 0.011482 0.043599
0 0.566806 0.003711 0.032359 0.007421
0 0.581942 0.019481 0.006263 0.012987
