0 0.476071 0.217005 0.007857 0.015228
0 0.489286 0.207487 0.012857 0.013959
0 0.498571 0.203680 0.010000 0.016497
0 0.511786 0.196701 0.010714 0.012690
0 0.522143 0.192893 0.008571 0.010152
0 0.530000 0.185279 0.007143 0.020305
0 0.535357 0.180203 0.005000 0.012690
0 0.539286 0.177665 0.004286 0.015228
0 0.552857 0.165609 0.010000 0.013959
0 0.600357 0.142132 0.005000 0.015228
0 0.611071 0.136421 0.010714 0.016497
0 0.777143 0.066624 0.002857 0.011421
0 0.583929 0.292513 0.003571 0.008883
0 0.847143 0.046320 0.011429 0.011421
0 0.740000 0.043147 0.010000 0.012690
