0 0.642500 0.597143 0.010714 0.024762
0 0.622857 0.594762 0.010000 0.029524
0 0.607143 0.568095 0.015714 0.025714
0 0.504286 0.300476 0.011429 0.023810
0 0.221071 0.210000 0.007857 0.020000
0 0.011071 0.520000 0.017857 0.032381
0 0.021429 0.504762 0.015714 0.028571
0 0.006786 0.505714 0.013571 0.028571
0 0.095714 0.164286 0.011429 0.016190
0 0.100714 0.159048 0.010000 0.019048
0 0.093571 0.154762 0.005714 0.014286
0 0.164643 0.097619 0.009286 0.020000
0 0.150714 0.120476 0.007143 0.020000
0 0.183929 0.123810 0.007857 0.019048
0 0.194286 0.119524 0.008571 0.020000
