0 0.472750 0.146333 0.054500 0.035333
0 0.403250 0.177667 0.017500 0.027333
0 0.481750 0.193000 0.023500 0.048667
0 0.433500 0.206667 0.009000 0.028000
0 0.442500 0.177667 0.015000 0.020667
0 0.580750 0.276333 0.029500 0.026000
0 0.373250 0.550000 0.003500 0.013333
0 0.389500 0.438667 0.004000 0.004000
0 0.377000 0.357333 0.008000 0.008000
0 0.492750 0.314333 0.003500 0.007333
0 0.464750 0.313000 0.003500 0.008667
0 0.500500 0.266333 0.011000 0.044667
0 0.493500 0.230667 0.013000 0.026667
0 0.400000 0.246000 0.014000 0.016000
0 0.393750 0.207667 0.020500 0.028667
0 0.457250 0.197333 0.019500 0.053333
0 0.233500 0.720667 0.049000 0.077333
0 0.276250 0.707000 0.005500 0.016667
