0 0.202143 0.617619 0.021429 0.058095
0 0.237143 0.582857 0.025714 0.057143
0 0.379643 0.518095 0.015000 0.055238
0 0.685714 0.210000 0.005714 0.025714
0 0.352143 0.133810 0.004286 0.016190
0 0.091071 0.520000 0.019286 0.049524
0 0.897500 0.405238 0.010714 0.039048
0 0.856786 0.378095 0.013571 0.040000
0 0.870000 0.263333 0.012857 0.033333
0 0.956786 0.282381 0.010714 0.033333
0 0.977857 0.311429 0.011429 0.028571
0 0.985714 0.262857 0.010000 0.030476
0 0.986429 0.296190 0.010000 0.030476
0 0.356429 0.621429 0.017143 0.061905
0 0.359286 0.632381 0.014286 0.049524
0 0.214286 0.301905 0.018571 0.053333
0 0.202500 0.444762 0.020714 0.051429
0 0.010000 0.577619 0.020000 0.046667
