0 0.726429 0.385714 0.020000 0.026667
0 0.823214 0.230476 0.053571 0.034286
0 0.936429 0.178095 0.014286 0.030476
0 0.342857 0.048571 0.017143 0.059048
0 0.340714 0.138571 0.030000 0.018095
0 0.296071 0.230476 0.006429 0.009524
0 0.338214 0.335714 0.007857 0.012381
0 0.326786 0.297619 0.020714 0.021905
0 0.349286 0.263333 0.001429 0.008571
0 0.330000 0.220000 0.001429 0.007619
0 0.384643 0.316667 0.009286 0.023810
0 0.475357 0.317143 0.002143 0.009524
0 0.478214 0.317619 0.002143 0.008571
0 0.482857 0.439048 0.002857 0.011429
0 0.502143 0.546667 0.011429 0.034286
0 0.585714 0.419048 0.008571 0.013333
0 0.618571 0.396667 0.007143 0.010476
0 0.198571 0.641429 0.025714 0.031429
0 0.336071 0.891905 0.015000 0.025714
0 0.166429 0.162381 0.042857 0.031429
0 0.158214 0.201905 0.037857 0.030476
0 0.731429 0.844286 0.021429 0.039048
0 0.323929 0.271905 0.003571 0.008571
0 0.336429 0.245714 0.002857 0.007619
0 0.203571 0.221905 0.002857 0.007619
0 0.203571 0.300000 0.004286 0.009524
