0 0.112000 0.335667 0.011000 0.027333
0 0.605750 0.290667 0.004500 0.016000
0 0.600000 0.308333 0.006000 0.023333
0 0.613500 0.303667 0.004000 0.014000
0 0.617500 0.313333 0.009000 0.022667
0 0.629250 0.299333 0.004500 0.018667
0 0.633250 0.312333 0.005500 0.022000
0 0.652000 0.275333 0.007000 0.022667
0 0.829500 0.197667 0.005000 0.014000
0 0.840500 0.190333 0.004000 0.014000
0 0.710750 0.279667 0.008500 0.022000
0 0.628000 0.370333 0.009000 0.031333
0 0.632750 0.378667 0.010500 0.029333
0 0.635500 0.380667 0.006000 0.018667
0 0.549500 0.442333 0.009000 0.028667
0 0.648500 0.434000 0.008000 0.018667
0 0.505000 0.486667 0.011000 0.037333
0 0.159250 0.435000 0.010500 0.039333
0 0.201000 0.929333 0.033000 0.070667
0 0.264750 0.863000 0.025500 0.062000
0 0.313000 0.889667 0.024000 0.059333
0 0.290500 0.944000 0.019000 0.048000
0 0.336500 0.494333 0.009000 0.032667
0 0.338750 0.490667 0.008500 0.038667
0 0.375750 0.489000 0.008500 0.031333
0 0.387250 0.480667 0.009500 0.034667
0 0.603000 0.516000 0.020000 0.038667
