0 0.029489 0.714750 0.020355 0.043599
0 0.083768 0.689239 0.032881 0.079777
0 0.432411 0.537106 0.016180 0.057514
0 0.455115 0.561688 0.015658 0.067718
0 0.458768 0.544527 0.015658 0.064935
0 0.491388 0.444341 0.017223 0.057514
0 0.453549 0.445269 0.015658 0.061224
0 0.491388 0.284787 0.010960 0.048237
0 0.504436 0.292672 0.017223 0.049165
0 0.683977 0.964750 0.018267 0.068646
0 0.490084 0.232375 0.009395 0.043599
0 0.604906 0.179963 0.013570 0.035250
0 0.520355 0.166976 0.008351 0.040816
0 0.546973 0.133581 0.007307 0.044527
0 0.553497 0.134045 0.006785 0.032468
0 0.555846 0.134508 0.005219 0.024119
0 0.558977 0.091373 0.006263 0.034323
0 0.555063 0.087199 0.005741 0.033395
0 0.646660 0.067254 0.008351 0.034323
0 0.605950 0.055195 0.004175 0.023191
0 0.602035 0.049629 0.005741 0.028757
