0 0.341786 0.160476 0.003571 0.010476
0 0.357143 0.189048 0.002857 0.012381
0 0.371786 0.356667 0.005000 0.014286
0 0.232857 0.282857 0.005714 0.015238
0 0.236786 0.273810 0.003571 0.012381
0 0.243929 0.264286 0.005000 0.012381
0 0.247143 0.259524 0.004286 0.012381
0 0.347857 0.187619 0.005714 0.013333
0 0.292857 0.029524 0.001429 0.005714
0 0.296429 0.107143 0.002857 0.010476
0 0.331071 0.111905 0.006429 0.014286
0 0.317857 0.088571 0.004286 0.009524
0 0.179643 0.249524 0.006429 0.015238
0 0.140357 0.277143 0.005000 0.015238
0 0.146071 0.269524 0.005000 0.017143
0 0.254643 0.014762 0.022143 0.029524
0 0.480357 0.564286 0.006429 0.018095
0 0.337857 0.033333 0.010000 0.047619
0 0.565000 0.375714 0.011429 0.020000
0 0.350714 0.676190 0.010000 0.026667
