0 0.322500 0.159667 0.009000 0.019333
0 0.511750 0.721000 0.011500 0.022000
0 0.582250 0.569333 0.009500 0.017333
0 0.582250 0.556667 0.009500 0.010667
0 0.800000 0.776000 0.015000 0.010667
0 0.945500 0.615000 0.023000 0.011333
0 0.858250 0.544000 0.020500 0.016000
0 0.974250 0.548000 0.020500 0.013333
0 0.989000 0.553333 0.018000 0.010667
0 0.922750 0.473333 0.014500 0.008000
0 0.924500 0.478000 0.018000 0.013333
0 0.686500 0.406000 0.011000 0.014667
0 0.686500 0.346667 0.011000 0.014667
0 0.660250 0.305667 0.008500 0.020667
0 0.682500 0.297333 0.012000 0.017333
0 0.668750 0.282000 0.010500 0.021333
0 0.539750 0.239000 0.006500 0.020667
0 0.613250 0.262000 0.009500 0.020000
0 0.543500 0.174000 0.008000 0.020000
0 0.548000 0.162333 0.008000 0.022000
0 0.597500 0.174000 0.007000 0.024000
0 0.460000 0.172333 0.008000 0.019333
0 0.827500 0.246000 0.014000 0.016000
0 0.867250 0.111667 0.005500 0.018000
0 0.983000 0.143000 0.020000 0.020667
0 0.984750 0.156667 0.018500 0.018667
0 0.993250 0.120000 0.013500 0.020000
