0 0.536000 0.353000 0.010000 0.004667
0 0.547000 0.355000 0.005000 0.012667
0 0.555000 0.356000 0.005000 0.010667
0 0.528750 0.348000 0.003500 0.014667
0 0.537750 0.343667 0.004500 0.004667
0 0.519000 0.347667 0.004000 0.012667
0 0.480750 0.353000 0.011500 0.010000
0 0.538250 0.794000 0.008500 0.036000
0 0.653000 0.636000 0.007000 0.028000
0 0.677500 0.651000 0.007000 0.030000
0 0.225000 0.482333 0.005000 0.015333
0 0.376250 0.479667 0.004500 0.016667
0 0.625250 0.382333 0.001500 0.006000
0 0.644750 0.392333 0.002500 0.007333
0 0.724000 0.404000 0.004000 0.009333
0 0.628000 0.425333 0.003000 0.012000
0 0.670000 0.429667 0.003000 0.008667
0 0.670250 0.425000 0.002500 0.008667
0 0.694500 0.436000 0.003000 0.010667
0 0.750750 0.444667 0.003500 0.013333
0 0.774000 0.463333 0.004000 0.014667
0 0.780500 0.463000 0.003000 0.012667
0 0.784750 0.462000 0.003500 0.012000
0 0.567750 0.350667 0.016500 0.013333
0 0.236500 0.451000 0.046000 0.034000
