0 0.026071 0.590476 0.052143 0.062857
0 0.107143 0.503810 0.048571 0.051429
0 0.765714 0.753333 0.011429 0.020952
0 0.768214 0.656190 0.009286 0.020952
0 0.664643 0.410952 0.006429 0.014286
0 0.565000 0.446190 0.005714 0.014286
0 0.584286 0.343810 0.004286 0.011429
0 0.616429 0.328571 0.014286 0.017143
0 0.648929 0.257619 0.029286 0.061905
0 0.622857 0.267143 0.004286 0.010476
0 0.568929 0.248571 0.003571 0.009524
0 0.588214 0.227619 0.005000 0.009524
0 0.453571 0.286667 0.071429 0.022857
0 0.508929 0.257143 0.003571 0.011429
0 0.524286 0.234762 0.002857 0.008571
0 0.426786 0.260476 0.030714 0.023810
0 0.571786 0.161429 0.117857 0.113333
