0 0.648214 0.161905 0.012143 0.024762
0 0.632500 0.191429 0.015000 0.032381
0 0.651071 0.204762 0.019286 0.007619
0 0.570714 0.248095 0.002857 0.010476
0 0.570357 0.239048 0.002143 0.009524
0 0.547857 0.297143 0.018571 0.013333
0 0.551429 0.271429 0.004286 0.007619
0 0.561429 0.259524 0.004286 0.006667
0 0.553929 0.282857 0.005000 0.007619
0 0.560714 0.284286 0.002857 0.008571
0 0.576786 0.256190 0.009286 0.007619
0 0.588571 0.235714 0.002857 0.006667
0 0.524286 0.334762 0.004286 0.010476
0 0.472500 0.969524 0.032143 0.038095
