0 0.353214 0.299048 0.007857 0.011429
0 0.272857 0.279048 0.008571 0.009524
0 0.351786 0.238571 0.005000 0.012381
0 0.575357 0.610476 0.012143 0.024762
0 0.091429 0.338571 0.005714 0.010476
0 0.203214 0.364762 0.005000 0.009524
0 0.105357 0.330000 0.005000 0.010476
0 0.076071 0.310476 0.010714 0.017143
0 0.111071 0.291429 0.015000 0.015238
0 0.050000 0.249048 0.018571 0.016190
0 0.022143 0.212857 0.007143 0.012381
0 0.230714 0.680952 0.004286 0.017143
0 0.152500 0.684286 0.005000 0.012381
0 0.192500 0.673333 0.007857 0.015238
0 0.802143 0.782857 0.005714 0.017143
0 0.820000 0.803810 0.007143 0.017143
0 0.881429 0.834762 0.011429 0.014286
0 0.313571 0.438095 0.005714 0.019048
0 0.073929 0.523810 0.022143 0.015238
