0 0.397500 0.083667 0.005000 0.015333
0 0.409500 0.080667 0.005000 0.017333
0 0.421000 0.098667 0.004000 0.016000
0 0.419000 0.088000 0.004000 0.014667
0 0.420250 0.086000 0.003500 0.017333
0 0.418000 0.087667 0.003000 0.016667
0 0.445750 0.085667 0.005500 0.018000
0 0.427250 0.103667 0.003500 0.015333
0 0.432250 0.109667 0.004500 0.018000
0 0.485250 0.080667 0.006500 0.018667
0 0.454750 0.119333 0.005500 0.021333
0 0.461250 0.126000 0.004500 0.013333
0 0.469750 0.122333 0.003500 0.019333
0 0.486500 0.115000 0.005000 0.019333
0 0.493000 0.115667 0.005000 0.022000
0 0.445750 0.166667 0.005500 0.022667
0 0.454250 0.168667 0.005500 0.020000
0 0.497250 0.182000 0.005500 0.024000
0 0.499500 0.176333 0.005000 0.022000
0 0.504500 0.182333 0.007000 0.022000
0 0.454750 0.225667 0.005500 0.023333
0 0.482750 0.261667 0.009500 0.027333
0 0.453500 0.220000 0.006000 0.021333
0 0.432750 0.388333 0.009500 0.032667
0 0.448750 0.387667 0.013500 0.028667
0 0.443250 0.480000 0.010500 0.037333
0 0.388250 0.750667 0.011500 0.034667
0 0.349750 0.790667 0.020500 0.037333
0 0.377500 0.825333 0.016000 0.034667
0 0.498750 0.148000 0.005500 0.020000
0 0.500500 0.157000 0.005000 0.020667
0 0.512750 0.220333 0.007500 0.023333
0 0.519500 0.202000 0.005000 0.021333
0 0.509250 0.191667 0.005500 0.020667
0 0.510000 0.190667 0.005000 0.021333
0 0.512250 0.258333 0.007500 0.027333
0 0.515250 0.249333 0.005500 0.022667
0 0.514250 0.288667 0.006500 0.022667
0 0.516750 0.307000 0.005500 0.026000
0 0.515000 0.383000 0.010000 0.030000
0 0.531750 0.803333 0.011500 0.033333
0 0.817500 0.579333 0.019000 0.036000
0 0.816750 0.796667 0.024500 0.036000
