0 0.646250 0.838000 0.014500 0.072000
0 0.667000 0.841000 0.019000 0.083333
0 0.339000 0.747000 0.028000 0.070000
0 0.546250 0.632000 0.016500 0.033333
0 0.529250 0.636333 0.008500 0.038000
0 0.439250 0.564000 0.006500 0.029333
0 0.542500 0.536667 0.005000 0.022667
0 0.534750 0.536333 0.005500 0.023333
0 0.536000 0.526000 0.005000 0.022667
0 0.524750 0.544333 0.006500 0.022000
0 0.497000 0.531000 0.009000 0.022000
0 0.540500 0.454000 0.003000 0.009333
0 0.533250 0.461667 0.002500 0.011333
0 0.546750 0.435667 0.030500 0.022000
0 0.550000 0.454000 0.010000 0.016000
0 0.532250 0.446667 0.011500 0.012000
