0 0.422500 0.174762 0.017857 0.037143
0 0.424643 0.200000 0.006429 0.017143
0 0.364286 0.201905 0.012857 0.032381
0 0.383929 0.286667 0.015000 0.022857
0 0.443571 0.266190 0.004286 0.006667
0 0.432857 0.209048 0.005714 0.010476
0 0.375357 0.262857 0.005000 0.009524
0 0.236071 0.662857 0.017857 0.019048
0 0.497500 0.677619 0.007857 0.025714
0 0.442857 0.350476 0.002857 0.007619
0 0.440000 0.352381 0.002857 0.011429
0 0.405714 0.160952 0.010000 0.026667
0 0.358571 0.440476 0.004286 0.008571
0 0.382500 0.439524 0.002143 0.010476
0 0.356786 0.425714 0.002143 0.009524
