0 0.281429 0.789048 0.011429 0.025714
0 0.293929 0.785714 0.007857 0.026667
0 0.307857 0.813810 0.010000 0.031429
0 0.316071 0.811429 0.012143 0.026667
0 0.319643 0.723333 0.007857 0.027619
0 0.327143 0.721905 0.008571 0.026667
0 0.335357 0.713333 0.010714 0.028571
0 0.298929 0.669524 0.007857 0.024762
0 0.307857 0.659524 0.008571 0.029524
0 0.282500 0.665714 0.012143 0.053333
0 0.294643 0.641905 0.012143 0.024762
0 0.462500 0.277619 0.010714 0.023810
0 0.463214 0.264762 0.009286 0.015238
0 0.436429 0.213333 0.028571 0.038095
0 0.429286 0.179048 0.022857 0.030476
0 0.425714 0.152857 0.020000 0.023810
0 0.568929 0.267143 0.010714 0.016190
0 0.979286 0.666190 0.012857 0.023810
0 0.383929 0.304762 0.023571 0.034286
0 0.393929 0.276667 0.015000 0.031429
