0 0.183929 0.531905 0.010714 0.023810
0 0.036786 0.820000 0.009286 0.019048
0 0.024286 0.820952 0.012857 0.022857
0 0.590714 0.699524 0.005714 0.021905
0 0.608214 0.700000 0.007857 0.019048
0 0.615357 0.756667 0.005000 0.018095
0 0.608571 0.760000 0.004286 0.015238
0 0.600714 0.697619 0.008571 0.021905
0 0.484643 0.424762 0.005000 0.015238
0 0.478571 0.420476 0.005714 0.020000
0 0.578214 0.310952 0.006429 0.020000
0 0.472143 0.354762 0.007143 0.020000
0 0.462500 0.356667 0.006429 0.018095
0 0.611071 0.150952 0.006429 0.018095
0 0.665357 0.181905 0.006429 0.019048
0 0.576429 0.251429 0.004286 0.020952
0 0.563929 0.220952 0.006429 0.022857
0 0.625357 0.488571 0.005000 0.022857
0 0.620357 0.488571 0.005000 0.022857
0 0.825714 0.234286 0.010000 0.020952
0 0.987143 0.191905 0.008571 0.016190
0 0.983571 0.189524 0.007143 0.019048
