0 0.070000 0.668333 0.019000 0.018000
0 0.123500 0.624667 0.012000 0.014667
0 0.111000 0.636667 0.019000 0.018667
0 0.101000 0.632333 0.013000 0.018000
0 0.094000 0.629333 0.012000 0.017333
0 0.072000 0.640333 0.015000 0.023333
0 0.065250 0.643333 0.014500 0.024000
0 0.072000 0.632000 0.011000 0.024000
0 0.143000 0.578667 0.017000 0.018667
0 0.202250 0.558000 0.012500 0.017333
0 0.201000 0.548333 0.007000 0.018000
0 0.192250 0.547333 0.011500 0.018667
0 0.231500 0.547667 0.011000 0.019333
0 0.268500 0.543000 0.012000 0.016667
0 0.286250 0.554667 0.010500 0.016000
0 0.303250 0.521667 0.010500 0.019333
0 0.339500 0.483667 0.010000 0.022000
0 0.343500 0.440333 0.009000 0.022000
0 0.339500 0.410000 0.010000 0.018667
0 0.356250 0.423000 0.008500 0.018000
0 0.350500 0.418333 0.007000 0.018000
0 0.382250 0.394667 0.006500 0.018667
0 0.391750 0.387333 0.006500 0.018667
0 0.364750 0.381667 0.008500 0.019333
0 0.420500 0.301333 0.147000 0.134667
0 0.223000 0.099000 0.010000 0.016667
0 0.505500 0.206000 0.006000 0.018667
0 0.508250 0.502667 0.008500 0.020000
0 0.523000 0.451333 0.006000 0.017333
0 0.549500 0.344667 0.006000 0.017333
0 0.729500 0.304333 0.166000 0.154000
0 0.565500 0.267667 0.006000 0.016667
0 0.599000 0.276667 0.006000 0.016000
0 0.567500 0.278333 0.006000 0.016667
0 0.574250 0.283000 0.006500 0.018000
0 0.578750 0.276667 0.005500 0.014667
0 0.636750 0.238000 0.006500 0.017333
0 0.644250 0.225000 0.005500 0.014000
0 0.646000 0.215333 0.009000 0.018667
0 0.645250 0.211333 0.005500 0.016000
0 0.664250 0.200667 0.004500 0.017333
0 0.603250 0.137333 0.006500 0.017333
0 0.656250 0.067000 0.065500 0.134000
