0 0.014614 0.630334 0.008351 0.021336
0 0.389875 0.509276 0.028184 0.092764
0 0.987996 0.987941 0.010438 0.022263
0 0.974687 0.953618 0.009916 0.035250
0 0.524791 0.387755 0.004697 0.016698
0 0.527662 0.362709 0.004175 0.014842
0 0.516701 0.374304 0.005219 0.017625
0 0.509916 0.367347 0.003132 0.014842
0 0.520094 0.363173 0.003653 0.013915
0 0.411534 0.184137 0.002610 0.008349
0 0.382568 0.158163 0.002088 0.008349
0 0.382307 0.157699 0.001566 0.005566
0 0.403967 0.156772 0.002088 0.007421
0 0.395355 0.148887 0.002610 0.008349
0 0.285230 0.033859 0.036013 0.052876
0 0.319415 0.057050 0.027140 0.039889
0 0.145355 0.045455 0.009916 0.012987
0 0.342641 0.089054 0.014092 0.027829
0 0.278706 0.128942 0.009395 0.022263
