0 0.152500 0.358571 0.025000 0.016190
0 0.314643 0.476190 0.016429 0.013333
0 0.236071 0.096667 0.016429 0.033333
0 0.221429 0.245238 0.021429 0.025714
0 0.251071 0.260000 0.016429 0.028571
0 0.271071 0.249048 0.016429 0.029524
0 0.270357 0.296190 0.013571 0.019048
0 0.263929 0.183333 0.016429 0.035238
0 0.301429 0.146190 0.015714 0.029524
0 0.263571 0.017143 0.022857 0.034286
0 0.218214 0.526190 0.019286 0.014286
0 0.178929 0.594762 0.017857 0.018095
0 0.249643 0.099048 0.017857 0.036190
0 0.288214 0.460476 0.019286 0.012381
0 0.292143 0.470476 0.008571 0.003810
0 0.083571 0.522381 0.027143 0.020000
0 0.196071 0.533810 0.016429 0.016190
0 0.222857 0.608095 0.020000 0.014286
0 0.202500 0.680476 0.020714 0.012381
0 0.118214 0.607143 0.030714 0.018095
0 0.186786 0.352381 0.023571 0.017143
0 0.205357 0.368095 0.020714 0.021905
0 0.150000 0.960476 0.027143 0.035238
0 0.126786 0.736190 0.033571 0.017143
0 0.294643 0.842381 0.016429 0.014286
0 0.282143 0.982381 0.037143 0.031429
0 0.273214 0.925714 0.045000 0.108571
0 0.765714 0.383333 0.021429 0.020000
0 0.898571 0.382381 0.024286 0.021905
0 0.985357 0.573333 0.026429 0.019048
0 0.890000 0.440952 0.018571 0.019048
0 0.805714 0.473333 0.025714 0.017143
0 0.793571 0.470476 0.014286 0.019048
