0 0.471071 0.950508 0.003571 0.010152
0 0.443571 0.987944 0.002857 0.011421
0 0.412500 0.907360 0.002143 0.012690
0 0.641786 0.823604 0.002143 0.012690
0 0.645000 0.831218 0.001429 0.012690
0 0.636786 0.830584 0.003571 0.006345
0 0.850357 0.555838 0.002143 0.010152
0 0.908214 0.550761 0.003571 0.010152
0 0.896786 0.538071 0.002143 0.007614
0 0.912143 0.535533 0.007143 0.012690
0 0.902500 0.534898 0.005000 0.006345
0 0.922857 0.531091 0.010000 0.013959
0 0.937857 0.529188 0.008571 0.015228
0 0.948571 0.526650 0.008571 0.017766
0 0.952500 0.539975 0.005000 0.008883
0 0.958929 0.524746 0.006429 0.016497
0 0.967857 0.521574 0.002857 0.015228
0 0.988214 0.513325 0.015000 0.008883
0 0.975714 0.515228 0.007143 0.007614
0 0.255000 0.396574 0.010000 0.013959
0 0.378214 0.338832 0.002143 0.005076
0 0.374286 0.362310 0.007143 0.008883
0 0.451429 0.023477 0.008571 0.011421
0 0.448571 0.038071 0.005714 0.007614
0 0.457143 0.039975 0.007143 0.013959
0 0.456786 0.059010 0.006429 0.019036
0 0.420357 0.206218 0.005000 0.008883
0 0.395000 0.295051 0.001429 0.006345
0 0.486429 0.217005 0.010000 0.010152
0 0.457143 0.078046 0.007143 0.008883
0 0.444643 0.078046 0.002143 0.003807
0 0.463571 0.081853 0.004286 0.006345
0 0.445714 0.092640 0.012857 0.015228
0 0.441071 0.105964 0.005000 0.011421
0 0.447143 0.107234 0.008571 0.013959
0 0.456429 0.090736 0.005714 0.011421
0 0.447143 0.122462 0.007143 0.008883
0 0.462500 0.111041 0.005000 0.006345
0 0.461429 0.120558 0.002857 0.007614
0 0.436786 0.130711 0.002143 0.007614
0 0.443214 0.192893 0.003571 0.015228
0 0.442143 0.177030 0.002857 0.003807
0 0.435357 0.181472 0.003571 0.015228
0 0.433571 0.196066 0.002857 0.008883
0 0.443571 0.134518 0.007143 0.010152
0 0.437500 0.141497 0.003571 0.011421
0 0.446429 0.142766 0.007143 0.011421
0 0.181786 0.522208 0.002143 0.006345
